[PARAMETERS]
DW=1E-007
TAU=4.5E-005
TD=4096
BS=4096
NS=512
NSC=512
FR=56.120000
GAIN=4.974204
D0=0.05
D1=4.5E-006
D2=1E-005
D3=2.5E-005
D4=1E-005
D5=5E-005
D6=0.001
D7=0.001
D8=0.001
D9=0.05
C0=1
SEGTD=0
SEGOFF=0
SEGNUM=0
[ADDITIONAL]
PPFILE=ZG_TWO_T2.PC
DATEWR=27.09.2024
TIMEWR=08:57:42
DATESTA=27.09.2024
TIMESTA=08:57:06
DATEEND=27.09.2024
TIMEEND=08:57:42
CURR_Z0=0
CURR_Z1=1
TE=-1
[VARIABLES]
_USER=Measurements
_EMAIL_F=7NMR.NMR-270-ijs.si
_ITC_H=1
_ITC_R0= 35.00
_ITC_R1= 35.00
_ITC_R2= 53.10
_ITC_R3=  0.00
_ITC_R4=  0.00
_ITC_V=  2.45
_ITC_X=X0A1C1S00H1
_FW=100
_ORIENT=?
_THETA=0
_TITLE=?
_DESCR1=?
_DESCR2=?
_FR_LARM=56.12000000
_FR_SYNT=526.12000000
_TRIMLEV=1.85546875
_DATE=27.09.2024
_TIME=08:56:12
[PPFILE]
; pi/2 - pi


DELAY D9
PULSE [GT] 3u
PULSE [PHL1,GT] D1
DELAY TAU-3u
PULSE [GT] 3u
PULSE [PHL2,GT] 2*D1
DELAY TAU-D3
PULSE [TR] 1u+DW
DELAY 1m
STOP

;PHL 1 [+X] [+X] [+Y] [+Y] [-X] [-X] [-Y] [-Y]
;PHL 2 [+Y] [-Y] [-X] [+X] [-Y] [+Y] [+X] [-X]
;!RLS +X+X+Y+Y-X-X-Y-Y

PHL 1 [+X] [+X] [-X] [-X] [+Y] [+Y] [-Y] [-Y] [+X] [+X] [-X] [-X] [+Y] [+Y] [-Y] [-Y]
PHL 2 [+Y] [-Y] [-Y] [+Y] [-X] [+X] [+X] [-X] [+X] [-X] [-X] [+X] [-Y] [+Y] [+Y] [-Y]
!RLS +X+X-X-X+Y+Y-Y-Y-X-X+X+X-Y-Y+Y+Y
[DATA]
-0.0001211  0.0000705
-0.0000771  0.0001868
 0.0000521  0.0000394
 0.0000718  0.0000235
 0.0000753  0.0001494
 0.0000377  0.0001391
-0.0000673  0.0001341
 0.0000031  0.0001067
 0.0001238  0.0000297
 0.0000296 -0.0000856
 0.0000270 -0.0000043
 0.0000427 -0.0000229
-0.0000665 -0.0000478
 0.0000283  0.0000387
 0.0000623  0.0001006
-0.0000768 -0.0000721
-0.0000819  0.0000909
-0.0000724  0.0000013
-0.0000569 -0.0001576
 0.0000045  0.0000241
-0.0000431 -0.0001408
-0.0000529  0.0000955
-0.0000685 -0.0000249
-0.0000285  0.0001051
 0.0000158 -0.0000768
-0.0000287  0.0000866
-0.0000959  0.0000225
-0.0001877  0.0001385
 0.0000477 -0.0000290
-0.0001199  0.0000127
 0.0000336  0.0000475
-0.0000438  0.0000529
-0.0000203 -0.0000282
-0.0000142 -0.0001198
 0.0000146  0.0000636
-0.0001193  0.0000182
-0.0000145 -0.0001006
-0.0000203 -0.0000716
-0.0001150 -0.0000339
 0.0001438  0.0000759
-0.0000721 -0.0001059
-0.0000132 -0.0000771
-0.0001724 -0.0001255
-0.0000664 -0.0000041
 0.0000188 -0.0000199
-0.0001725  0.0000184
 0.0000339  0.0000856
-0.0000036  0.0000667
-0.0000470  0.0000709
-0.0001104  0.0000749
-0.0000696 -0.0000592
-0.0000532  0.0000992
-0.0000575 -0.0000305
-0.0001805 -0.0000353
-0.0000759 -0.0000286
-0.0000234  0.0000181
-0.0000763 -0.0001296
 0.0000092  0.0000425
-0.0000381 -0.0000140
-0.0000432  0.0000284
-0.0000348 -0.0000444
 0.0000491  0.0000231
 0.0000084  0.0000465
-0.0001060  0.0001198
-0.0000148 -0.0000436
-0.0000005  0.0001724
 0.0000181  0.0002430
-0.0000915  0.0000083
 0.0000331  0.0002443
-0.0000778  0.0000037
-0.0001150  0.0000044
-0.0000159  0.0001063
-0.0000048  0.0001202
-0.0000531  0.0001107
-0.0000097  0.0000853
-0.0000194  0.0000667
 0.0000158 -0.0001958
 0.0000383 -0.0000853
-0.0000330  0.0000345
 0.0000254 -0.0000420
-0.0000109 -0.0000718
-0.0000962 -0.0000713
-0.0000606 -0.0001397
 0.0000133  0.0000391
-0.0000477  0.0001312
 0.0001048 -0.0000089
 0.0000004 -0.0000487
-0.0002210 -0.0000577
-0.0000385 -0.0000868
-0.0001209 -0.0000203
-0.0001730  0.0001100
-0.0000629  0.0000668
-0.0000791  0.0000578
-0.0001774 -0.0000591
-0.0001971  0.0000334
-0.0001631  0.0000801
-0.0001161  0.0000338
-0.0001357  0.0000568
 0.0000755  0.0001002
-0.0001209 -0.0000332
-0.0000959 -0.0000812
-0.0000996 -0.0000579
-0.0002077 -0.0000723
-0.0000140 -0.0001233
-0.0000868 -0.0000911
-0.0000998 -0.0000049
-0.0000099 -0.0001332
-0.0001250 -0.0001637
-0.0001291 -0.0001533
 0.0000538 -0.0000378
 0.0000877 -0.0002120
-0.0000913 -0.0000771
 0.0000721 -0.0000753
 0.0000672 -0.0001288
 0.0001099 -0.0001300
-0.0001489 -0.0001001
 0.0000574 -0.0000056
-0.0000677 -0.0001433
 0.0000189 -0.0000188
 0.0000535 -0.0000802
 0.0000194 -0.0000283
-0.0000240  0.0000187
-0.0001065  0.0000341
 0.0000291 -0.0001340
-0.0000385 -0.0000670
-0.0001159 -0.0001021
 0.0000246 -0.0001281
-0.0000623 -0.0000920
-0.0000242 -0.0000676
 0.0001235 -0.0000234
 0.0000711  0.0000764
-0.0000203 -0.0000535
 0.0000513  0.0000181
 0.0000814  0.0000956
-0.0000013 -0.0001355
 0.0000715 -0.0000199
-0.0000439  0.0001339
 0.0000705 -0.0000039
 0.0000132  0.0000473
 0.0000526  0.0000469
 0.0001495 -0.0000861
-0.0000221 -0.0000245
-0.0000383 -0.0000382
-0.0000285  0.0000195
-0.0000966 -0.0000242
-0.0000039 -0.0000340
-0.0000683  0.0000101
 0.0000967 -0.0000678
 0.0000609  0.0000474
-0.0000284  0.0000146
-0.0000673 -0.0000537
 0.0000383  0.0000222
-0.0000434  0.0000015
-0.0000388  0.0000625
-0.0000913  0.0000903
 0.0000371 -0.0000343
-0.0000575  0.0001626
 0.0000098  0.0001196
-0.0000574 -0.0000871
-0.0001389  0.0000851
-0.0000436 -0.0000400
-0.0001289 -0.0000971
-0.0000246  0.0000096
-0.0000755 -0.0001789
-0.0001489 -0.0000096
-0.0000860 -0.0000152
-0.0000096  0.0000919
-0.0000917 -0.0000375
 0.0000770 -0.0000916
 0.0000194 -0.0000990
-0.0000463 -0.0000202
-0.0000861  0.0000828
-0.0000091 -0.0000273
-0.0000721  0.0000053
-0.0000282 -0.0000671
 0.0000869  0.0000334
-0.0001006  0.0000056
 0.0000055 -0.0000516
 0.0000062 -0.0000569
 0.0000201  0.0001002
-0.0000472  0.0000390
 0.0000630  0.0000194
 0.0001597 -0.0000137
 0.0000534 -0.0000431
-0.0000075  0.0000108
-0.0000088  0.0000003
 0.0000907  0.0001258
 0.0000334 -0.0000236
 0.0001682  0.0000138
 0.0000666  0.0000571
 0.0000058 -0.0000249
 0.0001682 -0.0000192
-0.0000965  0.0000581
 0.0000524 -0.0000668
 0.0000385  0.0000485
 0.0001686  0.0000820
-0.0000087 -0.0000105
-0.0000143  0.0000678
-0.0000659  0.0000954
-0.0001150  0.0000177
 0.0001396 -0.0000393
 0.0000045 -0.0000044
-0.0000819  0.0000323
 0.0000004  0.0000411
 0.0000289 -0.0000632
-0.0000286 -0.0000684
-0.0000577  0.0000338
 0.0001310  0.0000577
-0.0000103 -0.0000472
 0.0001004 -0.0000198
-0.0000194 -0.0000158
 0.0000376 -0.0000589
 0.0000200  0.0001819
-0.0000472  0.0000231
 0.0000759  0.0000520
 0.0000003  0.0000527
 0.0000719  0.0000566
-0.0000536  0.0000956
-0.0000738 -0.0000346
 0.0000146 -0.0000190
-0.0000776 -0.0000252
-0.0000595  0.0001246
 0.0000810  0.0000435
 0.0000218  0.0000896
-0.0000198  0.0000844
-0.0000598  0.0000368
-0.0000673  0.0000905
-0.0002014  0.0001133
 0.0000470  0.0001389
 0.0000367  0.0000076
-0.0000038  0.0000235
 0.0000420 -0.0000249
-0.0000193  0.0001235
-0.0000810  0.0001332
-0.0000293 -0.0000212
 0.0000094  0.0001387
-0.0000057  0.0000859
 0.0000627 -0.0000713
-0.0001937 -0.0000011
-0.0000475  0.0000809
 0.0000199  0.0000913
-0.0000565  0.0000224
-0.0000418 -0.0000185
 0.0000189  0.0002011
-0.0000127 -0.0000384
-0.0000669  0.0001291
 0.0000955 -0.0000038
 0.0000107  0.0000528
-0.0000290 -0.0000090
 0.0000562  0.0000722
-0.0000621  0.0001387
 0.0000286 -0.0000387
-0.0000149  0.0000388
 0.0000865  0.0000670
-0.0000048 -0.0000158
-0.0000237  0.0000965
 0.0000143  0.0000180
 0.0000820  0.0001101
 0.0000086  0.0000228
-0.0001144  0.0000230
 0.0000044  0.0000529
-0.0000143  0.0000074
-0.0001587  0.0000962
 0.0000180  0.0000576
 0.0000094  0.0000769
-0.0000194  0.0000377
-0.0000582  0.0001529
 0.0000472  0.0002166
-0.0000818  0.0001004
 0.0000268  0.0001535
-0.0000151  0.0001008
-0.0000287 -0.0000485
-0.0000107  0.0000950
-0.0002207  0.0002351
-0.0000062 -0.0000434
 0.0000812 -0.0000719
-0.0000589  0.0000522
-0.0000389 -0.0000185
-0.0000517 -0.0001008
-0.0001881  0.0001627
-0.0000864  0.0000346
-0.0000387 -0.0000810
-0.0000470 -0.0000664
 0.0000511 -0.0000236
 0.0000720 -0.0001438
 0.0000101  0.0001015
-0.0000490  0.0000679
-0.0000812  0.0000231
-0.0000570  0.0000340
 0.0001172 -0.0001484
-0.0001734  0.0001044
 0.0000430 -0.0000915
-0.0000024  0.0000199
-0.0000999 -0.0000152
 0.0001651 -0.0002450
 0.0007031 -0.0004803
 0.0017969 -0.0009752
 0.0033765 -0.0013973
 0.0062881 -0.0021947
 0.0099417 -0.0029457
 0.0141917 -0.0034777
 0.0190216 -0.0041107
 0.0238687 -0.0047114
 0.0284650 -0.0052186
 0.0328068 -0.0055185
 0.0366881 -0.0057785
 0.0403843 -0.0063439
 0.0438703 -0.0067107
 0.0474212 -0.0073310
 0.0508077 -0.0080278
 0.0544044 -0.0086740
 0.0577801 -0.0093291
 0.0609396 -0.0098994
 0.0640444 -0.0104174
 0.0667429 -0.0108807
 0.0691749 -0.0115579
 0.0717797 -0.0120447
 0.0739190 -0.0127393
 0.0763466 -0.0132838
 0.0785797 -0.0137441
 0.0808519 -0.0141731
 0.0828209 -0.0145951
 0.0847611 -0.0149830
 0.0863588 -0.0155407
 0.0880287 -0.0159678
 0.0895562 -0.0163941
 0.0908672 -0.0167873
 0.0923222 -0.0170738
 0.0934149 -0.0175502
 0.0943659 -0.0176828
 0.0954214 -0.0179765
 0.0961421 -0.0181271
 0.0968817 -0.0185758
 0.0976476 -0.0190072
 0.0985180 -0.0194791
 0.0992842 -0.0201782
 0.0999512 -0.0205364
 0.1003991 -0.0209008
 0.1008999 -0.0211967
 0.1013762 -0.0217125
 0.1015984 -0.0221237
 0.1019926 -0.0224357
 0.1021420 -0.0228960
 0.1020879 -0.0233555
 0.1019586 -0.0238644
 0.1015602 -0.0241886
 0.1012039 -0.0246112
 0.1006742 -0.0247317
 0.1001873 -0.0246644
 0.1000489 -0.0245675
 0.1000205 -0.0242523
 0.0997280 -0.0241894
 0.0993762 -0.0239157
 0.0990066 -0.0238187
 0.0982199 -0.0237879
 0.0973816 -0.0240220
 0.0965303 -0.0241125
 0.0956053 -0.0243836
 0.0947290 -0.0245589
 0.0941069 -0.0245822
 0.0934123 -0.0245563
 0.0928298 -0.0241351
 0.0919812 -0.0238196
 0.0910328 -0.0233424
 0.0897872 -0.0229601
 0.0884525 -0.0224216
 0.0868885 -0.0221706
 0.0855249 -0.0221863
 0.0842134 -0.0219969
 0.0827552 -0.0221055
 0.0815825 -0.0219061
 0.0805222 -0.0219358
 0.0792439 -0.0217786
 0.0779260 -0.0214002
 0.0764724 -0.0210799
 0.0750258 -0.0205773
 0.0733305 -0.0198388
 0.0716113 -0.0192061
 0.0695378 -0.0186108
 0.0673997 -0.0180536
 0.0653642 -0.0178120
 0.0632393 -0.0177963
 0.0614869 -0.0180963
 0.0597009 -0.0182188
 0.0584408 -0.0187455
 0.0575362 -0.0188941
 0.0567026 -0.0188044
 0.0556051 -0.0187681
 0.0545337 -0.0184682
 0.0533390 -0.0180207
 0.0517435 -0.0178659
 0.0501975 -0.0180204
 0.0485402 -0.0182545
 0.0468403 -0.0186106
 0.0455138 -0.0190768
 0.0442496 -0.0192036
 0.0429414 -0.0192149
 0.0419683 -0.0191110
 0.0408605 -0.0188601
 0.0397189 -0.0186496
 0.0385756 -0.0182283
 0.0373819 -0.0179072
 0.0363296 -0.0176533
 0.0353009 -0.0172295
 0.0345270 -0.0169927
 0.0337168 -0.0165570
 0.0332767 -0.0162744
 0.0327431 -0.0159244
 0.0323460 -0.0154713
 0.0319056 -0.0152819
 0.0312652 -0.0152648
 0.0308032 -0.0152926
 0.0300811 -0.0153028
 0.0295201 -0.0152240
 0.0288997 -0.0150967
 0.0279830 -0.0149226
 0.0268857 -0.0149335
 0.0257814 -0.0146960
 0.0246664 -0.0145226
 0.0233991 -0.0143371
 0.0223103 -0.0138030
 0.0211675 -0.0134136
 0.0199430 -0.0130904
 0.0188877 -0.0127528
 0.0181052 -0.0126495
 0.0174540 -0.0127987
 0.0170468 -0.0127622
 0.0166999 -0.0127171
 0.0164619 -0.0127631
 0.0162708 -0.0126046
 0.0160645 -0.0120777
 0.0158277 -0.0114959
 0.0154455 -0.0109358
 0.0149107 -0.0102162
 0.0146313 -0.0096985
 0.0142779 -0.0091116
 0.0138740 -0.0088293
 0.0136341 -0.0084371
 0.0133907 -0.0083625
 0.0133635 -0.0083185
 0.0129884 -0.0079824
 0.0129219 -0.0077075
 0.0126584 -0.0071162
 0.0122662 -0.0065570
 0.0119271 -0.0060025
 0.0115758 -0.0054857
 0.0114072 -0.0049911
 0.0113865 -0.0047838
 0.0114308 -0.0046965
 0.0115186 -0.0045519
 0.0113430 -0.0042399
 0.0110125 -0.0041327
 0.0104939 -0.0039644
 0.0097491 -0.0037215
 0.0089109 -0.0036146
 0.0078897 -0.0036697
 0.0067445 -0.0035491
 0.0059518 -0.0036300
 0.0050372 -0.0038458
 0.0044562 -0.0041776
 0.0040258 -0.0045123
 0.0038390 -0.0047729
 0.0039157 -0.0049701
 0.0041685 -0.0048996
 0.0042808 -0.0045962
 0.0040920 -0.0040639
 0.0037762 -0.0036645
 0.0037086 -0.0033647
 0.0035223 -0.0030472
 0.0037889 -0.0027631
 0.0039624 -0.0024034
 0.0041941 -0.0021463
 0.0042381 -0.0018532
 0.0042911 -0.0013925
 0.0042517 -0.0013495
 0.0041683 -0.0013057
 0.0039788 -0.0012739
 0.0038145 -0.0012750
 0.0036394 -0.0011635
 0.0034808 -0.0009031
 0.0032799 -0.0008764
 0.0030211 -0.0006560
 0.0028350 -0.0004791
 0.0026920 -0.0005889
 0.0027045 -0.0005943
 0.0026510 -0.0007382
 0.0025718 -0.0012843
 0.0026066 -0.0013985
 0.0023882 -0.0016948
 0.0022426 -0.0020197
 0.0019148 -0.0021888
 0.0017041 -0.0024932
 0.0017113 -0.0026857
 0.0015929 -0.0025908
 0.0015713 -0.0024437
 0.0014899 -0.0021583
 0.0012583 -0.0018945
 0.0009378 -0.0017316
 0.0007570 -0.0018536
 0.0006082 -0.0020125
 0.0005725 -0.0022554
 0.0006986 -0.0023144
 0.0007428 -0.0023768
 0.0007949 -0.0026277
 0.0008194 -0.0026255
 0.0010863 -0.0026435
 0.0011050 -0.0026440
 0.0013495 -0.0023980
 0.0016085 -0.0022665
 0.0014954 -0.0021352
 0.0012442 -0.0021883
 0.0011381 -0.0024656
 0.0010567 -0.0027116
 0.0010347 -0.0026790
 0.0011391 -0.0029951
 0.0010417 -0.0029465
 0.0010862 -0.0028945
 0.0008904 -0.0029903
 0.0007258 -0.0029001
 0.0006052 -0.0025934
 0.0002102 -0.0026958
 0.0000296 -0.0026594
-0.0000253 -0.0025264
-0.0001244 -0.0022703
-0.0000913 -0.0019313
 0.0001756 -0.0016645
 0.0002913 -0.0013898
 0.0003991 -0.0012620
 0.0005445 -0.0010590
 0.0005381 -0.0011412
 0.0006109 -0.0010439
 0.0006772 -0.0011628
 0.0005583 -0.0009497
 0.0006381 -0.0006665
 0.0008461 -0.0005269
 0.0013361 -0.0001213
 0.0018037  0.0001650
 0.0022463  0.0005519
 0.0025645  0.0010150
 0.0026295  0.0014346
 0.0025416  0.0017225
 0.0021925  0.0019574
 0.0018157  0.0021941
 0.0014084  0.0022528
 0.0007732  0.0023156
 0.0004786  0.0023600
-0.0001106  0.0023764
-0.0003150  0.0021773
-0.0004102  0.0021394
-0.0009085  0.0018306
-0.0011812  0.0015869
-0.0011812  0.0014851
-0.0013862  0.0014380
-0.0014306  0.0016665
-0.0012556  0.0019313
-0.0013635  0.0020861
-0.0012464  0.0021167
-0.0012186  0.0022332
-0.0013454  0.0022114
-0.0011510  0.0022934
-0.0010606  0.0021212
-0.0009131  0.0019868
-0.0010292  0.0019970
-0.0007886  0.0017972
-0.0009262  0.0014161
-0.0013326  0.0010528
-0.0015746  0.0004609
-0.0019923 -0.0002320
-0.0023942 -0.0006978
-0.0026207 -0.0011203
-0.0026286 -0.0013339
-0.0024585 -0.0014724
-0.0021642 -0.0013927
-0.0018666 -0.0013205
-0.0015993 -0.0011205
-0.0014744 -0.0009345
-0.0012607 -0.0008178
-0.0007890 -0.0008606
-0.0004594 -0.0009036
-0.0003552 -0.0008321
 0.0000847 -0.0007157
 0.0003898 -0.0007526
 0.0005471 -0.0008341
 0.0008566 -0.0007875
 0.0010451 -0.0008286
 0.0011186 -0.0006989
 0.0015645 -0.0006828
 0.0016257 -0.0006739
 0.0017227 -0.0004659
 0.0020248 -0.0002108
 0.0019859 -0.0001117
 0.0018951  0.0001781
 0.0018856  0.0002674
 0.0017183 -0.0000568
 0.0016770 -0.0001028
 0.0018352 -0.0004398
 0.0019894 -0.0007359
 0.0022523 -0.0006100
 0.0026423 -0.0005315
 0.0029277 -0.0002023
 0.0033713  0.0000887
 0.0038042  0.0005143
 0.0040044  0.0008366
 0.0042338  0.0013133
 0.0040539  0.0017359
 0.0037995  0.0021249
 0.0034120  0.0023309
 0.0030908  0.0027761
 0.0025413  0.0026741
 0.0025282  0.0026452
 0.0023802  0.0023897
 0.0023424  0.0019734
 0.0024458  0.0018186
 0.0024339  0.0014422
 0.0025439  0.0012511
 0.0026182  0.0015925
 0.0026622  0.0016450
 0.0023437  0.0018184
 0.0021767  0.0021114
 0.0017413  0.0021227
 0.0012462  0.0021818
 0.0008480  0.0020532
 0.0006797  0.0015523
 0.0005037  0.0010866
 0.0005838  0.0006107
 0.0007512  0.0002665
 0.0006714 -0.0001116
 0.0005883 -0.0001767
 0.0007036 -0.0000658
 0.0004245  0.0003655
 0.0004311  0.0006824
 0.0001876  0.0009931
 0.0000117  0.0011983
-0.0002747  0.0011677
-0.0004799  0.0010512
-0.0004838  0.0008874
-0.0008813  0.0007259
-0.0011663  0.0006061
-0.0013180  0.0009599
-0.0018471  0.0009094
-0.0023002  0.0010978
-0.0026599  0.0013700
-0.0031056  0.0012408
-0.0035192  0.0011053
-0.0037878  0.0008319
-0.0040310  0.0006101
-0.0042304  0.0003795
-0.0041750  0.0005207
-0.0041909  0.0004584
-0.0040991  0.0005953
-0.0037660  0.0008176
-0.0037279  0.0009472
-0.0033918  0.0008893
-0.0029644  0.0009280
-0.0026098  0.0006854
-0.0020422  0.0003113
-0.0014804 -0.0001167
-0.0010191 -0.0004843
-0.0003515 -0.0008498
 0.0000963 -0.0009467
 0.0003343 -0.0011229
 0.0004561 -0.0009344
 0.0005686 -0.0008534
 0.0002606 -0.0009770
 0.0003165 -0.0011010
 0.0003526 -0.0014365
 0.0005033 -0.0017239
 0.0007981 -0.0019741
 0.0009278 -0.0021109
 0.0012254 -0.0021083
 0.0013479 -0.0019564
 0.0014103 -0.0019435
 0.0010143 -0.0015136
 0.0009457 -0.0012739
 0.0005180 -0.0012598
 0.0002350 -0.0013574
 0.0001706 -0.0013609
 0.0002733 -0.0015414
 0.0002556 -0.0016650
 0.0002214 -0.0016577
 0.0002528 -0.0016919
 0.0001525 -0.0015197
-0.0002206 -0.0016284
-0.0004895 -0.0016853
-0.0005478 -0.0016178
-0.0006801 -0.0017607
-0.0005802 -0.0019204
-0.0003258 -0.0017006
-0.0001085 -0.0016003
-0.0001156 -0.0013033
 0.0000131 -0.0010306
-0.0001029 -0.0006987
-0.0003440 -0.0005502
-0.0002464 -0.0003156
-0.0004558 -0.0002177
-0.0005594 -0.0000342
-0.0007813  0.0000762
-0.0009715  0.0001660
-0.0012344  0.0003245
-0.0011641  0.0007186
-0.0011689  0.0009364
-0.0010309  0.0011311
-0.0004754  0.0016765
-0.0003103  0.0018580
-0.0000730  0.0019658
-0.0000919  0.0019931
-0.0003074  0.0020289
-0.0004360  0.0019315
-0.0004203  0.0019150
-0.0006946  0.0018437
-0.0005456  0.0017885
-0.0003146  0.0016382
-0.0002666  0.0015721
 0.0000063  0.0014118
 0.0001209  0.0010541
-0.0000751  0.0007695
-0.0001536  0.0006044
-0.0003223  0.0004513
-0.0007535  0.0002446
-0.0008953  0.0004050
-0.0010206  0.0006020
-0.0013379  0.0007438
-0.0014780  0.0010667
-0.0017161  0.0012995
-0.0019242  0.0012076
-0.0019288  0.0011529
-0.0022136  0.0009748
-0.0026723  0.0006898
-0.0030522  0.0005083
-0.0034407  0.0003964
-0.0036700  0.0001765
-0.0036810 -0.0000468
-0.0038462 -0.0002040
-0.0035950 -0.0001442
-0.0031289 -0.0001170
-0.0027343 -0.0002317
-0.0021428 -0.0002043
-0.0014179 -0.0003156
-0.0008026 -0.0004160
-0.0004162 -0.0004743
 0.0000451 -0.0006533
-0.0000238 -0.0006561
-0.0000044 -0.0006802
 0.0000125 -0.0007909
-0.0002372 -0.0010432
-0.0002604 -0.0011740
-0.0001649 -0.0013259
 0.0000435 -0.0015603
 0.0007023 -0.0014493
 0.0013383 -0.0010791
 0.0018642 -0.0005959
 0.0023387 -0.0000363
 0.0024774  0.0005073
 0.0025174  0.0009211
 0.0022945  0.0009210
 0.0019109  0.0007472
 0.0013918  0.0005263
 0.0011219  0.0005613
 0.0008766  0.0003987
 0.0007555  0.0006412
 0.0007961  0.0010735
 0.0009375  0.0013165
 0.0008901  0.0013751
 0.0010774  0.0016019
 0.0008899  0.0014236
 0.0006497  0.0012921
 0.0004162  0.0012919
 0.0001668  0.0011536
 0.0000806  0.0013285
 0.0001670  0.0015598
 0.0000098  0.0016612
 0.0001443  0.0020706
 0.0002893  0.0024961
 0.0002854  0.0026500
 0.0003727  0.0030466
 0.0006611  0.0032572
 0.0003416  0.0036442
 0.0002167  0.0040030
-0.0000132  0.0043785
-0.0004522  0.0045194
-0.0006839  0.0050714
-0.0010459  0.0052129
-0.0014658  0.0053441
-0.0015871  0.0055290
-0.0017843  0.0053252
-0.0017012  0.0049813
-0.0016625  0.0049017
-0.0015259  0.0046031
-0.0015468  0.0043770
-0.0014368  0.0042698
-0.0015923  0.0040678
-0.0017028  0.0039119
-0.0016527  0.0036039
-0.0020211  0.0031779
-0.0021196  0.0028426
-0.0024021  0.0023349
-0.0023733  0.0019465
-0.0025481  0.0016855
-0.0022775  0.0015524
-0.0021343  0.0013461
-0.0017897  0.0012409
-0.0011629  0.0012885
-0.0011515  0.0010950
-0.0009251  0.0012948
-0.0010233  0.0012425
-0.0011430  0.0010234
-0.0012681  0.0008307
-0.0013639  0.0007646
-0.0015209  0.0004977
-0.0016513  0.0004326
-0.0016867  0.0004390
-0.0018533  0.0004077
-0.0019241  0.0006948
-0.0020593  0.0005344
-0.0022180  0.0005056
-0.0020944  0.0002818
-0.0018144  0.0000686
-0.0017312 -0.0003963
-0.0013708 -0.0006348
-0.0008094 -0.0011855
-0.0004979 -0.0016704
 0.0001870 -0.0017639
 0.0007348 -0.0021005
 0.0010234 -0.0022356
 0.0011736 -0.0018920
 0.0012721 -0.0017634
 0.0012491 -0.0015821
 0.0015403 -0.0011213
 0.0017610 -0.0008928
 0.0019185 -0.0005162
 0.0022418 -0.0002411
 0.0023030 -0.0001563
 0.0020518  0.0001686
 0.0017227  0.0003073
 0.0012426  0.0001976
 0.0007783  0.0002317
 0.0005844  0.0003136
 0.0003298  0.0002260
 0.0004106  0.0004163
 0.0008530  0.0006128
 0.0012691  0.0007728
 0.0017587  0.0013533
 0.0021178  0.0015478
 0.0021855  0.0015083
 0.0023616  0.0015073
 0.0024114  0.0013455
 0.0025120  0.0013618
 0.0023541  0.0010411
 0.0023787  0.0008629
 0.0022130  0.0006644
 0.0020848  0.0006697
 0.0019366  0.0004320
 0.0019576  0.0000914
 0.0020347  0.0002597
 0.0019126  0.0001241
 0.0020737  0.0003061
 0.0020217  0.0005033
 0.0018186  0.0004601
 0.0014559  0.0002617
 0.0012753  0.0003272
 0.0008281  0.0001997
 0.0004028  0.0002129
 0.0001887  0.0002795
-0.0001698  0.0005078
-0.0003157  0.0008860
-0.0002828  0.0014915
-0.0003139  0.0019730
-0.0005116  0.0027141
-0.0006496  0.0031647
-0.0008510  0.0034922
-0.0010550  0.0038983
-0.0013491  0.0041513
-0.0015885  0.0041742
-0.0016292  0.0042175
-0.0016113  0.0044222
-0.0018916  0.0042533
-0.0016811  0.0039045
-0.0017465  0.0034714
-0.0015100  0.0027274
-0.0012384  0.0021755
-0.0009361  0.0016826
-0.0005411  0.0012542
 0.0001370  0.0012588
 0.0004909  0.0014282
 0.0004770  0.0017267
 0.0003886  0.0019182
 0.0000758  0.0021524
-0.0000227  0.0020686
-0.0000935  0.0020013
-0.0001095  0.0015937
-0.0000640  0.0012952
 0.0000832  0.0009538
 0.0002096  0.0006034
 0.0000845  0.0004834
 0.0001778  0.0002900
-0.0000051  0.0001363
-0.0002008  0.0000053
-0.0003953 -0.0001454
-0.0005691 -0.0002936
-0.0006116 -0.0001066
-0.0005797 -0.0000574
-0.0008010  0.0000637
-0.0008318  0.0003535
-0.0009704  0.0006612
-0.0012830  0.0008878
-0.0013181  0.0008790
-0.0012971  0.0009789
-0.0011887  0.0009183
-0.0007832  0.0009407
-0.0005062  0.0011309
-0.0001748  0.0013830
-0.0000288  0.0015566
-0.0001731  0.0016084
-0.0002241  0.0015109
-0.0001766  0.0014476
-0.0003260  0.0013727
-0.0002111  0.0014652
-0.0000676  0.0018739
 0.0000478  0.0022816
 0.0000838  0.0025299
 0.0003790  0.0028040
 0.0005524  0.0027573
 0.0008594  0.0027745
 0.0011001  0.0027556
 0.0013226  0.0023492
 0.0016636  0.0023404
 0.0019481  0.0021498
 0.0019862  0.0020009
 0.0022005  0.0020023
 0.0023171  0.0017131
 0.0022865  0.0015874
 0.0023597  0.0011525
 0.0021589  0.0010058
 0.0022973  0.0005922
 0.0024866  0.0005454
 0.0028304  0.0005596
 0.0028025  0.0006725
 0.0028703  0.0009896
 0.0028239  0.0014331
 0.0027005  0.0018012
 0.0024700  0.0019864
 0.0025213  0.0020811
 0.0026019  0.0017011
 0.0027438  0.0015804
 0.0027739  0.0014795
 0.0028174  0.0014592
 0.0025374  0.0016405
 0.0023301  0.0015649
 0.0019697  0.0015252
 0.0016842  0.0012754
 0.0014774  0.0009495
 0.0012632  0.0007898
 0.0011941  0.0006601
 0.0007823  0.0004332
 0.0002695  0.0001407
-0.0002459 -0.0000445
-0.0006612 -0.0002509
-0.0009019 -0.0002783
-0.0010524 -0.0001255
-0.0009529  0.0002386
-0.0010828  0.0005752
-0.0008789  0.0010947
-0.0010379  0.0013282
-0.0008198  0.0012876
-0.0007670  0.0013818
-0.0008389  0.0009909
-0.0007935  0.0007994
-0.0008570  0.0006451
-0.0010345  0.0005400
-0.0009712  0.0002417
-0.0010163 -0.0000943
-0.0010788 -0.0003709
-0.0008305 -0.0004353
-0.0011032 -0.0005429
-0.0010954 -0.0007645
-0.0009414 -0.0006319
-0.0008588 -0.0007792
-0.0006543 -0.0008237
-0.0004486 -0.0006968
-0.0003482 -0.0008272
-0.0005642 -0.0007873
-0.0007289 -0.0008489
-0.0012848 -0.0008913
-0.0013701 -0.0007515
-0.0016327 -0.0007129
-0.0014998 -0.0007228
-0.0013736 -0.0005792
-0.0009054 -0.0004117
-0.0008240 -0.0003168
-0.0005909 -0.0002545
-0.0006743 -0.0001089
-0.0009818 -0.0005224
-0.0011716 -0.0007916
-0.0015358 -0.0014116
-0.0017711 -0.0021504
-0.0017211 -0.0028716
-0.0015253 -0.0032995
-0.0015626 -0.0034142
-0.0014576 -0.0033855
-0.0014695 -0.0030054
-0.0014371 -0.0024978
-0.0015487 -0.0017754
-0.0014206 -0.0011346
-0.0012196 -0.0004845
-0.0009919  0.0000636
-0.0007522  0.0004137
-0.0004591  0.0004742
-0.0003539  0.0006438
-0.0000534  0.0005827
 0.0001228  0.0005347
 0.0002121  0.0003447
 0.0001912  0.0003506
 0.0001774  0.0005550
 0.0001292  0.0007146
-0.0000421  0.0007732
-0.0001722  0.0008781
-0.0001876  0.0009052
-0.0002182  0.0007363
-0.0001979  0.0007365
-0.0000161  0.0007235
 0.0000396  0.0005532
 0.0001391  0.0004586
 0.0003278  0.0005663
 0.0002989  0.0004853
 0.0004063  0.0005099
 0.0003709  0.0005047
 0.0002593  0.0006947
 0.0002565  0.0009184
-0.0000900  0.0010963
-0.0004885  0.0013429
-0.0006911  0.0016426
-0.0010970  0.0018848
-0.0013416  0.0019362
-0.0014952  0.0019269
-0.0015807  0.0017545
-0.0016714  0.0015406
-0.0016203  0.0014371
-0.0015415  0.0010637
-0.0013843  0.0008145
-0.0013181  0.0004604
-0.0012296  0.0001387
-0.0009816 -0.0000116
-0.0006411 -0.0001050
-0.0003324 -0.0002362
 0.0001903  0.0000749
 0.0003989  0.0005458
 0.0006645  0.0007194
 0.0007060  0.0011382
 0.0006520  0.0013570
 0.0003659  0.0014447
 0.0003717  0.0012373
 0.0003530  0.0010833
 0.0002797  0.0009011
 0.0005491  0.0006512
 0.0004219  0.0005938
 0.0005483  0.0005962
 0.0003975  0.0007113
 0.0002514  0.0006325
 0.0001765  0.0005609
 0.0002021  0.0005035
 0.0003280  0.0002271
 0.0003074 -0.0001697
 0.0006594 -0.0003861
 0.0005809 -0.0005953
 0.0006793 -0.0008310
 0.0005899 -0.0009187
 0.0004358 -0.0006142
 0.0001233 -0.0003103
 0.0000235  0.0001231
-0.0002262  0.0007401
-0.0004386  0.0009314
-0.0005340  0.0012879
-0.0006758  0.0014083
-0.0007826  0.0014435
-0.0006080  0.0013774
-0.0004305  0.0013218
-0.0000934  0.0009479
 0.0000294  0.0007281
 0.0002524  0.0004276
 0.0002814  0.0001217
 0.0002741  0.0000320
 0.0000081 -0.0000635
-0.0001637 -0.0001551
-0.0003727  0.0000108
-0.0006179 -0.0000578
-0.0007732 -0.0001171
-0.0008976 -0.0000856
-0.0008531 -0.0002028
-0.0006791 -0.0002368
-0.0005740 -0.0003671
-0.0003398 -0.0003956
 0.0000786 -0.0005152
 0.0004084 -0.0004390
 0.0007038 -0.0004203
 0.0008890 -0.0001142
 0.0009416  0.0001148
 0.0008699  0.0006425
 0.0005451  0.0010957
 0.0000926  0.0015152
-0.0002964  0.0018300
-0.0005038  0.0019727
-0.0008440  0.0019037
-0.0008381  0.0019818
-0.0007117  0.0019919
-0.0004832  0.0019970
-0.0001990  0.0019885
 0.0000495  0.0019301
 0.0002140  0.0021456
 0.0004889  0.0023444
 0.0003586  0.0023052
 0.0003262  0.0024315
 0.0001648  0.0027122
-0.0000295  0.0027847
-0.0005205  0.0025976
-0.0007337  0.0024706
-0.0010767  0.0021598
-0.0012579  0.0019040
-0.0014460  0.0015804
-0.0013842  0.0013146
-0.0016353  0.0010200
-0.0015708  0.0008303
-0.0017557  0.0005257
-0.0020973  0.0001055
-0.0025592 -0.0003068
-0.0027413 -0.0005902
-0.0029945 -0.0009461
-0.0029903 -0.0011500
-0.0029049 -0.0013172
-0.0025881 -0.0012750
-0.0020687 -0.0011677
-0.0016895 -0.0009919
-0.0012161 -0.0008356
-0.0009193 -0.0003690
-0.0006840 -0.0001138
-0.0005855  0.0001178
-0.0004266  0.0000935
-0.0004415 -0.0000536
-0.0003970 -0.0003854
-0.0002240 -0.0005247
-0.0001670 -0.0008075
-0.0000971 -0.0010822
-0.0000767 -0.0010151
-0.0001590 -0.0012638
-0.0004377 -0.0012586
-0.0005220 -0.0011325
-0.0006629 -0.0012400
-0.0008442 -0.0012152
-0.0007210 -0.0014142
-0.0007080 -0.0013099
-0.0006721 -0.0012549
-0.0004282 -0.0010458
-0.0004178 -0.0010137
-0.0002541 -0.0008616
-0.0000624 -0.0009727
-0.0002793 -0.0009809
-0.0001539 -0.0009306
-0.0002888 -0.0009871
-0.0005551 -0.0010383
-0.0005433 -0.0011573
-0.0003972 -0.0011824
-0.0004940 -0.0011618
-0.0003232 -0.0012554
-0.0001921 -0.0014204
-0.0000699 -0.0014607
 0.0001856 -0.0013164
 0.0002908 -0.0011597
 0.0006161 -0.0011947
 0.0009188 -0.0008378
 0.0010804 -0.0006996
 0.0013516 -0.0005621
 0.0013010 -0.0003622
 0.0011055 -0.0002741
 0.0009551 -0.0000903
 0.0008860 -0.0001333
 0.0007129 -0.0000342
 0.0006445  0.0002966
 0.0006232  0.0007081
 0.0005988  0.0009473
 0.0005594  0.0012250
 0.0004047  0.0017005
 0.0003114  0.0018690
 0.0002511  0.0022478
 0.0000079  0.0023179
-0.0001182  0.0025390
-0.0003621  0.0027311
-0.0004524  0.0028559
-0.0007253  0.0031341
-0.0008011  0.0032923
-0.0007948  0.0033305
-0.0007399  0.0034678
-0.0008109  0.0035959
-0.0009128  0.0035959
-0.0010812  0.0034088
-0.0012711  0.0032979
-0.0013762  0.0029100
-0.0013099  0.0024774
-0.0013422  0.0021901
-0.0015318  0.0017757
-0.0016530  0.0013364
-0.0015744  0.0011422
-0.0018934  0.0007835
-0.0019608  0.0003530
-0.0017846  0.0002183
-0.0014542  0.0000828
-0.0011597 -0.0000521
-0.0008943  0.0001697
-0.0005841  0.0003152
-0.0005397  0.0007831
-0.0006467  0.0009106
-0.0009966  0.0009796
-0.0014325  0.0009051
-0.0016458  0.0009160
-0.0016979  0.0007581
-0.0018175  0.0004162
-0.0015390  0.0002145
-0.0014464 -0.0000803
-0.0011806 -0.0003778
-0.0010672 -0.0005358
-0.0009015 -0.0006875
-0.0010422 -0.0006722
-0.0007937 -0.0005252
-0.0004172 -0.0006996
-0.0001026 -0.0005482
 0.0003198 -0.0004561
 0.0008008 -0.0002742
 0.0012740 -0.0000394
 0.0013945  0.0000777
 0.0013156  0.0003440
 0.0010820  0.0002550
 0.0005738  0.0003054
 0.0001856  0.0000301
-0.0000218 -0.0000563
-0.0003149 -0.0001795
-0.0002088 -0.0003547
 0.0001000 -0.0003563
 0.0005939 -0.0004971
 0.0009275 -0.0005611
 0.0016754 -0.0004131
 0.0020734 -0.0004625
 0.0022766 -0.0003653
 0.0025798 -0.0002401
 0.0026894  0.0000465
 0.0025937  0.0005970
 0.0023347  0.0010287
 0.0021623  0.0012944
 0.0020707  0.0015072
 0.0021407  0.0017389
 0.0021541  0.0016897
 0.0024450  0.0017702
 0.0024441  0.0018603
 0.0026001  0.0018917
 0.0027463  0.0020552
 0.0028504  0.0022768
 0.0029417  0.0023186
 0.0030722  0.0026674
 0.0030627  0.0030265
 0.0032268  0.0033138
 0.0031120  0.0036353
 0.0029072  0.0038751
 0.0027159  0.0039887
 0.0026467  0.0041639
 0.0022627  0.0041647
 0.0022708  0.0040404
 0.0021521  0.0041690
 0.0022419  0.0038731
 0.0022946  0.0036597
 0.0025794  0.0035665
 0.0025811  0.0032087
 0.0024636  0.0033039
 0.0020220  0.0033940
 0.0012671  0.0032772
 0.0003439  0.0033295
-0.0006462  0.0033832
-0.0016124  0.0030466
-0.0023761  0.0026142
-0.0026748  0.0023139
-0.0029898  0.0017589
-0.0032563  0.0015009
-0.0032072  0.0013218
-0.0032663  0.0012255
-0.0034709  0.0014129
-0.0037328  0.0014961
-0.0039646  0.0015920
-0.0044478  0.0016860
-0.0048062  0.0017478
-0.0051492  0.0016294
-0.0052344  0.0012924
-0.0051643  0.0010295
-0.0048768  0.0006651
-0.0045341  0.0003194
-0.0040797 -0.0001355
-0.0036210 -0.0005126
-0.0033190 -0.0007227
-0.0030738 -0.0006809
-0.0029423 -0.0007301
-0.0028198 -0.0004642
-0.0029081 -0.0004435
-0.0026409 -0.0003549
-0.0025932 -0.0000642
-0.0027026 -0.0000846
-0.0026234 -0.0001695
-0.0025071 -0.0005785
-0.0022864 -0.0011366
-0.0019970 -0.0018823
-0.0017187 -0.0023694
-0.0015131 -0.0028365
-0.0012435 -0.0030655
-0.0011849 -0.0032159
-0.0012246 -0.0032525
-0.0014344 -0.0032475
-0.0013913 -0.0034997
-0.0016200 -0.0038582
-0.0015419 -0.0040350
-0.0014545 -0.0042888
-0.0015318 -0.0043010
-0.0013049 -0.0044447
-0.0013061 -0.0043168
-0.0010943 -0.0040953
-0.0008659 -0.0038799
-0.0006281 -0.0034929
-0.0004833 -0.0030263
-0.0001365 -0.0025193
 0.0001107 -0.0018274
 0.0004231 -0.0011008
 0.0005723 -0.0003846
 0.0008584  0.0001799
 0.0009453  0.0008374
 0.0014636  0.0014521
 0.0015922  0.0019640
 0.0017377  0.0024483
 0.0018338  0.0031388
 0.0019053  0.0035158
 0.0017681  0.0039687
 0.0016973  0.0043734
 0.0014426  0.0044931
 0.0011778  0.0045953
 0.0008917  0.0048899
 0.0005221  0.0050024
 0.0003339  0.0049963
-0.0000959  0.0053622
-0.0005529  0.0057223
-0.0009082  0.0057100
-0.0012397  0.0056314
-0.0014654  0.0053930
-0.0015428  0.0051556
-0.0014853  0.0045807
-0.0012455  0.0040590
-0.0009245  0.0039500
-0.0007580  0.0037460
-0.0003933  0.0036600
-0.0000846  0.0039000
 0.0000893  0.0040096
 0.0004707  0.0040293
 0.0008017  0.0040041
 0.0008983  0.0039290
 0.0010454  0.0040430
 0.0010109  0.0038736
 0.0008108  0.0037315
 0.0004663  0.0034962
 0.0002378  0.0034081
-0.0000748  0.0031098
-0.0004762  0.0025694
-0.0007957  0.0021416
-0.0013201  0.0016265
-0.0016816  0.0012127
-0.0019850  0.0007351
-0.0023355  0.0003926
-0.0025949  0.0002616
-0.0027995  0.0001262
-0.0030429  0.0001676
-0.0032237  0.0002684
-0.0031876  0.0003511
-0.0031892  0.0003773
-0.0030645  0.0004977
-0.0027690  0.0003485
-0.0024015  0.0000472
-0.0020776 -0.0001797
-0.0019366 -0.0002021
-0.0015348 -0.0005334
-0.0014676 -0.0007653
-0.0015787 -0.0007775
-0.0017072 -0.0010564
-0.0016208 -0.0009884
-0.0017983 -0.0008486
-0.0017540 -0.0008370
-0.0013752 -0.0006398
-0.0012952 -0.0004202
-0.0010248 -0.0003017
-0.0006619 -0.0000904
-0.0005258 -0.0000372
 0.0000018  0.0000857
 0.0001953  0.0001220
 0.0004332  0.0000468
 0.0005556 -0.0000860
 0.0005472 -0.0000376
 0.0008083 -0.0000831
 0.0011437 -0.0003628
 0.0015110 -0.0003783
 0.0021624 -0.0006527
 0.0029482 -0.0007560
 0.0034400 -0.0008224
 0.0038035 -0.0009469
 0.0039687 -0.0010032
 0.0037828 -0.0008748
 0.0033307 -0.0008618
 0.0027089 -0.0011128
 0.0023036 -0.0010637
 0.0021044 -0.0013797
 0.0020389 -0.0014641
 0.0022591 -0.0014273
 0.0023164 -0.0012987
 0.0024522 -0.0012869
 0.0024447 -0.0013510
 0.0021538 -0.0015418
 0.0021427 -0.0017660
 0.0022628 -0.0021553
 0.0025083 -0.0023426
 0.0027974 -0.0022779
 0.0032075 -0.0021870
 0.0035121 -0.0015151
 0.0036603 -0.0009431
 0.0034670 -0.0000785
 0.0032476  0.0005650
 0.0029855  0.0011246
 0.0027477  0.0015370
 0.0026067  0.0018299
 0.0026421  0.0020445
 0.0028020  0.0020372
 0.0031093  0.0022244
 0.0033951  0.0022284
 0.0035727  0.0024555
 0.0039777  0.0025090
 0.0041527  0.0024255
 0.0041420  0.0022001
 0.0039811  0.0019549
 0.0039117  0.0015668
 0.0036669  0.0012515
 0.0034111  0.0008782
 0.0032536  0.0008270
 0.0029099  0.0009022
 0.0024818  0.0010701
 0.0016804  0.0011917
 0.0009426  0.0011386
 0.0003364  0.0011084
-0.0004385  0.0006726
-0.0010043  0.0005182
-0.0015166  0.0003427
-0.0020288 -0.0000064
-0.0024365 -0.0001839
-0.0025774 -0.0002167
-0.0028026 -0.0004697
-0.0026736 -0.0006214
-0.0026658 -0.0007615
-0.0024282 -0.0008470
-0.0022864 -0.0008412
-0.0021127 -0.0008227
-0.0018401 -0.0007555
-0.0019436 -0.0007723
-0.0021479 -0.0008550
-0.0019893 -0.0011279
-0.0020297 -0.0013346
-0.0021131 -0.0016094
-0.0021428 -0.0018809
-0.0022296 -0.0020159
-0.0023197 -0.0019742
-0.0023690 -0.0020058
-0.0023894 -0.0018694
-0.0024841 -0.0015436
-0.0023787 -0.0014836
-0.0023267 -0.0013420
-0.0022206 -0.0012350
-0.0022204 -0.0012660
-0.0020621 -0.0013848
-0.0019409 -0.0017080
-0.0016674 -0.0018278
-0.0014584 -0.0020688
-0.0010943 -0.0024537
-0.0005042 -0.0026435
-0.0000780 -0.0026748
 0.0003535 -0.0024588
 0.0007170 -0.0023507
 0.0009353 -0.0022491
 0.0010671 -0.0020435
 0.0010661 -0.0018353
 0.0010943 -0.0018106
 0.0009684 -0.0017209
 0.0009684 -0.0017968
 0.0009472 -0.0018584
 0.0010595 -0.0018059
 0.0014038 -0.0018802
 0.0016427 -0.0017304
 0.0020094 -0.0015440
 0.0021868 -0.0011367
 0.0023240 -0.0006361
 0.0023841 -0.0001343
 0.0023578  0.0005573
 0.0020904  0.0012746
 0.0016862  0.0015901
 0.0015288  0.0019400
 0.0009976  0.0021191
 0.0005467  0.0019972
 0.0000687  0.0020146
-0.0002096  0.0019606
-0.0003785  0.0014769
-0.0005475  0.0015782
-0.0007043  0.0013544
-0.0006899  0.0011717
-0.0006930  0.0009644
-0.0008504  0.0007441
-0.0008724  0.0003034
-0.0007906  0.0000041
-0.0007908 -0.0003564
-0.0008396 -0.0005008
-0.0008515 -0.0005921
-0.0011174 -0.0006331
-0.0015406 -0.0005057
-0.0018212 -0.0003207
-0.0021076 -0.0002649
-0.0022515  0.0001021
-0.0023915  0.0003437
-0.0023144  0.0005385
-0.0022088  0.0006079
-0.0022076  0.0008899
-0.0021809  0.0009711
-0.0022905  0.0012656
-0.0024258  0.0011522
-0.0026079  0.0009971
-0.0027543  0.0009718
-0.0031338  0.0009305
-0.0035386  0.0007891
-0.0037660  0.0003700
-0.0039967 -0.0001233
-0.0042098 -0.0007224
-0.0041553 -0.0011570
-0.0039028 -0.0014884
-0.0036755 -0.0017431
-0.0033421 -0.0017744
-0.0028476 -0.0019198
-0.0026630 -0.0019241
-0.0021182 -0.0017567
-0.0017763 -0.0019620
-0.0012873 -0.0020040
-0.0009100 -0.0023212
-0.0005449 -0.0024972
-0.0003028 -0.0026254
-0.0001312 -0.0026348
-0.0003244 -0.0028661
-0.0004121 -0.0027743
-0.0004624 -0.0027537
-0.0008036 -0.0026899
-0.0008642 -0.0025067
-0.0006594 -0.0024025
-0.0004984 -0.0024054
-0.0001217 -0.0023218
-0.0000661 -0.0023101
 0.0002817 -0.0022766
 0.0003502 -0.0017787
 0.0005010 -0.0013925
 0.0003291 -0.0010545
 0.0004192 -0.0006868
 0.0003912 -0.0003287
 0.0005713 -0.0002633
 0.0006438  0.0000468
 0.0008573  0.0002960
 0.0008224  0.0003522
 0.0006215  0.0007572
 0.0005516  0.0009498
 0.0003901  0.0010242
 0.0001009  0.0012392
-0.0000070  0.0013881
 0.0000473  0.0012485
-0.0002278  0.0011993
 0.0000352  0.0009643
 0.0001542  0.0004514
 0.0005444  0.0005794
 0.0007286  0.0004186
 0.0009783  0.0005165
 0.0011359  0.0008759
 0.0009130  0.0011422
 0.0005729  0.0014472
 0.0003043  0.0019611
-0.0001465  0.0021548
-0.0006135  0.0022552
-0.0005655  0.0027603
-0.0007169  0.0026795
-0.0008516  0.0028102
-0.0006934  0.0029739
-0.0007243  0.0029779
-0.0007491  0.0028397
-0.0007516  0.0026637
-0.0007728  0.0024982
-0.0004090  0.0022060
-0.0001028  0.0018918
 0.0001676  0.0016715
 0.0004592  0.0013167
 0.0005665  0.0010929
 0.0006353  0.0010856
 0.0007275  0.0010722
 0.0006160  0.0010147
 0.0002944  0.0012465
 0.0000422  0.0012815
-0.0004212  0.0011483
-0.0009833  0.0009797
-0.0012529  0.0008680
-0.0018468  0.0005618
-0.0021244  0.0005095
-0.0022318  0.0005737
-0.0024708  0.0003724
-0.0024221  0.0003965
-0.0023875  0.0005236
-0.0022888  0.0005617
-0.0020930  0.0008640
-0.0020974  0.0011206
-0.0019535  0.0012836
-0.0018272  0.0017521
-0.0019114  0.0022388
-0.0022287  0.0026355
-0.0024709  0.0029042
-0.0027737  0.0029178
-0.0032933  0.0028803
-0.0033843  0.0028465
-0.0036955  0.0026254
-0.0038013  0.0022385
-0.0038964  0.0018488
-0.0039926  0.0016695
-0.0039351  0.0012905
-0.0038882  0.0011030
-0.0038207  0.0007743
-0.0034737  0.0005771
-0.0032292  0.0006501
-0.0028931  0.0007743
-0.0025852  0.0011403
-0.0023194  0.0012116
-0.0023898  0.0011816
-0.0022572  0.0010447
-0.0020580  0.0008577
-0.0021139  0.0002825
-0.0018062 -0.0002137
-0.0014246 -0.0005153
-0.0011518 -0.0006484
-0.0009808 -0.0005383
-0.0011117 -0.0002910
-0.0014288 -0.0003075
-0.0016282 -0.0003849
-0.0017357 -0.0002915
-0.0019266 -0.0006421
-0.0019144 -0.0009463
-0.0019271 -0.0010356
-0.0019587 -0.0012658
-0.0017492 -0.0015634
-0.0017168 -0.0015729
-0.0015161 -0.0016808
-0.0010664 -0.0019938
-0.0006262 -0.0021569
 0.0000197 -0.0020949
 0.0008265 -0.0018732
 0.0014182 -0.0015353
 0.0016109 -0.0010952
 0.0018196 -0.0007301
 0.0017997 -0.0003178
 0.0017847  0.0002719
 0.0016502  0.0008126
 0.0016621  0.0013076
 0.0016599  0.0017537
 0.0013772  0.0021605
 0.0011695  0.0022085
 0.0010305  0.0024188
 0.0009078  0.0024073
 0.0008913  0.0023226
 0.0011168  0.0022513
 0.0013908  0.0021436
 0.0017927  0.0019636
 0.0021784  0.0021710
 0.0022236  0.0020906
 0.0019955  0.0022564
 0.0017705  0.0024916
 0.0012508  0.0024428
 0.0005400  0.0024137
 0.0003367  0.0023157
 0.0000696  0.0019664
 0.0000015  0.0017796
-0.0000869  0.0015624
-0.0000592  0.0017136
-0.0004299  0.0017084
-0.0009207  0.0019555
-0.0015936  0.0020722
-0.0024266  0.0021621
-0.0030863  0.0020092
-0.0037970  0.0016261
-0.0041461  0.0010882
-0.0044386  0.0004588
-0.0041192  0.0000830
-0.0040554 -0.0004941
-0.0038199 -0.0006323
-0.0036895 -0.0005044
-0.0035864 -0.0004633
-0.0036637 -0.0004369
-0.0040056 -0.0003247
-0.0044434 -0.0006434
-0.0046738 -0.0006846
-0.0047524 -0.0007795
-0.0047231 -0.0008449
-0.0046000 -0.0008532
-0.0045665 -0.0007754
-0.0044511 -0.0007289
-0.0042032 -0.0007986
-0.0040168 -0.0007446
-0.0037141 -0.0007681
-0.0031427 -0.0008127
-0.0028771 -0.0009115
-0.0025118 -0.0009586
-0.0020749 -0.0010248
-0.0018773 -0.0011936
-0.0017425 -0.0015768
-0.0013992 -0.0019499
-0.0012464 -0.0024468
-0.0011100 -0.0029960
-0.0004285 -0.0033300
 0.0002169 -0.0035556
 0.0011295 -0.0033539
 0.0020195 -0.0030098
 0.0026229 -0.0026538
 0.0029937 -0.0019269
 0.0032075 -0.0012810
 0.0033052 -0.0010392
 0.0031477 -0.0010869
 0.0028219 -0.0012750
 0.0029886 -0.0015229
 0.0028242 -0.0018256
 0.0027839 -0.0018271
 0.0027171 -0.0018530
 0.0025536 -0.0015968
 0.0020370 -0.0015349
 0.0018218 -0.0015577
 0.0014305 -0.0017607
 0.0011458 -0.0017439
 0.0008401 -0.0018999
 0.0004800 -0.0021182
 0.0002283 -0.0021858
 0.0000108 -0.0022633
 0.0000153 -0.0021245
-0.0000997 -0.0021084
-0.0001110 -0.0019088
-0.0003474 -0.0015514
-0.0002752 -0.0013806
-0.0002768 -0.0011072
-0.0002049 -0.0005523
-0.0002085 -0.0000764
-0.0003490  0.0002901
-0.0003696  0.0006645
-0.0008761  0.0005781
-0.0011311  0.0004795
-0.0013697 -0.0000636
-0.0015206 -0.0005830
-0.0014394 -0.0009865
-0.0013898 -0.0013290
-0.0013370 -0.0014534
-0.0014130 -0.0016352
-0.0017259 -0.0012811
-0.0017753 -0.0011026
-0.0018820 -0.0008968
-0.0021630 -0.0008237
-0.0021582 -0.0006878
-0.0021120 -0.0004568
-0.0020742 -0.0003347
-0.0020489 -0.0001188
-0.0021124 -0.0001182
-0.0020673 -0.0002642
-0.0022718 -0.0003464
-0.0022135 -0.0004654
-0.0024440 -0.0005796
-0.0026026 -0.0006129
-0.0024785 -0.0006137
-0.0025254 -0.0005848
-0.0024593 -0.0004786
-0.0025462 -0.0005176
-0.0023648 -0.0006059
-0.0025070 -0.0006724
-0.0024600 -0.0010575
-0.0026766 -0.0015398
-0.0027266 -0.0016730
-0.0029411 -0.0020504
-0.0029823 -0.0022127
-0.0029874 -0.0023334
-0.0029181 -0.0023635
-0.0028588 -0.0022016
-0.0025363 -0.0020510
-0.0023819 -0.0020514
-0.0019207 -0.0020211
-0.0013600 -0.0018443
-0.0009289 -0.0020484
-0.0002723 -0.0020790
 0.0001990 -0.0023345
 0.0006543 -0.0025466
 0.0010512 -0.0026943
 0.0014988 -0.0026724
 0.0016018 -0.0026897
 0.0017329 -0.0024280
 0.0020714 -0.0022390
 0.0021954 -0.0020077
 0.0023059 -0.0016059
 0.0024527 -0.0013968
 0.0025316 -0.0011318
 0.0027445 -0.0011258
 0.0027600 -0.0011322
 0.0029511 -0.0014077
 0.0030554 -0.0013450
 0.0030836 -0.0017052
 0.0029689 -0.0017085
 0.0031658 -0.0014682
 0.0030227 -0.0016573
 0.0029221 -0.0013400
 0.0029359 -0.0011570
 0.0028083 -0.0010103
 0.0030286 -0.0007869
 0.0031643 -0.0007209
 0.0033175 -0.0006412
 0.0035025 -0.0005783
 0.0035726 -0.0004668
 0.0034546 -0.0002961
 0.0030376 -0.0001849
 0.0029237 -0.0001357
 0.0026873 -0.0002216
 0.0022997 -0.0003358
 0.0022363 -0.0004187
 0.0019205 -0.0002466
 0.0017978 -0.0003223
 0.0012591 -0.0002546
 0.0007977 -0.0000191
 0.0002120 -0.0001047
-0.0004900  0.0001741
-0.0006679  0.0003463
-0.0013273  0.0001977
-0.0016250  0.0002052
-0.0019370  0.0001713
-0.0020255 -0.0001805
-0.0019901 -0.0003465
-0.0021557 -0.0004298
-0.0022991 -0.0004284
-0.0024013 -0.0006379
-0.0024655 -0.0005351
-0.0025427 -0.0007292
-0.0024218 -0.0006272
-0.0022736 -0.0006027
-0.0021391 -0.0004021
-0.0015170 -0.0000225
-0.0011314  0.0002476
-0.0009506  0.0006655
-0.0005972  0.0009342
-0.0003498  0.0011284
-0.0002783  0.0011110
-0.0002646  0.0010712
-0.0004016  0.0007373
-0.0007341  0.0003528
-0.0010150  0.0000254
-0.0012233 -0.0002095
-0.0014528 -0.0004752
-0.0017337 -0.0003969
-0.0018296 -0.0002882
-0.0017700 -0.0001600
-0.0016352  0.0001010
-0.0015529  0.0001788
-0.0013526  0.0004275
-0.0010593  0.0003801
-0.0009502  0.0003547
-0.0006655  0.0001791
-0.0004622 -0.0001491
-0.0002488 -0.0003570
 0.0001816 -0.0004676
 0.0004618 -0.0006798
 0.0008431 -0.0004057
 0.0011240 -0.0001708
 0.0012710 -0.0000905
 0.0014815  0.0001616
 0.0016718  0.0000004
 0.0016215 -0.0001089
 0.0017139 -0.0000691
 0.0017648 -0.0004053
 0.0016442 -0.0003945
 0.0015649 -0.0003768
 0.0014855 -0.0004185
 0.0011678 -0.0006497
 0.0010185 -0.0006596
 0.0011019 -0.0011096
 0.0010864 -0.0012540
 0.0012017 -0.0012535
 0.0013699 -0.0012438
 0.0014767 -0.0011670
 0.0016871 -0.0009017
 0.0016700 -0.0007534
 0.0017728 -0.0006589
 0.0019529 -0.0005695
 0.0023644 -0.0006619
 0.0027609 -0.0008913
 0.0034568 -0.0008198
 0.0041122 -0.0008509
 0.0045648 -0.0008787
 0.0049667 -0.0009354
 0.0049997 -0.0009746
 0.0050996 -0.0010227
 0.0052380 -0.0010562
 0.0051550 -0.0011202
 0.0048716 -0.0010444
 0.0047877 -0.0010516
 0.0044135 -0.0009483
 0.0039192 -0.0010066
 0.0034683 -0.0007992
 0.0031712 -0.0007817
 0.0028167 -0.0007258
 0.0024458 -0.0005563
 0.0019279 -0.0003325
 0.0014768 -0.0003555
 0.0009933 -0.0004106
 0.0003436 -0.0001656
 0.0001714 -0.0001653
 0.0000877 -0.0000875
 0.0000249  0.0002413
 0.0001283  0.0003225
 0.0001572  0.0004773
 0.0000338  0.0006317
-0.0000730  0.0005255
-0.0003609  0.0003147
-0.0005886  0.0001836
-0.0008392  0.0002178
-0.0006754  0.0002932
-0.0007723  0.0006938
-0.0004856  0.0011311
-0.0005337  0.0014523
-0.0008419  0.0019270
-0.0008236  0.0020668
-0.0009488  0.0019613
-0.0010148  0.0018542
-0.0009920  0.0014150
-0.0009936  0.0008884
-0.0006257  0.0006464
-0.0004452  0.0003823
-0.0001765  0.0001327
-0.0002438  0.0000931
-0.0002479  0.0000524
-0.0002915 -0.0000699
-0.0006787  0.0000313
-0.0011744 -0.0002077
-0.0016348 -0.0003272
-0.0019959 -0.0006425
-0.0021084 -0.0008928
-0.0022944 -0.0012420
-0.0019672 -0.0015855
-0.0015576 -0.0020009
-0.0010304 -0.0022771
-0.0003149 -0.0026030
 0.0000479 -0.0030124
 0.0005979 -0.0030219
 0.0010032 -0.0032787
 0.0014434 -0.0032649
 0.0015074 -0.0030612
 0.0016874 -0.0028282
 0.0012174 -0.0025118
 0.0007534 -0.0023466
 0.0003461 -0.0022385
-0.0002551 -0.0021744
-0.0007111 -0.0022229
-0.0010166 -0.0023970
-0.0013176 -0.0023734
-0.0013430 -0.0022687
-0.0014568 -0.0024806
-0.0012912 -0.0023609
-0.0011577 -0.0023291
-0.0009246 -0.0024184
-0.0006695 -0.0022013
-0.0004503 -0.0020859
-0.0004709 -0.0022395
-0.0004673 -0.0021890
-0.0004713 -0.0021330
-0.0004227 -0.0021823
-0.0002229 -0.0019004
 0.0002874 -0.0017549
 0.0006500 -0.0014394
 0.0012335 -0.0011510
 0.0014839 -0.0006779
 0.0017961 -0.0002357
 0.0017338  0.0002303
 0.0017631  0.0006385
 0.0016673  0.0009497
 0.0015387  0.0014749
 0.0015210  0.0018486
 0.0014165  0.0021523
 0.0014009  0.0024058
 0.0013926  0.0025801
 0.0010435  0.0026570
 0.0010132  0.0027360
 0.0009510  0.0028759
 0.0009901  0.0032302
 0.0008372  0.0034616
 0.0007749  0.0036741
 0.0005263  0.0040184
 0.0004151  0.0041597
 0.0003478  0.0042116
 0.0000736  0.0043060
 0.0000955  0.0041790
 0.0000802  0.0043579
-0.0001071  0.0042348
-0.0002397  0.0041844
-0.0006634  0.0040901
-0.0007261  0.0040102
-0.0008768  0.0037747
-0.0010486  0.0035999
-0.0010766  0.0032881
-0.0011991  0.0030867
-0.0013280  0.0031213
-0.0012911  0.0029095
-0.0012667  0.0026197
-0.0014221  0.0025381
-0.0017332  0.0024367
-0.0020892  0.0024380
-0.0023977  0.0021181
-0.0029184  0.0019402
-0.0031377  0.0016729
-0.0034061  0.0014435
-0.0035162  0.0009898
-0.0033793  0.0006764
-0.0030540  0.0004477
-0.0025059  0.0000891
-0.0020479  0.0000585
-0.0016013  0.0003197
-0.0013315  0.0003237
-0.0012267  0.0008207
-0.0011337  0.0008160
-0.0010710  0.0009549
-0.0009038  0.0009304
-0.0005651  0.0007877
-0.0001215  0.0006406
 0.0002833  0.0004632
 0.0004676  0.0001696
 0.0006122  0.0001538
 0.0003935  0.0001769
 0.0000167  0.0002307
-0.0003454  0.0003474
-0.0006044  0.0004828
-0.0007864  0.0005181
-0.0008028  0.0004776
-0.0006744  0.0002593
-0.0006638 -0.0000451
-0.0005099 -0.0004592
-0.0001465 -0.0009445
 0.0003759 -0.0011901
 0.0006992 -0.0014239
 0.0011760 -0.0016307
 0.0013561 -0.0014370
 0.0014775 -0.0015115
 0.0012262 -0.0013794
 0.0007450 -0.0013342
 0.0004174 -0.0015204
 0.0000602 -0.0016398
-0.0000516 -0.0018324
-0.0001351 -0.0022022
-0.0001280 -0.0024328
-0.0000713 -0.0025105
 0.0003752 -0.0025017
 0.0007209 -0.0025052
 0.0012064 -0.0024994
 0.0017798 -0.0023346
 0.0023550 -0.0022141
 0.0027331 -0.0018086
 0.0031003 -0.0013454
 0.0031882 -0.0010944
 0.0031384 -0.0005437
 0.0031062 -0.0002098
 0.0031457  0.0001961
 0.0031690  0.0006594
 0.0034419  0.0009714
 0.0034897  0.0011678
 0.0036228  0.0012769
 0.0035496  0.0013725
 0.0033080  0.0014003
 0.0029898  0.0012864
 0.0026835  0.0014781
 0.0023134  0.0016873
 0.0020389  0.0020331
 0.0018871  0.0021806
 0.0015016  0.0023060
 0.0014702  0.0023267
 0.0011624  0.0020051
 0.0008802  0.0019716
 0.0008371  0.0018000
 0.0005391  0.0019371
 0.0000704  0.0020271
-0.0002976  0.0019641
-0.0005625  0.0019537
-0.0010376  0.0017790
-0.0015300  0.0016185
-0.0020644  0.0013087
-0.0024266  0.0008460
-0.0025376  0.0003437
-0.0026565 -0.0002999
-0.0026111 -0.0008881
-0.0023556 -0.0013865
-0.0023680 -0.0015854
-0.0023238 -0.0016652
-0.0021033 -0.0018267
-0.0022658 -0.0018198
-0.0025330 -0.0018274
-0.0025447 -0.0019477
-0.0029495 -0.0021253
-0.0030496 -0.0024026
-0.0031134 -0.0027881
-0.0032003 -0.0029308
-0.0030920 -0.0029660
-0.0031419 -0.0031511
-0.0033028 -0.0030496
-0.0034820 -0.0032422
-0.0032556 -0.0031229
-0.0032651 -0.0030771
-0.0030742 -0.0029209
-0.0026214 -0.0027160
-0.0021727 -0.0026559
-0.0017153 -0.0024643
-0.0010353 -0.0023892
-0.0003764 -0.0022245
 0.0002711 -0.0021128
 0.0006540 -0.0022329
 0.0011669 -0.0022212
 0.0017510 -0.0025085
 0.0020572 -0.0027753
 0.0022400 -0.0026949
 0.0026827 -0.0027465
 0.0026725 -0.0027078
 0.0025319 -0.0026147
 0.0023664 -0.0026104
 0.0022432 -0.0027036
 0.0020817 -0.0026580
 0.0021684 -0.0026499
 0.0020580 -0.0028008
 0.0020121 -0.0027841
 0.0021677 -0.0026851
 0.0021567 -0.0026100
 0.0022370 -0.0025104
 0.0020889 -0.0023095
 0.0017406 -0.0022390
 0.0016764 -0.0022292
 0.0013515 -0.0020179
 0.0013714 -0.0017738
 0.0012963 -0.0016179
 0.0013801 -0.0013380
 0.0013830 -0.0010449
 0.0015123 -0.0008450
 0.0016029 -0.0006208
 0.0015521 -0.0004088
 0.0016499 -0.0003804
 0.0020054 -0.0000951
 0.0024181  0.0001757
 0.0030131  0.0002042
 0.0037394  0.0007519
 0.0042527  0.0011145
 0.0048998  0.0015825
 0.0051959  0.0022013
 0.0051263  0.0027120
 0.0048320  0.0033817
 0.0044193  0.0036323
 0.0037942  0.0038949
 0.0033535  0.0037802
 0.0029933  0.0037458
 0.0028451  0.0034728
 0.0024236  0.0033165
 0.0022423  0.0032958
 0.0021856  0.0032871
 0.0019000  0.0032029
 0.0016139  0.0032746
 0.0014290  0.0033653
 0.0011964  0.0032565
 0.0011093  0.0029522
 0.0008537  0.0026739
 0.0006761  0.0022162
 0.0002749  0.0017511
 0.0000746  0.0012751
-0.0002384  0.0009028
-0.0003726  0.0004785
-0.0004727  0.0002559
-0.0005627 -0.0000678
-0.0007489 -0.0001578
-0.0008578 -0.0004533
-0.0007474 -0.0007512
-0.0005118 -0.0012521
-0.0003475 -0.0017350
-0.0000678 -0.0021368
 0.0000525 -0.0025962
 0.0001920 -0.0028904
 0.0000626 -0.0029592
-0.0002402 -0.0029775
-0.0003710 -0.0029122
-0.0007738 -0.0028974
-0.0010179 -0.0027019
-0.0014529 -0.0025358
-0.0018435 -0.0025317
-0.0021263 -0.0025640
-0.0028116 -0.0025713
-0.0030016 -0.0027171
-0.0033461 -0.0028928
-0.0034002 -0.0032964
-0.0034431 -0.0037071
-0.0031956 -0.0038452
-0.0031314 -0.0039221
-0.0029431 -0.0040781
-0.0028474 -0.0038608
-0.0025978 -0.0037389
-0.0023819 -0.0035365
-0.0021400 -0.0033853
-0.0017415 -0.0031825
-0.0014289 -0.0027822
-0.0008955 -0.0025561
-0.0007472 -0.0023634
-0.0003430 -0.0020659
-0.0000017 -0.0018259
 0.0003776 -0.0015231
 0.0005038 -0.0013719
 0.0005527 -0.0011886
 0.0004436 -0.0008663
 0.0002795 -0.0008710
-0.0000816 -0.0009067
-0.0002590 -0.0008133
-0.0003777 -0.0011280
-0.0003313 -0.0011597
-0.0003097 -0.0011203
-0.0000873 -0.0008717
 0.0000930 -0.0007150
 0.0000193 -0.0001104
-0.0001110  0.0002045
-0.0002670  0.0004909
-0.0007224  0.0008186
-0.0009972  0.0008828
-0.0012879  0.0006838
-0.0015806  0.0006464
-0.0015716  0.0004995
-0.0018045  0.0002680
-0.0016404  0.0000736
-0.0016846  0.0002315
-0.0018493  0.0002179
-0.0017324  0.0004540
-0.0018908  0.0008528
-0.0021910  0.0012213
-0.0022935  0.0015349
-0.0024929  0.0019743
-0.0024412  0.0021712
-0.0024542  0.0027821
-0.0022649  0.0031888
-0.0021371  0.0036609
-0.0019303  0.0039766
-0.0018047  0.0043242
-0.0017993  0.0046756
-0.0017578  0.0048948
-0.0017526  0.0051164
-0.0018745  0.0052711
-0.0021536  0.0051624
-0.0023311  0.0050319
-0.0026184  0.0047554
-0.0028325  0.0045395
-0.0029469  0.0043504
-0.0029859  0.0040544
-0.0027497  0.0042772
-0.0027076  0.0043259
-0.0025779  0.0043634
-0.0023914  0.0044071
-0.0022530  0.0045791
-0.0022950  0.0042749
-0.0022293  0.0040222
-0.0021568  0.0034943
-0.0019464  0.0032253
-0.0017861  0.0028728
-0.0014433  0.0025696
-0.0010875  0.0022152
-0.0008258  0.0019127
-0.0007629  0.0014675
-0.0007833  0.0011037
-0.0008987  0.0006646
-0.0010809  0.0003800
-0.0012349  0.0002141
-0.0012451  0.0001722
-0.0010955  0.0001137
-0.0009470  0.0002005
-0.0007874  0.0002138
-0.0004372  0.0000555
-0.0005105 -0.0001445
-0.0004008 -0.0005908
-0.0002612 -0.0010216
-0.0003423 -0.0013324
-0.0001539 -0.0017071
-0.0000505 -0.0019816
-0.0001194 -0.0022411
-0.0000063 -0.0024370
 0.0000213 -0.0024199
 0.0000786 -0.0023141
 0.0001932 -0.0022036
 0.0002620 -0.0018921
 0.0003236 -0.0014575
 0.0005580 -0.0010990
 0.0006274 -0.0004552
 0.0006483  0.0001160
 0.0006508  0.0005085
 0.0006695  0.0011167
 0.0005539  0.0012174
 0.0005479  0.0012787
 0.0005231  0.0012164
 0.0006125  0.0012156
 0.0007220  0.0011929
 0.0007165  0.0013318
 0.0005699  0.0015168
 0.0003439  0.0017866
 0.0000628  0.0019904
-0.0003849  0.0022880
-0.0005888  0.0021854
-0.0006552  0.0023089
-0.0004534  0.0023529
-0.0001432  0.0024905
 0.0000500  0.0027677
 0.0001204  0.0030687
 0.0001171  0.0033221
-0.0000447  0.0034419
-0.0003202  0.0035961
-0.0006036  0.0035916
-0.0009864  0.0036321
-0.0010935  0.0039555
-0.0013982  0.0040201
-0.0014186  0.0042492
-0.0013266  0.0044051
-0.0013992  0.0045128
-0.0016387  0.0046001
-0.0019135  0.0045995
-0.0022916  0.0043389
-0.0026671  0.0042757
-0.0030943  0.0042828
-0.0033035  0.0041683
-0.0034298  0.0042086
-0.0033354  0.0040148
-0.0035522  0.0037898
-0.0037886  0.0033600
-0.0037540  0.0027877
-0.0037736  0.0022663
-0.0036974  0.0015432
-0.0036294  0.0011009
-0.0036745  0.0008723
-0.0034808  0.0005213
-0.0031451  0.0004884
-0.0028763  0.0004192
-0.0025830  0.0004068
-0.0022523  0.0003971
-0.0020191  0.0001808
-0.0016158  0.0002127
-0.0012658  0.0002145
-0.0012072 -0.0000049
-0.0011913 -0.0001126
-0.0011840 -0.0001540
-0.0012620 -0.0004082
-0.0013092 -0.0003522
-0.0012993 -0.0001950
-0.0011978 -0.0000401
-0.0011006  0.0002288
-0.0011343  0.0005412
-0.0013399  0.0005726
-0.0014557  0.0006015
-0.0016633  0.0003996
-0.0017748  0.0002486
-0.0016295 -0.0000314
-0.0013991 -0.0001833
-0.0007700 -0.0002467
-0.0006005 -0.0004825
-0.0000909 -0.0005032
 0.0002325 -0.0005294
 0.0003737 -0.0007031
 0.0004027 -0.0008335
 0.0002021 -0.0007246
 0.0000668 -0.0006817
 0.0000135 -0.0006807
-0.0000075 -0.0006226
 0.0000473 -0.0006836
 0.0001580 -0.0008498
 0.0004860 -0.0009161
 0.0008447 -0.0011778
 0.0011505 -0.0013479
 0.0014760 -0.0014875
 0.0016685 -0.0015191
 0.0019537 -0.0014167
 0.0019894 -0.0012086
 0.0021286 -0.0008753
 0.0022255 -0.0003742
 0.0022413  0.0003304
 0.0022869  0.0009917
 0.0022315  0.0016570
 0.0019945  0.0023975
 0.0018380  0.0029762
 0.0015030  0.0032952
 0.0013951  0.0036076
 0.0013008  0.0037658
 0.0013562  0.0040488
 0.0010532  0.0040490
 0.0007364  0.0040418
 0.0006678  0.0038479
 0.0002880  0.0035712
 0.0001442  0.0031731
 0.0001001  0.0026651
 0.0001002  0.0021398
 0.0001514  0.0015373
 0.0003853  0.0011651
 0.0005125  0.0008368
 0.0008408  0.0006133
 0.0012242  0.0005430
 0.0014236  0.0005133
 0.0014998  0.0006934
 0.0014335  0.0007646
 0.0014152  0.0008353
 0.0010182  0.0011256
 0.0007014  0.0012119
 0.0002309  0.0013138
-0.0001603  0.0012729
-0.0008011  0.0011513
-0.0010649  0.0011476
-0.0016267  0.0010765
-0.0020388  0.0008993
-0.0023894  0.0008243
-0.0028475  0.0006665
-0.0031362  0.0003356
-0.0033626  0.0002310
-0.0033545 -0.0000349
-0.0032943 -0.0002264
-0.0032053 -0.0004370
-0.0030165 -0.0006350
-0.0028802 -0.0006661
-0.0026236 -0.0006420
-0.0023326 -0.0005957
-0.0021449 -0.0009337
-0.0018110 -0.0010188
-0.0012993 -0.0013971
-0.0006436 -0.0017454
-0.0002118 -0.0019597
 0.0001872 -0.0020741
 0.0005771 -0.0019845
 0.0008220 -0.0018522
 0.0008262 -0.0018555
 0.0008398 -0.0016793
 0.0008003 -0.0015540
 0.0008983 -0.0016892
 0.0009773 -0.0017671
 0.0012879 -0.0018657
 0.0014681 -0.0019016
 0.0019503 -0.0018612
 0.0021548 -0.0019775
 0.0023161 -0.0017642
 0.0022243 -0.0018221
 0.0022544 -0.0019962
 0.0021255 -0.0021997
 0.0019433 -0.0024455
 0.0020608 -0.0028167
 0.0019490 -0.0032170
 0.0018481 -0.0035493
 0.0017529 -0.0035563
 0.0018535 -0.0035729
 0.0018845 -0.0035821
 0.0022471 -0.0032955
 0.0027186 -0.0029203
 0.0031109 -0.0025402
 0.0034857 -0.0020410
 0.0036219 -0.0016207
 0.0038007 -0.0012504
 0.0038820 -0.0009329
 0.0037161 -0.0006592
 0.0035073 -0.0005800
 0.0033576 -0.0006291
 0.0029984 -0.0006692
 0.0027991 -0.0006338
 0.0027367 -0.0007542
 0.0027570 -0.0007664
 0.0030821 -0.0006959
 0.0033184 -0.0005327
 0.0034639 -0.0001928
 0.0036244 -0.0000499
 0.0036844  0.0001930
 0.0034764  0.0003320
 0.0033379  0.0006500
 0.0032739  0.0009240
 0.0031613  0.0013798
 0.0031160  0.0018656
 0.0030645  0.0025194
 0.0030183  0.0029917
 0.0030356  0.0034844
 0.0030768  0.0035729
 0.0031875  0.0036451
 0.0037115  0.0032770
 0.0042007  0.0028427
 0.0046149  0.0024473
 0.0051035  0.0024070
 0.0054627  0.0023778
 0.0054960  0.0024783
 0.0051462  0.0024875
 0.0046017  0.0024852
 0.0040438  0.0022759
 0.0036595  0.0022379
 0.0030493  0.0018342
 0.0027433  0.0017995
 0.0023621  0.0016055
 0.0021344  0.0014132
 0.0020074  0.0011015
 0.0017723  0.0007841
 0.0010643  0.0002627
 0.0009486 -0.0002384
 0.0005353 -0.0006576
 0.0001998 -0.0010388
-0.0001273 -0.0013615
-0.0002866 -0.0015353
-0.0006544 -0.0018656
-0.0007973 -0.0021095
-0.0010082 -0.0024404
-0.0010727 -0.0029483
-0.0010434 -0.0034175
-0.0005878 -0.0039593
-0.0002331 -0.0047158
 0.0004016 -0.0052150
 0.0009634 -0.0055250
 0.0016204 -0.0055708
 0.0020838 -0.0055409
 0.0023067 -0.0053349
 0.0022709 -0.0048774
 0.0022628 -0.0046315
 0.0021889 -0.0042445
 0.0018967 -0.0041190
 0.0019260 -0.0039696
 0.0017071 -0.0040027
 0.0015990 -0.0042275
 0.0015216 -0.0045399
 0.0014387 -0.0050622
 0.0011701 -0.0053239
 0.0012786 -0.0056624
 0.0009763 -0.0058017
 0.0007171 -0.0055610
 0.0005492 -0.0054285
 0.0004489 -0.0050875
 0.0002529 -0.0048000
 0.0001514 -0.0045254
 0.0001591 -0.0044062
 0.0002505 -0.0045033
 0.0005163 -0.0046229
 0.0008743 -0.0046783
 0.0012715 -0.0044983
 0.0018075 -0.0042724
 0.0020397 -0.0036088
 0.0024070 -0.0028694
 0.0025062 -0.0020587
 0.0020766 -0.0014054
 0.0019040 -0.0009237
 0.0018079 -0.0005524
 0.0015363 -0.0003896
 0.0015721 -0.0001489
 0.0014738 -0.0000184
 0.0013532  0.0000582
 0.0013092  0.0003170
 0.0011944  0.0003756
 0.0008346  0.0006682
 0.0005468  0.0009503
 0.0000693  0.0010267
-0.0000818  0.0011260
-0.0002862  0.0014216
-0.0003909  0.0013787
-0.0003224  0.0015055
-0.0005852  0.0016465
-0.0007843  0.0015047
-0.0009352  0.0017166
-0.0013913  0.0013440
-0.0015921  0.0009705
-0.0017758  0.0008156
-0.0016665  0.0004620
-0.0016424  0.0004987
-0.0012877  0.0006017
-0.0010142  0.0007069
-0.0005655  0.0009580
-0.0001317  0.0012621
 0.0003596  0.0014186
 0.0006010  0.0017219
 0.0008845  0.0019877
 0.0011496  0.0021017
 0.0010560  0.0021667
 0.0007591  0.0023038
 0.0005063  0.0019406
 0.0002443  0.0017708
-0.0000793  0.0015615
-0.0000221  0.0011389
 0.0000353  0.0010047
 0.0000476  0.0010191
-0.0000050  0.0010262
-0.0004179  0.0010733
-0.0005014  0.0010385
-0.0009243  0.0007400
-0.0012644  0.0004224
-0.0015060  0.0000543
-0.0020129 -0.0003271
-0.0019925 -0.0006775
-0.0020280 -0.0009809
-0.0022257 -0.0010875
-0.0022794 -0.0010650
-0.0021516 -0.0011252
-0.0020168 -0.0010608
-0.0018008 -0.0012574
-0.0013775 -0.0015162
-0.0011764 -0.0016715
-0.0007111 -0.0018248
-0.0002448 -0.0023294
 0.0002165 -0.0024404
 0.0006491 -0.0027586
 0.0010485 -0.0029384
 0.0013889 -0.0028596
 0.0016897 -0.0026498
 0.0018630 -0.0023508
 0.0018667 -0.0018016
 0.0018869 -0.0012934
 0.0018483 -0.0009046
 0.0016416 -0.0001934
 0.0016724  0.0002151
 0.0014505  0.0003786
 0.0012724  0.0005542
 0.0012637  0.0007753
 0.0010546  0.0006471
 0.0006502  0.0006045
 0.0006821  0.0000092
 0.0004216 -0.0005184
 0.0001749 -0.0007204
 0.0002326 -0.0011727
 0.0002487 -0.0012441
 0.0002273 -0.0013623
 0.0004371 -0.0013132
 0.0005366 -0.0012266
 0.0007069 -0.0009720
 0.0009851 -0.0010391
 0.0011022 -0.0012151
 0.0014350 -0.0014472
 0.0016717 -0.0018602
 0.0018953 -0.0021406
 0.0021925 -0.0021655
 0.0024801 -0.0023213
 0.0026138 -0.0021279
 0.0027571 -0.0018018
 0.0028453 -0.0015363
 0.0025772 -0.0010853
 0.0023174 -0.0005437
 0.0021729 -0.0005373
 0.0019336 -0.0001814
 0.0020306  0.0002578
 0.0019345  0.0005561
 0.0021621  0.0007869
 0.0019758  0.0012477
 0.0016315  0.0011649
 0.0014756  0.0011475
 0.0012176  0.0010476
 0.0010486  0.0006490
 0.0006587  0.0005578
 0.0005787  0.0006080
 0.0000841  0.0004190
-0.0002394  0.0004327
-0.0005996  0.0003516
-0.0009719  0.0002538
-0.0009719  0.0002697
-0.0011734  0.0005734
-0.0013723  0.0007034
-0.0015776  0.0011749
-0.0016842  0.0013852
-0.0019313  0.0016160
-0.0021725  0.0017067
-0.0022514  0.0019988
-0.0026085  0.0020546
-0.0027507  0.0021061
-0.0029014  0.0020519
-0.0033641  0.0019846
-0.0037099  0.0019818
-0.0040327  0.0018867
-0.0046087  0.0017628
-0.0048297  0.0014909
-0.0051535  0.0013223
-0.0054379  0.0012114
-0.0052918  0.0009364
-0.0049884  0.0006062
-0.0045398  0.0002731
-0.0040189  0.0000102
-0.0033250  0.0000929
-0.0030144 -0.0000588
-0.0025991 -0.0001197
-0.0023703  0.0000246
-0.0021901  0.0000359
-0.0018480  0.0001856
-0.0015505  0.0000476
-0.0012421  0.0001669
-0.0008964  0.0000279
-0.0005548 -0.0000623
-0.0003000 -0.0003684
-0.0000176 -0.0004082
 0.0000655 -0.0005210
 0.0004312 -0.0005381
 0.0006921 -0.0003687
 0.0010799 -0.0004447
 0.0015034 -0.0002255
 0.0016199 -0.0000824
 0.0015975  0.0000754
 0.0014967  0.0001910
 0.0013714  0.0004259
 0.0010299  0.0004680
 0.0008522  0.0006164
 0.0007457  0.0008784
 0.0007127  0.0011069
 0.0006418  0.0013626
 0.0006770  0.0015401
 0.0007502  0.0018375
 0.0006546  0.0017731
 0.0006000  0.0021170
 0.0006081  0.0023677
 0.0009302  0.0023485
 0.0009766  0.0026917
 0.0011067  0.0026232
 0.0011781  0.0029329
 0.0012202  0.0032249
 0.0012207  0.0034142
 0.0014168  0.0036896
 0.0014311  0.0039539
 0.0015475  0.0043461
 0.0013006  0.0042798
 0.0010308  0.0042596
 0.0005809  0.0041779
 0.0002898  0.0038901
-0.0004936  0.0035391
-0.0008615  0.0033450
-0.0013312  0.0031377
-0.0020260  0.0030789
-0.0022185  0.0030570
-0.0026271  0.0029383
-0.0028539  0.0028652
-0.0030331  0.0028737
-0.0029490  0.0029755
-0.0031724  0.0031083
-0.0029862  0.0030596
-0.0029636  0.0030852
-0.0030427  0.0029335
-0.0029790  0.0029368
-0.0030385  0.0026320
-0.0031857  0.0025412
-0.0032952  0.0023134
-0.0033552  0.0021534
-0.0034201  0.0019951
-0.0033625  0.0018733
-0.0033423  0.0019029
-0.0032462  0.0017897
-0.0030229  0.0019364
-0.0032276  0.0020881
-0.0035901  0.0021211
-0.0038272  0.0021640
-0.0041723  0.0019246
-0.0044485  0.0018652
-0.0047347  0.0016426
-0.0047957  0.0015758
-0.0046931  0.0012707
-0.0044174  0.0009561
-0.0043008  0.0005500
-0.0040697  0.0002633
-0.0038300  0.0000766
-0.0037535 -0.0004313
-0.0037310 -0.0005076
-0.0038608 -0.0007119
-0.0039796 -0.0011676
-0.0035999 -0.0014778
-0.0034775 -0.0017998
-0.0031283 -0.0022566
-0.0025465 -0.0023686
-0.0023046 -0.0024921
-0.0019249 -0.0025765
-0.0016534 -0.0028754
-0.0015846 -0.0029797
-0.0014784 -0.0030845
-0.0013065 -0.0029680
-0.0013780 -0.0030406
-0.0012640 -0.0029676
-0.0009409 -0.0028545
-0.0007764 -0.0028197
-0.0007064 -0.0024120
-0.0004126 -0.0024826
-0.0004170 -0.0021947
-0.0003075 -0.0020336
-0.0001781 -0.0018315
-0.0000750 -0.0018784
-0.0001021 -0.0016605
 0.0000296 -0.0015200
 0.0000076 -0.0013182
-0.0000574 -0.0009443
-0.0000300 -0.0004524
-0.0001655  0.0001247
-0.0003335  0.0006532
-0.0005175  0.0009838
-0.0009516  0.0012985
-0.0010520  0.0012844
-0.0008657  0.0014704
-0.0008848  0.0014704
-0.0006444  0.0015006
-0.0003204  0.0016864
-0.0001988  0.0017742
 0.0002850  0.0019356
 0.0004672  0.0023385
 0.0006919  0.0027153
 0.0010704  0.0030848
 0.0009695  0.0032367
 0.0009216  0.0034039
 0.0007564  0.0035351
 0.0003263  0.0034723
-0.0000117  0.0034542
-0.0002447  0.0033215
-0.0005671  0.0030394
-0.0005073  0.0029367
-0.0003184  0.0027415
-0.0002563  0.0025879
 0.0000978  0.0025317
 0.0001144  0.0024507
 0.0000750  0.0021376
-0.0002374  0.0018425
-0.0004691  0.0014300
-0.0007988  0.0010023
-0.0011163  0.0004717
-0.0012525 -0.0001962
-0.0017708 -0.0007312
-0.0016389 -0.0011411
-0.0017040 -0.0014359
-0.0017011 -0.0018690
-0.0016253 -0.0020866
-0.0015011 -0.0021657
-0.0014200 -0.0022003
-0.0010204 -0.0021237
-0.0008438 -0.0017315
-0.0004852 -0.0014563
-0.0002027 -0.0012351
-0.0000981 -0.0007306
-0.0002305 -0.0006319
-0.0001615 -0.0003063
-0.0005323 -0.0005773
-0.0006411 -0.0005059
-0.0007602 -0.0004537
-0.0009494 -0.0005141
-0.0010288 -0.0004551
-0.0009946 -0.0005876
-0.0009462 -0.0009675
-0.0007606 -0.0010183
-0.0003594 -0.0016314
-0.0003255 -0.0020851
-0.0002616 -0.0023785
-0.0001788 -0.0028614
-0.0001568 -0.0029815
 0.0000080 -0.0030960
 0.0003197 -0.0029675
 0.0004511 -0.0026049
 0.0008265 -0.0021640
 0.0009324 -0.0015562
 0.0011504 -0.0011483
 0.0010699 -0.0007499
 0.0012070 -0.0003653
 0.0010635 -0.0003660
 0.0011419 -0.0003731
 0.0012283 -0.0004592
 0.0012515 -0.0006135
 0.0015321 -0.0007945
 0.0017632 -0.0011090
 0.0018249 -0.0011990
 0.0020917 -0.0011659
 0.0023332 -0.0012304
 0.0024330 -0.0011562
 0.0026590 -0.0008760
 0.0028906 -0.0009329
 0.0027584 -0.0011057
 0.0028903 -0.0012556
 0.0028401 -0.0013609
 0.0028796 -0.0014429
 0.0030550 -0.0016314
 0.0029092 -0.0016372
 0.0029644 -0.0017235
 0.0029604 -0.0017720
 0.0028171 -0.0016987
 0.0025860 -0.0016849
 0.0020708 -0.0016870
 0.0017005 -0.0018135
 0.0014694 -0.0018218
 0.0013570 -0.0017518
 0.0013486 -0.0017763
 0.0014991 -0.0014181
 0.0017903 -0.0010349
 0.0017914 -0.0004656
 0.0018379  0.0001048
 0.0017641  0.0007494
 0.0017651  0.0011118
 0.0018178  0.0015126
 0.0016525  0.0019723
 0.0016724  0.0021660
 0.0017197  0.0023038
 0.0017429  0.0023493
 0.0015750  0.0023330
 0.0014924  0.0024625
 0.0012430  0.0026066
 0.0008364  0.0027124
 0.0006228  0.0028686
 0.0002920  0.0031267
 0.0002662  0.0032936
 0.0004366  0.0034630
 0.0005404  0.0033703
 0.0008822  0.0032827
 0.0011543  0.0032496
 0.0013135  0.0034175
 0.0013387  0.0033962
 0.0011777  0.0034777
 0.0006965  0.0034607
 0.0003157  0.0033294
-0.0000961  0.0031664
-0.0005195  0.0030136
-0.0009049  0.0028208
-0.0011759  0.0024415
-0.0016916  0.0020796
-0.0018793  0.0018799
-0.0020427  0.0015168
-0.0023617  0.0012016
-0.0024330  0.0008262
-0.0024995  0.0003830
-0.0027661 -0.0000506
-0.0029546 -0.0006051
-0.0031030 -0.0007682
-0.0033195 -0.0012281
-0.0034930 -0.0012926
-0.0037053 -0.0015279
-0.0037281 -0.0014829
-0.0037410 -0.0015541
-0.0037334 -0.0016084
-0.0034722 -0.0013877
-0.0032705 -0.0013849
-0.0030106 -0.0014484
-0.0024159 -0.0012625
-0.0019384 -0.0014173
-0.0015073 -0.0015199
-0.0008960 -0.0017303
-0.0005514 -0.0020481
-0.0002549 -0.0023792
-0.0000789 -0.0025082
-0.0001296 -0.0024111
-0.0003201 -0.0024103
-0.0003965 -0.0022842
-0.0006712 -0.0023143
-0.0007617 -0.0025323
-0.0006419 -0.0025493
-0.0005858 -0.0026362
-0.0005769 -0.0026779
-0.0002489 -0.0024936
 0.0001192 -0.0023330
 0.0002040 -0.0020545
 0.0004560 -0.0017107
 0.0005929 -0.0012437
 0.0006806 -0.0010705
 0.0007676 -0.0005747
 0.0009963 -0.0004207
 0.0011031 -0.0003816
 0.0014969 -0.0002215
 0.0017621 -0.0001805
 0.0019941  0.0000535
 0.0022248  0.0003365
 0.0021349  0.0007654
 0.0018912  0.0010626
 0.0017805  0.0012362
 0.0016589  0.0013177
 0.0015911  0.0015720
 0.0015883  0.0015229
 0.0013214  0.0016508
 0.0011457  0.0016886
 0.0007507  0.0018282
 0.0003638  0.0019128
 0.0000827  0.0020718
-0.0000831  0.0023526
-0.0003714  0.0024214
-0.0005799  0.0026205
-0.0007463  0.0028020
-0.0010781  0.0024005
-0.0012587  0.0022347
-0.0016301  0.0017707
-0.0021762  0.0011152
-0.0024498  0.0007429
-0.0025565  0.0003018
-0.0027022  0.0000998
-0.0028054  0.0000514
-0.0028953  0.0002725
-0.0028898  0.0002958
-0.0030909  0.0003845
-0.0031660  0.0003497
-0.0032223  0.0001418
-0.0031812 -0.0000550
-0.0031958 -0.0001835
-0.0031676 -0.0003195
-0.0030471 -0.0000936
-0.0029107  0.0002362
-0.0027959  0.0004802
-0.0025399  0.0006803
-0.0026282  0.0007475
-0.0024968  0.0006764
-0.0026440  0.0002745
-0.0025964 -0.0000343
-0.0024941 -0.0005251
-0.0023527 -0.0008181
-0.0023699 -0.0011100
-0.0021333 -0.0013592
-0.0019417 -0.0013444
-0.0017252 -0.0014039
-0.0015906 -0.0013457
-0.0015689 -0.0013715
-0.0016841 -0.0014451
-0.0017627 -0.0016412
-0.0018881 -0.0019517
-0.0021000 -0.0024430
-0.0019227 -0.0028180
-0.0019097 -0.0032687
-0.0019912 -0.0036499
-0.0019481 -0.0038703
-0.0021823 -0.0038637
-0.0023896 -0.0040319
-0.0025538 -0.0039146
-0.0025779 -0.0039760
-0.0026306 -0.0040697
-0.0023897 -0.0039569
-0.0020432 -0.0038875
-0.0019509 -0.0035129
-0.0015584 -0.0031595
-0.0013262 -0.0027259
-0.0008685 -0.0023809
-0.0003873 -0.0021124
-0.0002201 -0.0019416
-0.0000335 -0.0015404
-0.0001263 -0.0012365
-0.0003952 -0.0010726
-0.0007002 -0.0009829
-0.0007808 -0.0008722
-0.0009089 -0.0008697
-0.0007469 -0.0007660
-0.0004993 -0.0008031
-0.0002372 -0.0004308
 0.0000974 -0.0000531
 0.0002790  0.0004891
 0.0000872  0.0007772
 0.0000238  0.0012575
-0.0001910  0.0015071
-0.0002005  0.0017001
-0.0001387  0.0020070
 0.0000771  0.0022045
 0.0000109  0.0022862
 0.0001478  0.0025890
-0.0000146  0.0028111
-0.0001888  0.0030491
-0.0003473  0.0033130
-0.0004179  0.0036846
-0.0004670  0.0040568
-0.0004580  0.0046883
-0.0003098  0.0050632
-0.0000949  0.0053280
-0.0000354  0.0054392
-0.0002261  0.0057563
-0.0001526  0.0056839
-0.0002079  0.0055795
-0.0002116  0.0056167
-0.0001778  0.0054026
 0.0000258  0.0053943
-0.0001118  0.0053130
-0.0003116  0.0052117
-0.0003777  0.0049449
-0.0007125  0.0047552
-0.0008210  0.0044074
-0.0009231  0.0042351
-0.0010789  0.0041214
-0.0010519  0.0038898
-0.0012238  0.0036403
-0.0013971  0.0033750
-0.0014845  0.0032333
-0.0017139  0.0030933
-0.0021276  0.0031959
-0.0022506  0.0034910
-0.0026260  0.0035855
-0.0031619  0.0034936
-0.0031276  0.0034895
-0.0031637  0.0035099
-0.0029910  0.0032667
-0.0026728  0.0031814
-0.0023404  0.0028500
-0.0020829  0.0029151
-0.0016242  0.0028564
-0.0014472  0.0027528
-0.0014139  0.0025607
-0.0011187  0.0023740
-0.0010897  0.0022031
-0.0010788  0.0019936
-0.0008847  0.0016084
-0.0010272  0.0014000
-0.0010311  0.0012124
-0.0009934  0.0009347
-0.0009257  0.0006909
-0.0007739  0.0004373
-0.0007433  0.0000907
-0.0005514 -0.0003042
-0.0005116 -0.0005667
-0.0001842 -0.0007789
-0.0000420 -0.0008604
 0.0002471 -0.0007341
 0.0004024 -0.0006753
 0.0005252 -0.0006492
 0.0007417 -0.0005848
 0.0007341 -0.0009810
 0.0007017 -0.0011601
 0.0007485 -0.0014667
 0.0005159 -0.0017979
 0.0003239 -0.0021705
 0.0003051 -0.0024029
 0.0005597 -0.0027069
 0.0008280 -0.0028568
 0.0014176 -0.0029727
 0.0019518 -0.0029031
 0.0024319 -0.0027610
 0.0029622 -0.0025714
 0.0030847 -0.0021200
 0.0032228 -0.0015305
 0.0033987 -0.0009555
 0.0031896 -0.0004317
 0.0030158  0.0001548
 0.0027699  0.0007672
 0.0023706  0.0011981
 0.0020697  0.0018173
 0.0016304  0.0021612
 0.0010343  0.0025734
 0.0007662  0.0031034
 0.0005506  0.0034691
 0.0000085  0.0038257
-0.0000638  0.0039862
-0.0001890  0.0041466
-0.0004020  0.0042889
-0.0003090  0.0042378
-0.0001150  0.0042141
 0.0000024  0.0042489
 0.0000692  0.0041732
 0.0003786  0.0040774
 0.0004576  0.0039360
 0.0008401  0.0039023
 0.0007649  0.0037688
 0.0006090  0.0035915
 0.0006240  0.0032313
 0.0005515  0.0027396
 0.0003945  0.0024026
 0.0003836  0.0019055
 0.0003538  0.0018155
 0.0004792  0.0014025
 0.0006153  0.0011963
 0.0008228  0.0011326
 0.0007520  0.0014189
 0.0006640  0.0016228
 0.0004464  0.0017385
-0.0000580  0.0018686
-0.0003819  0.0017680
-0.0007725  0.0013415
-0.0010219  0.0011585
-0.0008135  0.0008958
-0.0008985  0.0005220
-0.0007858  0.0005173
-0.0008078  0.0003805
-0.0009123  0.0002581
-0.0009315  0.0003009
-0.0011181  0.0000744
-0.0012600 -0.0000795
-0.0013637 -0.0002644
-0.0012759 -0.0004920
-0.0010535 -0.0006123
-0.0008301 -0.0007916
-0.0004705 -0.0010527
-0.0001207 -0.0013514
 0.0002798 -0.0014107
 0.0009020 -0.0018203
 0.0013016 -0.0019983
 0.0016307 -0.0023231
 0.0018983 -0.0025299
 0.0019909 -0.0027733
 0.0018830 -0.0029140
 0.0018094 -0.0028473
 0.0017266 -0.0029890
 0.0016647 -0.0029612
 0.0018507 -0.0028711
 0.0022325 -0.0026049
 0.0026617 -0.0020095
 0.0031343 -0.0015761
 0.0035283 -0.0008594
 0.0036366 -0.0002061
 0.0035391  0.0000000
 0.0032924 -0.0000105
 0.0031427 -0.0002754
 0.0029003 -0.0006700
 0.0027771 -0.0010480
 0.0027130 -0.0013297
 0.0027975 -0.0012787
 0.0027819 -0.0012083
 0.0029096 -0.0009347
 0.0026808 -0.0006020
 0.0025785 -0.0002362
 0.0020738  0.0000665
 0.0015823  0.0002625
 0.0013230  0.0006240
 0.0010286  0.0008921
 0.0009606  0.0011634
 0.0009917  0.0015406
 0.0011483  0.0016180
 0.0012686  0.0016712
 0.0012717  0.0015176
 0.0013871  0.0012852
 0.0012984  0.0011293
 0.0012183  0.0011326
 0.0009460  0.0012759
 0.0005715  0.0014038
 0.0005651  0.0019192
 0.0003569  0.0021563
 0.0001323  0.0025501
 0.0000460  0.0028092
-0.0000436  0.0030021
-0.0003934  0.0034440
-0.0003809  0.0036774
-0.0007756  0.0038016
-0.0009785  0.0040316
-0.0011224  0.0041141
-0.0013524  0.0042868
-0.0018409  0.0044486
-0.0019636  0.0043506
-0.0023394  0.0040439
-0.0027157  0.0040721
-0.0028660  0.0037853
-0.0033047  0.0037211
-0.0034178  0.0038284
-0.0035135  0.0036061
-0.0038837  0.0033850
-0.0037622  0.0030836
-0.0036978  0.0024863
-0.0032971  0.0016611
-0.0030281  0.0009105
-0.0024869  0.0001418
-0.0021394 -0.0004827
-0.0018480 -0.0008500
-0.0017282 -0.0010704
-0.0019970 -0.0009818
-0.0021793 -0.0009504
-0.0026210 -0.0009361
-0.0029014 -0.0010360
-0.0030324 -0.0009976
-0.0030586 -0.0011524
-0.0031915 -0.0011645
-0.0032019 -0.0011512
-0.0032491 -0.0012971
-0.0032480 -0.0014207
-0.0031291 -0.0015762
-0.0028372 -0.0019044
-0.0024476 -0.0020219
-0.0021299 -0.0021765
-0.0017476 -0.0024720
-0.0015558 -0.0026470
-0.0014305 -0.0027754
-0.0012529 -0.0031254
-0.0010612 -0.0034786
-0.0008902 -0.0036762
-0.0006179 -0.0037024
-0.0006174 -0.0035720
-0.0002095 -0.0032903
 0.0001236 -0.0030148
 0.0003360 -0.0027337
 0.0004922 -0.0025699
 0.0006046 -0.0022136
 0.0007597 -0.0021957
 0.0008808 -0.0020649
 0.0009171 -0.0019483
 0.0011068 -0.0020503
 0.0014102 -0.0020084
 0.0017768 -0.0020409
 0.0022150 -0.0017539
 0.0026494 -0.0015934
 0.0031061 -0.0015288
 0.0036678 -0.0011769
 0.0040090 -0.0009108
 0.0044079 -0.0003982
 0.0045519  0.0000601
 0.0044935  0.0005358
 0.0042185  0.0008437
 0.0041307  0.0009815
 0.0038184  0.0009980
 0.0035841  0.0012588
 0.0036308  0.0013969
 0.0037063  0.0019143
 0.0038873  0.0023270
 0.0040357  0.0030028
 0.0040042  0.0034672
 0.0038813  0.0040999
 0.0037860  0.0045362
 0.0034494  0.0049644
 0.0029968  0.0053704
 0.0026393  0.0055865
 0.0019666  0.0055022
 0.0016477  0.0055253
 0.0012403  0.0050252
 0.0008512  0.0046349
 0.0006050  0.0041128
 0.0003255  0.0037400
 0.0000472  0.0036523
-0.0001940  0.0035627
-0.0002467  0.0035690
-0.0004795  0.0035992
-0.0004072  0.0035025
-0.0002885  0.0032939
-0.0002468  0.0030211
-0.0001637  0.0024759
-0.0003676  0.0018501
-0.0004838  0.0014269
-0.0007719  0.0008367
-0.0010318  0.0005692
-0.0011874  0.0002878
-0.0013999  0.0005440
-0.0018306  0.0004819
-0.0021523  0.0007031
-0.0023812  0.0005509
-0.0026668  0.0004249
-0.0026381  0.0001358
-0.0025680 -0.0000506
-0.0023775 -0.0004754
-0.0019658 -0.0006714
-0.0015805 -0.0007560
-0.0013569 -0.0011136
-0.0008143 -0.0011446
-0.0005373 -0.0012782
-0.0004522 -0.0013509
-0.0002918 -0.0012684
-0.0004205 -0.0012899
-0.0005047 -0.0014090
-0.0004639 -0.0011326
-0.0003035 -0.0010978
-0.0003227 -0.0009702
-0.0000359 -0.0007905
 0.0000797 -0.0006024
 0.0002688 -0.0004150
 0.0004270 -0.0001958
 0.0003822 -0.0002328
 0.0002896 -0.0003953
 0.0003175 -0.0005940
-0.0000269 -0.0007658
-0.0003727 -0.0011784
-0.0003597 -0.0016387
-0.0004696 -0.0018827
-0.0003046 -0.0021028
-0.0000839 -0.0021894
 0.0002019 -0.0023683
 0.0002316 -0.0024230
 0.0007146 -0.0023956
 0.0008080 -0.0024597
 0.0011282 -0.0021978
 0.0012741 -0.0021396
 0.0012330 -0.0018604
 0.0011231 -0.0015041
 0.0012447 -0.0015649
 0.0010097 -0.0015604
 0.0009709 -0.0015907
 0.0009504 -0.0016629
 0.0009365 -0.0018707
 0.0008986 -0.0015719
 0.0009317 -0.0015339
 0.0006596 -0.0013655
 0.0005469 -0.0010691
 0.0006932 -0.0008869
 0.0005276 -0.0006344
 0.0006306 -0.0003165
 0.0007827 -0.0001717
 0.0009490  0.0000837
 0.0011213  0.0001741
 0.0013601  0.0001426
 0.0012102  0.0000663
 0.0013717 -0.0000641
 0.0013465 -0.0003178
 0.0014192 -0.0003804
 0.0016241 -0.0004848
 0.0014391 -0.0005426
 0.0014661 -0.0005548
 0.0012846 -0.0005607
 0.0013340 -0.0005686
 0.0014992 -0.0005124
 0.0015244 -0.0005438
 0.0015865 -0.0003504
 0.0018018 -0.0001926
 0.0017415  0.0000566
 0.0017265  0.0002553
 0.0018078  0.0004801
 0.0018025  0.0004852
 0.0013678  0.0005721
 0.0012805  0.0004716
 0.0011242  0.0003813
 0.0008719  0.0000375
 0.0008196 -0.0001154
 0.0005122 -0.0003914
 0.0000901 -0.0004765
-0.0003134 -0.0005438
-0.0007448 -0.0006307
-0.0012674 -0.0008399
-0.0015409 -0.0008999
-0.0016711 -0.0011459
-0.0019089 -0.0012910
-0.0016879 -0.0012995
-0.0017207 -0.0012071
-0.0016711 -0.0010814
-0.0013917 -0.0009300
-0.0011344 -0.0006390
-0.0008072 -0.0006943
-0.0004547 -0.0007909
-0.0001539 -0.0009044
-0.0000534 -0.0010008
 0.0001682 -0.0013110
 0.0002461 -0.0016934
 0.0003658 -0.0017951
 0.0006047 -0.0018736
 0.0009751 -0.0018867
 0.0012170 -0.0015982
 0.0016905 -0.0013454
 0.0017510 -0.0011817
 0.0020056 -0.0009050
 0.0021891 -0.0011904
 0.0022467 -0.0012759
 0.0024049 -0.0016741
 0.0024022 -0.0021024
 0.0019772 -0.0026316
 0.0015550 -0.0033108
 0.0012197 -0.0040574
 0.0008591 -0.0045649
 0.0004287 -0.0051079
 0.0000410 -0.0056092
-0.0003598 -0.0058122
-0.0006413 -0.0062512
-0.0009664 -0.0066658
-0.0011318 -0.0070007
-0.0010009 -0.0072729
-0.0010076 -0.0075721
-0.0007882 -0.0076692
-0.0007008 -0.0075984
-0.0004121 -0.0073957
-0.0002770 -0.0069380
 0.0003128 -0.0065106
 0.0005929 -0.0059967
 0.0009446 -0.0056889
 0.0014530 -0.0051216
 0.0015503 -0.0047540
 0.0018065 -0.0043000
 0.0018147 -0.0039067
 0.0014319 -0.0033280
 0.0011484 -0.0029808
 0.0008078 -0.0025183
 0.0005336 -0.0018040
 0.0003850 -0.0010125
 0.0003230 -0.0003713
 0.0003138  0.0003619
 0.0002763  0.0009890
 0.0002404  0.0014816
 0.0000537  0.0018920
-0.0000723  0.0022122
-0.0002111  0.0024960
-0.0006319  0.0026943
-0.0009648  0.0029365
-0.0014697  0.0030757
-0.0019011  0.0028326
-0.0023489  0.0028496
-0.0024413  0.0026452
-0.0026516  0.0023562
-0.0026167  0.0023735
-0.0026125  0.0024180
-0.0027162  0.0024876
-0.0025655  0.0026681
-0.0025050  0.0025768
-0.0024716  0.0024326
-0.0023045  0.0022157
-0.0022144  0.0021176
-0.0020819  0.0018231
-0.0019878  0.0015126
-0.0018846  0.0012794
-0.0016246  0.0011837
-0.0016067  0.0012418
-0.0016597  0.0012181
-0.0018382  0.0012280
-0.0021149  0.0011164
-0.0024077  0.0007335
-0.0025019  0.0005555
-0.0022612  0.0000431
-0.0023404 -0.0002402
-0.0020926 -0.0005541
-0.0018786 -0.0007016
-0.0018378 -0.0008852
-0.0017845 -0.0010297
-0.0020612 -0.0012860
-0.0024658 -0.0018352
-0.0023622 -0.0020727
-0.0024128 -0.0024275
-0.0021773 -0.0025980
-0.0021672 -0.0023620
-0.0020593 -0.0022038
-0.0022803 -0.0017090
-0.0022895 -0.0012093
-0.0026377 -0.0010142
-0.0029240 -0.0009190
-0.0031044 -0.0009060
-0.0032486 -0.0009543
-0.0031065 -0.0010030
-0.0029628 -0.0013538
-0.0027254 -0.0015817
-0.0022191 -0.0017137
-0.0018953 -0.0018334
-0.0015097 -0.0022781
-0.0008020 -0.0025452
-0.0001695 -0.0028083
 0.0003203 -0.0030662
 0.0009157 -0.0029975
 0.0013313 -0.0025535
 0.0014672 -0.0020116
 0.0015191 -0.0015557
 0.0013256 -0.0007665
 0.0010085 -0.0002187
 0.0008039  0.0000708
 0.0002898  0.0003660
 0.0002368  0.0003969
 0.0001348  0.0005156
-0.0000749  0.0007482
-0.0001639  0.0008467
-0.0003569  0.0010084
-0.0004476  0.0010979
-0.0007894  0.0012406
-0.0010259  0.0013380
-0.0013874  0.0013913
-0.0018214  0.0014304
-0.0020380  0.0014118
-0.0022542  0.0013268
-0.0022178  0.0012230
-0.0020858  0.0014389
-0.0019093  0.0016777
-0.0018174  0.0021094
-0.0017237  0.0026818
-0.0018943  0.0031049
-0.0019418  0.0036293
-0.0021219  0.0039979
-0.0024740  0.0043710
-0.0025313  0.0042909
-0.0027506  0.0041540
-0.0030339  0.0036502
-0.0031481  0.0032736
-0.0033997  0.0029645
-0.0036180  0.0025168
-0.0038885  0.0024577
-0.0042562  0.0026061
-0.0045838  0.0028588
-0.0048959  0.0030947
-0.0049203  0.0033292
-0.0050210  0.0033327
-0.0050112  0.0034335
-0.0050528  0.0034053
-0.0050939  0.0033290
-0.0051492  0.0033005
-0.0052293  0.0031149
-0.0054749  0.0033350
-0.0057376  0.0036123
-0.0061659  0.0036642
-0.0064750  0.0038561
-0.0068141  0.0040088
-0.0068649  0.0036721
-0.0067570  0.0034536
-0.0063008  0.0031247
-0.0061170  0.0027495
-0.0056679  0.0024416
-0.0053776  0.0020179
-0.0051098  0.0013913
-0.0045859  0.0008682
-0.0041982  0.0003032
-0.0035041  0.0000019
-0.0026718 -0.0000732
-0.0021277 -0.0001510
-0.0016928 -0.0002387
-0.0012487 -0.0001008
-0.0011652 -0.0003461
-0.0007866 -0.0005677
-0.0005287 -0.0005311
-0.0002250 -0.0006251
 0.0000403 -0.0004958
 0.0003081 -0.0003457
 0.0004055 -0.0003682
 0.0005268 -0.0005079
 0.0007097 -0.0005831
 0.0009305 -0.0007326
 0.0009349 -0.0007107
 0.0010214 -0.0006408
 0.0011182 -0.0005426
 0.0011221 -0.0003496
 0.0014034 -0.0001337
 0.0014540  0.0001701
 0.0016413  0.0002681
 0.0020494  0.0004377
 0.0024089  0.0004109
 0.0028411  0.0004136
 0.0031709  0.0005477
 0.0033206  0.0007053
 0.0033541  0.0010210
 0.0029273  0.0011408
 0.0025639  0.0012258
 0.0022106  0.0012904
 0.0019439  0.0013352
 0.0017027  0.0010641
 0.0016837  0.0009567
 0.0018264  0.0008319
 0.0019347  0.0008507
 0.0022583  0.0008043
 0.0023503  0.0007625
 0.0024080  0.0009893
 0.0023334  0.0012419
 0.0020593  0.0014441
 0.0017642  0.0015005
 0.0013110  0.0016315
 0.0010787  0.0018305
 0.0010070  0.0020019
 0.0007981  0.0020387
 0.0007471  0.0020204
 0.0006937  0.0020246
 0.0007283  0.0020067
 0.0007075  0.0017915
 0.0007668  0.0016485
 0.0006347  0.0016967
 0.0004096  0.0018086
 0.0002556  0.0018181
-0.0000586  0.0020034
-0.0002745  0.0020557
-0.0004651  0.0022450
-0.0007503  0.0025227
-0.0008354  0.0027055
-0.0007661  0.0031444
-0.0009202  0.0033643
-0.0009025  0.0034620
-0.0008086  0.0036648
-0.0007292  0.0035565
-0.0005352  0.0036599
-0.0004538  0.0035966
-0.0005193  0.0037558
-0.0005925  0.0034201
-0.0008122  0.0032435
-0.0009149  0.0030436
-0.0008667  0.0026126
-0.0008072  0.0025102
-0.0006592  0.0023980
-0.0006328  0.0025602
-0.0002910  0.0029301
-0.0002621  0.0033077
-0.0004350  0.0035747
-0.0005093  0.0038769
-0.0009068  0.0036112
-0.0010500  0.0031452
-0.0009393  0.0026297
-0.0005880  0.0019547
-0.0002622  0.0014114
 0.0003680  0.0012051
 0.0009933  0.0011690
 0.0013595  0.0012431
 0.0017870  0.0012775
 0.0018484  0.0010535
 0.0017717  0.0007622
 0.0017962  0.0003237
 0.0017757 -0.0002187
 0.0017556 -0.0008318
 0.0017179 -0.0009792
 0.0016913 -0.0014834
 0.0019397 -0.0016432
 0.0017958 -0.0016859
 0.0018036 -0.0015236
 0.0018101 -0.0017297
 0.0017238 -0.0018816
 0.0017795 -0.0019649
 0.0017654 -0.0019154
 0.0018309 -0.0019952
 0.0019841 -0.0019299
 0.0019468 -0.0017696
 0.0019344 -0.0017668
 0.0020540 -0.0015611
 0.0022304 -0.0013520
 0.0023417 -0.0012234
 0.0025082 -0.0009716
 0.0026245 -0.0006487
 0.0027781 -0.0003337
 0.0027083 -0.0000099
 0.0025467  0.0003833
 0.0024311  0.0005132
 0.0023586  0.0004431
 0.0023524  0.0006780
 0.0022584  0.0007319
 0.0024566  0.0008917
 0.0025706  0.0011406
 0.0027237  0.0011952
 0.0028182  0.0012077
 0.0028354  0.0011298
 0.0030194  0.0008080
 0.0032715  0.0007290
 0.0036963  0.0007426
 0.0040485  0.0007700
 0.0045187  0.0011809
 0.0046915  0.0019559
 0.0047716  0.0024295
 0.0048958  0.0029659
 0.0049433  0.0034627
 0.0044572  0.0036134
 0.0043380  0.0037783
 0.0039439  0.0039044
 0.0032582  0.0035863
 0.0026981  0.0032882
 0.0020302  0.0029982
 0.0013519  0.0026223
 0.0011017  0.0022047
 0.0009058  0.0018774
 0.0008228  0.0015347
 0.0011395  0.0015905
 0.0013835  0.0012409
 0.0014627  0.0012439
 0.0019273  0.0011574
 0.0021738  0.0009892
 0.0022722  0.0009349
 0.0024069  0.0007500
 0.0021003  0.0005933
 0.0019088  0.0005111
 0.0017529  0.0005846
 0.0014150  0.0006583
 0.0011555  0.0008843
 0.0007297  0.0012082
 0.0004072  0.0012130
 0.0000410  0.0012173
-0.0002983  0.0009146
-0.0004057  0.0006109
-0.0003642  0.0002676
-0.0001859 -0.0002052
-0.0000378 -0.0005337
 0.0003774 -0.0006687
 0.0006991 -0.0007741
 0.0009443 -0.0007865
 0.0013938 -0.0009156
 0.0016085 -0.0009265
 0.0017794 -0.0011678
 0.0022099 -0.0013708
 0.0022950 -0.0017168
 0.0026133 -0.0018319
 0.0028214 -0.0019918
 0.0030946 -0.0020309
 0.0030697 -0.0020776
 0.0031260 -0.0023117
 0.0032580 -0.0024942
 0.0035662 -0.0022983
 0.0037355 -0.0022385
 0.0039302 -0.0019929
 0.0041045 -0.0016202
 0.0040823 -0.0009869
 0.0039861 -0.0009239
 0.0039358 -0.0006768
 0.0040383 -0.0006229
 0.0039666 -0.0007499
 0.0041349 -0.0009201
 0.0044925 -0.0009164
 0.0046754 -0.0011072
 0.0048204 -0.0011946
 0.0049293 -0.0010319
 0.0049491 -0.0006563
 0.0048393 -0.0001510
 0.0045871  0.0001874
 0.0044682  0.0003050
 0.0043911  0.0006206
 0.0044373  0.0006179
 0.0045312  0.0002569
 0.0047299  0.0003664
 0.0048725  0.0005780
 0.0047752  0.0007229
 0.0047698  0.0011272
 0.0043677  0.0014504
 0.0038454  0.0016545
 0.0034328  0.0020989
 0.0028105  0.0027436
 0.0023238  0.0030970
 0.0019533  0.0037884
 0.0014817  0.0043004
 0.0010961  0.0046414
 0.0009436  0.0050300
 0.0007489  0.0050668
 0.0007144  0.0051979
 0.0009662  0.0052686
 0.0012479  0.0051628
 0.0013704  0.0052263
 0.0016270  0.0050560
 0.0016722  0.0048175
 0.0015651  0.0045474
 0.0013324  0.0044074
 0.0013349  0.0040173
 0.0012016  0.0037047
 0.0012491  0.0034367
 0.0011978  0.0031850
 0.0011360  0.0032961
 0.0011900  0.0033037
 0.0009421  0.0033248
 0.0009196  0.0033023
 0.0009853  0.0031057
 0.0009567  0.0025836
 0.0013126  0.0022779
 0.0014284  0.0018278
 0.0014489  0.0015388
 0.0014583  0.0012601
 0.0014138  0.0010646
 0.0013493  0.0008750
 0.0012658  0.0010486
 0.0010982  0.0008298
 0.0009256  0.0010227
 0.0006394  0.0009317
 0.0001832  0.0006843
-0.0000789  0.0004532
-0.0003017  0.0001447
-0.0007415 -0.0002055
-0.0009906 -0.0005064
-0.0009258 -0.0010899
-0.0012297 -0.0016408
-0.0013271 -0.0020643
-0.0010655 -0.0023638
-0.0008516 -0.0029290
-0.0005575 -0.0033500
 0.0001628 -0.0036054
 0.0005243 -0.0037907
 0.0009120 -0.0037460
 0.0013751 -0.0036104
 0.0013351 -0.0033161
 0.0014263 -0.0031147
 0.0013372 -0.0027837
 0.0009234 -0.0025518
 0.0008497 -0.0022606
 0.0004230 -0.0019591
-0.0000642 -0.0017372
-0.0003603 -0.0014953
-0.0009538 -0.0014087
-0.0013735 -0.0015601
-0.0015690 -0.0016430
-0.0016822 -0.0018088
-0.0013524 -0.0019550
-0.0009187 -0.0018509
-0.0004444 -0.0018680
 0.0001722 -0.0016868
 0.0006107 -0.0014001
 0.0007228 -0.0012663
 0.0011001 -0.0013565
 0.0012519 -0.0011286
 0.0011831 -0.0009468
 0.0010706 -0.0006620
 0.0008951 -0.0000914
 0.0006866  0.0003479
 0.0003631  0.0010667
 0.0001580  0.0014402
-0.0001283  0.0017026
-0.0002421  0.0021842
-0.0000190  0.0023927
-0.0000798  0.0022427
-0.0000131  0.0023803
 0.0002870  0.0025674
 0.0003168  0.0022447
 0.0002072  0.0023244
 0.0002417  0.0023572
-0.0000870  0.0024090
-0.0002634  0.0024351
-0.0006132  0.0023261
-0.0009641  0.0023299
-0.0012017  0.0021920
-0.0015604  0.0020969
-0.0018734  0.0021921
-0.0020808  0.0023484
-0.0023513  0.0024233
-0.0025752  0.0027419
-0.0026589  0.0030756
-0.0028201  0.0031352
-0.0031905  0.0031252
-0.0032019  0.0031007
-0.0037767  0.0029303
-0.0038809  0.0026943
-0.0040341  0.0025523
-0.0043096  0.0021525
-0.0041420  0.0018449
-0.0037025  0.0013654
-0.0035705  0.0011506
-0.0029609  0.0010145
-0.0026574  0.0007628
-0.0022476  0.0005591
-0.0018053  0.0002547
-0.0015557  0.0000244
-0.0014316 -0.0004190
-0.0013168 -0.0007293
-0.0010694 -0.0009340
-0.0013569 -0.0010748
-0.0014927 -0.0012562
-0.0015322 -0.0011073
-0.0014484 -0.0011932
-0.0014620 -0.0010328
-0.0015012 -0.0009541
-0.0015570 -0.0008580
-0.0015495 -0.0007607
-0.0017954 -0.0003941
-0.0019505 -0.0000856
-0.0023845  0.0001134
-0.0027587  0.0003690
-0.0031977  0.0004407
-0.0034317  0.0003977
-0.0039405 -0.0001174
-0.0041323 -0.0006117
-0.0041309 -0.0010711
-0.0039157 -0.0016790
-0.0034775 -0.0021741
-0.0027688 -0.0026895
-0.0024505 -0.0030733
-0.0018997 -0.0034337
-0.0013276 -0.0035762
-0.0009151 -0.0037627
-0.0006412 -0.0037599
-0.0005684 -0.0038452
-0.0006741 -0.0037230
-0.0006870 -0.0036066
-0.0005438 -0.0033767
-0.0005676 -0.0032824
-0.0005069 -0.0029321
-0.0002025 -0.0024221
-0.0001552 -0.0019698
 0.0001041 -0.0015215
 0.0004078 -0.0011123
 0.0003221 -0.0007727
 0.0005805 -0.0006273
 0.0005932 -0.0005452
 0.0005576 -0.0004988
 0.0007437 -0.0005421
 0.0009427 -0.0005520
 0.0013879 -0.0005378
 0.0018798 -0.0003836
 0.0023918 -0.0001017
 0.0027739  0.0003261
 0.0031958  0.0007387
 0.0028941  0.0009620
 0.0026011  0.0008992
 0.0025087  0.0009664
 0.0020701  0.0008959
 0.0014926  0.0008215
 0.0011221  0.0007936
 0.0006715  0.0009893
 0.0003101  0.0011194
 0.0001606  0.0015601
-0.0000537  0.0017902
-0.0001928  0.0021299
-0.0003813  0.0022391
-0.0004305  0.0022336
-0.0003767  0.0020883
-0.0004414  0.0016722
-0.0005907  0.0011411
-0.0004493  0.0008132
-0.0004528  0.0004404
-0.0006294  0.0002050
-0.0006950  0.0001566
-0.0009053 -0.0000958
-0.0012480 -0.0002922
-0.0015501 -0.0003751
-0.0018180 -0.0006033
-0.0019931 -0.0006950
-0.0019965 -0.0006706
-0.0020436 -0.0006290
-0.0021613 -0.0005285
-0.0018601 -0.0002281
-0.0019687 -0.0000356
-0.0018429  0.0002256
-0.0020033  0.0003449
-0.0023492  0.0002574
-0.0024246  0.0002675
-0.0026745  0.0001230
-0.0028938  0.0001063
-0.0029116  0.0001023
-0.0027554  0.0001421
-0.0026091  0.0002292
-0.0023354  0.0004378
-0.0018691  0.0005199
-0.0017116  0.0006428
-0.0012794  0.0005010
-0.0011150  0.0004309
-0.0009685  0.0003697
-0.0007769  0.0002044
-0.0007936  0.0000314
-0.0009084 -0.0004469
-0.0007442 -0.0005617
-0.0005185 -0.0007563
-0.0003829 -0.0011168
-0.0000127 -0.0013503
 0.0001223 -0.0015171
 0.0003153 -0.0016399
 0.0005862 -0.0018054
 0.0006037 -0.0018065
 0.0006260 -0.0016997
 0.0008213 -0.0017068
 0.0005290 -0.0015597
 0.0004327 -0.0015097
 0.0004057 -0.0013739
 0.0001766 -0.0016050
-0.0001096 -0.0017278
-0.0001364 -0.0017878
-0.0002505 -0.0020233
-0.0002078 -0.0021877
-0.0002416 -0.0022697
-0.0002532 -0.0023551
-0.0001342 -0.0022707
 0.0001141 -0.0020111
 0.0000851 -0.0018007
 0.0003469 -0.0012117
 0.0001080 -0.0007489
 0.0000957 -0.0000420
-0.0001735  0.0005380
-0.0005718  0.0008704
-0.0008769  0.0008990
-0.0007579  0.0006979
-0.0007163  0.0006377
-0.0004585  0.0004263
 0.0000235  0.0005433
 0.0000478  0.0008355
 0.0001431  0.0011452
 0.0001867  0.0014305
-0.0001206  0.0017098
-0.0004030  0.0018074
-0.0004787  0.0017794
-0.0004910  0.0015594
-0.0001895  0.0014839
 0.0001910  0.0015566
 0.0006112  0.0015512
 0.0011282  0.0017935
 0.0013839  0.0020393
 0.0014235  0.0024376
 0.0015278  0.0027731
 0.0014586  0.0028708
 0.0012069  0.0027741
 0.0012027  0.0025931
 0.0011809  0.0025895
 0.0010414  0.0022663
 0.0008467  0.0020865
 0.0005242  0.0018961
-0.0000097  0.0014874
-0.0003301  0.0012070
-0.0006885  0.0009713
-0.0009767  0.0007122
-0.0013121  0.0006582
-0.0013821  0.0006475
-0.0014780  0.0005601
-0.0014047  0.0007293
-0.0013189  0.0009142
-0.0014631  0.0011895
-0.0013342  0.0012833
-0.0011980  0.0014604
-0.0015136  0.0014963
-0.0015958  0.0012400
-0.0015268  0.0009562
-0.0015284  0.0006518
-0.0015776  0.0004069
-0.0013838  0.0000113
-0.0011744 -0.0005234
-0.0008589 -0.0008876
-0.0005042 -0.0011297
-0.0001279 -0.0012346
 0.0002369 -0.0013034
 0.0005294 -0.0011536
 0.0007801 -0.0008083
 0.0010101 -0.0004608
 0.0007776 -0.0001814
 0.0007783  0.0000613
 0.0006857  0.0001077
 0.0004477 -0.0001455
 0.0003902 -0.0004733
 0.0003602 -0.0008269
 0.0003025 -0.0012146
 0.0001787 -0.0015863
 0.0001419 -0.0018209
-0.0001461 -0.0020167
-0.0002538 -0.0021157
-0.0004419 -0.0022782
-0.0005983 -0.0023719
-0.0004249 -0.0025732
-0.0000873 -0.0026024
 0.0002747 -0.0025929
 0.0009940 -0.0023299
 0.0015140 -0.0020569
 0.0019084 -0.0019446
 0.0021918 -0.0015727
 0.0022150 -0.0014898
 0.0020299 -0.0015882
 0.0018449 -0.0019439
 0.0014491 -0.0022569
 0.0010285 -0.0025202
 0.0007466 -0.0027919
 0.0006234 -0.0028250
 0.0007344 -0.0027781
 0.0008080 -0.0025403
 0.0013344 -0.0021563
 0.0016587 -0.0018501
 0.0023298 -0.0014133
 0.0027188 -0.0010425
 0.0029329 -0.0004109
 0.0031151  0.0002163
 0.0029564  0.0006495
 0.0027412  0.0013737
 0.0026155  0.0017006
