[PARAMETERS]
DW=1E-007
TAU=0.0002
TD=4096
BS=4096
NS=512
NSC=512
FR=56.120000
GAIN=4.974204
D0=0.05
D1=5E-006
D2=1E-005
D3=2.5E-005
D4=1E-005
D5=5E-005
D6=0.001
D7=0.001
D8=0.001
D9=0.05
C0=1
SEGTD=0
SEGOFF=0
SEGNUM=0
[ADDITIONAL]
PPFILE=ZG_TWO_T2.PC
DATEWR=27.09.2024
TIMEWR=12:03:00
DATESTA=27.09.2024
TIMESTA=12:02:24
DATEEND=27.09.2024
TIMEEND=12:03:00
CURR_Z0=0
CURR_Z1=1
TE=-1
[VARIABLES]
_USER=Measurements
_EMAIL_F=7NMR.NMR-270-ijs.si
_ITC_H=1
_ITC_R0= 50.00
_ITC_R1= 50.00
_ITC_R2= 53.10
_ITC_R3=  0.00
_ITC_R4=  0.00
_ITC_V=  7.59
_ITC_X=X0A1C1S00H1
_FW=100
_ORIENT=?
_THETA=0
_TITLE=?
_DESCR1=?
_DESCR2=?
_FR_LARM=56.12000000
_FR_SYNT=526.12000000
_TRIMLEV=1.6552734375
_DATE=27.09.2024
_TIME=11:49:32
[PPFILE]
; pi/2 - pi


DELAY D9
PULSE [GT] 3u
PULSE [PHL1,GT] D1
DELAY TAU-3u
PULSE [GT] 3u
PULSE [PHL2,GT] 2*D1
DELAY TAU-D3
PULSE [TR] 1u+DW
DELAY 1m
STOP

;PHL 1 [+X] [+X] [+Y] [+Y] [-X] [-X] [-Y] [-Y]
;PHL 2 [+Y] [-Y] [-X] [+X] [-Y] [+Y] [+X] [-X]
;!RLS +X+X+Y+Y-X-X-Y-Y

PHL 1 [+X] [+X] [-X] [-X] [+Y] [+Y] [-Y] [-Y] [+X] [+X] [-X] [-X] [+Y] [+Y] [-Y] [-Y]
PHL 2 [+Y] [-Y] [-Y] [+Y] [-X] [+X] [+X] [-X] [+X] [-X] [-X] [+X] [-Y] [+Y] [+Y] [-Y]
!RLS +X+X-X-X+Y+Y-Y-Y-X-X+X+X-Y-Y+Y+Y
[DATA]
-0.0001107 -0.0013396
-0.0000752 -0.0014407
-0.0000975 -0.0017698
-0.0000491 -0.0019533
-0.0001293 -0.0021598
 0.0001004 -0.0021753
 0.0000629 -0.0022486
 0.0001020 -0.0021498
-0.0000863 -0.0021281
-0.0000776 -0.0019047
-0.0003685 -0.0019047
-0.0003201 -0.0017888
-0.0001478 -0.0017538
-0.0000493 -0.0016673
 0.0002118 -0.0014265
 0.0005755 -0.0011921
 0.0008296 -0.0010113
 0.0011101 -0.0006026
 0.0013408 -0.0003235
 0.0013861 -0.0002936
 0.0014300  0.0001200
 0.0016270  0.0003185
 0.0017774  0.0002715
 0.0017124  0.0003983
 0.0018376  0.0003129
 0.0019823  0.0004468
 0.0020824  0.0004277
 0.0019979  0.0003526
 0.0018247  0.0003625
 0.0017174  0.0002803
 0.0015443  0.0001509
 0.0012402  0.0003128
 0.0007340  0.0004213
 0.0005317  0.0000312
 0.0001763  0.0000702
-0.0000938 -0.0000654
-0.0003132 -0.0002015
-0.0003617 -0.0004170
-0.0004099 -0.0004411
-0.0004946 -0.0004462
-0.0006585 -0.0004648
-0.0007723 -0.0005822
-0.0008894 -0.0004688
-0.0009612 -0.0002289
-0.0009947  0.0001029
-0.0008923  0.0002279
-0.0009817  0.0006609
-0.0009977  0.0009546
-0.0008836  0.0010434
-0.0007733  0.0010886
-0.0007768  0.0011038
-0.0008324  0.0007457
-0.0008217  0.0006114
-0.0006727  0.0002240
-0.0006546 -0.0000956
-0.0005903 -0.0001639
-0.0006229 -0.0004008
-0.0005764 -0.0005344
-0.0004585 -0.0002650
-0.0004491 -0.0001318
-0.0004924 -0.0001735
-0.0006449 -0.0000370
-0.0005829 -0.0000183
-0.0006825 -0.0002026
-0.0010985 -0.0003985
-0.0010052 -0.0006011
-0.0012334 -0.0009442
-0.0011793 -0.0010881
-0.0013708 -0.0011695
-0.0013512 -0.0011830
-0.0016195 -0.0013492
-0.0015557 -0.0015202
-0.0017564 -0.0017305
-0.0017885 -0.0018491
-0.0019174 -0.0022560
-0.0021024 -0.0024388
-0.0020271 -0.0028483
-0.0020708 -0.0031209
-0.0018851 -0.0030688
-0.0016951 -0.0030384
-0.0015541 -0.0029068
-0.0013449 -0.0025210
-0.0010249 -0.0022178
-0.0009204 -0.0017469
-0.0006424 -0.0014511
-0.0006268 -0.0011562
-0.0007742 -0.0009281
-0.0009217 -0.0006208
-0.0008528 -0.0005888
-0.0011884 -0.0006249
-0.0010726 -0.0006714
-0.0008521 -0.0007926
-0.0007180 -0.0007523
-0.0004072 -0.0004098
 0.0000526 -0.0002725
 0.0001274 -0.0001350
 0.0004381  0.0002104
 0.0005622  0.0003101
 0.0006054  0.0004655
 0.0005417  0.0005079
 0.0007440  0.0001527
 0.0007200  0.0002139
 0.0006782 -0.0000282
 0.0004969 -0.0001900
 0.0002912 -0.0002998
 0.0000937 -0.0005304
-0.0003863 -0.0007208
-0.0006411 -0.0006324
-0.0009372 -0.0007015
-0.0011600 -0.0006026
-0.0010052 -0.0004746
-0.0010625 -0.0004820
-0.0010076 -0.0004833
-0.0009053 -0.0003024
-0.0006142 -0.0002207
-0.0004300 -0.0000845
-0.0003374  0.0002960
-0.0002364  0.0004407
-0.0002554  0.0006829
-0.0003691  0.0010229
-0.0004769  0.0008535
-0.0004844  0.0006116
-0.0004210  0.0004072
-0.0002129  0.0003313
-0.0000555  0.0003350
 0.0001202  0.0004200
 0.0005096  0.0005833
 0.0004198  0.0009680
 0.0004683  0.0010794
 0.0003081  0.0012960
-0.0000042  0.0015508
 0.0000733  0.0016517
-0.0002525  0.0016188
-0.0004272  0.0017371
-0.0005396  0.0017344
-0.0006672  0.0015111
-0.0008564  0.0012927
-0.0007703  0.0009526
-0.0009050  0.0007005
-0.0008851  0.0002766
-0.0007257 -0.0002394
-0.0006613 -0.0006615
-0.0003747 -0.0009112
-0.0002524 -0.0010850
-0.0000261 -0.0011453
 0.0001021 -0.0011698
 0.0000145 -0.0011900
-0.0001438 -0.0009742
-0.0002651 -0.0007677
-0.0005247 -0.0005010
-0.0006843 -0.0002933
-0.0009170 -0.0001752
-0.0008722 -0.0001550
-0.0011091  0.0000590
-0.0011302  0.0001916
-0.0010611  0.0000763
-0.0007848  0.0001956
-0.0005769  0.0001183
-0.0004602  0.0001564
-0.0001825  0.0000319
 0.0001750 -0.0000788
 0.0004587 -0.0000133
 0.0007422  0.0001489
 0.0010207  0.0003164
 0.0011745  0.0004584
 0.0011439  0.0005746
 0.0009779  0.0006900
 0.0008337  0.0008830
 0.0007939  0.0009641
 0.0005327  0.0008345
 0.0003121  0.0009144
 0.0002647  0.0009655
 0.0002270  0.0010761
 0.0001125  0.0009675
-0.0001627  0.0010448
-0.0001662  0.0010415
-0.0001464  0.0009162
-0.0003100  0.0008280
-0.0001827  0.0009345
-0.0001365  0.0008676
 0.0000614  0.0008375
 0.0001857  0.0009778
 0.0001491  0.0010766
 0.0001846  0.0011975
 0.0000260  0.0012558
-0.0000287  0.0013076
-0.0000480  0.0014601
-0.0000771  0.0014199
-0.0000683  0.0014917
 0.0000989  0.0014182
 0.0000311  0.0013803
 0.0001070  0.0013303
 0.0003743  0.0012342
 0.0003548  0.0013218
 0.0005092  0.0015213
 0.0007441  0.0018053
 0.0006778  0.0021209
 0.0007620  0.0025025
 0.0006613  0.0027418
 0.0005235  0.0029761
 0.0003318  0.0029813
 0.0000852  0.0029182
 0.0000802  0.0028192
 0.0001046  0.0026872
 0.0001944  0.0024920
 0.0003385  0.0024456
 0.0004339  0.0024878
 0.0004046  0.0024805
 0.0004228  0.0025290
 0.0004609  0.0026257
 0.0003540  0.0025025
 0.0003910  0.0025673
 0.0005100  0.0023352
 0.0003652  0.0022453
 0.0005578  0.0020473
 0.0006502  0.0018389
 0.0007369  0.0017357
 0.0010355  0.0015716
 0.0012078  0.0015400
 0.0012657  0.0017011
 0.0014901  0.0018430
 0.0017429  0.0022301
 0.0018902  0.0026720
 0.0021236  0.0028656
 0.0023332  0.0031311
 0.0024230  0.0032083
 0.0025243  0.0031854
 0.0027097  0.0030523
 0.0027108  0.0028707
 0.0026263  0.0027753
 0.0027937  0.0028236
 0.0028040  0.0029998
 0.0028809  0.0034836
 0.0031739  0.0036432
 0.0034763  0.0039263
 0.0038142  0.0043035
 0.0043216  0.0047203
 0.0047132  0.0049650
 0.0051853  0.0052693
 0.0054334  0.0054131
 0.0056332  0.0057789
 0.0059915  0.0059576
 0.0062288  0.0060134
 0.0065288  0.0061858
 0.0070693  0.0063115
 0.0076717  0.0065099
 0.0083802  0.0066946
 0.0089827  0.0070239
 0.0093456  0.0074603
 0.0097704  0.0077306
 0.0102265  0.0081885
 0.0105407  0.0084881
 0.0109908  0.0087293
 0.0112013  0.0090338
 0.0114852  0.0093292
 0.0117187  0.0097515
 0.0119872  0.0098816
 0.0122276  0.0103680
 0.0124088  0.0108506
 0.0125807  0.0114037
 0.0127485  0.0120960
 0.0128690  0.0125807
 0.0132577  0.0131215
 0.0135400  0.0137127
 0.0141543  0.0142940
 0.0145618  0.0147480
 0.0150780  0.0156303
 0.0156747  0.0161409
 0.0161275  0.0167971
 0.0165075  0.0174744
 0.0171758  0.0179614
 0.0178524  0.0185353
 0.0187331  0.0190057
 0.0194876  0.0195748
 0.0202333  0.0201708
 0.0208200  0.0208883
 0.0213351  0.0214357
 0.0220482  0.0220263
 0.0227040  0.0226293
 0.0234286  0.0231714
 0.0241863  0.0239667
 0.0251365  0.0249631
 0.0260581  0.0259693
 0.0268831  0.0270331
 0.0275054  0.0283434
 0.0280852  0.0295011
 0.0285048  0.0303776
 0.0287127  0.0312067
 0.0292406  0.0317375
 0.0295444  0.0323585
 0.0299329  0.0330211
 0.0304838  0.0336679
 0.0309661  0.0342610
 0.0314351  0.0350334
 0.0319073  0.0357446
 0.0323663  0.0365012
 0.0328831  0.0371761
 0.0333998  0.0379156
 0.0339245  0.0383534
 0.0345356  0.0390570
 0.0351946  0.0395767
 0.0357787  0.0401876
 0.0365816  0.0409716
 0.0373700  0.0416650
 0.0382715  0.0423746
 0.0392347  0.0433789
 0.0400493  0.0439982
 0.0407574  0.0449401
 0.0415378  0.0456169
 0.0423279  0.0464460
 0.0427913  0.0470579
 0.0434996  0.0474466
 0.0443996  0.0479724
 0.0450831  0.0486290
 0.0459206  0.0491111
 0.0468643  0.0497735
 0.0474591  0.0504388
 0.0480930  0.0509726
 0.0485842  0.0515577
 0.0488407  0.0520775
 0.0492069  0.0527299
 0.0495835  0.0531569
 0.0498016  0.0537609
 0.0504514  0.0542530
 0.0508852  0.0544104
 0.0513868  0.0547013
 0.0518760  0.0552848
 0.0523183  0.0554453
 0.0526645  0.0558410
 0.0530732  0.0562039
 0.0531478  0.0561742
 0.0533672  0.0560199
 0.0535139  0.0558550
 0.0537290  0.0554533
 0.0540869  0.0553670
 0.0543503  0.0552220
 0.0546569  0.0551256
 0.0547655  0.0551874
 0.0550348  0.0550386
 0.0548746  0.0547640
 0.0550952  0.0546283
 0.0550678  0.0543979
 0.0549965  0.0539174
 0.0550051  0.0537914
 0.0552113  0.0534985
 0.0550293  0.0532880
 0.0550388  0.0533600
 0.0548523  0.0533603
 0.0546057  0.0533317
 0.0540656  0.0532112
 0.0538150  0.0528612
 0.0533506  0.0526727
 0.0529011  0.0523206
 0.0525621  0.0518730
 0.0521075  0.0515254
 0.0517343  0.0510366
 0.0513560  0.0504714
 0.0509936  0.0500436
 0.0507946  0.0495631
 0.0505788  0.0490346
 0.0503918  0.0485547
 0.0501473  0.0480977
 0.0496603  0.0476945
 0.0491678  0.0469932
 0.0486092  0.0464450
 0.0477468  0.0458601
 0.0470166  0.0452470
 0.0463220  0.0445831
 0.0454261  0.0438188
 0.0449114  0.0430945
 0.0443550  0.0424999
 0.0437221  0.0415934
 0.0432890  0.0410090
 0.0429733  0.0404120
 0.0425023  0.0397088
 0.0420617  0.0390212
 0.0415764  0.0385060
 0.0408459  0.0377057
 0.0403811  0.0371445
 0.0399117  0.0366080
 0.0393867  0.0358804
 0.0390133  0.0353885
 0.0387679  0.0349745
 0.0381402  0.0347419
 0.0377847  0.0344976
 0.0372861  0.0340041
 0.0369126  0.0336706
 0.0365206  0.0332032
 0.0359907  0.0325480
 0.0354618  0.0319542
 0.0351911  0.0312210
 0.0346333  0.0304313
 0.0340080  0.0296878
 0.0336145  0.0289686
 0.0331702  0.0282461
 0.0324126  0.0276221
 0.0319033  0.0269953
 0.0311226  0.0260145
 0.0304416  0.0253903
 0.0297512  0.0244955
 0.0292624  0.0234971
 0.0287635  0.0226734
 0.0284410  0.0216887
 0.0282232  0.0209674
 0.0279340  0.0203900
 0.0277602  0.0197786
 0.0274222  0.0194787
 0.0270495  0.0191150
 0.0263593  0.0187427
 0.0255955  0.0184741
 0.0249004  0.0181671
 0.0241320  0.0178850
 0.0233634  0.0175002
 0.0227576  0.0170302
 0.0222035  0.0164549
 0.0217952  0.0162210
 0.0215621  0.0160729
 0.0213663  0.0158448
 0.0211920  0.0156431
 0.0210958  0.0155288
 0.0210318  0.0152227
 0.0208947  0.0148311
 0.0207910  0.0145826
 0.0205915  0.0140697
 0.0203174  0.0134070
 0.0200498  0.0127533
 0.0197226  0.0121746
 0.0194870  0.0116300
 0.0187947  0.0110894
 0.0182707  0.0108944
 0.0177225  0.0105364
 0.0172543  0.0101091
 0.0164439  0.0098386
 0.0159202  0.0094157
 0.0155743  0.0089417
 0.0150140  0.0083214
 0.0146102  0.0079253
 0.0144344  0.0076307
 0.0138563  0.0070926
 0.0134044  0.0069996
 0.0129384  0.0067961
 0.0125253  0.0063769
 0.0120204  0.0062310
 0.0119240  0.0059386
 0.0114235  0.0056332
 0.0111001  0.0055443
 0.0108953  0.0053388
 0.0104078  0.0054416
 0.0098526  0.0054437
 0.0096365  0.0054899
 0.0090752  0.0056041
 0.0086942  0.0055976
 0.0082555  0.0057610
 0.0076922  0.0054964
 0.0070861  0.0054456
 0.0070832  0.0051520
 0.0067706  0.0051876
 0.0067164  0.0047315
 0.0066097  0.0043371
 0.0066499  0.0042260
 0.0065296  0.0041334
 0.0063177  0.0039642
 0.0059063  0.0039635
 0.0057630  0.0039604
 0.0055786  0.0039924
 0.0052215  0.0036831
 0.0052836  0.0034819
 0.0052580  0.0032106
 0.0051058  0.0028183
 0.0051175  0.0023155
 0.0050500  0.0018842
 0.0050183  0.0015175
 0.0051244  0.0010196
 0.0050623  0.0007246
 0.0050468  0.0006884
 0.0052236  0.0004539
 0.0050369  0.0003979
 0.0051401  0.0003942
 0.0051605  0.0003911
 0.0050132  0.0003514
 0.0048857  0.0002748
 0.0048694 -0.0002188
 0.0047654 -0.0004347
 0.0050103 -0.0006682
 0.0053034 -0.0010516
 0.0055046 -0.0011222
 0.0056219 -0.0012072
 0.0056947 -0.0014807
 0.0055705 -0.0014262
 0.0055604 -0.0012085
 0.0051944 -0.0011657
 0.0050862 -0.0009348
 0.0048987 -0.0007596
 0.0045797 -0.0006484
 0.0046048 -0.0006096
 0.0044719 -0.0005152
 0.0045017 -0.0005724
 0.0048202 -0.0005141
 0.0050568 -0.0005168
 0.0052752 -0.0004834
 0.0053791 -0.0006100
 0.0052650 -0.0006289
 0.0053068 -0.0003842
 0.0051686 -0.0002459
 0.0049814 -0.0004199
 0.0049618 -0.0002598
 0.0047928 -0.0000378
 0.0046342  0.0002364
 0.0045065  0.0003423
 0.0044707  0.0006680
 0.0041701  0.0008438
 0.0040009  0.0007404
 0.0036889  0.0007795
 0.0033468  0.0007492
 0.0029888  0.0003191
 0.0028550  0.0003876
 0.0025298  0.0001149
 0.0024015 -0.0000293
 0.0023697  0.0000356
 0.0023082 -0.0000541
 0.0022913 -0.0000733
 0.0024691  0.0000356
 0.0024485 -0.0000418
 0.0023787  0.0002122
 0.0024839  0.0001785
 0.0024113  0.0001950
 0.0024019  0.0002066
 0.0023828  0.0003352
 0.0025658  0.0002373
 0.0025087  0.0002008
 0.0025172  0.0003125
 0.0021908  0.0003013
 0.0020683  0.0003662
 0.0017571  0.0002631
 0.0014181  0.0001219
 0.0011354  0.0002433
 0.0007778 -0.0000563
 0.0007710 -0.0002655
 0.0007959 -0.0002301
 0.0009625 -0.0002891
 0.0010580 -0.0002028
 0.0012517 -0.0001864
 0.0013626 -0.0002226
 0.0013671 -0.0001738
 0.0015766 -0.0001657
 0.0015734 -0.0004014
 0.0015166 -0.0002617
 0.0014136 -0.0002188
 0.0012143 -0.0002416
 0.0010498 -0.0002204
 0.0009790  0.0000909
 0.0008649 -0.0001668
 0.0007039 -0.0000301
 0.0009673 -0.0004039
 0.0008282 -0.0007086
 0.0010396 -0.0007862
 0.0013335 -0.0010386
 0.0013930 -0.0013074
 0.0013803 -0.0014481
 0.0014892 -0.0015691
 0.0014482 -0.0018814
 0.0013339 -0.0017164
 0.0014220 -0.0017691
 0.0012883 -0.0015792
 0.0012713 -0.0013278
 0.0012668 -0.0010412
 0.0011113 -0.0005624
 0.0011516 -0.0002439
 0.0012608 -0.0000598
 0.0013193  0.0001792
 0.0013994  0.0004840
 0.0015818  0.0005000
 0.0018928  0.0002585
 0.0020491  0.0001813
 0.0024029  0.0000531
 0.0025545 -0.0002478
 0.0026907 -0.0003249
 0.0027841 -0.0003142
 0.0027963 -0.0003066
 0.0027446 -0.0002781
 0.0029308 -0.0002409
 0.0029167 -0.0003060
 0.0032148 -0.0002744
 0.0032380 -0.0002655
 0.0031818 -0.0003686
 0.0034310 -0.0002441
 0.0033067 -0.0002735
 0.0032589 -0.0002874
 0.0031227 -0.0001393
 0.0029163  0.0000152
 0.0028622  0.0002594
 0.0027154  0.0003265
 0.0024774  0.0006390
 0.0021488  0.0007338
 0.0020205  0.0009407
 0.0017939  0.0011514
 0.0015703  0.0012297
 0.0013996  0.0013667
 0.0013187  0.0013873
 0.0013607  0.0012300
 0.0015850  0.0011400
 0.0015226  0.0011552
 0.0015324  0.0009781
 0.0016660  0.0008968
 0.0015935  0.0008668
 0.0015525  0.0008088
 0.0016371  0.0008594
 0.0015224  0.0011033
 0.0014091  0.0011583
 0.0014867  0.0014101
 0.0012727  0.0016095
 0.0012189  0.0016977
 0.0011942  0.0015777
 0.0009961  0.0015964
 0.0008645  0.0014516
 0.0007648  0.0011551
 0.0007840  0.0010357
 0.0006418  0.0008545
 0.0004657  0.0006639
 0.0003622  0.0004962
 0.0001728  0.0003869
 0.0000111  0.0004268
 0.0000378  0.0004829
 0.0001579  0.0005002
 0.0000956  0.0005955
 0.0001201  0.0007685
 0.0000035  0.0006766
-0.0002368  0.0006971
-0.0003724  0.0006656
-0.0005490  0.0004087
-0.0009673  0.0000807
-0.0010645 -0.0002134
-0.0011244 -0.0003738
-0.0010606 -0.0005870
-0.0010535 -0.0005294
-0.0008925 -0.0004971
-0.0009649 -0.0002918
-0.0009691 -0.0001560
-0.0008783 -0.0002636
-0.0009750 -0.0003699
-0.0008531 -0.0005147
-0.0005855 -0.0007398
-0.0004671 -0.0007693
-0.0002323 -0.0008194
 0.0000401 -0.0009868
 0.0004101 -0.0010283
 0.0009304 -0.0011852
 0.0012202 -0.0013915
 0.0016241 -0.0014914
 0.0020870 -0.0015822
 0.0021998 -0.0018608
 0.0023687 -0.0017162
 0.0025770 -0.0018747
 0.0024696 -0.0019477
 0.0023706 -0.0020713
 0.0020921 -0.0020685
 0.0019819 -0.0021512
 0.0019074 -0.0022527
 0.0018038 -0.0024810
 0.0018302 -0.0026459
 0.0018817 -0.0026840
 0.0022321 -0.0025237
 0.0022280 -0.0024152
 0.0023682 -0.0021549
 0.0025310 -0.0018401
 0.0025161 -0.0015151
 0.0024117 -0.0013107
 0.0023694 -0.0010879
 0.0019413 -0.0008870
 0.0015696 -0.0007480
 0.0012606 -0.0008469
 0.0009692 -0.0007405
 0.0007880 -0.0008665
 0.0007574 -0.0008038
 0.0006714 -0.0006697
 0.0008244 -0.0004111
 0.0008381 -0.0001853
 0.0007392  0.0002215
 0.0006783  0.0005852
 0.0005183  0.0009312
 0.0003231  0.0012315
 0.0001479  0.0014165
-0.0001817  0.0015197
-0.0004367  0.0018473
-0.0006459  0.0017601
-0.0008597  0.0016773
-0.0011592  0.0014464
-0.0012355  0.0013410
-0.0012415  0.0010367
-0.0015215  0.0009262
-0.0013619  0.0007316
-0.0014333  0.0009011
-0.0015593  0.0010128
-0.0015423  0.0009702
-0.0015333  0.0011033
-0.0014877  0.0009506
-0.0013509  0.0010602
-0.0013283  0.0008296
-0.0012137  0.0007169
-0.0011244  0.0004631
-0.0012139  0.0002960
-0.0012510  0.0001648
-0.0014415  0.0000236
-0.0015752 -0.0000948
-0.0015346 -0.0001990
-0.0015774 -0.0001506
-0.0016947 -0.0001201
-0.0014012 -0.0000703
-0.0015350 -0.0002392
-0.0014005 -0.0003277
-0.0014256 -0.0003143
-0.0013182 -0.0004319
-0.0014861 -0.0005321
-0.0014537 -0.0005169
-0.0014627 -0.0009414
-0.0013372 -0.0011134
-0.0011116 -0.0011855
-0.0008055 -0.0016148
-0.0004944 -0.0016978
-0.0001286 -0.0018190
 0.0001297 -0.0017090
 0.0001499 -0.0017440
 0.0003360 -0.0017003
 0.0003018 -0.0015421
 0.0001611 -0.0015487
 0.0000832 -0.0014837
-0.0001461 -0.0014201
-0.0002397 -0.0012663
-0.0002845 -0.0014372
-0.0002826 -0.0015515
-0.0002652 -0.0018383
-0.0001564 -0.0019542
 0.0000466 -0.0020222
-0.0000518 -0.0019918
-0.0000205 -0.0018597
 0.0001675 -0.0016021
 0.0002514 -0.0015208
 0.0004397 -0.0013205
 0.0006337 -0.0014150
 0.0008447 -0.0014468
 0.0010949 -0.0013088
 0.0011140 -0.0011286
 0.0012471 -0.0008868
 0.0012810 -0.0007366
 0.0012078 -0.0005255
 0.0010172 -0.0001350
 0.0010089  0.0002471
 0.0008293  0.0003562
 0.0008305  0.0006355
 0.0006653  0.0008772
 0.0005696  0.0010854
 0.0007527  0.0013200
 0.0006801  0.0013685
 0.0004830  0.0014851
 0.0006433  0.0013892
 0.0006413  0.0013063
 0.0005955  0.0011394
 0.0006656  0.0011573
 0.0005306  0.0008799
 0.0006208  0.0009496
 0.0004318  0.0010088
 0.0003214  0.0012597
 0.0005924  0.0013652
 0.0004836  0.0015938
 0.0006002  0.0018918
 0.0005445  0.0020055
 0.0005290  0.0020637
 0.0002204  0.0020446
 0.0000505  0.0020704
-0.0000843  0.0019774
-0.0003905  0.0016767
-0.0004354  0.0013724
-0.0003680  0.0008721
-0.0004938  0.0003708
-0.0001048 -0.0000506
 0.0000130 -0.0004787
 0.0002522 -0.0006851
 0.0004799 -0.0008301
 0.0006518 -0.0008188
 0.0009104 -0.0008090
 0.0010630 -0.0006064
 0.0011846 -0.0003866
 0.0012089 -0.0002968
 0.0011107 -0.0001948
 0.0010794  0.0000688
 0.0011371 -0.0000206
 0.0011238 -0.0002471
 0.0010502 -0.0002053
 0.0010574 -0.0001266
 0.0012375 -0.0000977
 0.0011931  0.0002287
 0.0011284  0.0002051
 0.0010628  0.0003352
 0.0010049  0.0005020
 0.0010768  0.0005098
 0.0010240  0.0002356
 0.0010305  0.0002814
 0.0010340  0.0001940
 0.0011526  0.0001742
 0.0012421  0.0003761
 0.0013320  0.0003486
 0.0013389  0.0003415
 0.0013765  0.0002473
 0.0014398  0.0001017
 0.0016764 -0.0001140
 0.0016783 -0.0002624
 0.0018048 -0.0003303
 0.0017103 -0.0003923
 0.0015758 -0.0003024
 0.0013973 -0.0002830
 0.0009563 -0.0002825
 0.0008942 -0.0002671
 0.0009611 -0.0003950
 0.0008284 -0.0006200
 0.0010241 -0.0005794
 0.0010771 -0.0004438
 0.0012231 -0.0006285
 0.0013006 -0.0005520
 0.0012990 -0.0005020
 0.0012516 -0.0005285
 0.0012661 -0.0003825
 0.0011614 -0.0003246
 0.0010657 -0.0001478
 0.0011025 -0.0000426
 0.0010401  0.0002820
 0.0010803  0.0003936
 0.0011086  0.0005122
 0.0010447  0.0004056
 0.0010156  0.0004837
 0.0009876  0.0003293
 0.0009418  0.0002382
 0.0011442  0.0001739
 0.0010925  0.0001692
 0.0011803 -0.0000334
 0.0010980  0.0002522
 0.0011650  0.0002167
 0.0010812  0.0003159
 0.0011219  0.0003665
 0.0010216  0.0003184
 0.0009542  0.0001787
 0.0010307  0.0000968
 0.0010144  0.0001255
 0.0010944  0.0003333
 0.0012147  0.0005908
 0.0011266  0.0005514
 0.0009995  0.0008281
 0.0007782  0.0008624
 0.0005938  0.0008874
 0.0002772  0.0009102
 0.0002277  0.0007946
 0.0001885  0.0007167
-0.0000571  0.0006896
-0.0001221  0.0007078
-0.0002128  0.0004869
-0.0002995  0.0005060
-0.0003280  0.0004950
-0.0001073  0.0003973
-0.0001906  0.0004134
-0.0002597  0.0006025
-0.0003917  0.0005783
-0.0005250  0.0005500
-0.0007502  0.0005704
-0.0008734  0.0005732
-0.0008923  0.0004308
-0.0009539  0.0005043
-0.0010079  0.0003977
-0.0013000  0.0004814
-0.0017097  0.0002660
-0.0020858 -0.0000917
-0.0022980 -0.0004130
-0.0026018 -0.0007790
-0.0026581 -0.0012109
-0.0026962 -0.0015241
-0.0024393 -0.0017289
-0.0021048 -0.0016747
-0.0018790 -0.0015695
-0.0016423 -0.0015499
-0.0014791 -0.0013146
-0.0014347 -0.0013351
-0.0012571 -0.0012918
-0.0013435 -0.0013455
-0.0012558 -0.0013941
-0.0013123 -0.0013568
-0.0012057 -0.0013552
-0.0011290 -0.0013767
-0.0010137 -0.0012700
-0.0010453 -0.0010830
-0.0011029 -0.0012016
-0.0011924 -0.0011049
-0.0012731 -0.0011620
-0.0011178 -0.0013949
-0.0011771 -0.0014885
-0.0008133 -0.0017035
-0.0005944 -0.0018465
-0.0004359 -0.0020143
-0.0003604 -0.0020850
-0.0002152 -0.0021085
-0.0004575 -0.0021644
-0.0004191 -0.0022922
-0.0004372 -0.0023247
-0.0004813 -0.0026139
-0.0001871 -0.0027154
 0.0001438 -0.0029276
 0.0002689 -0.0029283
 0.0006588 -0.0030207
 0.0007767 -0.0027634
 0.0010843 -0.0026449
 0.0012820 -0.0024359
 0.0013981 -0.0023514
 0.0014904 -0.0022097
 0.0017735 -0.0022063
 0.0017133 -0.0019193
 0.0017800 -0.0017023
 0.0015441 -0.0013307
 0.0013955 -0.0013187
 0.0014076 -0.0010522
 0.0013962 -0.0010269
 0.0012322 -0.0008960
 0.0013336 -0.0008700
 0.0015321 -0.0005612
 0.0016545 -0.0005134
 0.0017384 -0.0003499
 0.0016894 -0.0000238
 0.0015154  0.0000821
 0.0013401  0.0002642
 0.0013452  0.0004192
 0.0009690  0.0005054
 0.0009171  0.0006816
 0.0006243  0.0006422
 0.0002844  0.0007290
 0.0000825  0.0007014
 0.0000210  0.0005742
-0.0001348  0.0003876
-0.0001573  0.0001245
 0.0000442  0.0000941
 0.0001654  0.0000073
 0.0000899  0.0000459
 0.0002216  0.0001013
 0.0000076  0.0001859
-0.0003633  0.0002185
-0.0006488  0.0002184
-0.0008015  0.0001179
-0.0011891 -0.0000649
-0.0014026 -0.0003888
-0.0016083 -0.0005476
-0.0017736 -0.0007237
-0.0019602 -0.0010406
-0.0019701 -0.0012048
-0.0019113 -0.0014751
-0.0019269 -0.0015281
-0.0017981 -0.0015918
-0.0016835 -0.0016757
-0.0017745 -0.0016637
-0.0018816 -0.0014770
-0.0016927 -0.0014076
-0.0016096 -0.0014905
-0.0015851 -0.0013923
-0.0015179 -0.0013163
-0.0015494 -0.0014208
-0.0015007 -0.0012520
-0.0015869 -0.0010733
-0.0016781 -0.0011518
-0.0016046 -0.0010205
-0.0011285 -0.0008981
-0.0009244 -0.0008347
-0.0005146 -0.0007718
-0.0002765 -0.0006635
-0.0001866 -0.0006325
-0.0001508 -0.0005331
-0.0002396 -0.0005284
-0.0002796 -0.0007893
-0.0003109 -0.0010880
 0.0000094 -0.0014520
 0.0000953 -0.0015816
 0.0003451 -0.0017688
 0.0005878 -0.0016632
 0.0007601 -0.0015888
 0.0007909 -0.0014477
 0.0008124 -0.0013354
 0.0007793 -0.0012571
 0.0007515 -0.0010048
 0.0006676 -0.0007764
 0.0006883 -0.0007002
 0.0007416 -0.0005469
 0.0008315 -0.0002598
 0.0008973 -0.0003007
 0.0008398 -0.0000859
 0.0008499 -0.0000923
 0.0010313 -0.0000210
 0.0010687  0.0000744
 0.0012965  0.0000985
 0.0013242  0.0003519
 0.0013384  0.0004907
 0.0013427  0.0008649
 0.0012317  0.0010716
 0.0011657  0.0011454
 0.0010553  0.0012076
 0.0007808  0.0012357
 0.0009347  0.0013622
 0.0009130  0.0010975
 0.0009873  0.0010499
 0.0011339  0.0010687
 0.0011071  0.0009855
 0.0009085  0.0009036
 0.0008050  0.0007843
 0.0005002  0.0007264
 0.0003994  0.0007713
 0.0001375  0.0008615
 0.0001055  0.0008765
-0.0000908  0.0010839
-0.0000141  0.0011896
-0.0000139  0.0013559
 0.0000442  0.0013771
-0.0000828  0.0012471
-0.0002281  0.0011142
-0.0003059  0.0008810
-0.0004697  0.0004269
-0.0006541  0.0002854
-0.0005534  0.0000958
-0.0006929  0.0001221
-0.0006100  0.0002883
-0.0004241  0.0005341
-0.0007143  0.0007604
-0.0006022  0.0009009
-0.0006825  0.0011262
-0.0009329  0.0011166
-0.0010759  0.0012184
-0.0011129  0.0011791
-0.0011074  0.0012360
-0.0010716  0.0012431
-0.0008273  0.0013039
-0.0007881  0.0011226
-0.0006500  0.0010321
-0.0003344  0.0009565
-0.0001974  0.0008869
-0.0002183  0.0009158
-0.0001565  0.0009028
-0.0001265  0.0009279
-0.0002399  0.0007403
-0.0002847  0.0007872
-0.0002723  0.0005580
-0.0002241  0.0003371
-0.0000023  0.0001422
 0.0000328  0.0000416
 0.0000770 -0.0000781
 0.0000343 -0.0001238
-0.0001166 -0.0002700
-0.0003488 -0.0003617
-0.0004151 -0.0001943
-0.0005098 -0.0003666
-0.0007257 -0.0005304
-0.0007827 -0.0007268
-0.0008316 -0.0008730
-0.0008002 -0.0009947
-0.0007912 -0.0010282
-0.0006955 -0.0011094
-0.0006586 -0.0010699
-0.0004286 -0.0010416
-0.0002479 -0.0008520
 0.0000457 -0.0007839
 0.0003666 -0.0005735
 0.0006064 -0.0001702
 0.0009134 -0.0000277
 0.0011158  0.0002453
 0.0012220  0.0005636
 0.0012301  0.0009362
 0.0011307  0.0012474
 0.0011034  0.0014828
 0.0009561  0.0015518
 0.0010228  0.0016597
 0.0008937  0.0016813
 0.0008891  0.0015915
 0.0009370  0.0015199
 0.0013499  0.0014233
 0.0015736  0.0013304
 0.0018177  0.0012801
 0.0020754  0.0012723
 0.0022759  0.0012841
 0.0023020  0.0013415
 0.0023385  0.0012180
 0.0021962  0.0011005
 0.0020633  0.0010701
 0.0019902  0.0010413
 0.0017974  0.0008156
 0.0016752  0.0007618
 0.0016257  0.0007530
 0.0014615  0.0006332
 0.0013140  0.0005135
 0.0012542  0.0008209
 0.0010214  0.0009171
 0.0008151  0.0008258
 0.0006355  0.0009600
 0.0004116  0.0011704
 0.0001508  0.0010774
 0.0001177  0.0011235
-0.0000516  0.0011807
-0.0001956  0.0010515
-0.0002288  0.0011069
-0.0002133  0.0011629
-0.0003333  0.0009981
-0.0001848  0.0008793
 0.0000154  0.0007276
 0.0001455  0.0007317
 0.0004165  0.0009359
 0.0004843  0.0010795
 0.0005353  0.0012217
 0.0005463  0.0012551
 0.0004901  0.0011700
 0.0003907  0.0010111
 0.0003774  0.0009208
 0.0005327  0.0006267
 0.0004268  0.0005190
 0.0004534  0.0004542
 0.0004020  0.0003361
 0.0004676  0.0003213
 0.0003709  0.0003230
 0.0002401  0.0002409
 0.0003191  0.0003238
 0.0001394  0.0001100
 0.0002758  0.0000360
 0.0004793 -0.0000859
 0.0004449 -0.0000883
 0.0006608  0.0000596
 0.0006261 -0.0000040
 0.0006017  0.0001543
 0.0004096  0.0000296
 0.0004189 -0.0002397
 0.0002637 -0.0004028
 0.0000988 -0.0005078
 0.0002664 -0.0007420
 0.0001473 -0.0008908
 0.0003571 -0.0009743
 0.0005524 -0.0010012
 0.0007818 -0.0009635
 0.0009090 -0.0008613
 0.0009154 -0.0008393
 0.0011706 -0.0009836
 0.0010395 -0.0009854
 0.0010454 -0.0008996
 0.0012031 -0.0008233
 0.0011697 -0.0007664
 0.0011343 -0.0006672
 0.0011176 -0.0006516
 0.0011456 -0.0006575
 0.0010245 -0.0006337
 0.0008547 -0.0007769
 0.0009757 -0.0008446
 0.0011305 -0.0008539
 0.0011780 -0.0007576
 0.0013839 -0.0007100
 0.0015560 -0.0005134
 0.0015124 -0.0006046
 0.0012755 -0.0004622
 0.0012285 -0.0006592
 0.0009887 -0.0006555
 0.0006774 -0.0008401
 0.0003232 -0.0008259
 0.0002474 -0.0008279
-0.0001285 -0.0005995
 0.0000472 -0.0007766
 0.0000007 -0.0005220
 0.0001351 -0.0005403
 0.0002073 -0.0004333
 0.0005565 -0.0002982
 0.0007376 -0.0002589
 0.0010061  0.0000269
 0.0011157  0.0003423
 0.0011789  0.0004161
 0.0011175  0.0003924
 0.0010363  0.0004490
 0.0010906  0.0005779
 0.0009311  0.0004002
 0.0009257  0.0005035
 0.0010570  0.0004759
 0.0011336  0.0005952
 0.0010848  0.0007080
 0.0013303  0.0007950
 0.0015403  0.0009920
 0.0016452  0.0010140
 0.0016015  0.0011411
 0.0016095  0.0013456
 0.0014969  0.0012290
 0.0012554  0.0013702
 0.0011859  0.0013647
 0.0010229  0.0013610
 0.0005373  0.0011864
 0.0004743  0.0011504
 0.0001949  0.0007914
 0.0000651  0.0005440
-0.0000759  0.0002806
-0.0001530 -0.0000236
 0.0000389 -0.0002247
-0.0001073 -0.0003066
 0.0001420 -0.0005070
 0.0001649 -0.0005176
 0.0000482 -0.0006325
 0.0000476 -0.0005277
-0.0001449 -0.0005326
 0.0000316 -0.0006905
-0.0001524 -0.0006606
-0.0000581 -0.0007823
 0.0001525 -0.0008477
 0.0001994 -0.0006707
 0.0003090 -0.0005739
 0.0004290 -0.0003246
 0.0003616 -0.0002476
 0.0004339 -0.0000786
 0.0003571 -0.0001401
 0.0002647 -0.0002723
-0.0000150 -0.0004514
-0.0003077 -0.0007795
-0.0003826 -0.0010312
-0.0007469 -0.0013162
-0.0008393 -0.0011531
-0.0007470 -0.0013840
-0.0007018 -0.0011980
-0.0007340 -0.0011232
-0.0007127 -0.0010366
-0.0007394 -0.0008579
-0.0008777 -0.0009067
-0.0008282 -0.0008686
-0.0007518 -0.0008906
-0.0008894 -0.0009749
-0.0007632 -0.0008443
-0.0007342 -0.0004812
-0.0006366 -0.0005549
-0.0006169 -0.0002872
-0.0004922 -0.0003110
-0.0004996 -0.0004652
-0.0005437 -0.0004140
-0.0003043 -0.0005964
-0.0001901 -0.0007564
 0.0000608 -0.0008606
 0.0002132 -0.0007926
 0.0003396 -0.0007640
 0.0004544 -0.0006927
 0.0004667 -0.0008079
 0.0002609 -0.0009713
 0.0001967 -0.0008969
 0.0001044 -0.0010971
 0.0003331 -0.0012065
 0.0003696 -0.0013777
 0.0004747 -0.0012764
 0.0004436 -0.0012710
 0.0005154 -0.0013278
 0.0004765 -0.0013424
 0.0003032 -0.0013288
 0.0004454 -0.0011906
 0.0005377 -0.0009267
 0.0005993 -0.0007782
 0.0006002 -0.0004418
 0.0006448 -0.0000301
 0.0006138  0.0002434
 0.0005550  0.0002754
 0.0005093  0.0003201
 0.0005224  0.0003588
 0.0003667  0.0003338
 0.0002470  0.0004715
 0.0001788  0.0004273
 0.0002216  0.0006171
 0.0001923  0.0004765
 0.0002625  0.0003856
 0.0002296  0.0003288
 0.0002533  0.0003331
 0.0002226  0.0001008
 0.0003535 -0.0000604
 0.0003057 -0.0000439
 0.0004325 -0.0000546
 0.0004749 -0.0000252
 0.0005570 -0.0001892
 0.0006380 -0.0001293
 0.0008383 -0.0002263
 0.0010144 -0.0000695
 0.0009262 -0.0001644
 0.0008347 -0.0003060
 0.0006886 -0.0004468
 0.0005269 -0.0006187
 0.0004487 -0.0007011
 0.0003562 -0.0007103
 0.0004293 -0.0008099
 0.0004502 -0.0005182
 0.0003280 -0.0002964
 0.0004278 -0.0000832
 0.0001658  0.0001234
 0.0001745  0.0002632
-0.0003004  0.0004300
-0.0005410  0.0003520
-0.0008399  0.0002067
-0.0009472  0.0001166
-0.0008142 -0.0000319
-0.0009530 -0.0001161
-0.0008010 -0.0000949
-0.0005964 -0.0000814
-0.0005607 -0.0000781
-0.0004494 -0.0002345
-0.0003602 -0.0003769
-0.0002210 -0.0004451
-0.0001197 -0.0003129
 0.0000721 -0.0002453
 0.0001770 -0.0000129
 0.0001622  0.0002646
 0.0001209  0.0005259
 0.0001683  0.0005419
 0.0002164  0.0005344
 0.0002900  0.0004444
 0.0007170  0.0003484
 0.0011070  0.0001414
 0.0010712  0.0000914
 0.0013845 -0.0000134
 0.0014517 -0.0000548
 0.0012625  0.0000029
 0.0011556 -0.0000614
 0.0010920 -0.0000968
 0.0008223 -0.0002557
 0.0006886 -0.0002116
 0.0005483 -0.0002745
 0.0006384 -0.0004790
 0.0005904 -0.0003876
 0.0006332 -0.0003764
 0.0007648 -0.0002979
 0.0008667  0.0000050
 0.0007195  0.0002541
 0.0008602  0.0004599
 0.0006608  0.0006543
 0.0004858  0.0007564
 0.0006882  0.0005544
 0.0006010  0.0005376
 0.0004356  0.0002246
 0.0004569  0.0003005
 0.0005261  0.0003009
 0.0005323  0.0002751
 0.0007273  0.0001756
 0.0009160  0.0001767
 0.0010073 -0.0000073
 0.0011884  0.0000414
 0.0012170 -0.0001234
 0.0014101 -0.0001009
 0.0016022  0.0000571
 0.0015903  0.0001017
 0.0017747  0.0001497
 0.0016158  0.0002389
 0.0014862  0.0004428
 0.0016216  0.0004269
 0.0013663  0.0001674
 0.0012832  0.0002515
 0.0010703  0.0001286
 0.0008791  0.0002883
 0.0008789  0.0004739
 0.0007137  0.0005628
 0.0007526  0.0008068
 0.0006606  0.0010352
 0.0006153  0.0012386
 0.0005210  0.0013703
 0.0004306  0.0016013
 0.0001417  0.0016489
-0.0000281  0.0016625
-0.0003447  0.0016341
-0.0004307  0.0016918
-0.0005554  0.0015092
-0.0002664  0.0013657
-0.0002348  0.0011754
-0.0001546  0.0009703
 0.0000640  0.0007761
 0.0001795  0.0006516
 0.0002438  0.0004423
 0.0005059  0.0000757
 0.0005514  0.0001058
 0.0007696 -0.0000196
 0.0007639  0.0000074
 0.0010601  0.0002449
 0.0010898  0.0003755
 0.0008247  0.0004676
 0.0007214  0.0005218
 0.0004215  0.0003302
 0.0000873  0.0000469
-0.0000504 -0.0002250
-0.0001164 -0.0004680
-0.0002149 -0.0006582
-0.0001680 -0.0008067
-0.0002269 -0.0008557
-0.0001607 -0.0007377
 0.0000099 -0.0008449
-0.0000757 -0.0009418
-0.0000326 -0.0007935
-0.0002141 -0.0009107
-0.0003240 -0.0008449
-0.0005295 -0.0008789
-0.0007068 -0.0007644
-0.0010649 -0.0007653
-0.0010979 -0.0007358
-0.0011313 -0.0005833
-0.0009477 -0.0005922
-0.0007690 -0.0006091
-0.0004918 -0.0003924
-0.0003583 -0.0005587
-0.0001008 -0.0006248
 0.0001376 -0.0004536
 0.0002614 -0.0005129
 0.0005088 -0.0002319
 0.0006704  0.0000702
 0.0006559  0.0004472
 0.0003995  0.0005392
 0.0003561  0.0007441
 0.0001367  0.0007547
 0.0001366  0.0006453
 0.0000648  0.0003823
 0.0000453  0.0004341
 0.0001165  0.0004701
 0.0003200  0.0004837
 0.0005234  0.0004102
 0.0006404  0.0007371
 0.0005997  0.0008594
 0.0005489  0.0008585
 0.0005887  0.0010393
 0.0003563  0.0009695
 0.0001092  0.0008912
-0.0001410  0.0009481
-0.0006330  0.0009152
-0.0010516  0.0006251
-0.0010819  0.0003893
-0.0012082  0.0003660
-0.0011104  0.0002444
-0.0009880  0.0002110
-0.0009083  0.0000713
-0.0008511  0.0002858
-0.0007978  0.0000059
-0.0008829  0.0000014
-0.0012307 -0.0000547
-0.0013291 -0.0002180
-0.0015598 -0.0002935
-0.0015841 -0.0003255
-0.0015505 -0.0004403
-0.0018296 -0.0003947
-0.0015473 -0.0003841
-0.0013577 -0.0001928
-0.0015510 -0.0000600
-0.0014432  0.0001538
-0.0012920  0.0000874
-0.0014147  0.0001410
-0.0014543 -0.0000352
-0.0013650 -0.0003004
-0.0014802 -0.0004895
-0.0014339 -0.0006782
-0.0013285 -0.0008375
-0.0012846 -0.0009491
-0.0013145 -0.0007511
-0.0013025 -0.0006039
-0.0014906 -0.0004371
-0.0016850 -0.0001059
-0.0018721 -0.0000671
-0.0020884 -0.0000758
-0.0022731 -0.0001862
-0.0024240 -0.0002239
-0.0026533 -0.0002320
-0.0026989 -0.0005090
-0.0028176 -0.0005850
-0.0029820 -0.0005538
-0.0028247 -0.0006299
-0.0026502 -0.0005887
-0.0026694 -0.0005113
-0.0023726 -0.0004608
-0.0020902 -0.0005964
-0.0015975 -0.0005720
-0.0011670 -0.0006328
-0.0006772 -0.0006952
-0.0005648 -0.0004750
-0.0003808 -0.0004399
-0.0004672 -0.0005612
-0.0004996 -0.0006074
-0.0006570 -0.0008009
-0.0008859 -0.0008269
-0.0013689 -0.0008296
-0.0016514 -0.0008754
-0.0019568 -0.0008716
-0.0020584 -0.0007784
-0.0021427 -0.0008367
-0.0021619 -0.0008462
-0.0019237 -0.0008651
-0.0016359 -0.0008334
-0.0013085 -0.0008829
-0.0011478 -0.0008080
-0.0009342 -0.0007699
-0.0007597 -0.0008225
-0.0006503 -0.0006568
-0.0004988 -0.0006938
-0.0004832 -0.0005845
-0.0004075 -0.0003648
-0.0004168 -0.0003566
-0.0004709 -0.0001038
-0.0005929  0.0001816
-0.0008774  0.0000665
-0.0010144  0.0000228
-0.0011764 -0.0001367
-0.0014631 -0.0003571
-0.0017279 -0.0006735
-0.0016699 -0.0008374
-0.0016407 -0.0010578
-0.0015413 -0.0011069
-0.0012155 -0.0010921
-0.0012619 -0.0011637
-0.0011006 -0.0011018
-0.0011786 -0.0009524
-0.0013296 -0.0009142
-0.0014365 -0.0008170
-0.0015677 -0.0009560
-0.0016976 -0.0009425
-0.0018380 -0.0008939
-0.0018768 -0.0007366
-0.0019670 -0.0007421
-0.0018317 -0.0005613
-0.0015860 -0.0006325
-0.0016871 -0.0006187
-0.0016583 -0.0008004
-0.0016197 -0.0008185
-0.0016257 -0.0009410
-0.0014016 -0.0009359
-0.0013687 -0.0012284
-0.0011687 -0.0011941
-0.0011935 -0.0012896
-0.0011856 -0.0014342
-0.0014058 -0.0012843
-0.0013050 -0.0014010
-0.0011983 -0.0014140
-0.0011026 -0.0013427
-0.0008677 -0.0012352
-0.0006939 -0.0011763
-0.0006009 -0.0008928
-0.0003178 -0.0010627
-0.0001651 -0.0011136
-0.0001665 -0.0011604
-0.0002395 -0.0012460
-0.0003241 -0.0015174
-0.0004218 -0.0013678
-0.0005796 -0.0014104
-0.0008467 -0.0013191
-0.0007270 -0.0013508
-0.0009710 -0.0012823
-0.0008990 -0.0014397
-0.0007152 -0.0014613
-0.0005129 -0.0015439
-0.0002413 -0.0015444
 0.0000362 -0.0013840
 0.0004859 -0.0012558
 0.0006827 -0.0009629
 0.0008075 -0.0006378
 0.0008248 -0.0004591
 0.0008718 -0.0002923
 0.0009732 -0.0002248
 0.0012290 -0.0002392
 0.0012297 -0.0001043
 0.0013677 -0.0001981
 0.0015534 -0.0004042
 0.0016871 -0.0004890
 0.0020003 -0.0005175
 0.0021503 -0.0007296
 0.0021992 -0.0007573
 0.0021216 -0.0008799
 0.0022318 -0.0008525
 0.0021714 -0.0009059
 0.0020563 -0.0007995
 0.0018586 -0.0007568
 0.0017017 -0.0008270
 0.0017163 -0.0008935
 0.0016189 -0.0010427
 0.0015985 -0.0008296
 0.0015602 -0.0008052
 0.0014279 -0.0006882
 0.0014375 -0.0006574
 0.0013572 -0.0006129
 0.0014574 -0.0006888
 0.0015169 -0.0005533
 0.0016223 -0.0001989
 0.0014244 -0.0000382
 0.0014235  0.0002317
 0.0013595  0.0004669
 0.0010042  0.0005046
 0.0009370  0.0003012
 0.0007944  0.0003009
 0.0006664  0.0004265
 0.0004171  0.0004323
 0.0002315  0.0007789
-0.0001409  0.0012401
-0.0003287  0.0013892
-0.0007601  0.0016964
-0.0010986  0.0016766
-0.0012450  0.0016164
-0.0012997  0.0014235
-0.0014925  0.0011600
-0.0016481  0.0010124
-0.0016666  0.0006394
-0.0017002  0.0005303
-0.0017298  0.0004909
-0.0018613  0.0005018
-0.0020864  0.0004103
-0.0021848  0.0003326
-0.0020957  0.0003096
-0.0020619  0.0001604
-0.0018384 -0.0000867
-0.0016346  0.0000154
-0.0011361 -0.0000212
-0.0009996 -0.0003451
-0.0009296 -0.0003443
-0.0008506 -0.0006295
-0.0008434 -0.0007277
-0.0009646 -0.0006568
-0.0009971 -0.0004635
-0.0008317 -0.0006291
-0.0008076 -0.0002424
-0.0008090 -0.0002685
-0.0009287 -0.0002440
-0.0008814 -0.0002487
-0.0009403 -0.0001371
-0.0008756 -0.0002798
-0.0009841 -0.0002783
-0.0010068 -0.0003739
-0.0010452 -0.0005615
-0.0009069 -0.0007095
-0.0009725 -0.0007162
-0.0007951 -0.0008312
-0.0007906 -0.0007524
-0.0007904 -0.0007816
-0.0007079 -0.0008196
-0.0006502 -0.0007831
-0.0004534 -0.0008690
-0.0003749 -0.0007963
-0.0000415 -0.0006796
 0.0001961 -0.0004628
 0.0002992 -0.0001225
 0.0004116  0.0001987
 0.0004146  0.0005570
 0.0005889  0.0008760
 0.0006667  0.0009798
 0.0007740  0.0008581
 0.0007719  0.0009099
 0.0008250  0.0004920
 0.0009664  0.0002210
 0.0010320  0.0000324
 0.0010995 -0.0001976
 0.0011718 -0.0003114
 0.0011382 -0.0002833
 0.0011307 -0.0002003
 0.0010883 -0.0002893
 0.0009993 -0.0002723
 0.0010572 -0.0003044
 0.0009970 -0.0003243
 0.0009498 -0.0002624
 0.0011364 -0.0001311
 0.0010348  0.0001098
 0.0010975  0.0004634
 0.0011030  0.0007704
 0.0008842  0.0009656
 0.0006842  0.0011215
 0.0007181  0.0011459
 0.0006313  0.0010332
 0.0005298  0.0009909
 0.0006739  0.0007885
 0.0006479  0.0005716
 0.0005950  0.0005200
 0.0008514  0.0002370
 0.0008515  0.0003126
 0.0010408  0.0003792
 0.0010953  0.0003938
 0.0009836  0.0005139
 0.0006778  0.0006499
 0.0005914  0.0006429
 0.0002340  0.0007748
 0.0001475  0.0007140
 0.0001107  0.0008721
 0.0001920  0.0010442
 0.0002819  0.0013924
 0.0004380  0.0016320
 0.0002960  0.0020970
 0.0002798  0.0020908
 0.0001729  0.0021579
-0.0001402  0.0020337
-0.0004187  0.0018975
-0.0004381  0.0014255
-0.0003207  0.0010100
-0.0003962  0.0007005
-0.0002558  0.0005044
 0.0001313  0.0005641
-0.0000053  0.0005682
-0.0001193  0.0006593
-0.0001467  0.0006766
-0.0003538  0.0004947
-0.0003928  0.0003118
-0.0004568  0.0000668
-0.0004679  0.0000835
-0.0006750 -0.0001218
-0.0005987 -0.0001230
-0.0005505 -0.0002410
-0.0007469 -0.0001536
-0.0007616 -0.0003839
-0.0007122 -0.0004006
-0.0008410 -0.0003637
-0.0010225 -0.0002477
-0.0010114 -0.0002141
-0.0011930 -0.0001732
-0.0010738 -0.0001209
-0.0009445 -0.0002981
-0.0007308 -0.0004018
-0.0005559 -0.0002993
-0.0003800 -0.0005164
-0.0002747 -0.0005379
-0.0000352 -0.0007426
 0.0001982 -0.0009137
 0.0004527 -0.0010199
 0.0010245 -0.0010440
 0.0011143 -0.0010501
 0.0012455 -0.0008839
 0.0013912 -0.0008752
 0.0011819 -0.0007232
 0.0009488 -0.0006648
 0.0008112 -0.0005954
 0.0007013 -0.0006851
 0.0006604 -0.0007264
 0.0008930 -0.0007143
 0.0010665 -0.0006324
 0.0014230 -0.0005541
 0.0016302 -0.0004484
 0.0018473 -0.0003358
 0.0018536 -0.0000892
 0.0019075  0.0001873
 0.0017875  0.0005598
 0.0016436  0.0009351
 0.0014806  0.0011967
 0.0014552  0.0013531
 0.0015095  0.0014290
 0.0014042  0.0014553
 0.0012999  0.0013170
 0.0013235  0.0011716
 0.0012166  0.0010874
 0.0011056  0.0010167
 0.0011502  0.0011595
 0.0009795  0.0011200
 0.0009436  0.0010599
 0.0010118  0.0012343
 0.0009160  0.0012297
 0.0005986  0.0011915
 0.0002955  0.0010596
-0.0002021  0.0011122
-0.0005281  0.0010493
-0.0007162  0.0009338
-0.0008565  0.0009842
-0.0008724  0.0010663
-0.0008242  0.0012684
-0.0009439  0.0014952
-0.0008639  0.0014965
-0.0009616  0.0016670
-0.0011334  0.0016545
-0.0011996  0.0017426
-0.0010828  0.0018159
-0.0012391  0.0017389
-0.0012756  0.0016806
-0.0009535  0.0016173
-0.0010020  0.0016250
-0.0008225  0.0014684
-0.0008188  0.0013112
-0.0006973  0.0011160
-0.0005783  0.0010415
-0.0005607  0.0009878
-0.0004447  0.0010238
-0.0004680  0.0011283
-0.0004051  0.0010981
-0.0005492  0.0012198
-0.0006046  0.0011705
-0.0008968  0.0011341
-0.0011023  0.0011709
-0.0011676  0.0009995
-0.0013991  0.0009818
-0.0014269  0.0008095
-0.0012668  0.0005861
-0.0013896  0.0004318
-0.0012888  0.0001507
-0.0011962  0.0000289
-0.0011200 -0.0001276
-0.0012104 -0.0003346
-0.0010850 -0.0004660
-0.0011995 -0.0004889
-0.0011124 -0.0005142
-0.0008972 -0.0005414
-0.0008724 -0.0005134
-0.0006911 -0.0003792
-0.0004319 -0.0002350
-0.0003987 -0.0003351
-0.0003120 -0.0001729
-0.0002629 -0.0002498
-0.0004575 -0.0002915
-0.0005878 -0.0003943
-0.0008191 -0.0006645
-0.0010140 -0.0008488
-0.0011222 -0.0010315
-0.0012028 -0.0012697
-0.0013275 -0.0013368
-0.0011872 -0.0014943
-0.0012034 -0.0015733
-0.0009468 -0.0014790
-0.0007386 -0.0013735
-0.0005403 -0.0013005
-0.0002915 -0.0013015
-0.0001364 -0.0013197
-0.0000353 -0.0016512
 0.0002864 -0.0017312
 0.0004884 -0.0018335
 0.0007519 -0.0018639
 0.0009720 -0.0014781
 0.0012479 -0.0013850
 0.0013243 -0.0011607
 0.0012846 -0.0008289
 0.0011351 -0.0007290
 0.0010909 -0.0005486
 0.0010088 -0.0004387
 0.0008918 -0.0005126
 0.0008247 -0.0004450
 0.0006523 -0.0004131
 0.0006378 -0.0006052
 0.0004707 -0.0005760
 0.0005869 -0.0004350
 0.0005358 -0.0004608
 0.0008425 -0.0002316
 0.0009674  0.0000370
 0.0013376  0.0004959
 0.0013140  0.0008116
 0.0015107  0.0011669
 0.0015241  0.0014930
 0.0013489  0.0017077
 0.0013504  0.0018864
 0.0011755  0.0019297
 0.0008033  0.0019304
 0.0006011  0.0021991
 0.0002058  0.0020014
 0.0000428  0.0020114
-0.0000871  0.0016799
-0.0001459  0.0014311
-0.0002818  0.0012733
-0.0000565  0.0009096
-0.0002191  0.0009674
-0.0001718  0.0010597
-0.0000308  0.0010148
 0.0000660  0.0011830
 0.0001823  0.0013983
 0.0004186  0.0015963
 0.0005334  0.0016322
 0.0005735  0.0016289
 0.0006378  0.0012342
 0.0005644  0.0010959
 0.0006781  0.0006910
 0.0006009  0.0004503
 0.0004403  0.0002750
 0.0003741  0.0001393
 0.0003281  0.0000128
 0.0001437 -0.0000963
-0.0000692 -0.0000356
-0.0002053 -0.0002738
-0.0005553 -0.0002362
-0.0007526 -0.0002487
-0.0008130 -0.0003456
-0.0007571 -0.0001408
-0.0007044 -0.0003134
-0.0004922 -0.0004239
-0.0002103 -0.0003974
 0.0002251 -0.0005864
 0.0002913 -0.0006879
 0.0005547 -0.0005735
 0.0006053 -0.0006004
 0.0005602 -0.0003550
 0.0006283 -0.0002529
 0.0005391 -0.0001737
 0.0003107  0.0000318
 0.0002615  0.0000061
 0.0001638 -0.0000271
 0.0001427  0.0001116
 0.0002734  0.0001339
 0.0001222 -0.0001333
 0.0000601 -0.0002346
 0.0001092 -0.0003772
 0.0000110 -0.0005928
-0.0000539 -0.0007483
-0.0000527 -0.0007392
-0.0000494 -0.0010058
 0.0000953 -0.0008994
 0.0001196 -0.0008839
 0.0002057 -0.0008479
 0.0002577 -0.0007006
 0.0003679 -0.0006357
 0.0004294 -0.0004914
 0.0003524 -0.0002433
 0.0004217 -0.0001360
 0.0003343  0.0000596
 0.0003308  0.0001370
 0.0005534  0.0003122
 0.0006588  0.0003474
 0.0009099  0.0008138
 0.0007422  0.0010207
 0.0008119  0.0013678
 0.0007996  0.0015729
 0.0006366  0.0017205
 0.0004912  0.0018498
 0.0004546  0.0020809
 0.0005240  0.0019617
 0.0001937  0.0020233
 0.0001437  0.0018183
 0.0002894  0.0016234
-0.0000245  0.0015826
-0.0000583  0.0016890
-0.0000845  0.0015286
-0.0002089  0.0018988
-0.0003098  0.0019826
-0.0005902  0.0018932
-0.0006774  0.0016881
-0.0007778  0.0014742
-0.0009657  0.0008655
-0.0010543  0.0003578
-0.0008897  0.0001072
-0.0009020 -0.0003216
-0.0008238 -0.0003583
-0.0004716 -0.0004251
-0.0003484 -0.0004436
-0.0002528 -0.0000782
-0.0002027  0.0001468
-0.0000718  0.0003073
-0.0001003  0.0003719
-0.0001486  0.0006218
-0.0005433  0.0005960
-0.0007090  0.0006848
-0.0008138  0.0006249
-0.0013235  0.0003611
-0.0014737  0.0001317
-0.0015743  0.0000874
-0.0016012 -0.0001476
-0.0016231 -0.0004310
-0.0016000 -0.0004662
-0.0015456 -0.0005442
-0.0016508 -0.0006084
-0.0016730 -0.0006095
-0.0014809 -0.0005497
-0.0014544 -0.0006969
-0.0012252 -0.0008976
-0.0011176 -0.0008249
-0.0007669 -0.0008921
-0.0005317 -0.0010442
-0.0004392 -0.0011705
-0.0002706 -0.0007500
-0.0002567 -0.0008045
-0.0004178 -0.0004071
-0.0002418 -0.0003944
-0.0001202 -0.0000809
-0.0001243 -0.0000812
-0.0000692 -0.0000003
-0.0001241 -0.0000518
-0.0000653 -0.0000971
 0.0000583 -0.0003162
 0.0000117 -0.0004635
 0.0001504 -0.0005885
 0.0001898 -0.0006954
 0.0002499 -0.0008952
 0.0005717 -0.0009833
 0.0007996 -0.0012027
 0.0010063 -0.0013425
 0.0010800 -0.0015470
 0.0011192 -0.0017876
 0.0012769 -0.0015645
 0.0014393 -0.0015712
 0.0014090 -0.0013164
 0.0014178 -0.0009258
 0.0013753 -0.0004412
 0.0014319 -0.0000610
 0.0014226  0.0000621
 0.0012577  0.0002448
 0.0008766  0.0001619
 0.0007624  0.0001608
 0.0004554 -0.0000044
 0.0002424 -0.0004191
 0.0002023 -0.0007899
 0.0001871 -0.0008639
 0.0003938 -0.0010359
 0.0006995 -0.0011255
 0.0009046 -0.0009773
 0.0010919 -0.0008071
 0.0011855 -0.0004609
 0.0012224 -0.0001067
 0.0010782  0.0001588
 0.0009512  0.0003480
 0.0008263  0.0004552
 0.0007499  0.0004608
 0.0007433  0.0004526
 0.0007055  0.0005204
 0.0004079  0.0004185
 0.0001128  0.0005767
-0.0000235  0.0005413
-0.0002018  0.0002807
-0.0001128  0.0002651
-0.0003615  0.0000768
-0.0002624  0.0000539
-0.0000700 -0.0000801
-0.0002839 -0.0000407
-0.0003503 -0.0001861
-0.0004886 -0.0002956
-0.0006377 -0.0003812
-0.0009222 -0.0004236
-0.0010536 -0.0003957
-0.0011280 -0.0004393
-0.0013080 -0.0005779
-0.0011335 -0.0005594
-0.0012159 -0.0007095
-0.0011999 -0.0008084
-0.0010375 -0.0006287
-0.0009029 -0.0004702
-0.0008779 -0.0000196
-0.0009153  0.0005226
-0.0010272  0.0008578
-0.0012202  0.0011486
-0.0014304  0.0012497
-0.0015034  0.0010744
-0.0013761  0.0006439
-0.0013374  0.0005205
-0.0011279  0.0002850
-0.0009576 -0.0001007
-0.0009830 -0.0003576
-0.0009216 -0.0002829
-0.0007162 -0.0005052
-0.0009503 -0.0005757
-0.0008109 -0.0006020
-0.0008054 -0.0005574
-0.0007517 -0.0003737
-0.0007178 -0.0002617
-0.0006365 -0.0001317
-0.0007059 -0.0002156
-0.0006571 -0.0000826
-0.0006274 -0.0001155
-0.0006429 -0.0002368
-0.0006643 -0.0002266
-0.0008506 -0.0000835
-0.0008169 -0.0002399
-0.0008533 -0.0001931
-0.0008888  0.0000796
-0.0007713  0.0001006
-0.0006840  0.0000834
-0.0005007  0.0000721
-0.0002580  0.0000056
-0.0002060 -0.0001736
-0.0000734 -0.0004547
 0.0002935 -0.0004255
 0.0004511 -0.0005174
 0.0005622 -0.0004591
 0.0007185 -0.0002946
 0.0007113 -0.0000522
 0.0006851  0.0000899
 0.0006171  0.0002543
 0.0005043  0.0002517
 0.0005965  0.0003315
 0.0007076  0.0002106
 0.0008138  0.0003770
 0.0008189  0.0005136
 0.0007802  0.0006643
 0.0008421  0.0008009
 0.0006025  0.0007813
 0.0006635  0.0008402
 0.0008856  0.0009416
 0.0011024  0.0007748
 0.0014054  0.0008195
 0.0014800  0.0007799
 0.0017981  0.0006051
 0.0021221  0.0006418
 0.0021733  0.0004288
 0.0020094  0.0003164
 0.0021130  0.0001347
 0.0020665  0.0001846
 0.0019175  0.0000816
 0.0016711  0.0001157
 0.0015366  0.0001182
 0.0012447 -0.0000258
 0.0010229  0.0001153
 0.0009511 -0.0000595
 0.0008405  0.0001209
 0.0007760  0.0001479
 0.0007414  0.0000408
 0.0007206  0.0000761
 0.0009067  0.0000087
 0.0009244 -0.0001335
 0.0012218  0.0000243
 0.0013947  0.0000982
 0.0013425  0.0003237
 0.0013015  0.0005720
 0.0012831  0.0006547
 0.0007997  0.0007897
 0.0005571  0.0010049
 0.0000718  0.0009339
-0.0003075  0.0009444
-0.0004616  0.0008438
-0.0007338  0.0007581
-0.0010662  0.0005258
-0.0011643  0.0001399
-0.0012352 -0.0001699
-0.0013357 -0.0004218
-0.0013326 -0.0008050
-0.0012821 -0.0007955
-0.0013924 -0.0009717
-0.0013060 -0.0009634
-0.0011916 -0.0009967
-0.0011492 -0.0011174
-0.0009869 -0.0011210
-0.0007284 -0.0011830
-0.0001766 -0.0012242
 0.0003121 -0.0012868
 0.0006071 -0.0011080
 0.0007090 -0.0007290
 0.0008409 -0.0004025
 0.0008352 -0.0000803
 0.0006223 -0.0001313
 0.0004088  0.0000387
 0.0002783 -0.0000257
 0.0001314 -0.0000827
 0.0000872 -0.0002435
-0.0001016 -0.0003015
-0.0002403 -0.0003974
-0.0003107 -0.0003317
-0.0002002 -0.0003041
-0.0002391 -0.0003786
 0.0000094 -0.0001700
 0.0001771  0.0001162
 0.0003109  0.0002396
 0.0006170  0.0004878
 0.0006604  0.0006190
 0.0007840  0.0007014
 0.0009563  0.0009574
 0.0009262  0.0010153
 0.0006365  0.0011708
 0.0003614  0.0013431
 0.0001496  0.0014592
-0.0001623  0.0015660
-0.0003087  0.0013465
-0.0005671  0.0012306
-0.0005945  0.0009817
-0.0004605  0.0008060
-0.0003362  0.0006885
-0.0001721  0.0005540
-0.0000714  0.0005143
-0.0001126  0.0005264
-0.0000751  0.0003402
-0.0001009  0.0003673
-0.0000821  0.0004267
-0.0001943  0.0003747
-0.0001315  0.0004311
-0.0001135  0.0004933
 0.0000247  0.0005224
-0.0000097  0.0005524
 0.0002981  0.0005012
 0.0001974  0.0002446
 0.0002851  0.0001119
 0.0005406 -0.0000993
 0.0004953 -0.0002098
 0.0006892 -0.0003279
 0.0009190 -0.0003553
 0.0009175 -0.0004173
 0.0008405 -0.0001929
 0.0008591 -0.0002552
 0.0006138 -0.0002445
 0.0005006 -0.0002334
 0.0003041 -0.0004031
 0.0001789 -0.0005658
 0.0001622 -0.0007376
 0.0003234 -0.0008808
 0.0004339 -0.0008894
 0.0007004 -0.0008597
 0.0010360 -0.0008436
 0.0011951 -0.0007076
 0.0013786 -0.0005639
 0.0013752 -0.0004780
 0.0014110 -0.0003530
 0.0010599 -0.0005402
 0.0009293 -0.0004845
 0.0005354 -0.0005614
 0.0004661 -0.0007533
 0.0000852 -0.0009505
 0.0000613 -0.0010605
 0.0000320 -0.0011683
 0.0001329 -0.0012003
 0.0003460 -0.0010807
 0.0004050 -0.0010645
 0.0005184 -0.0008651
 0.0007004 -0.0008571
 0.0004702 -0.0008578
 0.0003662 -0.0009372
 0.0001565 -0.0008427
 0.0000547 -0.0010570
-0.0002003 -0.0012741
-0.0002190 -0.0013541
-0.0002563 -0.0015424
-0.0001869 -0.0016711
-0.0001606 -0.0015395
 0.0000265 -0.0014721
 0.0001511 -0.0014853
 0.0002291 -0.0013592
 0.0002829 -0.0013089
 0.0004809 -0.0012144
 0.0008982 -0.0011769
 0.0008655 -0.0010220
 0.0010083 -0.0010278
 0.0011071 -0.0011280
 0.0010980 -0.0011078
 0.0010506 -0.0013091
 0.0011415 -0.0013652
 0.0013301 -0.0014291
 0.0014548 -0.0013293
 0.0019783 -0.0011778
 0.0025486 -0.0011846
 0.0030050 -0.0009416
 0.0031775 -0.0006945
 0.0032926 -0.0003628
 0.0033695  0.0000000
 0.0033013  0.0005398
 0.0028174  0.0005986
 0.0023588  0.0008120
 0.0017743  0.0009396
 0.0012297  0.0007821
 0.0008908  0.0004817
 0.0007859  0.0003267
 0.0004704  0.0003013
 0.0005595  0.0003239
 0.0004922  0.0003336
 0.0003759  0.0007762
 0.0000776  0.0008968
-0.0002002  0.0012530
-0.0003633  0.0012761
-0.0006131  0.0013732
-0.0007359  0.0013524
-0.0006831  0.0014092
-0.0006978  0.0014503
-0.0008990  0.0015439
-0.0007566  0.0016807
-0.0008196  0.0017135
-0.0009649  0.0017803
-0.0008411  0.0017008
-0.0007552  0.0017585
-0.0010255  0.0017258
-0.0009811  0.0019033
-0.0010695  0.0019207
-0.0011663  0.0019520
-0.0012452  0.0017747
-0.0011366  0.0016437
-0.0013542  0.0015293
-0.0011786  0.0013948
-0.0013107  0.0011738
-0.0014287  0.0011490
-0.0014367  0.0011219
-0.0015937  0.0010788
-0.0016310  0.0013726
-0.0015822  0.0015909
-0.0015835  0.0014762
-0.0013582  0.0016461
-0.0010705  0.0016296
-0.0008657  0.0016233
-0.0007368  0.0015971
-0.0003400  0.0016971
-0.0004264  0.0016596
-0.0005912  0.0015198
-0.0007150  0.0014631
-0.0008889  0.0012263
-0.0010825  0.0010260
-0.0012036  0.0007009
-0.0012429  0.0003287
-0.0012060  0.0002087
-0.0010055  0.0000205
-0.0008575 -0.0000167
-0.0007808  0.0000507
-0.0005984  0.0000680
-0.0004795  0.0002024
-0.0005256  0.0002744
-0.0003000  0.0004148
-0.0005149  0.0005265
-0.0006861  0.0007109
-0.0006545  0.0008292
-0.0008390  0.0010290
-0.0010056  0.0011173
-0.0010219  0.0006788
-0.0009831  0.0007106
-0.0010735  0.0005896
-0.0010484  0.0002498
-0.0010599  0.0001312
-0.0007395  0.0001289
-0.0007692  0.0001120
-0.0007457  0.0002531
-0.0005755  0.0003586
-0.0004744  0.0002912
-0.0004311  0.0002098
-0.0005133 -0.0000169
-0.0004025 -0.0002035
-0.0003157 -0.0004346
-0.0003003 -0.0006609
-0.0000457 -0.0009281
 0.0002145 -0.0008913
 0.0005126 -0.0009578
 0.0006380 -0.0009238
 0.0010746 -0.0007126
 0.0012964 -0.0005268
 0.0013994 -0.0003672
 0.0015817 -0.0000794
 0.0015999  0.0003413
 0.0015800  0.0004908
 0.0014048  0.0006917
 0.0012348  0.0006213
 0.0010944  0.0006821
 0.0010222  0.0006611
 0.0008218  0.0006369
 0.0008449  0.0006796
 0.0010547  0.0007365
 0.0009843  0.0009502
 0.0011078  0.0011831
 0.0011658  0.0014128
 0.0012055  0.0016134
 0.0012969  0.0019148
 0.0013302  0.0017348
 0.0013618  0.0016620
 0.0014250  0.0015278
 0.0013926  0.0014516
 0.0012442  0.0011745
 0.0010184  0.0009698
 0.0008934  0.0008338
 0.0003553  0.0007827
 0.0002066  0.0005503
 0.0000866  0.0002753
-0.0001454  0.0002792
-0.0002887  0.0001658
-0.0003249  0.0001285
-0.0006131  0.0000451
-0.0008373  0.0001370
-0.0008601  0.0000728
-0.0011997  0.0001214
-0.0012659  0.0002423
-0.0012017  0.0003754
-0.0012926  0.0005922
-0.0013472  0.0006786
-0.0015041  0.0006424
-0.0017695  0.0004296
-0.0017896  0.0003979
-0.0019803  0.0001978
-0.0019879  0.0000266
-0.0019419  0.0001265
-0.0017793  0.0003851
-0.0018423  0.0006260
-0.0018241  0.0007098
-0.0020027  0.0007555
-0.0019226  0.0009086
-0.0018193  0.0009145
-0.0018830  0.0005615
-0.0017885  0.0006191
-0.0017034  0.0005491
-0.0016634  0.0004071
-0.0018053  0.0004232
-0.0018013  0.0003957
-0.0019362  0.0003813
-0.0019982  0.0003790
-0.0018067  0.0003114
-0.0018247  0.0001358
-0.0015682  0.0001433
-0.0014307  0.0001304
-0.0013206 -0.0000224
-0.0009491  0.0000956
-0.0007251  0.0001839
-0.0006469  0.0001963
-0.0005397  0.0003151
-0.0003935  0.0002521
-0.0003400  0.0002129
-0.0001957  0.0000717
 0.0000091 -0.0001552
 0.0002007 -0.0004484
 0.0005107 -0.0005806
 0.0006391 -0.0007985
 0.0007329 -0.0009555
 0.0005928 -0.0010680
 0.0005178 -0.0013576
 0.0002058 -0.0017655
 0.0001697 -0.0018685
 0.0000456 -0.0021413
-0.0000313 -0.0019471
-0.0000517 -0.0017838
-0.0002586 -0.0013990
-0.0003494 -0.0009722
-0.0005119 -0.0004722
-0.0005624 -0.0002615
-0.0005502  0.0000256
-0.0005161  0.0002019
-0.0005893  0.0000590
-0.0005085  0.0000769
-0.0004645 -0.0001044
-0.0006125 -0.0001823
-0.0005035 -0.0002370
-0.0005525 -0.0005195
-0.0003967 -0.0007878
-0.0004909 -0.0007954
-0.0003855 -0.0008358
-0.0003380 -0.0009101
-0.0005094 -0.0009661
-0.0003889 -0.0007951
-0.0005316 -0.0007578
-0.0006313 -0.0006481
-0.0006963 -0.0005180
-0.0007460 -0.0003655
-0.0008975 -0.0003252
-0.0010233 -0.0002043
-0.0012727  0.0001026
-0.0014561  0.0000128
-0.0017085  0.0000300
-0.0017972 -0.0001226
-0.0017077 -0.0002865
-0.0015319 -0.0002589
-0.0013308 -0.0005569
-0.0011401 -0.0005712
-0.0009831 -0.0005249
-0.0011859 -0.0006364
-0.0011631 -0.0005786
-0.0012976 -0.0004510
-0.0013284 -0.0002510
-0.0014384 -0.0003692
-0.0013912 -0.0001719
-0.0013896 -0.0000784
-0.0013513 -0.0000975
-0.0012800 -0.0002701
-0.0012286 -0.0004911
-0.0012587 -0.0008567
-0.0010913 -0.0012705
-0.0010160 -0.0012656
-0.0008096 -0.0013946
-0.0007362 -0.0013175
-0.0004398 -0.0011784
-0.0002402 -0.0009559
-0.0001518 -0.0007366
 0.0000848 -0.0006242
 0.0000341 -0.0003247
-0.0000678 -0.0001461
-0.0001898 -0.0002841
-0.0005386 -0.0004631
-0.0008735 -0.0005888
-0.0011599 -0.0009928
-0.0012792 -0.0013190
-0.0013897 -0.0013426
-0.0011826 -0.0014999
-0.0011336 -0.0013445
-0.0009036 -0.0010827
-0.0007439 -0.0009292
-0.0007672 -0.0007621
-0.0005403 -0.0006885
-0.0003517 -0.0006158
-0.0004113 -0.0007402
-0.0002372 -0.0009572
-0.0000882 -0.0010808
 0.0000566 -0.0011856
 0.0002227 -0.0012941
 0.0003229 -0.0012347
 0.0006440 -0.0011216
 0.0008536 -0.0010578
 0.0009329 -0.0009814
 0.0009286 -0.0008394
 0.0010969 -0.0006012
 0.0012876 -0.0006610
 0.0012735 -0.0003284
 0.0011924 -0.0002665
 0.0011484 -0.0000988
 0.0008015  0.0000838
 0.0005642  0.0001281
 0.0004082  0.0001942
 0.0003422  0.0001448
 0.0003584  0.0000759
 0.0006366  0.0002169
 0.0005754  0.0003636
 0.0009975  0.0005026
 0.0010838  0.0007138
 0.0012559  0.0011266
 0.0012941  0.0011671
 0.0012449  0.0013362
 0.0011594  0.0014302
 0.0012840  0.0013636
 0.0011981  0.0011162
 0.0011596  0.0010032
 0.0012658  0.0006483
 0.0013030  0.0004814
 0.0013562  0.0001624
 0.0013495 -0.0000697
 0.0013427 -0.0003290
 0.0012959 -0.0003696
 0.0012311 -0.0003636
 0.0010184 -0.0002231
 0.0007610 -0.0000981
 0.0005124 -0.0001068
 0.0002048 -0.0001675
 0.0000412 -0.0002322
-0.0001362 -0.0006841
-0.0002998 -0.0009337
-0.0001048 -0.0010264
 0.0001562 -0.0012241
 0.0003802 -0.0014289
 0.0006754 -0.0013789
 0.0009764 -0.0015972
 0.0010964 -0.0014562
 0.0010918 -0.0013846
 0.0010261 -0.0015534
 0.0008164 -0.0015069
 0.0007813 -0.0015568
 0.0006336 -0.0018396
 0.0005491 -0.0017567
 0.0006606 -0.0017513
 0.0007949 -0.0016609
 0.0009522 -0.0014359
 0.0010377 -0.0012930
 0.0010746 -0.0009447
 0.0009616 -0.0007008
 0.0011183 -0.0005459
 0.0009361 -0.0003329
 0.0008006 -0.0002590
 0.0009432 -0.0000321
 0.0006254  0.0000162
 0.0005147  0.0000967
 0.0005361 -0.0000979
 0.0002737 -0.0000227
 0.0000861 -0.0000131
-0.0000314 -0.0000831
-0.0003356 -0.0000867
-0.0004143 -0.0002198
-0.0004366 -0.0001211
-0.0005934 -0.0000964
-0.0005261  0.0000624
-0.0002685  0.0001892
-0.0001634  0.0003981
-0.0000108  0.0007370
 0.0001688  0.0010433
-0.0000062  0.0014429
-0.0002957  0.0016658
-0.0004452  0.0020236
-0.0006987  0.0019577
-0.0008364  0.0020380
-0.0007578  0.0018334
-0.0007903  0.0017347
-0.0003621  0.0016429
-0.0002322  0.0016301
-0.0001089  0.0017072
 0.0000523  0.0017231
 0.0003229  0.0016201
 0.0003915  0.0015783
 0.0004283  0.0015147
 0.0004608  0.0015379
 0.0005029  0.0017601
 0.0006718  0.0018504
 0.0004463  0.0017960
 0.0003679  0.0018417
 0.0002704  0.0014783
 0.0002007  0.0011518
-0.0000236  0.0008683
 0.0000030  0.0004606
 0.0000525  0.0002604
 0.0001091  0.0000895
 0.0001891 -0.0001625
 0.0002032 -0.0004883
 0.0000405 -0.0003919
 0.0001116 -0.0006466
 0.0000448 -0.0007737
-0.0001632 -0.0008904
-0.0001882 -0.0011196
-0.0002161 -0.0013068
 0.0000135 -0.0011525
 0.0001795 -0.0012084
 0.0000611 -0.0009858
 0.0004933 -0.0006901
 0.0003596 -0.0005631
 0.0003341 -0.0005721
 0.0001193 -0.0003848
 0.0000837 -0.0003336
-0.0001749 -0.0003266
-0.0002824 -0.0001254
-0.0001277 -0.0000661
-0.0003912  0.0001585
-0.0002909  0.0005086
-0.0003966  0.0004359
-0.0005409  0.0006485
-0.0004666  0.0005710
-0.0005057  0.0002929
-0.0005656  0.0000422
-0.0004624 -0.0000044
-0.0003981 -0.0002406
-0.0003036 -0.0002618
 0.0000749 -0.0004787
-0.0000831 -0.0006048
 0.0000822 -0.0005874
 0.0001526 -0.0004530
 0.0001074 -0.0004746
 0.0000710 -0.0001533
 0.0001357  0.0002118
-0.0001110  0.0004467
-0.0002197  0.0008756
-0.0003840  0.0010099
-0.0007081  0.0010333
-0.0006432  0.0010725
-0.0005374  0.0008725
-0.0006170  0.0006794
-0.0003163  0.0006995
-0.0002107  0.0006599
-0.0001810  0.0007255
 0.0001649  0.0008061
 0.0004451  0.0008804
 0.0006441  0.0007505
 0.0009861  0.0007578
 0.0010880  0.0006540
 0.0010955  0.0007840
 0.0010862  0.0007622
 0.0009470  0.0004578
 0.0006955  0.0005527
 0.0006414  0.0002503
 0.0006418  0.0003070
 0.0007511  0.0003625
 0.0008849  0.0004493
 0.0008130  0.0007528
 0.0008174  0.0011588
 0.0009004  0.0013753
 0.0007954  0.0017188
 0.0007199  0.0021640
 0.0006779  0.0023413
 0.0005550  0.0023077
 0.0003480  0.0024010
 0.0003101  0.0022142
 0.0001835  0.0019759
 0.0001332  0.0020429
 0.0002634  0.0018743
 0.0002740  0.0018445
 0.0003351  0.0017356
 0.0003946  0.0014231
 0.0002267  0.0013593
 0.0003681  0.0011205
 0.0002441  0.0008930
-0.0000416  0.0009110
-0.0001814  0.0007646
-0.0001854  0.0008136
-0.0004409  0.0009010
-0.0005330  0.0008291
-0.0006789  0.0008690
-0.0006570  0.0010991
-0.0006290  0.0010707
-0.0006318  0.0009362
-0.0005524  0.0010871
-0.0003934  0.0010701
-0.0004449  0.0007409
-0.0003855  0.0007880
-0.0004485  0.0006801
-0.0005279  0.0004525
-0.0006655  0.0003734
-0.0008917  0.0001390
-0.0012704  0.0000197
-0.0013286 -0.0002806
-0.0015918 -0.0007741
-0.0017808 -0.0011267
-0.0017979 -0.0014283
-0.0018660 -0.0017300
-0.0018273 -0.0020967
-0.0015341 -0.0023759
-0.0013488 -0.0023813
-0.0012133 -0.0026222
-0.0007586 -0.0026028
-0.0002594 -0.0025594
-0.0000198 -0.0022391
 0.0003158 -0.0017332
 0.0007413 -0.0015708
 0.0008071 -0.0012248
 0.0011454 -0.0010964
 0.0012611 -0.0011111
 0.0014746 -0.0011201
 0.0016361 -0.0011748
 0.0016813 -0.0011861
 0.0018713 -0.0009801
 0.0020099 -0.0009279
 0.0018578 -0.0010261
 0.0018134 -0.0009794
 0.0020153 -0.0010566
 0.0018513 -0.0012885
 0.0019138 -0.0012633
 0.0019178 -0.0017007
 0.0019955 -0.0016938
 0.0021646 -0.0017177
 0.0022830 -0.0019057
 0.0022074 -0.0017059
 0.0017943 -0.0016116
 0.0017207 -0.0015204
 0.0012181 -0.0015530
 0.0007498 -0.0013320
 0.0004306 -0.0014935
 0.0002106 -0.0015293
 0.0003305 -0.0015053
 0.0002871 -0.0014253
 0.0004019 -0.0013752
 0.0005018 -0.0012012
 0.0005501 -0.0011650
 0.0003398 -0.0010485
 0.0002198 -0.0008331
 0.0001421 -0.0008061
 0.0000337 -0.0006374
 0.0001956 -0.0007139
 0.0001633 -0.0009369
 0.0001352 -0.0008713
 0.0004023 -0.0008357
 0.0004707 -0.0008681
 0.0005988 -0.0007197
 0.0006749 -0.0005371
 0.0007020 -0.0002478
 0.0006997  0.0000805
 0.0008662  0.0002102
 0.0008466  0.0004092
 0.0006817  0.0003922
 0.0006696  0.0002057
 0.0005016 -0.0001260
 0.0003455 -0.0002860
 0.0003978 -0.0007307
 0.0003664 -0.0009445
 0.0002684 -0.0010199
 0.0001850 -0.0010005
 0.0000278 -0.0008620
-0.0000984 -0.0007445
-0.0002160 -0.0007181
-0.0003422 -0.0006254
-0.0002977 -0.0005290
-0.0002565 -0.0007574
-0.0002883 -0.0006918
-0.0002028 -0.0008865
-0.0000472 -0.0012255
-0.0001527 -0.0012331
 0.0000701 -0.0012259
 0.0002704 -0.0013479
 0.0003238 -0.0013604
 0.0003477 -0.0013051
 0.0002900 -0.0011840
 0.0002507 -0.0010024
 0.0003422 -0.0009666
 0.0001951 -0.0007491
 0.0000465 -0.0005789
 0.0002008 -0.0002691
 0.0000081 -0.0001064
-0.0001836  0.0002490
-0.0002517  0.0001892
-0.0005525 -0.0002118
-0.0007056 -0.0002935
-0.0006283 -0.0007473
-0.0008253 -0.0008400
-0.0007480 -0.0006898
-0.0007118 -0.0007489
-0.0008262 -0.0007436
-0.0008265 -0.0005440
-0.0007122 -0.0005277
-0.0007158 -0.0006401
-0.0005840 -0.0006256
-0.0003588 -0.0008753
-0.0005479 -0.0009310
-0.0004806 -0.0010708
-0.0005460 -0.0011817
-0.0006688 -0.0012571
-0.0004914 -0.0011515
-0.0003489 -0.0011403
-0.0000722 -0.0010325
-0.0000108 -0.0009160
 0.0003447 -0.0008482
 0.0001749 -0.0007251
 0.0002831 -0.0006094
 0.0003486 -0.0006947
 0.0004440 -0.0005723
 0.0004306 -0.0005332
 0.0005145 -0.0004596
 0.0003419 -0.0004902
 0.0003402 -0.0005805
 0.0002526 -0.0008570
-0.0000384 -0.0009106
-0.0000825 -0.0010098
 0.0000192 -0.0010317
-0.0000523 -0.0010495
 0.0001499 -0.0009225
-0.0001128 -0.0008448
-0.0001952 -0.0007138
-0.0004130 -0.0007092
-0.0007087 -0.0004509
-0.0008216 -0.0002981
-0.0007684 -0.0001337
-0.0008911 -0.0001066
-0.0006535 -0.0000344
-0.0003995 -0.0000842
-0.0002460  0.0000058
-0.0000941  0.0000660
-0.0001104 -0.0002171
-0.0002598 -0.0003294
-0.0002491 -0.0003649
-0.0002544 -0.0007301
-0.0003585 -0.0010876
-0.0001301 -0.0012319
-0.0001519 -0.0014343
-0.0000254 -0.0014375
 0.0001211 -0.0013735
-0.0001640 -0.0013582
-0.0002359 -0.0012227
-0.0002031 -0.0011651
-0.0002106 -0.0011673
-0.0002644 -0.0010033
-0.0002838 -0.0009086
-0.0004675 -0.0008750
-0.0006182 -0.0005538
-0.0005197 -0.0002844
-0.0008506 -0.0000639
-0.0010624  0.0000811
-0.0012195 -0.0000544
-0.0015258 -0.0000355
-0.0016510 -0.0000524
-0.0016898 -0.0003881
-0.0019122 -0.0008794
-0.0019358 -0.0009697
-0.0017928 -0.0011590
-0.0018362 -0.0012302
-0.0017920 -0.0012583
-0.0017922 -0.0012085
-0.0021023 -0.0012789
-0.0024699 -0.0012613
-0.0025204 -0.0015567
-0.0027042 -0.0019210
-0.0028039 -0.0021701
-0.0026215 -0.0024352
-0.0025591 -0.0026220
-0.0023272 -0.0027453
-0.0020206 -0.0030873
-0.0017965 -0.0030412
-0.0015844 -0.0028420
-0.0013745 -0.0027033
-0.0015468 -0.0024417
-0.0017314 -0.0021783
-0.0020520 -0.0022157
-0.0020953 -0.0018837
-0.0019971 -0.0020091
-0.0019382 -0.0019073
-0.0016255 -0.0017558
-0.0013883 -0.0016194
-0.0012120 -0.0013797
-0.0011361 -0.0010841
-0.0011025 -0.0006381
-0.0010914 -0.0003901
-0.0011307 -0.0000140
-0.0012595  0.0000856
-0.0011318  0.0004142
-0.0008324  0.0006277
-0.0009184  0.0009368
-0.0005652  0.0011215
-0.0003934  0.0014798
-0.0002435  0.0017278
-0.0002904  0.0019496
-0.0001050  0.0018820
-0.0001228  0.0018984
 0.0002027  0.0018075
 0.0002719  0.0014502
 0.0005274  0.0011439
 0.0007912  0.0010006
 0.0011383  0.0006844
 0.0014228  0.0003907
 0.0015475  0.0003136
 0.0017824  0.0002438
 0.0018979  0.0001850
 0.0017940  0.0005350
 0.0016594  0.0007218
 0.0014370  0.0008534
 0.0008695  0.0011181
 0.0005681  0.0010023
 0.0000320  0.0011416
-0.0003727  0.0012237
-0.0004258  0.0011478
-0.0006418  0.0010692
-0.0009517  0.0013232
-0.0012101  0.0011784
-0.0013938  0.0012069
-0.0014082  0.0009957
-0.0012858  0.0005445
-0.0011918  0.0001712
-0.0007304  0.0000598
-0.0003667 -0.0003199
-0.0000135 -0.0003939
 0.0000222 -0.0000782
 0.0001599 -0.0001797
-0.0000177  0.0000126
-0.0002387  0.0001142
-0.0003885  0.0000504
-0.0005919 -0.0000226
-0.0009398  0.0000952
-0.0010819 -0.0000889
-0.0012621  0.0001190
-0.0013497 -0.0001036
-0.0014524  0.0000302
-0.0013637  0.0001493
-0.0013213  0.0001062
-0.0012313  0.0001596
-0.0011224  0.0001062
-0.0011177  0.0000014
-0.0012556  0.0000306
-0.0011932  0.0001078
-0.0013149  0.0000165
-0.0012323  0.0001219
-0.0014045  0.0002080
-0.0013765  0.0000323
-0.0014971 -0.0000193
-0.0014216 -0.0001539
-0.0011554 -0.0002445
-0.0011868 -0.0004069
-0.0009897 -0.0003128
-0.0010713 -0.0003195
-0.0012259 -0.0003002
-0.0013970 -0.0001558
-0.0016006 -0.0000797
-0.0019101 -0.0000476
-0.0018718 -0.0001389
-0.0018963 -0.0002431
-0.0017621 -0.0004067
-0.0015585 -0.0004777
-0.0014636 -0.0005470
-0.0012639 -0.0004574
-0.0011152 -0.0003714
-0.0010281 -0.0004761
-0.0011672 -0.0004681
-0.0011007 -0.0004748
-0.0011394 -0.0007494
-0.0012279 -0.0009201
-0.0010714 -0.0012041
-0.0010020 -0.0013725
-0.0008187 -0.0014092
-0.0003251 -0.0014552
-0.0001012 -0.0012886
 0.0001064 -0.0010585
 0.0003052 -0.0010023
 0.0004998 -0.0008569
 0.0006865 -0.0007416
 0.0010920 -0.0008727
 0.0012294 -0.0009332
 0.0015618 -0.0007925
 0.0018181 -0.0009039
 0.0019165 -0.0007378
 0.0019696 -0.0004824
 0.0021397 -0.0003554
 0.0019789 -0.0000541
 0.0021100  0.0001387
 0.0020874  0.0003393
 0.0020843  0.0007359
 0.0021332  0.0008756
 0.0021339  0.0009210
 0.0019444  0.0010776
 0.0016562  0.0011172
 0.0013129  0.0012249
 0.0010084  0.0011484
 0.0008292  0.0012182
 0.0004200  0.0010388
 0.0004332  0.0011130
 0.0005105  0.0012842
 0.0003528  0.0013276
 0.0003384  0.0014334
 0.0002910  0.0015674
 0.0003232  0.0017436
 0.0000566  0.0020616
 0.0001497  0.0021667
 0.0000701  0.0023446
-0.0000772  0.0023001
-0.0000534  0.0024600
 0.0000915  0.0021991
 0.0004142  0.0022629
 0.0006989  0.0020510
 0.0009914  0.0020585
 0.0013850  0.0019858
 0.0013158  0.0019266
 0.0012523  0.0019409
 0.0013163  0.0014871
 0.0010156  0.0008409
 0.0007539  0.0003574
 0.0004118 -0.0003922
 0.0002854 -0.0009272
 0.0000919 -0.0012124
 0.0000718 -0.0015631
 0.0000371 -0.0017424
 0.0000563 -0.0015439
 0.0000787 -0.0016936
-0.0000841 -0.0014334
-0.0003269 -0.0012170
-0.0003100 -0.0011901
-0.0004827 -0.0010555
-0.0008560 -0.0012415
-0.0009361 -0.0012957
-0.0010844 -0.0013898
-0.0013798 -0.0015039
-0.0014369 -0.0018327
-0.0015618 -0.0018221
-0.0013059 -0.0018575
-0.0011483 -0.0020204
-0.0011342 -0.0019698
-0.0008773 -0.0017288
-0.0005548 -0.0018236
-0.0006511 -0.0018476
-0.0005273 -0.0017742
-0.0003056 -0.0017477
-0.0002771 -0.0014883
-0.0001462 -0.0012893
-0.0000294 -0.0009616
 0.0001711 -0.0007589
 0.0000866 -0.0005567
-0.0000175 -0.0004817
-0.0000624 -0.0006303
-0.0002620 -0.0008080
-0.0004331 -0.0010691
-0.0006728 -0.0012145
-0.0009175 -0.0016855
-0.0009044 -0.0019358
-0.0009424 -0.0019979
-0.0007475 -0.0021829
-0.0007026 -0.0022520
-0.0003738 -0.0022261
-0.0000980 -0.0022741
 0.0000808 -0.0024022
 0.0003113 -0.0024186
 0.0006900 -0.0024962
 0.0009265 -0.0026419
 0.0010908 -0.0026578
 0.0014407 -0.0026522
 0.0016818 -0.0025591
 0.0017729 -0.0023001
 0.0022139 -0.0020089
 0.0022527 -0.0016006
 0.0024289 -0.0012811
 0.0025191 -0.0008101
 0.0023753 -0.0004295
 0.0022777 -0.0002474
 0.0020254 -0.0000111
 0.0017127  0.0001390
 0.0014888  0.0003854
 0.0012530  0.0003977
 0.0007249  0.0006432
 0.0005714  0.0007254
 0.0003481  0.0006873
 0.0001588  0.0007624
 0.0001404  0.0008472
 0.0001833  0.0007302
 0.0001543  0.0008528
 0.0002772  0.0008672
 0.0004254  0.0008091
 0.0004529  0.0008995
 0.0006807  0.0009257
 0.0004171  0.0009948
 0.0002252  0.0012169
-0.0000168  0.0010996
-0.0003781  0.0010253
-0.0004557  0.0010511
-0.0004314  0.0007047
-0.0005513  0.0004832
-0.0003181  0.0004533
-0.0001499  0.0004003
-0.0002296  0.0003762
-0.0004018  0.0002404
-0.0006025  0.0003990
-0.0009896  0.0002570
-0.0010801  0.0003206
-0.0011277  0.0000341
-0.0012678  0.0002078
-0.0011658  0.0001597
-0.0010725  0.0001689
-0.0010634  0.0001759
-0.0010989  0.0001071
-0.0009516  0.0000657
-0.0009710 -0.0001516
-0.0008380 -0.0002916
-0.0007388 -0.0003997
-0.0008921 -0.0004262
-0.0009018 -0.0004860
-0.0011047 -0.0004521
-0.0012977 -0.0007019
-0.0014799 -0.0009505
-0.0017188 -0.0012450
-0.0017479 -0.0015531
-0.0016901 -0.0019758
-0.0013703 -0.0023742
-0.0012300 -0.0026854
-0.0009455 -0.0030127
-0.0005584 -0.0030041
-0.0000577 -0.0029803
 0.0003205 -0.0028540
 0.0006517 -0.0026155
 0.0006087 -0.0023350
 0.0007781 -0.0022420
 0.0005181 -0.0020844
 0.0002870 -0.0020223
 0.0003538 -0.0021304
 0.0001874 -0.0020470
 0.0002260 -0.0019530
 0.0003602 -0.0018064
 0.0003832 -0.0017544
 0.0005523 -0.0015814
 0.0007265 -0.0015250
 0.0007333 -0.0013319
 0.0009841 -0.0012030
 0.0012070 -0.0012286
 0.0011855 -0.0011104
 0.0015279 -0.0008553
 0.0017409 -0.0008596
 0.0019196 -0.0005340
 0.0022709 -0.0003351
 0.0023623 -0.0001517
 0.0023193 -0.0001027
 0.0024212  0.0000326
 0.0023980  0.0000798
 0.0025000  0.0000970
 0.0026480  0.0001667
 0.0026847  0.0004232
 0.0026926  0.0006510
 0.0027773  0.0008145
 0.0027866  0.0011114
 0.0026078  0.0013191
 0.0023759  0.0014386
 0.0021970  0.0015013
 0.0019902  0.0014091
 0.0018362  0.0014313
 0.0018305  0.0015924
 0.0016054  0.0014511
 0.0015633  0.0014783
 0.0013532  0.0014355
 0.0012918  0.0015717
 0.0011758  0.0013181
 0.0007598  0.0012371
 0.0005118  0.0011167
 0.0002289  0.0011120
-0.0000606  0.0011472
-0.0003520  0.0011371
-0.0003786  0.0012366
-0.0005990  0.0012488
-0.0004511  0.0015000
-0.0003940  0.0015569
-0.0001899  0.0017704
-0.0002713  0.0019878
-0.0001743  0.0020306
-0.0001463  0.0019173
-0.0000193  0.0017396
 0.0000949  0.0013836
 0.0001668  0.0013540
 0.0004427  0.0012863
 0.0005396  0.0010795
 0.0008266  0.0010505
 0.0009642  0.0010875
 0.0011772  0.0011452
 0.0009464  0.0013468
 0.0008366  0.0013854
 0.0004378  0.0012848
 0.0000227  0.0011508
-0.0003498  0.0009392
-0.0007086  0.0005434
-0.0007900  0.0002137
-0.0007763 -0.0001510
-0.0005223 -0.0005513
-0.0004474 -0.0007173
-0.0000627 -0.0008933
 0.0003560 -0.0011125
 0.0005436 -0.0011419
 0.0006754 -0.0012572
 0.0007924 -0.0014644
 0.0007930 -0.0013401
 0.0007463 -0.0014405
 0.0008001 -0.0014212
 0.0008919 -0.0013050
 0.0007836 -0.0011077
 0.0008596 -0.0009775
 0.0010326 -0.0009465
 0.0010082 -0.0009229
 0.0010214 -0.0009633
 0.0009343 -0.0008846
 0.0008986 -0.0008703
 0.0007754 -0.0008635
 0.0006921 -0.0009046
 0.0007709 -0.0010952
 0.0007680 -0.0010634
 0.0008266 -0.0012140
 0.0008805 -0.0009761
 0.0010293 -0.0008297
 0.0011156 -0.0005151
 0.0013325 -0.0003826
 0.0013471 -0.0001642
 0.0017357  0.0000108
 0.0020227  0.0001527
 0.0021950  0.0004439
 0.0022522  0.0005115
 0.0025328  0.0007469
 0.0024394  0.0011420
 0.0022957  0.0012401
 0.0022099  0.0016029
 0.0020672  0.0015954
 0.0018973  0.0014616
 0.0018479  0.0013105
 0.0015570  0.0012859
 0.0016359  0.0009617
 0.0015281  0.0007311
 0.0016412  0.0006669
 0.0017254  0.0005633
 0.0019013  0.0005711
 0.0018939  0.0007033
 0.0020545  0.0010483
 0.0020528  0.0013320
 0.0019565  0.0014698
 0.0020849  0.0017397
 0.0018572  0.0019110
 0.0016383  0.0018439
 0.0015294  0.0018811
 0.0011425  0.0018159
 0.0009330  0.0018373
 0.0007730  0.0015209
 0.0004927  0.0013395
 0.0006081  0.0012000
 0.0006225  0.0010318
 0.0005681  0.0011726
 0.0005943  0.0011299
 0.0005147  0.0013777
 0.0005165  0.0017086
 0.0003039  0.0020253
 0.0000831  0.0020885
-0.0002452  0.0021935
-0.0002308  0.0024978
-0.0004577  0.0022406
-0.0004433  0.0022421
-0.0002825  0.0022144
-0.0003266  0.0021239
-0.0004102  0.0020428
-0.0003748  0.0018864
-0.0005825  0.0018156
-0.0008925  0.0016027
-0.0009895  0.0014706
-0.0012269  0.0011716
-0.0012626  0.0006610
-0.0014103  0.0003847
-0.0014627 -0.0000403
-0.0017103 -0.0005171
-0.0019670 -0.0008701
-0.0021159 -0.0012383
-0.0023065 -0.0015048
-0.0023841 -0.0016103
-0.0023754 -0.0017976
-0.0023473 -0.0016787
-0.0021750 -0.0016371
-0.0019251 -0.0014611
-0.0016950 -0.0014397
-0.0014497 -0.0013589
-0.0011978 -0.0013438
-0.0007916 -0.0011129
-0.0007563 -0.0010352
-0.0009679 -0.0009192
-0.0010262 -0.0006258
-0.0012342 -0.0005401
-0.0013742 -0.0004778
-0.0016246 -0.0003984
-0.0018142 -0.0005781
-0.0016865 -0.0004025
-0.0014495 -0.0005045
-0.0012961 -0.0005009
-0.0009538 -0.0005388
-0.0009072 -0.0003067
-0.0006729 -0.0001101
-0.0006294  0.0001720
-0.0004958  0.0004277
-0.0003907  0.0005953
-0.0003076  0.0008172
-0.0000624  0.0006993
 0.0002451  0.0007159
 0.0006551  0.0004421
 0.0009864  0.0002655
 0.0011959  0.0001179
 0.0013916  0.0000107
 0.0015313  0.0000569
 0.0013075  0.0000285
 0.0011029 -0.0000383
 0.0007208  0.0000286
 0.0004940 -0.0000450
 0.0003542 -0.0000346
 0.0001588 -0.0001406
-0.0000305 -0.0003549
-0.0000537 -0.0003931
 0.0000967 -0.0004154
 0.0002369 -0.0003782
 0.0005058 -0.0003260
 0.0009348  0.0000033
 0.0011486  0.0003812
 0.0013414  0.0007907
 0.0015013  0.0011620
 0.0013567  0.0017399
 0.0012980  0.0020086
 0.0011972  0.0022730
 0.0015134  0.0023373
 0.0015450  0.0024073
 0.0014879  0.0023819
 0.0016783  0.0023334
 0.0014854  0.0022043
 0.0012437  0.0024797
 0.0008935  0.0026224
 0.0003960  0.0026214
-0.0001568  0.0026806
-0.0005322  0.0027190
-0.0007887  0.0026765
-0.0009145  0.0025936
-0.0007186  0.0025744
-0.0006108  0.0026798
-0.0004622  0.0027952
-0.0002955  0.0027421
-0.0003434  0.0027723
-0.0003305  0.0028013
-0.0005449  0.0026204
-0.0007066  0.0026023
-0.0009549  0.0022369
-0.0012654  0.0018519
-0.0015521  0.0015046
-0.0015861  0.0012497
-0.0016167  0.0010157
-0.0017858  0.0007496
-0.0014960  0.0006976
-0.0017121  0.0006726
-0.0018927  0.0005566
-0.0018014  0.0003646
-0.0017673  0.0000819
-0.0015600  0.0000035
-0.0012772 -0.0001775
-0.0011258 -0.0001389
-0.0008847 -0.0000953
-0.0009179 -0.0000690
-0.0010204  0.0000498
-0.0009774  0.0000448
-0.0010383 -0.0002341
-0.0012274 -0.0002426
-0.0011097 -0.0005660
-0.0010200 -0.0009519
-0.0008112 -0.0013281
-0.0007158 -0.0016694
-0.0005315 -0.0018969
-0.0004885 -0.0018676
-0.0003494 -0.0018087
-0.0002833 -0.0016334
-0.0001387 -0.0013072
 0.0000728 -0.0010712
 0.0003859 -0.0007285
 0.0004650 -0.0005068
 0.0006194 -0.0002614
 0.0005894 -0.0002087
 0.0006571 -0.0002503
 0.0008203 -0.0001617
 0.0008101 -0.0002751
 0.0010446 -0.0004281
 0.0015343 -0.0006347
 0.0016977 -0.0007810
 0.0021240 -0.0008830
 0.0023003 -0.0008030
 0.0023962 -0.0007180
 0.0022989 -0.0004998
 0.0022106 -0.0004188
 0.0017963 -0.0003818
 0.0016357 -0.0002760
 0.0016671 -0.0002190
 0.0015985 -0.0000963
 0.0016670 -0.0001187
 0.0017835  0.0001779
 0.0017052  0.0001319
 0.0017690  0.0003200
 0.0015807  0.0001063
 0.0014026  0.0004344
 0.0011197  0.0006785
 0.0007634  0.0008423
 0.0002213  0.0011630
-0.0002871  0.0012973
-0.0007032  0.0011656
-0.0011392  0.0011094
-0.0012971  0.0010693
-0.0012776  0.0008735
-0.0013143  0.0008176
-0.0013900  0.0005629
-0.0013277  0.0003955
-0.0015422  0.0000958
-0.0012291 -0.0000631
-0.0010943 -0.0003570
-0.0008745 -0.0005346
-0.0004756 -0.0006692
-0.0001931 -0.0006393
 0.0001186 -0.0001989
 0.0002411 -0.0000831
 0.0002017  0.0001324
 0.0000515  0.0001987
-0.0000761  0.0001576
-0.0001340 -0.0000320
-0.0004140  0.0000126
-0.0003818  0.0000890
-0.0004500  0.0000668
-0.0006143  0.0002390
-0.0007779  0.0003811
-0.0010403  0.0004232
-0.0011647  0.0003287
-0.0012431  0.0003166
-0.0013140  0.0002163
-0.0009677  0.0001446
-0.0006902 -0.0000434
-0.0006712 -0.0000953
-0.0005684 -0.0000548
-0.0004290  0.0001093
-0.0006445  0.0001979
-0.0007426  0.0004923
-0.0007507  0.0005421
-0.0009014  0.0005003
-0.0009046  0.0004916
-0.0010021  0.0004639
-0.0010691  0.0003225
-0.0011248  0.0002518
-0.0014301  0.0001710
-0.0017161 -0.0000838
-0.0016578  0.0000123
-0.0017401 -0.0002067
-0.0018140 -0.0003782
-0.0014175 -0.0003765
-0.0011250 -0.0005467
-0.0008130 -0.0006100
-0.0005404 -0.0007228
-0.0002125 -0.0010167
-0.0001109 -0.0011178
 0.0002156 -0.0014221
 0.0005275 -0.0016061
 0.0005597 -0.0016510
 0.0007360 -0.0017040
 0.0008853 -0.0014465
 0.0009077 -0.0011689
 0.0009734 -0.0008675
 0.0008240 -0.0003659
 0.0007353 -0.0000849
 0.0008026  0.0001393
 0.0005697  0.0003168
 0.0003329  0.0001887
 0.0004505 -0.0000172
 0.0006717 -0.0001445
 0.0007794 -0.0001170
 0.0008374 -0.0002575
 0.0010772 -0.0000196
 0.0010777  0.0000498
 0.0009057  0.0003933
 0.0007662  0.0002601
 0.0005198  0.0004111
 0.0004425  0.0001549
 0.0003989  0.0001713
 0.0002966  0.0000524
 0.0002472 -0.0000573
 0.0000613  0.0000734
-0.0000454 -0.0000587
-0.0001782 -0.0002270
-0.0004389 -0.0000092
-0.0006157 -0.0001152
-0.0007508 -0.0000735
-0.0007509  0.0001091
-0.0009898  0.0000607
-0.0013107  0.0001960
-0.0014354  0.0001762
-0.0013962  0.0001370
-0.0014452  0.0002489
-0.0014856  0.0003594
-0.0014434  0.0003128
-0.0016265  0.0004526
-0.0014944  0.0004723
-0.0014901  0.0004438
-0.0014030  0.0004789
-0.0013330  0.0004074
-0.0011686  0.0004506
-0.0011406  0.0006484
-0.0010630  0.0008558
-0.0012395  0.0008993
-0.0013307  0.0008039
-0.0013750  0.0008624
-0.0016380  0.0006749
-0.0016800  0.0004252
-0.0017213  0.0002681
-0.0017963 -0.0000676
-0.0015835 -0.0001731
-0.0013287 -0.0004081
-0.0012185 -0.0004022
-0.0007746 -0.0002693
-0.0005635 -0.0002583
-0.0003314 -0.0003905
-0.0001416 -0.0004678
 0.0003160 -0.0004453
 0.0003353 -0.0006138
 0.0003922 -0.0005513
 0.0006709 -0.0006798
 0.0003600 -0.0007191
 0.0003023 -0.0008287
 0.0000800 -0.0009994
-0.0001256 -0.0009501
-0.0001776 -0.0010642
-0.0001740 -0.0010429
-0.0002293 -0.0013853
-0.0002943 -0.0012967
 0.0001063 -0.0013031
 0.0003659 -0.0013596
 0.0007297 -0.0011800
 0.0008744 -0.0010035
 0.0012838 -0.0008083
 0.0013152 -0.0006750
 0.0014619 -0.0004277
 0.0013345 -0.0004388
 0.0013176 -0.0002734
 0.0013016 -0.0004377
 0.0014025 -0.0003001
 0.0014168 -0.0002623
 0.0016779 -0.0003717
 0.0017871 -0.0003308
 0.0018265 -0.0004786
 0.0020161 -0.0008720
 0.0021844 -0.0011031
 0.0024737 -0.0013671
 0.0027470 -0.0016613
 0.0031119 -0.0019866
 0.0033729 -0.0021752
 0.0035205 -0.0023124
 0.0037499 -0.0022397
 0.0036741 -0.0021312
 0.0036449 -0.0018539
 0.0035131 -0.0016967
 0.0031967 -0.0013457
 0.0029543 -0.0009280
 0.0027117 -0.0005610
 0.0024630 -0.0004397
 0.0022437 -0.0001978
 0.0020944  0.0000529
 0.0022405 -0.0000449
 0.0022152  0.0000063
 0.0021933  0.0000722
 0.0023679  0.0002205
 0.0021222  0.0003385
 0.0019822  0.0004158
 0.0018011  0.0001871
 0.0015930  0.0002013
 0.0013913  0.0001120
 0.0014366 -0.0000397
 0.0012600 -0.0000193
 0.0014031 -0.0000034
 0.0011855 -0.0000966
 0.0009834 -0.0000282
 0.0009924 -0.0000244
 0.0007627 -0.0000834
 0.0007317 -0.0001401
 0.0005195  0.0000094
 0.0003384 -0.0000070
 0.0001391  0.0002106
 0.0000925  0.0006443
-0.0001707  0.0008659
-0.0002044  0.0010025
-0.0000916  0.0011873
-0.0002110  0.0014516
-0.0003357  0.0016287
-0.0003680  0.0017753
-0.0007493  0.0018544
-0.0009523  0.0021535
-0.0009839  0.0021980
-0.0012181  0.0022699
-0.0012261  0.0023750
-0.0010530  0.0021447
-0.0010017  0.0021063
-0.0008754  0.0020906
-0.0009566  0.0018949
-0.0009356  0.0017057
-0.0009910  0.0014738
-0.0010369  0.0010098
-0.0010205  0.0010582
-0.0009164  0.0008524
-0.0011353  0.0007345
-0.0008885  0.0005126
-0.0008536  0.0003331
-0.0007233 -0.0000810
-0.0007401 -0.0004184
-0.0005019 -0.0009789
-0.0001944 -0.0012859
 0.0001257 -0.0018258
 0.0004810 -0.0023120
 0.0006901 -0.0023838
 0.0009904 -0.0025429
 0.0012538 -0.0025343
 0.0014968 -0.0022143
 0.0016173 -0.0021237
 0.0016971 -0.0019668
 0.0018836 -0.0016800
 0.0020984 -0.0015243
 0.0023115 -0.0013934
 0.0025488 -0.0010518
 0.0027010 -0.0010455
 0.0029401 -0.0010589
 0.0030346 -0.0008116
 0.0029556 -0.0007184
 0.0030120 -0.0005049
 0.0029131 -0.0004627
 0.0024490 -0.0002913
 0.0022540 -0.0004495
 0.0020694 -0.0004446
 0.0017819 -0.0006839
 0.0016075 -0.0009778
 0.0016200 -0.0011581
 0.0018191 -0.0012869
 0.0016141 -0.0014511
 0.0018026 -0.0014423
 0.0018542 -0.0015431
 0.0018286 -0.0017711
 0.0019189 -0.0016839
 0.0020279 -0.0017569
 0.0022196 -0.0015970
 0.0021019 -0.0014522
 0.0021947 -0.0011926
 0.0018122 -0.0011411
 0.0016994 -0.0008513
 0.0015965 -0.0007669
 0.0012275 -0.0005233
 0.0012950 -0.0004305
 0.0012405 -0.0002862
 0.0011905  0.0000507
 0.0012025 -0.0000034
 0.0012549 -0.0000117
 0.0011393 -0.0000932
 0.0010741 -0.0002308
 0.0008803 -0.0005117
 0.0007669 -0.0005773
 0.0007757 -0.0005949
 0.0006564 -0.0008417
 0.0004543 -0.0008318
 0.0004848 -0.0008594
 0.0004096 -0.0009744
 0.0003513 -0.0009515
 0.0004771 -0.0009418
 0.0006040 -0.0009270
 0.0006174 -0.0009042
 0.0007320 -0.0007474
 0.0006841 -0.0009001
 0.0006197 -0.0007579
 0.0006151 -0.0010093
 0.0004870 -0.0012741
 0.0004591 -0.0015133
 0.0002123 -0.0017603
 0.0000323 -0.0019474
-0.0000008 -0.0021246
-0.0002344 -0.0021562
-0.0003210 -0.0019837
-0.0005031 -0.0018168
-0.0007187 -0.0017453
-0.0008383 -0.0015014
-0.0011649 -0.0013332
-0.0013653 -0.0010311
-0.0015807 -0.0010828
-0.0016558 -0.0009118
-0.0018223 -0.0008333
-0.0020194 -0.0008983
-0.0019127 -0.0008303
-0.0022301 -0.0009876
-0.0023564 -0.0010112
-0.0023511 -0.0011254
-0.0024349 -0.0013605
-0.0022451 -0.0015054
-0.0020977 -0.0017649
-0.0018341 -0.0017962
-0.0015300 -0.0019355
-0.0012684 -0.0021068
-0.0008521 -0.0020546
-0.0003766 -0.0017843
-0.0000040 -0.0016611
 0.0001708 -0.0014151
 0.0003176 -0.0011506
 0.0003413 -0.0011005
 0.0000943 -0.0010672
-0.0000091 -0.0012923
 0.0001265 -0.0015324
 0.0001469 -0.0015704
 0.0003471 -0.0018046
 0.0005826 -0.0018094
 0.0006762 -0.0018345
 0.0009893 -0.0018345
 0.0011617 -0.0017565
 0.0013750 -0.0015368
 0.0016383 -0.0012823
 0.0018023 -0.0011618
 0.0021108 -0.0008416
 0.0023112 -0.0006445
 0.0022984 -0.0004929
 0.0022571 -0.0004479
 0.0022090 -0.0002911
 0.0022757 -0.0001022
 0.0020644  0.0001480
 0.0018129  0.0004071
 0.0015168  0.0006491
 0.0011938  0.0010122
 0.0009695  0.0011673
 0.0005672  0.0015019
 0.0002997  0.0018662
 0.0000929  0.0020316
-0.0001518  0.0022653
-0.0003637  0.0024434
-0.0003562  0.0024100
-0.0003241  0.0022857
-0.0002304  0.0022752
-0.0000622  0.0020848
-0.0002133  0.0017973
-0.0000834  0.0017831
-0.0000394  0.0015715
-0.0001185  0.0014362
-0.0002222  0.0013198
-0.0002520  0.0010661
-0.0004312  0.0009842
-0.0004651  0.0007402
-0.0004476  0.0004855
-0.0005596  0.0003306
-0.0005134  0.0001741
-0.0004275 -0.0001370
-0.0003804 -0.0000497
-0.0005090 -0.0000808
-0.0005944 -0.0000291
-0.0005626  0.0000656
-0.0007192  0.0002082
-0.0010728  0.0002214
-0.0012177  0.0002232
-0.0013219  0.0001278
-0.0014532  0.0001520
-0.0015286  0.0002246
-0.0014892  0.0002382
-0.0014484  0.0002203
-0.0014523  0.0001578
-0.0014018  0.0000525
-0.0014550  0.0001786
-0.0015060  0.0001269
-0.0013698  0.0000481
-0.0015930  0.0001265
-0.0016754  0.0002088
-0.0015715  0.0002627
-0.0017232  0.0001339
-0.0016534  0.0001037
-0.0015801 -0.0000579
-0.0013515 -0.0001094
-0.0010528 -0.0003572
-0.0007295 -0.0003619
-0.0003618 -0.0006307
 0.0000053 -0.0007213
 0.0003682 -0.0008387
 0.0004359 -0.0008250
 0.0007989 -0.0007973
 0.0007723 -0.0005976
 0.0007641 -0.0005805
 0.0007736 -0.0002907
 0.0007773 -0.0001619
 0.0006514 -0.0001707
 0.0006478 -0.0002665
 0.0004370 -0.0003944
 0.0002959 -0.0005402
 0.0001302 -0.0007835
-0.0000315 -0.0011504
-0.0000016 -0.0011473
 0.0002660 -0.0012950
 0.0004543 -0.0011741
 0.0007154 -0.0010848
 0.0009473 -0.0008218
 0.0011234 -0.0006891
 0.0012039 -0.0004663
 0.0011112 -0.0001548
 0.0008668  0.0000939
 0.0007090  0.0002584
 0.0004159  0.0003939
 0.0003155  0.0005299
 0.0001981  0.0005285
 0.0002616  0.0007527
 0.0002603  0.0007839
 0.0001873  0.0008204
 0.0001893  0.0007703
 0.0000440  0.0007184
-0.0000932  0.0006147
-0.0002077  0.0005472
-0.0002477  0.0004870
-0.0005253  0.0005638
-0.0006654  0.0007398
-0.0008672  0.0008973
-0.0008608  0.0008965
-0.0008466  0.0008844
-0.0007633  0.0007763
-0.0008582  0.0007155
-0.0008285  0.0005266
-0.0008446  0.0004386
-0.0010054  0.0004024
-0.0010945  0.0002657
-0.0011690  0.0002916
-0.0012334  0.0001252
-0.0011764  0.0001508
-0.0014447  0.0002334
-0.0014312  0.0001657
-0.0018219  0.0000419
-0.0022782  0.0003593
-0.0026245  0.0000050
-0.0031165 -0.0001296
-0.0034506 -0.0002897
-0.0035387 -0.0006358
-0.0037529 -0.0007020
-0.0036821 -0.0008823
-0.0034501 -0.0009721
-0.0032716 -0.0010549
-0.0030032 -0.0009011
-0.0026919 -0.0007915
-0.0025595 -0.0007112
-0.0022774 -0.0004283
-0.0022953 -0.0002942
-0.0023852 -0.0002146
-0.0025870 -0.0001360
-0.0026705 -0.0001957
-0.0028182 -0.0004022
-0.0028266 -0.0007889
-0.0029418 -0.0009131
-0.0028668 -0.0010902
-0.0027533 -0.0010001
-0.0027247 -0.0011015
-0.0026072 -0.0011582
-0.0024480 -0.0011609
-0.0022315 -0.0011915
-0.0021194 -0.0011526
-0.0019634 -0.0010267
-0.0017100 -0.0010479
-0.0016848 -0.0010581
-0.0014346 -0.0012302
-0.0012095 -0.0013229
-0.0009845 -0.0011646
-0.0009101 -0.0010652
-0.0009201 -0.0011241
-0.0008718 -0.0011119
-0.0008939 -0.0010000
-0.0007563 -0.0009354
-0.0007841 -0.0009107
-0.0005073 -0.0009631
-0.0004123 -0.0007134
-0.0001833 -0.0004937
-0.0000871 -0.0004052
 0.0003113 -0.0000208
 0.0004358  0.0001440
 0.0007291  0.0003694
 0.0009607  0.0007396
 0.0010209  0.0008108
 0.0009021  0.0009400
 0.0008575  0.0009387
 0.0009334  0.0009190
 0.0010195  0.0008077
 0.0012010  0.0006488
 0.0014916  0.0007395
 0.0017099  0.0007972
 0.0019454  0.0009221
 0.0020227  0.0009677
 0.0023020  0.0008749
 0.0023753  0.0009370
 0.0026355  0.0008240
 0.0028425  0.0007053
 0.0028588  0.0009224
 0.0029515  0.0010590
 0.0028393  0.0009545
 0.0025062  0.0011170
 0.0019802  0.0010713
 0.0015394  0.0010245
 0.0011916  0.0008744
 0.0007519  0.0008551
 0.0005823  0.0008290
 0.0004737  0.0008801
 0.0006165  0.0009255
 0.0006788  0.0010908
 0.0007744  0.0011008
 0.0008832  0.0012393
 0.0007488  0.0012141
 0.0004650  0.0011043
 0.0003993  0.0010330
-0.0000910  0.0007609
-0.0003230  0.0004503
-0.0004226  0.0001308
-0.0006558 -0.0000256
-0.0006436 -0.0001085
-0.0006598 -0.0002258
-0.0007071  0.0000399
-0.0006308  0.0002439
-0.0006294  0.0004452
-0.0007040  0.0005664
-0.0008088  0.0007648
-0.0007913  0.0007207
-0.0008412  0.0005201
-0.0006288  0.0003320
-0.0005816 -0.0002331
-0.0006841 -0.0005216
-0.0003547 -0.0010478
-0.0004923 -0.0015311
-0.0004153 -0.0017035
-0.0005798 -0.0017994
-0.0005754 -0.0019535
-0.0006350 -0.0019112
-0.0007661 -0.0020240
-0.0005686 -0.0021117
-0.0004348 -0.0021865
 0.0000176 -0.0023618
 0.0002401 -0.0024760
 0.0003470 -0.0024320
 0.0005483 -0.0024327
 0.0003774 -0.0025186
 0.0001908 -0.0024704
 0.0002702 -0.0025040
-0.0000176 -0.0024350
 0.0000707 -0.0024852
 0.0001332 -0.0024016
 0.0001037 -0.0024104
 0.0002627 -0.0020735
 0.0004912 -0.0018783
 0.0004918 -0.0017183
 0.0008050 -0.0015811
 0.0010198 -0.0013111
 0.0011459 -0.0013049
 0.0013960 -0.0008732
 0.0015327 -0.0007307
 0.0015007 -0.0005486
 0.0016557 -0.0002019
 0.0015706  0.0000782
 0.0016181  0.0003536
 0.0015218  0.0005944
 0.0016237  0.0006405
 0.0014632  0.0008406
 0.0016527  0.0007563
 0.0016714  0.0007828
 0.0016879  0.0009472
 0.0018419  0.0008626
 0.0018283  0.0007677
 0.0020423  0.0009143
 0.0021376  0.0008248
 0.0020585  0.0008265
 0.0020325  0.0008676
 0.0019493  0.0008365
 0.0018015  0.0007841
 0.0016023  0.0008785
 0.0017816  0.0008991
 0.0017539  0.0009996
 0.0018346  0.0009490
 0.0019289  0.0010632
 0.0018106  0.0010134
 0.0018830  0.0011668
 0.0017398  0.0011777
 0.0015408  0.0011721
 0.0013732  0.0013446
 0.0011483  0.0013113
 0.0011471  0.0014073
 0.0008804  0.0014282
 0.0006965  0.0014933
 0.0005318  0.0015557
 0.0003663  0.0015207
 0.0001433  0.0011254
 0.0000070  0.0009199
-0.0000334  0.0008430
 0.0002439  0.0006363
 0.0002620  0.0005770
 0.0005579  0.0006244
 0.0007487  0.0004049
 0.0008688  0.0006551
 0.0009977  0.0007142
 0.0012522  0.0007595
 0.0013624  0.0007700
 0.0013570  0.0007442
 0.0015253  0.0005969
 0.0015512  0.0006314
 0.0015943  0.0005796
 0.0016083  0.0006916
 0.0015022  0.0008524
 0.0014456  0.0008325
 0.0012547  0.0008544
 0.0010872  0.0008093
 0.0011084  0.0008869
 0.0007510  0.0010905
 0.0006610  0.0011956
 0.0005465  0.0013687
 0.0001863  0.0016412
 0.0000662  0.0018510
-0.0002271  0.0021677
-0.0004474  0.0022668
-0.0005979  0.0022188
-0.0006914  0.0019503
-0.0006772  0.0018775
-0.0005016  0.0017095
-0.0003417  0.0017370
-0.0004265  0.0015012
-0.0003770  0.0016156
-0.0005931  0.0015440
-0.0008108  0.0012977
-0.0008042  0.0013591
-0.0009647  0.0012959
-0.0009720  0.0012037
-0.0008341  0.0012120
-0.0008819  0.0011862
-0.0006651  0.0009409
-0.0004852  0.0008782
-0.0004357  0.0006372
-0.0003688  0.0003686
-0.0002683  0.0002662
-0.0002425 -0.0000027
-0.0003331  0.0001242
-0.0002771 -0.0000271
-0.0001230 -0.0002692
 0.0002477 -0.0002420
 0.0006596 -0.0001759
 0.0009784 -0.0002354
 0.0012070  0.0000521
 0.0013547  0.0002547
 0.0011736  0.0003789
 0.0010622  0.0005225
 0.0009028  0.0006872
 0.0009016  0.0006342
 0.0008798  0.0007727
 0.0009675  0.0009308
 0.0009395  0.0012752
 0.0008779  0.0013446
 0.0007733  0.0015369
 0.0005789  0.0016039
 0.0005080  0.0016325
 0.0005507  0.0015978
 0.0006518  0.0016673
 0.0008738  0.0017553
 0.0008560  0.0017735
 0.0009800  0.0018920
 0.0008754  0.0018484
 0.0007596  0.0019248
 0.0006346  0.0021705
 0.0006624  0.0021946
 0.0006159  0.0024508
 0.0008336  0.0028019
 0.0008432  0.0028646
 0.0007805  0.0030826
 0.0010248  0.0031985
 0.0009270  0.0030840
 0.0008163  0.0029088
 0.0007495  0.0027209
 0.0009114  0.0022532
 0.0008046  0.0019902
 0.0012495  0.0017018
 0.0013876  0.0015820
 0.0013442  0.0017413
 0.0014595  0.0019361
 0.0013495  0.0022383
 0.0011281  0.0022353
 0.0008754  0.0022081
 0.0002839  0.0020675
-0.0000305  0.0018134
-0.0003228  0.0014115
-0.0005943  0.0010997
-0.0007230  0.0006545
-0.0007203  0.0004718
-0.0008530  0.0001777
-0.0008775 -0.0001507
-0.0008584 -0.0004493
-0.0010677 -0.0006872
-0.0011665 -0.0008565
-0.0013974 -0.0009148
-0.0016467 -0.0010587
-0.0016506 -0.0010287
-0.0018135 -0.0008483
-0.0019211 -0.0009077
-0.0020592 -0.0007648
-0.0020625 -0.0008874
-0.0019992 -0.0009510
-0.0016588 -0.0010745
-0.0013790 -0.0011410
-0.0009758 -0.0011549
-0.0006254 -0.0013505
-0.0003027 -0.0016404
-0.0000234 -0.0018021
 0.0000661 -0.0020012
 0.0002361 -0.0023155
 0.0002922 -0.0022975
 0.0001600 -0.0021790
 0.0002294 -0.0021646
 0.0000736 -0.0017344
-0.0001307 -0.0015339
-0.0002702 -0.0013238
-0.0004375 -0.0012194
-0.0004375 -0.0011196
-0.0004559 -0.0011929
-0.0001672 -0.0011070
-0.0001489 -0.0010480
 0.0000476 -0.0011829
 0.0001202 -0.0006585
 0.0001408 -0.0004957
-0.0001204 -0.0002186
-0.0002616 -0.0000650
-0.0004614  0.0001686
-0.0005996  0.0003028
-0.0009117  0.0003683
-0.0008440  0.0003932
-0.0008589  0.0005125
-0.0008416  0.0005040
-0.0009520  0.0005514
-0.0009040  0.0007022
-0.0007730  0.0006176
-0.0008566  0.0008693
-0.0008146  0.0005938
-0.0004385  0.0006556
-0.0001165  0.0006173
 0.0003171  0.0004540
 0.0006399  0.0005158
 0.0010302  0.0004481
 0.0011875  0.0003177
 0.0013451  0.0003421
 0.0015128  0.0004680
 0.0016170  0.0006958
 0.0015877  0.0008208
 0.0015403  0.0009497
 0.0015838  0.0010514
 0.0015085  0.0011684
 0.0011916  0.0011644
