[PARAMETERS]
DW=1E-007
TAU=7.2E-005
TD=4096
BS=4096
NS=512
NSC=512
FR=56.120000
GAIN=4.974204
D0=0.05
D1=5E-006
D2=1E-005
D3=2.5E-005
D4=1E-005
D5=5E-005
D6=0.001
D7=0.001
D8=0.001
D9=0.05
C0=1
SEGTD=0
SEGOFF=0
SEGNUM=0
[ADDITIONAL]
PPFILE=ZG_TWO_T2.PC
DATEWR=27.09.2024
TIMEWR=11:52:48
DATESTA=27.09.2024
TIMESTA=11:52:11
DATEEND=27.09.2024
TIMEEND=11:52:48
CURR_Z0=0
CURR_Z1=1
TE=-1
[VARIABLES]
_USER=Measurements
_EMAIL_F=7NMR.NMR-270-ijs.si
_ITC_H=1
_ITC_R0= 50.00
_ITC_R1= 50.00
_ITC_R2= 53.10
_ITC_R3=  0.00
_ITC_R4=  0.00
_ITC_V=  7.59
_ITC_X=X0A1C1S00H1
_FW=100
_ORIENT=?
_THETA=0
_TITLE=?
_DESCR1=?
_DESCR2=?
_FR_LARM=56.12000000
_FR_SYNT=526.12000000
_TRIMLEV=1.650390625
_DATE=27.09.2024
_TIME=11:49:32
[PPFILE]
; pi/2 - pi


DELAY D9
PULSE [GT] 3u
PULSE [PHL1,GT] D1
DELAY TAU-3u
PULSE [GT] 3u
PULSE [PHL2,GT] 2*D1
DELAY TAU-D3
PULSE [TR] 1u+DW
DELAY 1m
STOP

;PHL 1 [+X] [+X] [+Y] [+Y] [-X] [-X] [-Y] [-Y]
;PHL 2 [+Y] [-Y] [-X] [+X] [-Y] [+Y] [+X] [-X]
;!RLS +X+X+Y+Y-X-X-Y-Y

PHL 1 [+X] [+X] [-X] [-X] [+Y] [+Y] [-Y] [-Y] [+X] [+X] [-X] [-X] [+Y] [+Y] [-Y] [-Y]
PHL 2 [+Y] [-Y] [-Y] [+Y] [-X] [+X] [+X] [-X] [+X] [-X] [-X] [+X] [-Y] [+Y] [+Y] [-Y]
!RLS +X+X-X-X+Y+Y-Y-Y-X-X+X+X-Y-Y+Y+Y
[DATA]
 0.0000246  0.0000185
 0.0000727 -0.0000049
 0.0001093 -0.0000722
 0.0000006 -0.0000009
 0.0000957 -0.0000668
-0.0000236 -0.0000419
-0.0000230 -0.0000383
-0.0000489 -0.0000231
 0.0000193 -0.0001000
-0.0000344  0.0000581
-0.0000877  0.0000007
-0.0000057 -0.0000139
 0.0000053 -0.0000709
 0.0000946 -0.0000339
 0.0000094  0.0001360
 0.0000530 -0.0000463
-0.0000685  0.0000253
 0.0000287  0.0000115
 0.0000233 -0.0000666
-0.0000392 -0.0001318
 0.0001340 -0.0000221
-0.0000475  0.0000148
-0.0001439 -0.0001087
 0.0000330  0.0000350
-0.0000272 -0.0001089
 0.0000872 -0.0000122
-0.0000240 -0.0000478
 0.0000864 -0.0000470
 0.0000374 -0.0000415
 0.0001195  0.0001649
-0.0000191  0.0001650
 0.0000779 -0.0000183
 0.0000814  0.0000679
 0.0000967  0.0000194
 0.0000675  0.0000538
-0.0000339  0.0000673
 0.0000857  0.0001487
-0.0000433 -0.0000669
 0.0000050  0.0000716
 0.0000286  0.0000295
-0.0000194 -0.0000063
 0.0001438  0.0000008
 0.0001239  0.0001101
-0.0000050  0.0000387
 0.0001161 -0.0001152
 0.0001731 -0.0000849
 0.0001429  0.0000292
 0.0000677 -0.0000778
 0.0001685 -0.0000090
 0.0000429 -0.0000665
 0.0000567 -0.0000332
 0.0000675 -0.0001763
 0.0000432  0.0001166
 0.0001395 -0.0000703
 0.0000427  0.0001057
 0.0001009 -0.0000315
-0.0000198  0.0001212
 0.0001812  0.0000498
 0.0001717  0.0000731
 0.0000625  0.0001307
 0.0002302  0.0001513
 0.0001387  0.0001504
 0.0001590 -0.0000225
 0.0001088 -0.0000714
 0.0003202  0.0000445
 0.0001676 -0.0001436
-0.0000010 -0.0000336
 0.0001298  0.0000978
-0.0000827 -0.0001207
 0.0000578 -0.0000294
-0.0000670  0.0001380
-0.0000686  0.0003921
-0.0002816  0.0004737
-0.0005304  0.0005612
-0.0009276  0.0006925
-0.0012724  0.0010378
-0.0014151  0.0010794
-0.0017630  0.0010216
-0.0016730  0.0009958
-0.0018624  0.0009876
-0.0018867  0.0010339
-0.0019339  0.0012635
-0.0020745  0.0013854
-0.0023377  0.0015948
-0.0027637  0.0016319
-0.0028824  0.0014396
-0.0032254  0.0010409
-0.0032682  0.0009543
-0.0033205  0.0004146
-0.0031244  0.0002508
-0.0028237  0.0001473
-0.0026992 -0.0001285
-0.0024035 -0.0001503
-0.0022381 -0.0002912
-0.0021011 -0.0004164
-0.0020464 -0.0006664
-0.0018903 -0.0007819
-0.0018023 -0.0010153
-0.0017256 -0.0010744
-0.0016137 -0.0012300
-0.0015981 -0.0011081
-0.0015205 -0.0013751
-0.0015493 -0.0014986
-0.0016749 -0.0017035
-0.0018594 -0.0020315
-0.0015832 -0.0024629
-0.0014321 -0.0027029
-0.0013813 -0.0028299
-0.0010964 -0.0026903
-0.0007859 -0.0026265
-0.0005162 -0.0021719
-0.0003845 -0.0019888
-0.0000402 -0.0016275
 0.0002829 -0.0011548
 0.0005456 -0.0009282
 0.0005213 -0.0006607
 0.0007842 -0.0002622
 0.0006129 -0.0000952
 0.0007082  0.0001676
 0.0008176  0.0004048
 0.0007384  0.0007221
 0.0007310  0.0009559
 0.0009768  0.0011411
 0.0008591  0.0012221
 0.0012611  0.0012869
 0.0013700  0.0012040
 0.0015279  0.0012169
 0.0017461  0.0012206
 0.0016446  0.0012815
 0.0015716  0.0014261
 0.0014184  0.0014869
 0.0012036  0.0013905
 0.0009125  0.0016430
 0.0007833  0.0017290
 0.0006727  0.0017347
 0.0004858  0.0017155
 0.0004707  0.0018711
 0.0003434  0.0018159
 0.0005504  0.0020724
 0.0005113  0.0022233
 0.0004748  0.0022574
 0.0002833  0.0023972
 0.0002542  0.0026553
 0.0003702  0.0028335
 0.0002504  0.0032330
 0.0000599  0.0034985
 0.0000106  0.0037308
-0.0000912  0.0039710
-0.0000494  0.0042410
-0.0001514  0.0043915
-0.0001560  0.0045058
-0.0002631  0.0045250
-0.0004210  0.0046341
-0.0004696  0.0045506
-0.0005949  0.0047183
-0.0004398  0.0047712
-0.0002727  0.0047618
 0.0001002  0.0050332
 0.0003725  0.0051162
 0.0005882  0.0051861
 0.0009063  0.0053695
 0.0008916  0.0056085
 0.0007803  0.0056553
 0.0006478  0.0058756
 0.0004386  0.0059943
 0.0004725  0.0059536
 0.0005180  0.0058419
 0.0006380  0.0060553
 0.0008479  0.0058529
 0.0009781  0.0058021
 0.0012471  0.0056032
 0.0013741  0.0053290
 0.0015918  0.0051541
 0.0015204  0.0051477
 0.0016759  0.0049438
 0.0013063  0.0051183
 0.0013654  0.0050480
 0.0011129  0.0048880
 0.0009592  0.0050140
 0.0009779  0.0049295
 0.0009071  0.0049639
 0.0008255  0.0049820
 0.0007458  0.0050262
 0.0006659  0.0051533
 0.0004836  0.0049364
 0.0004057  0.0047532
 0.0004751  0.0046747
 0.0004162  0.0046064
 0.0005736  0.0046604
 0.0006832  0.0048041
 0.0008354  0.0050235
 0.0009758  0.0052607
 0.0010387  0.0055829
 0.0011218  0.0057228
 0.0011275  0.0058427
 0.0010324  0.0061763
 0.0010679  0.0061758
 0.0012219  0.0062667
 0.0012932  0.0065239
 0.0014440  0.0067419
 0.0017812  0.0069172
 0.0020547  0.0073242
 0.0024496  0.0075441
 0.0025627  0.0079127
 0.0028558  0.0083164
 0.0028788  0.0086867
 0.0029429  0.0092127
 0.0030745  0.0096452
 0.0029297  0.0101366
 0.0028908  0.0104847
 0.0030282  0.0109247
 0.0033462  0.0114212
 0.0037967  0.0119258
 0.0040782  0.0124811
 0.0043823  0.0132703
 0.0044719  0.0139984
 0.0046988  0.0146869
 0.0048706  0.0151583
 0.0050911  0.0160051
 0.0053631  0.0167858
 0.0059021  0.0174741
 0.0064127  0.0184733
 0.0069103  0.0194644
 0.0072878  0.0205226
 0.0076891  0.0214967
 0.0080922  0.0224958
 0.0084909  0.0236775
 0.0087944  0.0247256
 0.0091224  0.0256736
 0.0097033  0.0265643
 0.0103675  0.0276075
 0.0112169  0.0286327
 0.0121671  0.0296088
 0.0130463  0.0305896
 0.0140206  0.0316829
 0.0150474  0.0327563
 0.0162420  0.0339973
 0.0174182  0.0353380
 0.0188940  0.0369132
 0.0202048  0.0385680
 0.0214575  0.0404100
 0.0227916  0.0422432
 0.0240817  0.0439487
 0.0254218  0.0457237
 0.0267149  0.0473015
 0.0279564  0.0485015
 0.0293838  0.0499706
 0.0307473  0.0511847
 0.0323738  0.0524466
 0.0340692  0.0539574
 0.0356532  0.0555433
 0.0373197  0.0571368
 0.0389828  0.0587404
 0.0407760  0.0603243
 0.0425557  0.0620227
 0.0444163  0.0636490
 0.0463467  0.0654451
 0.0484084  0.0674055
 0.0501430  0.0692542
 0.0522144  0.0710441
 0.0538369  0.0731530
 0.0557788  0.0748185
 0.0576111  0.0767829
 0.0595287  0.0784544
 0.0615193  0.0803183
 0.0634940  0.0822000
 0.0656760  0.0843281
 0.0676126  0.0864492
 0.0698453  0.0887708
 0.0719893  0.0911777
 0.0740758  0.0934725
 0.0761684  0.0959054
 0.0782847  0.0981487
 0.0807285  0.1002677
 0.0831034  0.1028675
 0.0854571  0.1051954
 0.0880011  0.1076744
 0.0903588  0.1102152
 0.0928636  0.1128811
 0.0956245  0.1156875
 0.0982825  0.1187715
 0.1009943  0.1218186
 0.1038254  0.1251211
 0.1064622  0.1286385
 0.1089960  0.1319119
 0.1114892  0.1353104
 0.1142073  0.1386885
 0.1168865  0.1417740
 0.1195974  0.1449418
 0.1225632  0.1482084
 0.1253937  0.1513302
 0.1285695  0.1547871
 0.1318642  0.1583922
 0.1348342  0.1618788
 0.1380398  0.1655094
 0.1412321  0.1690522
 0.1442239  0.1726563
 0.1475181  0.1762708
 0.1505305  0.1797095
 0.1534371  0.1833020
 0.1565822  0.1867345
 0.1597992  0.1900619
 0.1629651  0.1933160
 0.1664305  0.1964056
 0.1698393  0.1994682
 0.1731186  0.2025708
 0.1767202  0.2056720
 0.1800964  0.2089380
 0.1832915  0.2123089
 0.1864961  0.2153244
 0.1894204  0.2183038
 0.1923030  0.2211818
 0.1952406  0.2238379
 0.1980972  0.2264129
 0.2009847  0.2288540
 0.2040441  0.2312053
 0.2068991  0.2334691
 0.2096463  0.2356335
 0.2125428  0.2376724
 0.2152002  0.2394314
 0.2178701  0.2414570
 0.2203366  0.2432193
 0.2227569  0.2448843
 0.2248612  0.2465386
 0.2271137  0.2478410
 0.2290627  0.2491227
 0.2310638  0.2500708
 0.2329980  0.2504433
 0.2349009  0.2508061
 0.2368636  0.2509064
 0.2386482  0.2507496
 0.2403810  0.2505695
 0.2419120  0.2503197
 0.2431987  0.2498564
 0.2443407  0.2494521
 0.2456060  0.2486494
 0.2463786  0.2479010
 0.2476068  0.2469951
 0.2487085  0.2460016
 0.2497542  0.2450665
 0.2505784  0.2440298
 0.2512302  0.2429235
 0.2514658  0.2416763
 0.2514522  0.2404011
 0.2514294  0.2387987
 0.2509764  0.2370959
 0.2506416  0.2353434
 0.2504688  0.2335533
 0.2500261  0.2316351
 0.2496082  0.2298908
 0.2489554  0.2281576
 0.2481602  0.2261753
 0.2472104  0.2245062
 0.2460684  0.2223654
 0.2448254  0.2202768
 0.2435012  0.2181444
 0.2420098  0.2157791
 0.2406772  0.2134205
 0.2389370  0.2109382
 0.2372844  0.2084500
 0.2354817  0.2057739
 0.2340688  0.2031400
 0.2322326  0.2004446
 0.2303516  0.1978681
 0.2285184  0.1953522
 0.2266801  0.1927080
 0.2247004  0.1902249
 0.2228244  0.1878353
 0.2207694  0.1855824
 0.2184560  0.1831591
 0.2162737  0.1808117
 0.2138217  0.1784890
 0.2114958  0.1761726
 0.2091774  0.1736675
 0.2069471  0.1713267
 0.2047549  0.1690166
 0.2027419  0.1663459
 0.2008361  0.1640425
 0.1988107  0.1617310
 0.1968674  0.1594170
 0.1947656  0.1570352
 0.1926963  0.1546824
 0.1904382  0.1522183
 0.1883645  0.1497251
 0.1860146  0.1471845
 0.1836276  0.1444404
 0.1812928  0.1416817
 0.1787911  0.1392816
 0.1763811  0.1365767
 0.1740066  0.1341166
 0.1714357  0.1318487
 0.1689192  0.1293256
 0.1664745  0.1270274
 0.1640239  0.1246454
 0.1615894  0.1220838
 0.1591176  0.1194478
 0.1567864  0.1170218
 0.1543086  0.1142536
 0.1520646  0.1116218
 0.1497431  0.1092603
 0.1470655  0.1065430
 0.1445554  0.1039850
 0.1419380  0.1012221
 0.1390728  0.0985054
 0.1365340  0.0956748
 0.1340909  0.0932010
 0.1314847  0.0904569
 0.1290493  0.0881245
 0.1268037  0.0855826
 0.1242466  0.0832884
 0.1218264  0.0808002
 0.1194611  0.0785156
 0.1170275  0.0760960
 0.1150205  0.0735599
 0.1126446  0.0712117
 0.1103648  0.0686782
 0.1081208  0.0662484
 0.1058594  0.0635259
 0.1035619  0.0609301
 0.1013735  0.0581833
 0.0991739  0.0555184
 0.0971985  0.0531752
 0.0952748  0.0511576
 0.0933028  0.0491226
 0.0912970  0.0475598
 0.0891991  0.0458611
 0.0870269  0.0443007
 0.0849585  0.0428538
 0.0829349  0.0413443
 0.0806996  0.0398548
 0.0784916  0.0383804
 0.0766034  0.0368222
 0.0746609  0.0353715
 0.0727954  0.0337117
 0.0711525  0.0319750
 0.0694486  0.0304835
 0.0679606  0.0289741
 0.0663408  0.0275377
 0.0649205  0.0258488
 0.0633572  0.0244947
 0.0617175  0.0230575
 0.0601727  0.0217571
 0.0584207  0.0205805
 0.0567826  0.0195678
 0.0552301  0.0186379
 0.0535733  0.0179285
 0.0519938  0.0166717
 0.0505127  0.0159309
 0.0491891  0.0149989
 0.0478027  0.0142411
 0.0468199  0.0135309
 0.0456800  0.0129164
 0.0446647  0.0122840
 0.0436118  0.0119740
 0.0425071  0.0114715
 0.0414125  0.0109125
 0.0404717  0.0103867
 0.0393439  0.0101175
 0.0381793  0.0097221
 0.0368826  0.0093773
 0.0357832  0.0089412
 0.0345698  0.0083002
 0.0335863  0.0078039
 0.0325600  0.0074406
 0.0317057  0.0070040
 0.0310170  0.0068424
 0.0301265  0.0068583
 0.0291342  0.0066106
 0.0282565  0.0066064
 0.0271893  0.0064390
 0.0262440  0.0062242
 0.0256794  0.0060333
 0.0247797  0.0059475
 0.0238594  0.0057665
 0.0231914  0.0056819
 0.0224923  0.0053924
 0.0216786  0.0049185
 0.0213668  0.0045413
 0.0208582  0.0041432
 0.0204780  0.0037955
 0.0203123  0.0035067
 0.0198284  0.0034067
 0.0193152  0.0033157
 0.0187910  0.0032473
 0.0183461  0.0029864
 0.0179115  0.0027469
 0.0176149  0.0027804
 0.0171576  0.0024623
 0.0167392  0.0021255
 0.0163801  0.0018976
 0.0158269  0.0014732
 0.0154880  0.0010214
 0.0149588  0.0008453
 0.0143903  0.0002867
 0.0138782 -0.0001617
 0.0133369 -0.0002652
 0.0126624 -0.0003851
 0.0122574 -0.0005666
 0.0120012 -0.0006309
 0.0117368 -0.0006293
 0.0115682 -0.0008065
 0.0113290 -0.0007930
 0.0110541 -0.0007012
 0.0106602 -0.0007874
 0.0101020 -0.0007800
 0.0096747 -0.0006651
 0.0091464 -0.0008186
 0.0085527 -0.0011902
 0.0082138 -0.0012562
 0.0078071 -0.0012996
 0.0076219 -0.0013253
 0.0073785 -0.0012852
 0.0071851 -0.0015059
 0.0068196 -0.0017293
 0.0066361 -0.0019122
 0.0064993 -0.0022539
 0.0063536 -0.0023124
 0.0065505 -0.0023587
 0.0066712 -0.0023229
 0.0068481 -0.0021202
 0.0068983 -0.0020230
 0.0069397 -0.0019294
 0.0069980 -0.0019290
 0.0068576 -0.0019578
 0.0067267 -0.0019808
 0.0065476 -0.0020286
 0.0065212 -0.0020509
 0.0064843 -0.0019811
 0.0061953 -0.0019903
 0.0060971 -0.0018238
 0.0060229 -0.0016097
 0.0057295 -0.0017323
 0.0057643 -0.0016233
 0.0056370 -0.0014328
 0.0054422 -0.0014585
 0.0053428 -0.0011233
 0.0050600 -0.0008919
 0.0046614 -0.0007236
 0.0042226 -0.0005281
 0.0038611 -0.0004268
 0.0034069 -0.0004138
 0.0030318 -0.0004108
 0.0028970 -0.0004297
 0.0024849 -0.0006723
 0.0024443 -0.0006378
 0.0024109 -0.0006936
 0.0024837 -0.0009071
 0.0026446 -0.0007812
 0.0028501 -0.0008332
 0.0028706 -0.0007281
 0.0031982 -0.0005212
 0.0034609 -0.0005275
 0.0034417 -0.0003092
 0.0034472 -0.0000609
 0.0033300 -0.0000853
 0.0032433 -0.0001416
 0.0029953 -0.0002777
 0.0026391 -0.0003402
 0.0023944 -0.0005497
 0.0021888 -0.0005771
 0.0018460 -0.0008642
 0.0014354 -0.0010952
 0.0013049 -0.0012262
 0.0010531 -0.0013787
 0.0009100 -0.0015842
 0.0008195 -0.0015367
 0.0007576 -0.0015581
 0.0008238 -0.0014619
 0.0007664 -0.0012335
 0.0008848 -0.0011528
 0.0009572 -0.0009285
 0.0009001 -0.0007210
 0.0009604 -0.0005791
 0.0009975 -0.0003161
 0.0005827 -0.0001561
 0.0004539 -0.0002693
 0.0002245 -0.0000415
 0.0000365 -0.0002028
-0.0001074 -0.0003729
-0.0000062 -0.0004966
-0.0001246 -0.0007637
-0.0000646 -0.0008292
 0.0000048 -0.0008920
 0.0003545 -0.0008406
 0.0005871 -0.0009204
 0.0009988 -0.0010159
 0.0013883 -0.0010334
 0.0017025 -0.0010682
 0.0019533 -0.0008039
 0.0020328 -0.0005970
 0.0021466 -0.0005136
 0.0022081 -0.0002981
 0.0019646 -0.0001841
 0.0020107 -0.0001317
 0.0020401 -0.0001254
 0.0016187 -0.0003119
 0.0017617 -0.0003834
 0.0016301 -0.0006119
 0.0016435 -0.0005595
 0.0018961 -0.0004640
 0.0017548 -0.0002646
 0.0016744  0.0000154
 0.0018014  0.0004027
 0.0017291  0.0006876
 0.0016255  0.0007913
 0.0017412  0.0010644
 0.0017012  0.0012037
 0.0016329  0.0012386
 0.0016632  0.0013420
 0.0017762  0.0013248
 0.0017327  0.0013594
 0.0019410  0.0016464
 0.0021138  0.0017546
 0.0021698  0.0020096
 0.0022255  0.0023269
 0.0022161  0.0025270
 0.0021501  0.0025958
 0.0020633  0.0027573
 0.0020103  0.0027213
 0.0020550  0.0028498
 0.0020740  0.0029837
 0.0021604  0.0029995
 0.0020550  0.0030244
 0.0020791  0.0030479
 0.0021129  0.0029419
 0.0019588  0.0029069
 0.0017610  0.0028049
 0.0014876  0.0026132
 0.0011445  0.0024693
 0.0008570  0.0021538
 0.0007183  0.0019227
 0.0006458  0.0016805
 0.0004903  0.0015634
 0.0005780  0.0015591
 0.0008632  0.0015988
 0.0009304  0.0015827
 0.0010041  0.0018132
 0.0011373  0.0017270
 0.0008144  0.0017621
 0.0005103  0.0014440
 0.0002638  0.0010829
-0.0001569  0.0005184
-0.0005075  0.0002193
-0.0006332 -0.0002306
-0.0008531 -0.0006391
-0.0010786 -0.0008713
-0.0011172 -0.0009071
-0.0010456 -0.0010240
-0.0011764 -0.0009340
-0.0009280 -0.0009314
-0.0008823 -0.0006497
-0.0006943 -0.0003583
-0.0006767 -0.0001433
-0.0007576  0.0000914
-0.0009687  0.0002466
-0.0011881  0.0003583
-0.0012302  0.0002809
-0.0015399  0.0001402
-0.0016522  0.0000897
-0.0018009 -0.0002750
-0.0015012 -0.0005247
-0.0015527 -0.0006505
-0.0015427 -0.0005890
-0.0012946 -0.0004513
-0.0011740 -0.0004667
-0.0013693 -0.0002993
-0.0013469 -0.0002887
-0.0015401 -0.0001013
-0.0017044 -0.0000041
-0.0018207 -0.0001985
-0.0016928 -0.0000699
-0.0016855 -0.0003790
-0.0013337 -0.0003803
-0.0011048 -0.0005831
-0.0009442 -0.0005942
-0.0007216 -0.0005719
-0.0006120 -0.0005742
-0.0007520 -0.0003405
-0.0006875 -0.0003645
-0.0009546 -0.0004112
-0.0010957 -0.0003721
-0.0009678 -0.0005391
-0.0006003 -0.0006581
-0.0003050 -0.0004605
 0.0001249 -0.0002725
 0.0004343  0.0002379
 0.0005318  0.0007204
 0.0006070  0.0009481
 0.0006015  0.0013099
 0.0005298  0.0013814
 0.0005796  0.0013347
 0.0005091  0.0013479
 0.0004174  0.0013115
 0.0003029  0.0012991
 0.0003012  0.0011211
 0.0002353  0.0010633
 0.0000850  0.0007536
 0.0000472  0.0005263
 0.0002021  0.0003760
 0.0002369  0.0004234
 0.0003889  0.0005236
 0.0005255  0.0007220
 0.0008795  0.0010042
 0.0007362  0.0012611
 0.0007361  0.0016335
 0.0005312  0.0019378
 0.0003296  0.0020654
-0.0001011  0.0021724
-0.0004817  0.0020100
-0.0005292  0.0019012
-0.0007084  0.0016894
-0.0006354  0.0015159
-0.0006205  0.0014057
-0.0006006  0.0014935
-0.0006041  0.0015326
-0.0006180  0.0017478
-0.0010467  0.0019584
-0.0013470  0.0018898
-0.0016920  0.0019733
-0.0019360  0.0018499
-0.0023600  0.0019477
-0.0023307  0.0016937
-0.0023215  0.0015970
-0.0022020  0.0014688
-0.0017769  0.0013563
-0.0015686  0.0013727
-0.0013754  0.0012277
-0.0010075  0.0014181
-0.0009518  0.0015369
-0.0010344  0.0015662
-0.0011303  0.0018891
-0.0012887  0.0018052
-0.0014292  0.0016225
-0.0011641  0.0016571
-0.0015141  0.0015291
-0.0015215  0.0012159
-0.0013519  0.0010136
-0.0012894  0.0008535
-0.0014262  0.0006937
-0.0015242  0.0006484
-0.0016695  0.0005081
-0.0019730  0.0004864
-0.0021940  0.0004026
-0.0022937  0.0003373
-0.0025580  0.0003055
-0.0026119  0.0003541
-0.0027364 -0.0000645
-0.0030606 -0.0001265
-0.0030378 -0.0003135
-0.0029818 -0.0005072
-0.0028657 -0.0005456
-0.0025989 -0.0006373
-0.0024040 -0.0005713
-0.0023014 -0.0004038
-0.0021270 -0.0001423
-0.0020394 -0.0001768
-0.0019330 -0.0001934
-0.0018055 -0.0005149
-0.0019341 -0.0007420
-0.0015725 -0.0009105
-0.0011060 -0.0011267
-0.0008744 -0.0011615
-0.0004276 -0.0011087
 0.0000195 -0.0010446
 0.0002971 -0.0008957
 0.0006231 -0.0008616
 0.0007682 -0.0010300
 0.0007877 -0.0009775
 0.0008029 -0.0011459
 0.0007407 -0.0012518
 0.0004477 -0.0011705
 0.0002608 -0.0012510
-0.0000199 -0.0010491
-0.0001151 -0.0010048
-0.0000728 -0.0009578
-0.0000284 -0.0008163
 0.0001259 -0.0008352
 0.0002826 -0.0006135
 0.0002428 -0.0004727
 0.0003571 -0.0003215
 0.0004476 -0.0002087
 0.0005473 -0.0001869
 0.0006095 -0.0000084
 0.0005855  0.0001125
 0.0005446  0.0001126
 0.0004953  0.0002257
 0.0006468  0.0004861
 0.0005922  0.0007775
 0.0005387  0.0008852
 0.0003153  0.0011791
 0.0001577  0.0012632
 0.0000173  0.0012464
-0.0002709  0.0013367
-0.0004848  0.0011975
-0.0006897  0.0009429
-0.0008599  0.0009011
-0.0012013  0.0007871
-0.0012960  0.0005356
-0.0012756  0.0003731
-0.0015135  0.0002249
-0.0015288  0.0001244
-0.0012592 -0.0000247
-0.0012603  0.0000151
-0.0014715  0.0002082
-0.0016954  0.0002434
-0.0021570  0.0002918
-0.0025061 -0.0000901
-0.0028395 -0.0003181
-0.0030723 -0.0006621
-0.0030314 -0.0010402
-0.0027739 -0.0013964
-0.0025831 -0.0013197
-0.0023609 -0.0013612
-0.0021338 -0.0010839
-0.0020502 -0.0007427
-0.0022399 -0.0007059
-0.0022839 -0.0006563
-0.0024017 -0.0007292
-0.0026293 -0.0009806
-0.0028203 -0.0013569
-0.0029236 -0.0015215
-0.0027526 -0.0019489
-0.0027803 -0.0021083
-0.0027216 -0.0021711
-0.0027444 -0.0020898
-0.0027873 -0.0020345
-0.0025376 -0.0018634
-0.0026112 -0.0020727
-0.0025063 -0.0020876
-0.0020929 -0.0019925
-0.0016196 -0.0022390
-0.0011859 -0.0022606
-0.0006554 -0.0021982
-0.0003996 -0.0020144
-0.0002317 -0.0015622
 0.0000120 -0.0011826
-0.0001285 -0.0007926
-0.0001833 -0.0006100
-0.0003486 -0.0004385
-0.0005851 -0.0002568
-0.0007939 -0.0002779
-0.0006957 -0.0004368
-0.0007395 -0.0006344
-0.0004758 -0.0008084
-0.0002377 -0.0007851
 0.0000994 -0.0008675
 0.0003555 -0.0007352
 0.0006046 -0.0007360
 0.0009351 -0.0009195
 0.0011838 -0.0010145
 0.0015849 -0.0010739
 0.0020458 -0.0010231
 0.0023524 -0.0007004
 0.0025783 -0.0005298
 0.0027942 -0.0003205
 0.0028545  0.0000886
 0.0030533  0.0005133
 0.0029379  0.0007256
 0.0028300  0.0011759
 0.0027749  0.0014326
 0.0025339  0.0018578
 0.0025182  0.0019822
 0.0024654  0.0021643
 0.0023407  0.0021907
 0.0023800  0.0023233
 0.0024648  0.0023810
 0.0022530  0.0027962
 0.0019834  0.0030009
 0.0016940  0.0030560
 0.0014257  0.0032512
 0.0013596  0.0030526
 0.0012451  0.0026884
 0.0014933  0.0023725
 0.0014830  0.0019695
 0.0017814  0.0016783
 0.0018306  0.0016026
 0.0020257  0.0013584
 0.0019125  0.0014068
 0.0018033  0.0012625
 0.0015598  0.0012215
 0.0013649  0.0011746
 0.0011002  0.0011770
 0.0010163  0.0009541
 0.0007986  0.0007575
 0.0005703  0.0008595
 0.0003718  0.0006642
 0.0003214  0.0005217
 0.0001729  0.0005457
 0.0001450  0.0004337
 0.0001270  0.0003358
 0.0002235  0.0004234
 0.0002477  0.0002012
 0.0001142  0.0003262
 0.0003308  0.0004377
 0.0002952  0.0004429
 0.0002546  0.0004494
 0.0004421  0.0002488
 0.0002523  0.0002425
 0.0003366  0.0001083
 0.0004541 -0.0001955
 0.0004438 -0.0004518
 0.0005577 -0.0004971
 0.0006959 -0.0006188
 0.0008106 -0.0006029
 0.0008060 -0.0004684
 0.0007870 -0.0004983
 0.0007031 -0.0006872
 0.0006373 -0.0007247
 0.0007261 -0.0010910
 0.0004795 -0.0014794
 0.0002792 -0.0017973
 0.0004235 -0.0018511
 0.0004151 -0.0018566
 0.0004910 -0.0019288
 0.0004571 -0.0017199
 0.0002536 -0.0016132
 0.0001916 -0.0015080
 0.0000171 -0.0013603
-0.0002075 -0.0011871
-0.0001599 -0.0011581
-0.0001910 -0.0009203
-0.0003619 -0.0008540
-0.0002030 -0.0007102
-0.0000817 -0.0006334
-0.0002439 -0.0004648
 0.0000161 -0.0005469
-0.0000184 -0.0005933
 0.0000226 -0.0006898
 0.0001353 -0.0006029
 0.0002100 -0.0006927
 0.0004307 -0.0004931
 0.0007451 -0.0003085
 0.0008151  0.0000004
 0.0009732  0.0003081
 0.0010812  0.0004542
 0.0010948  0.0005364
 0.0011354  0.0007614
 0.0012427  0.0007497
 0.0013006  0.0009853
 0.0015296  0.0011857
 0.0015677  0.0012214
 0.0015240  0.0015488
 0.0014850  0.0017553
 0.0014270  0.0016791
 0.0013425  0.0017697
 0.0012459  0.0019351
 0.0011522  0.0016462
 0.0009868  0.0018881
 0.0007696  0.0019153
 0.0007268  0.0017966
 0.0003742  0.0019022
 0.0003698  0.0019136
 0.0004642  0.0018383
 0.0004389  0.0020402
 0.0007464  0.0022793
 0.0008890  0.0025052
 0.0010597  0.0025133
 0.0012264  0.0027569
 0.0011867  0.0027447
 0.0009586  0.0026662
 0.0008809  0.0027837
 0.0004442  0.0024719
 0.0000009  0.0024355
-0.0003428  0.0020166
-0.0007663  0.0017353
-0.0010205  0.0015783
-0.0010974  0.0016698
-0.0011523  0.0015929
-0.0015008  0.0017049
-0.0015045  0.0018979
-0.0016186  0.0019233
-0.0018285  0.0019525
-0.0017508  0.0021341
-0.0016450  0.0019851
-0.0015579  0.0019832
-0.0013516  0.0018954
-0.0013953  0.0018296
-0.0014101  0.0018571
-0.0015481  0.0017733
-0.0020458  0.0014495
-0.0020103  0.0012738
-0.0020859  0.0009032
-0.0020505  0.0007622
-0.0018837  0.0003707
-0.0015744  0.0000369
-0.0013954 -0.0000219
-0.0011828 -0.0001618
-0.0012000 -0.0005556
-0.0012195 -0.0006393
-0.0012761 -0.0008648
-0.0012355 -0.0010922
-0.0012018 -0.0011440
-0.0009730 -0.0014410
-0.0007682 -0.0016081
-0.0004802 -0.0015258
-0.0004163 -0.0015781
-0.0003646 -0.0015307
-0.0001028 -0.0013772
-0.0001660 -0.0014221
-0.0001532 -0.0013045
-0.0000392 -0.0012251
-0.0001443 -0.0013770
-0.0004190 -0.0014079
-0.0004101 -0.0014697
-0.0003706 -0.0016981
-0.0005522 -0.0018757
-0.0002886 -0.0017209
-0.0001522 -0.0016557
-0.0000247 -0.0015652
 0.0002409 -0.0013091
 0.0004278 -0.0010967
 0.0004974 -0.0008963
 0.0006624 -0.0007122
 0.0008226 -0.0007864
 0.0006872 -0.0006210
 0.0007434 -0.0006857
 0.0006533 -0.0006388
 0.0007035 -0.0005594
 0.0006786 -0.0006707
 0.0005971 -0.0008301
 0.0006749 -0.0008995
 0.0006272 -0.0010625
 0.0006402 -0.0011305
 0.0005953 -0.0011814
 0.0006918 -0.0012238
 0.0006302 -0.0011226
 0.0005687 -0.0010440
 0.0006809 -0.0008792
 0.0007145 -0.0007110
 0.0007437 -0.0002927
 0.0006082 -0.0000230
 0.0005369  0.0002356
 0.0004058  0.0004944
 0.0003584  0.0007303
 0.0001293  0.0006909
 0.0000999  0.0008362
-0.0001209  0.0010189
-0.0003916  0.0010073
-0.0006271  0.0011107
-0.0009670  0.0011915
-0.0012970  0.0012808
-0.0014929  0.0011279
-0.0017359  0.0010233
-0.0018078  0.0011514
-0.0019344  0.0010671
-0.0017931  0.0012024
-0.0019256  0.0013334
-0.0019240  0.0012779
-0.0018422  0.0012245
-0.0021773  0.0013228
-0.0020435  0.0011941
-0.0020607  0.0010372
-0.0021840  0.0010424
-0.0020992  0.0009102
-0.0021541  0.0007051
-0.0021142  0.0010023
-0.0022935  0.0007990
-0.0024995  0.0007389
-0.0026315  0.0004442
-0.0028205  0.0000483
-0.0029921 -0.0003284
-0.0029430 -0.0005991
-0.0029376 -0.0008528
-0.0027930 -0.0009973
-0.0026241 -0.0011230
-0.0024758 -0.0011490
-0.0024611 -0.0011884
-0.0024506 -0.0010194
-0.0024673 -0.0011973
-0.0027995 -0.0012551
-0.0027306 -0.0011655
-0.0027987 -0.0013513
-0.0026663 -0.0013173
-0.0024672 -0.0014779
-0.0023058 -0.0015403
-0.0020047 -0.0015829
-0.0017198 -0.0016518
-0.0016019 -0.0018594
-0.0012047 -0.0019216
-0.0008774 -0.0019504
-0.0007508 -0.0020850
-0.0005568 -0.0021323
-0.0003973 -0.0022046
-0.0003326 -0.0023296
-0.0001142 -0.0023730
 0.0001564 -0.0022918
 0.0000865 -0.0021692
 0.0003345 -0.0019658
 0.0003185 -0.0020106
 0.0003825 -0.0018439
 0.0004244 -0.0017965
 0.0003291 -0.0018157
 0.0002130 -0.0016481
 0.0001787 -0.0015015
-0.0000146 -0.0012154
-0.0003032 -0.0012185
-0.0004307 -0.0010257
-0.0005284 -0.0008927
-0.0005602 -0.0008231
-0.0005114 -0.0006315
-0.0003871 -0.0005963
-0.0004762 -0.0005744
-0.0002686 -0.0003225
-0.0001781 -0.0003400
-0.0000219 -0.0003097
 0.0000146 -0.0001846
 0.0001280  0.0001101
-0.0000025  0.0002251
 0.0002414  0.0004207
 0.0000819  0.0005541
-0.0000260  0.0008012
 0.0000278  0.0008688
-0.0001969  0.0009073
-0.0002207  0.0011842
-0.0001503  0.0010642
-0.0000678  0.0010632
-0.0000670  0.0010758
 0.0001335  0.0011403
 0.0002078  0.0011760
 0.0003462  0.0012524
 0.0005745  0.0014142
 0.0006392  0.0014773
 0.0007560  0.0018752
 0.0009481  0.0021825
 0.0011056  0.0023289
 0.0011208  0.0029087
 0.0011129  0.0030609
 0.0007050  0.0033559
 0.0004420  0.0035598
-0.0000365  0.0035673
-0.0006274  0.0037441
-0.0010786  0.0035806
-0.0016347  0.0032782
-0.0019250  0.0029233
-0.0021996  0.0027210
-0.0023148  0.0024376
-0.0022183  0.0021445
-0.0021936  0.0020633
-0.0022060  0.0019827
-0.0020781  0.0018099
-0.0018906  0.0017522
-0.0016085  0.0015641
-0.0013086  0.0013356
-0.0011650  0.0011427
-0.0009210  0.0007746
-0.0008250  0.0005734
-0.0007109  0.0002752
-0.0007664  0.0001229
-0.0006913  0.0000879
-0.0005061 -0.0002275
-0.0005193 -0.0004030
-0.0005611 -0.0004692
-0.0005857 -0.0008256
-0.0007202 -0.0009325
-0.0007668 -0.0011545
-0.0009183 -0.0016563
-0.0010608 -0.0018398
-0.0007977 -0.0020435
-0.0006388 -0.0021360
-0.0006128 -0.0020974
-0.0002904 -0.0021724
-0.0001156 -0.0021754
-0.0002270 -0.0021174
-0.0001260 -0.0021591
-0.0000219 -0.0023383
-0.0000738 -0.0022386
 0.0001392 -0.0022818
 0.0002327 -0.0022475
 0.0003924 -0.0020514
 0.0005213 -0.0020743
 0.0005218 -0.0019818
 0.0006203 -0.0019205
 0.0008520 -0.0019655
 0.0008906 -0.0020759
 0.0009364 -0.0018846
 0.0011271 -0.0018606
 0.0011392 -0.0017516
 0.0011925 -0.0012725
 0.0012605 -0.0009514
 0.0012171 -0.0007393
 0.0012613 -0.0005257
 0.0012907 -0.0004524
 0.0013881 -0.0004368
 0.0013136 -0.0005720
 0.0012925 -0.0007207
 0.0011922 -0.0009238
 0.0013655 -0.0009774
 0.0014383 -0.0007737
 0.0015688 -0.0006405
 0.0017533 -0.0002610
 0.0017396 -0.0001351
 0.0017893  0.0002558
 0.0020480  0.0006496
 0.0022993  0.0009736
 0.0023170  0.0012525
 0.0022558  0.0015659
 0.0021792  0.0016409
 0.0019881  0.0018901
 0.0019434  0.0016625
 0.0016845  0.0013530
 0.0016254  0.0012669
 0.0015118  0.0012103
 0.0013287  0.0012328
 0.0012261  0.0013730
 0.0011095  0.0016584
 0.0008302  0.0015823
 0.0004817  0.0018497
 0.0003161  0.0018540
 0.0000188  0.0020349
-0.0001285  0.0022171
-0.0003405  0.0022521
-0.0006222  0.0022760
-0.0006094  0.0023675
-0.0007386  0.0021577
-0.0009737  0.0021252
-0.0011211  0.0019258
-0.0012121  0.0018918
-0.0015201  0.0015778
-0.0016927  0.0015098
-0.0018080  0.0011427
-0.0018657  0.0010621
-0.0016603  0.0008527
-0.0015640  0.0008182
-0.0015160  0.0007906
-0.0012098  0.0007249
-0.0010279  0.0008044
-0.0010272  0.0009100
-0.0006036  0.0008952
-0.0004440  0.0007874
-0.0004393  0.0007513
-0.0002312  0.0007297
 0.0000368  0.0006157
 0.0000278  0.0006168
-0.0000498  0.0003164
 0.0000688  0.0000928
-0.0001185  0.0000840
-0.0001443 -0.0002483
-0.0001638 -0.0004230
-0.0004372 -0.0003942
-0.0003751 -0.0005791
-0.0005050 -0.0007722
-0.0007464 -0.0007116
-0.0005137 -0.0010536
-0.0004087 -0.0010754
-0.0002834 -0.0010703
 0.0001792 -0.0010818
 0.0006560 -0.0010685
 0.0011189 -0.0010639
 0.0016722 -0.0009058
 0.0020074 -0.0006755
 0.0022272 -0.0005125
 0.0022044 -0.0004585
 0.0021229 -0.0001600
 0.0019793 -0.0000530
 0.0019468 -0.0000526
 0.0017083  0.0001960
 0.0016657  0.0004878
 0.0018085  0.0005118
 0.0017782  0.0007170
 0.0018842  0.0009003
 0.0018304  0.0009165
 0.0016492  0.0008937
 0.0015558  0.0008420
 0.0014121  0.0006328
 0.0012181  0.0004717
 0.0010933  0.0002734
 0.0010572  0.0002085
 0.0010659  0.0000250
 0.0013284  0.0000888
 0.0013045  0.0001096
 0.0013275  0.0001927
 0.0014506  0.0003194
 0.0012333  0.0004232
 0.0011042  0.0005415
 0.0013594  0.0006308
 0.0012966  0.0009137
 0.0013037  0.0010655
 0.0016334  0.0010160
 0.0016941  0.0012430
 0.0018608  0.0012477
 0.0018381  0.0013080
 0.0016204  0.0012625
 0.0014010  0.0011007
 0.0012384  0.0010608
 0.0008410  0.0008775
 0.0006714  0.0007658
 0.0004856  0.0006748
 0.0004465  0.0003168
 0.0004508  0.0001060
 0.0006069 -0.0001178
 0.0006832 -0.0003679
 0.0007019 -0.0005908
 0.0008667 -0.0006936
 0.0006437 -0.0007310
 0.0006998 -0.0005949
 0.0007295 -0.0005886
 0.0005740 -0.0002751
 0.0008387 -0.0000741
 0.0010557  0.0001030
 0.0009255  0.0003242
 0.0011550  0.0003998
 0.0012304  0.0004146
 0.0012890  0.0007588
 0.0012506  0.0006546
 0.0010505  0.0007442
 0.0008595  0.0007526
 0.0006715  0.0008837
 0.0003023  0.0007731
-0.0001067  0.0007854
-0.0003204  0.0006170
-0.0004782  0.0002777
-0.0005315  0.0000951
-0.0002652 -0.0000771
-0.0002026 -0.0002307
 0.0001932 -0.0000713
 0.0002984  0.0000989
 0.0002839  0.0003065
 0.0002738  0.0007554
 0.0001612  0.0007598
-0.0000658  0.0009922
-0.0001687  0.0009918
-0.0004039  0.0006930
-0.0005027  0.0004461
-0.0004326  0.0000363
-0.0004893 -0.0004714
-0.0003214 -0.0007035
-0.0002969 -0.0008235
-0.0002968 -0.0010056
-0.0003195 -0.0011453
-0.0001867 -0.0011955
-0.0000084 -0.0011708
 0.0002030 -0.0009084
 0.0005321 -0.0009373
 0.0005831 -0.0006521
 0.0007667 -0.0006005
 0.0008463 -0.0008421
 0.0006464 -0.0007664
 0.0007274 -0.0006431
 0.0008469 -0.0008099
 0.0008926 -0.0006052
 0.0009690 -0.0002115
 0.0012627 -0.0000683
 0.0013536  0.0002963
 0.0011719  0.0006979
 0.0011184  0.0009353
 0.0009367  0.0012791
 0.0006521  0.0016477
 0.0001940  0.0020025
-0.0002580  0.0022701
-0.0005574  0.0025855
-0.0008560  0.0027918
-0.0011555  0.0031948
-0.0013821  0.0031219
-0.0016608  0.0031593
-0.0018244  0.0031510
-0.0016315  0.0028618
-0.0014429  0.0027474
-0.0014073  0.0028903
-0.0010172  0.0029298
-0.0010456  0.0029556
-0.0008551  0.0030774
-0.0005901  0.0027646
-0.0004870  0.0028262
-0.0003823  0.0026054
-0.0005025  0.0024970
-0.0003669  0.0025713
-0.0003575  0.0027798
-0.0002885  0.0027857
-0.0005165  0.0029969
-0.0005485  0.0030540
-0.0007527  0.0028960
-0.0008912  0.0028376
-0.0007906  0.0026776
-0.0006971  0.0020821
-0.0004613  0.0019929
-0.0004999  0.0018227
-0.0003953  0.0012980
-0.0004623  0.0009749
-0.0006916  0.0005882
-0.0008395  0.0001466
-0.0009813  0.0000172
-0.0010756 -0.0000178
-0.0013530  0.0000728
-0.0016714  0.0004578
-0.0019157  0.0008396
-0.0024769  0.0011726
-0.0028219  0.0014503
-0.0029337  0.0015132
-0.0030165  0.0013422
-0.0030833  0.0012473
-0.0028367  0.0009195
-0.0024794  0.0008646
-0.0020854  0.0006917
-0.0018025  0.0006774
-0.0012092  0.0007463
-0.0009452  0.0005432
-0.0006050  0.0003773
-0.0004228  0.0002343
-0.0005436  0.0000951
-0.0003978 -0.0003561
-0.0006652 -0.0008372
-0.0007124 -0.0010530
-0.0008180 -0.0013879
-0.0008679 -0.0016877
-0.0008905 -0.0015985
-0.0006486 -0.0017522
-0.0006030 -0.0016579
-0.0003471 -0.0017456
-0.0002729 -0.0018367
-0.0000500 -0.0019449
 0.0003954 -0.0020926
 0.0006804 -0.0021821
 0.0010266 -0.0019489
 0.0012800 -0.0019638
 0.0012453 -0.0017383
 0.0015178 -0.0013859
 0.0015512 -0.0010563
 0.0016232 -0.0007037
 0.0014739 -0.0003412
 0.0014151 -0.0001502
 0.0014052 -0.0000049
 0.0015278  0.0000536
 0.0015748  0.0002617
 0.0017428  0.0002162
 0.0019209  0.0001930
 0.0023268  0.0000070
 0.0026839 -0.0001699
 0.0029948 -0.0004548
 0.0032659 -0.0006892
 0.0035081 -0.0005948
 0.0036031 -0.0007459
 0.0035194 -0.0005290
 0.0035763 -0.0004797
 0.0034486 -0.0001862
 0.0032851  0.0000186
 0.0032596  0.0001347
 0.0033279  0.0003820
 0.0031770  0.0005518
 0.0033161  0.0007664
 0.0031278  0.0009881
 0.0030263  0.0011203
 0.0026626  0.0014749
 0.0024045  0.0017041
 0.0018545  0.0018407
 0.0016577  0.0019258
 0.0014658  0.0021545
 0.0013708  0.0021797
 0.0011388  0.0021784
 0.0010099  0.0022315
 0.0009247  0.0023489
 0.0006760  0.0022945
 0.0005815  0.0022419
 0.0003514  0.0020621
-0.0000608  0.0018158
-0.0004140  0.0016781
-0.0008957  0.0014706
-0.0012953  0.0012220
-0.0015408  0.0007589
-0.0018752  0.0003406
-0.0021749  0.0002934
-0.0022637 -0.0000117
-0.0024141 -0.0001746
-0.0025186 -0.0002885
-0.0024288 -0.0002999
-0.0024883 -0.0002963
-0.0023099  0.0001143
-0.0021370  0.0001096
-0.0019609  0.0004209
-0.0018771  0.0004982
-0.0017049  0.0007805
-0.0018505  0.0008617
-0.0019319  0.0008617
-0.0019190  0.0008525
-0.0019294  0.0007347
-0.0018037  0.0006549
-0.0015799  0.0003856
-0.0014882  0.0004261
-0.0010610  0.0004361
-0.0007866  0.0004114
-0.0005662  0.0003523
-0.0001208  0.0002273
 0.0001605  0.0000787
 0.0003083 -0.0000715
 0.0005164 -0.0005238
 0.0007207 -0.0009178
 0.0007693 -0.0011561
 0.0008659 -0.0013387
 0.0011169 -0.0013904
 0.0013697 -0.0014013
 0.0016832 -0.0011717
 0.0016255 -0.0010453
 0.0016925 -0.0009681
 0.0017032 -0.0009615
 0.0016536 -0.0007773
 0.0015378 -0.0008248
 0.0017128 -0.0008182
 0.0017669 -0.0006818
 0.0017776 -0.0006966
 0.0017499 -0.0004810
 0.0018134 -0.0002967
 0.0017627 -0.0001916
 0.0016941 -0.0000997
 0.0018564 -0.0000137
 0.0020953 -0.0000560
 0.0022114 -0.0000323
 0.0024853  0.0000071
 0.0027461  0.0002620
 0.0031883  0.0004203
 0.0032877  0.0005926
 0.0035773  0.0008505
 0.0036425  0.0010033
 0.0038008  0.0013974
 0.0039991  0.0017312
 0.0037626  0.0021445
 0.0036700  0.0026440
 0.0035596  0.0029531
 0.0035943  0.0030716
 0.0035829  0.0033748
 0.0037317  0.0037038
 0.0036470  0.0035950
 0.0034218  0.0034987
 0.0031731  0.0035098
 0.0028914  0.0031913
 0.0025446  0.0030211
 0.0022762  0.0028398
 0.0021040  0.0027145
 0.0018130  0.0026289
 0.0017762  0.0026211
 0.0016911  0.0024852
 0.0017114  0.0025230
 0.0015650  0.0026218
 0.0015728  0.0027382
 0.0015325  0.0027998
 0.0014553  0.0028700
 0.0013391  0.0029253
 0.0012687  0.0030093
 0.0010764  0.0029232
 0.0009008  0.0029460
 0.0008033  0.0029695
 0.0005167  0.0029070
 0.0003465  0.0031130
 0.0002167  0.0028145
-0.0000514  0.0028485
-0.0001081  0.0023778
-0.0001331  0.0020167
-0.0004309  0.0016772
-0.0004635  0.0013489
-0.0008009  0.0011571
-0.0009305  0.0009274
-0.0010104  0.0008934
-0.0009159  0.0008947
-0.0010575  0.0008670
-0.0010164  0.0008856
-0.0007911  0.0008707
-0.0005544  0.0008161
-0.0003946  0.0009956
-0.0001970  0.0011039
-0.0000519  0.0010938
 0.0001492  0.0012199
 0.0002750  0.0012423
 0.0001642  0.0013269
 0.0002389  0.0014524
 0.0002060  0.0013961
 0.0003824  0.0014344
 0.0004095  0.0014069
 0.0004543  0.0014478
 0.0004083  0.0015226
 0.0003510  0.0014759
 0.0004481  0.0014303
 0.0004785  0.0013220
 0.0003239  0.0012091
 0.0005527  0.0010725
 0.0004744  0.0010768
 0.0003432  0.0009842
 0.0003553  0.0008020
 0.0004315  0.0007633
 0.0004825  0.0007528
 0.0007363  0.0007395
 0.0007366  0.0007969
 0.0007284  0.0009709
 0.0008608  0.0011418
 0.0006433  0.0014533
 0.0005883  0.0016994
 0.0005530  0.0017365
 0.0000581  0.0018359
-0.0000612  0.0019616
-0.0000832  0.0018199
-0.0002913  0.0017826
-0.0002551  0.0017050
-0.0003715  0.0015387
-0.0004577  0.0016624
-0.0004552  0.0016170
-0.0003802  0.0015572
-0.0003143  0.0016637
-0.0003345  0.0018079
-0.0002946  0.0018241
-0.0001999  0.0018060
 0.0000033  0.0017557
-0.0000910  0.0015767
 0.0000822  0.0016936
 0.0000826  0.0015498
-0.0001783  0.0018566
-0.0004627  0.0021719
-0.0008513  0.0023612
-0.0011895  0.0027932
-0.0011882  0.0030724
-0.0011755  0.0030262
-0.0009945  0.0031435
-0.0006379  0.0032992
-0.0004500  0.0034328
-0.0003649  0.0035046
-0.0002939  0.0036680
-0.0000991  0.0034727
-0.0002323  0.0033252
-0.0002246  0.0032355
-0.0002814  0.0028946
-0.0002276  0.0026707
-0.0002075  0.0022130
-0.0001415  0.0017214
-0.0000386  0.0014298
 0.0001489  0.0010558
 0.0001132  0.0007546
 0.0000842  0.0007174
 0.0001646  0.0007513
 0.0000570  0.0008388
-0.0001288  0.0009678
-0.0004386  0.0012057
-0.0006071  0.0010818
-0.0007068  0.0007676
-0.0006414  0.0005848
-0.0007717  0.0004152
-0.0005755  0.0002699
-0.0006531  0.0000000
-0.0008775 -0.0002618
-0.0010536 -0.0001658
-0.0011237 -0.0003839
-0.0015345 -0.0004517
-0.0017384 -0.0006117
-0.0016976 -0.0007798
-0.0017256 -0.0009778
-0.0016678 -0.0010744
-0.0015627 -0.0010799
-0.0015483 -0.0009951
-0.0012909 -0.0010340
-0.0014299 -0.0011205
-0.0015505 -0.0011318
-0.0017013 -0.0014797
-0.0019652 -0.0017262
-0.0019198 -0.0020609
-0.0017861 -0.0024465
-0.0016445 -0.0027736
-0.0013667 -0.0029494
-0.0009270 -0.0031829
-0.0005873 -0.0032382
-0.0002641 -0.0032800
-0.0001622 -0.0033749
 0.0000540 -0.0031765
 0.0000128 -0.0030001
-0.0000544 -0.0027710
-0.0002058 -0.0026086
-0.0003526 -0.0021993
-0.0004157 -0.0022165
-0.0007321 -0.0020864
-0.0009013 -0.0020991
-0.0007241 -0.0021221
-0.0006040 -0.0022673
-0.0003865 -0.0021804
 0.0000484 -0.0023909
 0.0001328 -0.0023572
 0.0004127 -0.0022837
 0.0005694 -0.0022514
 0.0005551 -0.0020646
 0.0006710 -0.0021154
 0.0007123 -0.0020880
 0.0006591 -0.0019087
 0.0008730 -0.0015755
 0.0009815 -0.0014801
 0.0010148 -0.0011693
 0.0014415 -0.0009163
 0.0016180 -0.0006104
 0.0018483 -0.0004218
 0.0021003 -0.0000644
 0.0021703 -0.0002892
 0.0021201 -0.0003458
 0.0020380 -0.0003880
 0.0018950 -0.0006549
 0.0016965 -0.0008492
 0.0016798 -0.0010710
 0.0017259 -0.0010127
 0.0016375 -0.0010004
 0.0018108 -0.0008177
 0.0017644 -0.0006601
 0.0015099 -0.0003712
 0.0016100 -0.0004272
 0.0014048 -0.0005265
 0.0012242 -0.0006097
 0.0013035 -0.0009674
 0.0011946 -0.0010533
 0.0010862 -0.0011189
 0.0010355 -0.0012242
 0.0008077 -0.0012135
 0.0006085 -0.0010761
 0.0006684 -0.0011049
 0.0003485 -0.0011042
 0.0003620 -0.0009477
 0.0003427 -0.0010689
 0.0004925 -0.0008884
 0.0006317 -0.0007618
 0.0009361 -0.0005748
 0.0009748 -0.0004668
 0.0009175 -0.0002557
 0.0006646 -0.0001700
 0.0004631 -0.0004429
 0.0001895 -0.0006560
 0.0000603 -0.0011129
-0.0001271 -0.0013988
 0.0001324 -0.0016746
 0.0002839 -0.0018862
 0.0006173 -0.0018010
 0.0009458 -0.0016484
 0.0011032 -0.0017254
 0.0012632 -0.0015435
 0.0013637 -0.0014604
 0.0015482 -0.0016324
 0.0016587 -0.0016140
 0.0017610 -0.0017805
 0.0017110 -0.0017759
 0.0018769 -0.0019927
 0.0018904 -0.0020536
 0.0020444 -0.0021214
 0.0021087 -0.0022166
 0.0023578 -0.0022750
 0.0025236 -0.0025916
 0.0025020 -0.0027231
 0.0027005 -0.0028277
 0.0028778 -0.0028869
 0.0031715 -0.0024747
 0.0032870 -0.0022449
 0.0034157 -0.0018064
 0.0035369 -0.0012659
 0.0037831 -0.0009837
 0.0038555 -0.0005378
 0.0038949 -0.0004895
 0.0039909 -0.0002946
 0.0040902 -0.0002454
 0.0038810  0.0000102
 0.0037317 -0.0000228
 0.0035828 -0.0000006
 0.0034818  0.0001245
 0.0033232  0.0003559
 0.0030699  0.0004960
 0.0028687  0.0005449
 0.0025753  0.0006948
 0.0024892  0.0007181
 0.0024561  0.0005747
 0.0023299  0.0005849
 0.0023094  0.0005235
 0.0022888  0.0005020
 0.0022060  0.0004433
 0.0022033  0.0002350
 0.0020681  0.0001288
 0.0019764 -0.0001074
 0.0018934 -0.0002628
 0.0016396 -0.0005715
 0.0013860 -0.0006275
 0.0012576 -0.0007168
 0.0010423 -0.0009441
 0.0006611 -0.0008333
 0.0003746 -0.0007455
 0.0003344 -0.0008047
 0.0000542 -0.0005239
 0.0001117 -0.0003836
 0.0001143 -0.0001419
-0.0000529  0.0001525
 0.0000950  0.0002399
 0.0001264  0.0003462
-0.0001754  0.0005415
-0.0003837  0.0004875
-0.0007177  0.0006722
-0.0010564  0.0007415
-0.0012029  0.0008637
-0.0012955  0.0010168
-0.0015322  0.0010633
-0.0015893  0.0012197
-0.0014798  0.0012619
-0.0015433  0.0012032
-0.0014870  0.0011398
-0.0015989  0.0009708
-0.0013371  0.0008973
-0.0012772  0.0007423
-0.0012255  0.0007026
-0.0013530  0.0008965
-0.0012145  0.0007232
-0.0012402  0.0008245
-0.0014284  0.0009681
-0.0014589  0.0008629
-0.0015724  0.0009042
-0.0015941  0.0007333
-0.0014954  0.0004709
-0.0015430  0.0003893
-0.0015118  0.0005189
-0.0012829  0.0003428
-0.0013592  0.0004872
-0.0012785  0.0005917
-0.0012711  0.0003895
-0.0013513  0.0002560
-0.0010774 -0.0000701
-0.0007660 -0.0004004
-0.0005326 -0.0005769
-0.0001469 -0.0007619
 0.0001057 -0.0007588
 0.0002224 -0.0009214
 0.0003268 -0.0009471
 0.0003164 -0.0010540
 0.0005204 -0.0011810
 0.0008377 -0.0014284
 0.0011858 -0.0015465
 0.0016035 -0.0016194
 0.0019086 -0.0017656
 0.0020424 -0.0018576
 0.0020651 -0.0015576
 0.0022609 -0.0014805
 0.0024301 -0.0012822
 0.0022998 -0.0010957
 0.0023292 -0.0006860
 0.0023768 -0.0002968
 0.0025104  0.0002727
 0.0025148  0.0004861
 0.0023669  0.0005740
 0.0023978  0.0008938
 0.0024346  0.0009470
 0.0023307  0.0010661
 0.0022662  0.0012240
 0.0021517  0.0010681
 0.0018445  0.0012757
 0.0015287  0.0013105
 0.0014501  0.0011933
 0.0009909  0.0014607
 0.0008292  0.0013926
 0.0008027  0.0015659
 0.0006513  0.0017066
 0.0005960  0.0019912
 0.0006781  0.0019922
 0.0006297  0.0022738
 0.0008065  0.0023147
 0.0008877  0.0025148
 0.0008773  0.0028044
 0.0009388  0.0027948
 0.0009225  0.0027715
 0.0008815  0.0030649
 0.0008716  0.0030078
 0.0008074  0.0029563
 0.0006771  0.0030630
 0.0005925  0.0032241
 0.0004082  0.0035135
 0.0001762  0.0039406
-0.0002162  0.0040769
-0.0005964  0.0045491
-0.0009955  0.0047230
-0.0015520  0.0048506
-0.0019772  0.0048837
-0.0023146  0.0046501
-0.0026693  0.0044047
-0.0028652  0.0041073
-0.0029757  0.0036214
-0.0029521  0.0032796
-0.0028361  0.0028481
-0.0026671  0.0024334
-0.0024715  0.0022265
-0.0023024  0.0018081
-0.0021158  0.0015930
-0.0021342  0.0014988
-0.0021172  0.0011794
-0.0021744  0.0010121
-0.0021737  0.0006894
-0.0022360  0.0001783
-0.0021567 -0.0002492
-0.0018557 -0.0005676
-0.0017307 -0.0005842
-0.0015576 -0.0007482
-0.0014527 -0.0005151
-0.0014298 -0.0002589
-0.0015028 -0.0001317
-0.0016815 -0.0001354
-0.0016454 -0.0002473
-0.0015293 -0.0005068
-0.0012184 -0.0006893
-0.0008253 -0.0010652
-0.0003610 -0.0011884
-0.0001521 -0.0011571
 0.0000148 -0.0011993
 0.0002173 -0.0010125
 0.0001397 -0.0008359
 0.0001579 -0.0007158
 0.0003218 -0.0007818
 0.0005498 -0.0007433
 0.0006366 -0.0005815
 0.0010487 -0.0006495
 0.0014381 -0.0004501
 0.0015628 -0.0002786
 0.0016835 -0.0002098
 0.0019854  0.0000141
 0.0020883  0.0002790
 0.0021170  0.0001676
 0.0023025  0.0002044
 0.0023825  0.0000087
 0.0023452 -0.0001730
 0.0024380 -0.0003912
 0.0026434 -0.0005532
 0.0028061 -0.0008676
 0.0029382 -0.0007596
 0.0030714 -0.0006193
 0.0028393 -0.0003275
 0.0025565  0.0001222
 0.0022252  0.0005390
 0.0017568  0.0007958
 0.0016369  0.0011319
 0.0013933  0.0011940
 0.0013449  0.0012649
 0.0013789  0.0013705
 0.0014712  0.0014028
 0.0014445  0.0017491
 0.0014161  0.0019737
 0.0013131  0.0021413
 0.0008129  0.0022673
 0.0006961  0.0025063
 0.0006928  0.0025531
 0.0002677  0.0024043
-0.0000030  0.0024065
-0.0001263  0.0023682
-0.0005776  0.0022952
-0.0009649  0.0023151
-0.0011620  0.0023553
-0.0012703  0.0023123
-0.0013322  0.0024530
-0.0011545  0.0023045
-0.0009232  0.0024590
-0.0009021  0.0025403
-0.0012381  0.0025583
-0.0013362  0.0026258
-0.0015607  0.0024078
-0.0018597  0.0020274
-0.0020602  0.0018725
-0.0022608  0.0015269
-0.0024166  0.0011573
-0.0024549  0.0006809
-0.0022645  0.0006645
-0.0021171  0.0003346
-0.0018659  0.0000104
-0.0015958 -0.0001755
-0.0016263 -0.0003017
-0.0012084 -0.0004273
-0.0011311 -0.0005411
-0.0010294 -0.0007375
-0.0010096 -0.0006583
-0.0011867 -0.0008263
-0.0013959 -0.0008977
-0.0015356 -0.0011149
-0.0016398 -0.0012378
-0.0018252 -0.0013521
-0.0019006 -0.0014951
-0.0019560 -0.0018720
-0.0018186 -0.0021278
-0.0018848 -0.0020375
-0.0015891 -0.0022710
-0.0013868 -0.0021727
-0.0011610 -0.0020342
-0.0010502 -0.0018504
-0.0012631 -0.0017575
-0.0014572 -0.0015728
-0.0016984 -0.0013049
-0.0019841 -0.0012240
-0.0020959 -0.0011238
-0.0022141 -0.0009985
-0.0021570 -0.0010536
-0.0020025 -0.0010006
-0.0016970 -0.0010610
-0.0013671 -0.0009313
-0.0013028 -0.0013315
-0.0012794 -0.0012506
-0.0011786 -0.0014212
-0.0011771 -0.0017190
-0.0012375 -0.0020481
-0.0011987 -0.0021309
-0.0011567 -0.0024678
-0.0008129 -0.0025890
-0.0005371 -0.0024841
-0.0000649 -0.0024355
 0.0002070 -0.0020882
 0.0005601 -0.0019640
 0.0005864 -0.0017269
 0.0005143 -0.0016139
 0.0005414 -0.0014020
 0.0005406 -0.0012327
 0.0005638 -0.0011184
 0.0004648 -0.0008921
 0.0004037 -0.0008402
 0.0003984 -0.0006353
 0.0005816 -0.0002873
 0.0005306 -0.0001511
 0.0004588 -0.0002072
 0.0004835 -0.0000377
 0.0005111  0.0000027
 0.0002148  0.0000413
-0.0000161 -0.0000769
-0.0001093 -0.0001190
-0.0002664 -0.0001513
-0.0005717 -0.0004578
-0.0005637 -0.0005674
-0.0006578 -0.0004712
-0.0007244 -0.0003721
-0.0008101 -0.0002944
-0.0008634 -0.0000794
-0.0007472 -0.0001652
-0.0005411 -0.0003187
-0.0001939 -0.0004715
 0.0001233 -0.0006291
 0.0002233 -0.0006520
 0.0001707 -0.0006467
-0.0001701 -0.0004205
-0.0004922 -0.0005362
-0.0010696 -0.0002636
-0.0014304 -0.0003343
-0.0018721 -0.0006460
-0.0021262 -0.0006168
-0.0023077 -0.0009651
-0.0023530 -0.0011640
-0.0024139 -0.0013485
-0.0025091 -0.0015678
-0.0024438 -0.0015809
-0.0024474 -0.0016136
-0.0024390 -0.0018384
-0.0024936 -0.0017513
-0.0025065 -0.0016992
-0.0025265 -0.0017996
-0.0023908 -0.0018249
-0.0021768 -0.0019427
-0.0021187 -0.0021900
-0.0016904 -0.0023440
-0.0013264 -0.0025290
-0.0010521 -0.0027011
-0.0006304 -0.0027032
-0.0004142 -0.0025929
-0.0004076 -0.0025306
-0.0003694 -0.0024963
-0.0005305 -0.0024169
-0.0005824 -0.0023657
-0.0006267 -0.0023378
-0.0006440 -0.0022600
-0.0006122 -0.0022049
-0.0004511 -0.0019746
-0.0005608 -0.0017959
-0.0003617 -0.0016633
-0.0001486 -0.0013220
-0.0001785 -0.0012242
-0.0001667 -0.0011963
 0.0000139 -0.0011222
 0.0000396 -0.0011643
 0.0002816 -0.0014473
 0.0005269 -0.0014865
 0.0008566 -0.0016488
 0.0009426 -0.0018686
 0.0013316 -0.0018438
 0.0016821 -0.0018813
 0.0018111 -0.0018381
 0.0022516 -0.0017546
 0.0024685 -0.0015628
 0.0027353 -0.0013901
 0.0028238 -0.0011498
 0.0028502 -0.0010379
 0.0028516 -0.0009397
 0.0028198 -0.0007638
 0.0026425 -0.0005786
 0.0025934 -0.0002914
 0.0023797 -0.0000391
 0.0021675  0.0001306
 0.0020671  0.0003730
 0.0019945  0.0007546
 0.0017459  0.0008467
 0.0016243  0.0012945
 0.0013432  0.0014556
 0.0011316  0.0016940
 0.0011112  0.0020794
 0.0010718  0.0022602
 0.0013614  0.0023982
 0.0012715  0.0026208
 0.0012612  0.0026803
 0.0012776  0.0027085
 0.0011562  0.0029574
 0.0010434  0.0028155
 0.0008680  0.0030234
 0.0005433  0.0029790
 0.0001542  0.0030661
-0.0001567  0.0031407
-0.0005339  0.0032500
-0.0009293  0.0031554
-0.0010969  0.0029943
-0.0012392  0.0028718
-0.0014341  0.0026564
-0.0016681  0.0022713
-0.0017741  0.0021739
-0.0017378  0.0017332
-0.0019178  0.0016526
-0.0020409  0.0013306
-0.0019661  0.0011608
-0.0020941  0.0010062
-0.0022279  0.0008125
-0.0022378  0.0003992
-0.0024062  0.0003218
-0.0022877  0.0003719
-0.0021916  0.0003048
-0.0020446  0.0003420
-0.0020162  0.0001835
-0.0019538 -0.0000344
-0.0017133 -0.0000284
-0.0014998 -0.0003043
-0.0011336 -0.0004768
-0.0006541 -0.0003089
-0.0001822 -0.0003248
 0.0002912 -0.0002633
 0.0005088  0.0000970
 0.0007482  0.0002914
 0.0008699  0.0002269
 0.0007352  0.0003840
 0.0008061  0.0003055
 0.0005330  0.0001429
 0.0002798  0.0002191
 0.0005473  0.0001995
 0.0004578  0.0002709
 0.0006935  0.0005342
 0.0008777  0.0006298
 0.0011130  0.0008183
 0.0013280  0.0012062
 0.0014290  0.0011512
 0.0013796  0.0013825
 0.0013646  0.0015240
 0.0011593  0.0016795
 0.0008701  0.0018775
 0.0007851  0.0020143
 0.0004054  0.0020233
 0.0001111  0.0020015
 0.0000684  0.0022393
-0.0000960  0.0019264
-0.0000078  0.0019632
-0.0000016  0.0019196
 0.0001748  0.0018197
 0.0000114  0.0017926
 0.0002458  0.0015742
 0.0002597  0.0015768
 0.0002103  0.0013905
 0.0003525  0.0012851
 0.0003479  0.0011709
 0.0006244  0.0011741
 0.0007691  0.0010806
 0.0011183  0.0012512
 0.0012859  0.0014583
 0.0012800  0.0016412
 0.0014883  0.0018554
 0.0014611  0.0022277
 0.0013945  0.0020869
 0.0014099  0.0021738
 0.0016498  0.0022139
 0.0017673  0.0020862
 0.0020669  0.0017941
 0.0022556  0.0018043
 0.0022281  0.0017927
 0.0023221  0.0017506
 0.0021167  0.0019770
 0.0018555  0.0020115
 0.0016839  0.0025199
 0.0016288  0.0027498
 0.0015130  0.0028551
 0.0015078  0.0028019
 0.0015190  0.0027695
 0.0017845  0.0024299
 0.0016434  0.0022681
 0.0017441  0.0019169
 0.0018845  0.0017100
 0.0015204  0.0017847
 0.0013436  0.0017588
 0.0010878  0.0018761
 0.0007913  0.0020870
 0.0005389  0.0022115
 0.0001780  0.0022456
 0.0000649  0.0023525
-0.0002055  0.0024746
-0.0003369  0.0024553
-0.0004698  0.0025530
-0.0006204  0.0024543
-0.0009696  0.0025221
-0.0012513  0.0026732
-0.0017430  0.0024445
-0.0021091  0.0020882
-0.0025759  0.0019352
-0.0028840  0.0015536
-0.0032655  0.0013120
-0.0033579  0.0010596
-0.0035172  0.0007968
-0.0033039  0.0006039
-0.0030372  0.0004103
-0.0029028  0.0003944
-0.0026285  0.0002493
-0.0024759  0.0000745
-0.0025374 -0.0000615
-0.0024011 -0.0003166
-0.0023257 -0.0005248
-0.0023070 -0.0007209
-0.0022510 -0.0008189
-0.0020345 -0.0010531
-0.0019882 -0.0010838
-0.0019303 -0.0011940
-0.0018113 -0.0010857
-0.0015034 -0.0009019
-0.0013479 -0.0008293
-0.0012411 -0.0003060
-0.0010587 -0.0002233
-0.0011541  0.0000378
-0.0011510  0.0002527
-0.0009831  0.0002088
-0.0010989  0.0001289
-0.0011782  0.0001138
-0.0012306 -0.0000879
-0.0015829 -0.0002657
-0.0015685 -0.0004854
-0.0016593 -0.0005940
-0.0014784 -0.0006795
-0.0010776 -0.0006501
-0.0006662 -0.0003674
-0.0002222 -0.0001969
 0.0002201 -0.0000988
 0.0003479  0.0002919
 0.0002116  0.0004197
 0.0003196  0.0002606
 0.0003212  0.0004807
 0.0003864  0.0005037
 0.0004454  0.0003707
 0.0004137  0.0004395
 0.0006122  0.0006417
 0.0006536  0.0006554
 0.0006464  0.0008158
 0.0009170  0.0010262
 0.0008791  0.0010552
 0.0009511  0.0014880
 0.0009236  0.0013577
 0.0009218  0.0014950
 0.0007322  0.0014496
 0.0007377  0.0015934
 0.0006818  0.0014985
 0.0007681  0.0015312
 0.0007449  0.0015002
 0.0006353  0.0015226
 0.0006240  0.0016134
 0.0006574  0.0016734
 0.0006016  0.0018514
 0.0004868  0.0017906
 0.0002828  0.0015265
 0.0002790  0.0013201
 0.0001801  0.0012444
 0.0002623  0.0012740
 0.0003163  0.0012015
 0.0000406  0.0013352
-0.0000122  0.0013520
-0.0003388  0.0013746
-0.0004862  0.0013243
-0.0005539  0.0012973
-0.0008512  0.0013286
-0.0008499  0.0011669
-0.0009909  0.0009843
-0.0011113  0.0008687
-0.0012218  0.0006945
-0.0014124  0.0003662
-0.0015476  0.0003112
-0.0015721 -0.0001412
-0.0014059 -0.0005780
-0.0016341 -0.0011688
-0.0014977 -0.0016195
-0.0015200 -0.0020405
-0.0015749 -0.0023217
-0.0015529 -0.0025498
-0.0013820 -0.0027021
-0.0012927 -0.0026785
-0.0012985 -0.0025493
-0.0011572 -0.0026134
-0.0012445 -0.0023911
-0.0012675 -0.0025744
-0.0014212 -0.0026338
-0.0014076 -0.0028048
-0.0014384 -0.0027951
-0.0015081 -0.0029487
-0.0014150 -0.0030223
-0.0013666 -0.0030468
-0.0013769 -0.0030431
-0.0013316 -0.0027458
-0.0014443 -0.0027654
-0.0014658 -0.0028341
-0.0013900 -0.0028075
-0.0012780 -0.0028427
-0.0010731 -0.0029170
-0.0007586 -0.0029192
-0.0005345 -0.0029614
-0.0000866 -0.0026772
 0.0002834 -0.0024879
 0.0003728 -0.0025247
 0.0003968 -0.0020955
 0.0002818 -0.0019769
 0.0003479 -0.0019706
 0.0004827 -0.0017390
 0.0007515 -0.0016326
 0.0011791 -0.0014671
 0.0015305 -0.0012316
 0.0018294 -0.0010690
 0.0022526 -0.0011470
 0.0025030 -0.0012147
 0.0025321 -0.0011492
 0.0026402 -0.0011020
 0.0027476 -0.0010798
 0.0027835 -0.0011047
 0.0026229 -0.0009428
 0.0025110 -0.0009323
 0.0022514 -0.0008519
 0.0020067 -0.0010049
 0.0017125 -0.0009507
 0.0016199 -0.0012253
 0.0014523 -0.0013323
 0.0014619 -0.0015304
 0.0015740 -0.0013881
 0.0015519 -0.0014414
 0.0015305 -0.0014512
 0.0014688 -0.0011384
 0.0013368 -0.0009949
 0.0010840 -0.0009952
 0.0009015 -0.0008698
 0.0006848 -0.0008538
 0.0006026 -0.0007781
 0.0006567 -0.0005883
 0.0007529 -0.0004636
 0.0009000 -0.0002030
 0.0009559  0.0002383
 0.0010305  0.0005816
 0.0009189  0.0007583
 0.0007722  0.0009635
 0.0004924  0.0011697
 0.0003596  0.0011224
 0.0001654  0.0009095
-0.0000696  0.0008383
 0.0001082  0.0006447
 0.0001215  0.0005543
 0.0002330  0.0006017
 0.0003007  0.0005650
 0.0004157  0.0005384
 0.0004317  0.0006772
 0.0007027  0.0006300
 0.0005894  0.0008255
 0.0004527  0.0009725
 0.0002147  0.0009857
-0.0001437  0.0010515
-0.0006415  0.0010820
-0.0009892  0.0008771
-0.0013320  0.0006406
-0.0015349  0.0003394
-0.0015384  0.0000062
-0.0013396 -0.0001902
-0.0010851 -0.0004726
-0.0008024 -0.0008676
-0.0004815 -0.0009443
-0.0002182 -0.0010728
-0.0002827 -0.0012816
-0.0001281 -0.0010553
-0.0002640 -0.0010235
-0.0003447 -0.0009761
-0.0003924 -0.0008827
-0.0006031 -0.0010878
-0.0006678 -0.0012323
-0.0006502 -0.0015346
-0.0005213 -0.0017465
-0.0003718 -0.0018747
-0.0000758 -0.0021245
 0.0002681 -0.0021261
 0.0007292 -0.0019056
 0.0011643 -0.0017652
 0.0011776 -0.0015680
 0.0013722 -0.0012139
 0.0011125 -0.0011868
 0.0009726 -0.0010936
 0.0009756 -0.0013064
 0.0008168 -0.0015469
 0.0007775 -0.0016428
 0.0009812 -0.0018371
 0.0012669 -0.0018772
 0.0017603 -0.0019476
 0.0019559 -0.0019807
 0.0022808 -0.0018412
 0.0026401 -0.0015761
 0.0028392 -0.0012922
 0.0026140 -0.0011307
 0.0026744 -0.0007599
 0.0023598 -0.0005821
 0.0022219 -0.0004778
 0.0022154 -0.0002937
 0.0018745 -0.0001650
 0.0020573  0.0001195
 0.0020458  0.0004294
 0.0019761  0.0008517
 0.0019118  0.0010724
 0.0018623  0.0016467
 0.0016579  0.0020645
 0.0013513  0.0023464
 0.0012211  0.0022814
 0.0011144  0.0022442
 0.0012028  0.0021083
 0.0014573  0.0019589
 0.0014025  0.0019976
 0.0016290  0.0019815
 0.0016771  0.0020001
 0.0017758  0.0018917
 0.0016803  0.0018693
 0.0017076  0.0016977
 0.0016747  0.0015392
 0.0016273  0.0013113
 0.0016220  0.0012875
 0.0017667  0.0013107
 0.0016112  0.0014803
 0.0017030  0.0015770
 0.0017562  0.0016714
 0.0017237  0.0017495
 0.0018037  0.0018164
 0.0019773  0.0016526
 0.0021387  0.0016070
 0.0023229  0.0018521
 0.0024697  0.0019633
 0.0026454  0.0020901
 0.0024663  0.0020701
 0.0022128  0.0018849
 0.0020668  0.0017978
 0.0018054  0.0016014
 0.0012002  0.0014033
 0.0011586  0.0012407
 0.0010175  0.0011119
 0.0007206  0.0011966
 0.0007795  0.0014362
 0.0007053  0.0015329
 0.0007532  0.0018531
 0.0007512  0.0019726
 0.0006988  0.0020663
 0.0005416  0.0020731
 0.0005475  0.0020655
 0.0002111  0.0019265
 0.0000371  0.0016204
-0.0001250  0.0012999
-0.0003375  0.0008122
-0.0005131  0.0005372
-0.0005323  0.0002728
-0.0005264  0.0001087
-0.0004729 -0.0000090
-0.0006326 -0.0001541
-0.0006135 -0.0004301
-0.0007405 -0.0007299
-0.0006948 -0.0009456
-0.0005293 -0.0013011
-0.0002259 -0.0016679
 0.0000929 -0.0016690
 0.0003939 -0.0019717
 0.0009011 -0.0020708
 0.0011748 -0.0020790
 0.0013217 -0.0020795
 0.0014997 -0.0019248
 0.0015850 -0.0016308
 0.0013357 -0.0015041
 0.0014166 -0.0014399
 0.0013103 -0.0012095
 0.0013242 -0.0010366
 0.0013840 -0.0008483
 0.0011343 -0.0006811
 0.0008825 -0.0006836
 0.0009391 -0.0007536
 0.0010956 -0.0008050
 0.0013230 -0.0010209
 0.0018899 -0.0009811
 0.0022222 -0.0010336
 0.0026000 -0.0011155
 0.0030573 -0.0008440
 0.0032787 -0.0005447
 0.0032021 -0.0001974
 0.0030711  0.0002972
 0.0027950  0.0002776
 0.0025809  0.0003413
 0.0023788  0.0003656
 0.0022727  0.0005501
 0.0022757  0.0004373
 0.0024815  0.0007034
 0.0023340  0.0008103
 0.0024152  0.0014429
 0.0023444  0.0016118
 0.0020344  0.0019743
 0.0018311  0.0021042
 0.0016621  0.0023445
 0.0013888  0.0022433
 0.0013003  0.0021565
 0.0013032  0.0019666
 0.0012218  0.0018479
 0.0011989  0.0017093
 0.0012873  0.0017591
 0.0010465  0.0017981
 0.0011491  0.0019786
 0.0011689  0.0019831
 0.0011262  0.0022919
 0.0011002  0.0025535
 0.0011345  0.0025855
 0.0009931  0.0026090
 0.0009515  0.0027824
 0.0008375  0.0028671
 0.0005031  0.0027615
 0.0005660  0.0027811
 0.0002891  0.0027510
 0.0001683  0.0029390
-0.0000379  0.0029013
-0.0004313  0.0029732
-0.0006392  0.0030943
-0.0007026  0.0031963
-0.0010525  0.0029149
-0.0010861  0.0028165
-0.0013806  0.0025902
-0.0013724  0.0021267
-0.0013924  0.0017815
-0.0013724  0.0015632
-0.0013051  0.0013844
-0.0011207  0.0010028
-0.0010289  0.0008026
-0.0009042  0.0006574
-0.0008329  0.0005344
-0.0009669  0.0004298
-0.0010279  0.0003033
-0.0012061  0.0003102
-0.0011796  0.0003105
-0.0013333  0.0004419
-0.0011920  0.0002817
-0.0010384  0.0002139
-0.0009864  0.0000933
-0.0006126  0.0000267
-0.0007221 -0.0000178
-0.0007021 -0.0001790
-0.0005209 -0.0002654
-0.0005855 -0.0004195
-0.0005249 -0.0006796
-0.0002598 -0.0008294
-0.0001965 -0.0010167
-0.0000086 -0.0009791
 0.0000710 -0.0009843
 0.0001147 -0.0010590
 0.0001706 -0.0009207
 0.0001690 -0.0007257
 0.0001720 -0.0007045
 0.0002669 -0.0007398
 0.0003952 -0.0005241
 0.0005648 -0.0005315
 0.0006155 -0.0003380
 0.0009040 -0.0001818
 0.0008965 -0.0000553
 0.0009611  0.0000048
 0.0010693  0.0000544
 0.0011256  0.0000434
 0.0011702  0.0000396
 0.0013973  0.0000305
 0.0014650  0.0000207
 0.0013958  0.0003521
 0.0015542  0.0004065
 0.0012337  0.0003506
 0.0012859  0.0003972
 0.0011980  0.0003292
 0.0009595  0.0000948
 0.0009088 -0.0000706
 0.0008489 -0.0001668
 0.0007275 -0.0001805
 0.0005161 -0.0001028
 0.0003044  0.0001156
 0.0000113  0.0000627
-0.0003106  0.0003928
-0.0005050  0.0006966
-0.0005688  0.0008808
-0.0006719  0.0010481
-0.0007556  0.0011043
-0.0008042  0.0011207
-0.0007469  0.0011407
-0.0008787  0.0008050
-0.0008557  0.0008182
-0.0009827  0.0008826
-0.0009909  0.0009424
-0.0009584  0.0010708
-0.0009016  0.0014464
-0.0009873  0.0017090
-0.0009192  0.0018256
-0.0009745  0.0019108
-0.0011165  0.0019971
-0.0012353  0.0018480
-0.0016081  0.0018669
-0.0019274  0.0015044
-0.0021654  0.0014846
-0.0023120  0.0014186
-0.0026046  0.0012076
-0.0025654  0.0011359
-0.0024367  0.0008961
-0.0024822  0.0005578
-0.0023235  0.0005444
-0.0023310  0.0000975
-0.0022427 -0.0000904
-0.0022759 -0.0001067
-0.0023987 -0.0001723
-0.0024296 -0.0005625
-0.0024056 -0.0004847
-0.0024887 -0.0006240
-0.0023042 -0.0009385
-0.0020704 -0.0009428
-0.0019060 -0.0010617
-0.0017617 -0.0011456
-0.0015579 -0.0010622
-0.0015114 -0.0011074
-0.0012851 -0.0010608
-0.0011390 -0.0009486
-0.0011862 -0.0008527
-0.0012214 -0.0006292
-0.0011277 -0.0006464
-0.0012057 -0.0007235
-0.0010906 -0.0007141
-0.0009141 -0.0008749
-0.0008094 -0.0009923
-0.0004726 -0.0009253
-0.0002406 -0.0009923
 0.0000108 -0.0009691
 0.0000412 -0.0007736
 0.0001573 -0.0006927
-0.0000051 -0.0006173
-0.0000458 -0.0004733
-0.0002206 -0.0004263
-0.0004166 -0.0005996
-0.0003435 -0.0008534
-0.0003994 -0.0010301
-0.0003516 -0.0012294
 0.0001080 -0.0014989
 0.0001923 -0.0016112
 0.0004506 -0.0016464
 0.0008665 -0.0016026
 0.0010104 -0.0013665
 0.0012788 -0.0011031
 0.0014222 -0.0010253
 0.0013282 -0.0009013
 0.0014661 -0.0008782
 0.0013833 -0.0006500
 0.0011264 -0.0009012
 0.0010441 -0.0008705
 0.0010329 -0.0009846
 0.0008174 -0.0010835
 0.0009841 -0.0011434
 0.0011978 -0.0008287
 0.0009921 -0.0007161
 0.0012132 -0.0003099
 0.0012558 -0.0001347
 0.0008778 -0.0000172
 0.0008934  0.0000679
 0.0006389  0.0001277
 0.0003306  0.0000581
 0.0002753 -0.0000831
 0.0000874 -0.0002426
 0.0000172 -0.0004193
 0.0002016 -0.0003803
 0.0004754 -0.0001414
 0.0008392 -0.0002231
 0.0011983  0.0001360
 0.0013278  0.0003016
 0.0013948  0.0003147
 0.0016293  0.0005063
 0.0015319  0.0005241
 0.0013698  0.0003262
 0.0013377  0.0002914
 0.0014491  0.0002080
 0.0013404  0.0000102
 0.0012728  0.0001865
 0.0009427  0.0002131
 0.0005465  0.0000787
 0.0001836  0.0001835
-0.0002659  0.0001630
-0.0005070  0.0000298
-0.0007241  0.0001704
-0.0010569 -0.0000934
-0.0012146  0.0000255
-0.0013140  0.0000426
-0.0014049 -0.0001025
-0.0014543 -0.0000892
-0.0013169 -0.0000250
-0.0013264 -0.0002996
-0.0015243 -0.0003579
-0.0015392 -0.0005541
-0.0017396 -0.0007576
-0.0016438 -0.0007318
-0.0014731 -0.0007137
-0.0011858 -0.0007243
-0.0008944 -0.0007465
-0.0006076 -0.0008691
-0.0002729 -0.0008638
-0.0002548 -0.0011122
 0.0003498 -0.0012907
 0.0005928 -0.0015106
 0.0009261 -0.0014085
 0.0010678 -0.0013472
 0.0014183 -0.0011925
 0.0016446 -0.0008797
 0.0017192 -0.0007244
 0.0017728 -0.0004082
 0.0019740 -0.0000475
 0.0019973  0.0001293
 0.0020430  0.0003996
 0.0020716  0.0005866
 0.0021790  0.0007763
 0.0022608  0.0010508
 0.0023764  0.0012806
 0.0024277  0.0014779
 0.0024855  0.0016310
 0.0026671  0.0015604
 0.0026355  0.0013537
 0.0026769  0.0014576
 0.0028520  0.0012151
 0.0028523  0.0012101
 0.0030331  0.0009787
 0.0031654  0.0010722
 0.0029926  0.0007803
 0.0031489  0.0007176
 0.0033444  0.0007479
 0.0033051  0.0004062
 0.0032555  0.0005590
 0.0032069  0.0004153
 0.0031299  0.0003271
 0.0029613  0.0004022
 0.0027207  0.0005863
 0.0023665  0.0008315
 0.0022454  0.0011045
 0.0018768  0.0014121
 0.0016687  0.0015349
 0.0013285  0.0018815
 0.0012501  0.0019400
 0.0011824  0.0021318
 0.0011829  0.0023537
 0.0010961  0.0023458
 0.0009655  0.0024553
 0.0008539  0.0023729
 0.0009355  0.0023150
 0.0007821  0.0023185
 0.0009300  0.0023185
 0.0010488  0.0022327
 0.0011496  0.0024836
 0.0012276  0.0026609
 0.0010441  0.0026780
 0.0011273  0.0029779
 0.0009422  0.0028004
 0.0005446  0.0026140
 0.0003594  0.0024707
 0.0001014  0.0021619
 0.0002173  0.0019839
 0.0002191  0.0018392
 0.0001383  0.0018742
 0.0001371  0.0017165
-0.0000583  0.0019075
-0.0002510  0.0018733
-0.0008575  0.0019032
-0.0010238  0.0019346
-0.0013293  0.0017914
-0.0013758  0.0014859
-0.0013717  0.0013442
-0.0013220  0.0009738
-0.0013352  0.0006496
-0.0010443  0.0003880
-0.0008445 -0.0000243
-0.0005996 -0.0002728
-0.0001803 -0.0003094
 0.0000128 -0.0004989
 0.0002481 -0.0005619
 0.0005069 -0.0004756
 0.0004932 -0.0004725
 0.0005266 -0.0004117
 0.0005258 -0.0003580
 0.0005337 -0.0004460
 0.0005809 -0.0005855
 0.0009347 -0.0006634
 0.0011070 -0.0005364
 0.0013637 -0.0004311
 0.0017702 -0.0003758
 0.0017493 -0.0000951
 0.0020266 -0.0000000
 0.0020921  0.0000074
 0.0017754  0.0000458
 0.0017315  0.0000289
 0.0015105 -0.0003261
 0.0015429 -0.0003870
 0.0017319 -0.0006804
 0.0019751 -0.0007445
 0.0020150 -0.0006656
 0.0021540 -0.0006001
 0.0024139 -0.0006074
 0.0025410 -0.0005019
 0.0026806 -0.0003711
 0.0028167 -0.0003405
 0.0030143 -0.0003150
 0.0032176 -0.0001089
 0.0035290  0.0000431
 0.0036918  0.0000805
 0.0038591  0.0000671
 0.0040707  0.0002566
 0.0040431  0.0001719
 0.0041635  0.0004308
 0.0038806  0.0006077
 0.0037601  0.0008558
 0.0035712  0.0011121
 0.0036288  0.0012212
 0.0034177  0.0015610
 0.0033233  0.0018412
 0.0033140  0.0018538
 0.0030873  0.0021677
 0.0029425  0.0023923
 0.0029553  0.0023948
 0.0028595  0.0025596
 0.0027619  0.0026800
 0.0025993  0.0029383
 0.0026036  0.0029537
 0.0024951  0.0029207
 0.0024777  0.0030488
 0.0023694  0.0031350
 0.0023177  0.0030865
 0.0020352  0.0031396
 0.0018443  0.0029795
 0.0013453  0.0028450
 0.0010482  0.0027480
 0.0008808  0.0024498
 0.0007905  0.0023735
 0.0006956  0.0022646
 0.0005722  0.0021698
 0.0004257  0.0020427
 0.0002055  0.0020597
-0.0001641  0.0017773
-0.0003912  0.0016183
-0.0006955  0.0013856
-0.0008611  0.0012246
-0.0011085  0.0012538
-0.0013519  0.0011549
-0.0014954  0.0010780
-0.0017814  0.0010160
-0.0019321  0.0007961
-0.0018001  0.0007009
-0.0019110  0.0005780
-0.0019265  0.0005403
-0.0019986  0.0003753
-0.0022676  0.0002733
-0.0024395  0.0003013
-0.0025176  0.0001749
-0.0026450 -0.0001853
-0.0024556 -0.0003057
-0.0024112 -0.0004184
-0.0022734 -0.0003822
-0.0021852 -0.0002641
-0.0020415 -0.0002530
-0.0019071 -0.0003703
-0.0018081 -0.0004588
-0.0017724 -0.0004620
-0.0016543 -0.0008308
-0.0014378 -0.0009241
-0.0012247 -0.0010007
-0.0011596 -0.0011264
-0.0008517 -0.0011671
-0.0007766 -0.0010461
-0.0007527 -0.0009944
-0.0006288 -0.0009661
-0.0007049 -0.0009344
-0.0009005 -0.0009559
-0.0010404 -0.0010683
-0.0009626 -0.0012075
-0.0009244 -0.0010552
-0.0007760 -0.0012612
-0.0004611 -0.0009672
-0.0003031 -0.0006976
-0.0003003 -0.0005130
-0.0002836 -0.0001955
-0.0004323 -0.0002019
-0.0004622 -0.0001197
-0.0003891 -0.0003394
-0.0003140 -0.0004811
 0.0000146 -0.0007396
 0.0002146 -0.0009855
 0.0004697 -0.0009540
 0.0005732 -0.0007020
 0.0006584 -0.0004760
 0.0005896 -0.0004422
 0.0005171 -0.0003233
 0.0004502 -0.0002415
 0.0002157 -0.0001711
 0.0001967 -0.0001698
 0.0001431 -0.0002447
 0.0001505 -0.0002667
 0.0003090 -0.0000070
 0.0002979  0.0000744
 0.0002131  0.0003088
 0.0001610  0.0004770
 0.0000653  0.0006018
 0.0003200  0.0009376
 0.0002317  0.0009547
 0.0002561  0.0011215
 0.0004347  0.0012765
 0.0004438  0.0015711
 0.0002671  0.0018725
 0.0000507  0.0020770
-0.0003134  0.0023402
-0.0007216  0.0022668
-0.0010739  0.0022273
-0.0013840  0.0021209
-0.0014096  0.0018191
-0.0016007  0.0015583
-0.0016432  0.0013588
-0.0014946  0.0010241
-0.0013174  0.0008431
-0.0010252  0.0007814
-0.0006825  0.0006825
-0.0003546  0.0008761
-0.0004162  0.0010257
-0.0001991  0.0012962
-0.0003527  0.0013610
-0.0005611  0.0014338
-0.0006392  0.0013300
-0.0008282  0.0012260
-0.0008254  0.0010038
-0.0008665  0.0008504
-0.0010911  0.0004598
-0.0012572  0.0002960
-0.0013039 -0.0001591
-0.0016825 -0.0005824
-0.0018265 -0.0009460
-0.0020753 -0.0013195
-0.0020263 -0.0017580
-0.0021033 -0.0019740
-0.0019918 -0.0019067
-0.0018109 -0.0018908
-0.0016820 -0.0017934
-0.0017171 -0.0015782
-0.0017083 -0.0017761
-0.0016146 -0.0015986
-0.0016472 -0.0018534
-0.0015121 -0.0022187
-0.0009717 -0.0026459
-0.0007141 -0.0028982
-0.0002216 -0.0033110
 0.0002601 -0.0034595
 0.0005751 -0.0035025
 0.0007702 -0.0036018
 0.0011718 -0.0035394
 0.0013000 -0.0034252
 0.0013611 -0.0031852
 0.0015209 -0.0029125
 0.0017015 -0.0028183
 0.0018759 -0.0027098
 0.0019184 -0.0026247
 0.0019446 -0.0025849
 0.0020309 -0.0026888
 0.0020795 -0.0023729
 0.0020150 -0.0025187
 0.0019707 -0.0024608
 0.0019298 -0.0023252
 0.0018965 -0.0023136
 0.0018546 -0.0023129
 0.0019498 -0.0022436
 0.0020269 -0.0020454
 0.0022616 -0.0017957
 0.0025244 -0.0014591
 0.0025920 -0.0012714
 0.0027501 -0.0009814
 0.0029599 -0.0006774
 0.0030659 -0.0006539
 0.0032732 -0.0002873
 0.0034422 -0.0003602
 0.0034125 -0.0002236
 0.0034538 -0.0001225
 0.0035165 -0.0002363
 0.0031083 -0.0000796
 0.0030220 -0.0000164
 0.0026712 -0.0001379
 0.0024599 -0.0000936
 0.0023070 -0.0000257
 0.0020431 -0.0002266
 0.0020710 -0.0001991
 0.0018349 -0.0001821
 0.0017360 -0.0004147
 0.0015993 -0.0001446
 0.0011967 -0.0002026
 0.0009598 -0.0003233
 0.0006034 -0.0004930
 0.0004121 -0.0005686
 0.0002064 -0.0006915
 0.0000486 -0.0008509
 0.0000359 -0.0008402
-0.0000234 -0.0009435
-0.0000393 -0.0006615
 0.0000360 -0.0006689
-0.0001651 -0.0007212
 0.0001534 -0.0006633
 0.0001627 -0.0006802
 0.0000266 -0.0006867
-0.0000788 -0.0006249
-0.0003317 -0.0005125
-0.0007190 -0.0006152
-0.0008915 -0.0005492
-0.0008627 -0.0005541
-0.0011729 -0.0005916
-0.0011867 -0.0007594
-0.0010622 -0.0010479
-0.0011026 -0.0013786
-0.0010413 -0.0017054
-0.0012761 -0.0020747
-0.0011793 -0.0023425
-0.0013227 -0.0024290
-0.0014321 -0.0024809
-0.0014694 -0.0025480
-0.0013255 -0.0023777
-0.0012511 -0.0025121
-0.0009900 -0.0024731
-0.0007938 -0.0023664
-0.0003299 -0.0025014
-0.0001105 -0.0023457
 0.0000941 -0.0023905
 0.0002511 -0.0024887
 0.0003673 -0.0025847
 0.0004528 -0.0025553
 0.0003064 -0.0027655
 0.0001972 -0.0028560
 0.0000438 -0.0027508
-0.0002738 -0.0028026
-0.0003968 -0.0028510
-0.0005742 -0.0028280
-0.0005092 -0.0028644
-0.0003854 -0.0029003
-0.0000272 -0.0028746
 0.0005507 -0.0028880
 0.0011003 -0.0025786
 0.0016726 -0.0023559
 0.0020155 -0.0019680
 0.0025636 -0.0015358
 0.0025288 -0.0010087
 0.0024991 -0.0006947
 0.0025557 -0.0003352
 0.0024844 -0.0000443
 0.0023307  0.0003170
 0.0022712  0.0004844
 0.0021287  0.0007240
 0.0018671  0.0006892
 0.0018415  0.0010186
 0.0018350  0.0009674
 0.0019104  0.0010581
 0.0016994  0.0013342
 0.0014750  0.0016015
 0.0014586  0.0017612
 0.0010855  0.0021228
 0.0007952  0.0023239
 0.0006144  0.0025213
 0.0007163  0.0026175
 0.0007091  0.0028789
 0.0009576  0.0033124
 0.0009257  0.0036859
 0.0010239  0.0039242
 0.0009456  0.0041884
 0.0011267  0.0042346
 0.0008564  0.0044291
 0.0008076  0.0045238
 0.0008605  0.0041106
 0.0008963  0.0038168
 0.0009742  0.0036318
 0.0011500  0.0032567
 0.0012565  0.0029198
 0.0013959  0.0029382
 0.0015989  0.0027267
 0.0014644  0.0025595
 0.0013050  0.0024523
 0.0012043  0.0024277
 0.0007953  0.0023791
 0.0003862  0.0025239
-0.0000524  0.0027371
-0.0004187  0.0028173
-0.0007950  0.0028276
-0.0009089  0.0027977
-0.0010881  0.0027456
-0.0008153  0.0024328
-0.0007151  0.0020924
-0.0005790  0.0021768
-0.0002417  0.0020063
-0.0002143  0.0020794
-0.0005726  0.0022628
-0.0005790  0.0022931
-0.0008936  0.0020533
-0.0011841  0.0018601
-0.0014315  0.0014269
-0.0017232  0.0009443
-0.0016933  0.0004202
-0.0016219  0.0003134
-0.0017080 -0.0001541
-0.0015545 -0.0002231
-0.0016551 -0.0002220
-0.0015208 -0.0001140
-0.0014279  0.0000933
-0.0012528  0.0000940
-0.0011071  0.0001560
-0.0009816  0.0001233
-0.0007752  0.0000283
-0.0006432 -0.0000784
-0.0004342 -0.0004633
-0.0002888 -0.0006937
 0.0000056 -0.0009460
 0.0000833 -0.0010795
 0.0001967 -0.0009515
 0.0002998 -0.0009322
 0.0003747 -0.0007188
 0.0002773 -0.0006341
 0.0001995 -0.0005532
 0.0003457 -0.0005815
 0.0004037 -0.0004233
 0.0005398 -0.0003063
 0.0008411 -0.0002826
 0.0009469  0.0000043
 0.0009797  0.0001759
 0.0008111  0.0003418
 0.0006402  0.0001722
 0.0005621  0.0001117
 0.0005596 -0.0002005
 0.0002887 -0.0004648
 0.0004128 -0.0006186
 0.0003952 -0.0007029
 0.0002694 -0.0006492
 0.0003235 -0.0004576
 0.0001048 -0.0003971
 0.0001335 -0.0003067
 0.0000323 -0.0003218
 0.0000223 -0.0003604
-0.0000464 -0.0003418
 0.0001210 -0.0002515
 0.0001176 -0.0002209
 0.0001642 -0.0000600
 0.0000650  0.0001619
-0.0000386  0.0004204
-0.0002974  0.0008604
-0.0005994  0.0009830
-0.0010942  0.0010832
-0.0013979  0.0009815
-0.0016202  0.0007280
-0.0014751  0.0003429
-0.0013185  0.0001959
-0.0012367 -0.0001181
-0.0011874 -0.0001705
-0.0010935 -0.0002343
-0.0012875 -0.0001892
-0.0016714 -0.0000796
-0.0017138 -0.0000013
-0.0017152  0.0001611
-0.0019031  0.0002417
-0.0018586  0.0006286
-0.0018096  0.0008138
-0.0020078  0.0010292
-0.0021262  0.0008733
-0.0021067  0.0007419
-0.0023356  0.0004799
-0.0023899  0.0000559
-0.0024448 -0.0002815
-0.0025406 -0.0004475
-0.0026391 -0.0005199
-0.0026046 -0.0008127
-0.0025369 -0.0007852
-0.0023383 -0.0006753
-0.0019858 -0.0005480
-0.0017346 -0.0002131
-0.0014896  0.0000830
-0.0011607  0.0004089
-0.0009964  0.0005854
-0.0008811  0.0004792
-0.0008271  0.0003775
-0.0007417  0.0001736
-0.0007470  0.0000618
-0.0008956 -0.0002892
-0.0011671 -0.0002903
-0.0012817 -0.0005605
-0.0014428 -0.0007559
-0.0017229 -0.0009994
-0.0016260 -0.0012620
-0.0017990 -0.0014613
-0.0015240 -0.0016547
-0.0011656 -0.0020889
-0.0013272 -0.0022624
-0.0012161 -0.0023170
-0.0011122 -0.0026883
-0.0011660 -0.0027188
-0.0011731 -0.0026387
-0.0010649 -0.0025722
-0.0010956 -0.0024475
-0.0010017 -0.0022172
-0.0008048 -0.0019624
-0.0006174 -0.0017830
-0.0003828 -0.0016619
-0.0002392 -0.0013895
-0.0000083 -0.0013564
 0.0003708 -0.0013889
 0.0005110 -0.0012305
 0.0007237 -0.0010976
 0.0010804 -0.0013750
 0.0013269 -0.0011496
 0.0016237 -0.0010766
 0.0019699 -0.0008682
 0.0020710 -0.0007871
 0.0021864 -0.0004583
 0.0022124 -0.0004044
 0.0022942 -0.0003838
 0.0022659 -0.0004256
 0.0022003 -0.0002271
 0.0022166 -0.0001265
 0.0020722  0.0001137
 0.0020191  0.0001559
 0.0018357  0.0002004
 0.0018486  0.0003507
 0.0017500  0.0003438
 0.0017458  0.0003567
 0.0017737  0.0004696
 0.0016499  0.0007114
 0.0014165  0.0006888
 0.0013356  0.0007528
 0.0012987  0.0007573
 0.0011213  0.0008630
 0.0010094  0.0007045
 0.0009295  0.0004308
 0.0008561  0.0004261
 0.0010223  0.0003396
 0.0009457  0.0001047
 0.0008368  0.0003933
 0.0004917  0.0005970
 0.0001235  0.0007973
-0.0002864  0.0010760
-0.0007674  0.0014540
-0.0011558  0.0014481
-0.0012157  0.0016333
-0.0013622  0.0017403
-0.0014404  0.0016483
-0.0014766  0.0016411
-0.0013970  0.0015378
-0.0014269  0.0012109
-0.0014934  0.0009868
-0.0014581  0.0006778
-0.0015396  0.0004406
-0.0016407  0.0002970
-0.0016988  0.0004545
-0.0017677  0.0004910
-0.0018365  0.0005718
-0.0016657  0.0009555
-0.0017361  0.0010739
-0.0017472  0.0012330
-0.0017005  0.0011603
-0.0016598  0.0011428
-0.0014727  0.0009121
-0.0013258  0.0006302
-0.0013931  0.0002402
-0.0013853 -0.0001485
-0.0012370 -0.0004199
-0.0011473 -0.0009187
-0.0012344 -0.0010394
-0.0009455 -0.0012172
-0.0008199 -0.0011853
-0.0008010 -0.0011917
-0.0007140 -0.0011781
-0.0006963 -0.0014336
-0.0006824 -0.0013155
-0.0008479 -0.0014394
-0.0010663 -0.0016487
-0.0013291 -0.0015402
-0.0015514 -0.0016295
-0.0016597 -0.0014435
-0.0018819 -0.0013063
-0.0018872 -0.0013276
-0.0018209 -0.0011212
-0.0019713 -0.0008679
-0.0019510 -0.0007442
-0.0019140 -0.0006852
-0.0019858 -0.0007684
-0.0019768 -0.0006893
-0.0019118 -0.0006246
-0.0017029 -0.0006255
-0.0017443 -0.0007023
-0.0016317 -0.0006495
-0.0015580 -0.0006500
-0.0016557 -0.0006884
-0.0016739 -0.0006610
-0.0014825 -0.0008999
-0.0013419 -0.0009397
-0.0010535 -0.0009742
-0.0006255 -0.0008609
-0.0001700 -0.0008650
 0.0002157 -0.0007953
 0.0005668 -0.0007028
 0.0008370 -0.0007170
 0.0009386 -0.0005319
 0.0012651 -0.0004914
 0.0015065 -0.0004021
 0.0015983 -0.0001854
 0.0016952 -0.0000125
 0.0017023  0.0001999
 0.0016254  0.0003666
 0.0016660  0.0006535
 0.0015426  0.0009079
 0.0013274  0.0010013
 0.0011008  0.0010691
 0.0007965  0.0011043
 0.0005744  0.0011790
 0.0004225  0.0009761
 0.0003895  0.0009048
 0.0004973  0.0008417
 0.0006329  0.0008211
 0.0006960  0.0010372
 0.0008001  0.0012192
 0.0007528  0.0015170
 0.0005681  0.0017447
 0.0004683  0.0017687
 0.0004546  0.0018119
 0.0003948  0.0017317
 0.0006004  0.0015510
 0.0005355  0.0012160
 0.0004917  0.0009443
 0.0003214  0.0006160
 0.0002569  0.0000598
-0.0001162 -0.0002380
-0.0004510 -0.0004893
-0.0006180 -0.0008233
-0.0008804 -0.0009024
-0.0010016 -0.0008643
-0.0011647 -0.0007880
-0.0012560 -0.0008051
-0.0011636 -0.0008932
-0.0010618 -0.0008674
-0.0010316 -0.0008551
-0.0009206 -0.0009324
-0.0008615 -0.0011079
-0.0006894 -0.0012617
-0.0005535 -0.0014837
-0.0003862 -0.0015405
-0.0000985 -0.0015681
-0.0000605 -0.0014288
 0.0000646 -0.0013035
-0.0001037 -0.0011788
-0.0002272 -0.0011269
-0.0001855 -0.0012824
-0.0001375 -0.0013877
-0.0000033 -0.0017203
 0.0001489 -0.0019941
 0.0005821 -0.0020825
 0.0008029 -0.0019492
 0.0011591 -0.0017889
 0.0012390 -0.0016707
 0.0009732 -0.0015685
 0.0010512 -0.0011843
 0.0008534 -0.0011983
 0.0006769 -0.0011592
 0.0005365 -0.0009618
 0.0006318 -0.0011517
 0.0006828 -0.0010449
 0.0008783 -0.0007424
 0.0010780 -0.0005442
 0.0013395 -0.0001605
 0.0015182  0.0002504
 0.0014240  0.0004487
 0.0014106  0.0006775
 0.0015122  0.0006513
 0.0013744  0.0005812
 0.0015465  0.0004519
 0.0018369  0.0004047
 0.0019646  0.0001996
 0.0021719  0.0002134
 0.0022377  0.0000505
 0.0023481  0.0000503
 0.0024970 -0.0000030
 0.0026677  0.0000077
 0.0027008  0.0001131
 0.0028523  0.0004261
 0.0029732  0.0006664
 0.0032057  0.0007651
 0.0030959  0.0009716
 0.0030388  0.0010706
 0.0029355  0.0010354
 0.0029056  0.0011489
 0.0027365  0.0012693
 0.0026757  0.0012795
 0.0025439  0.0012937
 0.0022927  0.0014574
 0.0021587  0.0015476
 0.0019190  0.0016320
 0.0015095  0.0016146
 0.0012374  0.0019774
 0.0010610  0.0020857
 0.0008365  0.0020934
 0.0007035  0.0023268
 0.0005735  0.0024202
 0.0006670  0.0022983
 0.0006632  0.0021817
 0.0007207  0.0020931
 0.0008227  0.0016787
 0.0007389  0.0016773
 0.0005241  0.0015538
 0.0004329  0.0014061
 0.0001868  0.0013055
-0.0000096  0.0013855
-0.0002195  0.0012355
-0.0005886  0.0012596
-0.0007523  0.0010706
-0.0010071  0.0007317
-0.0009677  0.0005801
-0.0009343  0.0003554
-0.0008796  0.0003154
-0.0008870  0.0003832
-0.0007363  0.0004701
-0.0006832  0.0006794
-0.0006001  0.0008453
-0.0007809  0.0009397
-0.0009711  0.0010911
-0.0013356  0.0010500
-0.0016793  0.0008814
-0.0017936  0.0008849
-0.0018686  0.0008308
-0.0016829  0.0007252
-0.0014702  0.0007744
-0.0011664  0.0007793
-0.0008849  0.0007231
-0.0006171  0.0008100
-0.0003613  0.0007595
-0.0000749  0.0006536
 0.0000951  0.0005913
 0.0004703  0.0002522
 0.0006421  0.0000274
 0.0010259  0.0000381
 0.0011654 -0.0000649
 0.0013441 -0.0001201
 0.0013356 -0.0000092
 0.0014244  0.0000923
 0.0010791  0.0000259
 0.0011696 -0.0000011
 0.0008431 -0.0000275
 0.0007403 -0.0001147
 0.0005566 -0.0002366
 0.0002631 -0.0002265
 0.0001647 -0.0002232
 0.0000690 -0.0000590
-0.0001106 -0.0000368
-0.0002313  0.0001901
-0.0001976  0.0004406
-0.0003042  0.0007480
-0.0004593  0.0009984
-0.0003392  0.0014210
-0.0006962  0.0016366
-0.0009383  0.0018466
-0.0009197  0.0019477
-0.0011424  0.0017942
-0.0012596  0.0016606
-0.0012753  0.0012703
-0.0012593  0.0010114
-0.0012991  0.0007109
-0.0009252  0.0002455
-0.0006375  0.0002740
-0.0005365  0.0001706
-0.0000703  0.0002562
 0.0001340  0.0006041
 0.0003022  0.0008793
 0.0003789  0.0011790
 0.0004466  0.0015632
 0.0003358  0.0019428
 0.0002858  0.0020269
-0.0001462  0.0022152
-0.0005470  0.0021228
-0.0005954  0.0020185
-0.0007675  0.0018788
-0.0007036  0.0017715
-0.0006205  0.0015722
-0.0002593  0.0014566
 0.0000933  0.0015347
 0.0004009  0.0015055
 0.0007527  0.0016641
 0.0009936  0.0018129
 0.0012749  0.0019324
 0.0011354  0.0023396
 0.0009362  0.0024181
 0.0006308  0.0024135
 0.0003627  0.0024444
 0.0000464  0.0021671
-0.0002214  0.0019015
-0.0005935  0.0016013
-0.0008144  0.0012483
-0.0012308  0.0009079
-0.0015087  0.0004402
-0.0017751 -0.0002503
-0.0019650 -0.0005389
-0.0019701 -0.0008895
-0.0021144 -0.0010264
-0.0022899 -0.0008479
-0.0023909 -0.0009465
-0.0027289 -0.0008247
-0.0028703 -0.0008253
-0.0030860 -0.0006626
-0.0033064 -0.0007738
-0.0032632 -0.0006813
-0.0032370 -0.0008480
-0.0031745 -0.0007623
-0.0029397 -0.0008145
-0.0028511 -0.0008318
-0.0028550 -0.0009085
-0.0026559 -0.0009038
-0.0026463 -0.0010023
-0.0024179 -0.0010644
-0.0023425 -0.0011157
-0.0021131 -0.0011662
-0.0017115 -0.0013290
-0.0014041 -0.0011338
-0.0011633 -0.0011454
-0.0007077 -0.0009307
-0.0005986 -0.0008457
-0.0003465 -0.0008723
-0.0002390 -0.0010493
-0.0000839 -0.0008490
-0.0000664 -0.0010704
 0.0001941 -0.0011518
 0.0001054 -0.0012703
 0.0001905 -0.0013527
 0.0001747 -0.0011487
 0.0000433 -0.0011131
-0.0000260 -0.0012236
-0.0000536 -0.0010665
-0.0001523 -0.0012000
-0.0000543 -0.0011463
 0.0000905 -0.0011421
 0.0001546 -0.0009740
 0.0003705 -0.0007853
 0.0005495 -0.0006649
 0.0008300 -0.0004722
 0.0007973 -0.0002744
 0.0008901 -0.0000188
 0.0009018  0.0001661
 0.0009431  0.0001491
 0.0011860  0.0002246
 0.0013156  0.0003477
 0.0012974  0.0004013
 0.0012501  0.0006160
 0.0011749  0.0007790
 0.0009127  0.0009358
 0.0005594  0.0009005
 0.0001574  0.0009541
-0.0000329  0.0007635
-0.0003344  0.0005443
-0.0002844  0.0003580
-0.0004962  0.0000671
-0.0003433 -0.0001326
-0.0003033 -0.0002559
-0.0002941 -0.0005203
-0.0002480 -0.0005876
-0.0002496 -0.0006223
-0.0003108 -0.0006751
-0.0002585 -0.0008338
-0.0001509 -0.0007706
-0.0000757 -0.0007254
 0.0000327 -0.0005900
 0.0001355 -0.0003844
 0.0000618 -0.0002148
 0.0000871 -0.0001165
-0.0002091  0.0001344
-0.0003206  0.0003370
-0.0005276  0.0002719
-0.0006421  0.0003097
-0.0004694  0.0002695
-0.0006095  0.0001333
-0.0003757  0.0000915
-0.0001523  0.0000111
-0.0001332 -0.0000738
-0.0000569  0.0003052
-0.0000598  0.0004677
-0.0002858  0.0007490
-0.0003614  0.0009025
-0.0008050  0.0008453
-0.0008705  0.0007689
-0.0009073  0.0008690
-0.0009091  0.0009178
-0.0009564  0.0010592
-0.0009925  0.0011245
-0.0010537  0.0011006
-0.0012130  0.0009901
-0.0013529  0.0009492
-0.0013849  0.0008277
-0.0012764  0.0004518
-0.0009774  0.0005131
-0.0006435  0.0003340
-0.0002001  0.0002984
 0.0002819  0.0004883
 0.0006436  0.0005104
 0.0007670  0.0005992
 0.0010175  0.0005994
 0.0008794  0.0005624
 0.0009187  0.0005596
 0.0010665  0.0004460
 0.0010070  0.0003839
 0.0009546  0.0003943
 0.0009794  0.0005087
 0.0007311  0.0007629
 0.0005927  0.0008995
 0.0005430  0.0009232
 0.0002942  0.0011456
 0.0003456  0.0012729
 0.0003583  0.0012719
 0.0004871  0.0013176
 0.0006658  0.0011490
 0.0008714  0.0011357
 0.0011414  0.0012689
 0.0014068  0.0012620
 0.0017015  0.0013846
 0.0018081  0.0018440
 0.0018861  0.0021837
 0.0017541  0.0024127
 0.0014138  0.0026148
 0.0010107  0.0023316
 0.0006272  0.0021745
 0.0004607  0.0020000
 0.0002898  0.0016891
 0.0002700  0.0014653
 0.0005236  0.0014103
 0.0006809  0.0013383
 0.0009454  0.0013173
 0.0010508  0.0017506
 0.0013834  0.0017273
 0.0014912  0.0016612
 0.0014065  0.0019188
 0.0013945  0.0018562
 0.0013451  0.0017134
 0.0012269  0.0016096
 0.0010656  0.0011737
 0.0010856  0.0010047
 0.0011486  0.0007381
 0.0011421  0.0004966
 0.0012248  0.0002597
 0.0011770  0.0001552
 0.0012176  0.0001237
 0.0011515  0.0003180
 0.0011245  0.0005643
 0.0008836  0.0007721
 0.0007952  0.0009877
 0.0008062  0.0011137
 0.0005101  0.0010341
 0.0004436  0.0010752
 0.0005581  0.0009461
 0.0004900  0.0007774
 0.0002836  0.0005909
 0.0001030  0.0005058
-0.0000202  0.0003722
-0.0003028 -0.0000130
-0.0003599 -0.0002490
-0.0005177 -0.0001567
-0.0005659 -0.0001319
-0.0003601 -0.0002215
-0.0002748 -0.0000422
-0.0001139  0.0000077
 0.0001710  0.0001850
 0.0002302  0.0001850
 0.0003052  0.0002710
 0.0005953  0.0001725
 0.0003457  0.0003722
 0.0003226  0.0003689
 0.0002690  0.0004163
 0.0000579  0.0004939
 0.0000605  0.0003106
-0.0002228  0.0001583
-0.0001515  0.0000460
-0.0002123 -0.0001274
-0.0003630 -0.0002931
-0.0004614 -0.0002772
-0.0003917 -0.0005339
-0.0004971 -0.0004641
-0.0005964 -0.0004320
-0.0004542 -0.0004163
-0.0003746 -0.0004125
-0.0002980 -0.0003640
-0.0002428 -0.0004494
-0.0001927 -0.0005329
-0.0001182 -0.0005870
 0.0001041 -0.0006637
 0.0000721 -0.0007372
 0.0000550 -0.0007918
 0.0001254 -0.0010524
 0.0002619 -0.0011530
 0.0003694 -0.0011649
 0.0005236 -0.0014328
 0.0008619 -0.0013972
 0.0009881 -0.0014552
 0.0010848 -0.0013862
 0.0013096 -0.0012738
 0.0011065 -0.0009189
 0.0009864 -0.0006353
 0.0008377 -0.0003800
 0.0004203 -0.0001042
 0.0001749  0.0001284
 0.0001146  0.0000969
 0.0000760  0.0001147
 0.0001856 -0.0000993
 0.0003842 -0.0002054
 0.0004102 -0.0002751
 0.0006190 -0.0002071
 0.0006639 -0.0000191
 0.0006817  0.0002379
 0.0005826  0.0004430
 0.0004130  0.0005736
 0.0002085  0.0006722
 0.0003337  0.0007612
 0.0001493  0.0008832
 0.0002366  0.0009999
 0.0002329  0.0009885
 0.0002896  0.0009713
 0.0004495  0.0009646
 0.0005817  0.0007746
 0.0005991  0.0006889
 0.0006163  0.0006697
 0.0004883  0.0006595
 0.0004347  0.0003577
 0.0002356  0.0002867
-0.0000944  0.0001916
-0.0002915  0.0000659
-0.0004334  0.0000879
-0.0005346  0.0002454
-0.0004377  0.0003055
-0.0004621  0.0002290
-0.0005715  0.0003018
-0.0005850  0.0002790
-0.0005648  0.0002641
-0.0006556  0.0001657
-0.0006294  0.0001223
-0.0007334  0.0003086
-0.0008598  0.0002488
-0.0009008  0.0001780
-0.0007399  0.0000300
-0.0008184 -0.0001516
-0.0006257 -0.0003634
-0.0004343 -0.0003954
-0.0002383 -0.0005872
-0.0001455 -0.0004341
-0.0000591 -0.0002217
-0.0000390 -0.0000732
 0.0000344  0.0001441
-0.0000772  0.0003696
-0.0002225  0.0002647
-0.0001816  0.0001108
-0.0004335 -0.0001736
-0.0004632 -0.0005313
-0.0003370 -0.0006586
-0.0000962 -0.0010424
 0.0001473 -0.0010422
 0.0005272 -0.0010438
 0.0006174 -0.0011172
 0.0007411 -0.0007560
 0.0008768 -0.0006664
 0.0008576 -0.0005900
 0.0008908 -0.0003379
 0.0008176 -0.0000432
 0.0009739  0.0000265
 0.0008506  0.0001080
 0.0008625  0.0001006
 0.0010320  0.0002255
 0.0011269  0.0000032
 0.0011841 -0.0000665
 0.0010975 -0.0003147
 0.0012337 -0.0004794
 0.0013363 -0.0007292
 0.0012206 -0.0006891
 0.0013272 -0.0010292
 0.0013807 -0.0010481
 0.0013803 -0.0012456
 0.0012930 -0.0014321
 0.0013831 -0.0015770
 0.0013111 -0.0017847
 0.0014445 -0.0018283
 0.0014088 -0.0018861
 0.0013755 -0.0020403
 0.0016104 -0.0018931
 0.0016727 -0.0019243
 0.0016746 -0.0019029
 0.0015846 -0.0016581
 0.0016398 -0.0013963
 0.0016766 -0.0011894
 0.0015015 -0.0010007
 0.0014807 -0.0007688
 0.0015740 -0.0006605
 0.0016731 -0.0005425
 0.0016599 -0.0005748
 0.0018877 -0.0006078
 0.0021504 -0.0004349
 0.0020302 -0.0004226
 0.0020440 -0.0000017
 0.0020565  0.0001416
 0.0016893  0.0002856
 0.0016044  0.0005226
 0.0012031  0.0006436
 0.0011150  0.0007703
 0.0009628  0.0008584
 0.0010856  0.0010285
 0.0009800  0.0011273
 0.0007670  0.0013962
 0.0006939  0.0016292
 0.0005871  0.0017097
 0.0003759  0.0019334
 0.0003347  0.0018903
-0.0001101  0.0019984
-0.0001344  0.0016861
-0.0001965  0.0017210
-0.0003426  0.0015027
-0.0004265  0.0012691
-0.0003571  0.0012493
-0.0004307  0.0011323
-0.0004710  0.0009479
-0.0005358  0.0009069
-0.0005270  0.0008627
-0.0007937  0.0008180
-0.0008383  0.0008787
-0.0011106  0.0008278
-0.0012666  0.0006647
-0.0013791  0.0008296
-0.0016919  0.0008017
-0.0019881  0.0005994
-0.0022525  0.0001819
-0.0022287 -0.0001986
-0.0023655 -0.0005716
-0.0022125 -0.0007875
-0.0022606 -0.0011780
-0.0023057 -0.0013188
-0.0020984 -0.0017041
-0.0021102 -0.0017599
-0.0021533 -0.0018207
-0.0020310 -0.0020684
-0.0018053 -0.0020992
-0.0015672 -0.0022695
-0.0013119 -0.0024604
-0.0010846 -0.0026448
-0.0010888 -0.0027224
-0.0010326 -0.0027752
-0.0011769 -0.0026787
-0.0014480 -0.0026299
-0.0016382 -0.0025649
-0.0018594 -0.0025398
-0.0020756 -0.0026074
-0.0021210 -0.0026542
-0.0022297 -0.0026656
-0.0020217 -0.0027279
-0.0018182 -0.0028547
-0.0016023 -0.0026908
-0.0013183 -0.0025272
-0.0009895 -0.0022563
-0.0007037 -0.0021044
-0.0002710 -0.0017109
 0.0000246 -0.0014948
 0.0002298 -0.0015276
 0.0003966 -0.0012238
 0.0003281 -0.0012275
 0.0004477 -0.0007808
 0.0006583 -0.0007164
 0.0008087 -0.0004442
 0.0009618 -0.0002421
 0.0011432 -0.0001446
 0.0012254  0.0000678
 0.0014818  0.0000693
 0.0015106  0.0001513
 0.0016129  0.0001800
 0.0013777  0.0001512
 0.0014147  0.0001753
 0.0011620  0.0000418
 0.0010968 -0.0000669
 0.0010152 -0.0000021
 0.0010342 -0.0001921
 0.0010612 -0.0003659
 0.0012144 -0.0002504
 0.0013327 -0.0003692
 0.0015651 -0.0003883
 0.0017923 -0.0002785
 0.0018294 -0.0002943
 0.0018289 -0.0002201
 0.0018479 -0.0002075
 0.0016433 -0.0001911
 0.0016595 -0.0002337
 0.0015666 -0.0003069
 0.0014374 -0.0004439
 0.0014352 -0.0003370
 0.0016767 -0.0002925
 0.0016491 -0.0000005
 0.0016012  0.0000901
 0.0015102  0.0004633
 0.0014099  0.0005355
 0.0014089  0.0007063
 0.0011251  0.0006684
 0.0010093  0.0006455
 0.0009070  0.0006412
 0.0007095  0.0006170
 0.0004346  0.0004627
 0.0002947  0.0005200
 0.0001215  0.0004457
 0.0000444  0.0004247
-0.0000933  0.0004183
-0.0002854  0.0002999
-0.0004183  0.0000296
-0.0006184 -0.0000624
-0.0005832 -0.0003612
-0.0008392 -0.0005826
-0.0011161 -0.0011305
-0.0013391 -0.0014868
-0.0016393 -0.0016567
-0.0016869 -0.0019109
-0.0015498 -0.0020200
-0.0015964 -0.0019199
-0.0012572 -0.0019329
-0.0013593 -0.0019310
-0.0010835 -0.0019145
-0.0009616 -0.0021297
-0.0006877 -0.0023298
-0.0002888 -0.0024232
-0.0000025 -0.0024823
 0.0003244 -0.0028110
 0.0006684 -0.0027463
 0.0011328 -0.0027578
 0.0013364 -0.0027712
 0.0015396 -0.0027986
 0.0015875 -0.0026420
 0.0016229 -0.0027501
 0.0017015 -0.0026059
 0.0017126 -0.0027077
 0.0017384 -0.0027373
 0.0017090 -0.0024877
 0.0016819 -0.0025631
 0.0016653 -0.0023798
 0.0017405 -0.0023261
 0.0016815 -0.0025180
 0.0014470 -0.0023407
 0.0014159 -0.0021917
 0.0012140 -0.0020146
 0.0009906 -0.0018156
 0.0007371 -0.0016698
 0.0004383 -0.0016877
 0.0003848 -0.0015381
 0.0005678 -0.0015054
 0.0008380 -0.0015256
 0.0011805 -0.0012544
 0.0014462 -0.0009939
 0.0018133 -0.0007722
 0.0019676 -0.0004308
 0.0019381 -0.0001577
 0.0017156  0.0000377
 0.0015275  0.0002364
 0.0014284  0.0004625
 0.0011010  0.0007674
 0.0010532  0.0008365
 0.0008200  0.0010643
 0.0006021  0.0012829
 0.0006583  0.0015647
 0.0005807  0.0018513
 0.0006522  0.0020563
 0.0007028  0.0022379
 0.0006134  0.0021450
 0.0004458  0.0021760
 0.0004008  0.0019580
 0.0002818  0.0016576
 0.0001067  0.0012041
 0.0003612  0.0010003
 0.0002876  0.0008671
 0.0004264  0.0010447
 0.0005703  0.0010310
 0.0005172  0.0012809
 0.0005315  0.0015564
 0.0005822  0.0017224
 0.0004589  0.0019738
 0.0005145  0.0020439
 0.0006369  0.0022685
 0.0005108  0.0025356
 0.0005625  0.0026396
 0.0003763  0.0029274
 0.0001735  0.0030786
-0.0000427  0.0029032
-0.0005490  0.0026228
-0.0006949  0.0026141
-0.0008887  0.0022672
-0.0011234  0.0020271
-0.0011132  0.0017075
-0.0012951  0.0014837
-0.0014837  0.0011568
-0.0016143  0.0009825
-0.0016829  0.0009937
-0.0016614  0.0008010
-0.0017104  0.0009288
-0.0015298  0.0009707
-0.0015344  0.0010781
-0.0014396  0.0010629
-0.0012858  0.0009894
-0.0011900  0.0010028
-0.0011419  0.0010398
-0.0010491  0.0008167
-0.0011168  0.0007801
-0.0010202  0.0006614
-0.0009251  0.0003577
-0.0009008  0.0000007
-0.0007521 -0.0003224
-0.0006382 -0.0006003
-0.0004830 -0.0007742
-0.0003996 -0.0008528
-0.0003518 -0.0008595
-0.0004172 -0.0007766
-0.0005795 -0.0007706
-0.0004612 -0.0006067
-0.0006054 -0.0005719
-0.0001315 -0.0003904
-0.0002228 -0.0003354
 0.0001889 -0.0003177
 0.0003401 -0.0002422
 0.0006836 -0.0002927
 0.0010461 -0.0001683
 0.0014507 -0.0001200
 0.0014234  0.0000057
 0.0013664 -0.0000110
 0.0012735 -0.0000140
 0.0010126 -0.0001759
 0.0009779 -0.0002561
 0.0009176 -0.0004500
 0.0007723 -0.0003760
 0.0006953 -0.0003121
 0.0007291 -0.0002349
 0.0006131 -0.0001842
 0.0004947  0.0000329
 0.0004208 -0.0001395
 0.0002312 -0.0001398
 0.0000677 -0.0000935
-0.0000795 -0.0003126
-0.0001950 -0.0003042
-0.0001226 -0.0001474
-0.0000480 -0.0001243
-0.0000648  0.0001263
-0.0000451  0.0005127
-0.0001962  0.0008401
-0.0002838  0.0009582
-0.0004992  0.0012274
-0.0006596  0.0016301
-0.0008121  0.0018114
-0.0009119  0.0018726
-0.0009531  0.0019094
-0.0010234  0.0019613
-0.0011315  0.0022679
-0.0010624  0.0021629
-0.0010092  0.0021677
-0.0010599  0.0020528
-0.0011285  0.0018808
-0.0009226  0.0015040
-0.0007810  0.0013273
-0.0007383  0.0009749
-0.0006312  0.0007748
-0.0007058  0.0008090
-0.0006970  0.0007377
-0.0006268  0.0007260
-0.0006452  0.0006011
-0.0007061  0.0004235
-0.0007175  0.0004364
-0.0010878  0.0003742
-0.0012643  0.0001413
-0.0014968 -0.0000824
-0.0016042 -0.0002565
-0.0015504 -0.0005317
-0.0014160 -0.0006675
-0.0014100 -0.0008716
-0.0013110 -0.0006844
-0.0012198 -0.0006223
-0.0014832 -0.0004302
-0.0016402 -0.0004721
-0.0016859 -0.0004304
-0.0019218 -0.0005595
-0.0019275 -0.0005572
-0.0019436 -0.0005640
-0.0019773 -0.0005781
-0.0019712 -0.0004374
-0.0021041 -0.0003778
-0.0021513 -0.0004245
-0.0024725 -0.0003381
-0.0026275 -0.0004600
-0.0026622 -0.0006710
-0.0026622 -0.0009050
-0.0025317 -0.0011721
-0.0025376 -0.0014310
-0.0022867 -0.0014300
-0.0019326 -0.0013194
-0.0014621 -0.0012297
-0.0011998 -0.0010228
-0.0009895 -0.0007978
-0.0009923 -0.0007163
-0.0009600 -0.0006530
-0.0009101 -0.0007474
-0.0009302 -0.0009298
-0.0007393 -0.0009836
-0.0007843 -0.0011010
-0.0008335 -0.0011040
-0.0007335 -0.0011219
-0.0007310 -0.0011005
-0.0014170 -0.0011807
