[PARAMETERS]
DW=1E-007
TAU=0.000152
TD=4096
BS=4096
NS=512
NSC=512
FR=56.120000
GAIN=4.974204
D0=0.05
D1=5E-006
D2=1E-005
D3=2.5E-005
D4=1E-005
D5=5E-005
D6=0.001
D7=0.001
D8=0.001
D9=0.05
C0=1
SEGTD=0
SEGOFF=0
SEGNUM=0
[ADDITIONAL]
PPFILE=ZG_TWO_T2.PC
DATEWR=27.09.2024
TIMEWR=11:59:10
DATESTA=27.09.2024
TIMESTA=11:58:34
DATEEND=27.09.2024
TIMEEND=11:59:10
CURR_Z0=0
CURR_Z1=1
TE=-1
[VARIABLES]
_USER=Measurements
_EMAIL_F=7NMR.NMR-270-ijs.si
_ITC_H=1
_ITC_R0= 50.00
_ITC_R1= 50.00
_ITC_R2= 53.10
_ITC_R3=  0.00
_ITC_R4=  0.00
_ITC_V=  7.59
_ITC_X=X0A1C1S00H1
_FW=100
_ORIENT=?
_THETA=0
_TITLE=?
_DESCR1=?
_DESCR2=?
_FR_LARM=56.12000000
_FR_SYNT=526.12000000
_TRIMLEV=1.6552734375
_DATE=27.09.2024
_TIME=11:49:32
[PPFILE]
; pi/2 - pi


DELAY D9
PULSE [GT] 3u
PULSE [PHL1,GT] D1
DELAY TAU-3u
PULSE [GT] 3u
PULSE [PHL2,GT] 2*D1
DELAY TAU-D3
PULSE [TR] 1u+DW
DELAY 1m
STOP

;PHL 1 [+X] [+X] [+Y] [+Y] [-X] [-X] [-Y] [-Y]
;PHL 2 [+Y] [-Y] [-X] [+X] [-Y] [+Y] [+X] [-X]
;!RLS +X+X+Y+Y-X-X-Y-Y

PHL 1 [+X] [+X] [-X] [-X] [+Y] [+Y] [-Y] [-Y] [+X] [+X] [-X] [-X] [+Y] [+Y] [-Y] [-Y]
PHL 2 [+Y] [-Y] [-Y] [+Y] [-X] [+X] [+X] [-X] [+X] [-X] [-X] [+X] [-Y] [+Y] [+Y] [-Y]
!RLS +X+X-X-X+Y+Y-Y-Y-X-X+X+X-Y-Y+Y+Y
[DATA]
 0.0001709  0.0000189
 0.0004104 -0.0002050
 0.0005244 -0.0003731
 0.0005610 -0.0004252
 0.0008238 -0.0007069
 0.0012062 -0.0007676
 0.0013643 -0.0006882
 0.0013205 -0.0007686
 0.0014422 -0.0007604
 0.0013303 -0.0007950
 0.0011996 -0.0008558
 0.0012664 -0.0010334
 0.0014371 -0.0009714
 0.0014314 -0.0009826
 0.0015955 -0.0010157
 0.0018139 -0.0008907
 0.0018408 -0.0006190
 0.0018368 -0.0003102
 0.0016262 -0.0002181
 0.0015527  0.0001055
 0.0015335  0.0001413
 0.0015546  0.0001004
 0.0016194 -0.0000365
 0.0017454 -0.0002097
 0.0018671 -0.0002814
 0.0015743 -0.0002817
 0.0015881 -0.0001332
 0.0014863 -0.0001463
 0.0014070  0.0001324
 0.0012430  0.0004062
 0.0011570  0.0004540
 0.0011062  0.0007853
 0.0012018  0.0006490
 0.0012772  0.0006270
 0.0012586  0.0006481
 0.0013792  0.0006647
 0.0015430  0.0005321
 0.0016263  0.0006184
 0.0018106  0.0007212
 0.0015660  0.0007698
 0.0014411  0.0008354
 0.0012297  0.0006251
 0.0010417  0.0005201
 0.0009763  0.0004095
 0.0008654  0.0001832
 0.0007819  0.0002153
 0.0005555  0.0002055
 0.0005903  0.0000474
 0.0004902  0.0000652
 0.0003805 -0.0000899
 0.0006170 -0.0003214
 0.0007184 -0.0003804
 0.0008662 -0.0004446
 0.0011704 -0.0006015
 0.0012447 -0.0005321
 0.0012970 -0.0004070
 0.0012449 -0.0006442
 0.0010132 -0.0004628
 0.0009516 -0.0005003
 0.0009305 -0.0005535
 0.0008338 -0.0004962
 0.0008041 -0.0005499
 0.0009153 -0.0006681
 0.0011142 -0.0005407
 0.0011832 -0.0004319
 0.0011681 -0.0004404
 0.0010453 -0.0003637
 0.0010797 -0.0001587
 0.0010551 -0.0001588
 0.0009103 -0.0000337
 0.0008601 -0.0000759
 0.0008943 -0.0000504
 0.0007738 -0.0000595
 0.0007734  0.0000728
 0.0006680  0.0000753
 0.0006665 -0.0000327
 0.0007577 -0.0001163
 0.0009763 -0.0002390
 0.0011990 -0.0004819
 0.0014589 -0.0006391
 0.0017751 -0.0006572
 0.0019671 -0.0006502
 0.0019993 -0.0005179
 0.0020906 -0.0003149
 0.0018723 -0.0000663
 0.0015299  0.0000275
 0.0012003  0.0003063
 0.0010626  0.0003885
 0.0007579  0.0005700
 0.0006287  0.0006140
 0.0004128  0.0005888
 0.0002585  0.0006974
 0.0002489  0.0007113
 0.0002677  0.0009374
 0.0002168  0.0009742
 0.0001701  0.0011485
 0.0002668  0.0012439
 0.0003843  0.0012849
 0.0004668  0.0014647
 0.0006935  0.0015991
 0.0007420  0.0016759
 0.0006788  0.0019101
 0.0007852  0.0019614
 0.0008533  0.0021038
 0.0008752  0.0021736
 0.0012247  0.0022715
 0.0013979  0.0023667
 0.0014460  0.0024236
 0.0014118  0.0024478
 0.0014239  0.0024018
 0.0011937  0.0022395
 0.0009400  0.0021644
 0.0007333  0.0020312
 0.0005239  0.0018587
 0.0003094  0.0016195
 0.0001607  0.0014800
-0.0001421  0.0012464
-0.0002235  0.0011453
-0.0003641  0.0010335
-0.0004726  0.0005675
-0.0006180  0.0004462
-0.0008128  0.0001362
-0.0006721 -0.0000156
-0.0007259 -0.0002005
-0.0005601 -0.0001154
-0.0002962 -0.0002924
-0.0001476 -0.0002159
-0.0003125 -0.0000614
-0.0002584  0.0000587
-0.0004335  0.0000284
-0.0005352  0.0000225
-0.0006070 -0.0001565
-0.0007389 -0.0002690
-0.0009835 -0.0005294
-0.0013080 -0.0005404
-0.0014552 -0.0007799
-0.0017377 -0.0004683
-0.0019069 -0.0006140
-0.0019504 -0.0005035
-0.0020201 -0.0003074
-0.0020214 -0.0002597
-0.0022213 -0.0001339
-0.0021357 -0.0002879
-0.0024004 -0.0001986
-0.0023674 -0.0004224
-0.0023205 -0.0005956
-0.0021956 -0.0007439
-0.0018983 -0.0010868
-0.0016172 -0.0010413
-0.0012264 -0.0010789
-0.0007071 -0.0009789
-0.0003161 -0.0006107
 0.0000987 -0.0003137
 0.0004878  0.0000859
 0.0007027  0.0002145
 0.0009276  0.0004438
 0.0010226  0.0004967
 0.0012332  0.0003669
 0.0012269  0.0005314
 0.0014226  0.0005711
 0.0015898  0.0007205
 0.0017565  0.0009144
 0.0018028  0.0012403
 0.0020416  0.0015063
 0.0021329  0.0018283
 0.0020983  0.0022793
 0.0022353  0.0026070
 0.0021418  0.0029422
 0.0020658  0.0032581
 0.0020102  0.0032731
 0.0020735  0.0036119
 0.0020109  0.0036192
 0.0018757  0.0038149
 0.0016769  0.0039703
 0.0015326  0.0040442
 0.0011551  0.0040806
 0.0009889  0.0043954
 0.0009183  0.0042155
 0.0009294  0.0040925
 0.0009111  0.0041876
 0.0010758  0.0039993
 0.0011336  0.0039813
 0.0013049  0.0041706
 0.0016413  0.0041411
 0.0016403  0.0043890
 0.0017413  0.0046249
 0.0017162  0.0048228
 0.0017073  0.0050230
 0.0014696  0.0050693
 0.0013680  0.0050508
 0.0010760  0.0049379
 0.0006408  0.0048986
 0.0005239  0.0046504
 0.0004127  0.0048238
 0.0004034  0.0048240
 0.0003812  0.0049219
 0.0003927  0.0050408
 0.0005173  0.0052780
 0.0004762  0.0050992
 0.0006229  0.0053061
 0.0005964  0.0052835
 0.0005592  0.0051572
 0.0005637  0.0049930
 0.0004500  0.0051238
 0.0003379  0.0049438
 0.0001838  0.0049028
-0.0000088  0.0049768
-0.0001850  0.0046678
-0.0000129  0.0047943
-0.0001722  0.0046513
-0.0000382  0.0046116
 0.0000071  0.0046090
-0.0000051  0.0044158
 0.0000441  0.0043791
-0.0000213  0.0043574
 0.0000582  0.0044452
-0.0000202  0.0046119
-0.0000015  0.0046707
 0.0000577  0.0046715
 0.0002868  0.0047035
 0.0005707  0.0048480
 0.0009976  0.0049211
 0.0016435  0.0052498
 0.0019104  0.0055637
 0.0022581  0.0056797
 0.0027215  0.0060922
 0.0028395  0.0062386
 0.0031330  0.0062097
 0.0033302  0.0061011
 0.0035442  0.0063520
 0.0038513  0.0062853
 0.0043723  0.0063588
 0.0048132  0.0066865
 0.0052535  0.0069473
 0.0057907  0.0077428
 0.0061408  0.0081615
 0.0064360  0.0088921
 0.0069237  0.0094632
 0.0071961  0.0102465
 0.0076845  0.0109236
 0.0081719  0.0114653
 0.0089086  0.0121950
 0.0096289  0.0126732
 0.0102301  0.0134300
 0.0113404  0.0140539
 0.0120192  0.0144386
 0.0126170  0.0149336
 0.0132653  0.0154354
 0.0136698  0.0157063
 0.0143318  0.0162444
 0.0150650  0.0168407
 0.0159090  0.0173745
 0.0164175  0.0182293
 0.0173085  0.0189210
 0.0180955  0.0197253
 0.0186467  0.0205989
 0.0193866  0.0216435
 0.0199297  0.0223389
 0.0206543  0.0234838
 0.0214482  0.0240899
 0.0220521  0.0246715
 0.0227856  0.0256091
 0.0236833  0.0261993
 0.0244550  0.0270355
 0.0252845  0.0276655
 0.0262860  0.0285873
 0.0272290  0.0293760
 0.0281281  0.0304278
 0.0290142  0.0313743
 0.0297669  0.0323656
 0.0306043  0.0333804
 0.0311734  0.0344718
 0.0316637  0.0353523
 0.0319481  0.0365441
 0.0322555  0.0374176
 0.0325690  0.0383515
 0.0330312  0.0391911
 0.0334388  0.0401317
 0.0338848  0.0411122
 0.0344445  0.0418698
 0.0351479  0.0426974
 0.0358030  0.0437133
 0.0366676  0.0445382
 0.0376598  0.0454008
 0.0385157  0.0462854
 0.0396515  0.0471212
 0.0406610  0.0481730
 0.0417943  0.0493142
 0.0432398  0.0506787
 0.0446227  0.0519985
 0.0457696  0.0535110
 0.0470659  0.0550105
 0.0482440  0.0562386
 0.0492153  0.0575709
 0.0503740  0.0586631
 0.0513536  0.0596613
 0.0525160  0.0607904
 0.0536305  0.0619320
 0.0547081  0.0631468
 0.0557997  0.0646384
 0.0568721  0.0659097
 0.0580937  0.0672711
 0.0592887  0.0685043
 0.0604361  0.0696368
 0.0616216  0.0710258
 0.0628848  0.0720683
 0.0640606  0.0730400
 0.0651495  0.0743292
 0.0660843  0.0754430
 0.0670826  0.0764848
 0.0680621  0.0775023
 0.0690415  0.0785715
 0.0703381  0.0795245
 0.0715736  0.0803736
 0.0729786  0.0814413
 0.0741065  0.0824042
 0.0752662  0.0834338
 0.0762011  0.0841337
 0.0772605  0.0847513
 0.0782762  0.0855567
 0.0790675  0.0861097
 0.0800400  0.0867521
 0.0810095  0.0873274
 0.0818514  0.0880731
 0.0825383  0.0887138
 0.0834422  0.0893158
 0.0839578  0.0898813
 0.0846393  0.0901306
 0.0853170  0.0908349
 0.0859893  0.0909000
 0.0865929  0.0912491
 0.0872309  0.0916435
 0.0880498  0.0918203
 0.0885041  0.0920006
 0.0891691  0.0922798
 0.0898338  0.0923932
 0.0901796  0.0922996
 0.0904754  0.0922487
 0.0908529  0.0921229
 0.0909137  0.0920115
 0.0910126  0.0917742
 0.0906814  0.0914738
 0.0905885  0.0910662
 0.0904490  0.0905750
 0.0904196  0.0897294
 0.0903767  0.0892246
 0.0903573  0.0885801
 0.0903877  0.0880708
 0.0901937  0.0878158
 0.0898299  0.0875904
 0.0896123  0.0871367
 0.0890041  0.0868510
 0.0884545  0.0864772
 0.0877225  0.0857105
 0.0870273  0.0852814
 0.0863399  0.0846478
 0.0856019  0.0837848
 0.0848099  0.0831598
 0.0843978  0.0822340
 0.0838700  0.0813903
 0.0833664  0.0804668
 0.0828638  0.0792936
 0.0824373  0.0783111
 0.0819548  0.0773353
 0.0815477  0.0762946
 0.0807802  0.0753367
 0.0800032  0.0745818
 0.0790901  0.0736120
 0.0779866  0.0728246
 0.0769156  0.0719776
 0.0759668  0.0707542
 0.0748873  0.0701101
 0.0740381  0.0693335
 0.0731194  0.0682650
 0.0719266  0.0674786
 0.0710697  0.0666087
 0.0701329  0.0656848
 0.0692626  0.0645228
 0.0683808  0.0633606
 0.0677697  0.0622164
 0.0669882  0.0610627
 0.0664224  0.0599604
 0.0656125  0.0587979
 0.0648003  0.0576891
 0.0640524  0.0565425
 0.0630913  0.0552675
 0.0623289  0.0543167
 0.0615096  0.0532061
 0.0604715  0.0519167
 0.0596996  0.0509507
 0.0588111  0.0497357
 0.0578514  0.0483708
 0.0573452  0.0472465
 0.0565191  0.0463733
 0.0557939  0.0452455
 0.0550463  0.0445330
 0.0543472  0.0436565
 0.0534088  0.0427565
 0.0523587  0.0419788
 0.0516374  0.0409722
 0.0506193  0.0400207
 0.0499103  0.0390165
 0.0489665  0.0382155
 0.0482216  0.0372665
 0.0471667  0.0363370
 0.0464659  0.0354153
 0.0454312  0.0342672
 0.0447391  0.0334156
 0.0437852  0.0323425
 0.0428157  0.0314303
 0.0420292  0.0306013
 0.0411026  0.0296200
 0.0400161  0.0287224
 0.0392790  0.0279135
 0.0383657  0.0270760
 0.0376491  0.0262278
 0.0368960  0.0253889
 0.0363089  0.0245975
 0.0355136  0.0238885
 0.0350538  0.0232241
 0.0343256  0.0225151
 0.0334721  0.0218234
 0.0327521  0.0211349
 0.0320345  0.0205073
 0.0311220  0.0199247
 0.0304564  0.0192642
 0.0296643  0.0186215
 0.0289708  0.0179248
 0.0281064  0.0174097
 0.0275748  0.0168483
 0.0269335  0.0163087
 0.0262722  0.0159084
 0.0258541  0.0154799
 0.0252172  0.0150141
 0.0246039  0.0142995
 0.0239356  0.0136343
 0.0235041  0.0130792
 0.0230960  0.0122285
 0.0225572  0.0118018
 0.0219166  0.0113487
 0.0212535  0.0109365
 0.0206350  0.0108468
 0.0200417  0.0105664
 0.0193833  0.0101211
 0.0185730  0.0097293
 0.0179117  0.0094103
 0.0172273  0.0089410
 0.0166621  0.0084299
 0.0160150  0.0077711
 0.0156375  0.0070427
 0.0152440  0.0065837
 0.0148723  0.0060422
 0.0146333  0.0055114
 0.0144574  0.0051756
 0.0141224  0.0045756
 0.0139547  0.0042424
 0.0135200  0.0040634
 0.0130322  0.0036581
 0.0125794  0.0033011
 0.0121816  0.0030648
 0.0117583  0.0026839
 0.0112665  0.0024849
 0.0112472  0.0023461
 0.0109281  0.0021735
 0.0110392  0.0019238
 0.0110202  0.0020687
 0.0111989  0.0019626
 0.0113376  0.0020391
 0.0113856  0.0021255
 0.0112934  0.0023725
 0.0112800  0.0022333
 0.0110864  0.0021653
 0.0107748  0.0019821
 0.0103606  0.0018449
 0.0101467  0.0013795
 0.0098503  0.0010358
 0.0095682  0.0007818
 0.0092278  0.0006043
 0.0090143  0.0004569
 0.0088646  0.0002991
 0.0086583 -0.0000127
 0.0084273 -0.0001402
 0.0083741 -0.0003349
 0.0084273 -0.0003953
 0.0086689 -0.0004672
 0.0085731 -0.0005471
 0.0086282 -0.0002436
 0.0086100 -0.0000803
 0.0087514 -0.0001077
 0.0086424  0.0002634
 0.0086943  0.0001154
 0.0087353  0.0000630
 0.0084776  0.0000242
 0.0084445 -0.0000893
 0.0084533  0.0000428
 0.0083489  0.0002366
 0.0082351  0.0005165
 0.0081487  0.0007134
 0.0080331  0.0011393
 0.0078998  0.0013045
 0.0077977  0.0013109
 0.0076044  0.0013897
 0.0073315  0.0013297
 0.0070747  0.0012024
 0.0068173  0.0011163
 0.0065117  0.0009923
 0.0060626  0.0008855
 0.0059274  0.0008998
 0.0057753  0.0010314
 0.0055642  0.0010802
 0.0053129  0.0010297
 0.0051504  0.0011666
 0.0050217  0.0010953
 0.0046982  0.0009167
 0.0043633  0.0009467
 0.0039914  0.0009215
 0.0034552  0.0008093
 0.0030392  0.0008639
 0.0026288  0.0006695
 0.0024389  0.0007910
 0.0020039  0.0007919
 0.0016793  0.0005897
 0.0015734  0.0005892
 0.0011930  0.0004096
 0.0010105  0.0000915
 0.0009558 -0.0002484
 0.0009162 -0.0006622
 0.0010743 -0.0010134
 0.0012512 -0.0010942
 0.0014819 -0.0010355
 0.0015746 -0.0012059
 0.0017483 -0.0011687
 0.0016256 -0.0011555
 0.0014268 -0.0013472
 0.0013893 -0.0015016
 0.0009634 -0.0019186
 0.0007590 -0.0020338
 0.0004315 -0.0024373
 0.0001534 -0.0027481
 0.0001540 -0.0028313
-0.0001543 -0.0029093
-0.0003089 -0.0031051
-0.0003075 -0.0031825
-0.0003121 -0.0031675
-0.0003691 -0.0032354
-0.0004257 -0.0033330
-0.0003829 -0.0032272
-0.0004080 -0.0033052
-0.0002819 -0.0032301
-0.0001944 -0.0031963
-0.0000855 -0.0032240
 0.0002298 -0.0029478
 0.0004951 -0.0029054
 0.0006577 -0.0026547
 0.0009299 -0.0025450
 0.0010244 -0.0023641
 0.0007764 -0.0021823
 0.0007308 -0.0024292
 0.0005975 -0.0022734
 0.0004408 -0.0023089
 0.0000470 -0.0022409
-0.0000939 -0.0022060
-0.0003344 -0.0023263
-0.0003558 -0.0022660
-0.0003847 -0.0023789
-0.0002456 -0.0022127
-0.0001910 -0.0021284
 0.0000591 -0.0018217
 0.0000311 -0.0016213
 0.0004001 -0.0012905
 0.0003129 -0.0010610
 0.0004256 -0.0008084
 0.0004615 -0.0004295
 0.0006142 -0.0002616
 0.0006377  0.0001420
 0.0007342  0.0003126
 0.0006715  0.0004001
 0.0007446  0.0004460
 0.0006497  0.0006390
 0.0004612  0.0006698
 0.0003412  0.0006140
 0.0000963  0.0006007
-0.0000388  0.0005250
 0.0000434  0.0003180
 0.0000513  0.0002285
 0.0001908  0.0003043
 0.0005040  0.0002144
 0.0007499  0.0002520
 0.0008859  0.0002159
 0.0010514  0.0001347
 0.0009703  0.0001308
 0.0009997  0.0000629
 0.0009760  0.0001624
 0.0006785  0.0000352
 0.0008035  0.0003426
 0.0007744  0.0003762
 0.0007573  0.0004903
 0.0005543  0.0006532
 0.0004812  0.0008038
 0.0006104  0.0007804
 0.0001985  0.0008939
 0.0000185  0.0011124
-0.0002732  0.0008680
-0.0006099  0.0009144
-0.0010124  0.0006558
-0.0012333  0.0003242
-0.0014705  0.0000363
-0.0018029 -0.0002605
-0.0019475 -0.0002945
-0.0019167 -0.0003849
-0.0019391 -0.0005024
-0.0018864 -0.0005008
-0.0017777 -0.0005737
-0.0018194 -0.0007167
-0.0018469 -0.0011157
-0.0016784 -0.0012144
-0.0016275 -0.0013356
-0.0016367 -0.0016665
-0.0016319 -0.0017441
-0.0015999 -0.0018892
-0.0017616 -0.0019619
-0.0017440 -0.0019843
-0.0017568 -0.0020927
-0.0015759 -0.0020317
-0.0014109 -0.0019752
-0.0011299 -0.0017940
-0.0009798 -0.0015340
-0.0006362 -0.0014151
-0.0005061 -0.0011254
-0.0004267 -0.0010739
-0.0001784 -0.0010299
 0.0000966 -0.0009572
 0.0004165 -0.0008008
 0.0008229 -0.0008598
 0.0009777 -0.0009157
 0.0011165 -0.0007954
 0.0012454 -0.0008397
 0.0010634 -0.0006765
 0.0008513 -0.0007721
 0.0007066 -0.0006629
 0.0003525 -0.0005855
 0.0000908 -0.0005942
 0.0001108 -0.0004327
 0.0000428 -0.0004120
 0.0000069 -0.0004306
 0.0000992 -0.0003082
 0.0000546 -0.0003070
 0.0000515 -0.0002903
-0.0001800 -0.0000491
-0.0002074  0.0001794
-0.0003233  0.0001335
-0.0004134  0.0000723
-0.0004207  0.0002830
-0.0003107  0.0001717
-0.0000270  0.0000994
 0.0001452 -0.0000158
 0.0004331 -0.0000786
 0.0006400 -0.0001800
 0.0009319 -0.0001524
 0.0010557  0.0001446
 0.0010572  0.0002955
 0.0009071  0.0004745
 0.0006989  0.0005748
 0.0005846  0.0005771
 0.0006564  0.0006386
 0.0005127  0.0004874
 0.0004850  0.0006596
 0.0005188  0.0007012
 0.0004801  0.0007737
 0.0004566  0.0006532
 0.0007374  0.0008308
 0.0008129  0.0007770
 0.0012147  0.0006627
 0.0016242  0.0009425
 0.0019713  0.0009633
 0.0022546  0.0011688
 0.0025420  0.0014650
 0.0026543  0.0015483
 0.0026145  0.0017824
 0.0025474  0.0019990
 0.0025975  0.0018848
 0.0023639  0.0019452
 0.0020941  0.0020200
 0.0020271  0.0018140
 0.0019589  0.0017436
 0.0020728  0.0019505
 0.0020118  0.0018697
 0.0020055  0.0020919
 0.0019264  0.0022725
 0.0018044  0.0023651
 0.0014459  0.0025109
 0.0012849  0.0024281
 0.0009368  0.0024315
 0.0006318  0.0022408
 0.0002309  0.0018528
 0.0000320  0.0016482
-0.0002279  0.0013153
-0.0003181  0.0008572
-0.0003857  0.0004947
-0.0005228  0.0002970
-0.0005047  0.0001003
-0.0004730 -0.0000633
-0.0004513 -0.0001832
-0.0004823 -0.0002188
-0.0005713 -0.0002378
-0.0005423 -0.0003505
-0.0005791 -0.0003492
-0.0006095 -0.0004297
-0.0006076 -0.0002694
-0.0007342 -0.0002052
-0.0008856 -0.0002745
-0.0011204 -0.0003214
-0.0012657 -0.0003426
-0.0014548 -0.0004987
-0.0015235 -0.0003139
-0.0016189 -0.0003138
-0.0017848 -0.0002571
-0.0018330 -0.0000628
-0.0018109 -0.0000340
-0.0018598 -0.0000453
-0.0018156  0.0000154
-0.0017552  0.0000058
-0.0016921 -0.0002026
-0.0014314 -0.0001945
-0.0013209 -0.0005299
-0.0012922 -0.0005506
-0.0011380 -0.0007636
-0.0010543 -0.0010341
-0.0011070 -0.0011037
-0.0008375 -0.0012648
-0.0007253 -0.0014738
-0.0004856 -0.0013738
-0.0003316 -0.0013633
-0.0001811 -0.0014835
 0.0001031 -0.0013580
 0.0003675 -0.0010992
 0.0005015 -0.0010169
 0.0009046 -0.0006776
 0.0011536 -0.0004750
 0.0012438 -0.0004510
 0.0012387 -0.0003476
 0.0014059 -0.0004630
 0.0013061 -0.0007074
 0.0013996 -0.0009944
 0.0014792 -0.0012323
 0.0015553 -0.0013326
 0.0016515 -0.0013809
 0.0016238 -0.0011174
 0.0015587 -0.0008082
 0.0014112 -0.0005988
 0.0011840 -0.0003456
 0.0010836 -0.0001982
 0.0008013 -0.0000549
 0.0006104 -0.0001551
 0.0005380 -0.0001472
 0.0002713 -0.0002488
 0.0003477 -0.0003835
 0.0000591 -0.0004233
 0.0000994 -0.0005387
 0.0000689 -0.0005903
-0.0000667 -0.0005230
 0.0000255 -0.0004912
-0.0001624 -0.0004614
-0.0000100 -0.0004908
 0.0001326 -0.0002845
 0.0002634 -0.0002324
 0.0003322 -0.0001258
 0.0007327  0.0001317
 0.0007628  0.0002579
 0.0009651  0.0005841
 0.0013245  0.0005116
 0.0013911  0.0006406
 0.0016620  0.0007734
 0.0017999  0.0010039
 0.0015502  0.0011563
 0.0016407  0.0014486
 0.0013979  0.0015713
 0.0010305  0.0017039
 0.0007197  0.0020090
 0.0004942  0.0019704
 0.0000284  0.0019284
-0.0000886  0.0021416
-0.0003370  0.0018961
-0.0005892  0.0015927
-0.0007602  0.0013181
-0.0008877  0.0009798
-0.0010481  0.0006519
-0.0010309  0.0005083
-0.0011343  0.0002617
-0.0010905  0.0002613
-0.0010068  0.0003648
-0.0007221  0.0003318
-0.0006940  0.0006004
-0.0002581  0.0008122
 0.0000019  0.0010376
 0.0003564  0.0012528
 0.0003150  0.0016082
 0.0002089  0.0017260
 0.0001387  0.0017926
 0.0003598  0.0013751
 0.0002050  0.0010961
 0.0004013  0.0008090
 0.0007450  0.0005128
 0.0009882  0.0000285
 0.0011961 -0.0000567
 0.0014470 -0.0002476
 0.0015991 -0.0003761
 0.0015878 -0.0002701
 0.0014629 -0.0005907
 0.0013185 -0.0006485
 0.0012274 -0.0009349
 0.0010752 -0.0012595
 0.0010273 -0.0013382
 0.0009559 -0.0013725
 0.0009234 -0.0014170
 0.0010368 -0.0014405
 0.0009072 -0.0014695
 0.0009502 -0.0013533
 0.0007630 -0.0014212
 0.0005370 -0.0014027
 0.0004419 -0.0017042
 0.0004460 -0.0017126
 0.0005638 -0.0017774
 0.0006153 -0.0019468
 0.0008921 -0.0016823
 0.0012947 -0.0016398
 0.0013723 -0.0014326
 0.0015223 -0.0011064
 0.0017157 -0.0010120
 0.0019903 -0.0006848
 0.0019859 -0.0004037
 0.0020589 -0.0001972
 0.0017526 -0.0000032
 0.0015099  0.0003139
 0.0012004  0.0002617
 0.0009915  0.0001687
 0.0007544  0.0001833
 0.0007265  0.0002422
 0.0006405  0.0002942
 0.0007922  0.0006251
 0.0008590  0.0007032
 0.0009573  0.0009986
 0.0007768  0.0010811
 0.0008775  0.0012288
 0.0007650  0.0011785
 0.0007801  0.0009474
 0.0007904  0.0006630
 0.0007022  0.0004236
 0.0007138  0.0001944
 0.0008668 -0.0001886
 0.0010734 -0.0000420
 0.0010367  0.0001690
 0.0010892  0.0002717
 0.0010356  0.0008206
 0.0008866  0.0011011
 0.0004874  0.0013156
 0.0002223  0.0013778
 0.0000169  0.0013337
 0.0000069  0.0010071
 0.0000767  0.0007774
 0.0002381  0.0005371
 0.0003005  0.0003156
 0.0002737  0.0002717
 0.0001965 -0.0000867
 0.0002968 -0.0002180
 0.0000461 -0.0003871
-0.0000972 -0.0005557
-0.0001589 -0.0005975
-0.0003490 -0.0005764
-0.0003662 -0.0005668
-0.0003851 -0.0006102
-0.0004372 -0.0005550
-0.0003118 -0.0006695
-0.0001154 -0.0008986
 0.0001581 -0.0010196
 0.0001961 -0.0012576
 0.0004214 -0.0010870
 0.0005650 -0.0008787
 0.0006276 -0.0007300
 0.0005890 -0.0003112
 0.0004659 -0.0001454
 0.0002556  0.0002841
 0.0001666  0.0005168
 0.0001785  0.0004739
-0.0000699  0.0005734
-0.0002576  0.0004627
-0.0005157  0.0002055
-0.0006501 -0.0000213
-0.0006699 -0.0002401
-0.0008200 -0.0004865
-0.0009162 -0.0005787
-0.0008364 -0.0005645
-0.0007730 -0.0006953
-0.0007800 -0.0003922
-0.0005804 -0.0004121
-0.0003720 -0.0003638
-0.0001496 -0.0004068
 0.0003849 -0.0002165
 0.0006526 -0.0003727
 0.0010140 -0.0003935
 0.0010869 -0.0001118
 0.0011758 -0.0001141
 0.0009365 -0.0000496
 0.0008423  0.0002271
 0.0008136  0.0004135
 0.0008808  0.0007664
 0.0009999  0.0009973
 0.0012194  0.0015258
 0.0012176  0.0020594
 0.0012026  0.0023886
 0.0011293  0.0025099
 0.0010471  0.0024851
 0.0007546  0.0024822
 0.0006871  0.0022783
 0.0003984  0.0022465
 0.0003472  0.0020727
 0.0002228  0.0021758
-0.0001893  0.0023033
-0.0003214  0.0022410
-0.0005832  0.0020430
-0.0007791  0.0019319
-0.0010367  0.0016010
-0.0010267  0.0014474
-0.0011725  0.0012732
-0.0011480  0.0011185
-0.0012137  0.0011910
-0.0013588  0.0012191
-0.0015585  0.0011079
-0.0017043  0.0009645
-0.0016524  0.0009175
-0.0015844  0.0005137
-0.0012436  0.0002701
-0.0010103  0.0001478
-0.0007042  0.0000863
-0.0002162  0.0001434
-0.0000303  0.0003063
 0.0000633  0.0002518
-0.0000239  0.0004980
-0.0001189  0.0005563
-0.0004502  0.0006531
-0.0007447  0.0004317
-0.0010149  0.0003382
-0.0012333  0.0000900
-0.0013856 -0.0001552
-0.0013254 -0.0002556
-0.0012708 -0.0003591
-0.0012880 -0.0000840
-0.0011766  0.0000965
-0.0013130  0.0002269
-0.0012704  0.0005293
-0.0013526  0.0004802
-0.0015317  0.0004071
-0.0014926  0.0001324
-0.0012470  0.0000040
-0.0011278 -0.0000729
-0.0012032 -0.0001965
-0.0010483 -0.0002086
-0.0010215 -0.0003892
-0.0010970 -0.0003886
-0.0010879 -0.0006125
-0.0009895 -0.0006737
-0.0008351 -0.0007488
-0.0006003 -0.0009005
-0.0005070 -0.0006931
-0.0001872 -0.0006371
-0.0000090 -0.0005522
 0.0001579 -0.0002481
 0.0002007 -0.0000984
 0.0003836 -0.0002938
 0.0003163 -0.0003849
 0.0004351 -0.0004315
 0.0006013 -0.0007714
 0.0005521 -0.0009036
 0.0005897 -0.0011646
 0.0007431 -0.0012500
 0.0005252 -0.0011009
 0.0005264 -0.0012180
 0.0002808 -0.0010957
 0.0002319 -0.0008500
-0.0000653 -0.0005233
-0.0002458 -0.0003032
-0.0005140  0.0000920
-0.0007350  0.0003061
-0.0010687  0.0004877
-0.0010500  0.0006906
-0.0010296  0.0006446
-0.0009671  0.0006054
-0.0007624  0.0007235
-0.0004662  0.0007006
-0.0004493  0.0007089
-0.0003386  0.0007920
-0.0000744  0.0007010
-0.0000968  0.0006836
 0.0000570  0.0005548
 0.0002848  0.0003599
 0.0003889  0.0001855
 0.0005598  0.0001560
 0.0008942  0.0002318
 0.0008436  0.0005085
 0.0009455  0.0006743
 0.0008170  0.0006015
 0.0006406  0.0006029
 0.0006602  0.0003146
 0.0004657  0.0001351
 0.0006161 -0.0001908
 0.0006374 -0.0004900
 0.0006326 -0.0004708
 0.0004051 -0.0005196
 0.0004952 -0.0003797
 0.0004057 -0.0003177
 0.0003834 -0.0000951
 0.0003484 -0.0002377
 0.0000539 -0.0000485
-0.0001737  0.0000988
-0.0005429 -0.0000694
-0.0009759 -0.0001422
-0.0011505 -0.0003457
-0.0014140 -0.0005746
-0.0014433 -0.0006547
-0.0013722 -0.0008493
-0.0010709 -0.0008812
-0.0011309 -0.0009299
-0.0010358 -0.0011659
-0.0011260 -0.0010208
-0.0013667 -0.0011410
-0.0016017 -0.0011990
-0.0018116 -0.0014385
-0.0020942 -0.0015306
-0.0021356 -0.0018321
-0.0022239 -0.0022099
-0.0021448 -0.0022221
-0.0019849 -0.0023910
-0.0016610 -0.0024165
-0.0013012 -0.0022570
-0.0009421 -0.0024267
-0.0005482 -0.0025613
-0.0003287 -0.0025871
 0.0000412 -0.0026613
 0.0001008 -0.0028113
 0.0002262 -0.0027424
 0.0002427 -0.0026713
 0.0001183 -0.0024244
-0.0001837 -0.0019803
-0.0003471 -0.0017945
-0.0004311 -0.0017026
-0.0005882 -0.0014644
-0.0006159 -0.0015733
-0.0005364 -0.0014470
-0.0003143 -0.0013261
 0.0000194 -0.0012402
 0.0001891 -0.0012367
 0.0004816 -0.0009288
 0.0007577 -0.0008543
 0.0009401 -0.0005722
 0.0012650 -0.0004540
 0.0015845 -0.0002603
 0.0016811  0.0000199
 0.0018498  0.0001228
 0.0020129  0.0002068
 0.0018936  0.0003093
 0.0016846  0.0003883
 0.0015151  0.0005896
 0.0013255  0.0005740
 0.0012370  0.0006108
 0.0011427  0.0003690
 0.0012896  0.0005248
 0.0013662  0.0006502
 0.0012599  0.0007520
 0.0011043  0.0010429
 0.0011552  0.0012272
 0.0010957  0.0013129
 0.0012538  0.0015773
 0.0014003  0.0016552
 0.0017768  0.0017521
 0.0019010  0.0018453
 0.0021098  0.0018241
 0.0022001  0.0017863
 0.0021619  0.0017976
 0.0021640  0.0019651
 0.0020733  0.0020796
 0.0017900  0.0022297
 0.0015634  0.0022207
 0.0013220  0.0024759
 0.0010190  0.0026384
 0.0004997  0.0026233
 0.0001409  0.0027301
-0.0002441  0.0027053
-0.0003980  0.0025973
-0.0006333  0.0025782
-0.0007537  0.0027053
-0.0008085  0.0024423
-0.0009688  0.0025403
-0.0010183  0.0024680
-0.0012340  0.0022111
-0.0013527  0.0020138
-0.0014412  0.0019414
-0.0016365  0.0018536
-0.0017076  0.0016355
-0.0018100  0.0016209
-0.0019295  0.0014101
-0.0021941  0.0015896
-0.0022218  0.0015336
-0.0023806  0.0016076
-0.0022971  0.0017904
-0.0022886  0.0017885
-0.0022283  0.0018132
-0.0022851  0.0020383
-0.0022626  0.0020400
-0.0024752  0.0020320
-0.0024988  0.0022199
-0.0025824  0.0020392
-0.0026940  0.0021365
-0.0026272  0.0019734
-0.0027876  0.0017608
-0.0026375  0.0018766
-0.0024501  0.0017828
-0.0026198  0.0017411
-0.0025041  0.0017850
-0.0022774  0.0016978
-0.0022569  0.0013797
-0.0023424  0.0012122
-0.0021255  0.0011659
-0.0022179  0.0008025
-0.0024094  0.0008557
-0.0023979  0.0005840
-0.0024334  0.0002977
-0.0023461  0.0000904
-0.0020142 -0.0003134
-0.0018449 -0.0007679
-0.0015671 -0.0009855
-0.0014529 -0.0012019
-0.0012603 -0.0014739
-0.0010612 -0.0015167
-0.0010859 -0.0017285
-0.0009609 -0.0020561
-0.0006757 -0.0019192
-0.0004265 -0.0020120
-0.0002305 -0.0020776
 0.0000987 -0.0018946
 0.0003191 -0.0018594
 0.0002652 -0.0015281
 0.0001070 -0.0013255
 0.0001058 -0.0012065
-0.0002716 -0.0009920
-0.0003219 -0.0007744
-0.0004671 -0.0008836
-0.0003065 -0.0010789
-0.0001440 -0.0013385
-0.0000072 -0.0015348
 0.0003999 -0.0016079
 0.0006629 -0.0015296
 0.0007306 -0.0015180
 0.0010461 -0.0009959
 0.0012284 -0.0006377
 0.0010487 -0.0000975
 0.0008926  0.0003826
 0.0007217  0.0006587
 0.0005145  0.0009658
 0.0002549  0.0011577
 0.0002521  0.0010704
 0.0000819  0.0009843
-0.0001000  0.0009470
-0.0002146  0.0008373
-0.0006004  0.0006035
-0.0007491  0.0005643
-0.0012229  0.0003964
-0.0016415  0.0003508
-0.0017992  0.0006223
-0.0021189  0.0005763
-0.0023681  0.0008391
-0.0025788  0.0010033
-0.0026919  0.0010290
-0.0028735  0.0012259
-0.0028648  0.0013131
-0.0029637  0.0012016
-0.0031023  0.0011116
-0.0030728  0.0010536
-0.0030974  0.0009441
-0.0030335  0.0010252
-0.0030283  0.0008956
-0.0028977  0.0009139
-0.0027965  0.0007593
-0.0026141  0.0007972
-0.0023975  0.0007337
-0.0025833  0.0006073
-0.0024709  0.0005352
-0.0026161  0.0002354
-0.0027485 -0.0000168
-0.0025537 -0.0003684
-0.0024640 -0.0007435
-0.0023774 -0.0008975
-0.0021924 -0.0011439
-0.0021112 -0.0013105
-0.0018717 -0.0013252
-0.0017604 -0.0013420
-0.0016600 -0.0011960
-0.0015476 -0.0009536
-0.0016745 -0.0009741
-0.0016304 -0.0009003
-0.0017113 -0.0007711
-0.0014385 -0.0008098
-0.0013624 -0.0008571
-0.0012173 -0.0008668
-0.0011118 -0.0009794
-0.0009934 -0.0010502
-0.0010702 -0.0011012
-0.0010659 -0.0013542
-0.0011678 -0.0013126
-0.0011817 -0.0015336
-0.0012442 -0.0017226
-0.0009902 -0.0017785
-0.0008224 -0.0018802
-0.0007150 -0.0019835
-0.0005410 -0.0019085
-0.0002765 -0.0018812
-0.0001884 -0.0020532
-0.0000124 -0.0017975
 0.0002116 -0.0015853
 0.0000190 -0.0014179
-0.0000213 -0.0010737
-0.0003067 -0.0008329
-0.0006861 -0.0007359
-0.0008696 -0.0008637
-0.0011028 -0.0009448
-0.0011000 -0.0010741
-0.0010521 -0.0011350
-0.0007762 -0.0012259
-0.0007251 -0.0012867
-0.0003780 -0.0011792
-0.0001330 -0.0010305
-0.0000099 -0.0008305
 0.0001264 -0.0005619
 0.0001451 -0.0005363
 0.0002476 -0.0003794
 0.0002603 -0.0002351
 0.0001262 -0.0000663
 0.0001201  0.0001695
 0.0002935  0.0002325
 0.0002176  0.0003647
 0.0005795  0.0006862
 0.0004894  0.0008622
 0.0005147  0.0010667
 0.0005296  0.0011818
 0.0006645  0.0013327
 0.0007475  0.0013554
 0.0007805  0.0015559
 0.0006849  0.0016131
 0.0005943  0.0013924
 0.0004086  0.0012343
 0.0002844  0.0011090
 0.0001519  0.0007704
-0.0000594  0.0004710
-0.0000246  0.0003308
 0.0000899  0.0001306
 0.0000314  0.0001354
 0.0003000  0.0001241
 0.0003432  0.0003490
 0.0005687  0.0006647
 0.0007133  0.0007548
 0.0006414  0.0009284
 0.0006455  0.0011873
 0.0006735  0.0009389
 0.0004835  0.0008883
 0.0003182  0.0006357
 0.0001574  0.0004602
-0.0002252  0.0000371
-0.0005090 -0.0001923
-0.0007572 -0.0004568
-0.0009370 -0.0008060
-0.0008437 -0.0011973
-0.0007544 -0.0014900
-0.0005702 -0.0015311
-0.0004461 -0.0014147
-0.0002682 -0.0013682
-0.0002572 -0.0013317
-0.0000437 -0.0012552
-0.0000284 -0.0011550
 0.0001195 -0.0009121
 0.0001920 -0.0007172
 0.0001366 -0.0003890
 0.0001083 -0.0000452
 0.0003383  0.0001307
 0.0001752 -0.0001430
 0.0001645  0.0000884
 0.0004106 -0.0000535
 0.0004267 -0.0002228
 0.0005911 -0.0004553
 0.0007053 -0.0007513
 0.0007160 -0.0010183
 0.0007670 -0.0010735
 0.0010716 -0.0014112
 0.0009726 -0.0015548
 0.0009229 -0.0016200
 0.0010032 -0.0017698
 0.0011072 -0.0017130
 0.0011550 -0.0016670
 0.0011923 -0.0016337
 0.0011389 -0.0014722
 0.0011042 -0.0012614
 0.0010471 -0.0012076
 0.0007977 -0.0011146
 0.0006403 -0.0010057
 0.0005857 -0.0010518
 0.0005526 -0.0009643
 0.0004722 -0.0011219
 0.0005756 -0.0013535
 0.0007736 -0.0014187
 0.0008551 -0.0015434
 0.0007726 -0.0015119
 0.0010543 -0.0017743
 0.0013424 -0.0017073
 0.0013896 -0.0015356
 0.0014183 -0.0014521
 0.0017330 -0.0011436
 0.0017090 -0.0008443
 0.0017856 -0.0005334
 0.0015483 -0.0003475
 0.0015115  0.0000394
 0.0013778  0.0000477
 0.0013626  0.0000649
 0.0012258  0.0002473
 0.0013689  0.0004069
 0.0014523  0.0003960
 0.0014873  0.0002956
 0.0015713  0.0001131
 0.0018519 -0.0000267
 0.0019312 -0.0002809
 0.0020763 -0.0002790
 0.0020766 -0.0004341
 0.0021090 -0.0002929
 0.0020068 -0.0002544
 0.0020025 -0.0000625
 0.0018471  0.0000677
 0.0018056  0.0001095
 0.0016616  0.0001570
 0.0015647  0.0001442
 0.0016150  0.0001319
 0.0013689 -0.0000619
 0.0010723 -0.0001192
 0.0010117 -0.0001419
 0.0009554 -0.0005293
 0.0010398 -0.0005208
 0.0008398 -0.0005730
 0.0006141 -0.0007071
 0.0005264 -0.0005571
 0.0003114 -0.0006080
 0.0000582 -0.0006201
-0.0001217 -0.0005710
-0.0002446 -0.0005382
-0.0003859 -0.0005835
-0.0003908 -0.0007205
-0.0002666 -0.0006423
-0.0003779 -0.0005592
-0.0003049 -0.0003837
-0.0003079 -0.0003577
-0.0004123 -0.0001397
-0.0000943  0.0001289
-0.0001295  0.0001660
-0.0000868  0.0001018
 0.0000809  0.0001831
 0.0001601  0.0000221
 0.0002190 -0.0000323
 0.0003888 -0.0000965
 0.0005717 -0.0002919
 0.0004916 -0.0005205
 0.0007070 -0.0005680
 0.0007579 -0.0007966
 0.0007607 -0.0008618
 0.0009266 -0.0011068
 0.0009528 -0.0012416
 0.0010158 -0.0013605
 0.0011640 -0.0014982
 0.0012066 -0.0015610
 0.0014412 -0.0013023
 0.0012685 -0.0013240
 0.0014364 -0.0011111
 0.0012778 -0.0007020
 0.0011291 -0.0004055
 0.0009423 -0.0001505
 0.0007024  0.0002363
 0.0006246  0.0002921
 0.0002868  0.0001971
 0.0004379  0.0001873
 0.0003925  0.0001216
 0.0004093 -0.0000126
 0.0005460 -0.0001122
 0.0005126 -0.0003819
 0.0006409 -0.0005400
 0.0006499 -0.0007522
 0.0006231 -0.0008360
 0.0006710 -0.0009154
 0.0006037 -0.0011576
 0.0005273 -0.0011836
 0.0004460 -0.0013948
 0.0005820 -0.0013579
 0.0004184 -0.0014061
 0.0006452 -0.0011113
 0.0007119 -0.0008946
 0.0006335 -0.0004862
 0.0005637 -0.0000001
 0.0003431  0.0004658
 0.0001035  0.0007971
-0.0000663  0.0010097
-0.0004217  0.0012194
-0.0006043  0.0012678
-0.0007634  0.0013316
-0.0009808  0.0014501
-0.0011332  0.0012929
-0.0011566  0.0013468
-0.0011970  0.0013842
-0.0011380  0.0013915
-0.0012874  0.0011844
-0.0010528  0.0011017
-0.0009808  0.0012439
-0.0011534  0.0011492
-0.0012282  0.0013289
-0.0013805  0.0012228
-0.0017061  0.0011947
-0.0017762  0.0011753
-0.0018656  0.0009408
-0.0018257  0.0011013
-0.0016883  0.0010418
-0.0017299  0.0011502
-0.0017189  0.0015450
-0.0017499  0.0018151
-0.0016443  0.0020469
-0.0015727  0.0023018
-0.0015283  0.0023125
-0.0015467  0.0024900
-0.0015274  0.0022946
-0.0014633  0.0021410
-0.0016651  0.0017620
-0.0017122  0.0015648
-0.0019005  0.0012772
-0.0019277  0.0010794
-0.0019340  0.0009285
-0.0019754  0.0009448
-0.0019518  0.0008972
-0.0017912  0.0010235
-0.0016905  0.0010162
-0.0014504  0.0010553
-0.0013610  0.0008895
-0.0010684  0.0008937
-0.0009298  0.0009077
-0.0006293  0.0007238
-0.0003425  0.0008418
-0.0001675  0.0009658
 0.0000719  0.0009467
 0.0003729  0.0007579
 0.0006744  0.0008832
 0.0008761  0.0006715
 0.0011242  0.0005077
 0.0014331  0.0005037
 0.0013640  0.0004321
 0.0014199  0.0005282
 0.0013689  0.0005719
 0.0013066  0.0007057
 0.0010416  0.0007903
 0.0011508  0.0009953
 0.0011953  0.0010698
 0.0013135  0.0011994
 0.0014525  0.0014667
 0.0016139  0.0014705
 0.0016869  0.0016911
 0.0019768  0.0019219
 0.0020216  0.0019895
 0.0022431  0.0020987
 0.0022677  0.0022288
 0.0023548  0.0024159
 0.0024292  0.0025247
 0.0026628  0.0025902
 0.0027240  0.0024408
 0.0025331  0.0023135
 0.0024177  0.0020423
 0.0023906  0.0017617
 0.0022713  0.0014579
 0.0023293  0.0012600
 0.0023296  0.0009178
 0.0023068  0.0009973
 0.0023260  0.0009193
 0.0023021  0.0009950
 0.0022351  0.0011774
 0.0021022  0.0013699
 0.0019923  0.0015551
 0.0017455  0.0015217
 0.0014955  0.0014788
 0.0013671  0.0014876
 0.0012253  0.0016763
 0.0011383  0.0014937
 0.0009393  0.0014810
 0.0007066  0.0016988
 0.0006619  0.0016158
 0.0005744  0.0014707
 0.0003475  0.0012888
 0.0003896  0.0012983
 0.0002702  0.0010074
 0.0003383  0.0009103
 0.0005683  0.0008649
 0.0004918  0.0007825
 0.0005801  0.0008699
 0.0005326  0.0009484
 0.0006224  0.0009415
 0.0005471  0.0009391
 0.0003655  0.0009849
 0.0002177  0.0009355
-0.0000258  0.0009313
-0.0003205  0.0009379
-0.0005945  0.0006988
-0.0010451  0.0005040
-0.0010522  0.0004654
-0.0011803  0.0002987
-0.0012428  0.0002731
-0.0014359  0.0002571
-0.0015255  0.0002463
-0.0016548  0.0003249
-0.0017645  0.0001702
-0.0018876 -0.0000266
-0.0017774  0.0001033
-0.0015212 -0.0001127
-0.0015872  0.0000933
-0.0014780  0.0000166
-0.0015754 -0.0000632
-0.0016613 -0.0000584
-0.0015940 -0.0001144
-0.0015118 -0.0003393
-0.0013108 -0.0004757
-0.0010916 -0.0004824
-0.0008715 -0.0004678
-0.0006203 -0.0003526
-0.0004099 -0.0002975
-0.0005500 -0.0003715
-0.0005357 -0.0004679
-0.0006064 -0.0007602
-0.0004724 -0.0009544
-0.0003753 -0.0011309
-0.0003769 -0.0013754
-0.0002647 -0.0016705
 0.0001533 -0.0017995
 0.0004659 -0.0018203
 0.0006466 -0.0015322
 0.0010394 -0.0012989
 0.0012846 -0.0008949
 0.0013961 -0.0005160
 0.0014588 -0.0001719
 0.0016615 -0.0000211
 0.0017771  0.0002681
 0.0020032  0.0005716
 0.0020094  0.0009607
 0.0021311  0.0011650
 0.0019203  0.0014457
 0.0017614  0.0015065
 0.0016383  0.0014305
 0.0017299  0.0012939
 0.0015521  0.0012172
 0.0017115  0.0009442
 0.0018576  0.0009178
 0.0018236  0.0010804
 0.0019535  0.0012221
 0.0019658  0.0011160
 0.0019987  0.0014011
 0.0020467  0.0016428
 0.0020071  0.0019547
 0.0020052  0.0019978
 0.0019432  0.0020436
 0.0019999  0.0020588
 0.0022155  0.0022393
 0.0023587  0.0022232
 0.0023967  0.0022529
 0.0024566  0.0023297
 0.0023553  0.0026084
 0.0021118  0.0026704
 0.0018420  0.0028981
 0.0015717  0.0029979
 0.0013510  0.0030051
 0.0011788  0.0031757
 0.0009231  0.0030427
 0.0010285  0.0030920
 0.0008980  0.0030203
 0.0008628  0.0029426
 0.0006971  0.0028889
 0.0006433  0.0025137
 0.0005259  0.0023620
 0.0004666  0.0020102
 0.0003335  0.0017959
 0.0003558  0.0015036
 0.0002825  0.0012104
 0.0002973  0.0011965
 0.0002147  0.0011317
 0.0001778  0.0011415
-0.0000136  0.0010179
-0.0000528  0.0008279
-0.0004174  0.0005487
-0.0005793  0.0003948
-0.0006866  0.0000848
-0.0008075 -0.0003765
-0.0005023 -0.0006073
-0.0000762 -0.0008757
 0.0002394 -0.0010205
 0.0005281 -0.0008969
 0.0008594 -0.0011143
 0.0007601 -0.0012455
 0.0007847 -0.0012486
 0.0007910 -0.0013452
 0.0005723 -0.0013241
 0.0004193 -0.0014738
 0.0003129 -0.0015847
 0.0002569 -0.0019742
 0.0003472 -0.0024016
 0.0006909 -0.0026107
 0.0009925 -0.0028219
 0.0011938 -0.0028780
 0.0015562 -0.0029487
 0.0017369 -0.0027785
 0.0018085 -0.0027645
 0.0017126 -0.0024653
 0.0018296 -0.0022142
 0.0016275 -0.0022070
 0.0016591 -0.0021516
 0.0014276 -0.0022181
 0.0014023 -0.0022465
 0.0012585 -0.0023713
 0.0013543 -0.0025738
 0.0015379 -0.0027699
 0.0018535 -0.0029247
 0.0021385 -0.0028147
 0.0024224 -0.0026313
 0.0026824 -0.0024068
 0.0028189 -0.0020725
 0.0027330 -0.0016346
 0.0027232 -0.0011308
 0.0025901 -0.0007235
 0.0023652 -0.0003834
 0.0022794 -0.0000787
 0.0019689 -0.0000601
 0.0017764  0.0001120
 0.0016988 -0.0000051
 0.0016014 -0.0000223
 0.0015348 -0.0001194
 0.0015218 -0.0001347
 0.0015286 -0.0002265
 0.0016010 -0.0001299
 0.0016640  0.0000088
 0.0017050  0.0001953
 0.0018471  0.0003111
 0.0017828  0.0005278
 0.0016733  0.0006739
 0.0017162  0.0010266
 0.0014193  0.0013591
 0.0011247  0.0016110
 0.0007002  0.0016963
 0.0003629  0.0019061
-0.0002222  0.0017946
-0.0007570  0.0018860
-0.0013142  0.0015982
-0.0016731  0.0014611
-0.0019177  0.0011777
-0.0020405  0.0009557
-0.0019051  0.0008024
-0.0017761  0.0007945
-0.0015661  0.0009616
-0.0012547  0.0010196
-0.0010253  0.0010637
-0.0006758  0.0010827
-0.0003164  0.0010381
-0.0001794  0.0010488
 0.0000768  0.0010968
 0.0002144  0.0010161
 0.0002945  0.0009552
 0.0003373  0.0008020
 0.0004662  0.0008836
 0.0005813  0.0008960
 0.0007212  0.0009963
 0.0007742  0.0011448
 0.0006139  0.0012466
 0.0005125  0.0014319
 0.0004138  0.0015257
 0.0002879  0.0017301
 0.0002542  0.0016403
 0.0001499  0.0016247
-0.0001125  0.0014804
-0.0000269  0.0009607
-0.0000732  0.0006325
 0.0001308  0.0003271
 0.0003243 -0.0000621
 0.0005637 -0.0001725
 0.0006908 -0.0003777
 0.0005087 -0.0005031
 0.0003904 -0.0004977
 0.0001524 -0.0006968
-0.0001799 -0.0008089
-0.0001510 -0.0008814
-0.0003803 -0.0010437
-0.0004283 -0.0010626
-0.0003185 -0.0010644
-0.0002123 -0.0012573
 0.0001406 -0.0014922
 0.0005999 -0.0014678
 0.0008518 -0.0017451
 0.0009193 -0.0015146
 0.0012120 -0.0013420
 0.0013333 -0.0011399
 0.0013664 -0.0006661
 0.0012032 -0.0005596
 0.0010462 -0.0003965
 0.0010711 -0.0004517
 0.0010162 -0.0002545
 0.0012176 -0.0002921
 0.0012713 -0.0002932
 0.0012439 -0.0000610
 0.0012776  0.0000110
 0.0011284  0.0001870
 0.0009471  0.0003612
 0.0007588  0.0003360
 0.0005686  0.0003965
 0.0005141  0.0003680
 0.0003883  0.0003122
 0.0002800  0.0002225
 0.0002438 -0.0000935
 0.0003744 -0.0003197
 0.0002153 -0.0006106
 0.0003117 -0.0007886
 0.0005459 -0.0010566
 0.0004924 -0.0012055
 0.0006136 -0.0012521
 0.0006494 -0.0013139
 0.0008128 -0.0012752
 0.0007840 -0.0012424
 0.0008796 -0.0011001
 0.0009861 -0.0010796
 0.0012361 -0.0010468
 0.0011275 -0.0009747
 0.0013149 -0.0005770
 0.0011331 -0.0005726
 0.0011114 -0.0004402
 0.0009561 -0.0003179
 0.0009419 -0.0004092
 0.0008797 -0.0001405
 0.0008595 -0.0000437
 0.0007333 -0.0000252
 0.0007535  0.0000224
 0.0007801 -0.0000025
 0.0007015 -0.0002284
 0.0007267  0.0000210
 0.0009037  0.0000195
 0.0009182  0.0001755
 0.0011790  0.0002442
 0.0012581  0.0006039
 0.0013305  0.0009273
 0.0013352  0.0011453
 0.0013507  0.0016090
 0.0010947  0.0018005
 0.0009057  0.0021397
 0.0005206  0.0023805
 0.0000453  0.0025166
-0.0004268  0.0023640
-0.0008160  0.0021942
-0.0010971  0.0016866
-0.0013613  0.0013765
-0.0013413  0.0007704
-0.0011839  0.0003239
-0.0009872 -0.0000621
-0.0008686 -0.0004574
-0.0006029 -0.0008144
-0.0002823 -0.0009049
-0.0001590 -0.0012336
 0.0002375 -0.0012737
 0.0005157 -0.0012005
 0.0005573 -0.0014289
 0.0007049 -0.0015861
 0.0008084 -0.0015702
 0.0009116 -0.0016961
 0.0009117 -0.0018162
 0.0011846 -0.0018046
 0.0009768 -0.0017430
 0.0011383 -0.0017152
 0.0011524 -0.0016479
 0.0011260 -0.0016030
 0.0011715 -0.0013634
 0.0012607 -0.0013020
 0.0010527 -0.0012289
 0.0010166 -0.0011327
 0.0010205 -0.0011059
 0.0009619 -0.0012096
 0.0008444 -0.0011816
 0.0009210 -0.0012641
 0.0008177 -0.0014008
 0.0007705 -0.0014507
 0.0006968 -0.0014308
 0.0006468 -0.0015910
 0.0005183 -0.0012480
 0.0004536 -0.0014807
 0.0004067 -0.0012334
 0.0003254 -0.0011069
 0.0002531 -0.0008996
 0.0001337 -0.0008463
-0.0000700 -0.0009270
-0.0001479 -0.0009788
-0.0003248 -0.0010947
-0.0002914 -0.0011678
-0.0002703 -0.0013282
-0.0001063 -0.0012670
 0.0003147 -0.0011467
 0.0005239 -0.0007840
 0.0005698 -0.0002268
 0.0008043  0.0001794
 0.0007232  0.0006332
 0.0007408  0.0009865
 0.0008076  0.0010674
 0.0009687  0.0008714
 0.0008957  0.0007986
 0.0010623  0.0006851
 0.0010593  0.0004937
 0.0010641  0.0003001
 0.0011020  0.0003969
 0.0009588  0.0004564
 0.0008711  0.0005745
 0.0005543  0.0007566
 0.0004356  0.0010179
-0.0000675  0.0013343
-0.0001229  0.0017347
-0.0003552  0.0020788
-0.0006690  0.0020605
-0.0006658  0.0021254
-0.0006285  0.0019293
-0.0006608  0.0017830
-0.0006346  0.0014304
-0.0006769  0.0009842
-0.0005624  0.0008055
-0.0006107  0.0005496
-0.0003672  0.0000393
-0.0002770 -0.0000694
-0.0001506 -0.0003768
-0.0001199 -0.0002093
 0.0000859 -0.0001977
-0.0000068  0.0000104
 0.0000844  0.0001417
-0.0002407  0.0002312
-0.0005334  0.0001449
-0.0006331  0.0000006
-0.0008902 -0.0002625
-0.0009759 -0.0005576
-0.0009385 -0.0008933
-0.0010345 -0.0010027
-0.0007920 -0.0012789
-0.0008707 -0.0012840
-0.0008106 -0.0013177
-0.0008066 -0.0010742
-0.0007303 -0.0008225
-0.0008492 -0.0007407
-0.0009776 -0.0005613
-0.0010683 -0.0005769
-0.0012258 -0.0006689
-0.0014691 -0.0008419
-0.0015969 -0.0011635
-0.0015047 -0.0016341
-0.0014262 -0.0020217
-0.0012759 -0.0022260
-0.0009482 -0.0024667
-0.0007124 -0.0025484
-0.0005335 -0.0026536
-0.0002177 -0.0027934
 0.0003417 -0.0024989
 0.0007821 -0.0026650
 0.0010717 -0.0027497
 0.0014057 -0.0023387
 0.0015672 -0.0021419
 0.0018103 -0.0019515
 0.0020161 -0.0016614
 0.0022917 -0.0014178
 0.0027424 -0.0011118
 0.0029601 -0.0007430
 0.0032221 -0.0003883
 0.0034675 -0.0001812
 0.0034365  0.0001618
 0.0034213  0.0005193
 0.0033801  0.0007332
 0.0031844  0.0009761
 0.0028775  0.0009097
 0.0025339  0.0011185
 0.0024310  0.0008689
 0.0022163  0.0008016
 0.0023820  0.0007464
 0.0023866  0.0006530
 0.0023348  0.0008613
 0.0022683  0.0010340
 0.0023737  0.0012466
 0.0022797  0.0011232
 0.0021708  0.0012197
 0.0022330  0.0014697
 0.0021874  0.0014704
 0.0022274  0.0015312
 0.0021887  0.0016397
 0.0019213  0.0019187
 0.0016986  0.0018427
 0.0013008  0.0019344
 0.0009387  0.0018794
 0.0006737  0.0017954
 0.0006053  0.0018498
 0.0003854  0.0020002
 0.0003251  0.0020328
 0.0002909  0.0021300
 0.0003798  0.0022460
 0.0003871  0.0021943
 0.0003293  0.0018790
 0.0004445  0.0019269
 0.0004843  0.0015651
 0.0004735  0.0016997
 0.0005569  0.0016297
 0.0003711  0.0016161
 0.0004742  0.0016687
 0.0004098  0.0018730
 0.0002921  0.0019637
 0.0001876  0.0019691
 0.0000819  0.0020330
-0.0001150  0.0020842
-0.0003903  0.0019205
-0.0007468  0.0017522
-0.0011706  0.0014314
-0.0014138  0.0011533
-0.0018277  0.0007076
-0.0021978  0.0001603
-0.0023171 -0.0002764
-0.0020501 -0.0004575
-0.0020705 -0.0006925
-0.0019069 -0.0006154
-0.0017162 -0.0007014
-0.0016338 -0.0006357
-0.0015760 -0.0010787
-0.0015917 -0.0013046
-0.0016782 -0.0016769
-0.0014799 -0.0020510
-0.0012655 -0.0024546
-0.0010105 -0.0028466
-0.0006677 -0.0029257
-0.0006228 -0.0031341
-0.0002452 -0.0031922
-0.0002223 -0.0031639
-0.0000954 -0.0031068
-0.0001109 -0.0028687
 0.0000545 -0.0026758
-0.0000434 -0.0026906
-0.0001434 -0.0027656
-0.0002173 -0.0027600
-0.0001270 -0.0028869
 0.0000461 -0.0028047
 0.0003178 -0.0028612
 0.0003949 -0.0028637
 0.0006542 -0.0027239
 0.0007613 -0.0027224
 0.0008275 -0.0027041
 0.0010604 -0.0023650
 0.0012206 -0.0023569
 0.0013431 -0.0019737
 0.0014885 -0.0015179
 0.0016602 -0.0012061
 0.0017187 -0.0007786
 0.0017991 -0.0002727
 0.0015669  0.0000202
 0.0011776  0.0002449
 0.0010287  0.0003928
 0.0007026  0.0004765
 0.0003759  0.0005381
 0.0002025  0.0005169
 0.0001183  0.0002817
 0.0003795  0.0003566
 0.0004042  0.0004235
 0.0004797  0.0005645
 0.0007126  0.0009453
 0.0008477  0.0010822
 0.0008356  0.0013613
 0.0010772  0.0016034
 0.0010568  0.0017980
 0.0012404  0.0018493
 0.0013318  0.0020504
 0.0011974  0.0023471
 0.0012304  0.0025245
 0.0010811  0.0028104
 0.0009105  0.0028649
 0.0006384  0.0028581
 0.0006623  0.0029696
 0.0006147  0.0031299
 0.0005373  0.0032202
 0.0004352  0.0032515
 0.0001784  0.0035232
-0.0002398  0.0035506
-0.0004583  0.0036514
-0.0008045  0.0035865
-0.0010635  0.0034317
-0.0011614  0.0030485
-0.0013470  0.0026290
-0.0013951  0.0023462
-0.0012787  0.0019433
-0.0014325  0.0017609
-0.0014234  0.0018745
-0.0013884  0.0015196
-0.0016286  0.0013609
-0.0016287  0.0012621
-0.0015562  0.0009139
-0.0015355  0.0007754
-0.0015675  0.0005332
-0.0015705  0.0003809
-0.0016315  0.0002502
-0.0016178  0.0001573
-0.0014880 -0.0001039
-0.0015459 -0.0001635
-0.0012961 -0.0000458
-0.0010815 -0.0001560
-0.0009376 -0.0000833
-0.0007423 -0.0000835
-0.0006140 -0.0001914
-0.0005327 -0.0001377
-0.0004802 -0.0002679
-0.0004237 -0.0006827
-0.0003982 -0.0008795
-0.0002831 -0.0013067
-0.0001732 -0.0015396
-0.0001641 -0.0018116
-0.0000582 -0.0019217
 0.0000644 -0.0023025
 0.0001254 -0.0022510
-0.0000107 -0.0022662
 0.0000504 -0.0023413
-0.0000353 -0.0023921
-0.0000794 -0.0023586
-0.0001883 -0.0023187
-0.0001482 -0.0020857
-0.0001904 -0.0019215
-0.0001455 -0.0016738
-0.0002025 -0.0014445
-0.0002786 -0.0011664
-0.0002585 -0.0012799
-0.0000901 -0.0013471
 0.0000841 -0.0013226
 0.0005588 -0.0013904
 0.0012597 -0.0012316
 0.0016753 -0.0010423
 0.0021706 -0.0007128
 0.0025661 -0.0004742
 0.0029308 -0.0001530
 0.0029189  0.0001762
 0.0030491  0.0005027
 0.0030818  0.0007637
 0.0028264  0.0007636
 0.0028641  0.0008824
 0.0027135  0.0007842
 0.0025221  0.0007634
 0.0025309  0.0008466
 0.0024822  0.0006480
 0.0023094  0.0007472
 0.0022993  0.0007403
 0.0020506  0.0007803
 0.0018018  0.0007839
 0.0014319  0.0006903
 0.0011932  0.0007045
 0.0009967  0.0005899
 0.0007247  0.0007550
 0.0005577  0.0008035
 0.0002915  0.0009160
 0.0001203  0.0011861
 0.0000928  0.0010687
-0.0003007  0.0012472
-0.0002846  0.0010536
-0.0002574  0.0009124
-0.0002292  0.0008579
-0.0002267  0.0006702
-0.0001467  0.0004949
-0.0002870  0.0005871
-0.0002319  0.0004530
-0.0005239  0.0004007
-0.0006340  0.0003148
-0.0007817  0.0003635
-0.0009428  0.0002191
-0.0011004  0.0003484
-0.0013192  0.0002424
-0.0014987  0.0001750
-0.0015887  0.0000310
-0.0019568 -0.0002803
-0.0022192 -0.0005671
-0.0021464 -0.0007509
-0.0022278 -0.0011332
-0.0025181 -0.0010506
-0.0025316 -0.0009744
-0.0025637 -0.0009666
-0.0027085 -0.0008170
-0.0028706 -0.0006678
-0.0030840 -0.0006991
-0.0030919 -0.0007212
-0.0030342 -0.0006487
-0.0029099 -0.0007721
-0.0028664 -0.0006604
-0.0026681 -0.0006670
-0.0025788 -0.0006123
-0.0024450 -0.0006051
-0.0022278 -0.0005949
-0.0020820 -0.0006953
-0.0016735 -0.0008520
-0.0017117 -0.0008671
-0.0014580 -0.0009466
-0.0013848 -0.0008008
-0.0013772 -0.0007735
-0.0013449 -0.0008981
-0.0011716 -0.0009382
-0.0011059 -0.0008880
-0.0009256 -0.0009954
-0.0007165 -0.0010513
-0.0004939 -0.0010033
-0.0003131 -0.0006897
-0.0002754 -0.0006391
-0.0001668 -0.0003462
-0.0003090 -0.0001783
-0.0001675  0.0002194
-0.0003793  0.0002771
-0.0003297  0.0002995
-0.0001966  0.0003574
-0.0001985  0.0000428
-0.0001457 -0.0000820
-0.0000890 -0.0002189
-0.0001602 -0.0002519
-0.0002253 -0.0001081
-0.0002687 -0.0000515
-0.0001925  0.0002163
-0.0000589  0.0002599
 0.0002274  0.0004436
 0.0003416  0.0005958
 0.0006032  0.0007501
 0.0007620  0.0010468
 0.0009977  0.0010415
 0.0009806  0.0013346
 0.0011294  0.0016353
 0.0009591  0.0017497
 0.0007541  0.0019457
 0.0006181  0.0019835
 0.0004727  0.0017639
 0.0003705  0.0017547
 0.0005716  0.0015441
 0.0003850  0.0016705
 0.0003040  0.0013255
 0.0001937  0.0013252
 0.0001267  0.0013154
-0.0000259  0.0012750
-0.0001783  0.0012835
-0.0002304  0.0012888
-0.0002291  0.0014070
-0.0002964  0.0014932
-0.0002376  0.0017542
-0.0003892  0.0020541
-0.0005711  0.0020846
-0.0008352  0.0022561
-0.0011294  0.0023815
-0.0013399  0.0024790
-0.0016683  0.0022532
-0.0016245  0.0022820
-0.0016003  0.0021205
-0.0015569  0.0019565
-0.0014706  0.0021115
-0.0014468  0.0018439
-0.0013869  0.0017715
-0.0012869  0.0017018
-0.0012192  0.0015177
-0.0010657  0.0018428
-0.0011662  0.0018923
-0.0012889  0.0020059
-0.0013276  0.0020536
-0.0016590  0.0020341
-0.0021733  0.0018855
-0.0022789  0.0018766
-0.0024503  0.0016622
-0.0026606  0.0014959
-0.0024952  0.0013624
-0.0021399  0.0009055
-0.0018088  0.0009114
-0.0015796  0.0008328
-0.0011938  0.0006967
-0.0011248  0.0008599
-0.0010960  0.0008633
-0.0009649  0.0009010
-0.0010562  0.0009681
-0.0009413  0.0007401
-0.0007399  0.0006205
-0.0006545  0.0004070
-0.0003201  0.0003171
-0.0003115  0.0000939
-0.0001525  0.0001083
-0.0001897  0.0001622
-0.0000504  0.0001381
-0.0000309  0.0003816
 0.0001322  0.0003032
 0.0002503  0.0003652
 0.0004022  0.0005884
 0.0004598  0.0008081
 0.0004228  0.0009507
 0.0005089  0.0012459
 0.0006266  0.0015552
 0.0005540  0.0017393
 0.0006630  0.0020515
 0.0009664  0.0020489
 0.0011264  0.0022895
 0.0014219  0.0024923
 0.0015173  0.0024791
 0.0015633  0.0028566
 0.0014082  0.0030368
 0.0011714  0.0032862
 0.0008433  0.0033248
 0.0004598  0.0032352
 0.0002637  0.0030358
 0.0000441  0.0027772
 0.0001293  0.0025070
 0.0000078  0.0022698
 0.0002343  0.0021569
 0.0002645  0.0023008
 0.0002609  0.0021672
 0.0001118  0.0023559
 0.0000226  0.0025731
-0.0003200  0.0025997
-0.0003591  0.0025778
-0.0004386  0.0025335
-0.0005589  0.0023098
-0.0006072  0.0022260
-0.0005242  0.0023888
-0.0004894  0.0023442
-0.0003914  0.0024280
-0.0005198  0.0023467
-0.0005491  0.0021868
-0.0006659  0.0021691
-0.0008087  0.0017644
-0.0009838  0.0015619
-0.0010137  0.0012634
-0.0010862  0.0010697
-0.0012212  0.0009082
-0.0012071  0.0007534
-0.0011049  0.0006705
-0.0010480  0.0004667
-0.0010960  0.0003007
-0.0011262 -0.0000789
-0.0010145 -0.0004828
-0.0010376 -0.0007892
-0.0009184 -0.0015089
-0.0008478 -0.0017483
-0.0005366 -0.0021358
-0.0002002 -0.0021886
-0.0000789 -0.0022130
 0.0001957 -0.0022449
 0.0002299 -0.0020908
 0.0003907 -0.0018104
 0.0004671 -0.0017576
 0.0002457 -0.0015461
 0.0000566 -0.0014385
-0.0002757 -0.0013327
-0.0006305 -0.0013834
-0.0008033 -0.0015364
-0.0008673 -0.0017981
-0.0009078 -0.0021518
-0.0009283 -0.0023246
-0.0007115 -0.0027397
-0.0003666 -0.0027781
-0.0000311 -0.0026824
 0.0001785 -0.0029134
 0.0003478 -0.0027493
 0.0005044 -0.0026801
 0.0006486 -0.0026135
 0.0005603 -0.0026824
 0.0004569 -0.0027585
 0.0004494 -0.0028859
 0.0002638 -0.0030148
 0.0001633 -0.0029173
 0.0000891 -0.0031738
 0.0001257 -0.0030817
 0.0001821 -0.0031496
 0.0001831 -0.0032365
 0.0004853 -0.0032138
 0.0008188 -0.0029692
 0.0008789 -0.0025931
 0.0008899 -0.0022425
 0.0008925 -0.0017423
 0.0008836 -0.0014818
 0.0007257 -0.0012467
 0.0004806 -0.0010348
 0.0001257 -0.0009603
 0.0002477 -0.0008976
 0.0000312 -0.0006145
-0.0001169 -0.0004836
-0.0002711 -0.0003468
-0.0002945 -0.0001976
-0.0003714 -0.0001166
-0.0003015  0.0000412
-0.0002924  0.0000315
-0.0000664  0.0000501
 0.0000246  0.0001964
 0.0000680  0.0002392
 0.0000652  0.0002918
-0.0001089  0.0006755
-0.0003357  0.0005758
-0.0004497  0.0010216
-0.0005923  0.0010849
-0.0005900  0.0010461
-0.0006565  0.0011583
-0.0006231  0.0012508
-0.0005164  0.0012050
-0.0005873  0.0013911
-0.0005391  0.0017163
-0.0005744  0.0019570
-0.0007207  0.0023181
-0.0009398  0.0025101
-0.0011248  0.0024446
-0.0014833  0.0025227
-0.0015937  0.0023649
-0.0017459  0.0020619
-0.0018563  0.0020308
-0.0016249  0.0018060
-0.0015968  0.0017767
-0.0014688  0.0016655
-0.0012609  0.0014154
-0.0014289  0.0014563
-0.0014008  0.0012924
-0.0013584  0.0011344
-0.0016589  0.0010695
-0.0016599  0.0009901
-0.0015706  0.0009753
-0.0016442  0.0010589
-0.0018507  0.0010950
-0.0020754  0.0009126
-0.0021318  0.0006524
-0.0022747  0.0004020
-0.0022096 -0.0001085
-0.0021233 -0.0002870
-0.0018504 -0.0005901
-0.0015840 -0.0005716
-0.0013519 -0.0004739
-0.0007474 -0.0001071
-0.0006593  0.0001552
-0.0003980  0.0003511
-0.0001690  0.0006863
-0.0002885  0.0007614
-0.0003040  0.0009591
-0.0002416  0.0009748
-0.0003750  0.0010165
-0.0002472  0.0010789
-0.0001458  0.0009379
-0.0000620  0.0005913
 0.0000145  0.0004001
 0.0002398  0.0001515
 0.0005938 -0.0003076
 0.0009207 -0.0005891
 0.0012220 -0.0007748
 0.0016738 -0.0012962
 0.0019320 -0.0011615
 0.0020928 -0.0012129
 0.0022504 -0.0011820
 0.0022537 -0.0012617
 0.0021042 -0.0012377
 0.0020279 -0.0014136
 0.0019318 -0.0014836
 0.0019956 -0.0015781
 0.0022415 -0.0015490
 0.0021891 -0.0013900
 0.0024122 -0.0011919
 0.0022634 -0.0010991
 0.0023159 -0.0006919
 0.0021336 -0.0005219
 0.0020352 -0.0005392
 0.0017710 -0.0005303
 0.0017757 -0.0005914
 0.0017419 -0.0006096
 0.0016614 -0.0005872
 0.0016380 -0.0006051
 0.0015956 -0.0004502
 0.0014847 -0.0002738
 0.0015103 -0.0003069
 0.0013581 -0.0002780
 0.0012685 -0.0001658
 0.0012672 -0.0001836
 0.0012923 -0.0001526
 0.0013884  0.0001242
 0.0013760  0.0002059
 0.0013863  0.0005162
 0.0013181  0.0007143
 0.0010306  0.0009878
 0.0010269  0.0010938
 0.0010280  0.0009821
 0.0009011  0.0009134
 0.0006241  0.0007000
 0.0006394  0.0004980
 0.0005322  0.0004386
 0.0005979  0.0004335
 0.0007031  0.0004168
 0.0007345  0.0002682
 0.0008097  0.0002385
 0.0006778  0.0000751
 0.0004912  0.0001925
 0.0005284  0.0000909
 0.0003148  0.0000230
-0.0000513  0.0002478
-0.0001790  0.0002623
-0.0003106  0.0003761
-0.0005288  0.0002437
-0.0006636  0.0001069
-0.0008095 -0.0001850
-0.0010006 -0.0004279
-0.0011732 -0.0004668
-0.0013054 -0.0006440
-0.0015691 -0.0005691
-0.0017369 -0.0003600
-0.0019524 -0.0001216
-0.0021255  0.0001330
-0.0023559  0.0005480
-0.0023571  0.0008475
-0.0025307  0.0008918
-0.0026027  0.0008383
-0.0024642  0.0006001
-0.0025883  0.0004855
-0.0025592  0.0003764
-0.0025627  0.0000531
-0.0027285 -0.0001191
-0.0027184 -0.0002814
-0.0026361 -0.0004623
-0.0026350 -0.0004353
-0.0023312 -0.0003940
-0.0019553 -0.0004543
-0.0019103 -0.0002229
-0.0017392 -0.0002328
-0.0017194 -0.0000108
-0.0018012  0.0000436
-0.0018045  0.0000299
-0.0016771 -0.0002340
-0.0017098 -0.0004213
-0.0014349 -0.0008688
-0.0010255 -0.0012071
-0.0007748 -0.0013253
-0.0002912 -0.0013845
 0.0000760 -0.0013518
 0.0001951 -0.0011009
 0.0005502 -0.0007144
 0.0007444 -0.0005623
 0.0009795 -0.0003514
 0.0012834  0.0001336
 0.0015546  0.0003435
 0.0019378  0.0006187
 0.0019565  0.0008548
 0.0019049  0.0012146
 0.0019068  0.0012321
 0.0017580  0.0010715
 0.0017496  0.0009224
 0.0017860  0.0007168
 0.0018065  0.0004523
 0.0016999  0.0002890
 0.0017781  0.0001836
 0.0017113  0.0000778
 0.0018285  0.0001453
 0.0020031  0.0003198
 0.0021355  0.0003258
 0.0020766  0.0005087
 0.0019474  0.0008706
 0.0018415  0.0009613
 0.0017043  0.0011165
 0.0017055  0.0011441
 0.0017062  0.0009187
 0.0014771  0.0009143
 0.0015071  0.0009059
 0.0013311  0.0007022
 0.0012063  0.0006705
 0.0012587  0.0007427
 0.0010895  0.0007575
 0.0008132  0.0009927
 0.0008480  0.0011682
 0.0006728  0.0012627
 0.0002615  0.0016965
 0.0000780  0.0014944
-0.0004333  0.0017631
-0.0007989  0.0017157
-0.0012060  0.0014585
-0.0014307  0.0012171
-0.0015828  0.0012383
-0.0015877  0.0009801
-0.0015413  0.0011000
-0.0013605  0.0011028
-0.0012564  0.0012750
-0.0011438  0.0012628
-0.0012578  0.0014385
-0.0013379  0.0012054
-0.0012700  0.0013709
-0.0012543  0.0011471
-0.0013050  0.0008413
-0.0015366  0.0006153
-0.0016918  0.0003011
-0.0018746 -0.0000383
-0.0020291 -0.0004640
-0.0021083 -0.0008183
-0.0022361 -0.0010827
-0.0021143 -0.0011474
-0.0020786 -0.0013695
-0.0019519 -0.0013421
-0.0018572 -0.0011688
-0.0016255 -0.0012308
-0.0014574 -0.0014250
-0.0011723 -0.0013309
-0.0007573 -0.0011940
-0.0004357 -0.0011976
-0.0004765 -0.0011081
-0.0003329 -0.0011365
-0.0003396 -0.0011722
-0.0006069 -0.0011196
-0.0006557 -0.0009970
-0.0007768 -0.0010700
-0.0009185 -0.0009529
-0.0007271 -0.0011843
-0.0006471 -0.0012921
-0.0004289 -0.0013855
-0.0002380 -0.0013643
-0.0000292 -0.0013847
 0.0002529 -0.0012604
 0.0005260 -0.0012617
 0.0007592 -0.0009904
 0.0007346 -0.0007582
 0.0007573 -0.0005697
 0.0006927 -0.0006505
 0.0007795 -0.0005185
 0.0005437 -0.0005716
 0.0006343 -0.0006015
 0.0007375 -0.0004648
 0.0009233 -0.0004878
 0.0008889 -0.0003689
 0.0009538 -0.0004615
 0.0008582 -0.0005997
 0.0006975 -0.0007643
 0.0007284 -0.0012666
 0.0005646 -0.0015628
 0.0005109 -0.0018686
 0.0003995 -0.0020675
 0.0003890 -0.0022736
 0.0004546 -0.0021866
 0.0005281 -0.0023510
 0.0006894 -0.0021056
 0.0007755 -0.0018622
 0.0010531 -0.0017097
 0.0010561 -0.0013750
 0.0011192 -0.0011503
 0.0010830 -0.0008716
 0.0008545 -0.0003844
 0.0005353 -0.0001958
 0.0003220 -0.0000132
 0.0000557  0.0002171
-0.0000108  0.0004665
-0.0000517  0.0007025
-0.0000617  0.0010880
-0.0002196  0.0014183
-0.0003942  0.0015973
-0.0003777  0.0015732
-0.0004081  0.0016026
-0.0005284  0.0015679
-0.0005360  0.0014053
-0.0004836  0.0014493
-0.0001862  0.0013825
-0.0002694  0.0013581
-0.0000641  0.0011672
-0.0000939  0.0011858
 0.0001876  0.0010335
 0.0001762  0.0007326
-0.0000098  0.0005142
 0.0001754  0.0001792
 0.0000168 -0.0000346
 0.0001489 -0.0004016
 0.0001259 -0.0005143
 0.0000785 -0.0007337
 0.0002381 -0.0006513
 0.0003799 -0.0005734
 0.0004545 -0.0004558
 0.0003569 -0.0001066
 0.0006658  0.0000184
 0.0006109  0.0002385
 0.0005036  0.0005240
 0.0005844  0.0007345
 0.0005237  0.0007279
 0.0003499  0.0006699
 0.0003299  0.0003915
 0.0003123  0.0000362
 0.0003227 -0.0001275
 0.0006024 -0.0004210
 0.0007577 -0.0007640
 0.0010318 -0.0009836
 0.0010774 -0.0013037
 0.0010131 -0.0012927
 0.0010074 -0.0014949
 0.0008724 -0.0014762
 0.0005918 -0.0013880
 0.0004038 -0.0014613
 0.0001061 -0.0015166
-0.0000230 -0.0016641
 0.0000152 -0.0017360
 0.0003231 -0.0018632
 0.0003995 -0.0017887
 0.0008306 -0.0018380
 0.0011375 -0.0020114
 0.0014334 -0.0017468
 0.0017753 -0.0016048
 0.0019598 -0.0013088
 0.0020522 -0.0010552
 0.0018874 -0.0010587
 0.0018217 -0.0010103
 0.0016486 -0.0009270
 0.0017095 -0.0008460
 0.0016518 -0.0010148
 0.0018232 -0.0011915
 0.0020924 -0.0012901
 0.0022310 -0.0011782
 0.0023536 -0.0009571
 0.0023328 -0.0007183
 0.0021576 -0.0005149
 0.0019627 -0.0002438
 0.0016810 -0.0001895
 0.0016202 -0.0001456
 0.0014999 -0.0000504
 0.0015525  0.0001200
 0.0014832  0.0003849
 0.0013756  0.0007730
 0.0014770  0.0010596
 0.0013702  0.0013671
 0.0011917  0.0015771
 0.0009542  0.0016215
 0.0008765  0.0015941
 0.0008537  0.0013453
 0.0007564  0.0011017
 0.0008198  0.0010902
 0.0008668  0.0009062
 0.0009343  0.0007561
 0.0009051  0.0008066
 0.0009386  0.0007356
 0.0006314  0.0006652
 0.0003764  0.0007071
 0.0001354  0.0006729
-0.0003156  0.0005685
-0.0005442  0.0005808
-0.0005347  0.0002939
-0.0007078 -0.0001343
-0.0006496 -0.0001578
-0.0005712 -0.0002649
-0.0005486 -0.0002839
-0.0005912 -0.0000830
-0.0007491  0.0001891
-0.0008863  0.0001812
-0.0010476  0.0006626
-0.0013882  0.0008379
-0.0018266  0.0006834
-0.0020690  0.0008887
-0.0023192  0.0007597
-0.0025585  0.0004729
-0.0025730  0.0004031
-0.0026578  0.0001425
-0.0027678 -0.0000365
-0.0025228 -0.0000559
-0.0023374 -0.0002751
-0.0023056 -0.0004051
-0.0020220 -0.0004013
-0.0019188 -0.0003128
-0.0017415 -0.0002251
-0.0016879 -0.0000188
-0.0016942 -0.0001880
-0.0017499 -0.0001437
-0.0018354 -0.0000982
-0.0017906 -0.0004333
-0.0017979 -0.0001945
-0.0016840 -0.0004389
-0.0015972 -0.0005030
-0.0013479 -0.0004299
-0.0010465 -0.0004018
-0.0007582 -0.0006184
-0.0006405 -0.0007334
-0.0002560 -0.0006504
-0.0000765 -0.0007031
 0.0001482 -0.0007008
 0.0003761 -0.0004816
 0.0004187 -0.0003213
 0.0002181  0.0000330
 0.0004303  0.0001993
 0.0004395  0.0003371
 0.0003380  0.0004188
 0.0002125  0.0001790
 0.0004370  0.0000366
 0.0005478 -0.0002701
 0.0007221 -0.0004505
 0.0009186 -0.0005267
 0.0010407 -0.0007096
 0.0011722 -0.0004782
 0.0012598 -0.0002374
 0.0011645  0.0001970
 0.0010675  0.0004404
 0.0008780  0.0006424
 0.0008138  0.0010174
 0.0006397  0.0010811
 0.0004251  0.0012471
 0.0003261  0.0012994
 0.0001068  0.0013324
 0.0000694  0.0013607
 0.0001195  0.0014331
 0.0002036  0.0014133
 0.0004401  0.0015326
 0.0006102  0.0017456
 0.0005427  0.0017029
 0.0006118  0.0018306
 0.0005153  0.0016719
 0.0005940  0.0014007
 0.0004318  0.0013724
 0.0003681  0.0010919
 0.0002820  0.0009370
 0.0001563  0.0007656
-0.0000274  0.0005882
-0.0001899  0.0004632
-0.0002442  0.0004598
-0.0003171  0.0004434
-0.0005807  0.0001900
-0.0004995  0.0000192
-0.0004603 -0.0001361
-0.0004774 -0.0001463
-0.0003663 -0.0003234
-0.0002701 -0.0001520
-0.0002081  0.0000320
-0.0000313  0.0001668
-0.0000999  0.0003565
-0.0001664  0.0003372
-0.0002334  0.0002012
-0.0002454  0.0002202
-0.0002971 -0.0000868
-0.0003082 -0.0003184
-0.0003614 -0.0006345
-0.0003082 -0.0010387
-0.0002805 -0.0015094
-0.0002511 -0.0019800
-0.0000903 -0.0022110
-0.0001777 -0.0025667
-0.0002947 -0.0024170
-0.0002772 -0.0023951
-0.0005063 -0.0023930
-0.0005495 -0.0020573
-0.0008018 -0.0017913
-0.0007864 -0.0015995
-0.0010468 -0.0013829
-0.0010701 -0.0011247
-0.0010933 -0.0011095
-0.0012716 -0.0010991
-0.0013477 -0.0007407
-0.0013903 -0.0010379
-0.0014325 -0.0007357
-0.0013938 -0.0007895
-0.0014164 -0.0009333
-0.0013172 -0.0005898
-0.0011509 -0.0007095
-0.0007518 -0.0006005
-0.0006730 -0.0005473
-0.0002147 -0.0005098
-0.0000526 -0.0004094
 0.0000302 -0.0000512
 0.0000966  0.0000073
 0.0001006 -0.0000942
 0.0000177 -0.0000363
 0.0001239 -0.0001928
-0.0000374 -0.0004504
-0.0001137 -0.0005183
 0.0001398 -0.0007491
 0.0001801 -0.0008982
 0.0004324 -0.0009377
 0.0007232 -0.0009832
 0.0009669 -0.0009724
 0.0012508 -0.0009625
 0.0013971 -0.0007267
 0.0015086 -0.0006707
 0.0015836 -0.0004859
 0.0014431 -0.0003180
 0.0016084 -0.0001106
 0.0019043  0.0002724
 0.0019169  0.0004019
 0.0020386  0.0008434
 0.0021217  0.0011614
 0.0021040  0.0013781
 0.0019643  0.0018633
 0.0019901  0.0018307
 0.0019474  0.0019500
 0.0019009  0.0019318
 0.0019216  0.0020315
 0.0018133  0.0018536
 0.0019579  0.0018242
 0.0016596  0.0019371
 0.0015272  0.0018676
 0.0014079  0.0020514
 0.0012022  0.0020432
 0.0011079  0.0021402
 0.0009752  0.0020780
 0.0008510  0.0020572
 0.0005977  0.0018760
 0.0002933  0.0017844
 0.0000053  0.0015613
-0.0001204  0.0012114
-0.0004958  0.0009559
-0.0005609  0.0007416
-0.0006627  0.0004758
-0.0006436  0.0005380
-0.0005361  0.0003882
-0.0007273  0.0005085
-0.0005527  0.0004204
-0.0004977  0.0002510
-0.0005018  0.0002164
-0.0002537  0.0003857
-0.0000349  0.0002172
 0.0001659  0.0003873
 0.0004257  0.0005129
 0.0005459  0.0005454
 0.0003227  0.0005554
 0.0003470  0.0006395
 0.0002920  0.0005117
 0.0000370  0.0005481
 0.0001298  0.0004193
-0.0000536  0.0001628
 0.0000263  0.0001095
 0.0002656 -0.0000610
 0.0003650 -0.0000305
 0.0004165  0.0001557
 0.0005549  0.0002809
 0.0005178  0.0004795
 0.0002566  0.0004695
 0.0004009  0.0004653
 0.0000859  0.0000862
 0.0001403  0.0000215
 0.0003229 -0.0000932
 0.0006467 -0.0003036
 0.0008440 -0.0001414
 0.0012934 -0.0002118
 0.0015848 -0.0001550
 0.0015214  0.0000857
 0.0015490  0.0000605
 0.0015102 -0.0001149
 0.0014520 -0.0003490
 0.0013810 -0.0002808
 0.0014746 -0.0003897
 0.0015567 -0.0001147
 0.0012521 -0.0000049
 0.0013268  0.0000055
 0.0012448  0.0003026
 0.0011509  0.0002704
 0.0010641  0.0002554
 0.0009662  0.0005215
 0.0010410  0.0004801
 0.0012306  0.0005564
 0.0012686  0.0006530
 0.0015462  0.0008297
 0.0014679  0.0009446
 0.0014383  0.0010811
 0.0012445  0.0011095
 0.0010901  0.0011101
 0.0009989  0.0012072
 0.0009276  0.0011050
 0.0007796  0.0011986
 0.0007306  0.0012046
 0.0007751  0.0013990
 0.0007106  0.0014907
 0.0004937  0.0013853
 0.0003794  0.0014329
 0.0001764  0.0015414
 0.0000874  0.0013249
-0.0000438  0.0013026
-0.0000662  0.0013983
-0.0000835  0.0013924
-0.0001172  0.0013777
-0.0001885  0.0015059
-0.0003541  0.0016841
-0.0003782  0.0016372
-0.0003952  0.0016032
-0.0007565  0.0016162
-0.0007597  0.0017015
-0.0007344  0.0018657
-0.0007481  0.0018607
-0.0007713  0.0020914
-0.0007816  0.0022150
-0.0008949  0.0020581
-0.0010107  0.0021076
-0.0009145  0.0020684
-0.0007767  0.0019658
-0.0007905  0.0020081
-0.0006695  0.0020184
-0.0007886  0.0019063
-0.0008758  0.0019959
-0.0009277  0.0018680
-0.0010632  0.0017063
-0.0011078  0.0015359
-0.0008593  0.0011264
-0.0007601  0.0008135
-0.0003011  0.0005579
-0.0001094  0.0006167
 0.0001367  0.0004739
 0.0000631  0.0005074
-0.0001061  0.0005810
-0.0004063  0.0004343
-0.0009379  0.0003617
-0.0011815  0.0000824
-0.0016604 -0.0004647
-0.0016771 -0.0006969
-0.0019085 -0.0011340
-0.0018283 -0.0012902
-0.0017112 -0.0015836
-0.0014974 -0.0019722
-0.0014378 -0.0023097
-0.0012184 -0.0027471
-0.0009804 -0.0028384
-0.0008011 -0.0029805
-0.0005549 -0.0027256
-0.0006155 -0.0027812
-0.0005424 -0.0025861
-0.0003567 -0.0024351
-0.0001062 -0.0024258
 0.0000281 -0.0022875
 0.0002536 -0.0020187
 0.0004898 -0.0018545
 0.0006769 -0.0016184
 0.0008690 -0.0015025
 0.0006915 -0.0014963
 0.0004860 -0.0015532
 0.0003956 -0.0015824
 0.0000941 -0.0019980
 0.0001510 -0.0022139
-0.0000477 -0.0025299
 0.0000080 -0.0029813
-0.0000842 -0.0032091
 0.0000551 -0.0034387
-0.0000275 -0.0034558
 0.0000621 -0.0033624
 0.0001581 -0.0033446
 0.0000926 -0.0030788
 0.0003261 -0.0027542
 0.0002075 -0.0025146
 0.0003749 -0.0021350
 0.0004453 -0.0017161
 0.0006842 -0.0015532
 0.0008416 -0.0014061
 0.0011729 -0.0011730
 0.0016104 -0.0010214
 0.0017659 -0.0006655
 0.0018492 -0.0003922
 0.0019968 -0.0002728
 0.0019460  0.0003303
 0.0016519  0.0004159
 0.0015306  0.0004908
 0.0012455  0.0005526
 0.0012759  0.0004309
 0.0013447  0.0002027
 0.0015885  0.0002092
 0.0018726  0.0000823
 0.0020093  0.0000170
 0.0021815  0.0002856
 0.0022910  0.0003456
 0.0023276  0.0005898
 0.0022752  0.0007922
 0.0019467  0.0009264
 0.0014998  0.0007967
 0.0011376  0.0006804
 0.0008623  0.0005354
 0.0005313  0.0001395
 0.0005666 -0.0000968
 0.0004821 -0.0005026
 0.0006515 -0.0006491
 0.0007545 -0.0006117
 0.0009582 -0.0004629
 0.0010119 -0.0001978
 0.0006838  0.0000701
 0.0005273  0.0003162
 0.0001324  0.0002529
-0.0001583  0.0003917
-0.0006645  0.0003790
-0.0008021  0.0001528
-0.0011318 -0.0000042
-0.0010897 -0.0001901
-0.0013670 -0.0001327
-0.0014681  0.0000489
-0.0015943  0.0000604
-0.0017319  0.0002684
-0.0019513  0.0004536
-0.0021310  0.0004990
-0.0022200  0.0006229
-0.0024260  0.0005044
-0.0024684  0.0003880
-0.0023646  0.0003674
-0.0019971  0.0001895
-0.0018838  0.0001317
-0.0014977  0.0000833
-0.0012022 -0.0000260
-0.0010016 -0.0002557
-0.0007771 -0.0004739
-0.0004489 -0.0009109
-0.0001384 -0.0011008
 0.0004107 -0.0012041
 0.0007136 -0.0012870
 0.0010470 -0.0009561
 0.0012473 -0.0010093
 0.0013228 -0.0009282
 0.0013512 -0.0007076
 0.0013136 -0.0008208
 0.0013259 -0.0008083
 0.0013777 -0.0009076
 0.0012115 -0.0010451
 0.0010476 -0.0010598
 0.0011320 -0.0011462
 0.0010586 -0.0011389
 0.0011064 -0.0013515
 0.0011900 -0.0012146
 0.0014364 -0.0014138
 0.0016267 -0.0013811
 0.0016552 -0.0012129
 0.0017451 -0.0009724
 0.0019195 -0.0008949
 0.0019061 -0.0006881
 0.0018165 -0.0007535
 0.0017376 -0.0007375
 0.0016991 -0.0006939
 0.0014638 -0.0005121
 0.0011798 -0.0007214
 0.0010572 -0.0004084
 0.0007240 -0.0000502
 0.0007069  0.0000390
 0.0007194  0.0003958
 0.0008085  0.0005099
 0.0007647  0.0005858
 0.0009630  0.0005476
 0.0009385  0.0003904
 0.0009955  0.0001614
 0.0011191  0.0000280
 0.0012832  0.0001242
 0.0012591  0.0001244
 0.0011794  0.0001747
 0.0010726  0.0003996
 0.0010461  0.0006179
 0.0009340  0.0009035
 0.0008069  0.0009884
 0.0007345  0.0011529
 0.0009558  0.0013331
 0.0013362  0.0013641
 0.0016770  0.0014765
 0.0020837  0.0016097
 0.0024973  0.0017981
 0.0028158  0.0017851
 0.0029004  0.0020848
 0.0029929  0.0021233
 0.0027932  0.0022123
 0.0025784  0.0022252
 0.0022765  0.0020993
 0.0021693  0.0021800
 0.0018544  0.0019364
 0.0017092  0.0018274
 0.0015165  0.0018704
 0.0014566  0.0015323
 0.0013890  0.0014506
 0.0013513  0.0015628
 0.0011291  0.0012969
 0.0011309  0.0011592
 0.0011388  0.0011705
 0.0009271  0.0010048
 0.0009166  0.0008778
 0.0009893  0.0010148
 0.0008160  0.0008534
 0.0008212  0.0010318
 0.0006811  0.0009628
 0.0005966  0.0008887
 0.0004984  0.0010829
 0.0005321  0.0011308
 0.0005121  0.0012504
 0.0005374  0.0014138
 0.0004243  0.0014614
 0.0003915  0.0013387
 0.0004244  0.0012839
 0.0006459  0.0012304
 0.0008636  0.0008479
 0.0010737  0.0007740
 0.0011030  0.0005301
 0.0012660  0.0004802
 0.0011222  0.0006620
 0.0010538  0.0006452
 0.0009399  0.0008248
 0.0006802  0.0009288
 0.0003641  0.0009958
 0.0000676  0.0008953
-0.0001405  0.0008529
-0.0001590  0.0007636
-0.0000598  0.0006218
 0.0001258  0.0005192
 0.0000647  0.0005800
 0.0000597  0.0006311
-0.0000338  0.0006174
 0.0000117  0.0005068
-0.0001294  0.0004808
-0.0001588  0.0002191
-0.0001276  0.0001549
-0.0001833  0.0000891
-0.0001243  0.0000008
 0.0001649 -0.0000653
 0.0004173 -0.0001388
 0.0008234 -0.0003370
 0.0012919 -0.0003193
 0.0016486 -0.0002686
 0.0019885 -0.0001816
 0.0019932 -0.0002096
 0.0018272 -0.0000080
 0.0014888  0.0001061
 0.0012656  0.0002619
 0.0007205  0.0004941
 0.0002474  0.0008475
-0.0000829  0.0010906
-0.0002466  0.0012980
-0.0002043  0.0012497
-0.0002911  0.0012325
-0.0001775  0.0012732
-0.0002032  0.0009692
-0.0003569  0.0006642
-0.0003611  0.0006740
-0.0005064  0.0003876
-0.0006741  0.0005457
-0.0006646  0.0006335
-0.0008445  0.0006581
-0.0009399  0.0008869
-0.0011398  0.0011268
-0.0012595  0.0010550
-0.0014233  0.0012583
-0.0015855  0.0012095
-0.0020536  0.0010473
-0.0021550  0.0008449
-0.0023178  0.0005257
-0.0023039  0.0001599
-0.0022221  0.0001011
-0.0020585 -0.0001333
-0.0018536 -0.0001855
-0.0016233 -0.0000224
-0.0014153 -0.0001520
-0.0013674 -0.0000162
-0.0010772 -0.0001760
-0.0008416  0.0000789
-0.0008030  0.0000762
-0.0008137  0.0000430
-0.0009097 -0.0000422
-0.0010355 -0.0000917
-0.0011816 -0.0001089
-0.0011065 -0.0002585
-0.0011459 -0.0003727
-0.0012998 -0.0001448
-0.0013473 -0.0000263
-0.0016241  0.0002812
-0.0018077  0.0004724
-0.0019925  0.0005773
-0.0022716  0.0004760
-0.0023439  0.0003228
-0.0023394  0.0002293
-0.0025183  0.0002439
-0.0022790  0.0000265
-0.0021843 -0.0001999
-0.0019125 -0.0003623
-0.0013848 -0.0003437
-0.0009869 -0.0004092
-0.0007396 -0.0002545
-0.0005363 -0.0003347
-0.0003935 -0.0003479
-0.0003566 -0.0005570
-0.0002401 -0.0007531
-0.0003382 -0.0010961
-0.0002439 -0.0011774
-0.0001636 -0.0012891
-0.0000836 -0.0014011
 0.0000068 -0.0012604
 0.0000148 -0.0012761
-0.0002016 -0.0012683
-0.0003786 -0.0010399
-0.0005114 -0.0012468
-0.0008187 -0.0011384
-0.0009233 -0.0010616
-0.0009560 -0.0011820
-0.0009715 -0.0010959
-0.0009403 -0.0008968
-0.0009706 -0.0008341
-0.0006805 -0.0008656
-0.0005815 -0.0006662
-0.0005559 -0.0006897
-0.0006041 -0.0005345
-0.0004824 -0.0004336
-0.0005043 -0.0004284
-0.0006857 -0.0002050
-0.0006683 -0.0001055
-0.0005684 -0.0000499
-0.0005228 -0.0000232
-0.0004468 -0.0000394
-0.0001473 -0.0000259
-0.0002370  0.0001348
-0.0002190  0.0002852
-0.0002465  0.0002831
-0.0003642  0.0001549
-0.0002606  0.0001451
-0.0001802 -0.0000336
-0.0000534  0.0000870
 0.0001324 -0.0000528
 0.0000633 -0.0003747
 0.0002084 -0.0000925
 0.0004617 -0.0003562
 0.0004392 -0.0002508
 0.0006510 -0.0000942
 0.0007974  0.0000300
 0.0006787  0.0001619
 0.0008631  0.0001810
 0.0009146  0.0001991
 0.0008986  0.0002974
 0.0008201  0.0004914
 0.0009542  0.0004001
 0.0007903  0.0003702
 0.0006132  0.0003429
 0.0004891  0.0001486
 0.0004264  0.0002185
 0.0001052 -0.0001030
 0.0000538 -0.0004542
-0.0000425 -0.0006497
-0.0001190 -0.0006338
-0.0003268 -0.0006465
-0.0004933 -0.0007216
-0.0004875 -0.0004945
-0.0007582 -0.0006080
-0.0008258 -0.0007878
-0.0008670 -0.0008161
-0.0010640 -0.0009296
-0.0010819 -0.0009950
-0.0011216 -0.0010687
-0.0009472 -0.0010912
-0.0009942 -0.0008450
-0.0009063 -0.0007252
-0.0007758 -0.0004805
-0.0006016 -0.0003401
-0.0005098 -0.0002860
-0.0003598 -0.0003459
-0.0002992 -0.0004191
-0.0002630 -0.0006223
 0.0000284 -0.0008332
 0.0001377 -0.0009935
 0.0002447 -0.0014973
 0.0004031 -0.0017383
 0.0007610 -0.0019559
 0.0011042 -0.0022515
 0.0012812 -0.0024155
 0.0015345 -0.0025372
 0.0016838 -0.0027956
 0.0017986 -0.0026123
 0.0019828 -0.0025178
 0.0018413 -0.0019954
 0.0018293 -0.0017647
 0.0017349 -0.0013406
 0.0014360 -0.0010138
 0.0012905 -0.0005394
 0.0010295 -0.0004886
 0.0007866 -0.0004362
 0.0006638 -0.0004385
 0.0006795 -0.0006938
 0.0007347 -0.0009117
 0.0008747 -0.0009106
 0.0009458 -0.0010206
 0.0010716 -0.0010967
 0.0011650 -0.0011245
 0.0013902 -0.0011233
 0.0014539 -0.0010124
 0.0015501 -0.0008286
 0.0016155 -0.0006782
 0.0014310 -0.0004172
 0.0013824 -0.0001394
 0.0012203 -0.0001478
 0.0010316  0.0001092
 0.0009119  0.0002985
 0.0008374  0.0004225
 0.0005813  0.0007878
 0.0005415  0.0010678
 0.0002724  0.0012844
 0.0001094  0.0013096
 0.0001875  0.0013104
 0.0002153  0.0014239
 0.0000711  0.0012026
 0.0000327  0.0011293
 0.0000903  0.0009199
 0.0001840  0.0007167
 0.0000535  0.0005693
 0.0001571  0.0004200
 0.0001747  0.0003479
 0.0002239  0.0002434
 0.0000950  0.0000496
 0.0000255  0.0000744
-0.0000875  0.0001025
-0.0000848 -0.0000038
-0.0001741 -0.0001535
-0.0002652 -0.0001069
-0.0003371 -0.0005288
-0.0001803 -0.0005454
-0.0003483 -0.0008242
-0.0005416 -0.0008239
-0.0006660 -0.0007877
-0.0004075 -0.0009165
-0.0005804 -0.0009418
-0.0005039 -0.0007608
-0.0004843 -0.0006951
-0.0005851 -0.0004870
-0.0005986 -0.0002453
-0.0004778 -0.0002481
-0.0005012 -0.0001427
-0.0005301 -0.0000139
-0.0004451 -0.0002855
-0.0003756 -0.0002073
-0.0003814 -0.0002304
-0.0003515 -0.0003564
-0.0004767 -0.0002788
-0.0006763 -0.0004159
-0.0010912 -0.0005721
-0.0013064 -0.0006083
-0.0012801 -0.0010928
-0.0012979 -0.0012963
-0.0010977 -0.0014582
-0.0008450 -0.0016261
-0.0006123 -0.0016964
-0.0003838 -0.0017711
-0.0000414 -0.0018935
 0.0000633 -0.0019456
 0.0005251 -0.0017499
 0.0006546 -0.0018595
 0.0007964 -0.0017147
 0.0008095 -0.0016519
 0.0008340 -0.0016302
 0.0009775 -0.0015081
 0.0007392 -0.0014223
 0.0007317 -0.0014268
 0.0006980 -0.0013527
 0.0006509 -0.0011009
 0.0006899 -0.0010916
 0.0007838 -0.0010363
 0.0006811 -0.0008221
 0.0008021 -0.0009613
 0.0009051 -0.0011444
 0.0010495 -0.0010580
 0.0010246 -0.0012872
 0.0011106 -0.0012178
 0.0011740 -0.0015028
 0.0011535 -0.0014757
 0.0012133 -0.0014176
 0.0012163 -0.0012972
 0.0012922 -0.0013934
 0.0013413 -0.0013152
 0.0013520 -0.0012280
 0.0013836 -0.0012912
 0.0014578 -0.0011157
 0.0017311 -0.0009824
 0.0017103 -0.0009339
 0.0016441 -0.0004790
 0.0017514 -0.0003956
 0.0016558  0.0000469
 0.0015081 -0.0000832
 0.0015321  0.0001268
 0.0014577  0.0001893
 0.0013903  0.0001933
 0.0013848  0.0002137
 0.0014693  0.0004239
 0.0013733  0.0004611
 0.0012974  0.0005658
 0.0013070  0.0006146
 0.0015660  0.0009572
 0.0015825  0.0008806
 0.0017539  0.0010145
 0.0016926  0.0010828
 0.0017997  0.0010893
 0.0017434  0.0012618
 0.0017283  0.0012813
 0.0016260  0.0013819
 0.0014434  0.0014730
 0.0013443  0.0015843
 0.0010256  0.0014416
 0.0008545  0.0018331
 0.0006585  0.0016658
 0.0005222  0.0017184
 0.0002470  0.0017611
 0.0000458  0.0015942
-0.0001050  0.0014505
-0.0001108  0.0015203
-0.0001552  0.0014047
-0.0001411  0.0012782
 0.0000304  0.0010907
 0.0000314  0.0009807
 0.0001095  0.0007814
-0.0000674  0.0006563
-0.0001260  0.0006466
-0.0003138  0.0006105
-0.0005961  0.0006854
-0.0008395  0.0006202
-0.0011633  0.0006287
-0.0012160  0.0005825
-0.0013574  0.0004572
-0.0015398  0.0002996
-0.0015104  0.0000162
-0.0014784 -0.0003176
-0.0012565 -0.0005573
-0.0011106 -0.0009239
-0.0007699 -0.0010042
-0.0006791 -0.0014735
-0.0007832 -0.0016729
-0.0007371 -0.0019765
-0.0008516 -0.0021823
-0.0007648 -0.0020738
-0.0005688 -0.0020505
-0.0005172 -0.0019148
-0.0002454 -0.0017255
-0.0000568 -0.0012832
 0.0001408 -0.0012646
 0.0003756 -0.0009755
 0.0005054 -0.0008484
 0.0004998 -0.0006483
 0.0005764 -0.0004092
 0.0005919 -0.0003560
 0.0005605  0.0000284
 0.0005701  0.0000388
 0.0006250  0.0002053
 0.0006090  0.0003623
 0.0005727  0.0003926
 0.0004773  0.0003497
 0.0005214  0.0002796
 0.0005644  0.0002300
 0.0004069  0.0003627
 0.0003777  0.0003250
 0.0003590  0.0002855
 0.0004749  0.0002273
 0.0006194  0.0003902
 0.0007686  0.0002998
 0.0008550  0.0005054
 0.0009619  0.0007030
 0.0007960  0.0007076
 0.0007671  0.0008320
 0.0007170  0.0006257
 0.0009703  0.0005507
 0.0009271  0.0006147
 0.0011619  0.0004407
 0.0014976  0.0002258
 0.0017758  0.0002024
 0.0017308 -0.0000759
 0.0018246  0.0000818
 0.0017026  0.0001323
 0.0016366  0.0002171
 0.0018269  0.0001168
 0.0017385  0.0001015
 0.0017630  0.0002218
 0.0018186  0.0001931
 0.0018545  0.0004310
 0.0019108  0.0004943
 0.0017939  0.0006113
 0.0016229  0.0010641
 0.0015398  0.0013479
 0.0013711  0.0015545
 0.0012321  0.0018409
 0.0010992  0.0021183
 0.0007390  0.0024254
 0.0003090  0.0026048
-0.0001370  0.0026465
-0.0004788  0.0029193
-0.0009088  0.0028090
-0.0012119  0.0026749
-0.0013332  0.0024412
-0.0014362  0.0021118
-0.0013158  0.0018959
-0.0011560  0.0019007
-0.0011838  0.0017855
-0.0009810  0.0019551
-0.0009281  0.0021133
-0.0006601  0.0022333
-0.0007906  0.0023042
-0.0006440  0.0024604
-0.0005628  0.0024411
-0.0004055  0.0023273
-0.0006012  0.0021396
-0.0004482  0.0018940
-0.0005013  0.0016632
-0.0007213  0.0013894
-0.0010130  0.0009906
-0.0010701  0.0006898
-0.0012947  0.0004122
-0.0011094  0.0001315
-0.0009987 -0.0001539
-0.0007402 -0.0003544
-0.0006013 -0.0005340
-0.0003479 -0.0007826
-0.0002689 -0.0008425
 0.0000241 -0.0010850
 0.0000902 -0.0011675
 0.0001613 -0.0013506
 0.0002970 -0.0015371
 0.0004452 -0.0016497
 0.0006572 -0.0016700
 0.0008458 -0.0017636
 0.0007378 -0.0016911
 0.0008413 -0.0016482
 0.0010014 -0.0017366
 0.0010095 -0.0017721
 0.0012740 -0.0017801
 0.0017922 -0.0018636
 0.0021120 -0.0016710
 0.0024622 -0.0016602
 0.0026073 -0.0018037
 0.0026958 -0.0016019
 0.0023725 -0.0017807
 0.0022839 -0.0018980
 0.0018466 -0.0017656
 0.0017597 -0.0017119
 0.0015179 -0.0015571
 0.0012590 -0.0012940
 0.0010662 -0.0011918
 0.0008393 -0.0011884
 0.0009468 -0.0011271
 0.0006691 -0.0012180
 0.0008103 -0.0012029
 0.0008265 -0.0010294
 0.0009146 -0.0012132
 0.0010560 -0.0009108
 0.0010440 -0.0008829
 0.0012525 -0.0006175
 0.0012216 -0.0006946
 0.0012751 -0.0006281
 0.0012750 -0.0006132
 0.0013194 -0.0007422
 0.0011239 -0.0008399
 0.0009850 -0.0009970
 0.0008308 -0.0011117
 0.0007548 -0.0011558
 0.0006335 -0.0013325
 0.0005807 -0.0012087
 0.0006425 -0.0009819
 0.0007510 -0.0007247
 0.0008980 -0.0007108
 0.0011126 -0.0006053
 0.0013366 -0.0003381
 0.0014634 -0.0005127
 0.0013493 -0.0003114
 0.0010873 -0.0004045
 0.0009049 -0.0005979
 0.0007314 -0.0009616
 0.0003569 -0.0012926
 0.0001915 -0.0016637
-0.0000878 -0.0020503
 0.0000031 -0.0024204
 0.0000416 -0.0027985
 0.0002063 -0.0029256
 0.0003496 -0.0029170
 0.0004948 -0.0028138
 0.0006653 -0.0025258
 0.0007293 -0.0021935
 0.0006433 -0.0019979
 0.0007054 -0.0017554
 0.0006429 -0.0016841
 0.0006394 -0.0017418
 0.0006403 -0.0018615
 0.0004919 -0.0021065
 0.0006064 -0.0022673
 0.0006835 -0.0024535
 0.0007821 -0.0027634
 0.0009160 -0.0029457
 0.0010532 -0.0030032
 0.0010336 -0.0028943
 0.0008303 -0.0029096
 0.0006517 -0.0029413
 0.0003062 -0.0029990
-0.0002613 -0.0030513
-0.0005559 -0.0033035
-0.0007202 -0.0033516
-0.0007454 -0.0034747
-0.0007298 -0.0034344
-0.0006267 -0.0031739
-0.0002929 -0.0031192
-0.0001430 -0.0028961
 0.0000027 -0.0026184
 0.0002496 -0.0026065
 0.0003770 -0.0022540
 0.0004471 -0.0019797
 0.0003829 -0.0017771
 0.0002157 -0.0015872
 0.0001028 -0.0015602
-0.0000791 -0.0014362
-0.0001025 -0.0013629
-0.0003706 -0.0012554
-0.0002646 -0.0011645
-0.0005197 -0.0010129
-0.0004185 -0.0010092
-0.0004077 -0.0008549
-0.0002503 -0.0007499
-0.0001409 -0.0006884
 0.0002286 -0.0004572
 0.0004970 -0.0004569
 0.0005947 -0.0002872
 0.0006211 -0.0002882
 0.0005292 -0.0001497
 0.0004581 -0.0000581
 0.0001700 -0.0002114
 0.0000906 -0.0002925
-0.0001696 -0.0004592
-0.0001770 -0.0006686
-0.0001789 -0.0005468
-0.0001463 -0.0007746
-0.0003415 -0.0008674
-0.0002357 -0.0005531
-0.0002691 -0.0005703
-0.0004909 -0.0007740
-0.0005188 -0.0008651
-0.0006170 -0.0011042
-0.0008621 -0.0012286
-0.0006841 -0.0014944
-0.0006373 -0.0018530
-0.0005632 -0.0018056
-0.0004893 -0.0016445
-0.0004424 -0.0014686
-0.0006334 -0.0012237
-0.0006146 -0.0009573
-0.0007592 -0.0009122
-0.0007706 -0.0006708
-0.0006684 -0.0005181
-0.0007715 -0.0005726
-0.0009012 -0.0002934
-0.0009779 -0.0002645
-0.0011131 -0.0003776
-0.0013112 -0.0001357
-0.0012977 -0.0004973
-0.0012730 -0.0007333
-0.0013189 -0.0006075
-0.0012704 -0.0008735
-0.0010930 -0.0008525
-0.0012964 -0.0008650
-0.0012516 -0.0010576
-0.0013984 -0.0009008
-0.0015395 -0.0009049
-0.0016924 -0.0008662
-0.0017540 -0.0008984
-0.0016541 -0.0009404
-0.0017004 -0.0010301
-0.0016681 -0.0012872
-0.0016641 -0.0012923
-0.0016838 -0.0015814
-0.0017816 -0.0016999
-0.0019952 -0.0019383
-0.0018030 -0.0022451
-0.0020909 -0.0025034
-0.0019127 -0.0025740
-0.0017203 -0.0028562
-0.0015471 -0.0030899
-0.0014083 -0.0028716
-0.0011041 -0.0029379
-0.0006493 -0.0027934
-0.0003347 -0.0025287
-0.0002001 -0.0022673
 0.0001577 -0.0019974
 0.0004393 -0.0018522
 0.0005295 -0.0017470
 0.0007053 -0.0016337
 0.0007125 -0.0017096
 0.0006627 -0.0015342
 0.0005580 -0.0013957
 0.0006763 -0.0012940
 0.0005108 -0.0011518
 0.0003621 -0.0012093
 0.0003392 -0.0010589
 0.0003751 -0.0010526
 0.0005297 -0.0009678
 0.0005581 -0.0011016
 0.0007047 -0.0010132
 0.0007406 -0.0010522
 0.0008514 -0.0011399
 0.0010013 -0.0007855
 0.0011610 -0.0007025
 0.0012047 -0.0004336
 0.0011847  0.0001101
 0.0011526  0.0004614
 0.0007992  0.0008936
 0.0007504  0.0011680
 0.0006508  0.0014618
 0.0005316  0.0015426
 0.0003401  0.0017206
 0.0001928  0.0018554
 0.0000118  0.0018592
 0.0000240  0.0018591
-0.0001376  0.0017333
-0.0004756  0.0016794
-0.0006356  0.0015875
-0.0006875  0.0014069
-0.0009964  0.0013374
-0.0010288  0.0012492
-0.0011160  0.0013917
-0.0010942  0.0012306
-0.0010845  0.0013566
-0.0010808  0.0012942
-0.0008636  0.0014113
-0.0009113  0.0015600
-0.0009047  0.0016998
-0.0009288  0.0016280
-0.0011448  0.0016677
-0.0012395  0.0013860
-0.0015035  0.0012722
-0.0016985  0.0009553
-0.0017891  0.0006813
-0.0019229  0.0003117
-0.0018422  0.0000224
-0.0017321 -0.0002022
-0.0016367 -0.0005212
-0.0014661 -0.0006928
-0.0013690 -0.0008716
-0.0011924 -0.0009238
-0.0010192 -0.0008122
-0.0008785 -0.0005970
-0.0009774 -0.0004835
-0.0009925 -0.0001301
-0.0012248  0.0000252
-0.0014866 -0.0000999
-0.0017730 -0.0004011
-0.0019793 -0.0007078
-0.0018960 -0.0011096
-0.0019941 -0.0015210
-0.0020534 -0.0015651
-0.0017482 -0.0016138
-0.0017794 -0.0016010
-0.0017512 -0.0016138
-0.0016083 -0.0015536
-0.0017165 -0.0014903
-0.0015588 -0.0013874
-0.0015741 -0.0014237
-0.0014603 -0.0013640
-0.0016127 -0.0014667
-0.0014865 -0.0014238
-0.0012829 -0.0016403
-0.0009898 -0.0018361
-0.0007727 -0.0019668
-0.0005276 -0.0021169
-0.0001733 -0.0022020
 0.0000380 -0.0021504
 0.0003107 -0.0021314
 0.0003771 -0.0017462
 0.0004904 -0.0015667
 0.0002241 -0.0012305
 0.0000324 -0.0011751
-0.0004054 -0.0009241
-0.0006582 -0.0011409
-0.0009651 -0.0014717
-0.0009374 -0.0016647
-0.0007990 -0.0018394
-0.0005887 -0.0021208
-0.0001584 -0.0020174
 0.0002049 -0.0018750
 0.0006163 -0.0017899
 0.0009281 -0.0016952
 0.0011103 -0.0011964
 0.0012191 -0.0008397
 0.0011897 -0.0004880
 0.0014246 -0.0004270
 0.0014109 -0.0003311
 0.0013558 -0.0001724
 0.0013437 -0.0003162
 0.0012020 -0.0002110
 0.0011217 -0.0003296
 0.0011575 -0.0006305
 0.0010724 -0.0005779
 0.0012344 -0.0006124
 0.0012574 -0.0004447
 0.0012961 -0.0002286
 0.0013635  0.0001242
 0.0012874  0.0003733
 0.0011123  0.0007773
 0.0007383  0.0009931
 0.0005883  0.0010749
 0.0004383  0.0009255
 0.0001148  0.0008776
 0.0001431  0.0007513
-0.0000785  0.0006388
-0.0002118  0.0006056
-0.0002148  0.0006306
-0.0002809  0.0006462
-0.0002315  0.0006181
-0.0001643  0.0006550
-0.0004246  0.0005162
-0.0005843  0.0005000
-0.0006804  0.0004219
-0.0008273  0.0005507
-0.0011344  0.0006202
-0.0013428  0.0007366
-0.0015524  0.0007972
-0.0018576  0.0005424
-0.0020187  0.0005161
-0.0024403  0.0003829
-0.0025316  0.0000828
-0.0027703 -0.0003914
-0.0028333 -0.0007912
-0.0031401 -0.0011038
-0.0031179 -0.0011278
-0.0031174 -0.0012468
-0.0032303 -0.0012882
-0.0033275 -0.0012257
-0.0034114 -0.0009703
-0.0034442 -0.0009868
-0.0035845 -0.0009717
-0.0037565 -0.0010288
-0.0035742 -0.0011248
-0.0033199 -0.0012670
-0.0031417 -0.0016300
-0.0028828 -0.0018826
-0.0027008 -0.0021390
-0.0023659 -0.0023846
-0.0022622 -0.0024514
-0.0023849 -0.0026570
-0.0021164 -0.0028666
-0.0021354 -0.0031616
-0.0019945 -0.0035143
-0.0017191 -0.0037796
-0.0014927 -0.0037265
-0.0012893 -0.0038133
-0.0010928 -0.0038440
-0.0007204 -0.0034424
-0.0007022 -0.0032563
-0.0005920 -0.0028904
-0.0004340 -0.0025918
-0.0004813 -0.0021051
-0.0003438 -0.0018921
-0.0004189 -0.0015825
-0.0003146 -0.0015808
-0.0001236 -0.0013103
-0.0001599 -0.0011737
-0.0001604 -0.0011088
-0.0003549 -0.0013513
-0.0003442 -0.0013755
-0.0005334 -0.0015779
-0.0005876 -0.0016178
-0.0008072 -0.0015333
-0.0007663 -0.0014910
-0.0005907 -0.0013685
-0.0005811 -0.0011387
-0.0005147 -0.0008377
-0.0004528 -0.0007493
-0.0004960 -0.0003885
-0.0007492 -0.0000601
-0.0007934  0.0000897
-0.0009964  0.0004284
-0.0014870  0.0003472
-0.0016771  0.0004299
-0.0017765  0.0005842
-0.0017968  0.0004782
-0.0016561  0.0003857
-0.0016681  0.0005605
-0.0012524  0.0009421
-0.0011312  0.0011101
-0.0010776  0.0013188
-0.0011733  0.0017193
-0.0009504  0.0019469
-0.0009040  0.0021099
-0.0009265  0.0022244
-0.0010388  0.0026898
-0.0011208  0.0029531
-0.0012805  0.0031635
-0.0016011  0.0034442
-0.0018419  0.0033063
-0.0018127  0.0033504
-0.0019055  0.0031333
-0.0017225  0.0031865
-0.0016918  0.0031256
-0.0017284  0.0029927
-0.0015063  0.0029342
-0.0015080  0.0026538
-0.0016391  0.0024650
-0.0015148  0.0022138
-0.0016008  0.0018908
-0.0015112  0.0017312
-0.0016579  0.0016305
-0.0015779  0.0014563
-0.0016451  0.0012443
-0.0016297  0.0008447
-0.0014611  0.0006874
-0.0013136  0.0006621
-0.0011121  0.0006131
-0.0008159  0.0008137
-0.0007446  0.0010775
-0.0006858  0.0011953
-0.0006537  0.0015497
-0.0009001  0.0016694
-0.0008865  0.0018659
-0.0010358  0.0018802
-0.0011499  0.0020431
-0.0013236  0.0016800
-0.0013777  0.0019198
-0.0015609  0.0016323
-0.0017174  0.0015770
-0.0019017  0.0014762
-0.0019657  0.0009635
-0.0019424  0.0008068
-0.0020433  0.0005722
-0.0021593  0.0004846
-0.0019744  0.0002782
-0.0020524  0.0003785
-0.0020571  0.0001519
-0.0019878  0.0001817
-0.0019511  0.0001350
-0.0019625 -0.0002791
-0.0020349 -0.0005176
-0.0020019 -0.0008500
-0.0020060 -0.0011604
-0.0017540 -0.0015913
-0.0016801 -0.0018905
-0.0014100 -0.0018579
-0.0010901 -0.0020546
-0.0008269 -0.0017360
-0.0006581 -0.0018068
-0.0006704 -0.0014926
-0.0006268 -0.0014277
-0.0006030 -0.0015051
-0.0003964 -0.0013790
-0.0002187 -0.0014048
 0.0000585 -0.0014776
 0.0005004 -0.0014720
 0.0005774 -0.0015321
 0.0009898 -0.0012874
 0.0013108 -0.0014946
 0.0015214 -0.0012825
 0.0016328 -0.0009902
 0.0017512 -0.0008330
 0.0017863 -0.0006635
 0.0017583 -0.0005084
 0.0015887 -0.0005667
 0.0012971 -0.0004505
 0.0010180 -0.0002256
 0.0008100 -0.0001744
 0.0005959 -0.0002179
 0.0004612 -0.0001966
 0.0003516 -0.0001914
 0.0003784 -0.0002510
 0.0003208 -0.0002167
 0.0003557 -0.0002148
 0.0004923 -0.0000393
 0.0004484 -0.0001155
 0.0006814  0.0001387
 0.0006105  0.0001826
 0.0005332  0.0002570
 0.0005044  0.0001964
 0.0004715  0.0001131
 0.0004494  0.0001413
 0.0001855  0.0000414
 0.0001574  0.0000082
 0.0000074  0.0000723
-0.0001584  0.0001402
-0.0000873  0.0002727
-0.0000598  0.0003779
-0.0000981  0.0004418
-0.0003008  0.0005900
-0.0004284  0.0005783
-0.0005929  0.0004592
-0.0008470  0.0001669
-0.0008713  0.0003557
-0.0008340  0.0002485
-0.0008556  0.0004972
-0.0008994  0.0006290
-0.0010874  0.0007007
-0.0010801  0.0009433
-0.0012303  0.0010563
-0.0014608  0.0011123
-0.0016585  0.0009198
-0.0018559  0.0008258
-0.0020875  0.0005006
-0.0020254  0.0001412
-0.0019811  0.0000279
-0.0018490 -0.0004037
-0.0017482 -0.0005862
-0.0014752 -0.0006299
-0.0012587 -0.0009101
-0.0012099 -0.0009074
-0.0011139 -0.0010258
-0.0009684 -0.0011218
-0.0007769 -0.0012613
-0.0003841 -0.0012825
-0.0001098 -0.0013854
-0.0000600 -0.0012823
 0.0000764 -0.0012833
 0.0000926 -0.0013568
 0.0003140 -0.0013654
 0.0005157 -0.0014138
 0.0008205 -0.0013260
 0.0010364 -0.0012361
 0.0009743 -0.0010514
 0.0010818 -0.0008128
 0.0009957 -0.0006260
 0.0008423 -0.0006622
 0.0009149 -0.0005935
 0.0007598 -0.0003352
 0.0007541 -0.0002935
 0.0006280 -0.0004840
 0.0006295 -0.0002638
 0.0002967 -0.0004610
 0.0003683 -0.0003137
 0.0005026 -0.0002560
 0.0005558 -0.0001411
 0.0004468  0.0000987
 0.0005427  0.0004335
 0.0005562  0.0006458
 0.0006054  0.0007898
 0.0003470  0.0007842
 0.0001648  0.0009773
-0.0000385  0.0007927
-0.0004817  0.0008893
-0.0010044  0.0006473
-0.0012610  0.0006612
-0.0018538  0.0002823
-0.0020454  0.0000203
-0.0021800 -0.0001575
-0.0021843 -0.0003713
-0.0020211 -0.0004579
-0.0019837 -0.0004483
-0.0016910 -0.0006312
-0.0014357 -0.0006311
-0.0010701 -0.0005841
-0.0007812 -0.0005146
-0.0005592 -0.0004073
-0.0004059 -0.0001439
-0.0002648  0.0000721
-0.0002658  0.0003702
-0.0004440  0.0007625
-0.0002884  0.0008329
-0.0004457  0.0008065
-0.0003315  0.0008752
-0.0005963  0.0009517
-0.0006190  0.0009355
-0.0006343  0.0008302
-0.0008995  0.0009653
-0.0011767  0.0008561
-0.0013804  0.0008161
-0.0016343  0.0006582
-0.0017139  0.0004541
-0.0016872  0.0004740
-0.0017317  0.0000729
-0.0016450  0.0002799
-0.0013267  0.0003290
-0.0012552  0.0003213
-0.0012166  0.0003807
-0.0012324  0.0001702
-0.0011671  0.0000941
-0.0009461 -0.0001716
-0.0008250 -0.0002379
-0.0005572 -0.0002752
-0.0003335 -0.0001588
-0.0004333 -0.0001465
-0.0006724  0.0000350
-0.0010095  0.0002400
-0.0015208  0.0001950
-0.0018844 -0.0000402
-0.0020371 -0.0001804
-0.0022111 -0.0004938
-0.0022013 -0.0006303
-0.0019231 -0.0007693
-0.0018500 -0.0009162
-0.0017978 -0.0009879
-0.0016503 -0.0007216
-0.0016702 -0.0005025
-0.0015618 -0.0003028
-0.0015863 -0.0001224
-0.0015710  0.0000460
-0.0013704  0.0000858
-0.0011891  0.0000011
-0.0009432  0.0000211
-0.0005345 -0.0000739
-0.0003046  0.0001188
-0.0000048  0.0001504
-0.0000847  0.0002811
-0.0002227  0.0005214
-0.0002837  0.0006406
-0.0004400  0.0007725
-0.0006066  0.0008597
-0.0004851  0.0007370
-0.0004603  0.0008982
-0.0004297  0.0009317
-0.0003467  0.0010934
-0.0002588  0.0008587
-0.0002707  0.0007097
-0.0000026  0.0005105
 0.0002453  0.0002416
 0.0005513  0.0001644
 0.0009621  0.0001341
 0.0013511  0.0003925
 0.0013398  0.0006874
 0.0012444  0.0009066
 0.0009887  0.0011723
 0.0003631  0.0012943
 0.0002795  0.0014039
-0.0000154  0.0013503
-0.0001034  0.0012351
 0.0000283  0.0013359
-0.0000416  0.0014887
 0.0001568  0.0016005
 0.0001624  0.0016674
-0.0000854  0.0016455
-0.0003914  0.0014873
-0.0008570  0.0013712
-0.0013513  0.0014863
-0.0018230  0.0012104
-0.0021148  0.0009272
-0.0023039  0.0006515
-0.0023344  0.0005840
-0.0021372  0.0003844
-0.0019734  0.0000421
-0.0018317 -0.0002062
-0.0016857 -0.0004228
-0.0016296 -0.0007962
-0.0016068 -0.0011040
-0.0027768 -0.0015014
