[PARAMETERS]
DW=1E-007
TAU=6E-005
TD=4096
BS=4096
NS=256
NSC=256
FR=56.230000
GAIN=4.974204
D0=0.05
D1=4.5E-006
D2=1E-005
D3=2.5E-005
D4=1E-005
D5=5E-005
D6=0.001
D7=0.001
D8=0.001
D9=0.05
C0=1
SEGTD=0
SEGOFF=0
SEGNUM=0
[ADDITIONAL]
PPFILE=ZG_two_T2.PC
DATEWR=27.09.2024
TIMEWR=09:33:24
DATESTA=27.09.2024
TIMESTA=09:33:05
DATEEND=27.09.2024
TIMEEND=09:33:23
CURR_Z0=0
CURR_Z1=1
TE=-1
[VARIABLES]
_USER=Measurements
_EMAIL_F=7NMR.NMR-270-ijs.si
_ITC_H=1
_ITC_R0= 35.00
_ITC_R1= 35.00
_ITC_R2= 53.10
_ITC_R3=  0.00
_ITC_R4=  0.00
_ITC_V=  2.42
_ITC_X=X0A1C1S00H1
_FW=100
_ORIENT=?
_THETA=0
_TITLE=?
_DESCR1=?
_DESCR2=?
_FR_LARM=56.23000000
_FR_SYNT=526.23000000
_TRIMLEV=1.8359375
_DATE=27.09.2024
_TIME=09:16:34
[PPFILE]
; pi/2 - pi


DELAY D9
PULSE [GT] 3u
PULSE [PHL1,GT] D1
DELAY TAU-3u
PULSE [GT] 3u
PULSE [PHL2,GT] 2*D1
DELAY TAU-D3
PULSE [TR] 1u+DW
DELAY 1m
STOP

;PHL 1 [+X] [+X] [+Y] [+Y] [-X] [-X] [-Y] [-Y]
;PHL 2 [+Y] [-Y] [-X] [+X] [-Y] [+Y] [+X] [-X]
;!RLS +X+X+Y+Y-X-X-Y-Y

PHL 1 [+X] [+X] [-X] [-X] [+Y] [+Y] [-Y] [-Y] [+X] [+X] [-X] [-X] [+Y] [+Y] [-Y] [-Y]
PHL 2 [+Y] [-Y] [-Y] [+Y] [-X] [+X] [+X] [-X] [+X] [-X] [-X] [+X] [-Y] [+Y] [+Y] [-Y]
!RLS +X+X-X-X+Y+Y-Y-Y-X-X+X+X-Y-Y+Y+Y
[DATA]
 0.0000959 -0.0000489
 0.0000291 -0.0000303
 0.0001342 -0.0001445
-0.0000202  0.0000741
-0.0000565 -0.0000480
-0.0000004 -0.0002711
 0.0000769  0.0002007
-0.0000071  0.0001241
 0.0000761  0.0000939
 0.0001044  0.0001730
 0.0000012 -0.0000016
-0.0000190 -0.0001920
-0.0000876  0.0000672
-0.0001048 -0.0000870
-0.0000478  0.0000087
-0.0001447 -0.0001340
-0.0001264  0.0000008
 0.0000493 -0.0001157
-0.0000111  0.0000196
-0.0001658  0.0002596
 0.0000200  0.0000200
 0.0000103  0.0000761
 0.0001932 -0.0000456
-0.0000188 -0.0000283
-0.0001153  0.0000373
 0.0000775  0.0000575
-0.0000004 -0.0000670
 0.0001821  0.0000947
-0.0000089  0.0000880
 0.0000319  0.0000113
-0.0000478  0.0001532
 0.0001072  0.0002402
-0.0000377  0.0000967
-0.0000180  0.0002588
 0.0001454  0.0001074
 0.0000874  0.0001435
 0.0001177  0.0001260
 0.0000091  0.0001365
 0.0002108  0.0001040
 0.0001542  0.0001653
 0.0000014  0.0000394
-0.0000458 -0.0001819
-0.0000878  0.0001928
 0.0001761 -0.0001710
-0.0001524 -0.0000650
-0.0000371 -0.0001724
 0.0000602 -0.0000930
 0.0000965 -0.0001906
-0.0002574 -0.0000755
 0.0000408 -0.0000357
 0.0001357 -0.0001631
-0.0002289 -0.0002093
 0.0001165 -0.0001223
 0.0000575  0.0000590
 0.0000398  0.0001635
-0.0001244 -0.0000569
 0.0001359 -0.0000386
 0.0000006  0.0000004
-0.0000277 -0.0000652
 0.0000402 -0.0000184
 0.0000192  0.0000985
 0.0001258 -0.0000955
-0.0000860 -0.0000369
 0.0000482  0.0001540
-0.0000394 -0.0000472
-0.0001159 -0.0000083
-0.0000466  0.0000775
 0.0000491 -0.0000658
 0.0000973 -0.0001330
-0.0000006 -0.0000668
-0.0000301  0.0004225
 0.0002691  0.0000095
-0.0000386  0.0000287
-0.0000761  0.0001809
 0.0000575  0.0000281
-0.0000763 -0.0000553
 0.0000573  0.0000474
 0.0001136  0.0003359
 0.0001528 -0.0000596
-0.0000480 -0.0000388
 0.0000101 -0.0000095
 0.0002013 -0.0000852
-0.0001627 -0.0003254
-0.0001910 -0.0000400
 0.0001330  0.0000400
-0.0000198 -0.0000485
 0.0000402  0.0000674
-0.0001225  0.0000691
 0.0001070 -0.0000008
 0.0000210 -0.0001914
-0.0001248 -0.0001159
-0.0000295  0.0000686
-0.0000182 -0.0000386
 0.0000113 -0.0000097
-0.0000190 -0.0001149
 0.0001720 -0.0000085
 0.0002029 -0.0000943
-0.0001052 -0.0000763
 0.0001908  0.0000798
 0.0002782 -0.0000662
 0.0000176  0.0000767
-0.0000686  0.0000323
 0.0002489  0.0000497
 0.0000295 -0.0000091
-0.0000487 -0.0001635
 0.0000291 -0.0000476
-0.0001334 -0.0001260
-0.0000866  0.0000111
-0.0000971  0.0002196
 0.0000283 -0.0001163
 0.0001044 -0.0001250
-0.0001040 -0.0000499
-0.0000466  0.0000930
-0.0000268 -0.0001355
-0.0000394  0.0000660
 0.0000293  0.0000369
-0.0000375  0.0000291
-0.0000577  0.0000081
-0.0002305  0.0000567
 0.0000178  0.0000581
 0.0000390  0.0000777
 0.0000579  0.0001163
 0.0000264  0.0000491
 0.0003075 -0.0002681
 0.0000608 -0.0001611
-0.0000380 -0.0000571
 0.0000985  0.0000497
-0.0000252 -0.0000194
-0.0002695  0.0000196
-0.0000192  0.0000097
 0.0000394 -0.0000377
-0.0001813  0.0001336
 0.0000196  0.0000384
-0.0001443  0.0000753
-0.0000858  0.0001827
 0.0000963  0.0000585
-0.0000981  0.0002697
-0.0000474  0.0002324
-0.0000565 -0.0000856
-0.0000561 -0.0000854
-0.0000478 -0.0000083
-0.0000188 -0.0000089
-0.0002178 -0.0001815
-0.0000862  0.0001165
 0.0000594 -0.0001998
-0.0002580 -0.0000382
-0.0000666  0.0001716
-0.0000014 -0.0000285
-0.0001040  0.0000505
-0.0002380  0.0001159
-0.0001171  0.0002326
-0.0001326  0.0000686
-0.0002112 -0.0000474
-0.0001443  0.0003062
-0.0000953  0.0000668
-0.0001330  0.0000089
-0.0003735  0.0000394
 0.0000283  0.0001561
-0.0000838  0.0000476
-0.0001153 -0.0001625
 0.0001357  0.0002697
 0.0000277  0.0000103
-0.0001413 -0.0001151
 0.0001349  0.0000608
-0.0001443  0.0001555
-0.0001048 -0.0001042
 0.0000176 -0.0002192
-0.0000474  0.0000678
 0.0000565 -0.0000846
-0.0002196  0.0000212
-0.0000666  0.0002206
-0.0000695  0.0000670
-0.0001439  0.0000662
-0.0001141  0.0000202
 0.0000759  0.0000864
-0.0000777  0.0001336
-0.0000487  0.0002471
 0.0000073  0.0001068
-0.0000489 -0.0000394
-0.0000565  0.0000868
-0.0000398 -0.0000644
-0.0000563  0.0000666
-0.0000575  0.0001664
 0.0002027  0.0000489
 0.0000111 -0.0000858
 0.0000093 -0.0000834
-0.0000107 -0.0000945
 0.0001637 -0.0000444
 0.0000686  0.0001682
-0.0000216  0.0003628
-0.0000212  0.0005851
-0.0003186  0.0008885
-0.0007996  0.0013213
-0.0005003  0.0016922
-0.0003563  0.0017819
-0.0002253  0.0024263
 0.0006397  0.0024753
 0.0009016  0.0023990
 0.0011249  0.0026939
 0.0013655  0.0028203
 0.0013562  0.0029649
 0.0010881  0.0029982
 0.0004680  0.0033424
 0.0003551  0.0029672
-0.0001945  0.0027799
-0.0006489  0.0023249
-0.0007387  0.0017098
-0.0012224  0.0011841
-0.0008751  0.0007050
-0.0005483  0.0004582
-0.0002229  0.0001925
 0.0002259  0.0001325
 0.0005973  0.0002848
 0.0006415  0.0003609
 0.0005999  0.0004888
 0.0003067  0.0006069
-0.0004777  0.0006921
-0.0007089  0.0006451
-0.0011609  0.0006691
-0.0014149  0.0007882
-0.0012958  0.0005553
-0.0013703  0.0004887
-0.0009955  0.0006830
-0.0008225  0.0004440
-0.0008942  0.0004806
-0.0006871  0.0006010
-0.0007454  0.0006924
-0.0006788  0.0006054
-0.0004945  0.0005277
-0.0001421  0.0005327
 0.0003745  0.0004471
 0.0008616  0.0009421
 0.0012329  0.0011928
 0.0016253  0.0021146
 0.0020945  0.0029613
 0.0020501  0.0034989
 0.0024748  0.0038090
 0.0027954  0.0041580
 0.0033486  0.0041300
 0.0037570  0.0041203
 0.0042720  0.0037177
 0.0050557  0.0033231
 0.0057506  0.0032344
 0.0062634  0.0032522
 0.0066740  0.0029986
 0.0067554  0.0028700
 0.0068285  0.0026362
 0.0069190  0.0024034
 0.0068732  0.0023881
 0.0072200  0.0022316
 0.0073754  0.0020372
 0.0074213  0.0019001
 0.0077021  0.0012470
 0.0078765  0.0005273
 0.0079445 -0.0003098
 0.0078505 -0.0011652
 0.0080429 -0.0014091
 0.0081503 -0.0014501
 0.0081008 -0.0016342
 0.0082401 -0.0012026
 0.0081712 -0.0009081
 0.0081098 -0.0009932
 0.0079324 -0.0013380
 0.0078724 -0.0019362
 0.0080343 -0.0024072
 0.0084045 -0.0031689
 0.0090424 -0.0040055
 0.0098398 -0.0044669
 0.0105047 -0.0050132
 0.0117280 -0.0058001
 0.0126603 -0.0058659
 0.0138846 -0.0062099
 0.0149353 -0.0064586
 0.0156027 -0.0066070
 0.0161982 -0.0067212
 0.0165241 -0.0068423
 0.0169809 -0.0067436
 0.0171168 -0.0065916
 0.0173915 -0.0066497
 0.0182809 -0.0064012
 0.0190264 -0.0060540
 0.0202246 -0.0054040
 0.0213518 -0.0046717
 0.0220125 -0.0039936
 0.0226165 -0.0033034
 0.0228669 -0.0026229
 0.0227350 -0.0020752
 0.0229626 -0.0019086
 0.0232444 -0.0019136
 0.0238297 -0.0019782
 0.0244037 -0.0021012
 0.0250851 -0.0018232
 0.0256770 -0.0020481
 0.0260481 -0.0022324
 0.0263111 -0.0022280
 0.0264894 -0.0026665
 0.0265459 -0.0029096
 0.0264878 -0.0031702
 0.0264639 -0.0034585
 0.0267187 -0.0039171
 0.0271729 -0.0040786
 0.0275144 -0.0043768
 0.0282419 -0.0045195
 0.0285055 -0.0043386
 0.0291061 -0.0043582
 0.0297864 -0.0044797
 0.0303312 -0.0044321
 0.0311278 -0.0043729
 0.0318403 -0.0044076
 0.0325150 -0.0041208
 0.0332837 -0.0036766
 0.0336769 -0.0033139
 0.0342117 -0.0028056
 0.0348024 -0.0021527
 0.0357293 -0.0018465
 0.0367242 -0.0017821
 0.0376083 -0.0016737
 0.0385630 -0.0020843
 0.0394118 -0.0020138
 0.0401062 -0.0023267
 0.0406614 -0.0024643
 0.0410664 -0.0026098
 0.0411865 -0.0027077
 0.0412063 -0.0025878
 0.0410135 -0.0021903
 0.0407804 -0.0016819
 0.0406506 -0.0013222
 0.0403654 -0.0008171
 0.0405235 -0.0007673
 0.0405534 -0.0005076
 0.0405181 -0.0004767
 0.0406937 -0.0008385
 0.0407714 -0.0009683
 0.0407775 -0.0013374
 0.0404440 -0.0014967
 0.0400607 -0.0012617
 0.0396398 -0.0010645
 0.0389411 -0.0006759
 0.0383189 -0.0000534
 0.0375361  0.0003013
 0.0369046  0.0005044
 0.0362542  0.0005920
 0.0357516  0.0003722
 0.0352812  0.0003883
 0.0351021  0.0001972
 0.0351522 -0.0000653
 0.0350856 -0.0006396
 0.0353745 -0.0011633
 0.0354599 -0.0015771
 0.0354413 -0.0020254
 0.0353137 -0.0021674
 0.0350277 -0.0024655
 0.0344460 -0.0021873
 0.0338523 -0.0019762
 0.0332814 -0.0015807
 0.0332179 -0.0011364
 0.0335244 -0.0005695
 0.0336592 -0.0001224
 0.0342251  0.0004196
 0.0345542  0.0009806
 0.0342802  0.0012515
 0.0340919  0.0015922
 0.0334138  0.0015201
 0.0325337  0.0016154
 0.0319961  0.0015755
 0.0315317  0.0013609
 0.0310517  0.0015198
 0.0308092  0.0016840
 0.0304844  0.0017016
 0.0303477  0.0014826
 0.0297441  0.0010880
 0.0295340  0.0006118
 0.0290345  0.0003372
 0.0283379  0.0001019
 0.0273302  0.0000571
 0.0263164  0.0004344
 0.0250225  0.0006855
 0.0234328  0.0010893
 0.0221677  0.0018689
 0.0208885  0.0019172
 0.0198852  0.0017438
 0.0190274  0.0018687
 0.0185909  0.0016881
 0.0180755  0.0013913
 0.0179626  0.0010764
 0.0173257  0.0006557
 0.0166312  0.0004639
 0.0164560  0.0003190
 0.0156771 -0.0000579
 0.0146999 -0.0001589
 0.0139132  0.0001412
 0.0130188  0.0002581
 0.0121175  0.0003392
 0.0119012  0.0004987
 0.0115462  0.0005709
 0.0114319  0.0002534
 0.0112637  0.0000053
 0.0116717 -0.0004391
 0.0118864 -0.0011705
 0.0121551 -0.0018264
 0.0124048 -0.0020299
 0.0125291 -0.0023244
 0.0125476 -0.0024162
 0.0125405 -0.0025987
 0.0123499 -0.0028764
 0.0125399 -0.0034240
 0.0121414 -0.0036374
 0.0117538 -0.0039030
 0.0113844 -0.0038746
 0.0110524 -0.0035790
 0.0104320 -0.0028269
 0.0096488 -0.0022994
 0.0089785 -0.0014237
 0.0084519 -0.0007654
 0.0076738 -0.0003623
 0.0070920 -0.0002800
 0.0066106 -0.0002176
 0.0061089 -0.0005306
 0.0058178 -0.0007048
 0.0056524 -0.0012422
 0.0056094 -0.0015204
 0.0054477 -0.0017765
 0.0059253 -0.0019096
 0.0058946 -0.0019356
 0.0059617 -0.0024760
 0.0063686 -0.0026524
 0.0066080 -0.0029437
 0.0069173 -0.0033732
 0.0072054 -0.0036849
 0.0072944 -0.0035886
 0.0072872 -0.0031770
 0.0074539 -0.0024010
 0.0069864 -0.0016012
 0.0065280 -0.0008969
 0.0061446 -0.0004972
 0.0053652 -0.0003741
 0.0048649 -0.0005376
 0.0042379 -0.0004867
 0.0035628 -0.0007633
 0.0025712 -0.0008664
 0.0018894 -0.0010949
 0.0010062 -0.0015834
 0.0006312 -0.0019256
 0.0001701 -0.0023267
 0.0002288 -0.0028153
 0.0004365 -0.0026489
 0.0008057 -0.0027627
 0.0010708 -0.0025633
 0.0016041 -0.0022659
 0.0016021 -0.0020455
 0.0014753 -0.0018630
 0.0012048 -0.0017834
 0.0006785 -0.0017528
 0.0004199 -0.0017866
 0.0005818 -0.0017692
 0.0007356 -0.0015998
 0.0007877 -0.0012948
 0.0011251 -0.0010575
 0.0009969 -0.0004365
 0.0009275  0.0003936
 0.0010820  0.0011702
 0.0007732  0.0017764
 0.0008370  0.0023250
 0.0009040  0.0027368
 0.0008347  0.0026498
 0.0008791  0.0029097
 0.0008951  0.0029701
 0.0003960  0.0030060
-0.0001744  0.0028004
-0.0007078  0.0029878
-0.0009885  0.0028781
-0.0016458  0.0028605
-0.0019516  0.0023853
-0.0022214  0.0016967
-0.0020546  0.0008688
-0.0017636 -0.0001154
-0.0015962 -0.0009718
-0.0012930 -0.0019121
-0.0011532 -0.0026730
-0.0009945 -0.0028252
-0.0012077 -0.0030361
-0.0014708 -0.0032318
-0.0016531 -0.0031490
-0.0020043 -0.0032682
-0.0020459 -0.0033972
-0.0021174 -0.0038413
-0.0019368 -0.0044841
-0.0013364 -0.0044235
-0.0011121 -0.0050382
-0.0008097 -0.0051560
-0.0007039 -0.0052706
-0.0006102 -0.0051545
-0.0007480 -0.0050852
-0.0007722 -0.0051714
-0.0013330 -0.0052002
-0.0017146 -0.0052413
-0.0019463 -0.0053491
-0.0018906 -0.0053073
-0.0013569 -0.0049019
-0.0008159 -0.0042363
-0.0002949 -0.0034698
 0.0000993 -0.0029689
 0.0006745 -0.0026017
 0.0010181 -0.0024638
 0.0013290 -0.0025952
 0.0016790 -0.0029186
 0.0021854 -0.0030977
 0.0021263 -0.0032266
 0.0023405 -0.0029002
 0.0019337 -0.0023543
 0.0016776 -0.0018216
 0.0016297 -0.0010587
 0.0011480 -0.0003109
 0.0007116  0.0004671
 0.0003145  0.0009366
-0.0004169  0.0009654
-0.0010846  0.0009769
-0.0014792  0.0006424
-0.0018717 -0.0000325
-0.0022278 -0.0004897
-0.0026812 -0.0010633
-0.0027936 -0.0014512
-0.0028689 -0.0014389
-0.0031952 -0.0014516
-0.0031681 -0.0014195
-0.0033486 -0.0013894
-0.0027763 -0.0016227
-0.0023960 -0.0018857
-0.0016801 -0.0020551
-0.0004366 -0.0023659
 0.0004704 -0.0025916
 0.0013860 -0.0024463
 0.0019901 -0.0024408
 0.0019872 -0.0020073
 0.0016921 -0.0017845
 0.0016083 -0.0014443
 0.0010154 -0.0015131
 0.0008110 -0.0010815
 0.0005942 -0.0010236
 0.0004551 -0.0003970
 0.0001030  0.0002044
 0.0003191  0.0005671
 0.0002283  0.0007193
 0.0002014  0.0008528
 0.0004532  0.0005700
 0.0005307 -0.0000793
 0.0006179 -0.0007188
 0.0008028 -0.0012194
 0.0006133 -0.0018973
 0.0003137 -0.0023075
 0.0004446 -0.0022669
 0.0002441 -0.0023949
 0.0000536 -0.0023377
 0.0000578 -0.0017834
 0.0001212 -0.0018708
 0.0003149 -0.0015392
 0.0006635 -0.0013637
 0.0007366 -0.0010979
 0.0004838 -0.0008233
 0.0004624 -0.0003193
 0.0000698 -0.0001053
-0.0001806  0.0002647
-0.0005088  0.0007706
-0.0004795  0.0010552
-0.0007014  0.0011909
-0.0007620  0.0014323
-0.0006183  0.0013457
-0.0006118  0.0010223
-0.0001651  0.0011281
 0.0001725  0.0007936
 0.0005623  0.0007181
 0.0007437  0.0008447
 0.0006222  0.0010981
 0.0004341  0.0014451
 0.0000364  0.0016232
-0.0004394  0.0018008
-0.0008580  0.0018471
-0.0011342  0.0018151
-0.0012101  0.0013039
-0.0010876  0.0010163
-0.0005617  0.0002095
-0.0003748  0.0001479
 0.0000509 -0.0003194
 0.0003261 -0.0005243
 0.0003907 -0.0005342
 0.0005053 -0.0007292
 0.0003228 -0.0007985
 0.0002968 -0.0010208
 0.0003861 -0.0009723
 0.0004194 -0.0009057
 0.0007232 -0.0010018
 0.0008064 -0.0007991
 0.0011549 -0.0003818
 0.0013843 -0.0003550
 0.0018032 -0.0005323
 0.0017982 -0.0005357
 0.0020489 -0.0009197
 0.0023980 -0.0013344
 0.0024240 -0.0014947
 0.0026214 -0.0015097
 0.0030187 -0.0015432
 0.0029940 -0.0012509
 0.0032954 -0.0011024
 0.0035101 -0.0009035
 0.0036577 -0.0006609
 0.0039695 -0.0005279
 0.0042037 -0.0004710
 0.0046320 -0.0001900
 0.0049878 -0.0001893
 0.0052013  0.0000236
 0.0057422  0.0002453
 0.0064173  0.0003571
 0.0068315  0.0004106
 0.0073453  0.0004197
 0.0076386  0.0003686
 0.0076496  0.0006393
 0.0073062  0.0006321
 0.0069287  0.0004785
 0.0062342  0.0004908
 0.0056853  0.0005524
 0.0051366  0.0002272
 0.0047222  0.0000148
 0.0045853 -0.0005382
 0.0046745 -0.0012098
 0.0045352 -0.0015562
 0.0046254 -0.0022864
 0.0044604 -0.0027461
 0.0043758 -0.0028585
 0.0037771 -0.0027793
 0.0031560 -0.0028889
 0.0026538 -0.0025627
 0.0021207 -0.0021804
 0.0018172 -0.0019209
 0.0014319 -0.0010991
 0.0013295 -0.0007862
 0.0007707 -0.0002622
 0.0003167 -0.0000718
-0.0003871 -0.0002810
-0.0013183 -0.0004326
-0.0024874 -0.0006502
-0.0032981 -0.0008573
-0.0040795 -0.0008084
-0.0050374 -0.0006881
-0.0051595 -0.0005953
-0.0051621 -0.0003288
-0.0050765 -0.0005531
-0.0044346 -0.0006628
-0.0035550 -0.0008721
-0.0025858 -0.0009694
-0.0019073 -0.0010261
-0.0010738 -0.0007096
-0.0005980 -0.0003947
-0.0002143 -0.0001958
 0.0001463  0.0002449
 0.0006423  0.0002693
 0.0010242  0.0003726
 0.0016239  0.0004013
 0.0024387  0.0003777
 0.0028505  0.0004191
 0.0032163  0.0005519
 0.0035520  0.0007805
 0.0037844  0.0009808
 0.0037261  0.0012532
 0.0038609  0.0014968
 0.0037848  0.0017092
 0.0035355  0.0022066
 0.0034251  0.0019714
 0.0031873  0.0021147
 0.0029598  0.0022348
 0.0025306  0.0019455
 0.0020792  0.0020584
 0.0017217  0.0022144
 0.0014506  0.0020124
 0.0015515  0.0018158
 0.0016270  0.0018452
 0.0016662  0.0017035
 0.0018428  0.0016522
 0.0023324  0.0019001
 0.0022619  0.0020416
 0.0028050  0.0020116
 0.0033412  0.0021737
 0.0036447  0.0021209
 0.0040801  0.0022889
 0.0045762  0.0022198
 0.0045241  0.0019223
 0.0047196  0.0016344
 0.0046039  0.0012589
 0.0045247  0.0007512
 0.0044276  0.0004666
 0.0043442  0.0001048
 0.0040133 -0.0002917
 0.0037953 -0.0001760
 0.0037302 -0.0005549
 0.0035338 -0.0007621
 0.0035834 -0.0009610
 0.0034921 -0.0011112
 0.0033056 -0.0012875
 0.0033281 -0.0012536
 0.0031244 -0.0013816
 0.0029758 -0.0012376
 0.0028773 -0.0013608
 0.0028781 -0.0016656
 0.0032922 -0.0019264
 0.0036307 -0.0021030
 0.0042033 -0.0024970
 0.0044789 -0.0023689
 0.0045516 -0.0021507
 0.0046733 -0.0019849
 0.0046487 -0.0013942
 0.0044670 -0.0008501
 0.0043140 -0.0006454
 0.0044281  0.0000196
 0.0039504  0.0003271
 0.0034891  0.0008935
 0.0030557  0.0012585
 0.0026303  0.0018751
 0.0018814  0.0022108
 0.0012871  0.0027407
 0.0012798  0.0030566
 0.0008401  0.0034190
 0.0003613  0.0038189
 0.0000647  0.0038249
-0.0003358  0.0040696
-0.0008122  0.0038857
-0.0010205  0.0035788
-0.0012845  0.0028208
-0.0013180  0.0023230
-0.0009760  0.0017559
-0.0009507  0.0016186
-0.0007180  0.0013380
-0.0005774  0.0014597
-0.0005895  0.0018473
-0.0004542  0.0022359
-0.0009416  0.0023927
-0.0011985  0.0025015
-0.0011995  0.0024930
-0.0018881  0.0020749
-0.0019108  0.0021613
-0.0016336  0.0021946
-0.0013259  0.0021014
-0.0008475  0.0022173
 0.0000728  0.0021448
 0.0000934  0.0018292
 0.0007544  0.0017850
 0.0007517  0.0016635
 0.0008751  0.0011444
 0.0006382  0.0009934
 0.0007829  0.0005435
 0.0009592  0.0006099
 0.0011634  0.0010938
 0.0013386  0.0020574
 0.0010105  0.0029721
 0.0005125  0.0044006
-0.0001090  0.0052985
-0.0007942  0.0062316
-0.0011335  0.0065314
-0.0016361  0.0067474
-0.0016466  0.0067696
-0.0013552  0.0064574
-0.0011507  0.0064293
-0.0008982  0.0066449
-0.0007336  0.0068736
-0.0009127  0.0072104
-0.0014085  0.0074704
-0.0020521  0.0079191
-0.0025016  0.0079569
-0.0027421  0.0077740
-0.0033011  0.0077705
-0.0035746  0.0072971
-0.0037012  0.0069087
-0.0040606  0.0063365
-0.0041762  0.0060028
-0.0044449  0.0056521
-0.0047712  0.0053555
-0.0048469  0.0052529
-0.0050887  0.0047678
-0.0049694  0.0045802
-0.0053684  0.0036492
-0.0052973  0.0029037
-0.0052271  0.0022749
-0.0051072  0.0017321
-0.0048793  0.0012478
-0.0043892  0.0008755
-0.0040355  0.0003852
-0.0038037  0.0002106
-0.0035466 -0.0001094
-0.0036241  0.0001326
-0.0034541  0.0005708
-0.0030052  0.0007135
-0.0025564  0.0014790
-0.0019058  0.0024043
-0.0013191  0.0032140
-0.0010760  0.0039898
-0.0008192  0.0044817
-0.0010582  0.0044532
-0.0015269  0.0042490
-0.0016441  0.0037459
-0.0017455  0.0029976
-0.0015999  0.0022049
-0.0011620  0.0013988
-0.0009717  0.0008040
-0.0006497  0.0005077
-0.0003936  0.0005380
-0.0004117  0.0009193
-0.0006604  0.0013891
-0.0005910  0.0015790
-0.0006828  0.0017088
-0.0003624  0.0017243
-0.0000721  0.0015281
 0.0000579  0.0012087
 0.0000509  0.0009263
 0.0003202  0.0006551
 0.0004890  0.0001825
 0.0004316  0.0003144
 0.0007397  0.0004817
 0.0001827  0.0006315
 0.0002960  0.0008272
-0.0002653  0.0009657
-0.0010383  0.0011068
-0.0012464  0.0011452
-0.0015416  0.0011064
-0.0021812  0.0012788
-0.0023710  0.0009740
-0.0026946  0.0007448
-0.0027550  0.0004648
-0.0028164  0.0004957
-0.0025646  0.0004017
-0.0025127  0.0008254
-0.0023149  0.0013293
-0.0020429  0.0017541
-0.0015862  0.0019509
-0.0014962  0.0019725
-0.0012551  0.0018248
-0.0013859  0.0012937
-0.0013678  0.0007230
-0.0014843  0.0000074
-0.0015309 -0.0005816
-0.0012820 -0.0005856
-0.0013799 -0.0005142
-0.0018414 -0.0000807
-0.0021402  0.0001817
-0.0029679  0.0005011
-0.0035248  0.0007052
-0.0040170  0.0004082
-0.0043239  0.0006593
-0.0044991  0.0002944
-0.0044791 -0.0001715
-0.0044492 -0.0008442
-0.0041941 -0.0013890
-0.0038487 -0.0023419
-0.0036295 -0.0030824
-0.0030382 -0.0036388
-0.0025785 -0.0043322
-0.0020331 -0.0046225
-0.0013620 -0.0041731
-0.0010451 -0.0040761
-0.0006603 -0.0034301
-0.0004359 -0.0029287
-0.0003800 -0.0023730
-0.0003901 -0.0016893
-0.0002001 -0.0012214
-0.0004649 -0.0009186
-0.0004431 -0.0009886
-0.0004025 -0.0013264
-0.0000248 -0.0017354
 0.0003384 -0.0019304
 0.0010459 -0.0022934
 0.0011666 -0.0026386
 0.0017865 -0.0024865
 0.0020126 -0.0025667
 0.0019512 -0.0024556
 0.0021973 -0.0021039
 0.0024345 -0.0017064
 0.0023864 -0.0015122
 0.0023768 -0.0011161
 0.0025086 -0.0010398
 0.0022215 -0.0004053
 0.0022306 -0.0005270
 0.0018184 -0.0002252
 0.0013797 -0.0001279
 0.0012273 -0.0001327
 0.0007394 -0.0002078
 0.0005581  0.0002047
 0.0007119  0.0004826
 0.0002797  0.0007223
 0.0003471  0.0009011
 0.0002615  0.0010168
 0.0002194  0.0008910
 0.0002616  0.0007172
 0.0003048  0.0005448
 0.0000612  0.0000237
-0.0000997  0.0000229
-0.0002259 -0.0000332
-0.0006845  0.0001291
-0.0007693  0.0003792
-0.0009611  0.0010888
-0.0013594  0.0016894
-0.0014582  0.0017189
-0.0015214  0.0016904
-0.0017269  0.0014092
-0.0013273  0.0008060
-0.0012589  0.0001556
-0.0011913  0.0000261
-0.0012761 -0.0001578
-0.0013158 -0.0000969
-0.0017474 -0.0001132
-0.0019106  0.0002729
-0.0023496  0.0003996
-0.0026252  0.0006677
-0.0026912  0.0008528
-0.0026821  0.0005479
-0.0026853  0.0004758
-0.0023739 -0.0000432
-0.0017667 -0.0006922
-0.0012285 -0.0010622
-0.0003716 -0.0015227
 0.0002552 -0.0021208
 0.0010215 -0.0025838
 0.0014305 -0.0030084
 0.0018936 -0.0033519
 0.0023609 -0.0033862
 0.0025141 -0.0034801
 0.0023823 -0.0036535
 0.0023716 -0.0034222
 0.0021478 -0.0036908
 0.0017039 -0.0044120
 0.0017401 -0.0049481
 0.0019139 -0.0061446
 0.0016100 -0.0069895
 0.0017998 -0.0079558
 0.0016545 -0.0090219
 0.0015386 -0.0094632
 0.0011222 -0.0094846
 0.0010112 -0.0092478
 0.0005913 -0.0086592
 0.0002340 -0.0077478
 0.0002679 -0.0068095
 0.0001102 -0.0061269
-0.0002524 -0.0055493
-0.0006140 -0.0054918
-0.0009923 -0.0059058
-0.0014658 -0.0065460
-0.0016899 -0.0073304
-0.0020258 -0.0078375
-0.0016537 -0.0082968
-0.0015883 -0.0083116
-0.0016844 -0.0076817
-0.0012653 -0.0072150
-0.0013150 -0.0061804
-0.0012977 -0.0050306
-0.0012220 -0.0042679
-0.0011547 -0.0036794
-0.0010417 -0.0030033
-0.0010102 -0.0028375
-0.0009652 -0.0029988
-0.0007453 -0.0027582
-0.0007768 -0.0026786
-0.0005562 -0.0028569
-0.0005159 -0.0030934
-0.0004009 -0.0030498
-0.0005198 -0.0032416
-0.0006072 -0.0032959
-0.0009532 -0.0036475
-0.0019044 -0.0038457
-0.0021832 -0.0039204
-0.0025878 -0.0038958
-0.0028763 -0.0038047
-0.0028660 -0.0030880
-0.0026905 -0.0026590
-0.0026554 -0.0021478
-0.0023513 -0.0016857
-0.0021510 -0.0015212
-0.0021710 -0.0014837
-0.0020230 -0.0013785
-0.0019244 -0.0012457
-0.0020930 -0.0013886
-0.0020992 -0.0013577
-0.0017619 -0.0014612
-0.0015558 -0.0014984
-0.0015570 -0.0014053
-0.0016601 -0.0013415
-0.0018299 -0.0010000
-0.0022788 -0.0006112
-0.0027674 -0.0010887
-0.0033233 -0.0011422
-0.0033245 -0.0016546
-0.0033078 -0.0022267
-0.0030089 -0.0025937
-0.0024772 -0.0027488
-0.0022537 -0.0030133
-0.0018607 -0.0031871
-0.0012923 -0.0036968
-0.0011019 -0.0041781
-0.0007785 -0.0044080
-0.0003552 -0.0044062
-0.0004757 -0.0044234
-0.0001955 -0.0037598
-0.0000604 -0.0029135
-0.0004876 -0.0022524
-0.0004189 -0.0016484
-0.0002362 -0.0011617
-0.0001197 -0.0006215
 0.0002158 -0.0003538
 0.0005343  0.0000566
 0.0008563  0.0003921
 0.0013658  0.0006093
 0.0018501  0.0005185
 0.0020562  0.0007838
 0.0026564  0.0005521
 0.0029036  0.0004645
 0.0030092  0.0001902
 0.0030100 -0.0000342
 0.0029489 -0.0002809
 0.0025115 -0.0000809
 0.0023796  0.0001735
 0.0023528  0.0005863
 0.0022472  0.0011871
 0.0024628  0.0012458
 0.0026532  0.0009777
 0.0030458  0.0009977
 0.0031944  0.0009709
 0.0032517  0.0005948
 0.0033876  0.0002803
 0.0036183  0.0003465
 0.0035690  0.0001107
 0.0036730  0.0000435
 0.0037435 -0.0002432
 0.0036343 -0.0001600
 0.0034602 -0.0002866
 0.0035121 -0.0002947
 0.0032761 -0.0002067
 0.0033560 -0.0002544
 0.0036988 -0.0001586
 0.0039247  0.0000140
 0.0042832  0.0002091
 0.0042200  0.0001084
 0.0045123  0.0001940
 0.0043905  0.0001855
 0.0040509  0.0001516
 0.0036773 -0.0003147
 0.0036193 -0.0005099
 0.0034588 -0.0010785
 0.0033363 -0.0015313
 0.0037895 -0.0018991
 0.0040235 -0.0021990
 0.0043233 -0.0023476
 0.0046019 -0.0021790
 0.0044776 -0.0020609
 0.0043598 -0.0018077
 0.0040976 -0.0017950
 0.0035747 -0.0020435
 0.0031286 -0.0020994
 0.0030426 -0.0022130
 0.0026588 -0.0021850
 0.0027091 -0.0019338
 0.0029243 -0.0016738
 0.0028400 -0.0013851
 0.0031743 -0.0011441
 0.0034561 -0.0009783
 0.0034939 -0.0007876
 0.0035355 -0.0006162
 0.0032782 -0.0007137
 0.0030769 -0.0010920
 0.0025296 -0.0010682
 0.0022436 -0.0011866
 0.0013119 -0.0016034
 0.0007669 -0.0021637
 0.0003231 -0.0027029
-0.0000705 -0.0033132
 0.0001027 -0.0040623
 0.0004325 -0.0048492
 0.0004272 -0.0052730
 0.0009602 -0.0054296
 0.0013778 -0.0054367
 0.0012640 -0.0051058
 0.0014277 -0.0046693
 0.0011336 -0.0041022
 0.0010137 -0.0034350
 0.0010351 -0.0028060
 0.0010737 -0.0026484
 0.0014974 -0.0025130
 0.0017763 -0.0021076
 0.0019027 -0.0021923
 0.0023633 -0.0025205
 0.0028380 -0.0023401
 0.0032379 -0.0020134
 0.0036248 -0.0021652
 0.0040667 -0.0017885
 0.0043826 -0.0013813
 0.0043113 -0.0009168
 0.0040592 -0.0005488
 0.0036637 -0.0002651
 0.0037493  0.0001940
 0.0038565  0.0001991
 0.0039570  0.0005187
 0.0043311  0.0008213
 0.0045729  0.0009071
 0.0043735  0.0008294
 0.0043737  0.0003122
 0.0038785 -0.0002226
 0.0034799 -0.0009340
 0.0028464 -0.0015404
 0.0025442 -0.0022613
 0.0024231 -0.0027065
 0.0027208 -0.0026007
 0.0028769 -0.0024998
 0.0031981 -0.0017735
 0.0033847 -0.0008043
 0.0030260 -0.0000783
 0.0023903  0.0005735
 0.0020891  0.0008426
 0.0012405  0.0008214
 0.0009742  0.0007275
 0.0009583  0.0006591
 0.0009672  0.0004675
 0.0014474  0.0007558
 0.0017533  0.0008499
 0.0019733  0.0009235
 0.0023060  0.0009040
 0.0025609  0.0008279
 0.0025777  0.0005388
 0.0026826  0.0001445
 0.0025724 -0.0002021
 0.0021888 -0.0006285
 0.0017762 -0.0012063
 0.0014072 -0.0016904
 0.0008354 -0.0019476
 0.0006872 -0.0021375
 0.0008030 -0.0021159
 0.0008254 -0.0019092
 0.0010406 -0.0015843
 0.0008377 -0.0013788
 0.0006859 -0.0008371
 0.0000837 -0.0008809
-0.0005843 -0.0007523
-0.0014486 -0.0009404
-0.0020308 -0.0011861
-0.0020657 -0.0016780
-0.0022577 -0.0019622
-0.0016257 -0.0020739
-0.0011670 -0.0022065
-0.0006407 -0.0024631
-0.0001920 -0.0023750
 0.0003842 -0.0025448
 0.0007526 -0.0028696
 0.0012912 -0.0024469
 0.0019764 -0.0020417
 0.0028277 -0.0015402
 0.0036098 -0.0006282
 0.0044420 -0.0002551
 0.0048143 -0.0000643
 0.0054058  0.0000687
 0.0058251 -0.0002311
 0.0065707 -0.0007297
 0.0071886 -0.0009312
 0.0073936 -0.0009898
 0.0074045 -0.0007861
 0.0073871 -0.0007850
 0.0069446 -0.0008828
 0.0065031 -0.0007986
 0.0062346 -0.0011039
 0.0063297 -0.0013211
 0.0062566 -0.0013185
 0.0062727 -0.0016135
 0.0058177 -0.0017639
 0.0055917 -0.0017228
 0.0050731 -0.0018502
 0.0044431 -0.0019895
 0.0040466 -0.0019754
 0.0033989 -0.0021397
 0.0028680 -0.0021345
 0.0029027 -0.0020287
 0.0027301 -0.0020370
 0.0025859 -0.0018316
 0.0027032 -0.0018635
 0.0024244 -0.0018883
 0.0021951 -0.0017141
 0.0021564 -0.0014399
 0.0018215 -0.0012205
 0.0020910 -0.0005882
 0.0022914  0.0000929
 0.0023798  0.0008083
 0.0024598  0.0016685
 0.0023371  0.0020018
 0.0022067  0.0022099
 0.0022293  0.0024011
 0.0019826  0.0022452
 0.0017683  0.0019868
 0.0016762  0.0016214
 0.0015059  0.0013390
 0.0011080  0.0011706
 0.0008252  0.0007329
 0.0006173  0.0005606
 0.0001419  0.0004201
 0.0000680  0.0003851
-0.0001809  0.0006389
-0.0001417  0.0008647
-0.0001357  0.0017043
 0.0000389  0.0020535
 0.0003316  0.0022068
 0.0004470  0.0021825
 0.0008627  0.0017315
 0.0011382  0.0012632
 0.0016235  0.0008645
 0.0019223  0.0003043
 0.0021641  0.0001321
 0.0024506  0.0002474
 0.0026698  0.0003263
 0.0026865  0.0002420
 0.0027545  0.0001487
 0.0024842  0.0001253
 0.0024838 -0.0002084
 0.0023078 -0.0002967
 0.0021640 -0.0005705
 0.0019535 -0.0004328
 0.0017593 -0.0002099
 0.0017576  0.0000879
 0.0014774  0.0000808
 0.0017338  0.0000471
 0.0015305 -0.0002621
 0.0016512 -0.0005728
 0.0021401 -0.0011345
 0.0021865 -0.0016158
 0.0025105 -0.0017280
 0.0028931 -0.0016955
 0.0030104 -0.0015285
 0.0030132 -0.0012448
 0.0030863 -0.0008484
 0.0025096 -0.0004549
 0.0025575 -0.0002310
 0.0021266 -0.0001654
 0.0015412  0.0001402
 0.0018073  0.0003704
 0.0017177  0.0005038
 0.0015193  0.0009170
 0.0016093  0.0012496
 0.0009585  0.0013743
 0.0003066  0.0014436
-0.0003069  0.0015128
-0.0011220  0.0014537
-0.0018689  0.0016620
-0.0022178  0.0014880
-0.0026769  0.0016490
-0.0029742  0.0016034
-0.0031365  0.0015336
-0.0033739  0.0011950
-0.0033335  0.0007313
-0.0031250  0.0006608
-0.0028353  0.0001285
-0.0022152  0.0000485
-0.0016524  0.0000757
-0.0014224  0.0004653
-0.0011366  0.0008957
-0.0010885  0.0016045
-0.0012880  0.0018514
-0.0012205  0.0022224
-0.0011343  0.0023363
-0.0004205  0.0029708
 0.0001264  0.0033666
 0.0004530  0.0035899
 0.0006733  0.0037769
 0.0008529  0.0036857
 0.0006668  0.0034576
 0.0004982  0.0031602
 0.0004545  0.0028923
 0.0001018  0.0023904
-0.0002573  0.0019255
-0.0007693  0.0018453
-0.0010297  0.0017367
-0.0013455  0.0019685
-0.0014831  0.0021912
-0.0014724  0.0025120
-0.0011827  0.0029678
-0.0006668  0.0033001
-0.0001267  0.0034419
 0.0005378  0.0034165
 0.0012135  0.0031663
 0.0014249  0.0030099
 0.0017828  0.0024353
 0.0019902  0.0017654
 0.0021521  0.0012181
 0.0022371  0.0010257
 0.0019773  0.0006193
 0.0016977  0.0005181
 0.0015529  0.0007414
 0.0009406  0.0007491
 0.0006120  0.0006907
 0.0001249  0.0004398
 0.0002466 -0.0001184
 0.0002153 -0.0003417
 0.0003166 -0.0005184
 0.0007052 -0.0006328
 0.0009395 -0.0002969
 0.0014512 -0.0001572
 0.0015697  0.0006072
 0.0018036  0.0015126
 0.0018394  0.0019694
 0.0016074  0.0024780
 0.0011556  0.0029370
 0.0009261  0.0029102
 0.0007333  0.0030150
 0.0006663  0.0030083
 0.0009238  0.0024742
 0.0010070  0.0026248
 0.0013318  0.0024771
 0.0018096  0.0024468
 0.0019385  0.0020984
 0.0021121  0.0022835
 0.0023259  0.0024047
 0.0024953  0.0027616
 0.0026138  0.0029076
 0.0026201  0.0032629
 0.0024221  0.0033454
 0.0023397  0.0032782
 0.0019382  0.0032499
 0.0011739  0.0030456
 0.0007068  0.0025398
-0.0000014  0.0022529
-0.0010436  0.0021786
-0.0012346  0.0017276
-0.0018871  0.0016107
-0.0022143  0.0016297
-0.0020336  0.0014262
-0.0019484  0.0009352
-0.0015078  0.0007885
-0.0009308  0.0004128
-0.0004011  0.0001406
-0.0002725  0.0003170
 0.0002088  0.0006087
 0.0000766  0.0008860
 0.0000090  0.0010790
-0.0000421  0.0015148
-0.0001501  0.0014910
-0.0002210  0.0015071
-0.0001754  0.0011825
-0.0003385  0.0010216
-0.0003660  0.0008290
-0.0003750  0.0002850
-0.0006544  0.0001786
-0.0005882 -0.0005443
-0.0003016 -0.0011988
-0.0003922 -0.0018644
 0.0000224 -0.0024192
 0.0001524 -0.0030389
 0.0000688 -0.0032181
 0.0002092 -0.0033637
 0.0003417 -0.0034298
 0.0000423 -0.0033434
-0.0001487 -0.0030082
-0.0003875 -0.0033576
-0.0004152 -0.0034228
-0.0004422 -0.0036334
-0.0003063 -0.0035655
-0.0004973 -0.0034767
-0.0004107 -0.0033596
-0.0007369 -0.0029740
-0.0012105 -0.0030996
-0.0018822 -0.0031848
-0.0020231 -0.0035104
-0.0022046 -0.0037775
-0.0022333 -0.0041540
-0.0023154 -0.0038859
-0.0024159 -0.0038877
-0.0027910 -0.0033855
-0.0029108 -0.0026180
-0.0030624 -0.0019155
-0.0030897 -0.0014030
-0.0033311 -0.0006783
-0.0033735 -0.0006006
-0.0035393 -0.0004465
-0.0035619 -0.0007776
-0.0035726 -0.0008789
-0.0033417 -0.0015174
-0.0032916 -0.0020073
-0.0032609 -0.0022010
-0.0031410 -0.0026168
-0.0029060 -0.0027319
-0.0026346 -0.0033427
-0.0025375 -0.0038873
-0.0024808 -0.0044252
-0.0026262 -0.0051782
-0.0028416 -0.0053464
-0.0029209 -0.0054328
-0.0030498 -0.0056118
-0.0029644 -0.0054168
-0.0026492 -0.0050461
-0.0024020 -0.0048380
-0.0018698 -0.0044788
-0.0015872 -0.0038285
-0.0014503 -0.0033000
-0.0013677 -0.0025301
-0.0012790 -0.0018005
-0.0013925 -0.0008868
-0.0013081 -0.0002024
-0.0014405  0.0004426
-0.0018818  0.0011828
-0.0021770  0.0017885
-0.0026998  0.0022518
-0.0033226  0.0024466
-0.0032717  0.0026299
-0.0033249  0.0025199
-0.0030922  0.0023223
-0.0031414  0.0021449
-0.0028834  0.0017840
-0.0027995  0.0013342
-0.0030716  0.0010193
-0.0035214  0.0009607
-0.0037330  0.0008535
-0.0040079  0.0009960
-0.0040731  0.0009750
-0.0041766  0.0013162
-0.0040208  0.0016049
-0.0039348  0.0016583
-0.0042911  0.0014373
-0.0041129  0.0014631
-0.0044835  0.0011714
-0.0046144  0.0009477
-0.0048425  0.0005037
-0.0051928  0.0002629
-0.0056941 -0.0002592
-0.0061772 -0.0005894
-0.0063845 -0.0010435
-0.0065884 -0.0014973
-0.0066351 -0.0018084
-0.0063499 -0.0021272
-0.0056718 -0.0024903
-0.0050428 -0.0026833
-0.0044975 -0.0028481
-0.0038962 -0.0026371
-0.0032575 -0.0023020
-0.0029793 -0.0020719
-0.0026751 -0.0019114
-0.0023777 -0.0014602
-0.0023016 -0.0013048
-0.0024316 -0.0015737
-0.0021292 -0.0017905
-0.0020665 -0.0019469
-0.0019048 -0.0023828
-0.0014796 -0.0026065
-0.0011044 -0.0022357
-0.0010890 -0.0020778
-0.0008617 -0.0014102
-0.0007571 -0.0008268
-0.0010260 -0.0004031
-0.0007943  0.0000158
-0.0006017  0.0003300
-0.0005586  0.0009994
-0.0004280  0.0012272
-0.0005324  0.0016362
-0.0007090  0.0019645
-0.0012516  0.0021096
-0.0013182  0.0018779
-0.0016832  0.0017408
-0.0014321  0.0013942
-0.0011726  0.0011426
-0.0001715  0.0009480
 0.0004943  0.0007053
 0.0008474  0.0005466
 0.0012364  0.0001178
 0.0012185 -0.0003665
 0.0011520 -0.0007249
 0.0011335 -0.0015677
 0.0006502 -0.0021672
 0.0005003 -0.0029406
 0.0003253 -0.0037892
 0.0004577 -0.0045046
 0.0005342 -0.0054244
 0.0008302 -0.0060480
 0.0013975 -0.0061893
 0.0016918 -0.0062286
 0.0019219 -0.0058548
 0.0022952 -0.0057185
 0.0025053 -0.0053987
 0.0028984 -0.0050977
 0.0031487 -0.0049384
 0.0031977 -0.0048851
 0.0032898 -0.0047270
 0.0036913 -0.0046212
 0.0035262 -0.0042189
 0.0032247 -0.0034289
 0.0030338 -0.0027125
 0.0024653 -0.0023685
 0.0022624 -0.0016676
 0.0017557 -0.0015560
 0.0011981 -0.0015015
 0.0011422 -0.0014815
 0.0008941 -0.0016398
 0.0010578 -0.0014795
 0.0012884 -0.0016646
 0.0013673 -0.0017396
 0.0013094 -0.0013518
 0.0014135 -0.0011703
 0.0010385 -0.0007708
 0.0007681 -0.0002683
 0.0006508  0.0000343
 0.0002578  0.0003850
 0.0002495  0.0010161
 0.0000406  0.0011275
-0.0002723  0.0013615
-0.0004689  0.0016393
-0.0008504  0.0015139
-0.0012307  0.0015301
-0.0010598  0.0014307
-0.0008327  0.0015066
-0.0007520  0.0016576
-0.0004389  0.0015999
-0.0001890  0.0016209
-0.0000029  0.0015718
 0.0004977  0.0016481
 0.0007535  0.0014652
 0.0008265  0.0018205
 0.0006824  0.0020420
 0.0002591  0.0021350
 0.0001159  0.0020402
 0.0001642  0.0020715
 0.0003081  0.0019187
 0.0009501  0.0018825
 0.0020166  0.0017009
 0.0029410  0.0016944
 0.0038186  0.0014233
 0.0041400  0.0015450
 0.0039329  0.0014925
 0.0039066  0.0011848
 0.0035824  0.0007314
 0.0031462  0.0002522
 0.0031059 -0.0003882
 0.0029753 -0.0006447
 0.0031094 -0.0010729
 0.0035893 -0.0015307
 0.0039292 -0.0013860
 0.0041754 -0.0015114
 0.0044267 -0.0016381
 0.0048290 -0.0014775
 0.0045401 -0.0015867
 0.0044331 -0.0017266
 0.0038758 -0.0018365
 0.0033745 -0.0017923
 0.0028181 -0.0015551
 0.0027055 -0.0013855
 0.0023454 -0.0013527
 0.0022761 -0.0011118
 0.0021025 -0.0011823
 0.0025135 -0.0015497
 0.0028339 -0.0020754
 0.0033398 -0.0024034
 0.0036520 -0.0025581
 0.0038658 -0.0025016
 0.0033625 -0.0019676
 0.0030621 -0.0014520
 0.0024177 -0.0008493
 0.0019740 -0.0005242
 0.0019358 -0.0005459
 0.0021823 -0.0006502
 0.0021881 -0.0010758
 0.0022103 -0.0013322
 0.0024337 -0.0016170
 0.0021773 -0.0016737
 0.0020562 -0.0016997
 0.0016647 -0.0015944
 0.0016635 -0.0015205
 0.0017462 -0.0016380
 0.0018403 -0.0017638
 0.0016551 -0.0019906
 0.0016545 -0.0021866
 0.0016160 -0.0021696
 0.0015244 -0.0022508
 0.0018825 -0.0024558
 0.0021338 -0.0023272
 0.0025978 -0.0020862
 0.0028864 -0.0018399
 0.0027962 -0.0018685
 0.0024447 -0.0018883
 0.0022404 -0.0022507
 0.0017216 -0.0027723
 0.0014667 -0.0034963
 0.0011134 -0.0039715
 0.0011923 -0.0040428
 0.0010803 -0.0039504
 0.0011215 -0.0034851
 0.0009412 -0.0030192
 0.0007628 -0.0023079
 0.0007026 -0.0016385
 0.0004729 -0.0013527
 0.0006849 -0.0015088
 0.0003934 -0.0014052
 0.0002670 -0.0013782
 0.0001220 -0.0013782
 0.0002381 -0.0011468
 0.0001154 -0.0010059
 0.0001001 -0.0009678
 0.0003805 -0.0009428
 0.0007285 -0.0011263
 0.0008630 -0.0010254
 0.0009568 -0.0012036
 0.0008609 -0.0012545
 0.0005240 -0.0014669
 0.0005914 -0.0017843
 0.0005991 -0.0023119
 0.0008084 -0.0028533
 0.0007497 -0.0036550
 0.0010991 -0.0042149
 0.0010430 -0.0045355
 0.0013178 -0.0044822
 0.0013251 -0.0044531
 0.0016344 -0.0041941
 0.0018867 -0.0038394
 0.0018595 -0.0030357
 0.0022073 -0.0023827
 0.0023232 -0.0017012
 0.0025560 -0.0011910
 0.0031334 -0.0008240
 0.0030593 -0.0004103
 0.0032521 -0.0000136
 0.0035028  0.0000966
 0.0033787  0.0000013
 0.0037580 -0.0002726
 0.0041921 -0.0005179
 0.0048011 -0.0005354
 0.0053313 -0.0006868
 0.0059656 -0.0005045
 0.0065203 -0.0003898
 0.0069539 -0.0003820
 0.0070022 -0.0002500
 0.0070700 -0.0000534
 0.0069974  0.0000960
 0.0069596  0.0003116
 0.0068286  0.0002984
 0.0067016  0.0005851
 0.0063179  0.0008982
 0.0056664  0.0012300
 0.0050693  0.0014809
 0.0043667  0.0021562
 0.0037583  0.0023366
 0.0028244  0.0025258
 0.0022615  0.0026614
 0.0019504  0.0024275
 0.0020309  0.0022317
 0.0021506  0.0016334
 0.0024328  0.0011493
 0.0024798  0.0007329
 0.0023413  0.0000443
 0.0025304 -0.0003449
 0.0025837 -0.0006899
 0.0024289 -0.0009869
 0.0023099 -0.0013003
 0.0022271 -0.0012293
 0.0020220 -0.0012549
 0.0019970 -0.0013616
 0.0021552 -0.0011252
 0.0020942 -0.0008488
 0.0016981 -0.0005928
 0.0014357 -0.0002708
 0.0011660  0.0000904
 0.0011771  0.0000648
 0.0013382  0.0003298
 0.0018124  0.0003389
 0.0024719  0.0005561
 0.0029582  0.0010664
 0.0034853  0.0015919
 0.0034273  0.0021670
 0.0027975  0.0027220
 0.0020011  0.0031039
 0.0013319  0.0034394
 0.0001827  0.0034093
-0.0007645  0.0034067
-0.0012018  0.0030211
-0.0016085  0.0029506
-0.0019200  0.0029389
-0.0022228  0.0027328
-0.0025516  0.0027943
-0.0027322  0.0030787
-0.0029620  0.0033238
-0.0032726  0.0036365
-0.0030578  0.0039706
-0.0029145  0.0042465
-0.0025347  0.0043107
-0.0017474  0.0041647
-0.0011424  0.0039116
-0.0005124  0.0040308
-0.0000275  0.0043100
 0.0001707  0.0042853
 0.0003017  0.0043065
 0.0000494  0.0044098
-0.0001228  0.0043493
-0.0005510  0.0040442
-0.0005809  0.0041048
-0.0009426  0.0036379
-0.0011275  0.0031738
-0.0013254  0.0031046
-0.0013828  0.0027382
-0.0016324  0.0027272
-0.0011511  0.0027464
-0.0009961  0.0030248
-0.0004188  0.0031971
 0.0000380  0.0032145
 0.0003099  0.0035888
 0.0007120  0.0039906
 0.0014012  0.0041707
 0.0014273  0.0046366
 0.0014722  0.0050158
 0.0014349  0.0051069
 0.0011571  0.0055401
 0.0008372  0.0055318
 0.0006026  0.0054416
 0.0000178  0.0052158
-0.0004047  0.0053309
-0.0010685  0.0052392
-0.0013664  0.0051706
-0.0016937  0.0055127
-0.0018857  0.0055965
-0.0016838  0.0058920
-0.0015114  0.0063903
-0.0012718  0.0067724
-0.0010400  0.0071951
-0.0014444  0.0074154
-0.0017426  0.0074779
-0.0019969  0.0073485
-0.0023569  0.0072372
-0.0025717  0.0069421
-0.0023295  0.0066477
-0.0021263  0.0061775
-0.0019295  0.0055480
-0.0016299  0.0052254
-0.0014711  0.0053564
-0.0015601  0.0052086
-0.0015335  0.0050459
-0.0015532  0.0048244
-0.0016714  0.0049397
-0.0017887  0.0048190
-0.0018220  0.0046688
-0.0020057  0.0044844
-0.0020352  0.0040003
-0.0023733  0.0038988
-0.0026586  0.0035948
-0.0031194  0.0032907
-0.0032238  0.0032702
-0.0034107  0.0031781
-0.0029250  0.0029643
-0.0029795  0.0029761
-0.0024741  0.0028659
-0.0021245  0.0024030
-0.0016727  0.0025966
-0.0013939  0.0024163
-0.0013856  0.0023342
-0.0012907  0.0024174
-0.0015693  0.0023516
-0.0018968  0.0025864
-0.0020958  0.0026383
-0.0025028  0.0027675
-0.0029868  0.0028380
-0.0031499  0.0030496
-0.0034244  0.0030883
-0.0038077  0.0027627
-0.0038789  0.0023226
-0.0039519  0.0017023
-0.0040374  0.0013428
-0.0038866  0.0007781
-0.0036407  0.0007208
-0.0034774  0.0008736
-0.0033633  0.0012981
-0.0033748  0.0019950
-0.0038876  0.0024225
-0.0042148  0.0022380
-0.0043184  0.0022889
-0.0046444  0.0019191
-0.0048033  0.0013793
-0.0048246  0.0009340
-0.0047630  0.0004370
-0.0046718  0.0000260
-0.0039773 -0.0004928
-0.0037008 -0.0012245
-0.0031260 -0.0017544
-0.0028214 -0.0023253
-0.0024805 -0.0027319
-0.0023612 -0.0028363
-0.0022320 -0.0028589
-0.0021743 -0.0029345
-0.0018725 -0.0028812
-0.0013519 -0.0024613
-0.0005247 -0.0022669
 0.0001320 -0.0017246
 0.0008306 -0.0017002
 0.0012251 -0.0011644
 0.0014536 -0.0008634
 0.0017462 -0.0003910
 0.0017678 -0.0000546
 0.0015118  0.0001062
 0.0010566  0.0005748
 0.0006212  0.0009180
-0.0002335  0.0009793
-0.0007757  0.0008729
-0.0016615  0.0007326
-0.0019701  0.0003674
-0.0022166  0.0004548
-0.0025466  0.0005375
-0.0026879  0.0005297
-0.0025896  0.0009819
-0.0029132  0.0012875
-0.0028359  0.0016939
-0.0027478  0.0017900
-0.0031302  0.0017525
-0.0029337  0.0014646
-0.0028370  0.0007057
-0.0026426  0.0002249
-0.0021476 -0.0003303
-0.0019750 -0.0006278
-0.0018412 -0.0007243
-0.0017651 -0.0008299
-0.0018539 -0.0004197
-0.0018442 -0.0002877
-0.0020147 -0.0002799
-0.0021069  0.0001334
-0.0020157  0.0003353
-0.0019160  0.0004146
-0.0015951  0.0000995
-0.0012511 -0.0000499
-0.0006945 -0.0002376
-0.0005005 -0.0003369
-0.0002999 -0.0003031
-0.0002096 -0.0006734
-0.0001345 -0.0006596
-0.0002908 -0.0008195
-0.0002107 -0.0010084
-0.0001392 -0.0012648
 0.0001531 -0.0016043
 0.0003408 -0.0019150
 0.0004972 -0.0021396
 0.0006054 -0.0022131
 0.0006226 -0.0026019
 0.0003650 -0.0024967
 0.0004425 -0.0022385
 0.0000369 -0.0019401
-0.0001710 -0.0015679
-0.0004053 -0.0011169
-0.0007180 -0.0005426
-0.0010695 -0.0001509
-0.0011409  0.0002132
-0.0012408  0.0002667
-0.0011812  0.0002542
-0.0008604  0.0001282
-0.0004490 -0.0003642
 0.0000878 -0.0008388
 0.0008089 -0.0013784
 0.0015859 -0.0017766
 0.0023354 -0.0019538
 0.0025452 -0.0021480
 0.0025736 -0.0020273
 0.0020352 -0.0020978
 0.0020449 -0.0022593
 0.0016955 -0.0020780
 0.0015249 -0.0021941
 0.0014417 -0.0021911
 0.0011289 -0.0024537
 0.0009405 -0.0025246
 0.0008671 -0.0028838
 0.0002810 -0.0026040
 0.0001258 -0.0023703
-0.0002243 -0.0025138
-0.0007724 -0.0023013
-0.0013340 -0.0025066
-0.0015874 -0.0027335
-0.0020862 -0.0028270
-0.0020027 -0.0027793
-0.0020390 -0.0023375
-0.0022411 -0.0016883
-0.0025465 -0.0011135
-0.0025267 -0.0003958
-0.0028374  0.0000673
-0.0031673  0.0001112
-0.0031187 -0.0002393
-0.0032364 -0.0004845
-0.0028264 -0.0012389
-0.0023356 -0.0015817
-0.0017855 -0.0019663
-0.0014306 -0.0018635
-0.0009400 -0.0015746
-0.0010587 -0.0011572
-0.0009950 -0.0010534
-0.0010275 -0.0012852
-0.0009623 -0.0011659
-0.0009468 -0.0012712
-0.0008146 -0.0016625
-0.0005759 -0.0022263
-0.0003167 -0.0027259
-0.0000208 -0.0030582
 0.0001250 -0.0033188
 0.0001555 -0.0037599
 0.0001185 -0.0037502
-0.0000034 -0.0036093
-0.0003361 -0.0035724
-0.0004507 -0.0033420
-0.0007095 -0.0034303
-0.0009481 -0.0035565
-0.0005499 -0.0036566
-0.0002822 -0.0036048
 0.0002441 -0.0039169
 0.0007203 -0.0034142
 0.0008519 -0.0031807
 0.0010311 -0.0029670
 0.0009891 -0.0028553
 0.0011811 -0.0027225
 0.0014771 -0.0031158
 0.0016198 -0.0031156
 0.0017310 -0.0032712
 0.0016356 -0.0034428
 0.0015980 -0.0032916
 0.0014961 -0.0030617
 0.0015149 -0.0025439
 0.0013528 -0.0020479
 0.0013368 -0.0014620
 0.0014158 -0.0007242
 0.0015258 -0.0000915
 0.0018747  0.0004067
 0.0018947  0.0009913
 0.0017713  0.0010985
 0.0013397  0.0014577
 0.0005540  0.0012675
-0.0000195  0.0013883
-0.0008316  0.0014212
-0.0014063  0.0011795
-0.0019516  0.0012928
-0.0021601  0.0010839
-0.0025707  0.0012246
-0.0027823  0.0012102
-0.0026939  0.0009213
-0.0031095  0.0010144
-0.0030462  0.0011498
-0.0030710  0.0008932
-0.0028674  0.0011466
-0.0027283  0.0012855
-0.0025111  0.0014085
-0.0021675  0.0014156
-0.0015837  0.0011298
-0.0007863  0.0007133
-0.0001627  0.0001196
 0.0003949 -0.0004664
 0.0010191 -0.0013486
 0.0014822 -0.0019645
 0.0016069 -0.0024846
 0.0019576 -0.0030634
 0.0019203 -0.0031930
 0.0019199 -0.0035616
 0.0019362 -0.0036034
 0.0015464 -0.0032356
 0.0013945 -0.0027114
 0.0012417 -0.0020943
 0.0007281 -0.0013467
 0.0005423 -0.0006472
 0.0005421  0.0000075
 0.0005266  0.0003886
 0.0006934  0.0001548
 0.0011274  0.0000074
 0.0013313 -0.0006695
 0.0012754 -0.0012757
 0.0010539 -0.0016232
 0.0007616 -0.0019964
 0.0000414 -0.0020845
-0.0006981 -0.0017332
-0.0011394 -0.0016113
-0.0017475 -0.0015849
-0.0018969 -0.0012100
-0.0017189 -0.0008527
-0.0015497 -0.0005543
-0.0012550 -0.0001275
-0.0008795  0.0004727
-0.0003706  0.0010016
-0.0001108  0.0015120
-0.0000988  0.0018101
 0.0001705  0.0019969
 0.0001487  0.0020070
 0.0001239  0.0019012
 0.0002830  0.0017492
 0.0004359  0.0013148
 0.0007983  0.0006205
 0.0007262  0.0001881
 0.0008338 -0.0003241
 0.0009227 -0.0006526
 0.0005163 -0.0006253
 0.0002040 -0.0004545
 0.0000352  0.0003053
-0.0002592  0.0008381
-0.0005550  0.0012417
-0.0010274  0.0014096
-0.0016144  0.0014880
-0.0020780  0.0012611
-0.0023360  0.0004471
-0.0025094 -0.0004068
-0.0026047 -0.0012143
-0.0024187 -0.0023577
-0.0021686 -0.0027950
-0.0018906 -0.0033564
-0.0014301 -0.0039175
-0.0013674 -0.0040756
-0.0010266 -0.0040962
-0.0008579 -0.0042946
-0.0005716 -0.0044189
-0.0003708 -0.0042122
-0.0000348 -0.0041015
 0.0001680 -0.0038508
 0.0000835 -0.0032177
-0.0000966 -0.0027011
-0.0003435 -0.0020505
-0.0003715 -0.0018119
-0.0006213 -0.0014871
-0.0006041 -0.0012568
-0.0010167 -0.0011072
-0.0012229 -0.0009427
-0.0014365 -0.0007238
-0.0020308 -0.0006762
-0.0022555 -0.0003679
-0.0025147 -0.0003473
-0.0029059 -0.0002760
-0.0032729 -0.0004551
-0.0035388 -0.0005015
-0.0038172 -0.0006721
-0.0038735 -0.0011584
-0.0037899 -0.0015216
-0.0037098 -0.0020357
-0.0034677 -0.0025349
-0.0031160 -0.0028529
-0.0028045 -0.0033354
-0.0024552 -0.0033883
-0.0021039 -0.0033629
-0.0018048 -0.0030284
-0.0015260 -0.0026818
-0.0015756 -0.0023339
-0.0011709 -0.0022099
-0.0009244 -0.0021946
-0.0007475 -0.0021586
-0.0003668 -0.0023839
-0.0005035 -0.0025671
-0.0007167 -0.0021930
-0.0007924 -0.0022855
-0.0009410 -0.0019223
-0.0013363 -0.0011500
-0.0014731 -0.0006635
-0.0015331 -0.0003617
-0.0018168  0.0003142
-0.0017522  0.0005128
-0.0016830  0.0008889
-0.0015136  0.0012555
-0.0013416  0.0014243
-0.0012435  0.0019157
-0.0012203  0.0017713
-0.0014736  0.0016766
-0.0017950  0.0013928
-0.0017618  0.0009775
-0.0022568  0.0007058
-0.0023519  0.0008630
-0.0024280  0.0008222
-0.0027746  0.0008010
-0.0034600  0.0008523
-0.0032890  0.0005549
-0.0033397  0.0001584
-0.0033615 -0.0001010
-0.0031689  0.0000724
-0.0028990 -0.0000489
-0.0026450  0.0000752
-0.0022223  0.0000771
-0.0022833  0.0001067
-0.0021812  0.0003072
-0.0021749  0.0001067
-0.0022852 -0.0000489
-0.0026742 -0.0001761
-0.0030101 -0.0007042
-0.0034726 -0.0009568
-0.0037112 -0.0011992
-0.0036311 -0.0013494
-0.0037144 -0.0014661
-0.0035436 -0.0017483
-0.0033056 -0.0019444
-0.0031273 -0.0021887
-0.0025465 -0.0022537
-0.0018506 -0.0020478
-0.0013233 -0.0014572
-0.0006724 -0.0010633
-0.0001286 -0.0007427
 0.0002245 -0.0003062
 0.0006992 -0.0001655
 0.0006889  0.0001594
 0.0007463  0.0002258
 0.0007089 -0.0000556
 0.0004241 -0.0003638
-0.0000243 -0.0006546
-0.0002330 -0.0007226
-0.0004871 -0.0007926
-0.0008283 -0.0006259
-0.0009831 -0.0004048
-0.0010615 -0.0000822
-0.0015500  0.0000818
-0.0019101  0.0001997
-0.0022113  0.0002961
-0.0023829  0.0002802
-0.0026397  0.0000439
-0.0023627 -0.0003112
-0.0024402 -0.0005510
-0.0021344 -0.0008193
-0.0017252 -0.0010393
-0.0014371 -0.0009652
-0.0012910 -0.0006021
-0.0013879 -0.0003958
-0.0012734 -0.0000546
-0.0015887  0.0000834
-0.0017747  0.0000895
-0.0020763  0.0000426
-0.0020596 -0.0001813
-0.0019294 -0.0005170
-0.0018726 -0.0009201
-0.0015693 -0.0013295
-0.0012073 -0.0017746
-0.0010099 -0.0020193
-0.0009160 -0.0027500
-0.0003278 -0.0028901
-0.0002245 -0.0030952
 0.0000585 -0.0028779
 0.0002786 -0.0028044
 0.0006932 -0.0027664
 0.0011339 -0.0026921
 0.0014747 -0.0031376
 0.0017976 -0.0038181
 0.0024894 -0.0040732
 0.0026368 -0.0044407
 0.0029456 -0.0045140
 0.0028954 -0.0040293
 0.0024014 -0.0037144
 0.0020630 -0.0032706
 0.0018482 -0.0025364
 0.0015946 -0.0019449
 0.0011426 -0.0012531
 0.0011321 -0.0007235
 0.0007520 -0.0002715
 0.0006018 -0.0000660
 0.0006430  0.0003266
 0.0005887  0.0002965
 0.0005796  0.0007756
 0.0005040  0.0008057
 0.0002229  0.0014200
-0.0001925  0.0016925
-0.0005224  0.0018694
-0.0011361  0.0018821
-0.0015112  0.0016811
-0.0019999  0.0017388
-0.0021330  0.0013142
-0.0020458  0.0013586
-0.0020851  0.0010637
-0.0018948  0.0011444
-0.0018877  0.0012051
-0.0017466  0.0014671
-0.0016279  0.0013456
-0.0012670  0.0010639
-0.0010599  0.0011461
-0.0009160  0.0006384
-0.0010880  0.0002915
-0.0012283  0.0000600
-0.0015670 -0.0003896
-0.0020050 -0.0006859
-0.0025866 -0.0006829
-0.0027899 -0.0012748
-0.0032685 -0.0015281
-0.0032245 -0.0022617
-0.0028820 -0.0029375
-0.0024837 -0.0034856
-0.0021086 -0.0041874
-0.0018573 -0.0048574
-0.0014293 -0.0054143
-0.0012996 -0.0058962
-0.0013533 -0.0063730
-0.0012368 -0.0066596
-0.0007846 -0.0071221
-0.0002614 -0.0069431
 0.0001591 -0.0068145
 0.0006823 -0.0063099
 0.0010639 -0.0057947
 0.0010990 -0.0053058
 0.0012126 -0.0048639
 0.0010144 -0.0043527
 0.0008030 -0.0039193
 0.0007043 -0.0037319
 0.0004517 -0.0033376
 0.0005476 -0.0033110
 0.0004763 -0.0030044
 0.0005145 -0.0027284
 0.0005173 -0.0025663
 0.0003455 -0.0023757
 0.0002611 -0.0021230
 0.0002386 -0.0022896
 0.0001730 -0.0022660
-0.0000475 -0.0021776
 0.0000214 -0.0022596
 0.0000311 -0.0020341
-0.0005144 -0.0017990
-0.0008689 -0.0019344
-0.0009289 -0.0020699
-0.0010930 -0.0023402
-0.0010823 -0.0030898
-0.0010674 -0.0033900
-0.0011092 -0.0037708
-0.0010030 -0.0042914
-0.0007289 -0.0044501
-0.0006725 -0.0042900
-0.0006418 -0.0041374
-0.0004884 -0.0033443
-0.0006961 -0.0029607
-0.0009733 -0.0024950
-0.0011762 -0.0022321
-0.0013605 -0.0019666
-0.0012562 -0.0021569
-0.0015347 -0.0019923
-0.0014576 -0.0021065
-0.0014655 -0.0019492
-0.0015280 -0.0018363
-0.0013479 -0.0017162
-0.0010812 -0.0012987
-0.0010826 -0.0009747
-0.0006596 -0.0002849
-0.0004884  0.0001241
-0.0004982  0.0006269
-0.0000894  0.0013232
 0.0004240  0.0016760
 0.0006011  0.0022564
 0.0008651  0.0024546
 0.0013157  0.0025844
 0.0012862  0.0022388
 0.0014948  0.0020966
 0.0015708  0.0016201
 0.0013681  0.0011192
 0.0013476  0.0006622
 0.0013520  0.0002414
 0.0012734  0.0003980
 0.0016509  0.0004943
 0.0015126  0.0011387
 0.0016085  0.0013216
 0.0015104  0.0016039
 0.0011699  0.0013283
 0.0009422  0.0015510
 0.0005752  0.0009803
 0.0002685  0.0006718
-0.0000456  0.0008243
-0.0003242  0.0006329
-0.0005287  0.0006510
-0.0009340  0.0007861
-0.0009823  0.0007623
-0.0010231  0.0008524
-0.0010483  0.0007389
-0.0008676  0.0007434
-0.0007841  0.0009947
-0.0006321  0.0008730
-0.0006073  0.0005537
-0.0004752  0.0006256
 0.0000105  0.0003167
 0.0004860  0.0000986
 0.0010024  0.0000752
 0.0012138 -0.0000223
 0.0015132  0.0001338
 0.0014936  0.0002937
 0.0012643  0.0004578
 0.0010991  0.0009368
 0.0007727  0.0012996
 0.0004937  0.0014365
 0.0000199  0.0018435
-0.0006435  0.0022406
-0.0012949  0.0025452
-0.0017348  0.0026589
-0.0020547  0.0025469
-0.0023533  0.0023196
-0.0021742  0.0020120
-0.0021017  0.0017186
-0.0017328  0.0012801
-0.0014621  0.0007746
-0.0014863  0.0000256
-0.0012156 -0.0008004
-0.0011183 -0.0011648
-0.0009067 -0.0017497
-0.0004680 -0.0022189
-0.0002048 -0.0023501
 0.0001254 -0.0022690
 0.0002162 -0.0022329
 0.0003432 -0.0019107
 0.0005024 -0.0018866
 0.0005729 -0.0014782
 0.0004594 -0.0011885
 0.0004763 -0.0012747
 0.0001761 -0.0010558
 0.0002070 -0.0008452
-0.0000005 -0.0006929
-0.0000911 -0.0006305
-0.0002435 -0.0005780
-0.0002135 -0.0004902
-0.0006088 -0.0005853
-0.0008510 -0.0005191
-0.0013631 -0.0008086
-0.0019154 -0.0009838
-0.0020301 -0.0011881
-0.0020979 -0.0012850
-0.0017069 -0.0012572
-0.0013803 -0.0008639
-0.0007551 -0.0004311
-0.0001129  0.0000124
 0.0008002  0.0005676
 0.0011874  0.0011153
 0.0017599  0.0015279
 0.0018570  0.0020069
 0.0016953  0.0020964
 0.0012037  0.0024511
 0.0008045  0.0024509
 0.0001998  0.0021864
-0.0003069  0.0015016
-0.0008440  0.0007496
-0.0011035 -0.0000587
-0.0011412 -0.0010182
-0.0012439 -0.0014599
-0.0011939 -0.0021095
-0.0011268 -0.0022545
-0.0012124 -0.0024402
-0.0010639 -0.0023563
-0.0007027 -0.0023981
-0.0003449 -0.0025933
 0.0003397 -0.0025493
 0.0010630 -0.0023230
 0.0013771 -0.0025277
 0.0016128 -0.0025788
 0.0019271 -0.0025356
 0.0017073 -0.0027492
 0.0017507 -0.0027743
 0.0018445 -0.0023466
 0.0020228 -0.0020161
 0.0019600 -0.0018835
 0.0020801 -0.0018350
 0.0024165 -0.0019666
 0.0023812 -0.0022313
 0.0026603 -0.0022650
 0.0026645 -0.0019853
 0.0027095 -0.0017705
 0.0030654 -0.0019078
 0.0031527 -0.0015867
 0.0033004 -0.0013740
 0.0034274 -0.0014616
 0.0032855 -0.0014188
 0.0031036 -0.0010583
 0.0024070 -0.0007712
 0.0017535 -0.0002647
 0.0009404  0.0002870
 0.0000816  0.0007977
-0.0001699  0.0011841
-0.0004928  0.0016943
-0.0002530  0.0017270
 0.0002217  0.0015312
 0.0004342  0.0014093
 0.0005635  0.0010439
 0.0010522  0.0007353
 0.0008542  0.0002329
 0.0007274 -0.0004327
 0.0005946 -0.0006085
 0.0001227 -0.0010286
-0.0001827 -0.0014426
-0.0003920 -0.0015987
-0.0008111 -0.0021829
-0.0010122 -0.0026967
-0.0009127 -0.0030276
-0.0010001 -0.0030630
-0.0010239 -0.0033442
-0.0011142 -0.0035586
-0.0012107 -0.0035199
-0.0014134 -0.0036541
-0.0014130 -0.0040730
-0.0015579 -0.0042638
-0.0014179 -0.0047202
-0.0014256 -0.0046826
-0.0012722 -0.0045815
-0.0013510 -0.0044493
-0.0016300 -0.0041049
-0.0015971 -0.0037005
-0.0016781 -0.0030545
-0.0014791 -0.0022743
-0.0017068 -0.0017147
-0.0016091 -0.0011431
-0.0012389 -0.0006333
-0.0009389 -0.0006069
-0.0008260 -0.0008291
-0.0008840 -0.0009011
-0.0008712 -0.0009542
-0.0012307 -0.0010920
-0.0012759 -0.0010668
-0.0016142 -0.0013304
-0.0015470 -0.0014216
-0.0014173 -0.0011426
-0.0008898 -0.0006543
-0.0004497 -0.0002062
-0.0003824  0.0005074
-0.0006293  0.0012780
-0.0009196  0.0013302
-0.0014023  0.0015823
-0.0015939  0.0013391
-0.0013753  0.0008747
-0.0012396  0.0003510
-0.0007075  0.0000117
-0.0005368 -0.0003867
 0.0000268 -0.0002847
-0.0000508 -0.0001043
-0.0000044  0.0002312
-0.0003684  0.0005552
-0.0004136  0.0008726
-0.0006445  0.0009427
-0.0007152  0.0009073
-0.0007372  0.0009837
-0.0007093  0.0006181
-0.0007606  0.0003746
-0.0005919  0.0003511
-0.0005574  0.0001040
-0.0001315  0.0003180
 0.0000926  0.0002384
 0.0005460  0.0001673
 0.0012006  0.0000975
 0.0014911 -0.0001543
 0.0018978 -0.0001848
 0.0021245 -0.0005358
 0.0025983 -0.0009072
 0.0028260 -0.0014610
 0.0031712 -0.0020712
 0.0034176 -0.0025293
 0.0038817 -0.0027870
 0.0037939 -0.0032552
 0.0036205 -0.0038378
 0.0034753 -0.0037215
 0.0032379 -0.0039811
 0.0027718 -0.0041057
 0.0022952 -0.0037421
 0.0017023 -0.0032909
 0.0013358 -0.0027164
 0.0011024 -0.0022209
 0.0009529 -0.0017909
 0.0006656 -0.0016863
 0.0004719 -0.0014272
 0.0002200 -0.0016398
-0.0003101 -0.0016216
-0.0007623 -0.0019567
-0.0011924 -0.0016666
-0.0016485 -0.0014411
-0.0018941 -0.0010455
-0.0020284 -0.0007950
-0.0018093  0.0000516
-0.0019099  0.0004866
-0.0019628  0.0007991
-0.0021944  0.0011389
-0.0023255  0.0011076
-0.0024559  0.0012664
-0.0020762  0.0009278
-0.0020211  0.0008194
-0.0017250  0.0003961
-0.0017534  0.0003285
-0.0014722 -0.0002194
-0.0012338 -0.0003832
-0.0014750 -0.0003178
-0.0013210 -0.0003535
-0.0014447 -0.0000396
-0.0015354 -0.0000666
-0.0013286 -0.0000945
-0.0013629 -0.0000757
-0.0012844 -0.0001792
-0.0011881 -0.0004449
-0.0008271 -0.0007697
-0.0005411 -0.0008347
-0.0000484 -0.0010455
 0.0003848 -0.0011767
 0.0007827 -0.0011274
 0.0008943 -0.0012314
 0.0014214 -0.0012000
 0.0019691 -0.0010242
 0.0023751 -0.0010801
 0.0028497 -0.0010034
 0.0031503 -0.0014251
 0.0031913 -0.0015983
 0.0033764 -0.0019454
 0.0032438 -0.0025895
 0.0027805 -0.0030644
 0.0023935 -0.0035971
 0.0020434 -0.0036985
 0.0014521 -0.0037036
 0.0010441 -0.0037676
 0.0008283 -0.0033205
 0.0003775 -0.0029957
 0.0002055 -0.0025764
 0.0002790 -0.0020840
 0.0001020 -0.0016417
 0.0000015 -0.0008740
-0.0001838 -0.0003148
-0.0006893  0.0000666
-0.0010208  0.0004572
-0.0012176  0.0004131
-0.0015898  0.0003067
-0.0015700 -0.0001357
-0.0014939 -0.0008164
-0.0013151 -0.0013163
-0.0006657 -0.0014645
-0.0001416 -0.0018053
 0.0003727 -0.0017224
 0.0009610 -0.0014448
 0.0015704 -0.0011953
 0.0020040 -0.0011290
 0.0023855 -0.0013170
 0.0029096 -0.0011209
 0.0032491 -0.0012126
 0.0033440 -0.0009010
 0.0035057 -0.0008207
 0.0032614 -0.0002510
 0.0031259 -0.0000269
 0.0027627 -0.0002526
 0.0027079 -0.0004780
 0.0023189 -0.0009532
 0.0023033 -0.0013541
 0.0019626 -0.0013366
 0.0018387 -0.0014252
 0.0011194 -0.0010802
 0.0005771 -0.0001879
 0.0000649  0.0004274
-0.0007341  0.0013673
-0.0012543  0.0021544
-0.0018426  0.0027300
-0.0024018  0.0030794
-0.0026994  0.0035395
-0.0030638  0.0038613
-0.0033716  0.0041880
-0.0030246  0.0044046
-0.0030704  0.0046376
-0.0029981  0.0044492
-0.0028394  0.0042510
-0.0026799  0.0037916
-0.0024826  0.0033408
-0.0022593  0.0026415
-0.0020274  0.0019737
-0.0019379  0.0008400
-0.0018489  0.0002939
-0.0016133 -0.0001534
-0.0014637 -0.0004177
-0.0010482 -0.0003876
-0.0006721  0.0000046
-0.0006773  0.0002701
-0.0004870  0.0005688
-0.0005080  0.0009046
-0.0007391  0.0009506
-0.0011164  0.0009861
-0.0012989  0.0007442
-0.0015501  0.0004075
-0.0016084  0.0001562
-0.0019355 -0.0003346
-0.0016754 -0.0009489
-0.0011104 -0.0014841
-0.0004586 -0.0017501
 0.0001063 -0.0016952
 0.0005076 -0.0016625
 0.0008142 -0.0011635
 0.0006881 -0.0004232
 0.0004858  0.0001061
-0.0004725  0.0003478
-0.0011756  0.0004564
-0.0022981  0.0001036
-0.0031982 -0.0000955
-0.0037069 -0.0005947
-0.0041882 -0.0008791
-0.0046840 -0.0011484
-0.0044050 -0.0010150
-0.0041894 -0.0010915
-0.0036609 -0.0007017
-0.0030314 -0.0004639
-0.0023965 -0.0005168
-0.0020866 -0.0003013
-0.0016400 -0.0003996
-0.0014836 -0.0002962
-0.0016243 -0.0005088
-0.0019242 -0.0009467
-0.0022969 -0.0009178
-0.0025219 -0.0008496
-0.0024428 -0.0006566
-0.0021549 -0.0001315
-0.0015111  0.0000142
-0.0010242 -0.0000135
-0.0003217  0.0003201
 0.0004379  0.0003518
 0.0007855  0.0002484
 0.0009828  0.0002831
 0.0011183  0.0002559
 0.0011089  0.0003051
 0.0010550  0.0003690
 0.0012912  0.0006357
 0.0017696  0.0008434
 0.0018205  0.0009143
 0.0024253  0.0011501
 0.0030412  0.0013777
 0.0031264  0.0016795
 0.0033747  0.0022375
 0.0034613  0.0024517
 0.0032290  0.0030702
 0.0030218  0.0035171
 0.0026986  0.0038084
 0.0021553  0.0040127
 0.0020372  0.0039150
 0.0023024  0.0038088
 0.0021716  0.0038318
 0.0025667  0.0038098
 0.0029339  0.0039136
 0.0031475  0.0038723
 0.0031883  0.0036781
 0.0032644  0.0034730
 0.0029275  0.0033548
 0.0027751  0.0029173
 0.0025173  0.0023465
 0.0022054  0.0018680
 0.0019812  0.0013872
 0.0015544  0.0010542
 0.0008265  0.0012670
 0.0003166  0.0014123
-0.0008019  0.0012860
-0.0017869  0.0013990
-0.0021910  0.0014035
-0.0026327  0.0010396
-0.0025867  0.0008894
-0.0023081  0.0007055
-0.0019312  0.0008371
-0.0016221  0.0011833
-0.0013591  0.0017034
-0.0014327  0.0024620
-0.0020254  0.0030109
-0.0023827  0.0034908
-0.0027397  0.0038570
-0.0028883  0.0035459
-0.0029745  0.0034823
-0.0027894  0.0030364
-0.0025052  0.0023620
-0.0020844  0.0020673
-0.0016988  0.0017078
-0.0011473  0.0012986
-0.0008853  0.0010648
-0.0008510  0.0010073
-0.0006483  0.0006171
-0.0006948  0.0005727
-0.0005082  0.0000171
-0.0005300 -0.0002118
-0.0002316 -0.0004023
-0.0003414 -0.0003555
-0.0002891 -0.0001589
-0.0003575  0.0000381
-0.0007865  0.0002842
-0.0008628  0.0004071
-0.0010172  0.0006698
-0.0010651  0.0009498
-0.0007025  0.0010715
-0.0004159  0.0011442
 0.0001086  0.0013302
 0.0007186  0.0014501
 0.0014813  0.0016007
 0.0021915  0.0016090
 0.0026293  0.0016998
 0.0029850  0.0019939
 0.0029206  0.0020775
 0.0029588  0.0024614
 0.0024454  0.0026934
 0.0021645  0.0028686
 0.0022182  0.0030130
 0.0018975  0.0029043
 0.0020772  0.0024560
 0.0021248  0.0023259
 0.0021295  0.0021947
 0.0018909  0.0018823
 0.0018416  0.0014362
 0.0014683  0.0009541
 0.0013355  0.0006664
 0.0010454  0.0003241
 0.0007091  0.0002118
 0.0007771  0.0001396
 0.0007690 -0.0003593
 0.0008460 -0.0008615
 0.0010634 -0.0010735
 0.0010872 -0.0014502
 0.0009930 -0.0015071
 0.0004863 -0.0015148
 0.0000589 -0.0015497
-0.0001668 -0.0014126
-0.0003148 -0.0010056
-0.0003837 -0.0006959
-0.0001802 -0.0001991
 0.0001289  0.0003181
-0.0000124  0.0010085
-0.0000776  0.0014651
 0.0001074  0.0020489
-0.0000923  0.0027508
-0.0000804  0.0030110
-0.0002231  0.0034631
-0.0004387  0.0037509
-0.0006413  0.0040465
-0.0010340  0.0042861
-0.0015811  0.0039275
-0.0019842  0.0036824
-0.0022351  0.0033229
-0.0024538  0.0027386
-0.0025392  0.0024172
-0.0025371  0.0019203
-0.0024860  0.0013908
-0.0024919  0.0005690
-0.0026078  0.0001580
-0.0024271 -0.0006335
-0.0023641 -0.0013223
-0.0018904 -0.0014471
-0.0016832 -0.0018494
-0.0016498 -0.0017745
-0.0017626 -0.0015266
-0.0017393 -0.0015127
-0.0020677 -0.0011515
-0.0024269 -0.0009027
-0.0025664 -0.0006548
-0.0027703 -0.0005328
-0.0026199 -0.0003139
-0.0027122 -0.0003162
-0.0025441 -0.0000986
-0.0021747 -0.0000730
-0.0022243 -0.0001884
-0.0021579 -0.0004699
-0.0019286 -0.0002587
-0.0018579 -0.0003667
-0.0015680 -0.0002036
-0.0012656  0.0001666
-0.0012401  0.0000959
-0.0011587  0.0001527
-0.0011115  0.0000041
-0.0014195 -0.0003155
-0.0014509 -0.0006702
-0.0017139 -0.0011567
-0.0018708 -0.0016490
-0.0021356 -0.0018360
-0.0023332 -0.0018907
-0.0023225 -0.0020804
-0.0020229 -0.0023483
-0.0020395 -0.0028382
-0.0019981 -0.0030308
-0.0017051 -0.0036161
-0.0016040 -0.0041942
-0.0014854 -0.0042320
-0.0012605 -0.0043178
-0.0012502 -0.0043828
-0.0013732 -0.0041197
-0.0014006 -0.0034927
-0.0016566 -0.0031485
-0.0018659 -0.0028297
-0.0019348 -0.0024857
-0.0019925 -0.0021228
-0.0018815 -0.0018226
-0.0014725 -0.0014162
-0.0013207 -0.0012385
-0.0013326 -0.0011291
-0.0013445 -0.0011315
-0.0015953 -0.0014714
-0.0019613 -0.0019229
-0.0022633 -0.0022261
-0.0022480 -0.0022877
-0.0024253 -0.0021750
-0.0024221 -0.0017585
-0.0024958 -0.0013016
-0.0025901 -0.0007618
-0.0033229 -0.0003001
-0.0039330 -0.0000009
-0.0047805 -0.0000179
-0.0052153 -0.0001410
-0.0058135 -0.0003940
-0.0060725 -0.0003746
-0.0062465 -0.0005496
-0.0063533 -0.0006576
-0.0062017 -0.0006473
-0.0060124 -0.0005579
-0.0056341 -0.0003711
-0.0047964 -0.0002902
-0.0039263  0.0001312
-0.0031868  0.0007687
-0.0022733  0.0015371
-0.0021697  0.0023764
-0.0019911  0.0034629
-0.0023077  0.0038379
-0.0026450  0.0041913
-0.0028590  0.0043812
-0.0030481  0.0040174
-0.0027966  0.0034721
-0.0026837  0.0028424
-0.0021775  0.0022647
-0.0015541  0.0017253
-0.0009800  0.0014459
-0.0002481  0.0009555
 0.0001776  0.0009882
 0.0006502  0.0008868
 0.0010183  0.0004507
 0.0014688  0.0001108
 0.0017579 -0.0003511
 0.0018526 -0.0010979
 0.0017817 -0.0014501
 0.0016935 -0.0019832
 0.0014537 -0.0022511
 0.0012586 -0.0023953
 0.0010654 -0.0027340
 0.0005575 -0.0029032
 0.0009090 -0.0028651
 0.0014651 -0.0028201
 0.0018854 -0.0028180
 0.0025508 -0.0024482
 0.0036225 -0.0022860
 0.0045269 -0.0017034
 0.0054271 -0.0010927
 0.0058774 -0.0005496
 0.0060886 -0.0002658
 0.0058639  0.0001277
 0.0051729  0.0004753
 0.0044736  0.0006039
 0.0034293  0.0005190
 0.0024388  0.0004614
 0.0018719  0.0004746
 0.0012659  0.0002232
 0.0011540  0.0004517
 0.0008754  0.0006801
 0.0007560  0.0009362
 0.0006344  0.0010793
 0.0005224  0.0009350
 0.0009663  0.0008861
 0.0011973  0.0006774
 0.0015605  0.0007360
 0.0020264  0.0009475
 0.0022268  0.0014274
 0.0024614  0.0018697
 0.0023784  0.0023992
 0.0021561  0.0024644
 0.0017418  0.0023653
 0.0013147  0.0024319
 0.0004599  0.0017138
-0.0001833  0.0013951
-0.0010673  0.0006843
-0.0013636  0.0001388
-0.0020171 -0.0002847
-0.0023734 -0.0009465
-0.0025759 -0.0014170
-0.0024633 -0.0020293
-0.0021522 -0.0021652
-0.0018764 -0.0024184
-0.0016245 -0.0023792
-0.0014235 -0.0023701
-0.0014659 -0.0024961
-0.0014891 -0.0023658
-0.0014344 -0.0023012
-0.0015800 -0.0024582
-0.0012506 -0.0024919
-0.0005963 -0.0027572
-0.0000477 -0.0026782
 0.0008710 -0.0023687
 0.0017182 -0.0018515
 0.0022796 -0.0010909
 0.0026914 -0.0004653
 0.0026664  0.0003707
 0.0026222  0.0008146
 0.0026661  0.0014017
 0.0025775  0.0018038
 0.0025248  0.0019605
 0.0029163  0.0020398
 0.0025784  0.0019846
 0.0027064  0.0019890
 0.0025506  0.0017425
 0.0022389  0.0015858
 0.0019625  0.0011441
 0.0018633  0.0009418
 0.0016483  0.0002769
 0.0012018  0.0001783
 0.0006121  0.0000590
-0.0001156  0.0002538
-0.0007879  0.0003995
-0.0015376  0.0006746
-0.0019028  0.0005761
-0.0021344  0.0006147
-0.0022761  0.0003210
-0.0026174  0.0002883
-0.0026404  0.0002522
-0.0027203 -0.0001958
-0.0028013 -0.0004625
-0.0025517 -0.0008119
-0.0026694 -0.0012577
-0.0026253 -0.0015851
-0.0025054 -0.0019978
-0.0023279 -0.0024939
-0.0022563 -0.0030111
-0.0017894 -0.0036991
-0.0014440 -0.0043189
-0.0006797 -0.0049986
-0.0000565 -0.0055513
 0.0008444 -0.0061724
 0.0019176 -0.0063200
 0.0026823 -0.0062483
 0.0035079 -0.0060050
 0.0041685 -0.0055520
 0.0045108 -0.0050134
 0.0043556 -0.0040504
 0.0044795 -0.0030974
 0.0042222 -0.0024417
 0.0035344 -0.0016864
 0.0031153 -0.0008561
 0.0027754 -0.0005130
 0.0021625 -0.0000951
 0.0018453  0.0003991
 0.0019208  0.0010120
 0.0017753  0.0015139
 0.0015597  0.0021419
 0.0012538  0.0023945
 0.0007841  0.0022980
 0.0005560  0.0023737
 0.0006173  0.0020355
 0.0007583  0.0016067
 0.0010008  0.0015699
 0.0011211  0.0015218
 0.0008861  0.0016564
 0.0006384  0.0016590
 0.0002333  0.0011396
-0.0002266  0.0012053
-0.0005704  0.0008879
-0.0009558  0.0002812
-0.0013121  0.0001841
-0.0012945 -0.0001511
-0.0011811 -0.0003611
-0.0009647 -0.0001754
-0.0007360 -0.0001879
-0.0010059 -0.0003097
-0.0006738  0.0003900
-0.0008097  0.0005337
-0.0008583  0.0011452
-0.0011672  0.0018909
-0.0010843  0.0021816
-0.0014511  0.0026155
-0.0013520  0.0030505
-0.0014231  0.0032393
-0.0014925  0.0030268
-0.0012261  0.0029025
-0.0007396  0.0027019
-0.0003768  0.0022897
 0.0002478  0.0023271
 0.0010644  0.0023527
 0.0015941  0.0022161
 0.0019801  0.0026233
 0.0024253  0.0028593
 0.0026803  0.0029098
 0.0028866  0.0028430
 0.0032340  0.0029603
 0.0031882  0.0030094
 0.0032643  0.0033287
 0.0032502  0.0038110
 0.0033500  0.0038440
 0.0034893  0.0040485
 0.0038785  0.0040196
 0.0039502  0.0040359
 0.0038759  0.0042119
 0.0037129  0.0043244
 0.0032308  0.0041015
 0.0022011  0.0043082
 0.0013549  0.0040411
 0.0004885  0.0037510
-0.0002954  0.0033737
-0.0004520  0.0031880
-0.0007446  0.0028056
-0.0009975  0.0026107
-0.0012138  0.0021419
-0.0013190  0.0017216
-0.0013937  0.0016955
-0.0013707  0.0008765
-0.0013015  0.0002504
-0.0014719  0.0001438
-0.0012824 -0.0005268
-0.0013097 -0.0004915
-0.0014668 -0.0009942
-0.0017464 -0.0012546
-0.0016989 -0.0014010
-0.0018146 -0.0014306
-0.0018564 -0.0013325
-0.0012701 -0.0007253
-0.0010004  0.0001321
-0.0004489  0.0006663
 0.0001370  0.0012657
 0.0004061  0.0015879
 0.0003841  0.0018401
 0.0004975  0.0019089
 0.0003804  0.0021502
 0.0004220  0.0020644
 0.0001966  0.0018982
 0.0002988  0.0016562
 0.0006521  0.0015316
 0.0011230  0.0012990
 0.0014987  0.0007695
 0.0017961  0.0007334
 0.0026018  0.0007796
 0.0026789  0.0009441
 0.0030429  0.0010528
 0.0032992  0.0012847
 0.0035869  0.0018601
 0.0035275  0.0026958
 0.0033160  0.0033021
 0.0031755  0.0037530
 0.0028228  0.0041061
 0.0020662  0.0043647
 0.0015739  0.0043336
 0.0011211  0.0042474
 0.0006174  0.0042318
 0.0001465  0.0039906
-0.0003311  0.0038004
-0.0009129  0.0036068
-0.0010641  0.0033349
-0.0013952  0.0031089
-0.0016772  0.0026749
-0.0018827  0.0020255
-0.0022754  0.0013918
-0.0025597  0.0006991
-0.0027640 -0.0000943
-0.0032281 -0.0008239
-0.0034064 -0.0013704
-0.0037563 -0.0013488
-0.0039081 -0.0015314
-0.0037029 -0.0016786
-0.0036151 -0.0017335
-0.0034236 -0.0015520
-0.0033309 -0.0016442
-0.0031561 -0.0015247
-0.0033643 -0.0012140
-0.0033768 -0.0011439
-0.0034937 -0.0006988
-0.0032725 -0.0004829
-0.0030369 -0.0004294
-0.0026571  0.0000262
-0.0023859  0.0003446
-0.0018640  0.0004019
-0.0015505  0.0009177
-0.0013873  0.0007913
-0.0014787  0.0000874
-0.0014519 -0.0000984
-0.0014438 -0.0005483
-0.0014925 -0.0016603
-0.0014380 -0.0016288
-0.0013857 -0.0017414
-0.0014379 -0.0015664
-0.0014001 -0.0013552
-0.0015584 -0.0008217
-0.0017612 -0.0000463
-0.0017236  0.0006038
-0.0016513  0.0013680
-0.0018469  0.0022294
-0.0018538  0.0028316
-0.0018677  0.0034451
-0.0018675  0.0036363
-0.0017926  0.0036910
-0.0018356  0.0035250
-0.0014204  0.0034077
-0.0010447  0.0030627
-0.0007403  0.0030740
-0.0005244  0.0030361
-0.0002637  0.0032456
-0.0004137  0.0034236
-0.0007575  0.0036217
-0.0014110  0.0033477
-0.0018710  0.0027517
-0.0021143  0.0024639
-0.0024981  0.0019745
-0.0024602  0.0014820
-0.0022374  0.0016960
-0.0021209  0.0016429
-0.0018196  0.0016480
-0.0017013  0.0017471
-0.0015602  0.0018580
-0.0012944  0.0015818
-0.0008234  0.0014302
-0.0004774  0.0012899
 0.0001301  0.0011249
 0.0004874  0.0010130
 0.0008278  0.0010462
 0.0011569  0.0009461
 0.0011987  0.0013591
 0.0010838  0.0011001
 0.0011525  0.0014653
 0.0009982  0.0016635
 0.0009260  0.0020826
 0.0003724  0.0024649
-0.0000622  0.0027094
-0.0005817  0.0026096
-0.0009120  0.0026841
-0.0010317  0.0022587
-0.0012386  0.0022109
-0.0012779  0.0017625
-0.0014511  0.0014777
-0.0016734  0.0011283
-0.0015333  0.0010730
-0.0018093  0.0001579
-0.0018545 -0.0001556
-0.0018323 -0.0008754
-0.0012073 -0.0015675
-0.0007835 -0.0018594
-0.0002383 -0.0018746
 0.0003256 -0.0018992
 0.0009847 -0.0018750
 0.0011401 -0.0014394
 0.0013979 -0.0012317
 0.0009951 -0.0009622
 0.0008498 -0.0009529
 0.0002746 -0.0009246
-0.0004505 -0.0007153
-0.0003074 -0.0005508
-0.0005588 -0.0004337
-0.0003529 -0.0001361
-0.0002132  0.0001726
 0.0001524  0.0002781
 0.0002520  0.0002890
 0.0004407  0.0003900
 0.0004775  0.0001175
 0.0004446  0.0000778
 0.0002971 -0.0001449
 0.0002626 -0.0002910
-0.0000905 -0.0002550
-0.0002136 -0.0003660
-0.0005685 -0.0006341
-0.0007716 -0.0006450
-0.0007161 -0.0008604
-0.0004672 -0.0007710
-0.0004000 -0.0003631
-0.0002928 -0.0000613
 0.0000377  0.0002617
-0.0001221  0.0005942
 0.0000848  0.0008330
 0.0002110  0.0008400
 0.0004296  0.0010338
 0.0009369  0.0009462
 0.0012555  0.0010470
 0.0012676  0.0012301
 0.0012436  0.0012073
 0.0006455  0.0008552
 0.0004297  0.0006727
-0.0001109  0.0000956
-0.0007650 -0.0003873
-0.0009295 -0.0007751
-0.0010044 -0.0009015
-0.0005783 -0.0007505
-0.0000759 -0.0004439
 0.0000222 -0.0000153
 0.0004863  0.0005732
 0.0004035  0.0012236
 0.0001792  0.0016655
-0.0002492  0.0019259
-0.0006677  0.0023595
-0.0013030  0.0022628
-0.0017781  0.0020222
-0.0021766  0.0020329
-0.0022248  0.0020216
-0.0022190  0.0020394
-0.0018231  0.0026506
-0.0017099  0.0030118
-0.0014870  0.0033065
-0.0013513  0.0033797
-0.0013475  0.0033307
-0.0013196  0.0033666
-0.0014997  0.0033377
-0.0016047  0.0031552
-0.0017534  0.0033658
-0.0017784  0.0030999
-0.0019181  0.0030539
-0.0022605  0.0027380
-0.0026020  0.0021435
-0.0031107  0.0015294
-0.0034299  0.0008860
-0.0034029 -0.0000061
-0.0036203 -0.0004655
-0.0033107 -0.0006099
-0.0028054 -0.0008416
-0.0019677 -0.0005354
-0.0013092 -0.0002273
-0.0003416  0.0001090
 0.0003278  0.0006276
 0.0006019  0.0008460
 0.0003910  0.0013055
 0.0001497  0.0018606
-0.0003023  0.0022151
-0.0008689  0.0022456
-0.0015682  0.0022103
-0.0018341  0.0019323
-0.0020129  0.0013291
-0.0018847  0.0010103
-0.0019275  0.0006471
-0.0016951  0.0002726
-0.0011971  0.0002707
-0.0010001 -0.0001676
-0.0005433 -0.0004258
-0.0000206 -0.0005076
 0.0002095 -0.0009530
 0.0005149 -0.0007337
 0.0004322 -0.0007937
-0.0000592 -0.0006310
-0.0005339 -0.0007065
-0.0009904 -0.0008811
-0.0014197 -0.0012102
-0.0015490 -0.0012586
-0.0014678 -0.0015885
-0.0014450 -0.0015877
-0.0012497 -0.0013267
-0.0012608 -0.0012172
-0.0013542 -0.0010985
-0.0016397 -0.0005645
-0.0020947 -0.0003588
-0.0024320 -0.0002635
-0.0025533  0.0002707
-0.0026354  0.0006077
-0.0026998  0.0008177
-0.0026091  0.0011115
-0.0029224  0.0014230
-0.0030423  0.0012108
-0.0033324  0.0011199
-0.0034289  0.0006136
-0.0033710 -0.0002856
-0.0028719 -0.0009348
-0.0026701 -0.0018625
-0.0023808 -0.0024877
-0.0019485 -0.0032189
-0.0015650 -0.0036081
-0.0013233 -0.0039579
-0.0010480 -0.0038733
-0.0006580 -0.0042712
-0.0004321 -0.0043525
-0.0004974 -0.0041591
-0.0004431 -0.0043789
-0.0003906 -0.0043111
-0.0002309 -0.0040275
-0.0000499 -0.0038652
 0.0001407 -0.0036274
 0.0005894 -0.0032814
 0.0012615 -0.0034802
 0.0015306 -0.0033708
 0.0018627 -0.0030653
 0.0018548 -0.0031340
 0.0019186 -0.0030974
 0.0017548 -0.0030852
 0.0015181 -0.0036539
 0.0013814 -0.0034899
 0.0014397 -0.0036807
 0.0013293 -0.0041187
 0.0011472 -0.0039639
 0.0008923 -0.0036726
 0.0002288 -0.0034533
-0.0001713 -0.0027665
-0.0008841 -0.0023690
-0.0015464 -0.0015120
-0.0017131 -0.0006954
-0.0019388  0.0003192
-0.0019232  0.0010597
-0.0019953  0.0017703
-0.0022280  0.0022973
-0.0026943  0.0026573
-0.0032775  0.0030623
-0.0038783  0.0029837
-0.0046557  0.0029458
-0.0049735  0.0025029
-0.0055209  0.0019556
-0.0053609  0.0011318
-0.0050936  0.0002510
-0.0047290 -0.0003996
-0.0042169 -0.0009542
-0.0038929 -0.0011750
-0.0036922 -0.0013482
-0.0033482 -0.0015766
-0.0031157 -0.0015580
-0.0026915 -0.0016422
-0.0023631 -0.0021975
-0.0021245 -0.0021509
-0.0016795 -0.0024900
-0.0015576 -0.0025902
-0.0014714 -0.0023046
-0.0011202 -0.0021837
-0.0009557 -0.0016289
-0.0003852 -0.0008527
-0.0000055 -0.0000771
 0.0002868  0.0008117
 0.0005502  0.0018683
 0.0008421  0.0022793
 0.0010104  0.0027489
 0.0009787  0.0026342
 0.0009484  0.0024903
 0.0009686  0.0023567
 0.0013851  0.0021740
 0.0015761  0.0020981
 0.0019324  0.0026833
 0.0025468  0.0028111
 0.0029186  0.0031595
 0.0029990  0.0032922
 0.0031662  0.0028971
 0.0033495  0.0026110
 0.0032534  0.0025067
 0.0032722  0.0023934
 0.0030834  0.0026107
 0.0027471  0.0032549
 0.0022065  0.0032670
 0.0015858  0.0034901
 0.0012442  0.0032192
 0.0008526  0.0027415
 0.0007898  0.0021529
 0.0006253  0.0009333
 0.0004772  0.0002033
 0.0003007 -0.0003254
 0.0002171 -0.0008932
-0.0002508 -0.0015782
-0.0008383 -0.0017609
-0.0013686 -0.0026478
-0.0021311 -0.0033774
-0.0022266 -0.0037256
-0.0022636 -0.0041697
-0.0020216 -0.0043026
-0.0018672 -0.0041019
-0.0014774 -0.0038264
-0.0013432 -0.0038088
-0.0012095 -0.0035331
-0.0011421 -0.0035442
-0.0008607 -0.0034743
-0.0003661 -0.0035783
-0.0000227 -0.0036128
 0.0005399 -0.0034423
 0.0009163 -0.0034468
 0.0013744 -0.0031318
 0.0019009 -0.0030498
 0.0023716 -0.0026410
 0.0026888 -0.0021653
 0.0027441 -0.0014777
 0.0028309 -0.0008678
 0.0027160 -0.0004598
 0.0023288 -0.0001859
 0.0019143 -0.0001237
 0.0013792 -0.0001497
 0.0006117 -0.0006566
-0.0000006 -0.0007256
-0.0005265 -0.0008587
-0.0012076 -0.0004854
-0.0017636 -0.0001521
-0.0023088 -0.0000003
-0.0028018  0.0002084
-0.0029526  0.0004541
-0.0026252  0.0001852
-0.0020672 -0.0000242
-0.0013838 -0.0001156
-0.0005601 -0.0001154
-0.0000484  0.0003927
 0.0003098  0.0008207
 0.0004087  0.0012268
 0.0000627  0.0016604
-0.0002439  0.0018340
-0.0004073  0.0015868
-0.0010199  0.0012321
-0.0010532  0.0008406
-0.0008782  0.0002875
-0.0010247  0.0001271
-0.0007074 -0.0001821
-0.0003185 -0.0004926
-0.0003383 -0.0005060
-0.0003979 -0.0008419
-0.0000864 -0.0013173
-0.0001220 -0.0013272
-0.0001014 -0.0014990
-0.0002999 -0.0014875
-0.0005545 -0.0013350
-0.0010182 -0.0016536
-0.0012237 -0.0014128
-0.0011981 -0.0012517
-0.0014121 -0.0014402
-0.0011969 -0.0010643
-0.0008927 -0.0011015
-0.0003170 -0.0009838
 0.0002283 -0.0007407
 0.0010862 -0.0000682
 0.0014864  0.0004710
 0.0019978  0.0010788
 0.0025856  0.0015890
 0.0027990  0.0022836
 0.0029161  0.0028418
 0.0025348  0.0032959
 0.0023965  0.0034909
 0.0017195  0.0041038
 0.0008151  0.0041379
 0.0001179  0.0043979
-0.0005530  0.0049825
-0.0010978  0.0052292
-0.0014824  0.0052762
-0.0018884  0.0054254
-0.0025396  0.0051779
-0.0027483  0.0047775
-0.0030055  0.0042195
-0.0031109  0.0034598
-0.0031848  0.0028905
-0.0030736  0.0027551
-0.0028962  0.0024719
-0.0024933  0.0022006
-0.0018172  0.0019082
-0.0015342  0.0017934
-0.0010108  0.0018765
-0.0005816  0.0017017
-0.0004672  0.0018815
-0.0002110  0.0017931
-0.0000283  0.0015609
 0.0004738  0.0010595
 0.0005765  0.0009537
 0.0007000  0.0006404
 0.0008279  0.0000895
 0.0009215 -0.0000500
 0.0011446 -0.0004823
 0.0012308 -0.0008891
 0.0012958 -0.0010215
 0.0016396 -0.0012668
 0.0018875 -0.0015399
 0.0021985 -0.0019254
 0.0025623 -0.0022243
 0.0027173 -0.0024340
 0.0026039 -0.0023872
 0.0024217 -0.0024362
 0.0020206 -0.0024703
 0.0013163 -0.0019337
 0.0009311 -0.0020655
 0.0009824 -0.0022773
 0.0010614 -0.0023053
 0.0013995 -0.0027377
 0.0019629 -0.0026553
 0.0024515 -0.0022316
 0.0026113 -0.0017679
 0.0025092 -0.0009505
 0.0024211 -0.0001698
 0.0019015  0.0002362
 0.0018270  0.0005578
 0.0015618  0.0007524
 0.0012301  0.0003705
 0.0010452  0.0005921
 0.0008678  0.0000898
 0.0002725 -0.0003075
 0.0000115 -0.0002966
 0.0000722 -0.0007135
-0.0003940 -0.0010264
-0.0002121 -0.0009661
-0.0000676 -0.0009784
-0.0003905 -0.0011339
-0.0000423 -0.0006183
 0.0001333 -0.0002574
 0.0003707  0.0000380
 0.0006719  0.0005440
 0.0008806  0.0005678
 0.0010425  0.0003660
 0.0015595  0.0003048
 0.0018538  0.0000845
 0.0021136 -0.0002110
 0.0024942 -0.0003255
 0.0027055 -0.0007486
 0.0030534 -0.0011394
 0.0036939 -0.0014673
 0.0041374 -0.0016037
 0.0044406 -0.0019883
 0.0048284 -0.0022411
 0.0050119 -0.0026703
 0.0052588 -0.0026892
 0.0054788 -0.0025895
 0.0054540 -0.0027863
 0.0054665 -0.0026369
 0.0052191 -0.0027186
 0.0049236 -0.0028878
 0.0045752 -0.0025902
 0.0041002 -0.0024848
 0.0035275 -0.0023982
 0.0028618 -0.0017639
 0.0024185 -0.0012931
 0.0020356 -0.0011260
 0.0012705 -0.0006263
 0.0010842 -0.0004463
 0.0007940 -0.0005706
 0.0007003 -0.0006795
 0.0006514 -0.0007015
 0.0007411 -0.0005802
 0.0006407  0.0001742
 0.0008711  0.0009775
 0.0007540  0.0017353
 0.0010881  0.0025579
 0.0012048  0.0028666
 0.0013111  0.0031470
 0.0012012  0.0033130
 0.0011118  0.0028820
 0.0007312  0.0027283
 0.0005108  0.0027057
 0.0002674  0.0017549
 0.0000196  0.0016663
 0.0001300  0.0013473
 0.0002786  0.0010421
 0.0007909  0.0009946
 0.0012336  0.0010507
 0.0015150  0.0010852
 0.0018821  0.0013410
 0.0018385  0.0013670
 0.0017720  0.0015650
 0.0016676  0.0012396
 0.0017475  0.0010458
 0.0017051  0.0005454
 0.0019023  0.0003114
 0.0022556 -0.0001790
 0.0027647 -0.0003526
 0.0033918 -0.0003252
 0.0037543 -0.0004448
 0.0035361 -0.0001426
 0.0037600  0.0005363
 0.0035077  0.0010604
 0.0031968  0.0011010
 0.0028450  0.0014737
 0.0023506  0.0013600
 0.0020347  0.0015634
 0.0022410  0.0018169
 0.0022188  0.0017719
 0.0023382  0.0016824
 0.0026406  0.0019083
 0.0022554  0.0017933
 0.0021787  0.0017642
 0.0021507  0.0018308
 0.0012837  0.0019158
 0.0007309  0.0026070
 0.0000533  0.0028351
-0.0006956  0.0032649
-0.0010434  0.0036448
-0.0012423  0.0038713
-0.0015909  0.0039149
-0.0016666  0.0040428
-0.0019282  0.0041348
-0.0021386  0.0040452
-0.0025453  0.0038603
-0.0026334  0.0036669
-0.0027488  0.0030536
-0.0027145  0.0026193
-0.0024214  0.0019681
-0.0022212  0.0011739
-0.0018784  0.0004171
-0.0015334  0.0000445
-0.0010732 -0.0006245
-0.0009018 -0.0007424
-0.0004873 -0.0010437
-0.0000272 -0.0013616
 0.0002368 -0.0013566
 0.0003771 -0.0018296
 0.0002238 -0.0021136
 0.0005742 -0.0023776
 0.0007005 -0.0027164
 0.0008038 -0.0026414
 0.0012335 -0.0024050
 0.0015418 -0.0018028
 0.0017079 -0.0009747
 0.0019762  0.0000262
 0.0019695  0.0008035
 0.0017785  0.0012094
 0.0013671  0.0014789
 0.0010036  0.0012147
 0.0008169  0.0008746
 0.0007166  0.0006856
 0.0004928  0.0002298
 0.0008160  0.0002636
 0.0010183  0.0005176
 0.0013310  0.0006914
 0.0017417  0.0009433
 0.0018160  0.0009346
 0.0018227  0.0009597
 0.0018437  0.0009092
 0.0018857  0.0005056
 0.0019742  0.0004531
 0.0025784  0.0005049
 0.0024354  0.0005792
 0.0028390  0.0007931
 0.0029058  0.0009108
 0.0032310  0.0010791
 0.0034375  0.0013868
 0.0036921  0.0011263
 0.0034647  0.0009830
 0.0031615  0.0008052
 0.0028017  0.0001949
 0.0022588  0.0000074
 0.0020093 -0.0003343
 0.0016409 -0.0005792
 0.0012030 -0.0003303
 0.0010880 -0.0002986
 0.0008395 -0.0002332
 0.0008883 -0.0004514
 0.0015888 -0.0006908
 0.0023182 -0.0009670
 0.0030401 -0.0009090
 0.0039714 -0.0009617
 0.0044240 -0.0006849
 0.0047472 -0.0004344
 0.0050347 -0.0005484
 0.0049739 -0.0006140
 0.0048652 -0.0005836
 0.0050798 -0.0004864
 0.0049185 -0.0001208
 0.0049371  0.0001899
 0.0049514  0.0006455
 0.0045072  0.0010448
 0.0042738  0.0011359
 0.0040598  0.0010221
 0.0035923  0.0009264
 0.0034248  0.0004859
 0.0031973 -0.0000832
 0.0032258 -0.0007123
 0.0035060 -0.0007638
 0.0036070 -0.0010947
 0.0035747 -0.0010032
 0.0038095 -0.0010529
 0.0035548 -0.0007112
 0.0030317 -0.0006851
 0.0025057 -0.0003296
 0.0019600 -0.0002640
 0.0010916 -0.0004669
 0.0006293 -0.0002007
 0.0003107 -0.0002162
 0.0000398  0.0000771
 0.0000535  0.0002485
 0.0001861  0.0004168
 0.0000708  0.0004695
 0.0003639  0.0007858
 0.0000841  0.0007054
 0.0001007  0.0007609
 0.0001137  0.0007535
 0.0001272  0.0008229
 0.0002524  0.0009530
 0.0004459  0.0010081
 0.0010065  0.0009383
 0.0008424  0.0010330
 0.0012806  0.0009509
 0.0009181  0.0008970
 0.0004776  0.0008023
-0.0000178  0.0005411
-0.0007542  0.0003259
-0.0012226  0.0000457
-0.0014228 -0.0003417
-0.0016245 -0.0003953
-0.0014455 -0.0007700
-0.0011734 -0.0006827
-0.0011290 -0.0008085
-0.0007137 -0.0009318
-0.0005646 -0.0008085
-0.0006722 -0.0008322
-0.0003863 -0.0005245
-0.0003090 -0.0006755
-0.0002672 -0.0003121
 0.0002242 -0.0002576
 0.0005825 -0.0000704
 0.0011456  0.0000778
 0.0014381 -0.0000104
 0.0015964  0.0002224
 0.0017182  0.0004943
 0.0019053  0.0005904
 0.0016768  0.0010129
 0.0016962  0.0013322
 0.0017808  0.0015066
 0.0013969  0.0016097
 0.0011137  0.0015267
 0.0006966  0.0010712
 0.0004333  0.0008560
 0.0001507  0.0000848
 0.0001301 -0.0006373
 0.0001883 -0.0012258
 0.0004895 -0.0016295
 0.0004314 -0.0015641
 0.0008264 -0.0011515
 0.0008551 -0.0006710
 0.0009294 -0.0003038
 0.0008212  0.0002358
 0.0010749  0.0005040
 0.0008936  0.0009574
 0.0010685  0.0012861
 0.0010988  0.0013569
 0.0007574  0.0017593
 0.0001986  0.0017524
-0.0002332  0.0016198
-0.0004527  0.0014934
-0.0008334  0.0010317
-0.0009256  0.0005809
-0.0009825  0.0006183
-0.0008620  0.0006484
-0.0006653  0.0009304
-0.0005567  0.0013146
-0.0003867  0.0015851
-0.0001894  0.0014077
 0.0001691  0.0014077
 0.0003761  0.0008737
 0.0009657  0.0002976
 0.0013507 -0.0001421
 0.0013683 -0.0004455
 0.0013178 -0.0004990
 0.0011329 -0.0004943
 0.0007759 -0.0006043
 0.0004265 -0.0005702
 0.0001081 -0.0007207
-0.0003231 -0.0011225
-0.0004789 -0.0013627
-0.0008839 -0.0015484
-0.0010127 -0.0017695
-0.0011347 -0.0019229
-0.0013782 -0.0018335
-0.0013635 -0.0018369
-0.0014250 -0.0015869
-0.0013079 -0.0013695
-0.0008053 -0.0007763
-0.0004271 -0.0003205
-0.0000948  0.0000944
 0.0001468  0.0003241
 0.0003013  0.0005228
-0.0001198  0.0008181
-0.0004009  0.0005760
-0.0005951  0.0004470
-0.0009885  0.0000889
-0.0009625 -0.0002971
-0.0011656 -0.0004612
-0.0010620 -0.0007493
-0.0009035 -0.0004570
-0.0010523 -0.0000439
-0.0007468  0.0002674
-0.0005772  0.0008874
-0.0004637  0.0011498
-0.0001040  0.0017688
 0.0002455  0.0020688
 0.0006963  0.0024342
 0.0010421  0.0026468
 0.0012314  0.0025519
 0.0012952  0.0027895
 0.0015124  0.0025321
 0.0014531  0.0021699
 0.0015950  0.0019481
 0.0016753  0.0018251
 0.0018873  0.0017432
 0.0018417  0.0020542
 0.0020079  0.0022024
 0.0017020  0.0020705
 0.0015346  0.0021201
 0.0013305  0.0015981
 0.0006918  0.0011158
 0.0004477  0.0007679
 0.0000900 -0.0000331
-0.0004688 -0.0007921
-0.0008262 -0.0013972
-0.0008464 -0.0020298
-0.0010806 -0.0027707
-0.0010125 -0.0029106
-0.0009863 -0.0033756
-0.0008553 -0.0034689
-0.0005491 -0.0035874
-0.0000825 -0.0036690
 0.0000563 -0.0032778
 0.0001308 -0.0035868
 0.0004694 -0.0038640
 0.0005685 -0.0040077
 0.0004866 -0.0042340
 0.0007306 -0.0044476
 0.0007951 -0.0043375
 0.0006263 -0.0044497
 0.0002089 -0.0039097
-0.0001125 -0.0034109
-0.0006842 -0.0029488
-0.0012040 -0.0026102
-0.0014853 -0.0021974
-0.0016607 -0.0019967
-0.0017507 -0.0020718
-0.0019114 -0.0021646
-0.0019130 -0.0026194
-0.0019066 -0.0028001
-0.0020633 -0.0026372
-0.0021146 -0.0029420
-0.0023883 -0.0027337
-0.0027842 -0.0024662
-0.0030539 -0.0023984
-0.0033436 -0.0021212
-0.0034948 -0.0020364
-0.0035669 -0.0019115
-0.0039314 -0.0016079
-0.0038284 -0.0016446
-0.0040190 -0.0015110
-0.0041295 -0.0013198
-0.0041371 -0.0017990
-0.0038941 -0.0021234
-0.0036111 -0.0025837
-0.0032990 -0.0029860
-0.0031707 -0.0037429
-0.0031353 -0.0038105
-0.0030017 -0.0041858
-0.0029627 -0.0045144
-0.0027027 -0.0044446
-0.0025564 -0.0048823
-0.0021247 -0.0050057
-0.0016956 -0.0049387
-0.0011320 -0.0053185
-0.0007310 -0.0056362
-0.0005910 -0.0057901
-0.0003639 -0.0063886
 0.0003320 -0.0066205
 0.0005518 -0.0062880
 0.0011215 -0.0059718
 0.0017133 -0.0049765
 0.0019515 -0.0038775
 0.0016132 -0.0027872
 0.0012944 -0.0017301
 0.0011327 -0.0014392
 0.0007827 -0.0010763
 0.0002906 -0.0007828
 0.0003173 -0.0006863
 0.0005262 -0.0004319
 0.0005319  0.0001192
 0.0006716  0.0004803
 0.0007407  0.0008742
 0.0008782  0.0012434
 0.0007377  0.0015500
 0.0006727  0.0017228
 0.0007325  0.0017234
 0.0005524  0.0016481
 0.0005544  0.0015529
 0.0006265  0.0010714
 0.0008179  0.0004199
 0.0012509 -0.0002103
 0.0016419 -0.0008176
 0.0017727 -0.0008767
 0.0021722 -0.0012048
 0.0017099 -0.0014257
 0.0014929 -0.0011037
 0.0010679 -0.0007490
 0.0005747 -0.0004523
-0.0001872 -0.0002280
-0.0005047 -0.0002273
-0.0007035 -0.0002785
-0.0004843 -0.0004941
-0.0003888 -0.0009554
-0.0001815 -0.0014010
 0.0000272 -0.0018982
 0.0000696 -0.0023848
 0.0001317 -0.0024230
 0.0003743 -0.0025478
 0.0006662 -0.0025428
 0.0009414 -0.0025478
 0.0014787 -0.0025765
 0.0017704 -0.0025688
 0.0023045 -0.0023167
 0.0031144 -0.0020033
 0.0036227 -0.0014312
 0.0042772 -0.0011853
 0.0045320 -0.0008802
 0.0047474 -0.0004871
 0.0043974 -0.0002814
 0.0040218 -0.0003669
 0.0034121 -0.0004765
 0.0028812 -0.0003814
 0.0024347 -0.0004914
 0.0018424 -0.0002766
 0.0019207 -0.0002453
 0.0014910 -0.0002333
 0.0013367 -0.0000723
 0.0013020 -0.0001425
 0.0010269 -0.0003945
 0.0007209 -0.0002647
 0.0005293 -0.0001042
 0.0003783 -0.0001161
 0.0001477  0.0001372
-0.0000888  0.0002115
-0.0002301 -0.0000354
-0.0003510 -0.0000887
-0.0006666 -0.0005944
-0.0008232 -0.0011225
-0.0008896 -0.0017744
-0.0010734 -0.0021499
-0.0012872 -0.0025042
-0.0010861 -0.0027844
-0.0015938 -0.0026875
-0.0015775 -0.0025728
-0.0018847 -0.0026317
-0.0019816 -0.0024981
-0.0025509 -0.0025488
-0.0025519 -0.0024362
-0.0027754 -0.0028597
-0.0028948 -0.0032360
-0.0028320 -0.0040197
-0.0027803 -0.0049309
-0.0025240 -0.0057832
-0.0018939 -0.0064236
-0.0014642 -0.0065467
-0.0011325 -0.0064450
-0.0008660 -0.0059383
-0.0004750 -0.0055880
-0.0004819 -0.0047275
-0.0001381 -0.0041746
 0.0002319 -0.0039436
 0.0004390 -0.0035050
 0.0008744 -0.0034880
 0.0013898 -0.0036148
 0.0017535 -0.0030098
 0.0019956 -0.0029314
 0.0021956 -0.0024933
 0.0023162 -0.0021183
 0.0024305 -0.0019503
 0.0022747 -0.0015342
 0.0024855 -0.0010115
 0.0020777 -0.0010064
 0.0018032 -0.0004256
 0.0013866  0.0000016
 0.0006812  0.0004376
 0.0002446  0.0010370
-0.0001640  0.0015960
-0.0005538  0.0018159
-0.0008582  0.0023284
-0.0011131  0.0022753
-0.0007780  0.0021921
-0.0006735  0.0020618
-0.0004619  0.0013464
-0.0004239  0.0009262
-0.0003077  0.0010275
-0.0005356  0.0006670
-0.0004568  0.0004905
-0.0008458 -0.0000435
-0.0008294 -0.0004808
-0.0005835 -0.0008195
-0.0005706 -0.0011722
-0.0001733 -0.0013999
 0.0003068 -0.0013997
 0.0007505 -0.0010729
 0.0010291 -0.0011462
 0.0011551 -0.0012875
 0.0013725 -0.0011328
 0.0013618 -0.0015939
 0.0013115 -0.0017554
 0.0012045 -0.0021004
 0.0010600 -0.0020982
 0.0008286 -0.0021125
 0.0007444 -0.0020280
 0.0006413 -0.0018201
 0.0006361 -0.0016093
 0.0008795 -0.0017148
 0.0008721 -0.0016479
 0.0012985 -0.0016243
 0.0014265 -0.0015508
 0.0017828 -0.0012984
 0.0018409 -0.0012306
 0.0019657 -0.0009070
 0.0017999 -0.0009185
 0.0017791 -0.0008808
 0.0018649 -0.0007633
 0.0016138 -0.0005041
 0.0011953 -0.0000275
 0.0007336  0.0005118
 0.0000356  0.0007324
-0.0008547  0.0012280
-0.0016026  0.0012579
-0.0022141  0.0012468
-0.0025908  0.0011093
-0.0028405  0.0010202
-0.0031008  0.0008844
-0.0032904  0.0009007
-0.0030211  0.0009354
-0.0029688  0.0008803
-0.0030234  0.0008813
-0.0029015  0.0011411
-0.0027787  0.0012796
-0.0026037  0.0018277
-0.0027050  0.0019612
-0.0028366  0.0021330
-0.0027451  0.0020695
-0.0030116  0.0020836
-0.0028340  0.0022132
-0.0028506  0.0022132
-0.0028001  0.0022304
-0.0024542  0.0026452
-0.0020123  0.0028706
-0.0012884  0.0028768
-0.0008417  0.0034861
-0.0004852  0.0036834
-0.0002326  0.0040627
-0.0001308  0.0045291
-0.0002778  0.0045222
-0.0005148  0.0048408
-0.0008097  0.0047558
-0.0009477  0.0046385
-0.0010545  0.0046567
-0.0009742  0.0045557
-0.0008799  0.0042559
-0.0010436  0.0041840
-0.0008490  0.0035356
-0.0006829  0.0034300
-0.0005355  0.0031980
-0.0006721  0.0030119
-0.0006485  0.0027400
-0.0009601  0.0026604
-0.0008325  0.0021559
-0.0007869  0.0014604
-0.0006782  0.0009115
-0.0006037  0.0000812
-0.0004343 -0.0010233
-0.0003653 -0.0016986
-0.0002742 -0.0020074
-0.0002540 -0.0022219
-0.0000796 -0.0021760
-0.0001761 -0.0016405
-0.0001080 -0.0012884
-0.0003305 -0.0009491
-0.0001945 -0.0005325
-0.0000548 -0.0004604
 0.0002901 -0.0003119
 0.0006377 -0.0003137
 0.0010172 -0.0004078
 0.0010614 -0.0004433
 0.0011121 -0.0005648
 0.0012199 -0.0007646
 0.0012092 -0.0009191
 0.0011987 -0.0012556
 0.0015782 -0.0015338
 0.0018188 -0.0014595
 0.0017368 -0.0014042
 0.0017846 -0.0015279
 0.0018025 -0.0013557
 0.0014094 -0.0011038
 0.0014300 -0.0009461
 0.0016524 -0.0006519
 0.0020148 -0.0002912
 0.0022936  0.0001568
 0.0025271  0.0010524
 0.0027121  0.0017278
 0.0023959  0.0026805
 0.0020400  0.0031814
 0.0016906  0.0032512
 0.0013664  0.0032423
 0.0011012  0.0029833
 0.0007996  0.0023377
 0.0012074  0.0019404
 0.0015492  0.0014264
 0.0018809  0.0008765
 0.0023461  0.0009774
 0.0023489  0.0011555
 0.0027012  0.0012340
 0.0027042  0.0016928
 0.0022377  0.0019321
 0.0016856  0.0019908
 0.0011166  0.0020348
 0.0001486  0.0020035
-0.0005301  0.0017437
-0.0011157  0.0013205
-0.0017304  0.0009820
-0.0019259  0.0006794
-0.0021120  0.0002585
-0.0022293 -0.0000275
-0.0020682 -0.0004480
-0.0024254 -0.0007501
-0.0025493 -0.0007511
-0.0029345 -0.0010426
-0.0035016 -0.0010555
-0.0038684 -0.0012916
-0.0040503 -0.0013509
-0.0042536 -0.0014503
-0.0040696 -0.0015016
-0.0036590 -0.0015605
-0.0035365 -0.0015940
-0.0031168 -0.0021539
-0.0024194 -0.0025762
-0.0018860 -0.0028636
-0.0013527 -0.0031699
-0.0007990 -0.0033100
-0.0003775 -0.0034420
 0.0001595 -0.0033872
 0.0003765 -0.0030852
 0.0001524 -0.0027921
 0.0003795 -0.0022867
 0.0005777 -0.0018775
 0.0003054 -0.0013355
 0.0002864 -0.0007138
 0.0000445 -0.0000852
-0.0002021  0.0007155
-0.0003245  0.0015941
-0.0006959  0.0024466
-0.0013643  0.0030493
-0.0016112  0.0032464
-0.0021372  0.0033057
-0.0025091  0.0030975
-0.0024873  0.0027074
-0.0027693  0.0023739
-0.0028089  0.0021092
-0.0029661  0.0017931
-0.0034440  0.0015127
-0.0038300  0.0009384
-0.0041853  0.0008435
-0.0045400  0.0006129
-0.0044990  0.0003346
-0.0044499  0.0000085
-0.0044304  0.0001232
-0.0042683 -0.0003692
-0.0042463 -0.0004663
-0.0041212 -0.0006432
-0.0038761 -0.0012187
-0.0034129 -0.0017161
-0.0030014 -0.0022430
-0.0024144 -0.0028145
-0.0016539 -0.0031108
-0.0010799 -0.0035113
-0.0004418 -0.0037877
-0.0002938 -0.0036740
-0.0001967 -0.0035412
-0.0000515 -0.0031682
-0.0002456 -0.0029011
-0.0005254 -0.0023744
-0.0006635 -0.0019963
-0.0007303 -0.0014861
-0.0006352 -0.0006762
