[PARAMETERS]
DW=1E-007
TAU=0.0001
TD=4096
BS=4096
NS=128
NSC=128
FR=55.950000
GAIN=4.974204
D0=0.05
D1=5E-006
D2=6E-006
D3=2.5E-005
D4=1E-005
D5=0.199999999999988
D6=0.001
D7=0.001
D8=0.001
D9=0.05
C0=1
SEGTD=0
SEGOFF=0
SEGNUM=0
[ADDITIONAL]
PPFILE=ZG_two_T2.PC
DATEWR=26.09.2024
TIMEWR=15:38:39
DATESTA=26.09.2024
TIMESTA=15:38:29
DATEEND=26.09.2024
TIMEEND=15:38:39
CURR_Z0=0
CURR_Z1=1
TE=-1
[VARIABLES]
_USER=Measurements
_EMAIL_F=7NMR.NMR-270-ijs.si
_ITC_H=1
_ITC_R0= 50.00
_ITC_R1= 49.99
_ITC_R2= 53.10
_ITC_R3=  0.00
_ITC_R4= -0.01
_ITC_V=  0.00
_ITC_X=X0A1C1S00H1
_FW=100
_ORIENT=?
_THETA=0
_TITLE=?
_DESCR1=?
_DESCR2=?
_FR_LARM=55.95000000
_FR_SYNT=525.95000000
_TRIMLEV=1.9287109375
_DATE=26.09.2024
_TIME=15:34:47
[PPFILE]
; pi/2 - pi


DELAY D9
PULSE [GT] 3u
PULSE [PHL1,GT] D1
DELAY TAU-3u
PULSE [GT] 3u
PULSE [PHL2,GT] 2*D1
DELAY TAU-D3
PULSE [TR] 1u+DW
DELAY 1m
STOP

;PHL 1 [+X] [+X] [+Y] [+Y] [-X] [-X] [-Y] [-Y]
;PHL 2 [+Y] [-Y] [-X] [+X] [-Y] [+Y] [+X] [-X]
;!RLS +X+X+Y+Y-X-X-Y-Y

PHL 1 [+X] [+X] [-X] [-X] [+Y] [+Y] [-Y] [-Y] [+X] [+X] [-X] [-X] [+Y] [+Y] [-Y] [-Y]
PHL 2 [+Y] [-Y] [-Y] [+Y] [-X] [+X] [+X] [-X] [+X] [-X] [-X] [+X] [-Y] [+Y] [+Y] [-Y]
!RLS +X+X-X-X+Y+Y-Y-Y-X-X+X+X-Y-Y+Y+Y
[DATA]
 0.0006335 -0.0014910
 0.0002697 -0.0014728
 0.0002479 -0.0016118
 0.0002495 -0.0016881
 0.0000747 -0.0012811
 0.0001074 -0.0010295
 0.0000290 -0.0008918
-0.0000259 -0.0002357
-0.0002370 -0.0000536
-0.0002148  0.0000627
-0.0001736  0.0002222
-0.0003254  0.0006437
-0.0006682  0.0006252
-0.0005733  0.0010281
-0.0003819  0.0014512
-0.0003234  0.0017916
 0.0000202  0.0020419
 0.0004227  0.0021751
 0.0004962  0.0026895
 0.0007865  0.0029527
 0.0010122  0.0027428
 0.0010901  0.0025816
 0.0013735  0.0022505
 0.0016016  0.0022122
 0.0016949  0.0015153
 0.0019630  0.0014708
 0.0019238  0.0013533
 0.0014098  0.0013905
 0.0014123  0.0016400
 0.0012799  0.0014672
 0.0005560  0.0018297
 0.0006747  0.0016795
 0.0004458  0.0016614
 0.0003307  0.0016024
 0.0006557  0.0015516
 0.0006315  0.0015904
 0.0003803  0.0015912
 0.0005838  0.0018262
 0.0008458  0.0020987
 0.0007287  0.0026184
 0.0007109  0.0028893
 0.0004218  0.0035280
 0.0003669  0.0036253
 0.0004824  0.0037590
-0.0001697  0.0034578
-0.0005181  0.0032450
-0.0007478  0.0029600
-0.0010959  0.0024626
-0.0012105  0.0020867
-0.0008835  0.0018784
-0.0011681  0.0014428
-0.0012218  0.0016221
-0.0008136  0.0016415
-0.0007373  0.0019096
-0.0008858  0.0019265
-0.0005608  0.0021744
-0.0005431  0.0019774
-0.0006985  0.0021206
-0.0006448  0.0019248
-0.0006622  0.0017628
-0.0005661  0.0012981
-0.0003182  0.0012928
-0.0004861  0.0009823
-0.0002762  0.0006545
-0.0000238  0.0004393
 0.0002858  0.0001910
 0.0005899  0.0001328
 0.0009952 -0.0001183
 0.0006533 -0.0002378
 0.0008995 -0.0000069
 0.0006900 -0.0001224
 0.0008991  0.0002571
 0.0012233 -0.0001268
 0.0013747  0.0000407
 0.0016997 -0.0000566
 0.0021168 -0.0001539
 0.0018257 -0.0000627
 0.0013036 -0.0002347
 0.0014142 -0.0003481
 0.0012777 -0.0003683
 0.0011441 -0.0009004
 0.0013318 -0.0007079
 0.0011025 -0.0008984
 0.0011033 -0.0007228
 0.0008312 -0.0003776
 0.0004319 -0.0001850
-0.0001245  0.0001614
-0.0004532  0.0003185
-0.0009284  0.0003157
-0.0008186  0.0006246
-0.0006796  0.0005272
-0.0009639  0.0002773
-0.0007862  0.0000859
-0.0009219  0.0000492
-0.0010341 -0.0002738
-0.0009582 -0.0002536
-0.0008666 -0.0002830
-0.0010006  0.0000457
-0.0005432  0.0002431
-0.0003126  0.0007232
-0.0001951  0.0009961
 0.0000689  0.0013426
 0.0001715  0.0019332
 0.0002733  0.0021468
 0.0002167  0.0024678
 0.0001255  0.0029083
 0.0000537  0.0031194
 0.0000129  0.0034040
-0.0000594  0.0035413
-0.0003452  0.0036976
-0.0004211  0.0036427
-0.0009593  0.0035470
-0.0014006  0.0029410
-0.0014596  0.0023895
-0.0017252  0.0016595
-0.0015899  0.0010879
-0.0016307  0.0006482
-0.0017793  0.0003809
-0.0017760 -0.0000991
-0.0018725  0.0002836
-0.0018301  0.0004948
-0.0019605  0.0008775
-0.0018463  0.0007592
-0.0022855  0.0010281
-0.0019399  0.0012933
-0.0019387  0.0013083
-0.0021870  0.0011355
-0.0015345  0.0013280
-0.0012459  0.0011928
-0.0008978  0.0012307
-0.0001905  0.0014617
 0.0005363  0.0012881
 0.0002674  0.0015723
 0.0005471  0.0018836
 0.0005290  0.0014193
 0.0001264  0.0017212
 0.0001624  0.0018928
 0.0000728  0.0016372
-0.0000815  0.0020147
-0.0001396  0.0022779
-0.0000572  0.0020792
-0.0004214  0.0022254
-0.0005958  0.0019552
-0.0006669  0.0016056
-0.0007630  0.0009729
-0.0003225  0.0005530
-0.0005720 -0.0000009
 0.0001139 -0.0001289
 0.0003259 -0.0003343
 0.0006489 -0.0003299
 0.0007070 -0.0003460
 0.0007966 -0.0005733
 0.0009117 -0.0006516
 0.0008871 -0.0008047
 0.0012682 -0.0007284
 0.0009601 -0.0009993
 0.0012258 -0.0011337
 0.0014171 -0.0010009
 0.0018031 -0.0008636
 0.0019364 -0.0009193
 0.0020123 -0.0007651
 0.0022420 -0.0009346
 0.0022598 -0.0006674
 0.0019703 -0.0004715
 0.0017563 -0.0000274
 0.0018713 -0.0000645
 0.0013727 -0.0000399
 0.0008377 -0.0000572
 0.0006839 -0.0000927
 0.0005478  0.0003267
 0.0007211  0.0003069
 0.0004913  0.0007850
 0.0005087  0.0011859
 0.0006831  0.0014729
 0.0008176  0.0016243
 0.0008228  0.0015299
 0.0005931  0.0011088
 0.0007090  0.0012626
 0.0005588  0.0010381
 0.0002778  0.0006723
 0.0005051  0.0005230
-0.0001602  0.0001184
 0.0000707  0.0004818
-0.0003714  0.0006897
-0.0003197  0.0009768
-0.0009544  0.0011645
-0.0007324  0.0015129
-0.0005992  0.0015137
-0.0007765  0.0013821
-0.0005104  0.0015501
-0.0005863  0.0014382
-0.0002992  0.0017843
-0.0001220  0.0019304
-0.0002156  0.0019082
-0.0001789  0.0021144
-0.0000073  0.0019190
-0.0002233  0.0019303
 0.0000778  0.0017765
 0.0002582  0.0013331
 0.0006180  0.0012201
 0.0008388  0.0007618
 0.0010532 -0.0000206
 0.0002869 -0.0004001
-0.0000708 -0.0009726
-0.0006546 -0.0015641
-0.0013910 -0.0017179
-0.0015355 -0.0017744
-0.0020260 -0.0015863
-0.0020389 -0.0014111
-0.0016525 -0.0017006
-0.0015184 -0.0016267
-0.0005781 -0.0015847
-0.0003891 -0.0014523
 0.0003215 -0.0012597
 0.0007583 -0.0007417
 0.0012388 -0.0007961
 0.0014095 -0.0003161
 0.0018690  0.0001091
 0.0027710  0.0006110
 0.0033455  0.0016260
 0.0037884  0.0028154
 0.0045988  0.0036811
 0.0049872  0.0047909
 0.0050486  0.0057470
 0.0052246  0.0064927
 0.0053413  0.0070713
 0.0053599  0.0080282
 0.0053760  0.0085672
 0.0051669  0.0092209
 0.0054305  0.0100041
 0.0057717  0.0103526
 0.0059445  0.0107914
 0.0061705  0.0110591
 0.0062448  0.0111374
 0.0068597  0.0113857
 0.0074379  0.0114471
 0.0082095  0.0116607
 0.0089544  0.0120596
 0.0098245  0.0124484
 0.0104208  0.0127783
 0.0109958  0.0131098
 0.0119167  0.0138233
 0.0123249  0.0144996
 0.0128236  0.0151512
 0.0137280  0.0161093
 0.0142900  0.0165469
 0.0149268  0.0171170
 0.0158485  0.0178978
 0.0161751  0.0179870
 0.0167719  0.0184569
 0.0172297  0.0183725
 0.0175705  0.0181928
 0.0178506  0.0183026
 0.0182915  0.0186990
 0.0184582  0.0186768
 0.0188167  0.0192352
 0.0195653  0.0193119
 0.0203130  0.0194052
 0.0214443  0.0197137
 0.0224198  0.0197771
 0.0235164  0.0204238
 0.0243586  0.0203294
 0.0248217  0.0206907
 0.0253013  0.0208805
 0.0258008  0.0208582
 0.0260099  0.0204545
 0.0262223  0.0203600
 0.0265630  0.0200544
 0.0269668  0.0196176
 0.0274069  0.0193491
 0.0281348  0.0189857
 0.0288405  0.0189272
 0.0293783  0.0191379
 0.0298955  0.0192574
 0.0307204  0.0190875
 0.0310305  0.0188771
 0.0316228  0.0188985
 0.0319325  0.0190705
 0.0326580  0.0188865
 0.0334384  0.0185251
 0.0342588  0.0188695
 0.0353109  0.0186253
 0.0366114  0.0189358
 0.0380104  0.0190343
 0.0395236  0.0194199
 0.0411337  0.0194591
 0.0426494  0.0196141
 0.0440072  0.0201676
 0.0450581  0.0206679
 0.0464357  0.0204737
 0.0474333  0.0211455
 0.0489409  0.0213369
 0.0508224  0.0215831
 0.0521059  0.0219885
 0.0535016  0.0224459
 0.0554004  0.0223696
 0.0567800  0.0230205
 0.0586364  0.0234799
 0.0601174  0.0234222
 0.0617538  0.0237089
 0.0632933  0.0236321
 0.0642757  0.0233039
 0.0660053  0.0232676
 0.0671552  0.0229962
 0.0685207  0.0225372
 0.0704022  0.0224988
 0.0722449  0.0221685
 0.0740464  0.0217005
 0.0763433  0.0218322
 0.0780116  0.0214260
 0.0797566  0.0210989
 0.0812674  0.0210379
 0.0826510  0.0205801
 0.0838590  0.0202543
 0.0851664  0.0191077
 0.0863558  0.0186143
 0.0870680  0.0177923
 0.0881032  0.0171068
 0.0888845  0.0164382
 0.0896908  0.0154813
 0.0904352  0.0149068
 0.0907219  0.0140032
 0.0917563  0.0128703
 0.0926974  0.0118710
 0.0931040  0.0106973
 0.0935082  0.0097937
 0.0940662  0.0083939
 0.0945475  0.0070663
 0.0950098  0.0059907
 0.0953117  0.0047468
 0.0958471  0.0034015
 0.0961131  0.0021753
 0.0964406  0.0010101
 0.0967466 -0.0003323
 0.0970922 -0.0016562
 0.0974177 -0.0026547
 0.0977269 -0.0041530
 0.0982054 -0.0053065
 0.0985720 -0.0066720
 0.0981529 -0.0080948
 0.0978869 -0.0090953
 0.0974500 -0.0102077
 0.0965505 -0.0111682
 0.0958605 -0.0116846
 0.0952496 -0.0127012
 0.0944809 -0.0131598
 0.0939814 -0.0140998
 0.0937142 -0.0151713
 0.0930827 -0.0161471
 0.0924480 -0.0169135
 0.0915876 -0.0178299
 0.0904725 -0.0187876
 0.0899896 -0.0191845
 0.0887775 -0.0197929
 0.0879857 -0.0200404
 0.0870971 -0.0204179
 0.0863291 -0.0211046
 0.0854445 -0.0215253
 0.0848304 -0.0222153
 0.0843508 -0.0233107
 0.0834508 -0.0239595
 0.0830842 -0.0249778
 0.0823728 -0.0256629
 0.0813904 -0.0255862
 0.0807788 -0.0259306
 0.0802406 -0.0261199
 0.0797968 -0.0258663
 0.0791617 -0.0259439
 0.0782981 -0.0256952
 0.0775496 -0.0254258
 0.0766274 -0.0255813
 0.0757703 -0.0257933
 0.0748300 -0.0257929
 0.0741065 -0.0259289
 0.0727911 -0.0264074
 0.0722384 -0.0265979
 0.0713219 -0.0270199
 0.0708075 -0.0273089
 0.0704995 -0.0272726
 0.0700768 -0.0270433
 0.0691372 -0.0271624
 0.0684815 -0.0270118
 0.0679062 -0.0270712
 0.0668855 -0.0268806
 0.0659411 -0.0271750
 0.0648049 -0.0273902
 0.0637088 -0.0276034
 0.0628431 -0.0275267
 0.0619565 -0.0280641
 0.0610363 -0.0281573
 0.0602676 -0.0281590
 0.0593507 -0.0280439
 0.0581398 -0.0281924
 0.0567360 -0.0281590
 0.0555268 -0.0281808
 0.0543745 -0.0283507
 0.0528349 -0.0284242
 0.0515878 -0.0286729
 0.0505376 -0.0289422
 0.0496958 -0.0289414
 0.0489530 -0.0292672
 0.0481859 -0.0295720
 0.0477858 -0.0294788
 0.0469787 -0.0294013
 0.0462479 -0.0291699
 0.0453992 -0.0290363
 0.0440353 -0.0285348
 0.0428810 -0.0282974
 0.0410540 -0.0279150
 0.0394459 -0.0276651
 0.0380844 -0.0273514
 0.0368030 -0.0273356
 0.0354278 -0.0272012
 0.0346454 -0.0272008
 0.0341088 -0.0272173
 0.0329420 -0.0269694
 0.0322298 -0.0270788
 0.0311554 -0.0267720
 0.0297915 -0.0266718
 0.0289097 -0.0266314
 0.0278350 -0.0260755
 0.0265135 -0.0257892
 0.0256358 -0.0254028
 0.0246579 -0.0252316
 0.0235464 -0.0252090
 0.0224737 -0.0250334
 0.0221519 -0.0250483
 0.0212511 -0.0251060
 0.0207174 -0.0247992
 0.0199523 -0.0245880
 0.0198191 -0.0244746
 0.0192119 -0.0240135
 0.0185623 -0.0241867
 0.0177027 -0.0236897
 0.0173240 -0.0236344
 0.0162739 -0.0232924
 0.0157163 -0.0226473
 0.0150461 -0.0219989
 0.0146250 -0.0215963
 0.0140896 -0.0205781
 0.0142063 -0.0200758
 0.0136774 -0.0195368
 0.0134493 -0.0185787
 0.0130286 -0.0181415
 0.0124553 -0.0177389
 0.0121630 -0.0172993
 0.0116652 -0.0170316
 0.0108189 -0.0168361
 0.0104531 -0.0162777
 0.0097005 -0.0158365
 0.0092156 -0.0153503
 0.0086596 -0.0149886
 0.0078335 -0.0144108
 0.0070858 -0.0135880
 0.0067810 -0.0130538
 0.0061915 -0.0125811
 0.0055601 -0.0121265
 0.0050421 -0.0116137
 0.0049646 -0.0115241
 0.0049105 -0.0110861
 0.0047566 -0.0108794
 0.0045043 -0.0102883
 0.0045983 -0.0095793
 0.0044025 -0.0090613
 0.0043048 -0.0087731
 0.0039717 -0.0085231
 0.0034674 -0.0082752
 0.0031012 -0.0080338
 0.0028286 -0.0076689
 0.0026356 -0.0072922
 0.0021931 -0.0067411
 0.0021358 -0.0064730
 0.0021560 -0.0060499
 0.0020966 -0.0058771
 0.0020191 -0.0058892
 0.0015225 -0.0058847
 0.0013868 -0.0060906
 0.0010630 -0.0060296
 0.0009710 -0.0063352
 0.0008418 -0.0065097
 0.0007090 -0.0062202
 0.0001514 -0.0056642
-0.0000424 -0.0057591
-0.0001999 -0.0056424
-0.0009521 -0.0058854
-0.0010123 -0.0062883
-0.0006267 -0.0067849
-0.0009501 -0.0066828
-0.0008160 -0.0072210
-0.0006638 -0.0072028
-0.0004317 -0.0070106
-0.0007381 -0.0069363
-0.0002225 -0.0068964
-0.0008725 -0.0065181
-0.0007801 -0.0064612
-0.0010102 -0.0061394
-0.0007058 -0.0058277
-0.0009586 -0.0054284
-0.0007688 -0.0051413
-0.0009594 -0.0051438
-0.0014366 -0.0045143
-0.0018182 -0.0044950
-0.0017212 -0.0044659
-0.0018335 -0.0047514
-0.0017741 -0.0048870
-0.0018888 -0.0046593
-0.0014669 -0.0046747
-0.0016441 -0.0043076
-0.0019288 -0.0041893
-0.0018137 -0.0041445
-0.0015625 -0.0041977
-0.0021560 -0.0039309
-0.0019416 -0.0041029
-0.0018670 -0.0041994
-0.0018084 -0.0042632
-0.0018678 -0.0043084
-0.0018512 -0.0044078
-0.0017543 -0.0044155
-0.0014124 -0.0047070
-0.0012953 -0.0045758
-0.0008528 -0.0046662
-0.0001619 -0.0049710
-0.0000243 -0.0047034
 0.0002850 -0.0049710
 0.0008249 -0.0046626
 0.0007906 -0.0048535
 0.0012339 -0.0047756
 0.0012577 -0.0047336
 0.0010317 -0.0044631
 0.0009602 -0.0044837
 0.0006376 -0.0043650
 0.0004636 -0.0042483
-0.0002308 -0.0042673
-0.0003338 -0.0043246
-0.0004542 -0.0040932
-0.0010603 -0.0037868
-0.0012787 -0.0037254
-0.0015384 -0.0034739
-0.0017920 -0.0035300
-0.0019297 -0.0040447
-0.0020266 -0.0041982
-0.0021525 -0.0042571
-0.0026063 -0.0045987
-0.0028723 -0.0048708
-0.0033261 -0.0050444
-0.0037633 -0.0049289
-0.0041651 -0.0046221
-0.0045280 -0.0042365
-0.0045890 -0.0039656
-0.0044037 -0.0036591
-0.0041352 -0.0035082
-0.0036972 -0.0033099
-0.0028191 -0.0030059
-0.0024323 -0.0027002
-0.0018565 -0.0020429
-0.0018016 -0.0010844
-0.0019708 -0.0004465
-0.0026200  0.0001713
-0.0030035  0.0006885
-0.0034618  0.0009013
-0.0040020  0.0009235
-0.0041155  0.0010761
-0.0042338  0.0007680
-0.0040214  0.0006307
-0.0037331  0.0005355
-0.0035393  0.0007979
-0.0032676  0.0007389
-0.0026720  0.0009484
-0.0024758  0.0010054
-0.0020757  0.0012153
-0.0013643  0.0010042
-0.0008879  0.0013518
 0.0000339  0.0013732
 0.0005135  0.0015682
 0.0010909  0.0022809
 0.0015169  0.0026838
 0.0013655  0.0031812
 0.0014442  0.0036980
 0.0013962  0.0037158
 0.0008399  0.0040832
 0.0001729  0.0036605
-0.0002441  0.0033161
-0.0005902  0.0028376
-0.0006047  0.0026693
-0.0005465  0.0022251
-0.0005639  0.0018073
-0.0001803  0.0022494
 0.0001132  0.0021735
 0.0000535  0.0023653
 0.0004911  0.0023459
 0.0003183  0.0020023
 0.0005484  0.0016959
 0.0013123  0.0017787
 0.0013313  0.0016265
 0.0016018  0.0014000
 0.0020213  0.0017480
 0.0018332  0.0015970
 0.0016014  0.0021554
 0.0016179  0.0025753
 0.0015978  0.0027679
 0.0011924  0.0032411
 0.0013417  0.0031009
 0.0012428  0.0029838
 0.0011624  0.0028457
 0.0011204  0.0028041
 0.0013421  0.0028607
 0.0013174  0.0032967
 0.0017348  0.0035211
 0.0024361  0.0038461
 0.0024135  0.0041271
 0.0027312  0.0042034
 0.0029383  0.0039531
 0.0030509  0.0036224
 0.0029367  0.0034314
 0.0026117  0.0029930
 0.0027106  0.0026260
 0.0022168  0.0028379
 0.0021417  0.0029530
 0.0021417  0.0032457
 0.0021252  0.0031137
 0.0017961  0.0031190
 0.0015713  0.0027952
 0.0013771  0.0023382
 0.0017231  0.0018028
 0.0013056  0.0013207
 0.0013468  0.0007042
 0.0012693 -0.0001033
 0.0007703 -0.0002785
 0.0009633 -0.0008547
 0.0007307 -0.0009891
 0.0009439 -0.0011801
 0.0010610 -0.0010222
 0.0013864 -0.0007525
 0.0016957 -0.0000270
 0.0020825  0.0006028
 0.0025630  0.0011221
 0.0026025  0.0016352
 0.0026813  0.0016130
 0.0028161  0.0017305
 0.0027967  0.0015718
 0.0029885  0.0009799
 0.0025868  0.0007708
 0.0026586  0.0006161
 0.0024858  0.0005225
 0.0025593  0.0008483
 0.0025730  0.0010595
 0.0023796  0.0005822
 0.0023396  0.0008495
 0.0017198  0.0006977
 0.0019879 -0.0001429
 0.0016984 -0.0004836
 0.0018131 -0.0007146
 0.0022318 -0.0010359
 0.0023489 -0.0013638
 0.0023650 -0.0009310
 0.0020165 -0.0005894
 0.0017238 -0.0001292
 0.0013390  0.0002362
 0.0011093  0.0002185
 0.0003438  0.0005314
 0.0000043  0.0007664
-0.0002928  0.0004265
-0.0003449  0.0002392
-0.0002584  0.0000058
-0.0000214 -0.0000536
 0.0000767  0.0000179
 0.0001163  0.0000897
 0.0003670 -0.0005611
 0.0009464 -0.0009080
 0.0012008 -0.0014223
 0.0016433 -0.0018656
 0.0015896 -0.0021721
 0.0019962 -0.0021697
 0.0019413 -0.0019762
 0.0015025 -0.0018600
 0.0013115 -0.0016839
 0.0008125 -0.0014368
 0.0003300 -0.0011889
 0.0003477 -0.0014320
 0.0000215 -0.0012991
 0.0002096 -0.0016290
 0.0003074 -0.0017227
 0.0003251 -0.0019754
 0.0003804 -0.0020736
 0.0008742 -0.0023841
 0.0012932 -0.0027705
 0.0014038 -0.0028653
 0.0018443 -0.0025960
 0.0013614 -0.0027737
 0.0012411 -0.0023683
 0.0010864 -0.0020619
 0.0008188 -0.0021196
 0.0005519 -0.0021955
 0.0004187 -0.0019052
 0.0001910 -0.0022884
 0.0000594 -0.0023857
 0.0005439 -0.0026174
 0.0006287 -0.0024640
 0.0006654 -0.0022198
 0.0007070 -0.0023005
 0.0003429 -0.0015750
-0.0003681 -0.0010946
-0.0008082 -0.0008471
-0.0017312 -0.0004413
-0.0021362 -0.0002975
-0.0025932 -0.0005438
-0.0029553 -0.0004444
-0.0029917 -0.0005893
-0.0027579 -0.0002235
-0.0027764 -0.0003410
-0.0026767 -0.0002115
-0.0028709 -0.0000019
-0.0029282  0.0002649
-0.0030243  0.0004333
-0.0031479  0.0004321
-0.0033005  0.0002725
-0.0032848 -0.0000302
-0.0030967 -0.0000117
-0.0029663 -0.0002240
-0.0030253 -0.0007849
-0.0027237 -0.0009181
-0.0024952 -0.0011713
-0.0027249 -0.0013841
-0.0027681 -0.0017123
-0.0028311 -0.0016578
-0.0027011 -0.0018310
-0.0023435 -0.0019655
-0.0023067 -0.0018117
-0.0019854 -0.0020240
-0.0016789 -0.0017555
-0.0012937 -0.0018520
-0.0010450 -0.0014665
-0.0009477 -0.0010676
-0.0005811 -0.0007252
-0.0006348 -0.0006877
-0.0007660 -0.0004963
-0.0009198 -0.0004587
-0.0007075 -0.0005136
-0.0012202 -0.0005891
-0.0011822 -0.0005290
-0.0012351 -0.0007175
-0.0011951 -0.0005620
-0.0006763 -0.0007122
-0.0006924 -0.0009032
-0.0007114 -0.0007918
-0.0006896 -0.0008644
-0.0007445 -0.0011333
-0.0010291 -0.0009008
-0.0012629 -0.0007796
-0.0018499 -0.0007263
-0.0021139 -0.0008402
-0.0021749 -0.0004623
-0.0023461 -0.0004490
-0.0025589 -0.0002237
-0.0023889 -0.0002456
-0.0026425 -0.0000599
-0.0026631 -0.0001770
-0.0026692 -0.0002343
-0.0026741  0.0000379
-0.0026708  0.0000237
-0.0031141  0.0000666
-0.0030193  0.0001986
-0.0031711  0.0001057
-0.0030766 -0.0000085
-0.0028485 -0.0000275
-0.0025784 -0.0001232
-0.0022344 -0.0002580
-0.0017737 -0.0001628
-0.0016946 -0.0003339
-0.0015432 -0.0003917
-0.0014196 -0.0008124
-0.0015116 -0.0008479
-0.0014865 -0.0014067
-0.0015467 -0.0011572
-0.0014066 -0.0016372
-0.0011010 -0.0014450
-0.0009278 -0.0014253
-0.0008724 -0.0009690
-0.0008955 -0.0005847
-0.0010142 -0.0005290
-0.0009783 -0.0001268
-0.0010183 -0.0000901
-0.0006565  0.0000464
-0.0002544  0.0001586
 0.0002806  0.0002345
 0.0007162  0.0003851
 0.0008692  0.0002886
 0.0010973  0.0005765
 0.0009653  0.0009225
 0.0006439  0.0014595
 0.0005664  0.0020344
 0.0002652  0.0022488
 0.0003856  0.0019811
 0.0003707  0.0020231
 0.0003348  0.0017369
 0.0003384  0.0012988
 0.0002790  0.0009136
 0.0003166  0.0002204
 0.0004098 -0.0002213
 0.0001785 -0.0005693
 0.0003262 -0.0005681
 0.0002067 -0.0004341
 0.0001449 -0.0002225
 0.0002010 -0.0005839
 0.0000464 -0.0003727
-0.0005512 -0.0006634
-0.0007599 -0.0006247
-0.0010865 -0.0009727
-0.0010651 -0.0007079
-0.0008927 -0.0007087
-0.0007946 -0.0006542
-0.0007534 -0.0002529
-0.0001010 -0.0003106
 0.0000169 -0.0004991
 0.0005766 -0.0007317
 0.0008236 -0.0008241
 0.0014979 -0.0012263
 0.0017499 -0.0012844
 0.0017701 -0.0007115
 0.0019969 -0.0004818
 0.0017285 -0.0001019
 0.0018382  0.0004512
 0.0017785  0.0008558
 0.0017587  0.0010484
 0.0018532  0.0007581
 0.0021386  0.0007609
 0.0024075  0.0010137
 0.0026780  0.0008595
 0.0029695  0.0009939
 0.0029938  0.0005946
 0.0029785  0.0010928
 0.0028658  0.0010549
 0.0026926  0.0012895
 0.0026353  0.0018463
 0.0026139  0.0019658
 0.0025557  0.0019892
 0.0024609  0.0024156
 0.0024233  0.0020510
 0.0026345  0.0019129
 0.0026119  0.0017244
 0.0025772  0.0011454
 0.0027669  0.0005705
 0.0028593  0.0002208
 0.0025868 -0.0001817
 0.0020458 -0.0004494
 0.0019823 -0.0010651
 0.0021148 -0.0013655
 0.0019024 -0.0014975
 0.0019399 -0.0012464
 0.0017828 -0.0008947
 0.0022258 -0.0002785
 0.0022064  0.0000687
 0.0018047  0.0003000
 0.0018628  0.0007409
 0.0014813  0.0005067
 0.0012467  0.0004296
 0.0011469  0.0004660
 0.0015611  0.0001769
 0.0015744 -0.0002422
 0.0018591 -0.0003544
 0.0021441 -0.0006576
 0.0021824 -0.0003112
 0.0023771 -0.0005014
 0.0024542 -0.0005954
 0.0025495 -0.0002482
 0.0021453 -0.0002490
 0.0019733 -0.0000407
 0.0015679 -0.0003063
 0.0014331 -0.0002535
 0.0008945 -0.0004481
 0.0011250 -0.0004263
 0.0014347 -0.0006217
 0.0013604 -0.0008761
 0.0009934 -0.0006508
 0.0011695 -0.0006892
 0.0009397 -0.0009157
 0.0000571 -0.0007296
-0.0002675 -0.0009771
-0.0002981 -0.0012488
-0.0007935 -0.0014624
-0.0009429 -0.0013106
-0.0010163 -0.0015250
-0.0010902 -0.0016260
-0.0010361 -0.0010102
-0.0008237 -0.0008738
-0.0008597 -0.0001644
-0.0004983  0.0001671
-0.0006864  0.0005741
-0.0006267  0.0005176
-0.0008738  0.0005172
-0.0010033  0.0004054
-0.0010360  0.0000800
-0.0012229 -0.0000182
-0.0011644 -0.0002455
-0.0010626 -0.0004970
-0.0006427 -0.0003634
-0.0007558 -0.0004998
-0.0007227 -0.0004264
-0.0008781 -0.0000465
-0.0010893 -0.0001991
-0.0009189 -0.0002794
-0.0007857 -0.0005855
-0.0005354 -0.0008746
-0.0002232 -0.0010833
 0.0001389 -0.0008544
 0.0002309 -0.0008395
 0.0001555 -0.0007268
 0.0001490 -0.0006384
 0.0003214 -0.0005238
 0.0003181 -0.0006445
 0.0003338 -0.0010515
 0.0001800 -0.0014565
 0.0004089 -0.0015938
 0.0005220 -0.0019180
 0.0006742 -0.0018780
 0.0004271 -0.0021271
 0.0003891 -0.0016830
 0.0002539 -0.0010491
 0.0001647 -0.0008359
-0.0002544 -0.0006474
-0.0001975 -0.0000951
-0.0008087  0.0000559
-0.0007691  0.0001690
-0.0013792  0.0003410
-0.0016840 -0.0002534
-0.0020300 -0.0005396
-0.0020292 -0.0010007
-0.0021976 -0.0013427
-0.0024838 -0.0013435
-0.0028113 -0.0013637
-0.0029784 -0.0014569
-0.0025544 -0.0013431
-0.0029158 -0.0017468
-0.0030672 -0.0016140
-0.0032573 -0.0016350
-0.0035060 -0.0020557
-0.0033308 -0.0023234
-0.0034459 -0.0024388
-0.0035399 -0.0027247
-0.0033465 -0.0031805
-0.0034265 -0.0032960
-0.0033708 -0.0038256
-0.0034471 -0.0042580
-0.0032153 -0.0040856
-0.0027946 -0.0042325
-0.0024857 -0.0040771
-0.0020210 -0.0042725
-0.0018256 -0.0036641
-0.0013826 -0.0038410
-0.0014363 -0.0041802
-0.0008590 -0.0040127
-0.0005505 -0.0044047
-0.0008916 -0.0043688
-0.0006046 -0.0042154
-0.0010846 -0.0043082
-0.0012187 -0.0039008
-0.0016039 -0.0037809
-0.0020496 -0.0036234
-0.0021655 -0.0034857
-0.0025507 -0.0032907
-0.0023767 -0.0029051
-0.0023589 -0.0030791
-0.0022112 -0.0025809
-0.0022887 -0.0020653
-0.0026302 -0.0017024
-0.0024994 -0.0016244
-0.0025539 -0.0017363
-0.0027296 -0.0018118
-0.0025778 -0.0018646
-0.0023315 -0.0023192
-0.0022786 -0.0019695
-0.0017239 -0.0020830
-0.0010129 -0.0022154
-0.0011271 -0.0020983
-0.0008013 -0.0020026
-0.0004012 -0.0019635
-0.0006685 -0.0015650
-0.0000750 -0.0012194
 0.0000966 -0.0006440
 0.0002315 -0.0003945
 0.0006538 -0.0001648
 0.0008633 -0.0000114
 0.0012295 -0.0000679
 0.0009186 -0.0001503
 0.0009537 -0.0003594
 0.0006553 -0.0007256
 0.0003815 -0.0010720
 0.0001837 -0.0013583
-0.0000703 -0.0018549
-0.0000360 -0.0019465
-0.0003631 -0.0023676
-0.0005136 -0.0024399
-0.0006101 -0.0026304
-0.0010474 -0.0025109
-0.0007999 -0.0020106
-0.0006271 -0.0020664
-0.0001058 -0.0018407
 0.0001061 -0.0014551
 0.0009698 -0.0010756
 0.0005277 -0.0007728
 0.0006617 -0.0002156
 0.0004873 -0.0000969
-0.0000663 -0.0000545
-0.0005637  0.0002964
-0.0007732 -0.0001800
-0.0014212  0.0002996
-0.0015375  0.0004180
-0.0018649  0.0003025
-0.0018492  0.0003796
-0.0015226  0.0006126
-0.0016772  0.0006530
-0.0015823  0.0009433
-0.0014697  0.0012703
-0.0013167  0.0012877
-0.0010296  0.0017895
-0.0007842  0.0022264
-0.0003808  0.0021081
 0.0000633  0.0030253
 0.0000633  0.0027903
 0.0005409  0.0030003
 0.0006148  0.0033051
 0.0005744  0.0032849
 0.0004359  0.0030164
 0.0000632  0.0030144
-0.0001475  0.0030390
-0.0000373  0.0027936
-0.0001157  0.0027981
-0.0001338  0.0029729
-0.0000175  0.0027617
 0.0000382  0.0029357
-0.0000127  0.0026289
-0.0001088  0.0024392
-0.0005424  0.0026285
-0.0009800  0.0025340
-0.0011463  0.0025704
-0.0012024  0.0023782
-0.0009125  0.0023576
-0.0006259  0.0025247
-0.0003162  0.0030395
 0.0004295  0.0032518
 0.0004493  0.0036919
 0.0005632  0.0039220
 0.0007978  0.0037682
 0.0007606  0.0039212
 0.0011474  0.0035356
 0.0008798  0.0034424
 0.0011507  0.0034198
 0.0010530  0.0034359
 0.0011842  0.0033229
 0.0010687  0.0030338
 0.0014704  0.0032159
 0.0015653  0.0029515
 0.0016981  0.0031582
 0.0020276  0.0034469
 0.0019133  0.0033427
 0.0019146  0.0033919
 0.0019129  0.0035013
 0.0017966  0.0033813
 0.0019827  0.0034709
 0.0022145  0.0033567
 0.0027276  0.0034895
 0.0031710  0.0035646
 0.0037471  0.0036239
 0.0041707  0.0039449
 0.0041307  0.0041411
 0.0039987  0.0039045
 0.0041686  0.0043119
 0.0040903  0.0045037
 0.0041044  0.0043906
 0.0038488  0.0042825
 0.0039445  0.0040754
 0.0034253  0.0039244
 0.0033110  0.0035659
 0.0033906  0.0033802
 0.0030672  0.0028444
 0.0030684  0.0029430
 0.0034701  0.0029034
 0.0036223  0.0026361
 0.0041161  0.0024811
 0.0044225  0.0029224
 0.0048787  0.0030580
 0.0044350  0.0028695
 0.0041487  0.0031759
 0.0033057  0.0030815
 0.0028116  0.0032914
 0.0020675  0.0026398
 0.0018802  0.0026006
 0.0016718  0.0023696
 0.0014256  0.0020059
 0.0016759  0.0020838
 0.0020603  0.0012161
 0.0024781  0.0003917
 0.0028031 -0.0001865
 0.0028992 -0.0009593
 0.0029364 -0.0010385
 0.0028035 -0.0014797
 0.0024006 -0.0015028
 0.0020938 -0.0013828
 0.0019779 -0.0012319
 0.0019036 -0.0006961
 0.0020603  0.0001098
 0.0017389  0.0004938
 0.0017244  0.0009948
 0.0017717  0.0010191
 0.0012791  0.0011345
 0.0014956  0.0011547
 0.0018650  0.0011196
 0.0016175  0.0007559
 0.0015376  0.0007369
 0.0021682  0.0007583
 0.0023572  0.0004704
 0.0020903  0.0004708
 0.0020374  0.0003945
 0.0019458  0.0004720
 0.0017391  0.0003723
 0.0013600  0.0002152
 0.0011698  0.0002560
 0.0004592  0.0001389
 0.0006914  0.0003101
 0.0004382  0.0002350
 0.0003070  0.0006932
 0.0000777  0.0007691
 0.0000204  0.0013037
-0.0001710  0.0014769
-0.0003838  0.0015334
-0.0003220  0.0011660
-0.0000918  0.0013037
 0.0001730  0.0009621
 0.0002893  0.0010058
 0.0003066  0.0005104
-0.0000394  0.0006271
-0.0002291  0.0001503
-0.0003632  0.0001511
-0.0007257 -0.0002551
-0.0010112  0.0000517
-0.0010669 -0.0003496
-0.0011880  0.0000348
-0.0009962 -0.0000011
-0.0008828  0.0000578
-0.0010427  0.0001378
-0.0007787  0.0005642
-0.0011074 -0.0000079
-0.0008841  0.0001641
-0.0010416 -0.0002574
-0.0008676 -0.0003297
-0.0008321 -0.0005602
-0.0009698 -0.0007544
-0.0005866 -0.0009454
-0.0006872 -0.0009305
-0.0006359 -0.0013565
-0.0008503 -0.0012422
-0.0009913 -0.0014736
-0.0012969 -0.0013617
-0.0013199 -0.0010351
-0.0012634 -0.0006322
-0.0012804 -0.0007888
-0.0013777 -0.0011926
-0.0011673 -0.0011349
-0.0012824 -0.0012560
-0.0012844 -0.0014849
-0.0010704 -0.0017954
-0.0015150 -0.0019735
-0.0017798 -0.0019384
-0.0019914 -0.0021899
-0.0023143 -0.0021738
-0.0024661 -0.0021124
-0.0025037 -0.0021108
-0.0023252 -0.0023781
-0.0019566 -0.0023155
-0.0013788 -0.0023538
-0.0012237 -0.0020433
-0.0003355 -0.0020668
-0.0002975 -0.0013219
 0.0001281 -0.0012835
 0.0001995 -0.0012274
 0.0005839 -0.0013857
 0.0002560 -0.0016570
 0.0003460 -0.0013530
 0.0006880 -0.0014717
 0.0006113 -0.0018771
 0.0005729 -0.0013228
 0.0006851 -0.0012101
 0.0006892 -0.0007939
 0.0009767 -0.0007568
 0.0012847 -0.0004322
 0.0011474 -0.0002379
 0.0009936  0.0002235
 0.0012992  0.0002090
 0.0009702  0.0004816
 0.0008527  0.0003338
 0.0006056  0.0002475
 0.0005495  0.0003485
 0.0007622 -0.0000092
 0.0007481 -0.0002733
 0.0007316 -0.0004816
 0.0011951 -0.0004985
 0.0010058 -0.0007646
 0.0009501 -0.0004941
 0.0011806 -0.0001262
 0.0006622  0.0001394
 0.0003142  0.0004612
-0.0000311  0.0009808
-0.0003597  0.0013228
-0.0008232  0.0015767
-0.0013243  0.0012497
-0.0016869  0.0010385
-0.0020692  0.0007111
-0.0020494  0.0004600
-0.0025299  0.0003215
-0.0025125  0.0001224
-0.0026094 -0.0002858
-0.0023095 -0.0001736
-0.0020055 -0.0005443
-0.0015480 -0.0009456
-0.0010531 -0.0007340
-0.0003037 -0.0003464
 0.0003637 -0.0002099
 0.0005777  0.0004449
 0.0010016  0.0011778
 0.0010436  0.0014624
 0.0009443  0.0020349
 0.0007299  0.0023797
 0.0002668  0.0021088
 0.0003415  0.0020676
 0.0004702  0.0018035
 0.0006030  0.0017850
 0.0011574  0.0016897
 0.0011957  0.0014390
 0.0014049  0.0016679
 0.0009466  0.0016465
 0.0007516  0.0017958
 0.0004229  0.0019077
 0.0000357  0.0020207
 0.0000914  0.0019456
 0.0002630  0.0021007
 0.0004177  0.0018136
 0.0004564  0.0015847
 0.0006086  0.0016440
 0.0006809  0.0015693
 0.0006458  0.0015520
 0.0006688  0.0014394
 0.0004564  0.0017684
 0.0005356  0.0016328
 0.0006543  0.0015791
 0.0012143  0.0014806
 0.0012741  0.0019606
 0.0016568  0.0019255
 0.0024668  0.0023829
 0.0028495  0.0024819
 0.0031333  0.0027491
 0.0038027  0.0025198
 0.0039541  0.0027290
 0.0042783  0.0027794
 0.0049114  0.0024503
 0.0052227  0.0022977
 0.0051436  0.0026752
 0.0055473  0.0026756
 0.0055873  0.0028488
 0.0058768  0.0027362
 0.0056628  0.0030624
 0.0056067  0.0029647
 0.0056769  0.0029824
 0.0059232  0.0025799
 0.0054423  0.0018899
 0.0059966  0.0015620
 0.0063600  0.0012556
 0.0064008  0.0008102
 0.0069180  0.0009423
 0.0069826  0.0006697
 0.0066572  0.0007044
 0.0066056  0.0004157
 0.0064760  0.0002397
 0.0061712 -0.0000861
 0.0058829 -0.0002230
 0.0059592 -0.0002626
 0.0058986  0.0000632
 0.0058158  0.0002703
 0.0053935  0.0003111
 0.0050854  0.0005586
 0.0047559  0.0006188
 0.0044160  0.0004456
 0.0039949  0.0007726
 0.0039582  0.0007548
 0.0038092  0.0006373
 0.0039037  0.0006983
 0.0044056  0.0007387
 0.0045804  0.0002566
 0.0049462 -0.0000317
 0.0056366 -0.0005509
 0.0058502 -0.0006268
 0.0058328 -0.0004564
 0.0059697 -0.0000926
 0.0058773 -0.0001693
 0.0053831  0.0001904
 0.0056133 -0.0002509
 0.0056331  0.0000931
 0.0054013  0.0001892
 0.0053440  0.0002295
 0.0050916  0.0001932
 0.0048409  0.0003487
 0.0047650  0.0000414
 0.0046685  0.0002748
 0.0040903  0.0002724
 0.0039009  0.0001803
 0.0036692 -0.0000308
 0.0030922 -0.0000841
 0.0030910 -0.0003288
 0.0030325 -0.0007717
 0.0033389 -0.0006917
 0.0032816 -0.0007482
 0.0033405 -0.0007701
 0.0035105 -0.0004600
 0.0038920 -0.0002904
 0.0038892 -0.0002763
 0.0038876  0.0001452
 0.0032888 -0.0002557
 0.0029989 -0.0004103
 0.0025967 -0.0009279
 0.0021930 -0.0021937
 0.0018308 -0.0028470
 0.0020654 -0.0036512
 0.0018753 -0.0043388
 0.0016714 -0.0044316
 0.0017183 -0.0046004
 0.0009565 -0.0045418
 0.0005398 -0.0045422
 0.0003480 -0.0039855
-0.0000521 -0.0039285
-0.0006868 -0.0036060
-0.0005374 -0.0035345
-0.0012504 -0.0037041
-0.0010780 -0.0038987
-0.0010199 -0.0040299
-0.0009444 -0.0043949
-0.0007736 -0.0041805
-0.0003823 -0.0042939
 0.0000020 -0.0038151
-0.0003052 -0.0036015
-0.0005176 -0.0036298
-0.0010191 -0.0036488
-0.0013853 -0.0034643
-0.0013659 -0.0038891
-0.0015379 -0.0039109
-0.0014224 -0.0039335
-0.0011507 -0.0036065
-0.0010562 -0.0032786
-0.0005374 -0.0030448
-0.0002269 -0.0028918
-0.0000751 -0.0021388
-0.0000194 -0.0020592
 0.0004425 -0.0012530
 0.0001740 -0.0012122
 0.0002326 -0.0006170
-0.0001271 -0.0002525
-0.0003916  0.0000540
-0.0001211  0.0002660
-0.0004453  0.0000960
-0.0009063  0.0004400
-0.0007695 -0.0001148
-0.0005413 -0.0001507
-0.0007133  0.0000229
-0.0005438 -0.0004329
-0.0009475 -0.0005257
-0.0008535 -0.0006178
-0.0012956 -0.0008632
-0.0011834 -0.0008761
-0.0010522 -0.0010808
-0.0007461 -0.0015176
-0.0005172 -0.0013658
-0.0000965 -0.0016561
 0.0001143 -0.0013142
 0.0000989 -0.0010303
-0.0006735 -0.0007033
-0.0011527 -0.0007223
-0.0014414 -0.0004921
-0.0020806 -0.0010461
-0.0025283 -0.0014296
-0.0022178 -0.0020393
-0.0020697 -0.0025391
-0.0018198 -0.0027672
-0.0017604 -0.0028229
-0.0017725 -0.0025367
-0.0024197 -0.0029816
-0.0024136 -0.0028876
-0.0029263 -0.0031803
-0.0030716 -0.0036208
-0.0025330 -0.0037003
-0.0019540 -0.0039725
-0.0012039 -0.0039139
-0.0003423 -0.0036285
 0.0000578 -0.0030180
 0.0001543 -0.0027310
 0.0002113 -0.0016966
 0.0003243 -0.0013151
-0.0000221 -0.0012000
-0.0003100 -0.0009723
-0.0002313 -0.0006836
-0.0004614 -0.0007744
-0.0003843 -0.0005620
-0.0005130 -0.0003476
-0.0008615 -0.0000598
-0.0007860  0.0003097
-0.0009976  0.0004841
-0.0011712  0.0006981
-0.0013456  0.0007765
-0.0014203  0.0009291
-0.0013480  0.0012900
-0.0011708  0.0013247
-0.0008441  0.0012031
-0.0003649  0.0011373
 0.0000950  0.0016529
 0.0004579  0.0012116
 0.0007619  0.0016173
 0.0006832  0.0018887
 0.0005887  0.0022763
 0.0002209  0.0025295
-0.0001445  0.0033580
-0.0004312  0.0033596
-0.0008365  0.0034949
-0.0010687  0.0035889
-0.0014094  0.0033568
-0.0013323  0.0029926
-0.0012370  0.0030495
-0.0009314  0.0030083
-0.0010856  0.0025291
-0.0011054  0.0025254
-0.0012588  0.0026239
-0.0011272  0.0023675
-0.0013029  0.0020590
-0.0015161  0.0021160
-0.0013267  0.0019072
-0.0012908  0.0017502
-0.0014043  0.0015419
-0.0013110  0.0016714
-0.0013126  0.0015402
-0.0016562  0.0013258
-0.0016162  0.0014372
-0.0017890  0.0014393
-0.0020155  0.0014356
-0.0019376  0.0018167
-0.0018229  0.0018361
-0.0017805  0.0017610
-0.0014386  0.0016290
-0.0012270  0.0015701
-0.0009165  0.0012087
-0.0004389  0.0008647
-0.0001679  0.0008845
 0.0001203  0.0010573
-0.0000174  0.0012112
-0.0001110  0.0013064
-0.0000182  0.0014611
 0.0000363  0.0014797
-0.0002309  0.0011332
 0.0000916  0.0014033
 0.0005729  0.0011143
 0.0008249  0.0008070
 0.0011632  0.0007081
 0.0022549  0.0006148
 0.0024091  0.0004073
 0.0029457  0.0004150
 0.0037500  0.0002806
 0.0038699  0.0004170
 0.0039660  0.0009230
 0.0043701  0.0012096
 0.0045829  0.0014277
 0.0044323  0.0015060
 0.0047251  0.0014532
 0.0051111  0.0016623
 0.0056113  0.0019146
 0.0057325  0.0020309
 0.0059089  0.0021981
 0.0055856  0.0019679
 0.0055274  0.0013970
 0.0051814  0.0008831
 0.0049500 -0.0001719
 0.0052012 -0.0008784
 0.0050849 -0.0012204
 0.0054285 -0.0013524
 0.0055650 -0.0016605
 0.0058528 -0.0016246
 0.0057947 -0.0015725
 0.0057757 -0.0017865
 0.0062558 -0.0017550
 0.0059275 -0.0017050
 0.0063111 -0.0015540
 0.0063256 -0.0017850
 0.0061297 -0.0016679
 0.0062012 -0.0015673
 0.0058741 -0.0017554
 0.0054688 -0.0018043
 0.0050319 -0.0022193
 0.0041502 -0.0019204
 0.0033681 -0.0022793
 0.0026410 -0.0027541
 0.0023341 -0.0026168
 0.0021993 -0.0027892
 0.0019118 -0.0028470
 0.0021383 -0.0028094
 0.0022558 -0.0028692
 0.0021621 -0.0026427
 0.0023353 -0.0023738
 0.0024327 -0.0021812
 0.0023572 -0.0022014
 0.0023733 -0.0015518
 0.0023015 -0.0012986
 0.0027609 -0.0017036
 0.0028760 -0.0014238
 0.0028631 -0.0013730
 0.0029612 -0.0016133
 0.0031191 -0.0014692
 0.0024448 -0.0011701
 0.0023491 -0.0009444
 0.0019478 -0.0007769
 0.0017391 -0.0005912
 0.0013547 -0.0005330
 0.0010467 -0.0005157
 0.0005444 -0.0006877
 0.0004656 -0.0009033
 0.0003639 -0.0011702
-0.0000225 -0.0019191
 0.0001821 -0.0020927
 0.0002701 -0.0026330
 0.0002479 -0.0033407
 0.0005135 -0.0030722
 0.0010089 -0.0031449
 0.0009758 -0.0029494
 0.0008083 -0.0029070
 0.0005782 -0.0027520
 0.0000816 -0.0026910
-0.0001663 -0.0028412
-0.0005071 -0.0028375
-0.0005846 -0.0027551
-0.0002010 -0.0028133
 0.0001236 -0.0030047
 0.0003352 -0.0028666
 0.0006759 -0.0032328
 0.0005249 -0.0032917
 0.0004445 -0.0033862
 0.0003638 -0.0036926
-0.0002536 -0.0040972
-0.0003755 -0.0044065
-0.0009141 -0.0046770
-0.0010890 -0.0048131
-0.0011463 -0.0045228
-0.0013797 -0.0042002
-0.0015505 -0.0032788
-0.0017435 -0.0025929
-0.0024165 -0.0017111
-0.0029725 -0.0013635
-0.0036633 -0.0010962
-0.0039318 -0.0009621
-0.0041978 -0.0011725
-0.0042931 -0.0010599
-0.0045951 -0.0015226
-0.0045135 -0.0013328
-0.0043952 -0.0015077
-0.0043556 -0.0017023
-0.0039531 -0.0019102
-0.0037456 -0.0020034
-0.0030532 -0.0022271
-0.0031703 -0.0025460
-0.0028267 -0.0023086
-0.0028073 -0.0023933
-0.0025582 -0.0021983
-0.0021024 -0.0020569
-0.0022509 -0.0017068
-0.0020547 -0.0013592
-0.0023005 -0.0009175
-0.0022218 -0.0005554
-0.0019674 -0.0003228
-0.0017740 -0.0003244
-0.0020207 -0.0007141
-0.0018483 -0.0006749
-0.0019044 -0.0011764
-0.0025193 -0.0014646
-0.0027898 -0.0018094
-0.0027547 -0.0019398
-0.0035630 -0.0024756
-0.0038744 -0.0025705
-0.0038421 -0.0028406
-0.0037864 -0.0035326
-0.0035983 -0.0037652
-0.0032030 -0.0041124
-0.0025171 -0.0043603
-0.0020733 -0.0044742
-0.0014633 -0.0042840
-0.0013619 -0.0040151
-0.0010341 -0.0036477
-0.0011871 -0.0030719
-0.0017600 -0.0024013
-0.0020438 -0.0022487
-0.0025198 -0.0022652
-0.0027673 -0.0017715
-0.0030729 -0.0021030
-0.0031286 -0.0020299
-0.0032272 -0.0020582
-0.0030968 -0.0025630
-0.0026926 -0.0026037
-0.0019861 -0.0026663
-0.0015690 -0.0022836
-0.0011479 -0.0020539
-0.0009594 -0.0011664
-0.0009994 -0.0002224
-0.0016486  0.0001030
-0.0023551  0.0006255
-0.0030819  0.0007615
-0.0036911  0.0005488
-0.0039366 -0.0000468
-0.0042826 -0.0003577
-0.0041081 -0.0007255
-0.0039959 -0.0013009
-0.0030968 -0.0011745
-0.0028889 -0.0006589
-0.0022946 -0.0003513
-0.0023935  0.0001631
-0.0022615  0.0008543
-0.0020370  0.0012391
-0.0022663  0.0012427
-0.0020931  0.0013913
-0.0021347  0.0014135
-0.0018461  0.0013562
-0.0014629  0.0015835
-0.0010079  0.0019287
-0.0005484  0.0022743
-0.0005295  0.0028706
-0.0005319  0.0031569
-0.0009328  0.0033280
-0.0005844  0.0031738
-0.0008537  0.0032089
-0.0011940  0.0026889
-0.0012864  0.0024018
-0.0011895  0.0024398
-0.0016231  0.0019771
-0.0011988  0.0020756
-0.0011200  0.0021337
-0.0010013  0.0023812
-0.0009654  0.0027268
-0.0007765  0.0029937
-0.0010417  0.0031604
-0.0010849  0.0034883
-0.0005120  0.0032375
-0.0005508  0.0034273
-0.0003812  0.0033110
-0.0000764  0.0031394
-0.0001903  0.0031241
 0.0000011  0.0031100
-0.0003998  0.0031891
-0.0009509  0.0033095
-0.0012557  0.0030067
-0.0015407  0.0028392
-0.0017656  0.0022679
-0.0017842  0.0016578
-0.0011737  0.0014301
-0.0008495  0.0013914
-0.0001797  0.0014471
-0.0001838  0.0016150
-0.0000703  0.0020171
-0.0001083  0.0019945
-0.0000921  0.0020688
-0.0003033  0.0020874
-0.0002282  0.0016081
-0.0002460  0.0014716
 0.0000213  0.0008935
 0.0003298  0.0010840
 0.0004840  0.0013295
 0.0003463  0.0015039
 0.0005252  0.0020368
-0.0002383  0.0019609
-0.0002181  0.0024648
-0.0007518  0.0022904
-0.0011297  0.0025048
-0.0015310  0.0022008
-0.0013574  0.0022194
-0.0012015  0.0018293
-0.0006294  0.0021943
-0.0003064  0.0019762
-0.0000396  0.0022193
 0.0003222  0.0022217
-0.0000222  0.0025439
 0.0003085  0.0024292
 0.0004829  0.0023582
 0.0001224  0.0024930
-0.0001001  0.0028411
 0.0001874  0.0032493
 0.0003679  0.0038242
 0.0006033  0.0043059
 0.0005117  0.0050912
 0.0004782  0.0050181
 0.0006167  0.0048643
 0.0008118  0.0048284
 0.0001642  0.0042587
 0.0002037  0.0037423
 0.0003402  0.0034961
 0.0003814  0.0025982
 0.0006475  0.0023906
 0.0010653  0.0020483
 0.0009240  0.0020879
 0.0009434  0.0019954
 0.0010346  0.0024032
 0.0004152  0.0027856
 0.0003522  0.0030169
 0.0005363  0.0031683
 0.0001103  0.0029164
 0.0006973  0.0026838
 0.0005168  0.0021291
 0.0004946  0.0017080
 0.0003165  0.0010769
 0.0000282  0.0009239
-0.0005096  0.0004087
-0.0005665  0.0004669
-0.0008156  0.0001402
-0.0006614  0.0001265
-0.0005047  0.0001043
-0.0003650  0.0001043
 0.0000771  0.0002210
 0.0005564  0.0004705
 0.0005423  0.0004697
 0.0004841  0.0007568
 0.0007510  0.0010038
 0.0003505  0.0009412
 0.0002867  0.0010951
 0.0005531  0.0011273
 0.0004203  0.0010490
 0.0002418  0.0010106
 0.0006452  0.0010260
 0.0003787  0.0006444
 0.0001853  0.0009711
-0.0002568  0.0005855
-0.0004898  0.0003901
-0.0002423  0.0006775
-0.0004390  0.0005625
-0.0001955  0.0006824
 0.0001638  0.0011794
 0.0002207  0.0015844
 0.0007783  0.0018290
 0.0007193  0.0020410
 0.0008187  0.0019590
 0.0013573  0.0017103
 0.0018030  0.0012657
 0.0019642  0.0004994
 0.0023708 -0.0000771
 0.0023752 -0.0000997
 0.0020522 -0.0001748
 0.0019780 -0.0001199
 0.0017656 -0.0000049
 0.0014539  0.0001118
 0.0013566  0.0001357
 0.0016565  0.0003686
 0.0015766  0.0002964
 0.0018810  0.0004329
 0.0018002  0.0004910
 0.0021446  0.0005508
 0.0019694  0.0005447
 0.0018131  0.0005774
 0.0017408  0.0005766
 0.0016625  0.0006504
 0.0015886  0.0009016
 0.0011130  0.0010595
 0.0007541  0.0006178
 0.0004679  0.0005043
 0.0005272  0.0001603
 0.0002022 -0.0000945
 0.0002785 -0.0003690
 0.0003916 -0.0005088
 0.0005268 -0.0004333
 0.0006387 -0.0004163
 0.0006972 -0.0002278
 0.0005434  0.0000225
 0.0003912 -0.0000699
 0.0002818 -0.0002984
 0.0002862 -0.0003707
-0.0000581 -0.0004635
-0.0003589 -0.0006779
-0.0003573 -0.0008301
-0.0004691 -0.0011354
-0.0003855 -0.0017131
-0.0002672 -0.0016154
-0.0001880 -0.0017656
-0.0003770 -0.0019186
-0.0001662 -0.0021657
-0.0003209 -0.0020316
-0.0008368 -0.0024915
-0.0009749 -0.0022763
-0.0011118 -0.0023171
-0.0010771 -0.0026389
-0.0009500 -0.0025242
-0.0010101 -0.0026441
-0.0009379 -0.0024544
-0.0008301 -0.0022973
-0.0014523 -0.0020151
-0.0013430 -0.0013643
-0.0015767 -0.0008685
-0.0022490 -0.0007179
-0.0025005 -0.0004518
-0.0026523 -0.0003784
-0.0032261 -0.0002266
-0.0035119 -0.0003211
-0.0036060 -0.0010288
-0.0039548 -0.0012392
-0.0040889 -0.0016170
-0.0042609 -0.0025739
-0.0039924 -0.0028803
-0.0035725 -0.0032817
-0.0030706 -0.0031278
-0.0026673 -0.0031703
-0.0021678 -0.0028618
-0.0020693 -0.0026361
-0.0019340 -0.0026406
-0.0018246 -0.0024310
-0.0019611 -0.0028315
-0.0017871 -0.0030241
-0.0020180 -0.0028307
-0.0022857 -0.0030576
-0.0028021 -0.0035562
-0.0030343 -0.0037831
-0.0033016 -0.0039168
-0.0031118 -0.0041651
-0.0029778 -0.0042583
-0.0028409 -0.0038534
-0.0026313 -0.0036963
-0.0023031 -0.0032150
-0.0027048 -0.0028617
-0.0029345 -0.0026275
-0.0028405 -0.0023339
-0.0030141 -0.0024284
-0.0032059 -0.0023311
-0.0031477 -0.0023323
-0.0028401 -0.0024086
-0.0027274 -0.0028334
-0.0026891 -0.0023723
-0.0024387 -0.0025887
-0.0019430 -0.0021817
-0.0015388 -0.0018410
-0.0013289 -0.0015705
-0.0011532 -0.0013791
-0.0011681 -0.0011671
-0.0009170 -0.0010525
-0.0008952 -0.0011679
-0.0007438 -0.0014332
-0.0005286 -0.0013771
 0.0000629 -0.0015842
-0.0000307 -0.0014081
 0.0005611 -0.0013088
 0.0013093 -0.0015906
 0.0011579 -0.0017254
 0.0017724 -0.0015259
 0.0021543 -0.0016761
 0.0022520 -0.0019430
 0.0025819 -0.0016741
 0.0027996 -0.0014984
 0.0027871 -0.0010571
 0.0026571 -0.0001572
 0.0024500  0.0000887
 0.0023620  0.0005449
 0.0016510  0.0007960
 0.0013846  0.0009858
 0.0007902  0.0011969
 0.0002133  0.0007149
-0.0002498  0.0003095
-0.0003092 -0.0001896
-0.0001562 -0.0004278
-0.0000015 -0.0005259
-0.0001202 -0.0002788
 0.0004737 -0.0002458
 0.0003529  0.0002302
 0.0005818  0.0001733
 0.0005192  0.0004600
 0.0006533  0.0006340
 0.0005184  0.0010349
 0.0004599  0.0012069
 0.0004090  0.0013405
 0.0004066  0.0015307
 0.0004454  0.0018529
 0.0000840  0.0015081
 0.0001373  0.0014717
 0.0002120  0.0014362
 0.0002164  0.0009437
 0.0006173  0.0007572
 0.0011576  0.0006841
 0.0010223  0.0005158
 0.0012549  0.0005517
 0.0012779  0.0000910
 0.0011992  0.0002016
 0.0014705 -0.0002607
 0.0012392 -0.0005647
 0.0012008 -0.0008356
 0.0017564 -0.0010044
 0.0021960 -0.0006583
 0.0022332 -0.0005974
 0.0027665 -0.0001960
 0.0029922  0.0000757
 0.0030075  0.0000934
 0.0029251  0.0004790
 0.0027862  0.0003256
 0.0026134  0.0001899
 0.0024018  0.0004031
 0.0020623 -0.0002146
 0.0018395 -0.0006006
 0.0016501 -0.0006600
 0.0017535 -0.0004961
 0.0014717 -0.0008450
 0.0016478 -0.0006811
 0.0014976 -0.0009363
 0.0015335 -0.0007473
 0.0020095 -0.0008652
 0.0015666 -0.0011002
 0.0019449 -0.0007797
 0.0018076 -0.0006646
 0.0019433 -0.0007220
 0.0018653 -0.0006877
 0.0021532 -0.0007095
 0.0020236 -0.0003247
 0.0022687 -0.0004386
 0.0025021 -0.0007264
 0.0023495 -0.0011839
 0.0025973 -0.0011423
 0.0026555 -0.0014479
 0.0024876 -0.0021165
 0.0027556 -0.0023842
 0.0024524 -0.0029352
 0.0028764 -0.0028945
 0.0030916 -0.0027782
 0.0029778 -0.0027382
 0.0031498 -0.0022388
 0.0030125 -0.0013974
 0.0029915 -0.0009973
 0.0027371 -0.0006908
 0.0029050 -0.0004288
 0.0028271 -0.0005286
 0.0029752 -0.0002237
 0.0033559 -0.0005912
 0.0032986 -0.0005738
 0.0033507 -0.0004010
 0.0032784 -0.0003288
 0.0028379 -0.0000421
 0.0025682 -0.0002557
 0.0023179 -0.0001790
 0.0022658 -0.0003312
 0.0021689 -0.0003885
 0.0022457 -0.0001600
 0.0023648 -0.0000239
 0.0023632  0.0002107
 0.0023611  0.0000540
 0.0019186 -0.0000566
 0.0017079 -0.0002851
 0.0015310 -0.0006481
 0.0014155 -0.0008778
 0.0016041 -0.0008354
 0.0014349 -0.0007987
 0.0013945 -0.0002241
 0.0017038 -0.0000122
 0.0014894  0.0005450
 0.0014518  0.0006205
 0.0014684  0.0011385
 0.0014720  0.0011559
 0.0017401  0.0009524
 0.0018762  0.0007792
 0.0021487  0.0004570
 0.0026102 -0.0000412
 0.0030132 -0.0001748
 0.0034932  0.0000924
 0.0037068  0.0000145
 0.0037068  0.0005713
 0.0038490  0.0004768
 0.0040997  0.0011878
 0.0041999  0.0010764
 0.0041103  0.0012678
 0.0039597  0.0011927
 0.0039246  0.0009415
 0.0038305  0.0005572
 0.0037312  0.0001938
 0.0036637  0.0001542
 0.0036633 -0.0003424
 0.0035252 -0.0000706
 0.0033455 -0.0005293
 0.0031513 -0.0004885
 0.0028779 -0.0006980
 0.0025711 -0.0009629
 0.0023838 -0.0012887
 0.0026325 -0.0012091
 0.0024629 -0.0010161
 0.0028517 -0.0016100
 0.0030052 -0.0009608
 0.0032377 -0.0011514
 0.0031037 -0.0007856
 0.0030988 -0.0007097
 0.0027363 -0.0006326
 0.0022542 -0.0006657
 0.0019227 -0.0009660
 0.0012686 -0.0014650
 0.0009989 -0.0019196
 0.0009956 -0.0022418
 0.0007877 -0.0022479
 0.0007292 -0.0024595
 0.0009218 -0.0023686
 0.0010029 -0.0021079
 0.0011370 -0.0018394
 0.0015775 -0.0012556
 0.0018306 -0.0013356
 0.0020834 -0.0012233
 0.0022542 -0.0013206
 0.0022962 -0.0016299
 0.0022405 -0.0016860
 0.0021456 -0.0019231
 0.0020132 -0.0016352
 0.0018593 -0.0012953
 0.0015921 -0.0011467
 0.0015121 -0.0012671
 0.0011092 -0.0012868
 0.0008927 -0.0012526
 0.0008309 -0.0016922
 0.0008216 -0.0019760
 0.0008543 -0.0024359
 0.0010618 -0.0028146
 0.0010351 -0.0028534
 0.0008958 -0.0029846
 0.0007028 -0.0034630
 0.0006378 -0.0031731
-0.0001673 -0.0032243
-0.0001290 -0.0037181
-0.0005190 -0.0035231
-0.0006296 -0.0038061
-0.0005921 -0.0036688
-0.0005319 -0.0031161
-0.0003159 -0.0027882
 0.0000887 -0.0025371
 0.0002054 -0.0019258
-0.0001148 -0.0015770
-0.0003833 -0.0008062
-0.0007276 -0.0006350
-0.0013579 -0.0005171
-0.0016082 -0.0003584
-0.0024072 -0.0007815
-0.0023894 -0.0011659
-0.0028311 -0.0013973
-0.0028101 -0.0019351
-0.0029991 -0.0023921
-0.0027096 -0.0024070
-0.0021302 -0.0024615
-0.0021286 -0.0023222
-0.0016259 -0.0017650
-0.0012370 -0.0012805
-0.0010796 -0.0003393
-0.0008098  0.0002950
-0.0005171  0.0004306
-0.0005950  0.0005655
-0.0005002  0.0008126
-0.0006156  0.0006596
-0.0008248  0.0006612
-0.0013287  0.0004633
-0.0010771  0.0000665
-0.0014998 -0.0001072
-0.0019621 -0.0003212
-0.0024204 -0.0003595
-0.0025020 -0.0004395
-0.0023853  0.0000159
-0.0025964  0.0000139
-0.0025815  0.0004919
-0.0022379  0.0007047
-0.0023518  0.0008775
-0.0024523  0.0010301
-0.0022969  0.0015841
-0.0022743  0.0012994
-0.0025981  0.0011456
-0.0026937  0.0012752
-0.0024963  0.0009679
-0.0026610  0.0007955
-0.0024082  0.0007547
-0.0021365  0.0008302
-0.0021357  0.0007870
-0.0020012  0.0009227
-0.0018115  0.0005593
-0.0018518  0.0004450
-0.0020832  0.0004871
-0.0016044  0.0000861
-0.0019124  0.0004927
-0.0014881  0.0005150
-0.0011417  0.0006171
-0.0011412  0.0015550
-0.0009620  0.0018417
-0.0009591  0.0018772
-0.0010589  0.0023903
-0.0011925  0.0019837
-0.0013290  0.0020762
-0.0019257  0.0018828
-0.0021954  0.0013466
-0.0026622  0.0014213
-0.0029884  0.0012114
-0.0033683  0.0011157
-0.0033090  0.0011532
-0.0032851  0.0010402
-0.0030328  0.0010579
-0.0029492  0.0009251
-0.0025450  0.0013466
-0.0022167  0.0015759
-0.0017779  0.0019801
-0.0014529  0.0020709
-0.0012672  0.0022615
-0.0008497  0.0022364
-0.0007738  0.0018698
-0.0004896  0.0015952
-0.0004004  0.0014192
-0.0000758  0.0013780
 0.0000570  0.0010929
 0.0000469  0.0011495
 0.0006004  0.0011729
 0.0009844  0.0008322
 0.0009964  0.0010882
 0.0017850  0.0006732
 0.0023413  0.0005476
 0.0026522  0.0007790
 0.0028505  0.0007633
 0.0028768  0.0012655
 0.0028825  0.0017201
 0.0028288  0.0020229
 0.0026407  0.0021323
 0.0027747  0.0023212
 0.0027908  0.0023212
 0.0025413  0.0022659
 0.0027323  0.0022982
 0.0028466  0.0019946
 0.0022700  0.0020491
 0.0020944  0.0023503
 0.0020209  0.0020596
 0.0016716  0.0026684
 0.0018040  0.0024362
 0.0020124  0.0021665
 0.0019130  0.0021427
 0.0023293  0.0023893
 0.0027496  0.0017389
 0.0029332  0.0015439
 0.0034092  0.0013723
 0.0036224  0.0008959
 0.0033164  0.0008543
 0.0034141  0.0009895
 0.0035171  0.0006807
 0.0027920  0.0007913
 0.0026971  0.0007125
 0.0023919  0.0004473
 0.0017164  0.0007146
 0.0018286  0.0006593
 0.0015577  0.0003981
 0.0011507  0.0008983
 0.0012823  0.0011858
 0.0009908  0.0010736
 0.0007392  0.0014518
 0.0009524  0.0014127
 0.0007776  0.0014518
 0.0007941  0.0016783
 0.0011010  0.0015871
 0.0012952  0.0013974
 0.0016743  0.0018827
 0.0018648  0.0016174
 0.0019993  0.0012388
 0.0021115  0.0012416
 0.0019552  0.0007280
 0.0018583  0.0003538
 0.0015495  0.0001818
 0.0014340 -0.0002029
 0.0012802 -0.0006224
 0.0013193 -0.0006632
 0.0013012 -0.0009321
 0.0007052 -0.0008033
 0.0007674 -0.0006148
 0.0001917 -0.0006330
 0.0002914 -0.0004440
 0.0002212 -0.0002167
 0.0003754 -0.0003169
 0.0006859  0.0001079
 0.0010093  0.0001401
 0.0011466  0.0000448
 0.0017151  0.0001203
 0.0019411  0.0000828
 0.0023618 -0.0002245
 0.0024551 -0.0005301
 0.0025698 -0.0007747
 0.0024547 -0.0010775
 0.0021898 -0.0010565
 0.0019634 -0.0014175
 0.0015249 -0.0015333
 0.0012391 -0.0014203
 0.0006629 -0.0011930
 0.0000133 -0.0010416
-0.0000848 -0.0011405
-0.0000893 -0.0014292
-0.0002682 -0.0018334
 0.0000128 -0.0019799
 0.0006200 -0.0021095
 0.0007718 -0.0023533
 0.0011933 -0.0018304
 0.0017743 -0.0019402
 0.0017194 -0.0013508
 0.0021224 -0.0008485
 0.0025487 -0.0005610
 0.0023029 -0.0000035
 0.0017453  0.0006090
 0.0015531  0.0004746
 0.0008474  0.0001895
 0.0003269  0.0003228
-0.0001903 -0.0001181
-0.0006473 -0.0005029
-0.0010123 -0.0008118
-0.0009739 -0.0011001
-0.0009347 -0.0011053
-0.0009900 -0.0012426
-0.0006618 -0.0010512
-0.0005410 -0.0009564
-0.0004603 -0.0010755
-0.0002277 -0.0010375
-0.0005127 -0.0011934
-0.0003597 -0.0011765
-0.0003387 -0.0015269
-0.0005152 -0.0012613
-0.0006165 -0.0012811
-0.0003480 -0.0014151
-0.0008511 -0.0013582
-0.0003735 -0.0015685
-0.0003380 -0.0017357
-0.0003986 -0.0021370
-0.0000913 -0.0023437
 0.0005199 -0.0025532
 0.0005579 -0.0024341
 0.0012685 -0.0025653
 0.0009229 -0.0023541
 0.0010796 -0.0023356
 0.0010614 -0.0019157
 0.0008716 -0.0018377
 0.0006229 -0.0017889
 0.0000864 -0.0018693
 0.0003383 -0.0019158
 0.0003185 -0.0019574
 0.0001098 -0.0021185
 0.0000174 -0.0020067
-0.0000161 -0.0022207
-0.0003775 -0.0021678
-0.0005478 -0.0022284
-0.0007792 -0.0022522
-0.0010283 -0.0024654
-0.0013388 -0.0023887
-0.0011717 -0.0023302
-0.0011919 -0.0024997
-0.0013320 -0.0025942
-0.0009868 -0.0025720
-0.0011047 -0.0027981
-0.0010050 -0.0025098
-0.0009642 -0.0023127
-0.0010005 -0.0021560
-0.0009973 -0.0014002
-0.0011087 -0.0007833
-0.0012762 -0.0004336
-0.0012128  0.0001434
-0.0010557  0.0000037
-0.0009778  0.0004244
-0.0010141  0.0008418
-0.0007444  0.0008196
-0.0011126  0.0011075
-0.0009382  0.0015479
-0.0011271  0.0016279
-0.0012991  0.0020482
-0.0013145  0.0023575
-0.0017541  0.0027843
-0.0019790  0.0029922
-0.0020125  0.0031876
-0.0022208  0.0033745
-0.0024320  0.0039127
-0.0024687  0.0042955
-0.0022402  0.0046011
-0.0016608  0.0047000
-0.0009877  0.0051203
-0.0005464  0.0055814
-0.0002149  0.0056948
 0.0000229  0.0053860
 0.0001223  0.0058248
-0.0002799  0.0060513
-0.0006029  0.0057643
-0.0008730  0.0057255
-0.0012977  0.0056694
-0.0020503  0.0053823
-0.0020124  0.0050545
-0.0025001  0.0043806
-0.0030594  0.0043039
-0.0032124  0.0040366
-0.0034772  0.0034382
-0.0036306  0.0029953
-0.0038596  0.0026860
-0.0038216  0.0018596
-0.0035144  0.0018390
-0.0033262  0.0014740
-0.0032689  0.0010521
-0.0032342  0.0008211
-0.0032201  0.0009196
-0.0031858  0.0007436
-0.0032645  0.0007040
-0.0033804  0.0008191
-0.0033453  0.0009507
-0.0038237  0.0012394
-0.0036154  0.0017768
-0.0035379  0.0015478
-0.0034810  0.0016125
-0.0032863  0.0013440
-0.0029609  0.0010404
-0.0027122  0.0007137
-0.0027571 -0.0002670
-0.0024414 -0.0007829
-0.0018891 -0.0010151
-0.0014510 -0.0015129
-0.0012815 -0.0015347
-0.0009557 -0.0014564
-0.0006920 -0.0008613
-0.0004821 -0.0003396
-0.0001971 -0.0001281
 0.0003577  0.0002232
 0.0003141  0.0003440
 0.0003177  0.0003270
 0.0001970  0.0000440
 0.0003347  0.0000893
 0.0001631 -0.0001760
 0.0002047  0.0000252
 0.0003621  0.0001608
 0.0004401  0.0002198
 0.0006521  0.0008670
 0.0009952  0.0009837
 0.0009351  0.0014592
 0.0012568  0.0018202
 0.0012923  0.0024149
 0.0012640  0.0024153
 0.0013153  0.0028207
 0.0013694  0.0028974
 0.0014775  0.0029705
 0.0016903  0.0030100
 0.0019184  0.0028344
 0.0018066  0.0025437
 0.0019245  0.0021783
 0.0019488  0.0021750
 0.0021216  0.0018076
 0.0021224  0.0017919
 0.0021805  0.0018298
 0.0020840  0.0022683
 0.0019738  0.0022691
 0.0017828  0.0024992
 0.0007476  0.0028049
 0.0007913  0.0025780
 0.0006597  0.0028259
 0.0005664  0.0027907
 0.0004360  0.0027940
 0.0009577  0.0026079
 0.0008826  0.0023006
 0.0011164  0.0023233
 0.0010978  0.0021707
 0.0015246  0.0023608
 0.0012173  0.0025292
 0.0015844  0.0025053
 0.0015056  0.0025202
 0.0015799  0.0026321
 0.0018674  0.0027992
 0.0016727  0.0025876
 0.0019146  0.0031040
 0.0022912  0.0031250
 0.0026332  0.0031105
 0.0028532  0.0031545
 0.0029464  0.0026591
 0.0031139  0.0027932
 0.0031305  0.0027028
 0.0033186  0.0028748
 0.0030869  0.0024904
 0.0029730  0.0022998
 0.0027614  0.0025308
 0.0021845  0.0021476
 0.0019164  0.0017608
 0.0015300  0.0016264
 0.0013600  0.0014148
 0.0010919  0.0009638
 0.0011872  0.0010195
 0.0013633  0.0005882
 0.0012708  0.0006023
 0.0015010  0.0007348
 0.0013536  0.0009604
 0.0005486  0.0011118
 0.0003786  0.0013791
-0.0004810  0.0011280
-0.0007878  0.0016670
-0.0014378  0.0017029
-0.0017988  0.0021462
-0.0017798  0.0021042
-0.0018202  0.0023553
-0.0019130  0.0024478
-0.0014721  0.0022931
-0.0011653  0.0025435
-0.0011233  0.0024502
-0.0011588  0.0026663
-0.0010389  0.0023812
-0.0010166  0.0024208
-0.0009024  0.0021911
-0.0007320  0.0017857
-0.0004458  0.0011671
 0.0002204  0.0003265
 0.0003681 -0.0003074
 0.0006366 -0.0008435
 0.0009951 -0.0013769
 0.0014905 -0.0017402
 0.0016298 -0.0016599
 0.0014752 -0.0016933
 0.0013646 -0.0013820
 0.0010791 -0.0007243
 0.0006431 -0.0005083
 0.0002257  0.0001119
 0.0004235  0.0000756
 0.0001187  0.0003267
-0.0002232  0.0001725
 0.0001075  0.0000393
-0.0000876  0.0001753
-0.0003985 -0.0005587
-0.0001473 -0.0008058
 0.0000263 -0.0009386
 0.0000642 -0.0009398
 0.0005100 -0.0008825
 0.0003380 -0.0007876
 0.0002468 -0.0007311
 0.0002274 -0.0003665
 0.0000534 -0.0003508
-0.0000609 -0.0001594
 0.0002831 -0.0000233
 0.0003025  0.0000695
 0.0005544 -0.0002559
 0.0008580 -0.0005991
 0.0011051 -0.0008729
 0.0014919 -0.0014272
 0.0014907 -0.0019844
 0.0013760 -0.0021233
 0.0013599 -0.0022432
 0.0013591 -0.0026494
 0.0010861 -0.0022130
 0.0006028 -0.0021375
 0.0005035 -0.0018323
 0.0000053 -0.0016219
-0.0001857 -0.0015226
-0.0005107 -0.0014055
-0.0009120 -0.0011564
-0.0007348 -0.0014212
-0.0008131 -0.0012839
-0.0006370 -0.0011486
-0.0006697 -0.0013949
-0.0003645 -0.0012794
 0.0000756 -0.0014325
-0.0003112 -0.0015540
-0.0002369 -0.0016921
-0.0001804 -0.0019275
-0.0004836 -0.0021811
-0.0003883 -0.0024924
-0.0008252 -0.0030480
-0.0009390 -0.0031469
-0.0009019 -0.0035305
-0.0007674 -0.0038159
-0.0006507 -0.0037933
-0.0002313 -0.0036568
 0.0002133 -0.0034989
 0.0002908 -0.0031299
 0.0006901 -0.0025973
 0.0009073 -0.0019994
 0.0010765 -0.0015367
 0.0006954 -0.0012347
 0.0009086 -0.0008322
 0.0002771 -0.0008935
 0.0000243 -0.0009917
-0.0006051 -0.0010337
-0.0007242 -0.0011306
-0.0007468 -0.0014164
-0.0007872 -0.0015311
-0.0007731 -0.0013728
-0.0007380 -0.0014491
-0.0006439 -0.0012367
-0.0005915 -0.0011007
-0.0007114 -0.0011620
-0.0004841 -0.0009626
-0.0009093 -0.0010001
-0.0010231 -0.0013667
-0.0008867 -0.0014188
-0.0009468 -0.0013998
-0.0009856 -0.0017074
-0.0008552 -0.0016881
-0.0010115 -0.0014959
-0.0011698 -0.0013041
-0.0008835 -0.0011313
-0.0006360 -0.0011688
-0.0002371 -0.0009520
-0.0000454 -0.0006415
 0.0004581 -0.0000633
 0.0004202 -0.0000205
-0.0000364  0.0005363
-0.0006336  0.0004208
-0.0009755  0.0006663
-0.0016090  0.0007212
-0.0013760  0.0003133
-0.0011657  0.0003489
-0.0012388 -0.0000888
-0.0009868  0.0003896
-0.0008095  0.0001474
-0.0008802  0.0002246
-0.0012952  0.0002460
-0.0012350 -0.0001739
-0.0010577  0.0001931
-0.0013391 -0.0000589
-0.0009911 -0.0004037
-0.0008942 -0.0008070
-0.0007169 -0.0010396
-0.0006204 -0.0012742
-0.0006051 -0.0015822
-0.0003753 -0.0016085
 0.0002529 -0.0023756
 0.0002670 -0.0024354
 0.0006259 -0.0023050
 0.0007559 -0.0026127
 0.0008463 -0.0025182
 0.0004162 -0.0020192
 0.0002967 -0.0022877
 0.0000031 -0.0021560
-0.0002133 -0.0020381
-0.0001608 -0.0020377
-0.0003760 -0.0019210
-0.0003054 -0.0014802
-0.0002840 -0.0013465
-0.0006741 -0.0011337
-0.0008295 -0.0007696
-0.0010027 -0.0007687
-0.0013314 -0.0007881
-0.0012704 -0.0005547
-0.0017896 -0.0006104
-0.0018829 -0.0003024
-0.0015950  0.0001979
-0.0017105  0.0007724
-0.0014840  0.0012920
-0.0010592  0.0016796
-0.0006765  0.0020624
 0.0000547  0.0019340
 0.0006902  0.0020350
 0.0005005  0.0023451
 0.0005429  0.0025207
 0.0004533  0.0026592
-0.0002145  0.0028151
-0.0007252  0.0027941
-0.0013530  0.0028324
-0.0016566  0.0023504
-0.0019832  0.0021933
-0.0021581  0.0016647
-0.0024100  0.0011996
-0.0021852  0.0010231
-0.0024387  0.0008826
-0.0027282  0.0006690
-0.0018517  0.0005709
-0.0017452  0.0007198
-0.0013863  0.0005466
-0.0008013  0.0006795
-0.0000378  0.0007776
 0.0006061  0.0004542
 0.0011059  0.0006100
 0.0015121  0.0005584
 0.0016115  0.0006928
 0.0016377  0.0007922
 0.0013947  0.0010033
 0.0009567  0.0011943
 0.0005396  0.0012117
 0.0002958  0.0016348
-0.0003530  0.0021899
-0.0008900  0.0023764
-0.0013333  0.0026308
-0.0019474  0.0028953
-0.0018328  0.0028432
-0.0021969  0.0024968
-0.0023120  0.0025198
-0.0022361  0.0021960
-0.0023144  0.0022760
-0.0022938  0.0021048
-0.0021784  0.0019918
-0.0024634  0.0018985
-0.0024412  0.0019183
-0.0023212  0.0012667
-0.0021456  0.0010716
-0.0017600  0.0005520
-0.0013756  0.0003937
-0.0008746 -0.0000294
-0.0005681  0.0002338
-0.0003323 -0.0000557
 0.0003609  0.0006133
 0.0004776  0.0010501
 0.0006173  0.0010897
 0.0005419  0.0014531
 0.0005378  0.0011854
 0.0005620  0.0012637
 0.0006141  0.0013647
 0.0007502  0.0017285
 0.0002144  0.0013647
 0.0005980  0.0017272
 0.0002903  0.0018609
 0.0004094  0.0019731
 0.0005221  0.0021624
 0.0007869  0.0023756
 0.0015471  0.0028940
 0.0014252  0.0029720
 0.0020929  0.0032264
 0.0023994  0.0035348
 0.0022811  0.0033212
 0.0020530  0.0030540
 0.0020538  0.0026498
 0.0017679  0.0021051
 0.0018446  0.0019690
 0.0018075  0.0012185
 0.0020889  0.0009249
 0.0022794  0.0004800
 0.0024486  0.0001517
 0.0027159 -0.0003841
 0.0027534 -0.0005758
 0.0031321 -0.0010321
 0.0031688 -0.0015250
 0.0029993 -0.0013445
 0.0029036 -0.0017022
 0.0027308 -0.0012770
 0.0023533 -0.0008341
 0.0019149 -0.0002216
 0.0015358  0.0000856
 0.0008845  0.0002399
 0.0003875  0.0007563
 0.0001219  0.0006069
-0.0000311  0.0004167
 0.0000266  0.0004244
 0.0001061  0.0001035
 0.0002794  0.0002008
 0.0002806  0.0000276
 0.0004752 -0.0006265
 0.0003856 -0.0009931
 0.0002350 -0.0014025
 0.0001761 -0.0019222
-0.0003064 -0.0016573
-0.0005790 -0.0012532
-0.0012351 -0.0012108
-0.0012214 -0.0007109
-0.0017996 -0.0004775
-0.0024198 -0.0005167
-0.0020197 -0.0002090
-0.0024024 -0.0003092
-0.0022539 -0.0002527
-0.0015804  0.0000925
-0.0013846  0.0000481
-0.0010531  0.0000477
-0.0003037  0.0002580
-0.0002811  0.0003735
 0.0001041  0.0001817
 0.0007343  0.0003009
 0.0006568  0.0000909
 0.0008458 -0.0000003
 0.0015345 -0.0000185
 0.0016666  0.0000631
 0.0021062 -0.0001860
 0.0021426 -0.0000120
 0.0020295  0.0002206
 0.0020667  0.0001826
 0.0017227  0.0003773
 0.0012079  0.0004378
 0.0011555  0.0005933
 0.0007602  0.0004011
 0.0006537  0.0002109
 0.0005225  0.0000567
 0.0004939 -0.0001569
-0.0000572 -0.0003689
-0.0002672 -0.0002772
-0.0004186 -0.0002574
-0.0004388 -0.0001250
-0.0004465  0.0002202
-0.0005240 -0.0000285
-0.0005838  0.0003058
-0.0006460  0.0004613
-0.0004756  0.0005392
-0.0001061  0.0005800
-0.0001078  0.0006559
 0.0005063  0.0003446
 0.0011039  0.0005517
 0.0013724  0.0003926
 0.0017572  0.0000231
 0.0020511  0.0002512
 0.0022994  0.0001882
 0.0022247  0.0004369
 0.0020007  0.0005710
 0.0020798  0.0006324
 0.0017173  0.0010733
 0.0012413  0.0012444
 0.0008404  0.0017273
 0.0002469  0.0017653
-0.0001403  0.0017241
-0.0004294  0.0018747
-0.0007965  0.0018678
-0.0007032  0.0016546
-0.0005179  0.0013808
-0.0004449  0.0013392
-0.0006613  0.0010324
-0.0001086  0.0009948
-0.0001078  0.0011870
-0.0002455  0.0012851
-0.0000945  0.0012468
-0.0004244  0.0011709
-0.0002927  0.0011907
-0.0000836  0.0009968
 0.0002781  0.0006294
 0.0005066  0.0008030
 0.0005821  0.0005733
 0.0007339  0.0009960
 0.0007525  0.0013421
 0.0010420  0.0018447
 0.0005454  0.0021742
 0.0004832  0.0023301
 0.0000048  0.0025622
 0.0003895  0.0019679
 0.0002898  0.0018363
 0.0004634  0.0012614
 0.0002304  0.0008972
 0.0006293  0.0007381
 0.0007307  0.0005492
 0.0005418  0.0004486
 0.0002329  0.0003489
 0.0002002  0.0000032
 0.0002406 -0.0001340
 0.0004522 -0.0005798
 0.0004917 -0.0007954
 0.0007990 -0.0011992
 0.0009702 -0.0013918
 0.0012350 -0.0016227
 0.0013509 -0.0017329
 0.0015616 -0.0016344
 0.0017946 -0.0013598
 0.0014865 -0.0007651
 0.0014490 -0.0002010
 0.0012378  0.0001099
 0.0006205  0.0005710
 0.0006754  0.0004043
 0.0007901  0.0005658
 0.0007917  0.0005690
 0.0009463  0.0004027
 0.0013154  0.0002166
 0.0018411  0.0002615
 0.0022283  0.0003527
 0.0023276  0.0008513
 0.0020769  0.0010758
 0.0019614  0.0011831
 0.0016727  0.0007951
 0.0013828  0.0009622
 0.0012839  0.0006368
 0.0012823  0.0004071
 0.0009989  0.0009639
 0.0008249  0.0010232
 0.0004231  0.0013103
 0.0001381  0.0013531
-0.0001065  0.0017169
-0.0004852  0.0013160
-0.0003463  0.0012372
-0.0005914  0.0010995
 0.0000070  0.0013660
 0.0005403  0.0014358
 0.0006736  0.0019275
 0.0007866  0.0021363
 0.0008923  0.0024189
 0.0001571  0.0026094
-0.0005564  0.0023397
-0.0007934  0.0019945
-0.0011423  0.0016534
-0.0009703  0.0015375
-0.0007777  0.0018653
-0.0007212  0.0022925
-0.0007385  0.0031561
-0.0005419  0.0035789
-0.0011148  0.0040028
-0.0012246  0.0040040
-0.0015080  0.0037166
-0.0018713  0.0033322
-0.0015184  0.0031008
-0.0011756  0.0026026
-0.0010618  0.0025780
-0.0006237  0.0020834
-0.0001453  0.0022368
 0.0000630  0.0025865
 0.0001567  0.0027011
 0.0000247  0.0024920
-0.0001824  0.0023774
-0.0004885  0.0021274
-0.0003479  0.0022603
-0.0008603  0.0020773
-0.0009733  0.0018976
-0.0012382  0.0020074
-0.0012712  0.0019609
-0.0013694  0.0015951
-0.0012918  0.0011522
-0.0013500  0.0006980
-0.0008146  0.0003161
-0.0005118  0.0002455
-0.0004937 -0.0000928
-0.0003043 -0.0000884
-0.0002256 -0.0003169
-0.0002639 -0.0002567
-0.0002603 -0.0005632
 0.0000474 -0.0007735
-0.0000447 -0.0010671
 0.0003409 -0.0018168
 0.0005872 -0.0020845
 0.0011766 -0.0023163
 0.0014815 -0.0023575
 0.0016898 -0.0025719
 0.0014956 -0.0023842
 0.0017967 -0.0025553
 0.0014322 -0.0027883
 0.0012214 -0.0025445
 0.0013138 -0.0024674
 0.0010425 -0.0026200
 0.0014051 -0.0024661
 0.0011721 -0.0026753
 0.0012447 -0.0026926
 0.0012823 -0.0025929
 0.0011640 -0.0028577
 0.0010238 -0.0026115
 0.0012346 -0.0026280
 0.0010375 -0.0025876
 0.0009931 -0.0027265
 0.0010141 -0.0021693
 0.0008001 -0.0022114
 0.0004347 -0.0020757
 0.0005110 -0.0018298
 0.0002817 -0.0015189
-0.0000623 -0.0014212
 0.0000754 -0.0013057
-0.0003421 -0.0014745
-0.0001297 -0.0013033
-0.0003009 -0.0016279
-0.0002060 -0.0014337
 0.0002781 -0.0017187
 0.0003540 -0.0018738
 0.0006246 -0.0016626
 0.0008741 -0.0020062
 0.0010501 -0.0023534
 0.0012601 -0.0022589
 0.0014139 -0.0026021
 0.0010711 -0.0025662
 0.0006129 -0.0024116
 0.0004211 -0.0021208
-0.0003085 -0.0016836
-0.0008616 -0.0014947
-0.0009387 -0.0017623
-0.0009601 -0.0012302
-0.0009234 -0.0013045
-0.0006977 -0.0010764
-0.0006618 -0.0003097
 0.0003100 -0.0003311
 0.0004037 -0.0001224
 0.0008792  0.0003391
 0.0007662  0.0003799
 0.0006673  0.0007824
 0.0004161  0.0008596
 0.0002280  0.0006278
 0.0000383  0.0003557
-0.0002537  0.0005632
-0.0005012  0.0008151
-0.0008839  0.0004663
-0.0013220  0.0006915
-0.0016308  0.0004654
-0.0015888  0.0005825
-0.0018969  0.0005487
-0.0018932  0.0005466
-0.0019691  0.0002216
-0.0020261 -0.0002738
-0.0018347 -0.0003533
-0.0018298 -0.0006965
-0.0018266 -0.0011321
-0.0018625 -0.0010719
-0.0017648 -0.0015508
-0.0013235 -0.0019150
-0.0011717 -0.0019121
-0.0008257 -0.0020300
-0.0004102 -0.0021859
-0.0001409 -0.0023409
-0.0001632 -0.0022105
-0.0004733 -0.0021738
-0.0003970 -0.0020987
-0.0008152 -0.0020814
-0.0007538 -0.0017596
-0.0009040 -0.0015282
-0.0011482 -0.0014528
-0.0011203 -0.0014168
-0.0012120 -0.0014213
-0.0013977 -0.0011407
-0.0012422 -0.0009134
-0.0012047 -0.0010705
-0.0013214 -0.0011460
-0.0011163 -0.0011278
-0.0006060 -0.0011230
-0.0006888 -0.0006187
-0.0004260 -0.0003679
-0.0004280 -0.0001176
-0.0002576  0.0005748
-0.0001829  0.0008998
-0.0000654  0.0009543
-0.0001866  0.0010080
 0.0004049  0.0009462
 0.0005167  0.0007754
 0.0005922  0.0006245
 0.0009152  0.0005324
 0.0007242  0.0005934
 0.0005946  0.0007727
 0.0006015  0.0010659
 0.0004356  0.0009706
 0.0001361  0.0007049
-0.0003597  0.0008761
-0.0006044  0.0005511
-0.0010081  0.0002975
-0.0013513  0.0002212
-0.0015055  0.0000484
-0.0014260 -0.0001256
-0.0015818  0.0000674
-0.0016779  0.0000625
-0.0014849  0.0001994
-0.0015225  0.0000807
-0.0013719  0.0003681
-0.0014720  0.0001949
-0.0013202  0.0003645
-0.0010921  0.0004816
-0.0010578  0.0009241
-0.0014785  0.0009031
-0.0014398  0.0010606
-0.0018996  0.0012511
-0.0023962  0.0013844
-0.0023962  0.0016182
-0.0027604  0.0013905
-0.0028186  0.0014506
-0.0025844  0.0011668
-0.0024330  0.0012843
-0.0024160  0.0015128
-0.0022073  0.0013622
-0.0025408  0.0018592
-0.0026781  0.0021088
-0.0027758  0.0020090
-0.0025691  0.0021633
-0.0028756  0.0023171
-0.0026673  0.0025799
-0.0026261  0.0024030
-0.0023761  0.0022641
-0.0022033  0.0021466
-0.0019138  0.0017618
-0.0014725  0.0011671
-0.0011059  0.0007654
-0.0003945  0.0008845
 0.0000476  0.0006419
 0.0002951  0.0009169
 0.0003936  0.0015346
 0.0002640  0.0020353
-0.0000614  0.0023236
-0.0000590  0.0025941
-0.0000432  0.0026098
-0.0004486  0.0027628
-0.0004135  0.0026853
-0.0006085  0.0024754
-0.0005165  0.0027479
-0.0004785  0.0029805
-0.0005250  0.0026583
-0.0001826  0.0029676
-0.0002800  0.0025065
-0.0001265  0.0024884
-0.0000478  0.0024290
-0.0001043  0.0016017
-0.0000372  0.0013118
 0.0001194  0.0011931
-0.0000238  0.0006496
 0.0000174  0.0007776
 0.0002899  0.0004110
 0.0003109  0.0005030
-0.0000157  0.0003677
 0.0000739  0.0007913
 0.0002051  0.0002943
 0.0007005  0.0002055
 0.0006778  0.0002257
 0.0011365  0.0000961
 0.0014005  0.0002140
 0.0014348  0.0001591
 0.0015507  0.0003929
 0.0018155  0.0005451
 0.0016209  0.0007361
 0.0016770  0.0008293
 0.0017521  0.0009274
 0.0017505  0.0011354
 0.0020751  0.0008309
 0.0025370  0.0006606
 0.0026763  0.0004878
 0.0027332  0.0005265
 0.0034220  0.0008511
 0.0034640  0.0008116
 0.0035097  0.0008903
 0.0036251  0.0015609
 0.0033619  0.0019255
 0.0033297  0.0020143
 0.0029857  0.0019537
 0.0022953  0.0022214
 0.0021814  0.0018568
 0.0019295  0.0014188
 0.0018326  0.0008822
 0.0019658  0.0005939
 0.0021931  0.0006141
 0.0023057  0.0005757
 0.0025556  0.0004029
 0.0028168  0.0006153
 0.0027777  0.0003052
 0.0033296  0.0001906
 0.0034608  0.0000182
 0.0034769 -0.0001167
 0.0039521 -0.0001340
 0.0040078 -0.0002116
 0.0041620 -0.0000997
 0.0041584 -0.0004805
 0.0043102 -0.0002136
 0.0039101 -0.0004264
 0.0040994 -0.0000477
 0.0038907  0.0002361
 0.0037797  0.0002555
 0.0037462  0.0004457
 0.0032920  0.0006221
 0.0030486  0.0006031
 0.0029941  0.0004340
 0.0028876  0.0000335
 0.0025278 -0.0001571
 0.0026292 -0.0004845
 0.0030923 -0.0005302
 0.0030399 -0.0004914
 0.0035579 -0.0004006
 0.0036378 -0.0006740
 0.0037080 -0.0006578
 0.0038950 -0.0000994
 0.0034524 -0.0001152
 0.0031423 -0.0002068
 0.0027394 -0.0002362
 0.0019529 -0.0008483
 0.0017838 -0.0012088
 0.0012678 -0.0016461
 0.0009597 -0.0016110
 0.0008592 -0.0018221
 0.0008716 -0.0013796
 0.0007892 -0.0010764
 0.0011873 -0.0009452
 0.0012967 -0.0009234
 0.0011635 -0.0010405
 0.0015684 -0.0006182
 0.0014805 -0.0005390
 0.0011418 -0.0006545
 0.0009948 -0.0003707
 0.0004272 -0.0006634
-0.0001643 -0.0005346
-0.0002365 -0.0003780
-0.0005228 -0.0004167
-0.0007295 -0.0003970
-0.0003665 -0.0002754
-0.0004614 -0.0003190
-0.0001925 -0.0004115
-0.0000052 -0.0005084
-0.0000694 -0.0008362
-0.0003626 -0.0010062
-0.0005608 -0.0010986
-0.0006836 -0.0015754
-0.0007014 -0.0017805
-0.0008423 -0.0022941
-0.0007607 -0.0025173
-0.0008387 -0.0027850
-0.0005875 -0.0030708
-0.0008786 -0.0028258
-0.0009574 -0.0032142
-0.0011520 -0.0031383
-0.0017459 -0.0029155
-0.0022074 -0.0026337
-0.0021913 -0.0024391
-0.0023665 -0.0026361
-0.0021214 -0.0024241
-0.0015901 -0.0023611
-0.0014190 -0.0024519
-0.0009769 -0.0025662
-0.0005574 -0.0025638
-0.0004758 -0.0026603
 0.0000794 -0.0028165
 0.0004843 -0.0028000
 0.0006192 -0.0027104
 0.0010423 -0.0027532
 0.0012151 -0.0027415
 0.0009825 -0.0022449
 0.0009967 -0.0019962
 0.0008634 -0.0019377
 0.0005562 -0.0020301
 0.0003483 -0.0020277
 0.0000636 -0.0021977
-0.0003336 -0.0021383
-0.0004414 -0.0024266
-0.0008770 -0.0025816
-0.0010227 -0.0026967
-0.0008075 -0.0027932
-0.0006141 -0.0028162
-0.0006545 -0.0026450
-0.0002742 -0.0022066
 0.0000488 -0.0018787
 0.0002018 -0.0016890
 0.0003928 -0.0014564
 0.0004158 -0.0012420
 0.0002838 -0.0006598
-0.0004033 -0.0004292
-0.0005955 -0.0000194
-0.0009904  0.0006169
-0.0012564  0.0004449
-0.0015067  0.0011370
-0.0013747  0.0013893
-0.0010097  0.0016946
-0.0008802  0.0020414
-0.0004340  0.0027867
-0.0003238  0.0030887
-0.0005366  0.0031060
-0.0004817  0.0034270
-0.0006525  0.0031621
-0.0011107  0.0032525
-0.0013784  0.0030422
-0.0015302  0.0028286
-0.0017744  0.0025972
-0.0017353  0.0029792
-0.0016392  0.0030155
-0.0017526  0.0031702
-0.0014849  0.0031310
-0.0012778  0.0032242
-0.0012597  0.0026856
-0.0010130  0.0025116
-0.0006666  0.0019504
-0.0004780  0.0020448
-0.0001744  0.0022584
 0.0001902  0.0023953
 0.0001534  0.0026663
 0.0003432  0.0026707
 0.0000557  0.0030806
-0.0002334  0.0028751
-0.0000461  0.0032066
-0.0002940  0.0029966
-0.0004708  0.0031319
-0.0005540  0.0029038
-0.0007866  0.0030976
-0.0004410  0.0032539
-0.0004228  0.0033544
-0.0005342  0.0034715
-0.0005080  0.0035696
-0.0007183  0.0035894
-0.0008871  0.0035547
-0.0010526  0.0035567
-0.0008761  0.0036738
-0.0009851  0.0035604
-0.0010206  0.0037146
-0.0007868  0.0030614
-0.0005555  0.0031752
-0.0001396  0.0027892
 0.0000324  0.0022345
 0.0004345  0.0020617
 0.0007530  0.0020056
 0.0008281  0.0022373
 0.0010893  0.0024481
 0.0010824  0.0028563
 0.0008111  0.0029556
 0.0004263  0.0028055
 0.0000391  0.0033630
-0.0006316  0.0031713
-0.0010317  0.0029201
-0.0014519  0.0032257
-0.0014487  0.0031082
-0.0018323  0.0032394
-0.0018137  0.0032972
-0.0019461  0.0032742
-0.0022138  0.0031579
-0.0019631  0.0027767
-0.0017902  0.0025587
-0.0014289  0.0023891
-0.0007946  0.0017540
-0.0004321  0.0017140
-0.0000320  0.0014399
-0.0000287  0.0013074
 0.0001845  0.0010369
-0.0000840  0.0009772
-0.0001979  0.0008229
-0.0002156  0.0004741
-0.0001042  0.0004175
 0.0002172  0.0005908
 0.0005191  0.0006606
 0.0005345  0.0014652
 0.0008332  0.0019437
 0.0007318  0.0021903
 0.0009389  0.0024762
 0.0004576  0.0024366
 0.0000910  0.0023975
 0.0002420  0.0026841
 0.0001839  0.0025254
-0.0002384  0.0024689
 0.0000656  0.0027729
 0.0002808  0.0029828
 0.0009300  0.0028286
 0.0008484  0.0031157
 0.0010236  0.0029041
 0.0012901  0.0034843
 0.0008488  0.0035808
 0.0002004  0.0035982
-0.0000055  0.0033507
-0.0003103  0.0031940
-0.0008614  0.0025032
-0.0012590  0.0022525
-0.0014867  0.0021737
-0.0015235  0.0019197
-0.0017508  0.0018402
-0.0014403  0.0012620
-0.0012646  0.0008021
-0.0006683  0.0006269
-0.0006481 -0.0001047
-0.0002060 -0.0007019
 0.0000984 -0.0010660
 0.0003883 -0.0012586
 0.0005224 -0.0015877
 0.0003669 -0.0016273
 0.0002708 -0.0017226
 0.0003871 -0.0013188
 0.0001029 -0.0010903
-0.0000679 -0.0009740
-0.0002403 -0.0006676
-0.0002584 -0.0005929
-0.0004462 -0.0008598
-0.0007320 -0.0007834
-0.0007534 -0.0012219
-0.0008301 -0.0012933
-0.0008156 -0.0017532
-0.0014293 -0.0019615
-0.0011814 -0.0020523
-0.0010086 -0.0020305
-0.0008560 -0.0014915
-0.0010441 -0.0013918
-0.0013893 -0.0014479
-0.0013271 -0.0011439
-0.0015734 -0.0012771
-0.0014196 -0.0016853
-0.0014559 -0.0018799
-0.0007610 -0.0022098
-0.0001490 -0.0023104
 0.0002705 -0.0021000
 0.0006739 -0.0020794
 0.0008628 -0.0017697
 0.0014571 -0.0016345
 0.0015528 -0.0018222
 0.0018952 -0.0020475
 0.0020643 -0.0022166
 0.0024107 -0.0028679
 0.0027527 -0.0029987
 0.0034266 -0.0032127
 0.0038271 -0.0029611
 0.0044820 -0.0027088
 0.0042716 -0.0022275
 0.0045434 -0.0019610
 0.0046778 -0.0017478
 0.0048320 -0.0017486
 0.0048175 -0.0019400
 0.0046116 -0.0016114
 0.0041506 -0.0017091
 0.0036164 -0.0012843
 0.0033334 -0.0014204
 0.0033536 -0.0018221
 0.0029329 -0.0019013
 0.0028397 -0.0020591
 0.0026660 -0.0019861
 0.0026075 -0.0018739
 0.0022215 -0.0017963
 0.0020475 -0.0016211
 0.0016256 -0.0016360
 0.0012795 -0.0017297
 0.0006424 -0.0015346
 0.0000860 -0.0021471
-0.0004562 -0.0021637
-0.0006104 -0.0023163
-0.0001163 -0.0028533
-0.0003621 -0.0030179
-0.0004393 -0.0025569
-0.0003403 -0.0029570
-0.0005850 -0.0028584
-0.0004089 -0.0029909
-0.0008300 -0.0031455
-0.0010731 -0.0035876
-0.0014942 -0.0038036
-0.0017037 -0.0044569
-0.0019908 -0.0050363
-0.0018390 -0.0054037
-0.0017057 -0.0057885
-0.0016080 -0.0058628
-0.0014691 -0.0060344
-0.0015858 -0.0058426
-0.0011994 -0.0056516
-0.0008340 -0.0056888
-0.0009260 -0.0051332
-0.0007754 -0.0045789
-0.0006648 -0.0042894
-0.0006863 -0.0040762
-0.0006730 -0.0031346
-0.0004663 -0.0027070
-0.0013460 -0.0020513
-0.0016945 -0.0010698
-0.0019020 -0.0006059
-0.0024926 -0.0001840
-0.0031588 -0.0001868
-0.0033086  0.0002375
-0.0034204  0.0002161
-0.0033408  0.0005020
-0.0034943  0.0004475
-0.0030958  0.0003530
-0.0028677  0.0005440
-0.0026585  0.0003571
-0.0025843  0.0001839
-0.0024720  0.0001459
-0.0025128  0.0004491
-0.0025710  0.0001612
-0.0027087  0.0004838
-0.0029618  0.0002735
-0.0035969 -0.0000379
-0.0035247  0.0001551
-0.0031242 -0.0001925
-0.0032029 -0.0003072
-0.0030923 -0.0004606
-0.0025396 -0.0005950
-0.0025033 -0.0008272
-0.0024100 -0.0005546
-0.0022195 -0.0007630
-0.0020911 -0.0005247
-0.0023592 -0.0005037
-0.0017839 -0.0007673
-0.0023592 -0.0010108
-0.0020091 -0.0007972
-0.0018100 -0.0012154
-0.0019606 -0.0010216
-0.0019933 -0.0012530
-0.0019493 -0.0012501
-0.0017122 -0.0011561
-0.0015180 -0.0011775
-0.0018822 -0.0012393
-0.0017473 -0.0007790
-0.0016920 -0.0005533
-0.0019791 -0.0004621
-0.0021156  0.0001875
-0.0020389  0.0004124
-0.0023279  0.0007188
-0.0022314  0.0012146
-0.0023885  0.0014197
-0.0025367  0.0013058
-0.0026138  0.0011447
-0.0026485  0.0006800
-0.0027252  0.0000804
-0.0023841  0.0001151
-0.0024471 -0.0004272
-0.0017619 -0.0004256
-0.0015758 -0.0008471
-0.0011564 -0.0009415
-0.0007014 -0.0009355
-0.0003941 -0.0006682
-0.0000505 -0.0007441
 0.0001045 -0.0003775
 0.0003197 -0.0004142
 0.0001861  0.0000844
 0.0004538  0.0004102
 0.0003722  0.0010994
 0.0002559  0.0011935
 0.0002090  0.0016150
 0.0003225  0.0019215
 0.0001646  0.0021294
 0.0001634  0.0021326
-0.0000106  0.0020139
-0.0000651  0.0018052
 0.0000932  0.0015569
 0.0000576  0.0015706
 0.0001404  0.0013788
 0.0003561  0.0011466
 0.0004772  0.0011640
 0.0002132  0.0011652
 0.0004231  0.0012807
 0.0002338  0.0011907
-0.0001700  0.0012319
 0.0003460  0.0008911
 0.0001910  0.0011076
 0.0004974  0.0006114
 0.0006521  0.0007095
 0.0010748  0.0004438
 0.0012157  0.0009832
 0.0012936  0.0010192
 0.0013695  0.0013813
 0.0012165  0.0012989
 0.0011180  0.0012327
 0.0014026  0.0011850
 0.0009767  0.0014655
 0.0007639  0.0014990
 0.0004517  0.0019116
 0.0001392  0.0021409
-0.0000336  0.0020650
-0.0002068  0.0024486
-0.0004567  0.0025092
-0.0005108  0.0026424
-0.0004518  0.0025689
-0.0003917  0.0025528
-0.0002730  0.0026703
-0.0004986  0.0026142
-0.0004042  0.0031379
-0.0004223  0.0032182
-0.0007259  0.0031456
-0.0003872  0.0032647
-0.0007526  0.0034965
-0.0004268  0.0032474
 0.0000117  0.0034028
 0.0001978  0.0036491
 0.0005240  0.0035324
 0.0009027  0.0039160
 0.0008829  0.0041836
 0.0006895  0.0042805
 0.0003669  0.0045713
 0.0001400  0.0047510
 0.0000892  0.0046807
 0.0001522  0.0043735
 0.0004421  0.0035874
 0.0002919  0.0033161
 0.0005629  0.0026810
 0.0004127  0.0025190
 0.0002213  0.0021536
 0.0002407  0.0024415
-0.0000835  0.0022295
-0.0001404  0.0025804
-0.0000443  0.0024104
-0.0000189  0.0020120
 0.0000211  0.0022433
 0.0005783  0.0019950
 0.0004644  0.0016680
 0.0005048  0.0014693
 0.0007313  0.0013312
 0.0005391  0.0010929
 0.0000179  0.0009153
-0.0003891  0.0007578
-0.0005277  0.0006613
-0.0005721  0.0002600
-0.0005366  0.0001465
-0.0000763  0.0001910
 0.0000933  0.0004090
 0.0004203  0.0008350
 0.0006916  0.0008403
 0.0010174  0.0010579
 0.0009424  0.0010571
 0.0011560  0.0009235
 0.0009823  0.0007058
 0.0012512  0.0003211
 0.0007106  0.0001062
 0.0005176 -0.0000855
 0.0001865 -0.0001643
-0.0003360 -0.0004501
-0.0010292 -0.0006968
-0.0015077 -0.0009027
-0.0018702 -0.0015511
-0.0023099 -0.0017614
-0.0023211 -0.0021199
-0.0018350 -0.0023154
-0.0018467 -0.0024502
-0.0013638 -0.0022019
-0.0011534 -0.0021854
-0.0006721 -0.0018838
-0.0002510 -0.0015959
-0.0002115 -0.0016924
-0.0002519 -0.0014837
 0.0000393 -0.0016941
 0.0000595 -0.0015443
 0.0000595 -0.0018168
-0.0002878 -0.0018564
-0.0005777 -0.0020886
-0.0007913 -0.0022363
-0.0008543 -0.0023275
-0.0008353 -0.0022996
-0.0006843 -0.0023109
-0.0009689 -0.0024005
-0.0007937 -0.0023758
-0.0010242 -0.0026237
-0.0013307 -0.0024477
-0.0014070 -0.0023726
-0.0010097 -0.0024538
-0.0014523 -0.0022289
-0.0012246 -0.0017759
-0.0007655 -0.0018567
-0.0001740 -0.0013892
 0.0005358 -0.0012794
 0.0009952 -0.0010162
 0.0013433 -0.0006400
 0.0018629 -0.0007365
 0.0019594 -0.0007062
 0.0019404 -0.0007623
 0.0017491 -0.0008754
 0.0016517 -0.0011253
 0.0009428 -0.0013728
 0.0010425 -0.0018710
 0.0009307 -0.0023119
 0.0006295 -0.0025824
 0.0006913 -0.0030027
 0.0007139 -0.0032749
 0.0008141 -0.0035446
 0.0009477 -0.0035256
 0.0008549 -0.0034695
 0.0009130 -0.0032987
 0.0007560 -0.0031090
 0.0001963 -0.0022300
 0.0002347 -0.0020031
 0.0001733 -0.0013127
-0.0002341 -0.0007980
-0.0004247 -0.0005690
-0.0004283 -0.0003381
-0.0001961 -0.0001802
-0.0002789 -0.0001972
-0.0002010 -0.0001148
-0.0000868 -0.0002819
-0.0000690 -0.0005084
-0.0003351 -0.0011572
-0.0004517 -0.0016893
-0.0003763 -0.0019323
-0.0002438 -0.0026005
-0.0005882 -0.0030806
-0.0005511 -0.0032364
-0.0007675 -0.0033753
-0.0008681 -0.0031844
-0.0010849 -0.0029603
-0.0008940 -0.0028687
-0.0007834 -0.0019869
-0.0006461 -0.0016643
-0.0006400 -0.0014374
-0.0005600 -0.0008048
-0.0010760 -0.0007111
-0.0011838 -0.0006191
-0.0015496  0.0000164
-0.0019150  0.0001509
-0.0027422 -0.0000385
-0.0034359  0.0000968
-0.0035385 -0.0000905
-0.0041728  0.0001239
-0.0042729 -0.0001264
-0.0041328 -0.0005629
-0.0039447 -0.0005241
-0.0030415 -0.0005794
-0.0024827 -0.0007708
-0.0022315 -0.0003452
-0.0016744 -0.0005370
-0.0013259 -0.0004784
-0.0015746 -0.0003823
-0.0015544 -0.0000533
-0.0018237 -0.0001155
-0.0021290  0.0001712
-0.0020159  0.0004813
-0.0020349  0.0005172
-0.0017862  0.0014834
-0.0012100  0.0015379
-0.0008273  0.0018876
-0.0010368  0.0017564
-0.0008628  0.0011802
-0.0012633  0.0007026
-0.0012076  0.0004361
-0.0011874  0.0001119
-0.0011495  0.0000554
-0.0011144  0.0004030
-0.0011341  0.0009206
-0.0011519  0.0012695
-0.0010385  0.0014274
-0.0012104  0.0015437
-0.0014955  0.0015223
-0.0009004  0.0015214
-0.0011515  0.0013276
-0.0009981  0.0016159
-0.0011939  0.0014629
-0.0013841  0.0017520
-0.0013441  0.0015747
-0.0014434  0.0019567
-0.0013841  0.0017261
-0.0010921  0.0015327
-0.0009432  0.0017806
-0.0003291  0.0013736
-0.0000222  0.0014059
-0.0000210  0.0015552
 0.0003630  0.0016336
 0.0000392  0.0016691
-0.0002661  0.0017850
-0.0007655  0.0018048
-0.0011107  0.0018019
-0.0012625  0.0017442
-0.0010526  0.0015689
-0.0011858  0.0016436
-0.0009145  0.0015677
-0.0009924  0.0012968
-0.0008555  0.0010671
-0.0010436  0.0009318
-0.0007941  0.0008761
-0.0006988  0.0009363
-0.0007751  0.0011664
-0.0005240  0.0014135
-0.0005454  0.0020680
-0.0004848  0.0019166
 0.0000505  0.0019755
 0.0005120  0.0022246
 0.0012626  0.0024362
 0.0019159  0.0024185
 0.0022215  0.0022816
 0.0023810  0.0021410
 0.0025348  0.0021766
 0.0025740  0.0024026
 0.0026128  0.0022657
 0.0022276  0.0024175
 0.0026099  0.0023626
 0.0023939  0.0022343
 0.0020083  0.0022024
 0.0019502  0.0019372
 0.0018710  0.0014644
 0.0023293  0.0012945
 0.0025392  0.0010668
 0.0028073  0.0006408
 0.0030915  0.0006028
 0.0029744  0.0005047
 0.0027281  0.0006941
 0.0023470  0.0006731
 0.0020769  0.0009020
 0.0015997  0.0012439
 0.0008895  0.0016061
 0.0001619  0.0019129
-0.0004336  0.0026611
-0.0009128  0.0026651
-0.0018285  0.0032086
-0.0028254  0.0034981
-0.0029755  0.0040181
-0.0032404  0.0037327
-0.0036401  0.0042148
-0.0033708  0.0039653
-0.0030805  0.0039435
-0.0029060  0.0038041
-0.0024817  0.0036862
-0.0023266  0.0032070
-0.0019023  0.0035122
-0.0017509  0.0030144
-0.0015575  0.0026361
-0.0012349  0.0026724
-0.0003515  0.0026951
 0.0000312  0.0026208
 0.0007620  0.0031380
 0.0013539  0.0032643
 0.0016390  0.0035881
 0.0017685  0.0039074
 0.0016074  0.0040721
 0.0016578  0.0039373
 0.0016315  0.0039340
 0.0018172  0.0028552
 0.0016400  0.0023974
 0.0020344  0.0016900
 0.0027797  0.0010247
 0.0027417  0.0006173
 0.0030466  0.0004453
 0.0032561  0.0003290
 0.0030300 -0.0000756
 0.0027801  0.0002672
 0.0030474  0.0001129
 0.0031681 -0.0002347
 0.0032638 -0.0004277
 0.0036631 -0.0002173
 0.0036599 -0.0007915
 0.0039279 -0.0009082
 0.0035032 -0.0009631
 0.0031996 -0.0009433
 0.0024753 -0.0006925
 0.0024281 -0.0004636
 0.0018742 -0.0001556
 0.0013267 -0.0001127
 0.0014244  0.0001739
 0.0014467  0.0000242
 0.0015193  0.0002369
 0.0019194  0.0001598
 0.0023579  0.0002079
 0.0027394  0.0003819
 0.0028896  0.0001179
 0.0028347  0.0010215
 0.0029308  0.0007530
 0.0027394  0.0009234
 0.0026849  0.0018023
 0.0023934  0.0019190
 0.0020853  0.0022222
 0.0016206  0.0024346
 0.0011163  0.0029918
 0.0007489  0.0030317
-0.0000942  0.0035296
-0.0003441  0.0031064
-0.0009219  0.0032017
-0.0012295  0.0028936
-0.0015525  0.0023328
-0.0013022  0.0017756
-0.0010494  0.0013711
-0.0007567  0.0007162
-0.0005798  0.0005030
-0.0001377  0.0003269
 0.0000767  0.0001364
 0.0000198  0.0003831
-0.0000529  0.0006544
 0.0000465  0.0007880
-0.0000653  0.0008244
 0.0000517  0.0006713
 0.0000905  0.0004037
-0.0000048  0.0001142
-0.0001800 -0.0005532
-0.0005272 -0.0013756
-0.0005701 -0.0020071
-0.0005697 -0.0028291
-0.0006294 -0.0029591
-0.0003956 -0.0026514
 0.0000457 -0.0027067
 0.0001236 -0.0022299
 0.0002217 -0.0019651
 0.0004874 -0.0017180
 0.0003892 -0.0015791
 0.0008883 -0.0012169
 0.0010009 -0.0010142
 0.0009032 -0.0011442
 0.0013259 -0.0007670
 0.0017276 -0.0004443
 0.0018629 -0.0005142
 0.0016917 -0.0001980
 0.0020175  0.0001900
 0.0018250 -0.0000054
 0.0018258 -0.0000070
 0.0019178  0.0000681
 0.0020143 -0.0003983
 0.0020353 -0.0006159
 0.0022799 -0.0010015
 0.0021661 -0.0011623
 0.0023587 -0.0011704
 0.0024754 -0.0013142
 0.0024362 -0.0012100
 0.0023995 -0.0013348
 0.0021903 -0.0017294
 0.0017660 -0.0017779
 0.0016311 -0.0020100
 0.0010126 -0.0025082
 0.0007227 -0.0023685
 0.0006633 -0.0025356
 0.0002414 -0.0028142
 0.0000480 -0.0027071
 0.0005042 -0.0027576
 0.0002789 -0.0026707
 0.0002955 -0.0024184
 0.0004114 -0.0021623
 0.0005874 -0.0016823
 0.0001276 -0.0015276
 0.0002422 -0.0013342
 0.0001328 -0.0011800
-0.0000933 -0.0014316
-0.0002063 -0.0013036
-0.0004921 -0.0016371
-0.0010299 -0.0015092
-0.0008018 -0.0016303
-0.0012270 -0.0018996
-0.0010050 -0.0018447
-0.0005806 -0.0021665
-0.0004870 -0.0019356
-0.0003158 -0.0014151
-0.0001212 -0.0012588
-0.0002362 -0.0006637
-0.0001026 -0.0004667
-0.0003295 -0.0008313
-0.0004235 -0.0007339
-0.0003485 -0.0010367
-0.0000396 -0.0016904
-0.0004437 -0.0018047
 0.0000731 -0.0020179
 0.0002834 -0.0020195
 0.0003960 -0.0017361
 0.0006839 -0.0016775
 0.0007974 -0.0015451
 0.0006572 -0.0010691
 0.0014619 -0.0009940
 0.0011724 -0.0004038
 0.0015576  0.0001139
 0.0013892  0.0010711
 0.0009108  0.0014486
 0.0006274  0.0019601
 0.0003609  0.0021684
 0.0005947  0.0018753
 0.0006504  0.0022580
 0.0005935  0.0020840
 0.0004054  0.0018337
 0.0005782  0.0015268
 0.0003299  0.0013581
-0.0000339  0.0010747
-0.0000133  0.0004852
-0.0001263  0.0000892
-0.0001853 -0.0001006
-0.0000896 -0.0001849
 0.0000053 -0.0001421
 0.0002019  0.0000695
 0.0002011  0.0001870
 0.0006848  0.0005355
 0.0010139  0.0007038
 0.0010914  0.0008952
 0.0012675  0.0008858
 0.0013042  0.0009791
 0.0015319  0.0004607
 0.0014313  0.0003973
 0.0014099  0.0001263
 0.0013130 -0.0003553
 0.0010651 -0.0007240
 0.0012945 -0.0006101
 0.0009311 -0.0007095
 0.0004720 -0.0006913
 0.0003231 -0.0002129
 0.0000344 -0.0003490
-0.0005228 -0.0004640
-0.0009261 -0.0005617
-0.0010993 -0.0008447
-0.0010416 -0.0012683
-0.0007170 -0.0011685
-0.0007339 -0.0017212
-0.0005264 -0.0013752
 0.0001474 -0.0014895
 0.0003558 -0.0013942
 0.0000303 -0.0009182
 0.0002960 -0.0007507
 0.0002395 -0.0006219
-0.0001486 -0.0003720
-0.0001074 -0.0001637
-0.0001049  0.0000863
-0.0000645 -0.0001814
-0.0000468 -0.0001051
-0.0001384 -0.0006235
-0.0001554 -0.0006631
 0.0001907 -0.0009106
 0.0004628 -0.0010273
 0.0004095 -0.0009110
 0.0004071 -0.0007366
 0.0000853 -0.0008298
-0.0003778 -0.0009227
-0.0003092 -0.0011281
-0.0001376 -0.0014899
 0.0003133 -0.0012755
 0.0012464 -0.0011200
 0.0023781 -0.0006747
 0.0024729 -0.0001397
 0.0033576  0.0001510
 0.0032869  0.0003832
 0.0034202  0.0009036
 0.0030403  0.0007344
 0.0027185  0.0004696
 0.0024488  0.0006230
 0.0024722  0.0004147
 0.0023253  0.0003553
 0.0023257  0.0004127
 0.0025974  0.0004102
 0.0023318  0.0003678
 0.0022531  0.0010744
 0.0020996  0.0010925
 0.0017290  0.0015891
 0.0015553  0.0019727
 0.0012065  0.0019141
 0.0010074  0.0021047
 0.0009464  0.0022392
 0.0007163  0.0020098
 0.0001591  0.0025052
 0.0000465  0.0024854
-0.0004687  0.0025981
-0.0007311  0.0029776
-0.0009007  0.0029925
-0.0007952  0.0028964
-0.0011033  0.0027756
-0.0008170  0.0022556
-0.0003774  0.0018910
-0.0006289  0.0015058
-0.0001549  0.0011586
-0.0001590  0.0011578
 0.0001450  0.0011247
 0.0004151  0.0007642
 0.0003364  0.0005781
 0.0002988  0.0004106
 0.0004918 -0.0001058
 0.0002258 -0.0001143
 0.0002617 -0.0002232
 0.0003194 -0.0003488
 0.0000707  0.0000029
 0.0002270  0.0000668
-0.0000593 -0.0001779
 0.0000134 -0.0002150
-0.0000056 -0.0005202
 0.0000328 -0.0007851
 0.0002241 -0.0012458
 0.0008350 -0.0012474
 0.0008556 -0.0013484
 0.0008572 -0.0013330
 0.0011257 -0.0009911
 0.0011673 -0.0008433
 0.0008584 -0.0013868
 0.0008782 -0.0010953
 0.0006461 -0.0013484
 0.0003970 -0.0018459
 0.0002593 -0.0022064
-0.0002051 -0.0028605
-0.0002430 -0.0028972
-0.0001494 -0.0029694
-0.0005366 -0.0030466
-0.0006129 -0.0030659
-0.0004772 -0.0035609
-0.0006541 -0.0035848
-0.0004111 -0.0035262
 0.0000460 -0.0035407
 0.0002720 -0.0031217
 0.0010739 -0.0021260
 0.0012999 -0.0017610
 0.0011457 -0.0009019
 0.0011796 -0.0001001
 0.0007985  0.0003029
-0.0001443  0.0009133
-0.0004087  0.0010098
-0.0008133  0.0011855
-0.0010761  0.0011310
-0.0012848  0.0011698
-0.0015888  0.0008027
-0.0019695  0.0005891
-0.0014309  0.0008015
-0.0015060  0.0005326
-0.0012936  0.0003421
-0.0009642  0.0003243
-0.0004841  0.0001111
-0.0003113  0.0001684
 0.0006658 -0.0001945
 0.0012984 -0.0002349
 0.0015706 -0.0007158
 0.0025060 -0.0009039
 0.0027729 -0.0007533
 0.0032719 -0.0008894
 0.0034802 -0.0004860
 0.0034035 -0.0003928
 0.0028266  0.0000093
 0.0025952 -0.0000525
 0.0020942  0.0006525
 0.0020199  0.0008232
 0.0015584  0.0009895
 0.0012370  0.0012709
 0.0010856  0.0011732
 0.0008579  0.0012067
 0.0004405  0.0008154
 0.0002742  0.0004876
 0.0000977  0.0000608
-0.0002095 -0.0002291
-0.0002883 -0.0003450
-0.0007316 -0.0003874
-0.0012718  0.0000910
-0.0014875  0.0001508
-0.0022756  0.0000143
-0.0028352  0.0002412
-0.0029902  0.0004932
-0.0029180  0.0002218
-0.0028045  0.0003551
-0.0029992  0.0002016
-0.0028643 -0.0000112
-0.0031954 -0.0001399
-0.0032366 -0.0007891
-0.0039036 -0.0016875
-0.0039766 -0.0022055
-0.0040344 -0.0021267
-0.0042229 -0.0020327
-0.0037174 -0.0015183
-0.0031065 -0.0011545
-0.0022982 -0.0005837
-0.0017447  0.0002569
-0.0007272  0.0008343
-0.0007854  0.0011553
-0.0004834  0.0015029
-0.0003453  0.0015433
-0.0009227  0.0015263
-0.0006154  0.0017024
-0.0004991  0.0010370
-0.0010943  0.0009660
-0.0011908  0.0008364
-0.0013026 -0.0000227
-0.0015109  0.0000778
-0.0015666 -0.0002423
-0.0017713 -0.0012177
-0.0018080 -0.0011822
-0.0019202 -0.0014459
-0.0020914 -0.0016578
-0.0018427 -0.0013671
-0.0015561 -0.0014034
-0.0010982 -0.0013134
-0.0007171 -0.0008915
-0.0003121 -0.0004716
 0.0000363 -0.0005504
-0.0001918 -0.0005346
 0.0000779 -0.0004551
 0.0004304 -0.0007207
 0.0005689 -0.0003335
 0.0006453 -0.0006662
 0.0009343 -0.0005071
 0.0012606 -0.0001352
 0.0015287 -0.0007052
 0.0012775 -0.0005643
 0.0011245 -0.0007597
 0.0009686 -0.0012951
 0.0007377 -0.0014316
 0.0007175 -0.0016254
 0.0010013 -0.0019924
 0.0008434 -0.0018377
 0.0009403 -0.0015713
 0.0012447 -0.0009539
 0.0015318 -0.0002886
 0.0016073  0.0000958
 0.0016836  0.0009380
 0.0016299  0.0018989
 0.0018798  0.0025098
 0.0017289  0.0027573
 0.0015920  0.0033903
 0.0018011  0.0036443
 0.0015916  0.0032591
 0.0011890  0.0032200
 0.0009548  0.0033165
 0.0004764  0.0028211
-0.0003036  0.0026301
-0.0005366  0.0025583
-0.0006662  0.0023855
-0.0006233  0.0023071
 0.0000873  0.0023212
 0.0005859  0.0023600
 0.0004119  0.0026353
 0.0010021  0.0028824
 0.0008677  0.0030140
 0.0007881  0.0036115
 0.0009989  0.0036693
 0.0005261  0.0039398
 0.0007926  0.0042842
 0.0010074  0.0041909
 0.0008927  0.0044780
 0.0008717  0.0045704
 0.0008540  0.0042995
 0.0002778  0.0045062
-0.0001659  0.0044881
-0.0004085  0.0042797
-0.0010585  0.0041408
-0.0009233  0.0043532
-0.0010896  0.0044683
-0.0010819  0.0045862
-0.0012926  0.0049863
-0.0016132  0.0047961
-0.0020569  0.0049108
-0.0016568  0.0046835
-0.0020218  0.0042563
-0.0021026  0.0041590
-0.0017255  0.0039676
-0.0014801  0.0037290
-0.0013505  0.0035743
-0.0012172  0.0037318
-0.0010267  0.0034185
-0.0010118  0.0035206
-0.0008426  0.0033898
-0.0007610  0.0030463
-0.0010659  0.0031464
-0.0009124  0.0031505
-0.0014106  0.0029224
-0.0014276  0.0029817
-0.0014865  0.0026579
-0.0014882  0.0023911
-0.0012988  0.0026943
-0.0008567  0.0025178
-0.0006237  0.0030322
-0.0001449  0.0031282
 0.0003166  0.0033337
 0.0002964  0.0039470
 0.0007361  0.0043714
 0.0006388  0.0041231
 0.0002693  0.0040904
-0.0000182  0.0037904
 0.0000380  0.0033322
-0.0003448  0.0025828
-0.0001369  0.0020091
-0.0004021  0.0012771
-0.0001353  0.0006771
 0.0001486  0.0004466
 0.0002867  0.0002875
 0.0002673  0.0000888
 0.0004962  0.0002410
 0.0005535 -0.0001054
 0.0007255 -0.0001244
 0.0013146 -0.0000663
 0.0011797 -0.0000077
 0.0016602  0.0001837
 0.0022133  0.0000722
 0.0023687 -0.0000985
 0.0027374  0.0000157
 0.0029534  0.0001546
 0.0027843  0.0002087
 0.0029575  0.0006327
 0.0030766  0.0006714
 0.0028069  0.0008769
 0.0029825  0.0007433
 0.0032147  0.0007392
 0.0031751  0.0008486
 0.0031937  0.0006721
 0.0031017  0.0002082
 0.0027205  0.0002611
 0.0026063 -0.0002214
 0.0024351 -0.0009477
 0.0019340 -0.0006203
