[PARAMETERS]
DW=1E-007
TAU=0.0001
TD=4096
BS=4096
NS=128
NSC=128
FR=56.010000
GAIN=4.974204
D0=0.05
D1=5E-006
D2=1.05E-005
D3=2.5E-005
D4=1E-005
D5=5E-005
D6=0.001
D7=0.001
D8=0.001
D9=0.05
C0=1
SEGTD=0
SEGOFF=0
SEGNUM=0
[ADDITIONAL]
PPFILE=ZG_two_T2.PC
DATEWR=26.09.2024
TIMEWR=13:48:44
DATESTA=26.09.2024
TIMESTA=13:48:32
DATEEND=26.09.2024
TIMEEND=13:48:44
CURR_Z0=0
CURR_Z1=1
TE=-1
[VARIABLES]
_USER=Measurements
_EMAIL_F=7NMR.NMR-270-ijs.si
_ITC_H=1
_ITC_R0= 70.00
_ITC_R1= 70.06
_ITC_R2= 70.78
_ITC_R3=  0.00
_ITC_R4=  0.06
_ITC_V=  4.98
_ITC_X=X0A1C1S00H1
_FW=100
_ORIENT=?
_THETA=0
_TITLE=?
_DESCR1=?
_DESCR2=?
_FR_LARM=56.01000000
_FR_SYNT=526.01000000
_TRIMLEV=1.826171875
_DATE=26.09.2024
_TIME=13:44:47
_ITC_DIR=M35
[PPFILE]
; pi/2 - pi


DELAY D9
PULSE [GT] 3u
PULSE [PHL1,GT] D1
DELAY TAU-3u
PULSE [GT] 3u
PULSE [PHL2,GT] 2*D1
DELAY TAU-D3
PULSE [TR] 1u+DW
DELAY 1m
STOP

;PHL 1 [+X] [+X] [+Y] [+Y] [-X] [-X] [-Y] [-Y]
;PHL 2 [+Y] [-Y] [-X] [+X] [-Y] [+Y] [+X] [-X]
;!RLS +X+X+Y+Y-X-X-Y-Y

PHL 1 [+X] [+X] [-X] [-X] [+Y] [+Y] [-Y] [-Y] [+X] [+X] [-X] [-X] [+Y] [+Y] [-Y] [-Y]
PHL 2 [+Y] [-Y] [-Y] [+Y] [-X] [+X] [+X] [-X] [+X] [-X] [-X] [+X] [-Y] [+Y] [+Y] [-Y]
!RLS +X+X-X-X+Y+Y-Y-Y-X-X+X+X-Y-Y+Y+Y
[DATA]
 0.0013533  0.0004118
 0.0011813  0.0009338
 0.0013768  0.0006710
 0.0015326  0.0003468
 0.0016493  0.0002515
 0.0016097 -0.0000371
 0.0017252 -0.0008640
 0.0015693 -0.0010421
 0.0012936 -0.0012743
 0.0010634 -0.0016792
 0.0009451 -0.0019861
 0.0005950 -0.0020604
 0.0003818 -0.0024831
 0.0004941 -0.0025929
 0.0005320 -0.0029752
 0.0004363 -0.0028791
 0.0008805 -0.0031072
 0.0012112 -0.0030834
 0.0010404 -0.0029320
 0.0012944 -0.0026800
 0.0012580 -0.0029308
 0.0007631 -0.0027217
 0.0006872 -0.0022622
 0.0004183 -0.0020951
 0.0000545 -0.0015621
 0.0003989 -0.0010849
 0.0000351 -0.0008205
 0.0000561 -0.0006780
 0.0000161 -0.0006356
-0.0000973 -0.0010377
-0.0004990 -0.0010349
-0.0003295 -0.0014919
-0.0004466 -0.0017349
-0.0003690 -0.0021883
-0.0004539 -0.0023385
-0.0007264 -0.0026050
-0.0003853 -0.0028529
-0.0006627 -0.0029514
-0.0007778 -0.0031076
-0.0009901 -0.0032776
-0.0009134 -0.0031993
-0.0010067 -0.0036228
-0.0004656 -0.0035832
 0.0001731 -0.0035820
 0.0008833 -0.0036022
 0.0015023 -0.0033337
 0.0022529 -0.0029098
 0.0026611 -0.0024128
 0.0027980 -0.0017401
 0.0028638 -0.0015645
 0.0027920 -0.0009916
 0.0021795 -0.0009185
 0.0021956 -0.0009226
 0.0017152 -0.0006783
 0.0018048 -0.0010631
 0.0019170 -0.0016037
 0.0020445 -0.0016054
 0.0018422 -0.0016994
 0.0020679 -0.0020026
 0.0021603 -0.0016966
 0.0022318 -0.0017676
 0.0018833 -0.0022061
 0.0012656 -0.0021826
 0.0011525 -0.0029271
 0.0006337 -0.0031972
-0.0001116 -0.0035800
 0.0000031 -0.0035376
-0.0001500 -0.0039389
-0.0000151 -0.0036127
 0.0007347 -0.0035674
 0.0010790 -0.0036809
 0.0017686 -0.0032004
 0.0028608 -0.0028693
 0.0032633 -0.0029488
 0.0032823 -0.0025629
 0.0037401 -0.0021995
 0.0035657 -0.0022944
 0.0033480 -0.0017606
 0.0031748 -0.0017408
 0.0027493 -0.0017841
 0.0030161 -0.0018789
 0.0027626 -0.0021280
 0.0030113 -0.0022435
 0.0030718 -0.0023227
 0.0029539 -0.0022988
 0.0027549 -0.0023969
 0.0023754 -0.0023969
 0.0023379 -0.0024926
 0.0019402 -0.0027668
 0.0018821 -0.0027103
 0.0015761 -0.0029425
 0.0014416 -0.0030196
 0.0015542 -0.0031136
 0.0012627 -0.0026352
 0.0011303 -0.0028859
 0.0005901 -0.0029647
 0.0003797 -0.0029481
-0.0000030 -0.0032182
-0.0000434 -0.0035610
-0.0003511 -0.0039821
-0.0004250 -0.0041351
-0.0001193 -0.0042264
-0.0000773 -0.0042655
-0.0000321 -0.0045118
 0.0006789 -0.0044149
 0.0010319 -0.0045708
 0.0010161 -0.0047811
 0.0013303 -0.0043814
 0.0012992 -0.0049802
 0.0007441 -0.0046592
 0.0008789 -0.0042777
 0.0006335 -0.0040694
 0.0004998 -0.0035708
 0.0008455 -0.0029938
 0.0005596 -0.0024378
 0.0001397 -0.0020539
 0.0000465 -0.0016687
-0.0000468 -0.0012892
-0.0004299 -0.0010970
-0.0009467 -0.0010586
-0.0014664 -0.0009856
-0.0012956 -0.0011753
-0.0019295 -0.0011761
-0.0022214 -0.0010801
-0.0024528 -0.0011515
-0.0022444 -0.0012855
-0.0025476 -0.0017083
-0.0020922 -0.0021096
-0.0022469 -0.0026300
-0.0020184 -0.0026256
-0.0015989 -0.0030450
-0.0014103 -0.0029477
-0.0009517 -0.0027931
-0.0006650 -0.0026332
-0.0005508 -0.0023065
-0.0004325 -0.0018265
-0.0000679 -0.0012721
 0.0000504 -0.0009887
 0.0002047 -0.0008196
 0.0002422 -0.0012080
 0.0000888 -0.0012702
-0.0000869 -0.0012541
-0.0005867 -0.0017180
-0.0005104 -0.0014911
-0.0007801 -0.0010494
-0.0010123 -0.0007962
-0.0010857 -0.0006444
-0.0008181 -0.0002601
-0.0010086  0.0000246
-0.0009113  0.0001578
-0.0009137  0.0005595
-0.0007817  0.0008631
-0.0004930  0.0009398
-0.0002419  0.0009963
-0.0002621  0.0009535
-0.0004147  0.0009737
-0.0005669  0.0013403
-0.0010098  0.0014110
-0.0013506  0.0013726
-0.0015642  0.0012793
-0.0017321  0.0010702
-0.0015383  0.0009427
-0.0014575  0.0007121
-0.0011668  0.0001610
-0.0004372  0.0000056
 0.0002209 -0.0001236
 0.0002407 -0.0000679
 0.0010619  0.0002039
 0.0013090  0.0001477
 0.0014212  0.0002232
 0.0017042  0.0005846
 0.0018164  0.0008127
 0.0014288  0.0008510
 0.0013311  0.0010973
 0.0011619  0.0013109
 0.0010065  0.0017526
 0.0007970  0.0017542
 0.0006823  0.0023102
 0.0005503  0.0022763
 0.0004934  0.0023348
 0.0003561  0.0026780
 0.0001816  0.0028549
 0.0001643  0.0029324
-0.0000473  0.0032780
-0.0002177  0.0036228
-0.0003533  0.0035086
-0.0007138  0.0033313
-0.0005253  0.0030204
-0.0006581  0.0028617
-0.0009856  0.0029178
-0.0010623  0.0026618
-0.0013300  0.0029856
-0.0013877  0.0032351
-0.0017099  0.0034636
-0.0019751  0.0037878
-0.0024871  0.0038819
-0.0028674  0.0039990
-0.0029631  0.0043858
-0.0032667  0.0045808
-0.0030398  0.0048174
-0.0028524  0.0056072
-0.0027027  0.0058232
-0.0025933  0.0066117
-0.0026563  0.0074213
-0.0028901  0.0082482
-0.0026806  0.0088865
-0.0028336  0.0098478
-0.0023923  0.0107486
-0.0022946  0.0119970
-0.0024108  0.0130726
-0.0022731  0.0138789
-0.0020620  0.0152654
-0.0020418  0.0159986
-0.0018278  0.0168646
-0.0018076  0.0180933
-0.0015738  0.0190311
-0.0010538  0.0200651
-0.0006504  0.0215578
-0.0004449  0.0226616
-0.0000016  0.0238292
 0.0004352  0.0249936
 0.0011656  0.0262189
 0.0020441  0.0274875
 0.0026974  0.0290779
 0.0038513  0.0305540
 0.0049649  0.0324734
 0.0059242  0.0341425
 0.0070179  0.0356149
 0.0085934  0.0373983
 0.0099948  0.0385643
 0.0116788  0.0402083
 0.0129462  0.0417987
 0.0149823  0.0432534
 0.0166263  0.0446895
 0.0182203  0.0459165
 0.0200218  0.0472799
 0.0218609  0.0490835
 0.0238735  0.0506758
 0.0256755  0.0524778
 0.0278275  0.0546459
 0.0297303  0.0563889
 0.0319372  0.0583615
 0.0339148  0.0601425
 0.0362206  0.0615592
 0.0382143  0.0625552
 0.0406852  0.0637645
 0.0430290  0.0648986
 0.0451741  0.0658385
 0.0476491  0.0668535
 0.0502213  0.0676053
 0.0524452  0.0685614
 0.0545729  0.0689029
 0.0570277  0.0694791
 0.0591151  0.0701053
 0.0611645  0.0705405
 0.0635026  0.0708691
 0.0659166  0.0718462
 0.0683128  0.0724001
 0.0709795  0.0729977
 0.0736083  0.0734390
 0.0759275  0.0741266
 0.0783402  0.0745485
 0.0808903  0.0749696
 0.0831496  0.0756208
 0.0856432  0.0764271
 0.0879450  0.0767868
 0.0901143  0.0774377
 0.0926858  0.0779351
 0.0951620  0.0788342
 0.0977557  0.0790809
 0.1006699  0.0795997
 0.1035074  0.0808626
 0.1062686  0.0821889
 0.1091586  0.0836671
 0.1119764  0.0851294
 0.1146581  0.0864372
 0.1172812  0.0878806
 0.1194642  0.0891670
 0.1222687  0.0901481
 0.1250460  0.0905539
 0.1282708  0.0910739
 0.1317467  0.0911943
 0.1353933  0.0914454
 0.1390008  0.0919061
 0.1429151  0.0920034
 0.1463886  0.0927854
 0.1500118  0.0935485
 0.1536302  0.0941803
 0.1567672  0.0954424
 0.1603509  0.0963928
 0.1638562  0.0971450
 0.1673454  0.0979295
 0.1710086  0.0983502
 0.1748264  0.0984293
 0.1788566  0.0987547
 0.1825057  0.0990414
 0.1868003  0.0989502
 0.1906170  0.0986425
 0.1946633  0.0982977
 0.1994603  0.0976424
 0.2037549  0.0967546
 0.2082413  0.0957710
 0.2132789  0.0945395
 0.2182643  0.0934991
 0.2229805  0.0920048
 0.2278472  0.0909115
 0.2327205  0.0893235
 0.2370761  0.0875806
 0.2416623  0.0859543
 0.2462682  0.0839606
 0.2504127  0.0819100
 0.2544372  0.0794197
 0.2582934  0.0769835
 0.2620305  0.0745332
 0.2657700  0.0718907
 0.2692353  0.0698582
 0.2727039  0.0672330
 0.2757340  0.0648554
 0.2785526  0.0624951
 0.2815036  0.0598695
 0.2842066  0.0574886
 0.2864882  0.0542861
 0.2889261  0.0509338
 0.2909581  0.0472467
 0.2932582  0.0435460
 0.2954462  0.0396555
 0.2980156  0.0357028
 0.2998171  0.0323032
 0.3016760  0.0287729
 0.3026938  0.0252437
 0.3042070  0.0223626
 0.3050699  0.0186400
 0.3054712  0.0155707
 0.3056997  0.0122535
 0.3058115  0.0091112
 0.3053686  0.0056785
 0.3048271  0.0025495
 0.3046523 -0.0008989
 0.3037871 -0.0044866
 0.3033478 -0.0075914
 0.3025572 -0.0115429
 0.3012519 -0.0148980
 0.3000835 -0.0184268
 0.2982618 -0.0220682
 0.2965176 -0.0251536
 0.2946180 -0.0282398
 0.2933534 -0.0312910
 0.2914171 -0.0341507
 0.2895368 -0.0364331
 0.2869524 -0.0390037
 0.2842308 -0.0412506
 0.2817772 -0.0437429
 0.2790362 -0.0463083
 0.2760501 -0.0484530
 0.2734621 -0.0513273
 0.2705866 -0.0533157
 0.2678646 -0.0554200
 0.2653113 -0.0574714
 0.2621269 -0.0594635
 0.2592466 -0.0610167
 0.2564086 -0.0624912
 0.2533591 -0.0640283
 0.2508321 -0.0652900
 0.2488214 -0.0663248
 0.2461418 -0.0676123
 0.2438070 -0.0688268
 0.2415843 -0.0700005
 0.2390504 -0.0712465
 0.2365197 -0.0727299
 0.2340605 -0.0741891
 0.2317155 -0.0754548
 0.2292817 -0.0765663
 0.2268818 -0.0780012
 0.2239300 -0.0788995
 0.2211515 -0.0800070
 0.2180891 -0.0811746
 0.2155047 -0.0818008
 0.2131481 -0.0829095
 0.2103517 -0.0835627
 0.2078780 -0.0837311
 0.2053436 -0.0847844
 0.2030613 -0.0850344
 0.1998951 -0.0853255
 0.1973773 -0.0860324
 0.1945559 -0.0866679
 0.1916400 -0.0871674
 0.1888978 -0.0881497
 0.1859072 -0.0883851
 0.1828969 -0.0889068
 0.1801356 -0.0895798
 0.1767962 -0.0901007
 0.1730378 -0.0906187
 0.1698897 -0.0913103
 0.1667264 -0.0919373
 0.1632752 -0.0924117
 0.1595769 -0.0927076
 0.1558216 -0.0930289
 0.1526603 -0.0935413
 0.1488837 -0.0935727
 0.1452068 -0.0940681
 0.1418157 -0.0940079
 0.1384804 -0.0945615
 0.1349738 -0.0949293
 0.1315993 -0.0950230
 0.1283233 -0.0947553
 0.1245653 -0.0943927
 0.1214988 -0.0937394
 0.1179688 -0.0927983
 0.1141361 -0.0921870
 0.1108419 -0.0916060
 0.1074283 -0.0907977
 0.1037869 -0.0904154
 0.1006986 -0.0900863
 0.0970738 -0.0896083
 0.0935026 -0.0889946
 0.0900712 -0.0881673
 0.0870221 -0.0877066
 0.0839350 -0.0867848
 0.0804083 -0.0856931
 0.0772829 -0.0852749
 0.0740832 -0.0841496
 0.0713240 -0.0831972
 0.0681195 -0.0822860
 0.0654136 -0.0811802
 0.0627084 -0.0802254
 0.0602541 -0.0787186
 0.0576273 -0.0776862
 0.0554196 -0.0758997
 0.0532898 -0.0741773
 0.0513547 -0.0728716
 0.0489370 -0.0706283
 0.0469025 -0.0686496
 0.0444663 -0.0667156
 0.0424355 -0.0643545
 0.0398467 -0.0619550
 0.0375082 -0.0601523
 0.0349965 -0.0583488
 0.0329838 -0.0564636
 0.0310074 -0.0549439
 0.0291631 -0.0534044
 0.0277621 -0.0521132
 0.0263244 -0.0508709
 0.0247295 -0.0497569
 0.0233500 -0.0484561
 0.0220297 -0.0475388
 0.0203210 -0.0461051
 0.0191494 -0.0449952
 0.0181339 -0.0438312
 0.0166381 -0.0425651
 0.0157530 -0.0410841
 0.0148284 -0.0394509
 0.0138647 -0.0381609
 0.0131355 -0.0366432
 0.0122674 -0.0356234
 0.0110957 -0.0342215
 0.0106157 -0.0330349
 0.0100577 -0.0324818
 0.0096907 -0.0312008
 0.0092865 -0.0305532
 0.0093241 -0.0296540
 0.0092457 -0.0284456
 0.0092243 -0.0276575
 0.0089162 -0.0266211
 0.0081487 -0.0254873
 0.0076283 -0.0245046
 0.0067094 -0.0236616
 0.0060569 -0.0227988
 0.0053463 -0.0217958
 0.0050358 -0.0210848
 0.0044984 -0.0200290
 0.0045735 -0.0191444
 0.0043607 -0.0181637
 0.0044382 -0.0173574
 0.0044827 -0.0164946
 0.0041585 -0.0158050
 0.0041629 -0.0152131
 0.0043992 -0.0149834
 0.0043689 -0.0148542
 0.0043932 -0.0144771
 0.0042224 -0.0141945
 0.0041320 -0.0136269
 0.0041130 -0.0128061
 0.0040726 -0.0120645
 0.0038013 -0.0109542
 0.0036285 -0.0102020
 0.0033988 -0.0096246
 0.0033039 -0.0090279
 0.0037101 -0.0081606
 0.0035425 -0.0079288
 0.0038535 -0.0073527
 0.0035837 -0.0068339
 0.0031845 -0.0065662
 0.0029160 -0.0061031
 0.0024149 -0.0061782
 0.0020935 -0.0061608
 0.0016692 -0.0060392
 0.0011132 -0.0062488
 0.0006130 -0.0059698
 0.0003961 -0.0056250
 0.0000142 -0.0054135
-0.0001990 -0.0047853
-0.0003165 -0.0043415
-0.0005842 -0.0038417
-0.0005244 -0.0032086
-0.0005236 -0.0028775
-0.0004646 -0.0027547
-0.0002874 -0.0026158
-0.0002458 -0.0026461
-0.0001299 -0.0025427
-0.0000354 -0.0024090
 0.0000017 -0.0025253
 0.0001507 -0.0026961
 0.0004361 -0.0025043
 0.0004135 -0.0023880
 0.0002548 -0.0020654
 0.0003517 -0.0013928
 0.0000259 -0.0007985
 0.0000642  0.0000037
 0.0000469  0.0005630
-0.0003920  0.0011746
-0.0003520  0.0015008
-0.0000807  0.0014439
 0.0000538  0.0014258
 0.0004914  0.0013123
 0.0006791  0.0014044
 0.0005766  0.0013676
 0.0004574  0.0016159
 0.0004134  0.0018436
 0.0002184  0.0020746
 0.0000221  0.0018812
-0.0000942  0.0022865
-0.0003998  0.0024456
-0.0003368  0.0024093
-0.0004494  0.0025272
-0.0005011  0.0024142
-0.0008402  0.0023581
-0.0010444  0.0019386
-0.0013068  0.0014040
-0.0022048  0.0010382
-0.0022944 -0.0000394
-0.0022746 -0.0005970
-0.0030582 -0.0012208
-0.0030558 -0.0016104
-0.0024805 -0.0019787
-0.0024974 -0.0019424
-0.0022318 -0.0024232
-0.0015405 -0.0022129
-0.0017319 -0.0021386
-0.0007969 -0.0021572
-0.0005090 -0.0021612
-0.0004949 -0.0020716
-0.0004618 -0.0023640
-0.0002943 -0.0021981
-0.0002402 -0.0022033
-0.0005358 -0.0022623
-0.0009060 -0.0020532
-0.0010429 -0.0018581
-0.0007946 -0.0018916
-0.0006630 -0.0021007
-0.0007050 -0.0020947
-0.0003574 -0.0023018
-0.0005496 -0.0027753
-0.0005467 -0.0028298
-0.0003097 -0.0032897
 0.0000004 -0.0032513
 0.0000654 -0.0033688
 0.0000162 -0.0034674
 0.0002331 -0.0033737
 0.0003514 -0.0030483
-0.0002986 -0.0028194
-0.0004706 -0.0026886
-0.0010868 -0.0022246
-0.0018596 -0.0022432
-0.0023033 -0.0020527
-0.0030337 -0.0019553
-0.0039777 -0.0018435
-0.0042466 -0.0016166
-0.0043847 -0.0017902
-0.0048829 -0.0017374
-0.0044803 -0.0014866
-0.0043830 -0.0014652
-0.0043818 -0.0012541
-0.0039203 -0.0009803
-0.0035117 -0.0010174
-0.0035081 -0.0009989
-0.0028944 -0.0007687
-0.0030042 -0.0006153
-0.0028693 -0.0006771
-0.0029852 -0.0003170
-0.0026371 -0.0003372
-0.0029068 -0.0002262
-0.0028685  0.0001594
-0.0029823  0.0006015
-0.0031172  0.0010610
-0.0030962  0.0012754
-0.0026343  0.0014486
-0.0023060  0.0015608
-0.0020561  0.0013513
-0.0015971  0.0011744
-0.0012527  0.0009629
-0.0004298  0.0005208
-0.0002421  0.0005385
-0.0002599  0.0008244
 0.0000449  0.0007711
-0.0001864  0.0008107
-0.0007832  0.0008490
-0.0010912  0.0010073
-0.0017086  0.0010477
-0.0019383  0.0011846
-0.0019989  0.0012629
-0.0024814  0.0015561
-0.0025556  0.0012920
-0.0026134  0.0014673
-0.0029396  0.0012412
-0.0026279  0.0009174
-0.0027083  0.0010325
-0.0027446  0.0011104
-0.0027862  0.0013026
-0.0027882  0.0013405
-0.0032913  0.0015299
-0.0028327  0.0014403
-0.0028198  0.0011883
-0.0024601  0.0012040
-0.0021165  0.0010704
-0.0014301  0.0011479
-0.0016029  0.0005693
-0.0012787  0.0003949
-0.0012783 -0.0001049
-0.0012743 -0.0007227
-0.0013118 -0.0011829
-0.0014673 -0.0019150
-0.0013877 -0.0027608
-0.0012759 -0.0031060
-0.0013567 -0.0037625
-0.0014172 -0.0042438
-0.0010963 -0.0047021
-0.0008149 -0.0042046
-0.0005081 -0.0037642
-0.0002016 -0.0031081
-0.0003591 -0.0024939
-0.0005150 -0.0020341
-0.0005949 -0.0018044
-0.0007508 -0.0017289
-0.0005174 -0.0020373
-0.0002864 -0.0023870
-0.0001136 -0.0025408
 0.0004476 -0.0030225
 0.0007597 -0.0031776
 0.0008187 -0.0033520
 0.0006301 -0.0035409
 0.0008215 -0.0035385
 0.0007666 -0.0037282
 0.0010335 -0.0036087
 0.0012249 -0.0029695
 0.0009394 -0.0025085
 0.0013436 -0.0026772
 0.0014211 -0.0022359
 0.0018640 -0.0017756
 0.0021543 -0.0016416
 0.0023691 -0.0015398
 0.0026041 -0.0014603
 0.0026490 -0.0014364
 0.0025941 -0.0013573
 0.0024847 -0.0013734
 0.0024335 -0.0017166
 0.0025663 -0.0018696
 0.0024157 -0.0017711
 0.0024355 -0.0019620
 0.0021258 -0.0018107
 0.0019393 -0.0014897
 0.0015937 -0.0012018
 0.0010765 -0.0007844
 0.0010418 -0.0008272
 0.0008121 -0.0006193
 0.0010414 -0.0007755
 0.0012889 -0.0004848
 0.0012477 -0.0001408
 0.0012287 -0.0002947
 0.0016110 -0.0002353
 0.0013248 -0.0002547
 0.0011528 -0.0000056
 0.0012868  0.0002456
 0.0009061  0.0002241
 0.0008706  0.0006428
 0.0007774  0.0011414
 0.0003946  0.0009085
 0.0004487  0.0012355
 0.0005997  0.0013683
 0.0008245  0.0013506
 0.0010510  0.0012763
 0.0013910  0.0014701
 0.0016978  0.0013422
 0.0021383  0.0016700
 0.0022881  0.0022453
 0.0019837  0.0023249
 0.0016389  0.0026879
 0.0011766  0.0028207
 0.0008338  0.0024371
 0.0004135  0.0023939
 0.0005447  0.0021242
 0.0008507  0.0017023
 0.0009650  0.0018880
 0.0010223  0.0020789
 0.0012129  0.0021153
 0.0012104  0.0023397
 0.0013412  0.0026615
 0.0015165  0.0027345
 0.0014357  0.0030583
 0.0013566  0.0032638
 0.0013739  0.0027211
 0.0012593  0.0025459
 0.0008749  0.0026202
 0.0004917  0.0024074
 0.0003407  0.0025802
 0.0003036  0.0022552
 0.0001538  0.0020453
 0.0002560  0.0018386
 0.0003343  0.0019742
 0.0004535  0.0018628
 0.0006303  0.0015007
 0.0006150  0.0013711
 0.0004051  0.0006597
 0.0004232  0.0005103
 0.0004846  0.0002228
 0.0001423 -0.0002403
 0.0001604 -0.0004325
 0.0002747 -0.0005120
 0.0001645 -0.0009747
 0.0007596 -0.0011504
 0.0009336 -0.0007919
 0.0006082 -0.0007782
 0.0008012 -0.0002190
 0.0003587  0.0001077
-0.0000971  0.0001860
-0.0003305  0.0004969
-0.0003709  0.0002486
-0.0001524  0.0000730
-0.0001169  0.0000544
 0.0001104 -0.0000821
-0.0001181 -0.0005303
-0.0000979 -0.0006865
-0.0003874 -0.0011154
-0.0010766 -0.0015558
-0.0012147 -0.0019604
-0.0016177 -0.0019794
-0.0014610 -0.0025172
-0.0016258 -0.0023613
-0.0011312 -0.0023989
-0.0011349 -0.0021263
-0.0006649 -0.0020694
-0.0003460 -0.0017201
 0.0000359 -0.0017153
 0.0003218 -0.0017108
 0.0006323 -0.0019797
 0.0003085 -0.0020911
 0.0004441 -0.0024945
 0.0006602 -0.0027246
 0.0004523 -0.0031292
 0.0003978 -0.0031114
 0.0005116 -0.0029802
 0.0006658 -0.0027093
 0.0008560 -0.0025934
 0.0005492 -0.0026899
 0.0004951 -0.0029002
 0.0005318 -0.0028950
 0.0007648 -0.0029091
 0.0007083 -0.0031973
 0.0005775 -0.0032127
 0.0002888 -0.0030362
-0.0000164 -0.0028836
-0.0004420 -0.0027140
-0.0005058 -0.0026147
-0.0008551 -0.0021516
-0.0012221 -0.0025509
-0.0015771 -0.0023026
-0.0012573 -0.0020510
-0.0011624 -0.0023571
-0.0009186 -0.0022400
-0.0000784 -0.0021398
-0.0000603 -0.0024112
 0.0004977 -0.0024083
 0.0004206 -0.0023126
 0.0005563 -0.0023373
 0.0003822 -0.0026631
 0.0003035 -0.0024132
-0.0000050 -0.0027035
-0.0002367 -0.0026837
-0.0000437 -0.0026421
-0.0006954 -0.0026397
-0.0006913 -0.0022371
-0.0010733 -0.0017389
-0.0015658 -0.0013343
-0.0016784 -0.0011240
-0.0018262 -0.0008543
-0.0022267 -0.0006052
-0.0017692 -0.0006984
-0.0015375 -0.0007182
-0.0014987 -0.0008329
-0.0010974 -0.0009273
-0.0007712 -0.0015253
-0.0005588 -0.0017393
-0.0004231 -0.0023554
-0.0008430 -0.0025501
-0.0009746 -0.0022856
-0.0014506 -0.0024233
-0.0019125 -0.0022736
-0.0021782 -0.0019683
-0.0022165 -0.0017221
-0.0020223 -0.0015848
-0.0019666 -0.0014095
-0.0010436 -0.0010421
-0.0009431 -0.0013445
-0.0005724 -0.0014155
 0.0000054 -0.0015080
 0.0002585 -0.0016852
 0.0002977 -0.0015504
 0.0004524 -0.0018613
 0.0006033 -0.0020757
 0.0004463 -0.0021355
 0.0005355 -0.0024245
 0.0008593 -0.0026716
 0.0008992 -0.0029224
 0.0012077 -0.0033265
 0.0018610 -0.0031929
 0.0023806 -0.0032547
 0.0029967 -0.0030492
 0.0034776 -0.0030096
 0.0034756 -0.0024363
 0.0039334 -0.0026701
 0.0041640 -0.0022526
 0.0039879 -0.0019809
 0.0040759 -0.0018590
 0.0038768 -0.0015155
 0.0036971 -0.0013653
 0.0033087 -0.0011590
 0.0031710 -0.0010019
 0.0029937 -0.0007722
 0.0026126 -0.0007132
 0.0022851 -0.0003293
 0.0026493  0.0001169
 0.0025326  0.0000002
 0.0027813  0.0005408
 0.0031059  0.0005812
 0.0031830  0.0004847
 0.0033958  0.0006228
 0.0032234  0.0006075
 0.0030385  0.0007044
 0.0029849  0.0008970
 0.0027019  0.0012067
 0.0022073  0.0015890
 0.0021169  0.0014166
 0.0013910  0.0017627
 0.0008003  0.0015709
 0.0006247  0.0015289
 0.0005290  0.0015697
 0.0007361  0.0013363
 0.0007708  0.0008942
 0.0009428  0.0011655
 0.0010966  0.0011679
 0.0012480  0.0010347
 0.0010562  0.0008990
 0.0009048  0.0007864
 0.0006912  0.0007860
 0.0006508  0.0010141
 0.0002471  0.0001901
-0.0000824  0.0000334
-0.0001244 -0.0000482
-0.0003364 -0.0006009
-0.0002984 -0.0006788
-0.0000860 -0.0004652
 0.0000302 -0.0009045
 0.0002612 -0.0005767
 0.0005507 -0.0002092
 0.0005894 -0.0000562
 0.0006835  0.0001558
 0.0007614 -0.0001264
 0.0007057 -0.0002366
 0.0008365 -0.0003311
 0.0008063 -0.0005011
 0.0005814 -0.0008640
 0.0006602 -0.0009601
 0.0006485 -0.0012843
 0.0007148 -0.0013780
 0.0008541 -0.0014151
 0.0010903 -0.0014115
 0.0013620 -0.0011559
 0.0015760 -0.0013258
 0.0014032 -0.0011159
 0.0011727 -0.0010957
 0.0012494 -0.0012455
 0.0013798 -0.0011349
 0.0011270 -0.0010779
 0.0010120 -0.0011628
 0.0009695 -0.0011289
 0.0010261 -0.0012133
 0.0010850 -0.0012767
 0.0008916 -0.0013389
 0.0009061 -0.0013979
 0.0006942 -0.0015154
 0.0007648 -0.0014803
 0.0006614 -0.0013276
 0.0004437 -0.0016123
 0.0008394 -0.0015174
 0.0008357 -0.0010280
 0.0012758 -0.0014071
 0.0011825 -0.0018064
 0.0009912 -0.0021359
 0.0008995 -0.0022719
 0.0004768 -0.0025017
 0.0002883 -0.0024476
 0.0000049 -0.0027375
-0.0002285 -0.0027548
-0.0002838 -0.0026010
-0.0003940 -0.0028707
 0.0003566 -0.0028158
 0.0006824 -0.0022635
 0.0012981 -0.0021109
 0.0018335 -0.0021892
 0.0023095 -0.0015376
 0.0022344 -0.0012860
 0.0023652 -0.0007850
 0.0022675 -0.0002439
 0.0019808 -0.0000336
 0.0014624  0.0000427
 0.0014850  0.0001966
 0.0014426  0.0002741
 0.0016183  0.0004275
 0.0016178 -0.0000364
 0.0019425 -0.0002880
 0.0017458  0.0000173
 0.0018597  0.0003633
 0.0018835  0.0003278
 0.0017083  0.0001529
 0.0016905  0.0004650
 0.0019202  0.0005458
 0.0017486  0.0003589
 0.0020579  0.0004562
 0.0021314  0.0007841
 0.0019400  0.0008224
 0.0015536  0.0008026
 0.0015145  0.0012258
 0.0009750  0.0011103
 0.0010864  0.0010183
 0.0009879  0.0013255
 0.0011203  0.0011886
 0.0015047  0.0012113
 0.0016012  0.0016311
 0.0017975  0.0018378
 0.0017050  0.0017809
 0.0019174  0.0017975
 0.0018633  0.0014486
 0.0020175  0.0012742
 0.0021334  0.0010412
 0.0019198  0.0003661
 0.0021088 -0.0000017
 0.0020123 -0.0000239
 0.0019178 -0.0003114
 0.0015693 -0.0006401
 0.0014934 -0.0006397
 0.0016457 -0.0008690
 0.0017765 -0.0012526
 0.0016416 -0.0012315
 0.0013905 -0.0010312
 0.0010610 -0.0007006
 0.0007517 -0.0001014
 0.0005813  0.0002524
 0.0003108  0.0006977
-0.0000893  0.0011596
-0.0000126  0.0012436
-0.0002988  0.0012993
-0.0003158  0.0009735
-0.0005826  0.0005492
-0.0003517 -0.0000286
-0.0002168 -0.0002414
-0.0002524 -0.0004473
-0.0003093 -0.0007755
 0.0001163 -0.0011361
-0.0000331 -0.0013081
 0.0004647 -0.0013993
 0.0006787 -0.0016682
 0.0008976 -0.0015135
 0.0012028 -0.0015358
 0.0016441 -0.0010577
 0.0011459 -0.0010247
 0.0012073 -0.0011264
 0.0012469 -0.0007833
 0.0011940 -0.0007106
 0.0013866 -0.0003707
 0.0015986 -0.0006375
 0.0016430 -0.0004264
 0.0020625  0.0000100
 0.0024893  0.0000912
 0.0028478 -0.0000840
 0.0027105  0.0003359
 0.0030149  0.0003694
 0.0028352  0.0002741
 0.0026781  0.0006156
 0.0023486  0.0006148
 0.0021330  0.0008401
 0.0022642  0.0008260
 0.0020555  0.0010004
 0.0015932  0.0010820
 0.0019376  0.0014478
 0.0019376  0.0017216
 0.0017297  0.0021088
 0.0016942  0.0024794
 0.0015852  0.0026151
 0.0015093  0.0028436
 0.0012997  0.0029607
 0.0013942  0.0032090
 0.0012210  0.0031484
 0.0013381  0.0030148
 0.0012953  0.0028044
 0.0009860  0.0025739
 0.0009081  0.0022251
 0.0012678  0.0023001
 0.0014971  0.0023975
 0.0013659  0.0020724
 0.0015346  0.0023454
 0.0011850  0.0028473
 0.0009944  0.0022740
 0.0007816  0.0025784
 0.0004736  0.0026943
-0.0000279  0.0026369
-0.0004543  0.0027140
-0.0009392  0.0026353
-0.0014629  0.0025841
-0.0017189  0.0021823
-0.0018352  0.0020103
-0.0019317  0.0017483
-0.0022398  0.0017673
-0.0026762  0.0015178
-0.0027892  0.0012921
-0.0028231  0.0008900
-0.0033577  0.0009098
-0.0034501  0.0002800
-0.0033136  0.0003756
-0.0031977  0.0002263
-0.0030395  0.0002642
-0.0024625  0.0004003
-0.0023050  0.0002255
-0.0022311  0.0002440
-0.0020212  0.0000696
-0.0020640  0.0003385
-0.0018331 -0.0000830
-0.0011475  0.0001273
-0.0012267  0.0002234
-0.0008786 -0.0000790
-0.0005899 -0.0001985
-0.0003562 -0.0000451
-0.0002576 -0.0000095
 0.0000868  0.0004479
 0.0004732  0.0007325
 0.0002422  0.0008609
 0.0006580  0.0012791
 0.0005244  0.0011814
 0.0005014  0.0014471
 0.0005769  0.0014838
 0.0002502  0.0014806
-0.0000203  0.0015948
 0.0004008  0.0014410
-0.0003465  0.0014761
-0.0004822  0.0014204
-0.0008464  0.0013453
-0.0008819  0.0010595
-0.0009925  0.0009064
-0.0007409  0.0009666
-0.0009892  0.0008350
-0.0008095  0.0004716
-0.0005043  0.0006049
-0.0007469  0.0003376
-0.0005131  0.0000291
-0.0005899 -0.0001429
-0.0006839 -0.0004736
-0.0003956 -0.0004562
-0.0004501 -0.0003634
-0.0004101  0.0003662
-0.0004885  0.0004780
-0.0001812  0.0008789
-0.0003145  0.0009310
 0.0000307  0.0012956
 0.0001983  0.0015402
 0.0005233  0.0018261
 0.0007490  0.0022476
 0.0009375  0.0019960
 0.0012593  0.0019597
 0.0012003  0.0023425
 0.0011409  0.0020768
 0.0010206  0.0017502
 0.0006919  0.0017481
 0.0004800  0.0014393
 0.0004000  0.0008486
 0.0003237  0.0006964
 0.0005405  0.0003124
 0.0007154 -0.0000340
 0.0005652 -0.0002851
 0.0008188 -0.0004987
 0.0009940 -0.0007285
 0.0009746 -0.0008645
 0.0013764 -0.0008072
 0.0016053 -0.0007216
 0.0018919 -0.0007006
 0.0021588 -0.0005245
 0.0025577  0.0000206
 0.0026909  0.0002887
 0.0028500  0.0006755
 0.0030390  0.0007712
 0.0026578  0.0007486
 0.0029082  0.0007138
 0.0026590  0.0003896
 0.0020111  0.0004276
 0.0017640  0.0002205
 0.0014656 -0.0001412
 0.0007821 -0.0000068
 0.0004999 -0.0002167
 0.0003877  0.0000707
-0.0005514  0.0001054
-0.0008183  0.0003913
-0.0013803  0.0007171
-0.0018051  0.0013118
-0.0020017  0.0017947
-0.0026586  0.0015044
-0.0030458  0.0019845
-0.0035469  0.0016990
-0.0036297  0.0013897
-0.0039196  0.0016195
-0.0038817  0.0016170
-0.0042273  0.0018653
-0.0043391  0.0022065
-0.0044360  0.0020527
-0.0046023  0.0019957
-0.0044828  0.0016909
-0.0039091  0.0014232
-0.0036805  0.0010409
-0.0035841  0.0007175
-0.0029930  0.0005673
-0.0027980  0.0003174
-0.0025868  0.0003929
-0.0024350  0.0006957
-0.0024746  0.0008640
-0.0022440  0.0012649
-0.0022493  0.0014390
-0.0027100  0.0014749
-0.0021359  0.0011127
-0.0021375  0.0010376
-0.0020943  0.0002503
-0.0017595 -0.0001514
-0.0016808 -0.0003626
-0.0016581 -0.0008232
-0.0013270 -0.0010170
-0.0011195 -0.0012310
-0.0009855 -0.0016191
-0.0006250 -0.0021181
-0.0007110 -0.0020438
-0.0004445 -0.0027165
-0.0004502 -0.0029627
-0.0006646 -0.0028675
-0.0007579 -0.0030770
-0.0006020 -0.0032474
-0.0003876 -0.0028848
-0.0004025 -0.0028646
-0.0002842 -0.0022263
-0.0004946 -0.0019356
-0.0003742 -0.0016238
-0.0006213 -0.0013682
-0.0005422 -0.0012911
-0.0008684 -0.0013525
-0.0007137 -0.0011066
-0.0004865 -0.0011144
-0.0006597 -0.0010256
-0.0001998 -0.0008374
-0.0001029 -0.0008451
 0.0002266 -0.0006562
 0.0008003 -0.0004620
 0.0007829  0.0000503
 0.0008960  0.0001448
 0.0011063  0.0002635
 0.0011237  0.0005696
 0.0010684  0.0003415
 0.0016058 -0.0000231
 0.0015884 -0.0002937
 0.0017233 -0.0004483
 0.0021072 -0.0001761
 0.0024476 -0.0000462
 0.0020240  0.0002437
 0.0020018  0.0007056
 0.0017119  0.0010121
 0.0012666  0.0015874
 0.0008059  0.0015071
 0.0004578  0.0017170
 0.0001712  0.0017549
-0.0000424  0.0019822
-0.0004264  0.0020384
-0.0000993  0.0021769
-0.0004094  0.0021591
-0.0004272  0.0019294
-0.0004861  0.0013395
-0.0003925  0.0014356
-0.0003917  0.0006863
-0.0008362  0.0002066
-0.0006045 -0.0000235
-0.0005847 -0.0000825
-0.0005875 -0.0001645
-0.0004539 -0.0001423
-0.0005346 -0.0001047
-0.0005734  0.0002215
-0.0002876  0.0000689
-0.0004030  0.0000693
-0.0009400  0.0002009
-0.0009606 -0.0002008
-0.0014411 -0.0007729
-0.0017286 -0.0015513
-0.0017645 -0.0021246
-0.0018985 -0.0028299
-0.0022046 -0.0033851
-0.0021840 -0.0038288
-0.0024661 -0.0040561
-0.0027952 -0.0040428
-0.0032708 -0.0039847
-0.0039063 -0.0040626
-0.0041599 -0.0037372
-0.0044276 -0.0037186
-0.0046412 -0.0037343
-0.0043509 -0.0036027
-0.0043666 -0.0038139
-0.0040738 -0.0040597
-0.0033398 -0.0042334
-0.0033713 -0.0043896
-0.0028149 -0.0044268
-0.0026574 -0.0048087
-0.0025040 -0.0047497
-0.0021427 -0.0045374
-0.0021988 -0.0043266
-0.0022936 -0.0036366
-0.0019109 -0.0032369
-0.0016465 -0.0026244
-0.0016073 -0.0022441
-0.0011272 -0.0016470
-0.0014555 -0.0012461
-0.0012258 -0.0009013
-0.0007792 -0.0008782
-0.0011038 -0.0008027
-0.0011240 -0.0006844
-0.0009867 -0.0003925
-0.0010287 -0.0001256
-0.0008765 -0.0000816
-0.0005127  0.0002846
-0.0002636  0.0008587
 0.0003707  0.0010950
 0.0005830  0.0015165
 0.0006436  0.0017401
 0.0008330  0.0015310
 0.0007207  0.0015100
 0.0004898  0.0011272
 0.0003368  0.0012447
 0.0000307  0.0013978
-0.0003875  0.0016324
-0.0007133  0.0017143
-0.0007674  0.0019453
-0.0004214  0.0017192
-0.0008780  0.0013571
-0.0008376  0.0012795
-0.0010500  0.0011063
-0.0010109  0.0008766
-0.0013964  0.0005891
-0.0015362  0.0006206
-0.0016335  0.0005798
-0.0017353  0.0004482
-0.0016795  0.0001781
-0.0015528  0.0003537
-0.0016089  0.0002003
-0.0017833 -0.0000335
-0.0015367 -0.0003630
-0.0015750 -0.0002923
-0.0015387 -0.0004688
-0.0018290 -0.0002031
-0.0020018  0.0000233
-0.0019994  0.0002555
-0.0022679  0.0004501
-0.0020712  0.0009128
-0.0016424  0.0009532
-0.0018536  0.0014325
-0.0017365  0.0015298
-0.0016561  0.0014345
-0.0018116  0.0010881
-0.0013323  0.0008043
-0.0012730  0.0002124
-0.0011224 -0.0001134
-0.0007937  0.0000045
-0.0001966 -0.0001065
-0.0002341  0.0001236
-0.0001001  0.0004098
-0.0000221  0.0002956
-0.0006358  0.0004837
-0.0007158  0.0007667
-0.0007013  0.0005757
-0.0011377  0.0004982
-0.0009685  0.0007477
-0.0009088  0.0001381
-0.0012572  0.0002717
-0.0010453 -0.0000694
-0.0008712 -0.0006778
-0.0009633 -0.0011389
-0.0006144 -0.0014082
-0.0007105 -0.0020619
-0.0007085 -0.0018144
-0.0003431 -0.0019896
-0.0000524 -0.0020252
-0.0001913 -0.0018940
-0.0001525 -0.0018132
-0.0005538 -0.0020817
-0.0009564 -0.0022375
-0.0012249 -0.0026788
-0.0018402 -0.0029118
-0.0022250 -0.0031064
-0.0020505 -0.0032033
-0.0019758 -0.0032021
-0.0021825 -0.0030148
-0.0016427 -0.0031476
-0.0014687 -0.0028634
-0.0015874 -0.0026700
-0.0017566 -0.0030717
-0.0016302 -0.0033216
-0.0017284 -0.0037795
-0.0017732 -0.0039309
-0.0016804 -0.0039264
-0.0022424 -0.0037153
-0.0023567 -0.0033284
-0.0023022 -0.0031193
-0.0027600 -0.0026409
-0.0026260 -0.0021624
-0.0023389 -0.0018944
-0.0023348 -0.0020894
-0.0016255 -0.0018960
-0.0013921 -0.0015508
-0.0010222 -0.0015706
-0.0010787 -0.0013186
-0.0010396 -0.0011854
-0.0015741 -0.0009169
-0.0019940 -0.0006488
-0.0024341 -0.0005341
-0.0025290 -0.0005184
-0.0024688 -0.0003044
-0.0026953 -0.0004029
-0.0024664 -0.0004195
-0.0020783 -0.0003081
-0.0018304 -0.0002124
-0.0019273 -0.0001563
-0.0016633  0.0000141
-0.0018180  0.0001061
-0.0018592 -0.0000069
-0.0016694  0.0003940
-0.0021927  0.0004101
-0.0021576  0.0004699
-0.0021629  0.0005684
-0.0018168  0.0005737
-0.0019137  0.0008273
-0.0016840  0.0005863
-0.0020042  0.0008217
-0.0018079  0.0007684
-0.0017098  0.0007127
-0.0015717  0.0008670
-0.0016657  0.0004640
-0.0018188  0.0003837
-0.0014744  0.0004951
-0.0017990  0.0005657
-0.0018563  0.0005039
-0.0021087  0.0006549
-0.0024159  0.0005980
-0.0025124  0.0003262
-0.0023368  0.0001163
-0.0026804 -0.0003060
-0.0026800 -0.0004792
-0.0024284 -0.0003836
-0.0021050 -0.0004586
-0.0021628 -0.0000718
-0.0014950 -0.0003334
-0.0014001 -0.0001146
-0.0013274 -0.0001864
-0.0010783 -0.0001609
-0.0011401 -0.0003309
-0.0010057 -0.0005610
-0.0007162 -0.0006745
-0.0005422 -0.0010407
-0.0005062 -0.0009478
-0.0004828 -0.0011966
-0.0007295 -0.0009547
-0.0007686 -0.0005369
-0.0006536 -0.0006378
-0.0007480 -0.0005624
-0.0009588 -0.0000892
-0.0009204 -0.0002083
-0.0009059  0.0001344
-0.0012289  0.0003626
-0.0009653  0.0004211
-0.0013703  0.0003226
-0.0013690  0.0001724
-0.0012536  0.0003315
-0.0015439  0.0001983
-0.0013121 -0.0001045
-0.0010659 -0.0000092
-0.0014490  0.0003699
-0.0011058  0.0003146
-0.0007255  0.0007130
-0.0003819  0.0007671
-0.0004603  0.0008414
-0.0000969  0.0011070
 0.0000363  0.0011401
-0.0000590  0.0012003
 0.0000214  0.0011058
-0.0002067  0.0011587
-0.0000702  0.0007945
-0.0002249  0.0005260
-0.0006464  0.0001174
-0.0008204  0.0000185
-0.0008240 -0.0005852
-0.0009411 -0.0008581
-0.0011741 -0.0011678
-0.0011959 -0.0008630
-0.0011390 -0.0011097
-0.0007163 -0.0013749
-0.0007691 -0.0012958
-0.0006920 -0.0012364
-0.0006129 -0.0015755
-0.0001151 -0.0014378
 0.0003274 -0.0014742
 0.0006153 -0.0013526
 0.0009981 -0.0008326
 0.0014991 -0.0003460
 0.0015012 -0.0000771
 0.0014455  0.0006371
 0.0014087  0.0007530
 0.0010441  0.0011188
 0.0006000  0.0014063
 0.0005253  0.0011616
 0.0001413  0.0008399
-0.0000319  0.0007442
 0.0000279  0.0008217
-0.0003359  0.0003598
-0.0008878  0.0005116
-0.0009843  0.0004373
-0.0014062  0.0003970
-0.0014248  0.0004559
-0.0014582  0.0006348
-0.0014938  0.0003837
-0.0014958  0.0005928
-0.0013214  0.0008254
-0.0009798  0.0011875
-0.0010985  0.0014729
-0.0007570  0.0013769
-0.0007190  0.0016437
-0.0008559  0.0016994
-0.0011050  0.0017221
-0.0012003  0.0020261
-0.0014276  0.0018529
-0.0017910  0.0017774
-0.0019807  0.0016817
-0.0024806  0.0015625
-0.0023041  0.0010817
-0.0023784  0.0006412
-0.0018773  0.0002528
-0.0012281  0.0000594
-0.0004836  0.0000367
 0.0001281  0.0000731
 0.0008673  0.0001486
 0.0012884  0.0003351
 0.0012464  0.0001594
 0.0019170 -0.0001119
 0.0015859 -0.0001535
 0.0015665 -0.0007890
 0.0014317 -0.0014015
 0.0016428 -0.0017116
 0.0016844 -0.0019224
 0.0017232 -0.0019991
 0.0021108 -0.0022135
 0.0021100 -0.0023059
 0.0022267 -0.0022123
 0.0022675 -0.0022873
 0.0022275 -0.0021682
 0.0019004 -0.0020891
 0.0017228 -0.0022393
 0.0017042 -0.0023107
 0.0018176 -0.0020983
 0.0016291 -0.0021330
 0.0015569 -0.0019755
 0.0016178 -0.0015718
 0.0014120 -0.0012084
 0.0015509 -0.0006912
 0.0009965 -0.0007728
 0.0005161 -0.0005483
 0.0004163 -0.0005286
 0.0003376 -0.0009941
-0.0000666 -0.0012069
 0.0003751 -0.0018400
 0.0005084 -0.0019550
 0.0006061 -0.0018598
 0.0008366 -0.0020858
 0.0006440 -0.0021205
 0.0009315 -0.0022525
 0.0007583 -0.0023656
 0.0009109 -0.0023975
 0.0008713 -0.0020684
 0.0010784 -0.0024483
 0.0007502 -0.0022949
 0.0009787 -0.0019488
 0.0008047 -0.0021354
 0.0006549 -0.0020029
 0.0004425 -0.0019068
 0.0003274 -0.0016779
 0.0001732 -0.0015398
-0.0001692 -0.0013682
-0.0005358 -0.0010045
-0.0008043 -0.0010198
-0.0012827 -0.0011328
-0.0018201 -0.0010690
-0.0023946 -0.0010310
-0.0025840 -0.0009329
-0.0028735 -0.0008013
-0.0028480 -0.0008982
-0.0033268 -0.0011134
-0.0030749 -0.0008684
-0.0026122 -0.0010279
-0.0025928 -0.0008039
-0.0030094 -0.0005972
-0.0026457 -0.0005959
-0.0028729 -0.0004615
-0.0027736 -0.0005923
-0.0024062 -0.0008785
-0.0024998 -0.0011680
-0.0024029 -0.0010748
-0.0020569 -0.0012298
-0.0020214 -0.0009476
-0.0019839 -0.0008734
-0.0016593 -0.0010676
-0.0015321 -0.0008556
-0.0017288 -0.0009905
-0.0017300 -0.0013575
-0.0016347 -0.0014342
-0.0011220 -0.0016647
-0.0010267 -0.0017818
-0.0006827 -0.0018198
-0.0005652 -0.0015493
-0.0003149 -0.0015472
-0.0000233 -0.0013183
-0.0000031 -0.0010304
 0.0005140 -0.0009525
 0.0000897 -0.0008605
 0.0001240 -0.0008443
-0.0001486 -0.0011714
-0.0007696 -0.0009606
-0.0013102 -0.0016502
-0.0011972 -0.0022599
-0.0015468 -0.0026785
-0.0015476 -0.0035801
-0.0017418 -0.0041869
-0.0019748 -0.0046302
-0.0016272 -0.0046492
-0.0018949 -0.0049597
-0.0021254 -0.0050566
-0.0022582 -0.0049484
-0.0015654 -0.0054676
-0.0014120 -0.0053595
-0.0009699 -0.0050200
-0.0002423 -0.0051189
 0.0003141 -0.0047769
 0.0005446 -0.0048012
 0.0008313 -0.0045521
 0.0013093 -0.0048969
 0.0013872 -0.0051658
 0.0015761 -0.0051307
 0.0018269 -0.0050858
 0.0016916 -0.0052550
 0.0019589 -0.0048467
 0.0017849 -0.0043029
 0.0017308 -0.0038777
 0.0015366 -0.0033803
 0.0017098 -0.0023422
 0.0011555 -0.0016922
 0.0015382 -0.0010765
 0.0009072 -0.0006574
 0.0005087 -0.0004652
 0.0003452 -0.0003094
 0.0002721 -0.0006352
 0.0002819 -0.0003708
 0.0004014 -0.0003712
 0.0006521 -0.0000886
 0.0006344  0.0000640
 0.0011318  0.0003907
 0.0010502  0.0001197
 0.0012226  0.0002171
 0.0010276  0.0001258
 0.0008362 -0.0001414
 0.0010655 -0.0004047
 0.0010086 -0.0005767
 0.0006989 -0.0006521
 0.0007328 -0.0005197
 0.0008838 -0.0004579
 0.0005919 -0.0000893
 0.0005293  0.0001292
 0.0008341  0.0000779
 0.0009681  0.0002972
 0.0011760  0.0001095
 0.0011171  0.0000748
 0.0012927 -0.0001533
 0.0010812 -0.0001303
 0.0004271 -0.0001158
 0.0002394  0.0001164
 0.0001837  0.0000389
 0.0000759  0.0000372
-0.0000339  0.0000792
 0.0002940  0.0001778
 0.0000077 -0.0002115
 0.0001603  0.0000554
 0.0003654 -0.0003455
-0.0002463 -0.0006976
 0.0000804 -0.0011769
-0.0000541 -0.0016008
 0.0002350 -0.0019674
 0.0002548 -0.0024430
 0.0002552 -0.0023320
-0.0002055 -0.0022351
-0.0003197 -0.0023320
-0.0004562 -0.0022820
-0.0007074 -0.0020741
-0.0006694 -0.0018855
-0.0007292 -0.0017015
-0.0004381 -0.0015278
-0.0002087 -0.0012646
 0.0002168 -0.0010777
 0.0005261 -0.0011403
 0.0008338 -0.0012756
 0.0009121 -0.0015679
 0.0010619 -0.0014961
 0.0011523 -0.0019168
 0.0011495 -0.0017234
 0.0008563 -0.0015691
 0.0002382 -0.0015037
-0.0002435 -0.0012658
-0.0008572 -0.0010106
-0.0010106 -0.0014830
-0.0009113 -0.0013045
-0.0010429 -0.0013545
-0.0010219 -0.0014070
-0.0008047 -0.0014260
-0.0007267 -0.0012689
-0.0008587 -0.0011332
-0.0008224 -0.0008833
-0.0009964 -0.0008627
-0.0008281 -0.0006899
-0.0005625 -0.0006156
-0.0005835 -0.0009843
-0.0006238 -0.0008547
-0.0008935 -0.0009355
-0.0011963 -0.0008257
-0.0012371 -0.0010389
-0.0016013 -0.0013082
-0.0016805 -0.0013485
-0.0020038 -0.0015779
-0.0015407 -0.0018310
-0.0014471 -0.0022097
-0.0011766 -0.0024221
-0.0010187 -0.0025921
-0.0004660 -0.0026106
-0.0000981 -0.0025178
 0.0002903 -0.0027314
 0.0006541 -0.0023850
 0.0009775 -0.0019804
 0.0007845 -0.0016937
 0.0011664 -0.0016905
 0.0008559 -0.0016513
 0.0012746 -0.0018072
 0.0014635 -0.0017127
 0.0015576 -0.0021548
 0.0018249 -0.0019231
 0.0024175 -0.0020971
 0.0029162 -0.0018419
 0.0030498 -0.0016638
 0.0030510 -0.0014672
 0.0032461 -0.0015951
 0.0032065 -0.0013193
 0.0030167 -0.0013557
 0.0030179 -0.0016403
 0.0026768 -0.0014675
 0.0024681 -0.0018741
 0.0022061 -0.0020279
 0.0018815 -0.0017429
 0.0016550 -0.0018777
 0.0016744 -0.0017828
 0.0018690 -0.0016447
 0.0017911 -0.0020897
 0.0015387 -0.0019367
 0.0015524 -0.0013452
 0.0011692 -0.0013650
 0.0007812 -0.0010650
 0.0008531 -0.0007433
 0.0000306 -0.0007635
-0.0003929 -0.0008059
-0.0003327 -0.0011898
-0.0006787 -0.0012456
-0.0006165 -0.0017640
 0.0000214 -0.0018976
 0.0002136 -0.0022202
 0.0003517 -0.0022036
 0.0003529 -0.0023966
 0.0004894 -0.0024532
 0.0004918 -0.0024350
 0.0001660 -0.0024584
-0.0001808 -0.0017838
-0.0002741 -0.0019372
-0.0009023 -0.0020518
-0.0014566 -0.0018023
-0.0017618 -0.0020510
-0.0022593 -0.0016860
-0.0025504 -0.0018039
-0.0027842 -0.0017652
-0.0031318 -0.0020765
-0.0030987 -0.0022683
-0.0030846 -0.0021144
-0.0028024 -0.0025223
-0.0024770 -0.0022776
-0.0021128 -0.0023769
-0.0012831 -0.0019361
-0.0005749 -0.0013446
-0.0003754 -0.0011920
-0.0001417 -0.0007725
-0.0000278 -0.0003712
-0.0001594 -0.0005072
-0.0003548 -0.0006813
-0.0003617 -0.0009114
-0.0008039 -0.0013470
-0.0008979 -0.0019632
-0.0006153 -0.0021076
-0.0006169 -0.0027399
-0.0005229 -0.0028715
-0.0001636 -0.0025643
-0.0000485 -0.0024605
 0.0000262 -0.0022501
 0.0000613 -0.0016340
 0.0000019 -0.0010938
-0.0004802 -0.0009448
-0.0004026 -0.0006161
-0.0005359 -0.0005192
-0.0007083 -0.0002136
-0.0010712 -0.0001179
-0.0010849  0.0001740
-0.0011782  0.0003089
-0.0010150  0.0003901
-0.0013017  0.0007587
-0.0011030  0.0008919
-0.0009435  0.0005269
-0.0011538  0.0005451
-0.0008462  0.0005265
-0.0005220  0.0007203
-0.0003286  0.0005859
-0.0001549  0.0007171
-0.0004214  0.0006404
 0.0000736  0.0006743
 0.0001345  0.0007885
 0.0003667  0.0005762
 0.0004632  0.0004603
 0.0006946  0.0003630
 0.0008867  0.0006113
 0.0010216  0.0006718
 0.0007729  0.0007106
 0.0004269  0.0001389
 0.0004091  0.0002370
-0.0000338  0.0000263
-0.0004037 -0.0000100
-0.0006318 -0.0001453
-0.0007666  0.0001050
-0.0010767  0.0002754
-0.0008264  0.0012194
-0.0006528  0.0018508
-0.0008837  0.0025767
-0.0008239  0.0029426
-0.0006322  0.0030750
-0.0006887  0.0028242
-0.0005530  0.0024721
-0.0006883  0.0018499
-0.0007044  0.0018632
-0.0005163  0.0011845
-0.0008631  0.0009660
-0.0004093  0.0008873
-0.0004715  0.0005772
-0.0000727  0.0004464
 0.0005144  0.0002925
 0.0007429  0.0001642
 0.0012811 -0.0003142
 0.0018515 -0.0007959
 0.0026393 -0.0014464
 0.0030398 -0.0015994
 0.0030930 -0.0017936
 0.0031839 -0.0015219
 0.0030813 -0.0014641
 0.0034083 -0.0015545
 0.0033679 -0.0010139
 0.0036909 -0.0007817
 0.0040406 -0.0009743
 0.0040773 -0.0005500
 0.0041363 -0.0000889
 0.0041936 -0.0002254
 0.0039808  0.0001215
 0.0034459 -0.0001091
 0.0036550  0.0000048
 0.0032710 -0.0002484
 0.0032145 -0.0006166
 0.0034047 -0.0008258
 0.0032892 -0.0006707
 0.0032888 -0.0004422
 0.0027320 -0.0007446
 0.0025843 -0.0003021
 0.0018773 -0.0004498
 0.0017635 -0.0007155
 0.0016932 -0.0008257
 0.0015641 -0.0010933
 0.0018144 -0.0013598
 0.0016234 -0.0013978
 0.0015483 -0.0013574
 0.0014692 -0.0013347
 0.0014914 -0.0011611
 0.0010489 -0.0006544
 0.0009161  0.0000546
 0.0006649  0.0004010
 0.0001465  0.0010555
-0.0001422  0.0014560
-0.0001066  0.0013611
-0.0001862  0.0012065
-0.0000538  0.0007066
 0.0000411  0.0001341
 0.0005010 -0.0004412
 0.0010355 -0.0007077
 0.0011712 -0.0008013
 0.0014260 -0.0004727
 0.0013872 -0.0002042
 0.0012358  0.0001600
 0.0008192  0.0002932
 0.0004517  0.0005960
 0.0002410  0.0004995
 0.0001061  0.0004729
 0.0000113  0.0002197
-0.0000465  0.0002948
-0.0002762  0.0001357
-0.0001599 -0.0000355
 0.0000496  0.0001958
 0.0002822  0.0003884
 0.0004316  0.0006190
 0.0009100  0.0010025
 0.0012144  0.0015799
 0.0017546  0.0015767
 0.0019068  0.0017313
 0.0021915  0.0017491
 0.0022266  0.0017688
 0.0024543  0.0018423
 0.0029113  0.0017289
 0.0028136  0.0014834
 0.0028681  0.0017894
 0.0031180  0.0016191
 0.0030603  0.0012759
 0.0029662  0.0016272
 0.0032339  0.0017608
 0.0029884  0.0020285
 0.0029303  0.0022756
 0.0032351  0.0026745
 0.0032920  0.0028057
 0.0034430  0.0032251
 0.0038088  0.0036463
 0.0038674  0.0036269
 0.0043486  0.0040096
 0.0046599  0.0039123
 0.0047956  0.0036781
 0.0051380  0.0037887
 0.0048323  0.0036700
 0.0050802  0.0036462
 0.0051743  0.0034729
 0.0050600  0.0033344
 0.0044637  0.0032936
 0.0044282  0.0030252
 0.0043176  0.0025818
 0.0039954  0.0022887
 0.0040948  0.0019015
 0.0036204  0.0015340
 0.0035659  0.0015522
 0.0030495  0.0012090
 0.0031250  0.0009632
 0.0030467  0.0009854
 0.0026631  0.0008513
 0.0025311  0.0010109
 0.0022812  0.0014909
 0.0018815  0.0013379
 0.0019832  0.0015491
 0.0015428  0.0016096
 0.0016397  0.0015886
 0.0018331  0.0013565
 0.0021218  0.0011445
 0.0023692  0.0011841
 0.0021318  0.0012245
 0.0019933  0.0012228
 0.0021055  0.0012087
 0.0015818  0.0013056
 0.0013674  0.0011942
 0.0015927  0.0012370
 0.0012907  0.0012956
 0.0011934  0.0012778
 0.0014615  0.0016057
 0.0014684  0.0014349
 0.0015665  0.0015124
 0.0018952  0.0017099
 0.0015899  0.0015936
 0.0016130  0.0016901
 0.0017070  0.0016889
 0.0014394  0.0018988
 0.0011507  0.0017842
 0.0008022  0.0017999
 0.0003391  0.0015318
-0.0000085  0.0012250
-0.0000453  0.0007627
-0.0006824  0.0005539
-0.0004329  0.0002116
 0.0000072 -0.0000941
 0.0004316 -0.0006088
 0.0009322 -0.0008317
 0.0013574 -0.0006734
 0.0014394 -0.0006475
 0.0016162 -0.0001650
 0.0013344 -0.0002017
 0.0006501  0.0001459
 0.0002674  0.0005117
-0.0002090  0.0004919
-0.0007056  0.0002969
-0.0005522  0.0001245
-0.0008417 -0.0000495
-0.0007331 -0.0005110
-0.0001808 -0.0001250
-0.0001639 -0.0000091
 0.0000800  0.0000635
 0.0003654  0.0003897
 0.0004982  0.0003881
 0.0007622  0.0005779
 0.0005874  0.0003126
 0.0002604  0.0000772
 0.0000290 -0.0001686
 0.0001659 -0.0006471
-0.0001615 -0.0008154
-0.0001050 -0.0009664
-0.0003755 -0.0013706
-0.0004947 -0.0013120
-0.0007280 -0.0012559
-0.0005012 -0.0016964
-0.0005625 -0.0017788
-0.0004479 -0.0020295
-0.0001972 -0.0020715
-0.0001939 -0.0022690
 0.0002292 -0.0022323
 0.0004659 -0.0021172
 0.0005797 -0.0021584
 0.0006811 -0.0023946
 0.0006439 -0.0025860
 0.0008947 -0.0024903
 0.0008910 -0.0023769
 0.0010626 -0.0022012
 0.0015076 -0.0021431
 0.0016606 -0.0021233
 0.0016404 -0.0019715
 0.0014518 -0.0016683
 0.0012229 -0.0014567
 0.0007614 -0.0012500
 0.0002616 -0.0009823
-0.0002019 -0.0006432
-0.0003400 -0.0003917
-0.0003755  0.0001853
-0.0006469  0.0005854
-0.0005693  0.0011256
-0.0009739  0.0013816
-0.0012654  0.0016154
-0.0017806  0.0016207
-0.0018230  0.0018355
-0.0016522  0.0018000
-0.0016724  0.0016276
-0.0012530  0.0018383
-0.0007592  0.0021617
-0.0005278  0.0020281
-0.0005093  0.0017967
-0.0003167  0.0018323
-0.0002997  0.0017729
-0.0004871  0.0014685
-0.0002557  0.0017006
-0.0001547  0.0016635
-0.0002896  0.0016663
-0.0005536  0.0016692
-0.0007607  0.0014580
-0.0008160  0.0018642
-0.0012008  0.0022078
-0.0013312  0.0023406
-0.0012953  0.0022421
-0.0013195  0.0023362
-0.0014976  0.0027738
-0.0011702  0.0028328
-0.0010155  0.0030258
-0.0013401  0.0030617
-0.0013357  0.0029470
-0.0010837  0.0028348
-0.0011745  0.0025251
-0.0012678  0.0021440
-0.0009004  0.0019510
-0.0011676  0.0013203
-0.0011083  0.0012057
-0.0010065  0.0008221
-0.0009786  0.0008423
-0.0009003  0.0012646
-0.0009551  0.0009323
-0.0009115  0.0010490
-0.0010447  0.0010861
-0.0008913  0.0008346
-0.0005651  0.0005620
-0.0001799  0.0003678
-0.0000253  0.0002475
 0.0001439  0.0001857
 0.0003930 -0.0000081
 0.0000441  0.0000847
-0.0002664 -0.0002435
 0.0000372 -0.0005835
-0.0002264 -0.0006202
-0.0006503 -0.0004841
-0.0006697 -0.0002721
-0.0005526 -0.0000808
-0.0009378  0.0005955
-0.0012652  0.0013247
-0.0015139  0.0017083
-0.0015556  0.0020316
-0.0017926  0.0018927
-0.0019319  0.0017999
-0.0022799  0.0016646
-0.0021887  0.0012641
-0.0023216  0.0011692
-0.0024564  0.0005903
-0.0022828  0.0004179
-0.0023405  0.0003411
-0.0019545  0.0003557
-0.0017022  0.0001300
-0.0014337 -0.0000238
-0.0013735  0.0002632
-0.0010469  0.0005350
-0.0009310  0.0006512
-0.0012177  0.0004780
-0.0009124  0.0004962
-0.0011991  0.0002442
-0.0011042  0.0003799
-0.0011454  0.0001114
-0.0015055 -0.0003254
-0.0019101 -0.0004728
-0.0020433 -0.0003924
-0.0021329 -0.0011175
-0.0020521 -0.0010351
-0.0021119 -0.0012628
-0.0017614 -0.0012802
-0.0015915 -0.0006620
-0.0014986  0.0000853
-0.0015568  0.0004552
-0.0017102  0.0006106
-0.0015398  0.0010956
-0.0017106  0.0006559
-0.0017461  0.0005425
-0.0020505  0.0005986
-0.0018999  0.0000810
-0.0017437  0.0000608
-0.0020162 -0.0005747
-0.0016553 -0.0005174
-0.0015427 -0.0008041
-0.0012193 -0.0009002
-0.0013009 -0.0013217
-0.0008967 -0.0016075
-0.0009226 -0.0018962
-0.0006516 -0.0023342
-0.0005390 -0.0024150
-0.0008063 -0.0025701
-0.0006718 -0.0030683
-0.0002079 -0.0033396
-0.0004917 -0.0031305
-0.0002806 -0.0032480
-0.0003900 -0.0029032
-0.0006819 -0.0025447
-0.0006811 -0.0020836
-0.0006221 -0.0020122
-0.0007574 -0.0015378
-0.0006439 -0.0010981
-0.0007215 -0.0005809
-0.0005123 -0.0002926
-0.0005858  0.0003223
-0.0004085  0.0008233
-0.0004263  0.0017326
-0.0003217  0.0022539
-0.0009878  0.0026443
-0.0007726  0.0031817
-0.0009950  0.0031034
-0.0010447  0.0033755
-0.0014480  0.0036985
-0.0015623  0.0034869
-0.0016414  0.0034518
-0.0013346  0.0030997
-0.0015679  0.0030428
-0.0015316  0.0027941
-0.0014965  0.0030202
-0.0011691  0.0028433
-0.0011699  0.0024928
-0.0010019  0.0024121
-0.0010003  0.0017911
-0.0013282  0.0009827
-0.0015813  0.0005907
-0.0019084  0.0003004
-0.0021034 -0.0002019
-0.0018926  0.0000092
-0.0018926 -0.0002584
-0.0018720 -0.0004445
-0.0018135 -0.0001708
-0.0017566 -0.0002249
-0.0015450 -0.0004711
-0.0016221 -0.0008543
-0.0015293 -0.0010997
-0.0014929 -0.0013085
-0.0013597 -0.0016343
-0.0013844 -0.0016751
-0.0009633 -0.0013638
-0.0010428 -0.0012677
-0.0011922 -0.0008647
-0.0013089 -0.0004061
-0.0014187  0.0000723
-0.0018143  0.0004353
-0.0020230  0.0009646
-0.0022826  0.0011947
-0.0025668  0.0010291
-0.0023734  0.0015282
-0.0025672  0.0015984
-0.0025470  0.0014219
-0.0024736  0.0012430
-0.0027857  0.0011816
-0.0027506  0.0009854
-0.0028887  0.0013471
-0.0028903  0.0012313
-0.0030264  0.0016156
-0.0033167  0.0016515
-0.0032028  0.0018676
-0.0032832  0.0020065
-0.0030934  0.0017824
-0.0032319  0.0020768
-0.0029667  0.0019283
-0.0030297  0.0018168
-0.0032021  0.0017603
-0.0031105  0.0023728
-0.0033951  0.0022202
-0.0035304  0.0021463
-0.0030729  0.0025166
-0.0028844  0.0020228
-0.0026918  0.0017596
-0.0023660  0.0015913
-0.0023115  0.0013062
-0.0021157  0.0011197
-0.0018670  0.0012590
-0.0022085  0.0011670
-0.0021281  0.0009179
-0.0022388  0.0011509
-0.0024818  0.0008440
-0.0023622  0.0005364
-0.0023429  0.0005913
-0.0020332  0.0003756
-0.0018987  0.0001039
-0.0015761  0.0005565
-0.0010791  0.0007611
-0.0006597  0.0009694
-0.0006601  0.0012331
-0.0004312  0.0016356
-0.0002192  0.0015197
 0.0002456  0.0017676
 0.0004002  0.0019396
 0.0005379  0.0018468
 0.0008819  0.0018976
 0.0007482  0.0019731
 0.0007676  0.0021414
 0.0006295  0.0023296
 0.0002835  0.0024043
 0.0001495  0.0024426
 0.0001487  0.0020380
-0.0001376  0.0018426
-0.0000080  0.0014376
 0.0003000  0.0008994
 0.0004930  0.0003786
 0.0009690 -0.0000013
 0.0011418 -0.0001919
 0.0008778 -0.0004830
 0.0013005 -0.0007087
 0.0008399 -0.0007070
 0.0009772 -0.0006473
 0.0008209 -0.0004716
 0.0005944 -0.0007559
 0.0003473 -0.0007897
 0.0000950 -0.0007877
-0.0000193 -0.0010417
 0.0001107 -0.0008120
 0.0005326 -0.0012347
 0.0004910 -0.0012053
 0.0007195 -0.0009384
 0.0005620 -0.0003498
 0.0005402 -0.0004144
 0.0002483  0.0000438
 0.0002095 -0.0000345
-0.0000041 -0.0001669
-0.0002362 -0.0004701
-0.0002584 -0.0008290
-0.0000526 -0.0008056
 0.0002373 -0.0007430
 0.0005187 -0.0007183
 0.0004016 -0.0009093
 0.0008393 -0.0006319
 0.0010827 -0.0003783
 0.0012737 -0.0005281
 0.0016528 -0.0002172
 0.0017811 -0.0000645
 0.0023371 -0.0005006
 0.0024275 -0.0002494
 0.0024642 -0.0003629
 0.0027517 -0.0002849
 0.0028272 -0.0001456
 0.0028660 -0.0000479
 0.0026031 -0.0004484
 0.0026827 -0.0005590
 0.0025350 -0.0006159
 0.0025790 -0.0012692
 0.0024874 -0.0010435
 0.0027970 -0.0011792
 0.0028391 -0.0013028
 0.0029699 -0.0014252
 0.0033704 -0.0016440
 0.0030813 -0.0016864
 0.0031535 -0.0014587
 0.0031527 -0.0014192
 0.0030178 -0.0012657
 0.0030748 -0.0008814
 0.0033445 -0.0008010
 0.0032872 -0.0005293
 0.0031951  0.0001010
 0.0032674 -0.0000884
 0.0033275 -0.0000298
 0.0033841 -0.0002777
 0.0032649 -0.0004679
 0.0030744 -0.0006754
 0.0032920 -0.0009851
 0.0033304 -0.0008559
 0.0033159 -0.0011615
 0.0034746 -0.0008386
 0.0034956 -0.0010324
 0.0032328 -0.0011058
 0.0031379 -0.0015406
 0.0026203 -0.0015790
 0.0022957 -0.0017490
 0.0026017 -0.0016904
 0.0025650 -0.0018818
 0.0024317 -0.0019375
 0.0028759 -0.0016674
 0.0025327 -0.0017090
 0.0026316 -0.0018083
 0.0025747 -0.0019068
 0.0023507 -0.0020870
 0.0027379 -0.0021067
 0.0027585 -0.0022953
 0.0025526 -0.0024168
 0.0029992 -0.0021298
 0.0027509 -0.0017640
 0.0025974 -0.0016110
 0.0023306 -0.0014518
 0.0021162 -0.0014321
 0.0015433 -0.0009904
 0.0010834 -0.0010436
 0.0004665 -0.0011224
 0.0002569 -0.0014300
 0.0003118 -0.0018734
 0.0000853 -0.0022920
 0.0001782 -0.0025831
 0.0003716 -0.0025060
 0.0007168 -0.0026211
 0.0008113 -0.0021051
 0.0012315 -0.0017199
 0.0013878 -0.0014914
 0.0013688 -0.0009330
 0.0018093 -0.0009698
 0.0018667 -0.0008333
 0.0019591 -0.0009120
 0.0020939 -0.0008955
 0.0020919 -0.0008176
 0.0022845 -0.0007820
 0.0024602 -0.0009351
 0.0021711 -0.0008587
 0.0023859 -0.0007837
 0.0021909 -0.0009201
 0.0020964 -0.0009956
 0.0017859 -0.0007441
 0.0019348 -0.0008959
 0.0013950 -0.0010723
 0.0010082 -0.0004994
 0.0008330 -0.0007102
 0.0006400 -0.0005762
 0.0003521  0.0000355
 0.0000683  0.0004607
-0.0000843  0.0009205
-0.0002926  0.0015710
-0.0003273  0.0019339
-0.0003637  0.0019137
-0.0001909  0.0024099
 0.0000223  0.0021963
 0.0004830  0.0022892
 0.0001935  0.0026530
 0.0004463  0.0026158
 0.0003126  0.0029655
 0.0001406  0.0030285
-0.0004165  0.0029405
-0.0005881  0.0025025
-0.0007250  0.0026426
-0.0009745  0.0022098
-0.0010133  0.0023443
-0.0012071  0.0025183
-0.0012232  0.0025558
-0.0013763  0.0028970
-0.0015285  0.0027338
-0.0017739  0.0025356
-0.0017788  0.0027204
-0.0017965  0.0023110
-0.0020852  0.0023102
-0.0018147  0.0021733
-0.0017965  0.0019436
-0.0017751  0.0018220
-0.0014667  0.0019338
-0.0014101  0.0017739
-0.0017162  0.0018223
-0.0014303  0.0015716
-0.0014699  0.0014355
-0.0017416  0.0013556
-0.0015705  0.0011275
-0.0011538  0.0009171
-0.0010061  0.0009240
-0.0005281  0.0005816
 0.0000226  0.0002809
 0.0002677  0.0003621
 0.0005531  0.0001998
 0.0005882 -0.0000646
 0.0004522  0.0000537
 0.0002414 -0.0001906
-0.0004857 -0.0002665
-0.0009012 -0.0002669
-0.0008930 -0.0006315
-0.0014062 -0.0003444
-0.0014421 -0.0000577
-0.0013569 -0.0000828
-0.0015281  0.0000254
-0.0012434  0.0008829
-0.0013763  0.0007077
-0.0016464  0.0006648
-0.0019359  0.0009325
-0.0020695  0.0001852
-0.0023759  0.0001283
-0.0027401  0.0003774
-0.0023933 -0.0001031
-0.0023909  0.0004141
-0.0024159  0.0005469
-0.0020723  0.0007395
-0.0021148  0.0006095
-0.0019480  0.0004218
-0.0013735  0.0000213
-0.0011462 -0.0000356
-0.0001712 -0.0003965
-0.0002685 -0.0003982
 0.0000004 -0.0002976
-0.0000718 -0.0002370
 0.0000271 -0.0002524
-0.0001804 -0.0003279
-0.0003318 -0.0002293
-0.0001339 -0.0005370
-0.0002470 -0.0006379
-0.0001541 -0.0008305
 0.0001766 -0.0014681
 0.0003704 -0.0018153
 0.0009259 -0.0022586
 0.0014262 -0.0022203
 0.0016353 -0.0020879
 0.0020217 -0.0023119
 0.0021541 -0.0018153
 0.0021570 -0.0015827
 0.0022163 -0.0012355
 0.0019499 -0.0010805
 0.0020286 -0.0010256
 0.0023532 -0.0007736
 0.0021408 -0.0009238
 0.0021190 -0.0005770
 0.0024420 -0.0001700
 0.0021852  0.0001191
 0.0021444  0.0000634
 0.0024278  0.0003158
 0.0026773  0.0005265
 0.0032490  0.0005100
 0.0034391  0.0006255
 0.0039894  0.0004357
 0.0038925  0.0003384
 0.0045026  0.0001111
 0.0045781  0.0004386
 0.0045228  0.0000360
 0.0045846  0.0001313
 0.0048963  0.0000748
 0.0044607  0.0003618
 0.0045374  0.0007619
 0.0045224  0.0011637
 0.0045802  0.0011802
 0.0040787  0.0019841
 0.0040573  0.0024629
 0.0041348  0.0029426
 0.0043492  0.0030617
 0.0046569  0.0034295
 0.0054656  0.0031643
 0.0053187  0.0032838
 0.0057887  0.0032232
 0.0057907  0.0029156
 0.0057015  0.0025675
 0.0056685  0.0023127
 0.0054581  0.0019049
 0.0049227  0.0015577
 0.0046877  0.0016324
 0.0042032  0.0016295
 0.0038184  0.0017466
 0.0038132  0.0017458
 0.0026572  0.0014575
 0.0023689  0.0012286
 0.0017766  0.0011519
 0.0011287  0.0007102
 0.0010172  0.0003254
 0.0008864  0.0007837
 0.0006006  0.0007828
 0.0007516  0.0007437
 0.0011476  0.0010130
 0.0010277  0.0008967
 0.0015772  0.0011692
 0.0019369  0.0013590
 0.0022978  0.0013005
 0.0025598  0.0014724
 0.0024827  0.0014510
 0.0029413  0.0017183
 0.0030717  0.0015382
 0.0032994  0.0018991
 0.0035429  0.0019322
 0.0033652  0.0019904
 0.0036506  0.0023582
 0.0036106  0.0025492
 0.0038024  0.0027087
 0.0038763  0.0027890
 0.0040536  0.0025375
 0.0041303  0.0022496
 0.0041654  0.0021196
 0.0039361  0.0016751
 0.0043774  0.0016371
 0.0044657  0.0015568
 0.0045635  0.0017308
 0.0046547  0.0021927
 0.0044625  0.0026760
 0.0047108  0.0029251
 0.0041395  0.0026594
 0.0041226  0.0026978
 0.0034725  0.0026178
 0.0033199  0.0026937
 0.0031071  0.0025165
 0.0029331  0.0024769
 0.0026259  0.0026311
 0.0025883  0.0030579
 0.0023178  0.0033833
 0.0021652  0.0033741
 0.0024939  0.0038017
 0.0027054  0.0042830
 0.0025738  0.0044360
 0.0030757  0.0044199
 0.0032456  0.0041901
 0.0034992  0.0043205
 0.0034003  0.0042777
 0.0035711  0.0037205
 0.0037241  0.0036438
 0.0040911  0.0034145
 0.0041650  0.0029348
 0.0043390  0.0027826
 0.0043967  0.0027096
 0.0045304  0.0027710
 0.0038573  0.0023672
 0.0036223  0.0025598
 0.0028568  0.0024439
 0.0019140  0.0021956
 0.0014683  0.0022336
 0.0007989  0.0021181
 0.0003968  0.0020838
 0.0003225  0.0022607
 0.0001327  0.0019575
 0.0001691  0.0021323
 0.0002999  0.0017887
 0.0001626  0.0013886
 0.0004044  0.0015449
 0.0004205  0.0015639
 0.0008444  0.0015643
 0.0010362  0.0013911
 0.0009757  0.0014125
 0.0011133  0.0012130
 0.0012102  0.0012493
 0.0014392  0.0010902
 0.0015809  0.0006989
 0.0016956  0.0004058
 0.0018312  0.0002862
 0.0018555  0.0004372
 0.0017804  0.0003581
 0.0017412  0.0004162
 0.0015919  0.0004534
 0.0015947  0.0008167
 0.0013823  0.0011817
 0.0012330  0.0008559
 0.0011199  0.0009330
 0.0010800  0.0012209
 0.0009677  0.0013982
 0.0004881  0.0016085
 0.0006399  0.0015835
 0.0007376  0.0011066
 0.0004485  0.0011999
 0.0008131  0.0009100
 0.0006976  0.0006399
 0.0012366  0.0005071
 0.0012944  0.0005107
 0.0014498  0.0003593
 0.0017138  0.0001732
 0.0020409  0.0005414
 0.0025209  0.0002209
 0.0027894  0.0001697
 0.0027870  0.0005928
 0.0027696  0.0007697
 0.0025940  0.0010426
 0.0022306  0.0013680
 0.0016953  0.0013833
 0.0013319  0.0013623
 0.0008333  0.0013813
 0.0004723  0.0010543
 0.0001227  0.0008443
-0.0000097  0.0002315
 0.0000452 -0.0001158
-0.0001672 -0.0000031
-0.0004983 -0.0001441
-0.0003671 -0.0002987
-0.0003312 -0.0004348
-0.0007782  0.0000045
-0.0009881 -0.0001308
-0.0009340 -0.0002442
-0.0016212  0.0000234
-0.0015824  0.0003917
-0.0016930  0.0004466
-0.0021541  0.0008491
-0.0022902  0.0010021
-0.0024250  0.0007114
-0.0027917  0.0007296
-0.0028329  0.0005366
-0.0029330  0.0004582
-0.0031874  0.0002677
-0.0032080  0.0003040
-0.0034777  0.0003226
-0.0033792  0.0002297
-0.0031878  0.0004809
-0.0031850  0.0004615
-0.0027428  0.0009077
-0.0025511  0.0007732
-0.0022030  0.0004280
-0.0020117  0.0001979
-0.0018966 -0.0001106
-0.0018170 -0.0003432
-0.0016810 -0.0004764
-0.0017565 -0.0001716
-0.0021368 -0.0004244
-0.0021166 -0.0001962
-0.0020980  0.0001106
-0.0023661  0.0003444
-0.0023435  0.0003048
-0.0019434  0.0001538
-0.0015437  0.0001995
-0.0015053 -0.0000262
-0.0012599  0.0001705
-0.0011101  0.0004814
-0.0012462  0.0000615
-0.0013443  0.0001027
-0.0016116  0.0000490
-0.0019955  0.0001067
-0.0025091 -0.0000083
-0.0025434 -0.0000059
-0.0028712  0.0002448
-0.0031538  0.0004334
-0.0032458  0.0005848
-0.0032677  0.0009655
-0.0038450  0.0013470
-0.0034227  0.0014758
-0.0030234  0.0016845
-0.0029500  0.0019901
-0.0023750  0.0020636
-0.0021667  0.0023490
-0.0019023  0.0029078
-0.0014387  0.0032551
-0.0016071  0.0033887
-0.0011823  0.0035615
-0.0010059  0.0037202
-0.0011940  0.0037247
-0.0009808  0.0039124
-0.0009739  0.0040077
-0.0007801  0.0035850
-0.0014729  0.0038680
-0.0016663  0.0039253
-0.0018408  0.0039277
-0.0023394  0.0042338
-0.0022449  0.0040606
-0.0022462  0.0042144
-0.0022437  0.0041538
-0.0018408  0.0041889
-0.0014968  0.0041114
-0.0010555  0.0038800
-0.0004761  0.0040145
 0.0001796  0.0044009
 0.0002204  0.0040153
 0.0005066  0.0044562
 0.0004542  0.0039366
 0.0001869  0.0036999
 0.0002588  0.0033349
 0.0002006  0.0030059
 0.0002200  0.0027156
 0.0003161  0.0025827
 0.0002365  0.0025424
 0.0004477  0.0025989
 0.0004436  0.0024854
 0.0005587  0.0026393
 0.0004065  0.0025670
 0.0004844  0.0023611
 0.0005248  0.0020745
 0.0005644  0.0019045
 0.0006443  0.0015209
 0.0004554  0.0014402
 0.0004542  0.0015940
 0.0004558  0.0013384
 0.0008987  0.0015088
 0.0013566  0.0016218
 0.0014333  0.0019844
 0.0016299  0.0020248
 0.0014361  0.0024450
 0.0014733  0.0019077
 0.0016428  0.0017918
 0.0014317  0.0013279
 0.0012209  0.0010004
 0.0016020  0.0005397
 0.0016412 -0.0001325
 0.0017777 -0.0008048
 0.0021055 -0.0011738
 0.0023922 -0.0012114
 0.0026853 -0.0015557
 0.0029340 -0.0014653
 0.0028730 -0.0012727
 0.0032158 -0.0008912
 0.0030377 -0.0006380
 0.0025136 -0.0002678
 0.0023009 -0.0002274
 0.0015515 -0.0003598
 0.0012039 -0.0006085
 0.0011271 -0.0009186
 0.0009176 -0.0013829
 0.0011280 -0.0013648
 0.0015111 -0.0014609
 0.0015636 -0.0010745
 0.0017154 -0.0009013
 0.0020190 -0.0006263
 0.0020371 -0.0005843
 0.0020957  0.0000282
 0.0019035 -0.0001006
 0.0017125 -0.0000392
 0.0016980  0.0002269
 0.0017186  0.0003266
 0.0016770  0.0006104
 0.0017941  0.0008935
 0.0022770  0.0010279
 0.0025500  0.0013695
 0.0029900  0.0016121
 0.0032206  0.0019169
 0.0034669  0.0020832
 0.0033163  0.0018918
 0.0033155  0.0021050
 0.0033522  0.0019899
 0.0034854  0.0020311
 0.0035460  0.0015919
 0.0037765  0.0015507
 0.0035444  0.0013165
 0.0035076  0.0011392
 0.0033397  0.0005776
 0.0028786  0.0005961
 0.0026287  0.0003491
 0.0022653 -0.0001286
 0.0023659 -0.0004536
 0.0024410 -0.0008137
 0.0025573 -0.0011577
 0.0029425 -0.0011153
 0.0031124 -0.0006707
 0.0035929 -0.0005359
 0.0032679  0.0000395
 0.0031310  0.0004069
 0.0028241  0.0007715
 0.0023679  0.0012669
 0.0022908  0.0013097
 0.0016973  0.0015778
 0.0013888  0.0017465
 0.0016186  0.0017893
 0.0016194  0.0019040
 0.0019674  0.0021329
 0.0021023  0.0026307
 0.0019905  0.0030337
 0.0022795  0.0032642
 0.0019812  0.0037427
 0.0014075  0.0037051
 0.0011427  0.0038436
 0.0003364  0.0034427
-0.0003524  0.0032509
-0.0005470  0.0030761
-0.0009185  0.0026917
-0.0008661  0.0027486
-0.0010082  0.0022682
-0.0005904  0.0021523
-0.0007260  0.0020825
-0.0005908  0.0012613
 0.0000068  0.0007465
-0.0000493  0.0002120
 0.0004324 -0.0002273
 0.0005886 -0.0004929
 0.0009104 -0.0004917
 0.0010061 -0.0004517
 0.0013125 -0.0001994
 0.0011199  0.0006081
 0.0013468  0.0010300
 0.0015584  0.0014875
 0.0010016  0.0016772
 0.0009447  0.0020006
 0.0007158  0.0022473
 0.0007396  0.0018245
 0.0003573  0.0016727
-0.0002116  0.0016521
-0.0001930  0.0013824
-0.0006900  0.0011757
-0.0005560  0.0009630
-0.0007300  0.0006182
-0.0008507  0.0002576
-0.0008350  0.0006598
-0.0004014  0.0004151
-0.0000942  0.0005726
-0.0002286  0.0008807
 0.0000076  0.0010563
 0.0001074  0.0011528
 0.0001328  0.0014189
-0.0001304  0.0015929
-0.0000363  0.0014378
 0.0002148  0.0015888
 0.0004256  0.0018953
 0.0004021  0.0021593
 0.0004013  0.0025061
 0.0007441  0.0027754
 0.0000343  0.0028505
-0.0004074  0.0026999
-0.0006561  0.0024843
-0.0014232  0.0025759
-0.0014377  0.0023228
-0.0015940  0.0022016
-0.0016497  0.0019468
-0.0013631  0.0021996
-0.0016671  0.0019319
-0.0020345  0.0021798
-0.0014192  0.0023211
-0.0016740  0.0018419
-0.0017083  0.0017297
-0.0009617  0.0016195
-0.0005798  0.0014887
-0.0005394  0.0019712
-0.0003489  0.0016861
-0.0002164  0.0018028
-0.0002350  0.0018194
 0.0001151  0.0012852
 0.0003287  0.0012271
 0.0003905  0.0011088
 0.0008923  0.0005322
 0.0007962  0.0006634
 0.0009711  0.0004486
 0.0011019 -0.0001453
 0.0011192 -0.0002245
 0.0011572 -0.0003609
 0.0011757 -0.0001461
 0.0013651  0.0001975
 0.0015803  0.0003279
 0.0018084  0.0004070
 0.0014224  0.0007518
 0.0020337  0.0012302
 0.0018443  0.0011705
 0.0014579  0.0011672
 0.0014559  0.0015282
 0.0012431  0.0013917
 0.0011458  0.0009080
 0.0008935  0.0007089
 0.0014054  0.0004186
 0.0009245 -0.0002606
 0.0008256 -0.0008941
 0.0006669 -0.0011197
 0.0000136 -0.0014060
-0.0003469 -0.0015909
-0.0005625 -0.0021617
-0.0009275 -0.0026381
-0.0009861 -0.0028820
-0.0004689 -0.0028581
-0.0004866 -0.0025698
-0.0002323 -0.0026647
-0.0001692 -0.0020296
-0.0001272 -0.0016864
-0.0001212 -0.0009585
-0.0002948 -0.0006735
-0.0007102 -0.0001002
-0.0008446 -0.0002391
-0.0009807 -0.0003376
-0.0010958 -0.0006695
-0.0010211 -0.0006513
-0.0011374 -0.0009041
-0.0012520 -0.0009065
-0.0011011 -0.0005020
-0.0012779 -0.0006958
-0.0012028 -0.0005609
-0.0010535 -0.0004455
-0.0004967 -0.0001188
-0.0005326 -0.0001394
-0.0002472 -0.0003098
-0.0000126 -0.0004834
 0.0000327 -0.0004063
 0.0005693 -0.0001374
 0.0005939  0.0000536
 0.0006743  0.0001485
 0.0009044  0.0002227
 0.0012520  0.0003576
 0.0013130  0.0000314
 0.0013708  0.0002627
 0.0011237  0.0002054
 0.0012057  0.0002680
 0.0009800  0.0002902
 0.0006384 -0.0001878
 0.0006607 -0.0003921
 0.0005617 -0.0005588
 0.0008100 -0.0008608
 0.0008476 -0.0009908
 0.0009404 -0.0008163
 0.0010377 -0.0011979
 0.0010357 -0.0008672
 0.0010959 -0.0002939
 0.0009465  0.0000340
 0.0011024  0.0001878
 0.0009740  0.0004184
 0.0007843  0.0006881
 0.0008452  0.0007256
 0.0005990  0.0008044
 0.0002550  0.0010106
 0.0000220  0.0014132
-0.0004766  0.0014467
-0.0007286  0.0015415
-0.0009042  0.0019073
-0.0010423  0.0016178
-0.0008909  0.0016178
-0.0005292  0.0015968
-0.0004957  0.0017717
-0.0006499  0.0018270
-0.0004416  0.0019631
-0.0006883  0.0022844
-0.0010908  0.0023207
-0.0011433  0.0023563
-0.0015430  0.0025432
-0.0018882  0.0021366
-0.0019810  0.0018289
-0.0018668  0.0018067
-0.0020993  0.0019040
-0.0020816  0.0017344
-0.0026791  0.0017744
-0.0029852  0.0017736
-0.0033090  0.0019295
-0.0038092  0.0017353
-0.0038851  0.0017122
-0.0041144  0.0019585
-0.0039582  0.0023602
-0.0033832  0.0026687
-0.0033671  0.0030926
-0.0030813  0.0032263
-0.0024878  0.0032715
-0.0023578  0.0035243
-0.0025912  0.0032615
-0.0022888  0.0028444
-0.0023530  0.0024225
-0.0024515  0.0021722
-0.0022679  0.0019029
-0.0027124  0.0015359
-0.0026975  0.0015140
-0.0027024  0.0015843
-0.0026838  0.0012883
-0.0027056  0.0013056
-0.0022684  0.0010714
-0.0021492  0.0009564
-0.0013615  0.0006289
-0.0004337  0.0002256
 0.0001392  0.0004157
 0.0003920  0.0003172
 0.0009278  0.0004169
 0.0009245  0.0003786
 0.0008603  0.0001715
 0.0010129  0.0001001
 0.0012232 -0.0002794
 0.0014517 -0.0004466
 0.0019904 -0.0007675
 0.0024668 -0.0004364
 0.0028734 -0.0003177
 0.0032565 -0.0003685
 0.0035254 -0.0003871
 0.0035621  0.0000591
 0.0039061  0.0002541
 0.0035238  0.0005831
 0.0028940  0.0011222
 0.0026089  0.0012970
 0.0020962  0.0013717
 0.0015641  0.0013527
 0.0011418  0.0010797
 0.0006306  0.0010208
 0.0009197  0.0007131
 0.0007049  0.0007519
 0.0007477  0.0003631
 0.0004211  0.0003606
 0.0006674  0.0003974
 0.0005729  0.0002605
 0.0005523  0.0004143
 0.0001280  0.0001034
 0.0000581 -0.0001288
 0.0000771 -0.0002212
-0.0001086 -0.0008163
-0.0003153 -0.0010897
 0.0001688 -0.0012629
 0.0002258 -0.0012645
 0.0001354 -0.0016881
 0.0002649 -0.0013566
 0.0007301 -0.0012447
 0.0008258 -0.0012427
 0.0008068 -0.0008757
 0.0009045 -0.0009314
 0.0008884 -0.0010473
 0.0010418 -0.0010695
 0.0010842 -0.0010299
 0.0010648 -0.0009557
 0.0011597 -0.0008051
 0.0010116 -0.0003844
 0.0007269  0.0002636
 0.0007653  0.0000706
 0.0007067  0.0004691
 0.0005133  0.0004255
 0.0010875  0.0007335
 0.0007572  0.0006919
 0.0010059  0.0009560
 0.0014080  0.0008462
 0.0011205  0.0008445
 0.0009114  0.0004440
 0.0008165  0.0002167
 0.0006458  0.0001477
 0.0003018 -0.0000041
 0.0001483  0.0000961
 0.0001512  0.0003650
 0.0001330  0.0004825
 0.0002093  0.0007679
-0.0002514  0.0010909
-0.0001577  0.0014390
-0.0000996  0.0013788
-0.0000616  0.0014167
 0.0002008  0.0009403
 0.0004293  0.0006751
 0.0011532  0.0007147
 0.0018416  0.0004127
 0.0017830 -0.0000658
 0.0018634 -0.0002369
 0.0016353 -0.0003338
 0.0011383 -0.0005866
 0.0006623 -0.0008612
 0.0001221 -0.0012645
-0.0001101 -0.0014806
-0.0002849 -0.0020369
-0.0005975 -0.0023042
-0.0005272 -0.0028387
-0.0002818 -0.0024305
-0.0002099 -0.0026183
-0.0000355 -0.0024838
 0.0004256 -0.0023598
 0.0004874 -0.0022662
 0.0008197 -0.0020397
 0.0010135 -0.0019048
 0.0011100 -0.0014470
 0.0014572 -0.0007017
 0.0016631 -0.0006786
 0.0015254 -0.0001227
 0.0011588  0.0002431
 0.0011766  0.0002835
 0.0007744  0.0003800
 0.0001979  0.0003211
-0.0002773  0.0001470
-0.0001198 -0.0000262
-0.0001917 -0.0001804
 0.0000405 -0.0004320
 0.0000631 -0.0005688
 0.0002186 -0.0005899
 0.0002000 -0.0005886
 0.0000239 -0.0007865
 0.0001382 -0.0007881
 0.0000005 -0.0010372
-0.0000197 -0.0009436
-0.0000774 -0.0005419
 0.0001503 -0.0007546
 0.0003271 -0.0002403
 0.0004240 -0.0000691
 0.0009235  0.0005224
 0.0010414  0.0007323
 0.0013680  0.0010384
 0.0016514  0.0009253
 0.0019809  0.0008127
 0.0018061  0.0003936
 0.0014576  0.0006819
 0.0015137 -0.0000077
 0.0010527  0.0001078
 0.0007813 -0.0001748
 0.0000497 -0.0001526
-0.0002781 -0.0005511
-0.0005866 -0.0004328
-0.0008922 -0.0002583
-0.0007941 -0.0002523
-0.0006738 -0.0003883
-0.0007270 -0.0002510
-0.0003968 -0.0004444
-0.0002764 -0.0006605
-0.0001783 -0.0006774
 0.0000527 -0.0004667
 0.0003050 -0.0004299
 0.0005351 -0.0006415
 0.0006498 -0.0009076
 0.0007431 -0.0006774
 0.0005549 -0.0008454
 0.0006865 -0.0005926
 0.0003022 -0.0003055
 0.0000865  0.0000413
-0.0001452  0.0002512
-0.0002849  0.0005003
-0.0001760  0.0007672
-0.0005575  0.0010353
-0.0001768  0.0013409
-0.0003467  0.0013438
-0.0003645  0.0013248
-0.0008623  0.0010175
-0.0006273  0.0006723
-0.0007064  0.0003837
-0.0003855  0.0004030
-0.0002200  0.0001362
 0.0000243 -0.0002078
 0.0000577 -0.0002470
 0.0004788 -0.0003584
 0.0006912 -0.0006495
 0.0006339 -0.0003225
 0.0008875 -0.0002656
 0.0006965 -0.0003843
 0.0005859 -0.0008470
 0.0004151 -0.0011320
 0.0006110 -0.0015378
 0.0006550 -0.0015015
 0.0006974 -0.0013489
 0.0006603 -0.0013844
 0.0008714 -0.0014017
 0.0004322 -0.0011163
 0.0000688 -0.0008712
-0.0000043 -0.0007384
-0.0000188 -0.0003528
-0.0001322 -0.0002995
 0.0001350 -0.0004513
 0.0005174 -0.0002624
 0.0011896 -0.0001494
 0.0013531  0.0001002
 0.0015017  0.0001365
 0.0017843 -0.0000165
 0.0016106 -0.0003024
 0.0018355 -0.0003920
 0.0016066 -0.0006205
 0.0015876 -0.0005825
 0.0014528 -0.0006181
 0.0011504 -0.0005805
 0.0009586 -0.0005999
 0.0010192 -0.0005801
 0.0009053 -0.0006593
 0.0006578 -0.0008131
 0.0005767 -0.0002014
 0.0003816 -0.0002216
 0.0007054  0.0000465
 0.0005722 -0.0000674
 0.0001281  0.0005265
-0.0003871  0.0004886
-0.0009810  0.0001458
-0.0015152  0.0005084
-0.0018163  0.0004135
-0.0018139  0.0002241
-0.0017751 -0.0000468
-0.0016609 -0.0005087
-0.0015050 -0.0004699
-0.0011404 -0.0007792
-0.0007738 -0.0008963
-0.0005461 -0.0009573
-0.0007012 -0.0009218
-0.0003370 -0.0009654
-0.0003968 -0.0005835
-0.0004920 -0.0006663
-0.0003370 -0.0005492
-0.0001509 -0.0000328
-0.0001901  0.0004852
-0.0001295  0.0005426
-0.0003241  0.0012503
-0.0005946  0.0014792
-0.0007880  0.0012446
-0.0010004  0.0013379
-0.0010016  0.0014832
-0.0010444  0.0016334
-0.0007788  0.0013980
-0.0005911  0.0009748
 0.0001175  0.0008973
 0.0006512  0.0006147
 0.0009775  0.0004225
 0.0012431  0.0000959
 0.0016020  0.0000010
 0.0015875 -0.0002881
 0.0011281 -0.0005202
 0.0011240 -0.0009252
 0.0006254 -0.0007120
 0.0000319 -0.0008101
-0.0001195 -0.0008860
-0.0001975 -0.0002138
-0.0004478 -0.0000022
-0.0006404  0.0008428
-0.0002201  0.0010726
-0.0004523  0.0011699
-0.0002431  0.0015110
 0.0000270  0.0015865
-0.0000432  0.0017436
-0.0002560  0.0018744
-0.0004801  0.0018938
-0.0008026  0.0020117
-0.0010505  0.0020537
-0.0015257  0.0017121
-0.0014288  0.0019673
-0.0011991  0.0018737
-0.0010444  0.0017049
-0.0008967  0.0019771
-0.0005899  0.0019008
-0.0008761  0.0020009
-0.0006282  0.0025395
-0.0003040  0.0026958
-0.0000319  0.0024652
 0.0001413  0.0027164
 0.0002750  0.0029122
 0.0006626  0.0024112
 0.0012581  0.0023611
 0.0016805  0.0021520
 0.0021993  0.0019590
 0.0023305  0.0020604
 0.0026345  0.0018302
 0.0022299  0.0016191
 0.0019978  0.0015044
 0.0017692  0.0017515
 0.0015024  0.0017115
 0.0014818  0.0017886
 0.0012710  0.0013437
 0.0016582  0.0018770
 0.0016203  0.0017264
 0.0018145  0.0018007
 0.0017963  0.0020264
 0.0018549  0.0018354
 0.0017241  0.0019501
 0.0016510  0.0017377
 0.0014613  0.0018168
 0.0012909  0.0015887
 0.0009106  0.0018399
 0.0007766  0.0020684
 0.0009526  0.0023793
 0.0005089  0.0023558
 0.0002363  0.0024875
 0.0003304  0.0026966
 0.0004434  0.0025193
 0.0004244  0.0026521
 0.0005577  0.0025908
 0.0008052  0.0027777
 0.0009453  0.0026573
 0.0014980  0.0025757
 0.0017657  0.0024595
 0.0023782  0.0023468
 0.0029115  0.0021781
 0.0028517  0.0020238
 0.0030980  0.0019694
 0.0025735  0.0018963
 0.0022097  0.0019577
 0.0020785  0.0020558
 0.0018121  0.0021345
 0.0013700  0.0022314
 0.0013142  0.0023078
 0.0012379  0.0023275
 0.0010486  0.0022718
 0.0007809  0.0020260
 0.0008176  0.0017962
 0.0007381  0.0014696
 0.0007312  0.0010844
-0.0000222  0.0006601
 0.0002789  0.0002240
 0.0000068 -0.0003901
 0.0000452 -0.0007687
-0.0001103 -0.0011866
-0.0000509 -0.0016679
-0.0003416 -0.0018697
-0.0005887 -0.0021947
-0.0004539 -0.0021366
-0.0002956 -0.0023053
-0.0002540 -0.0020792
-0.0000965 -0.0019650
-0.0003258 -0.0019844
-0.0003460 -0.0021604
-0.0007308 -0.0015665
-0.0010013 -0.0016420
-0.0010288 -0.0012597
-0.0010531 -0.0010889
-0.0009376 -0.0012790
-0.0008241 -0.0008600
-0.0002880 -0.0008236
 0.0002514 -0.0009363
 0.0000031 -0.0013086
-0.0000715 -0.0010227
-0.0000679 -0.0015056
-0.0000848 -0.0020116
-0.0001813 -0.0022627
-0.0002193 -0.0024420
 0.0001457 -0.0026128
 0.0002418 -0.0026536
 0.0003128 -0.0023838
 0.0001392 -0.0017500
 0.0007327 -0.0013813
 0.0007485 -0.0006901
 0.0007650 -0.0006150
 0.0003851 -0.0002908
 0.0000540  0.0000362
 0.0001121  0.0001864
-0.0004071 -0.0001782
-0.0005936  0.0001485
-0.0008035 -0.0000825
-0.0007079 -0.0001596
-0.0007999 -0.0007184
-0.0004551 -0.0008884
-0.0002266 -0.0006780
-0.0000534 -0.0012683
 0.0003504 -0.0017443
 0.0005426 -0.0017798
 0.0011534 -0.0017184
 0.0013205 -0.0016409
 0.0017223 -0.0014124
 0.0018708 -0.0008746
 0.0017150 -0.0002790
 0.0021591 -0.0001232
 0.0021607 -0.0000085
 0.0023376  0.0000294
 0.0028250  0.0001853
 0.0026158  0.0001263
 0.0028455  0.0000880
 0.0029017  0.0003750
 0.0027309  0.0000452
 0.0025201 -0.0000085
 0.0019803  0.0001017
 0.0020017 -0.0001482
 0.0017155 -0.0002064
 0.0014102  0.0001121
 0.0009532 -0.0002194
 0.0011623 -0.0001076
 0.0009322  0.0000814
 0.0009483  0.0002320
 0.0016351  0.0003079
 0.0015350  0.0003462
 0.0016254  0.0003503
 0.0020638  0.0005861
 0.0019867  0.0007279
 0.0022338  0.0010759
 0.0022112  0.0011228
 0.0018692  0.0011252
 0.0018712  0.0009226
 0.0014654  0.0012335
 0.0013269  0.0011160
 0.0014787  0.0012339
 0.0014791  0.0014459
 0.0012470  0.0018254
 0.0014016  0.0018241
 0.0015167  0.0024160
 0.0015789  0.0028747
 0.0016758  0.0033329
 0.0011231  0.0032530
 0.0010662  0.0032328
 0.0011816  0.0035969
 0.0009333  0.0033070
-0.0001410  0.0034395
-0.0001967  0.0029420
-0.0007115  0.0028661
-0.0007280  0.0029804
-0.0008605  0.0030781
-0.0009356  0.0033078
-0.0010716  0.0039405
-0.0012045  0.0046099
-0.0014713  0.0048752
-0.0015419  0.0051659
-0.0016921  0.0053140
-0.0017276  0.0049293
-0.0015904  0.0046595
-0.0012657  0.0040987
-0.0010336  0.0036611
-0.0006117  0.0034883
-0.0000585  0.0032606
 0.0004752  0.0030127
 0.0003997  0.0031899
 0.0005899  0.0031334
 0.0005499  0.0029820
 0.0003832  0.0031573
 0.0006294  0.0028331
 0.0005362  0.0025278
 0.0007675  0.0021596
 0.0012488  0.0018136
 0.0016554  0.0014482
 0.0014471  0.0012124
 0.0012561  0.0011114
 0.0012969  0.0010581
 0.0006457  0.0014215
 0.0006453  0.0013085
 0.0001462  0.0014256
-0.0001231  0.0016541
-0.0005244  0.0018632
-0.0009685  0.0019428
-0.0010150  0.0016302
-0.0011127  0.0016633
-0.0008842  0.0016035
-0.0006533  0.0015099
-0.0006347  0.0013569
-0.0005007  0.0015366
-0.0003403  0.0015600
-0.0002963  0.0012576
-0.0003734  0.0012027
-0.0004465  0.0008975
-0.0002313  0.0006100
-0.0000984  0.0001522
-0.0001005 -0.0000957
 0.0001511 -0.0002665
 0.0003828  0.0000969
 0.0003635  0.0004599
 0.0003473  0.0003621
 0.0003469  0.0007061
 0.0000607  0.0007784
-0.0005538  0.0009669
-0.0007634  0.0006185
-0.0009766  0.0008470
-0.0014966  0.0010614
-0.0017049  0.0009500
-0.0018022  0.0013339
-0.0021862  0.0015633
-0.0026271  0.0018144
-0.0030308  0.0020231
-0.0035521  0.0023271
-0.0037891  0.0023053
-0.0042575  0.0024781
-0.0045906  0.0025161
-0.0046177  0.0026929
-0.0042197  0.0027931
-0.0042064  0.0025654
-0.0039221  0.0024112
-0.0034825  0.0021051
-0.0036185  0.0017199
-0.0036614  0.0008769
-0.0036622  0.0002249
-0.0034773 -0.0001377
-0.0032904 -0.0005204
-0.0034858 -0.0005770
-0.0034854 -0.0007122
-0.0035464 -0.0005003
-0.0035234 -0.0002338
-0.0034866 -0.0001648
-0.0031592  0.0000472
-0.0029089 -0.0001289
-0.0029262 -0.0002282
-0.0024070  0.0000040
-0.0021130  0.0000439
-0.0020876  0.0002575
-0.0018509  0.0002438
-0.0017483  0.0003234
-0.0018032 -0.0001167
-0.0018771 -0.0001550
-0.0015896 -0.0002689
-0.0016037 -0.0003254
-0.0014536 -0.0001736
-0.0011455  0.0001139
-0.0014136  0.0003646
-0.0013579  0.0007865
-0.0015315  0.0011874
-0.0013244  0.0014402
-0.0014258  0.0018035
-0.0010632  0.0019380
-0.0010866  0.0022311
-0.0013172  0.0020216
-0.0008771  0.0019861
-0.0010879  0.0020285
-0.0012025  0.0019171
-0.0010652  0.0019450
-0.0009275  0.0014876
-0.0010034  0.0009373
-0.0008657  0.0001734
-0.0008068 -0.0002259
-0.0005948 -0.0007588
-0.0001507 -0.0014686
-0.0001838 -0.0016022
 0.0002216 -0.0015490
 0.0008386 -0.0011856
 0.0007251 -0.0006947
 0.0010397 -0.0001060
 0.0011547  0.0004091
 0.0011576  0.0006526
 0.0009690  0.0007660
 0.0008354  0.0010571
 0.0005479  0.0009792
 0.0003558  0.0011548
 0.0001216  0.0014274
-0.0001623  0.0015978
-0.0000092  0.0016373
-0.0001259  0.0017540
-0.0002563  0.0019030
 0.0001107  0.0019240
 0.0002476  0.0020964
 0.0005165  0.0025142
 0.0009990  0.0026301
 0.0010159  0.0026669
 0.0013062  0.0027634
 0.0011520  0.0028974
 0.0012077  0.0025704
 0.0013042  0.0024924
 0.0012226  0.0019571
 0.0013171  0.0017843
 0.0009553  0.0016890
 0.0009690  0.0017653
 0.0011616  0.0015961
 0.0011229  0.0015610
 0.0011988  0.0015021
 0.0013950  0.0015990
 0.0014467  0.0018868
 0.0013151  0.0019595
 0.0012912  0.0018210
 0.0015771  0.0020297
 0.0014220  0.0019292
 0.0011927  0.0015242
 0.0015387  0.0015238
 0.0021924  0.0011386
 0.0022534  0.0011374
 0.0022917  0.0005447
 0.0025416  0.0001950
 0.0026167 -0.0004215
 0.0024023 -0.0004574
 0.0024407 -0.0010336
 0.0020551 -0.0013033
 0.0016122 -0.0010938
 0.0011741 -0.0011890
 0.0010409 -0.0010756
 0.0004437 -0.0009626
 0.0003085 -0.0007522
-0.0003456 -0.0005806
-0.0006945 -0.0004813
-0.0007748 -0.0008652
-0.0009154 -0.0008628
-0.0006715 -0.0009536
-0.0008678 -0.0011801
-0.0004511 -0.0010247
 0.0000273 -0.0006015
-0.0001277 -0.0004312
 0.0002001 -0.0002745
 0.0005457  0.0000501
 0.0003398 -0.0003512
 0.0007250 -0.0005995
 0.0007828 -0.0010945
 0.0006681 -0.0013989
 0.0009358 -0.0018224
 0.0010702 -0.0023004
 0.0008215 -0.0025512
 0.0011643 -0.0026081
 0.0011049 -0.0026812
 0.0011829 -0.0026610
 0.0014299 -0.0022754
 0.0016815 -0.0020049
 0.0017913 -0.0013132
 0.0021760 -0.0015281
 0.0018490 -0.0015317
 0.0020457 -0.0018079
 0.0021191 -0.0017958
 0.0020077 -0.0023567
 0.0020283 -0.0021693
 0.0022419 -0.0022881
 0.0019544 -0.0018714
 0.0023586 -0.0015246
 0.0018406 -0.0012561
 0.0014393 -0.0009997
 0.0010969 -0.0008616
 0.0012128 -0.0008939
 0.0012338 -0.0006944
 0.0014676 -0.0005563
 0.0017575 -0.0005143
 0.0018766 -0.0005349
 0.0020696  0.0000009
 0.0017672  0.0002621
 0.0013098  0.0004720
 0.0008467  0.0010680
 0.0003464  0.0009699
-0.0004599  0.0010102
-0.0004252  0.0011657
-0.0006957  0.0009763
-0.0006392  0.0006118
-0.0003319  0.0009582
-0.0003876  0.0008617
-0.0001018  0.0008245
-0.0001244  0.0010955
 0.0000521  0.0010579
 0.0001094  0.0011677
 0.0007017  0.0013422
 0.0008592  0.0014895
 0.0009557  0.0015129
 0.0008596  0.0016635
 0.0004046  0.0013373
-0.0001320  0.0009925
-0.0002487  0.0006485
-0.0006129  0.0005136
-0.0012645  0.0002859
-0.0013961 -0.0000056
-0.0014082  0.0000299
-0.0016190  0.0002972
-0.0016347  0.0001224
-0.0015337  0.0002152
-0.0011906  0.0007328
-0.0010565  0.0003077
-0.0008470  0.0005378
-0.0005842  0.0006739
-0.0000678  0.0008112
-0.0000666  0.0008330
-0.0000666  0.0006469
-0.0000625  0.0003627
 0.0003247  0.0001337
 0.0000788  0.0000376
 0.0001976 -0.0004436
 0.0002347 -0.0004255
 0.0004624 -0.0005442
 0.0006364 -0.0006407
 0.0004999 -0.0002216
 0.0007075  0.0001950
 0.0005112  0.0006731
 0.0007183  0.0009359
 0.0009424  0.0012588
 0.0007057  0.0013335
 0.0009112  0.0015847
 0.0009826  0.0013780
 0.0007872  0.0012286
 0.0009180  0.0013708
 0.0008429  0.0014330
 0.0008817  0.0017620
 0.0007884  0.0020297
 0.0011954  0.0024104
 0.0008890  0.0024039
 0.0006633  0.0028057
 0.0002604  0.0027447
-0.0000065  0.0026655
-0.0004115  0.0025287
-0.0005443  0.0019121
-0.0009626  0.0018721
-0.0010966  0.0018318
-0.0013643  0.0016153
-0.0015977  0.0015935
-0.0018645  0.0020938
-0.0024015  0.0022916
-0.0026692  0.0022751
-0.0028997  0.0019162
-0.0031848  0.0015197
-0.0032364  0.0008346
-0.0032162  0.0005294
-0.0030991 -0.0001178
-0.0025807 -0.0004210
-0.0023159 -0.0004545
-0.0017385 -0.0005473
-0.0017962 -0.0003354
-0.0015451 -0.0005631
-0.0017510 -0.0006022
-0.0020978 -0.0001089
-0.0019452  0.0000260
-0.0022121  0.0000978
-0.0025799  0.0006158
-0.0028331  0.0010341
-0.0033911  0.0009166
-0.0031670  0.0009347
-0.0030935  0.0005298
-0.0032865  0.0001413
-0.0030411  0.0001991
-0.0023280  0.0000008
-0.0022114  0.0000912
-0.0018125  0.0000537
-0.0013469  0.0003407
-0.0013057  0.0001332
-0.0009052  0.0002334
-0.0004021 -0.0000678
-0.0005539 -0.0002596
-0.0002632 -0.0004905
-0.0000480 -0.0004340
-0.0001792 -0.0006847
 0.0000311 -0.0004772
-0.0002918 -0.0002495
-0.0002935  0.0000569
-0.0000294  0.0007651
-0.0000710  0.0008769
-0.0002487  0.0011462
 0.0002022  0.0016420
 0.0005462  0.0015257
 0.0005967  0.0016190
 0.0006124  0.0019852
 0.0007081  0.0016238
 0.0008462  0.0014349
 0.0008643  0.0009383
 0.0009471  0.0004631
 0.0007812 -0.0001098
 0.0007590 -0.0003977
 0.0009694 -0.0006044
 0.0005987 -0.0001041
 0.0004081  0.0004345
-0.0001705  0.0007983
-0.0002690  0.0011633
-0.0004834  0.0014721
-0.0011144  0.0014313
-0.0009598  0.0011447
-0.0016676  0.0010478
-0.0019130  0.0007438
-0.0020826  0.0001099
-0.0023490 -0.0001186
-0.0026377 -0.0006540
-0.0030229 -0.0007460
-0.0031137 -0.0007291
-0.0034759 -0.0004202
-0.0038029 -0.0000338
-0.0038958 -0.0000750
-0.0038897  0.0000764
-0.0036394  0.0003635
-0.0036539  0.0000130
-0.0034213  0.0002605
-0.0033413  0.0002754
-0.0033001  0.0003497
-0.0034322  0.0004058
-0.0035723  0.0005023
-0.0034003  0.0003682
-0.0033809 -0.0001094
-0.0030947 -0.0003411
-0.0031334 -0.0008624
-0.0027874 -0.0013969
-0.0028831 -0.0016283
-0.0027474 -0.0019335
-0.0026703 -0.0017401
-0.0025540 -0.0015657
-0.0028213 -0.0014155
-0.0031851 -0.0009351
-0.0031814 -0.0010114
-0.0032953 -0.0009750
-0.0031624 -0.0012419
-0.0029089 -0.0015318
-0.0021652 -0.0019141
-0.0015135 -0.0017018
-0.0013605 -0.0020445
-0.0009919 -0.0023679
-0.0007081 -0.0017724
-0.0005530 -0.0018624
-0.0005340 -0.0011748
-0.0006721 -0.0007198
-0.0010581 -0.0003730
-0.0012556 -0.0000129
-0.0012803  0.0004033
-0.0014196  0.0005741
-0.0014596  0.0004150
-0.0012670  0.0004901
-0.0008624  0.0005652
-0.0005172  0.0002971
-0.0002293  0.0003912
 0.0001228  0.0000117
 0.0002758 -0.0000295
 0.0003376  0.0000864
 0.0000950  0.0001243
 0.0000235  0.0002377
-0.0000479  0.0003459
-0.0002703 -0.0000974
-0.0001936  0.0002256
-0.0000418 -0.0001366
-0.0002291 -0.0003271
-0.0002885 -0.0005593
 0.0003224 -0.0004806
 0.0008012 -0.0006291
 0.0010463 -0.0003219
 0.0017144 -0.0002399
 0.0023657  0.0000311
 0.0026923 -0.0000053
 0.0030157  0.0004001
 0.0034154  0.0009605
 0.0030843  0.0014204
 0.0035450  0.0014071
 0.0036935  0.0017370
 0.0038445  0.0021419
 0.0038437  0.0020479
 0.0037291  0.0020285
 0.0036152  0.0024690
 0.0032131  0.0022178
 0.0027310  0.0022340
 0.0028065  0.0018306
 0.0026959  0.0022691
 0.0027883  0.0019033
 0.0032066  0.0018290
 0.0033600  0.0019061
 0.0034537  0.0020793
 0.0039111  0.0020446
 0.0037197  0.0017006
 0.0036838  0.0016062
 0.0036038  0.0015278
 0.0031444  0.0014677
 0.0028912  0.0013938
 0.0024475  0.0014536
 0.0022379  0.0012787
 0.0017385  0.0011677
 0.0016440  0.0012989
 0.0014321  0.0012614
 0.0015516  0.0014350
 0.0015153  0.0014956
 0.0011107  0.0019005
 0.0010938  0.0016906
 0.0006726  0.0012671
 0.0002887  0.0009198
 0.0003650  0.0004175
 0.0005358  0.0000812
 0.0005527 -0.0004425
 0.0003936 -0.0006997
 0.0000250 -0.0009925
-0.0000360 -0.0015291
 0.0000750 -0.0020253
 0.0001142 -0.0026349
 0.0000766 -0.0029030
 0.0007089 -0.0029797
 0.0009398 -0.0028614
 0.0011328 -0.0022658
 0.0013395 -0.0018443
 0.0015503 -0.0014047
 0.0014760 -0.0008491
 0.0009180 -0.0007756
 0.0007480 -0.0004523
 0.0007844 -0.0005492
 0.0002288 -0.0003570
 0.0000964 -0.0002936
-0.0000942 -0.0006153
-0.0009343 -0.0007667
-0.0012783 -0.0011692
-0.0017160 -0.0010933
-0.0020261 -0.0011313
-0.0023705 -0.0014030
-0.0024306 -0.0013832
-0.0026991 -0.0012718
-0.0023507 -0.0012145
-0.0021230 -0.0015754
-0.0016409 -0.0016170
-0.0011749 -0.0019469
-0.0002762 -0.0017741
-0.0000271 -0.0014697
 0.0003565 -0.0013167
 0.0007174 -0.0014915
 0.0009451 -0.0013001
 0.0010820 -0.0012226
 0.0016747 -0.0011802
 0.0017344 -0.0010486
 0.0016775 -0.0011213
 0.0018858 -0.0009262
 0.0015790 -0.0013695
 0.0019278 -0.0017935
 0.0018479 -0.0021379
 0.0017126 -0.0027342
 0.0018471 -0.0029264
 0.0019024 -0.0033871
 0.0021466 -0.0033875
 0.0021717 -0.0034057
 0.0029574 -0.0032522
 0.0031569 -0.0031376
 0.0035304 -0.0030015
 0.0038009 -0.0028501
 0.0038272 -0.0029095
 0.0039439 -0.0025461
 0.0037117 -0.0027766
 0.0039200 -0.0029135
 0.0038203 -0.0027391
 0.0038336 -0.0027403
 0.0034270 -0.0027944
 0.0034229 -0.0025416
 0.0031908 -0.0025582
 0.0030575 -0.0026131
 0.0029029 -0.0026119
 0.0030753 -0.0022408
 0.0031338 -0.0018548
 0.0034019 -0.0018152
 0.0029635 -0.0017760
 0.0030220 -0.0016436
 0.0028290 -0.0017979
 0.0028476 -0.0019343
 0.0028641 -0.0017062
 0.0022682 -0.0015181
 0.0022682 -0.0013683
 0.0018806 -0.0015997
 0.0017239 -0.0009699
 0.0014736 -0.0010243
 0.0015111 -0.0007728
 0.0011837 -0.0006173
 0.0008817 -0.0000400
 0.0009358  0.0001134
 0.0005393  0.0001477
 0.0001760  0.0003585
 0.0005450  0.0003973
 0.0000843  0.0003395
-0.0001619  0.0002438
-0.0001426  0.0002269
-0.0004902  0.0003605
-0.0007191  0.0002257
-0.0006238  0.0000920
-0.0007575  0.0003032
-0.0005859  0.0000731
-0.0006642 -0.0001167
-0.0007995 -0.0002326
-0.0007781 -0.0002891
-0.0007546 -0.0005543
-0.0009856 -0.0007659
-0.0009646 -0.0009593
-0.0011935 -0.0010372
-0.0009993 -0.0010441
-0.0007324 -0.0007736
-0.0005762 -0.0015803
-0.0004611 -0.0016029
-0.0000759 -0.0021399
 0.0001724 -0.0022162
 0.0005180 -0.0024876
 0.0007671 -0.0024984
 0.0008793 -0.0023838
 0.0007251 -0.0025154
 0.0004607 -0.0023554
 0.0006335 -0.0025811
 0.0003262 -0.0024677
 0.0002754 -0.0029812
 0.0004676 -0.0029231
 0.0002399 -0.0030842
-0.0000621 -0.0028408
 0.0005306 -0.0030544
 0.0003215 -0.0029074
 0.0002613 -0.0024722
 0.0002980 -0.0019522
 0.0002044 -0.0018169
-0.0001207 -0.0012347
-0.0000859 -0.0009428
-0.0006015 -0.0008087
-0.0009657 -0.0007659
-0.0013529 -0.0004248
-0.0015233 -0.0007324
-0.0014680 -0.0010796
-0.0012007 -0.0009836
-0.0011801 -0.0013490
-0.0005664 -0.0012351
-0.0002955 -0.0011410
-0.0002959 -0.0008560
 0.0000893 -0.0007619
 0.0007393 -0.0005149
 0.0004829 -0.0003667
 0.0009807 -0.0001172
 0.0010158 -0.0005230
 0.0012435 -0.0006570
 0.0016247 -0.0007152
 0.0018911 -0.0008896
 0.0018524 -0.0009098
 0.0017893 -0.0011201
 0.0021741 -0.0011383
 0.0023639 -0.0014031
 0.0025561 -0.0014786
 0.0028872 -0.0014201
 0.0031565 -0.0009772
 0.0031213 -0.0007293
 0.0030652 -0.0006703
 0.0029889 -0.0007668
 0.0026635 -0.0006154
 0.0022618 -0.0004979
 0.0017236 -0.0004047
 0.0013945 -0.0000801
 0.0010089  0.0001888
 0.0005632  0.0005534
 0.0004049  0.0006075
 0.0002147  0.0006871
 0.0003641  0.0011110
 0.0007081  0.0007509
 0.0010876  0.0005058
 0.0012030  0.0003742
 0.0011631  0.0003012
 0.0013754  0.0000594
 0.0015668  0.0002556
 0.0014740  0.0000093
 0.0016472  0.0000885
 0.0015297  0.0002254
 0.0014122  0.0000517
 0.0012979 -0.0002753
 0.0014856 -0.0000270
 0.0014477 -0.0000294
 0.0017137 -0.0006088
 0.0015567 -0.0004187
 0.0018082 -0.0008240
 0.0016940 -0.0010364
 0.0017307 -0.0008463
 0.0014271 -0.0013433
 0.0010080 -0.0014539
 0.0009560 -0.0014716
 0.0010545 -0.0013574
 0.0007360 -0.0015847
 0.0005478 -0.0015039
 0.0002269 -0.0016767
 0.0001538 -0.0017159
 0.0002120 -0.0017720
 0.0004256 -0.0018952
 0.0005984 -0.0018023
 0.0003319 -0.0020369
 0.0001979 -0.0018492
 0.0000206 -0.0019473
 0.0000384 -0.0017345
-0.0002738 -0.0013893
-0.0002387 -0.0012339
-0.0002040 -0.0012888
 0.0000096 -0.0010033
 0.0006568 -0.0008858
 0.0009084 -0.0008091
 0.0014470 -0.0011931
 0.0015410 -0.0009666
 0.0015414 -0.0006812
 0.0011159 -0.0008362
 0.0010569 -0.0005088
 0.0007287 -0.0003162
 0.0001925 -0.0002387
 0.0000387 -0.0004837
-0.0002109 -0.0006953
-0.0000885 -0.0006512
-0.0001095 -0.0005919
-0.0003949 -0.0006335
-0.0001809 -0.0004195
-0.0002750 -0.0005749
-0.0005200 -0.0002095
-0.0007696 -0.0003432
-0.0009985 -0.0000924
-0.0010372 -0.0002600
-0.0008442 -0.0007368
-0.0005350 -0.0006613
-0.0001522 -0.0009451
 0.0005927 -0.0008890
 0.0007219 -0.0014454
 0.0009120 -0.0016396
 0.0008943 -0.0020837
 0.0008535 -0.0020441
 0.0008555 -0.0023514
 0.0005866 -0.0025056
 0.0005866 -0.0026817
 0.0001074 -0.0027782
 0.0001263 -0.0026833
 0.0005268 -0.0025109
 0.0011401 -0.0025468
 0.0010585 -0.0019339
 0.0016104 -0.0013013
 0.0018192 -0.0008567
 0.0019318 -0.0001126
 0.0022940  0.0002940
 0.0026045  0.0006408
 0.0025467  0.0010825
 0.0027785  0.0013708
 0.0026840  0.0019308
 0.0026069  0.0021258
 0.0026667  0.0021827
 0.0025112  0.0019958
 0.0025875  0.0020180
 0.0028403  0.0018461
 0.0030890  0.0012744
 0.0030559  0.0012731
 0.0035553  0.0010471
 0.0035796  0.0007370
 0.0035449  0.0005799
 0.0034488  0.0003126
 0.0028755  0.0006752
 0.0026405  0.0007507
 0.0022194  0.0005415
 0.0019295  0.0006611
 0.0016198  0.0006062
 0.0019634  0.0003918
 0.0015637  0.0006776
 0.0017534  0.0008129
 0.0018701  0.0010814
 0.0019129  0.0010983
 0.0019497  0.0012752
 0.0023159  0.0011601
 0.0024556  0.0009712
 0.0027439  0.0011811
 0.0030923  0.0009340
 0.0034028  0.0006284
 0.0035995  0.0007592
 0.0036172  0.0011440
 0.0036948  0.0011589
 0.0038243  0.0008726
 0.0034775  0.0010063
 0.0033782  0.0013119
 0.0032401  0.0009873
 0.0028145  0.0005428
 0.0025468  0.0005577
 0.0024487  0.0005775
 0.0023942  0.0002739
 0.0019768  0.0001757
 0.0023838  0.0005214
 0.0023293  0.0002541
 0.0027569  0.0002722
 0.0029337  0.0001717
 0.0030871  0.0000736
 0.0032042  0.0003570
 0.0028405  0.0002988
 0.0026107  0.0002794
 0.0020576  0.0005685
 0.0017722  0.0000150
 0.0011609 -0.0003479
 0.0008932 -0.0006395
 0.0008953 -0.0013856
 0.0006005 -0.0015031
 0.0006376 -0.0013707
 0.0004995 -0.0018842
 0.0006093 -0.0011353
 0.0005891 -0.0010783
 0.0005879 -0.0006750
 0.0002794 -0.0001198
 0.0002984 -0.0000213
 0.0000114 -0.0001590
 0.0004894  0.0001676
 0.0004543  0.0000134
 0.0011253  0.0001680
 0.0016449  0.0003574
 0.0025053  0.0006295
 0.0028122  0.0007607
 0.0032510  0.0007934
 0.0035781  0.0008160
 0.0034165  0.0008120
 0.0027043  0.0004825
 0.0026631  0.0000016
 0.0024095 -0.0000533
 0.0017889 -0.0000380
 0.0015939 -0.0003844
 0.0013617 -0.0003064
 0.0011744 -0.0003630
 0.0013670 -0.0004764
 0.0015584 -0.0004191
 0.0017534 -0.0004558
 0.0019407 -0.0004364
 0.0016896 -0.0008979
 0.0018608 -0.0007808
 0.0020538 -0.0007602
 0.0018971 -0.0007255
 0.0020542 -0.0006278
 0.0020901 -0.0004764
 0.0018745 -0.0003242
 0.0021615 -0.0004546
 0.0020852 -0.0007178
 0.0021575 -0.0009229
 0.0023089 -0.0012079
 0.0020041 -0.0013771
 0.0017009 -0.0017772
 0.0017800 -0.0017178
 0.0011897 -0.0021567
 0.0009241 -0.0021603
 0.0009063 -0.0019479
 0.0005030 -0.0022185
 0.0004852 -0.0021305
 0.0003734 -0.0017110
 0.0004526 -0.0013731
 0.0005297 -0.0006710
 0.0008531 -0.0004417
 0.0006233  0.0004348
 0.0009875  0.0007449
 0.0014918  0.0007635
 0.0016683  0.0009940
 0.0021520  0.0015895
 0.0021775  0.0016860
 0.0024096  0.0020082
 0.0026103  0.0020659
 0.0025712  0.0020062
 0.0024743  0.0020272
 0.0027407  0.0019360
 0.0026983  0.0015746
 0.0026349  0.0016110
 0.0029897  0.0010421
 0.0029865  0.0009852
