[PARAMETERS]
DW=1E-007
TAU=0.0001
TD=4096
BS=4096
NS=128
NSC=128
FR=56.050000
GAIN=4.974204
D0=0.05
D1=5E-006
D2=1.05E-005
D3=2.5E-005
D4=1E-005
D5=5E-005
D6=0.001
D7=0.001
D8=0.001
D9=0.05
C0=1
SEGTD=0
SEGOFF=0
SEGNUM=0
[ADDITIONAL]
PPFILE=ZG_two_T2.PC
DATEWR=26.09.2024
TIMEWR=13:49:51
DATESTA=26.09.2024
TIMESTA=13:49:42
DATEEND=26.09.2024
TIMEEND=13:49:51
CURR_Z0=0
CURR_Z1=1
TE=-1
[VARIABLES]
_USER=Measurements
_EMAIL_F=7NMR.NMR-270-ijs.si
_ITC_H=1
_ITC_R0= 70.00
_ITC_R1= 70.06
_ITC_R2= 70.78
_ITC_R3=  0.00
_ITC_R4=  0.06
_ITC_V=  4.98
_ITC_X=X0A1C1S00H1
_FW=100
_ORIENT=?
_THETA=0
_TITLE=?
_DESCR1=?
_DESCR2=?
_FR_LARM=56.05000000
_FR_SYNT=526.05000000
_TRIMLEV=1.7724609375
_DATE=26.09.2024
_TIME=13:44:47
_ITC_DIR=M35
[PPFILE]
; pi/2 - pi


DELAY D9
PULSE [GT] 3u
PULSE [PHL1,GT] D1
DELAY TAU-3u
PULSE [GT] 3u
PULSE [PHL2,GT] 2*D1
DELAY TAU-D3
PULSE [TR] 1u+DW
DELAY 1m
STOP

;PHL 1 [+X] [+X] [+Y] [+Y] [-X] [-X] [-Y] [-Y]
;PHL 2 [+Y] [-Y] [-X] [+X] [-Y] [+Y] [+X] [-X]
;!RLS +X+X+Y+Y-X-X-Y-Y

PHL 1 [+X] [+X] [-X] [-X] [+Y] [+Y] [-Y] [-Y] [+X] [+X] [-X] [-X] [+Y] [+Y] [-Y] [-Y]
PHL 2 [+Y] [-Y] [-Y] [+Y] [-X] [+X] [+X] [-X] [+X] [-X] [-X] [+X] [-Y] [+Y] [+Y] [-Y]
!RLS +X+X-X-X+Y+Y-Y-Y-X-X+X+X-Y-Y+Y+Y
[DATA]
-0.0012003 -0.0010568
-0.0012250 -0.0012292
-0.0012843 -0.0013447
-0.0009411 -0.0012272
-0.0005398 -0.0014908
-0.0007130 -0.0012813
-0.0008475 -0.0010063
-0.0008297 -0.0009473
-0.0012516 -0.0008867
-0.0015581 -0.0005573
-0.0013073 -0.0006546
-0.0019009 -0.0007866
-0.0020720 -0.0009969
-0.0018060 -0.0013018
-0.0015746 -0.0012820
-0.0013251 -0.0014705
-0.0010046 -0.0010874
-0.0006541 -0.0009529
-0.0002685 -0.0007595
-0.0002483 -0.0003594
 0.0000057 -0.0001482
-0.0001247 -0.0001430
-0.0002588  0.0000113
 0.0001491 -0.0001030
-0.0000613 -0.0003852
 0.0004386 -0.0004009
 0.0002678 -0.0002862
 0.0007095 -0.0005866
 0.0004212 -0.0006052
 0.0003828 -0.0006415
-0.0000370 -0.0006431
-0.0001154 -0.0002999
-0.0002325 -0.0001292
-0.0001356 -0.0001065
-0.0004465 -0.0003262
-0.0002143 -0.0003464
 0.0000505 -0.0006795
 0.0000077 -0.0008588
 0.0001607 -0.0008588
 0.0005362 -0.0011839
 0.0003444 -0.0012246
 0.0004183 -0.0011059
 0.0000141 -0.0010829
-0.0001579 -0.0008734
-0.0005382 -0.0006585
-0.0006173 -0.0005806
-0.0012678 -0.0004866
-0.0017721 -0.0007324
-0.0021758 -0.0006347
-0.0025986 -0.0009193
-0.0028348 -0.0011611
-0.0030043 -0.0007941
-0.0032567 -0.0008454
-0.0037343 -0.0008805
-0.0035228 -0.0007205
-0.0035974  0.0000486
-0.0032308  0.0003074
-0.0031727  0.0003260
-0.0032474  0.0005553
-0.0030132  0.0002493
-0.0031674 -0.0000777
-0.0034961 -0.0001347
-0.0032667 -0.0003252
-0.0033604 -0.0007128
-0.0032667 -0.0009603
-0.0030556 -0.0011905
-0.0026684 -0.0018974
-0.0024923 -0.0018603
-0.0019509 -0.0017864
-0.0019109 -0.0014808
-0.0015043 -0.0011368
-0.0014611 -0.0008869
-0.0016468 -0.0006769
-0.0017033 -0.0006769
-0.0018773 -0.0007763
-0.0020860 -0.0010258
-0.0020469 -0.0013314
-0.0019173 -0.0016589
-0.0018761 -0.0017133
-0.0016488 -0.0020198
-0.0014017 -0.0014432
-0.0010747 -0.0011198
-0.0006940 -0.0011961
-0.0004073 -0.0012498
-0.0003867 -0.0010431
-0.0001190 -0.0010395
-0.0003665 -0.0010621
-0.0013242 -0.0012902
-0.0012257 -0.0014618
-0.0018914 -0.0018462
-0.0023497 -0.0021736
-0.0018312 -0.0025564
-0.0016568 -0.0027114
-0.0013669 -0.0025729
-0.0011941 -0.0021877
-0.0012676 -0.0016491
-0.0012672 -0.0009967
-0.0015542 -0.0005893
-0.0018986 -0.0001157
-0.0019410  0.0003632
-0.0016383  0.0004725
-0.0018918  0.0004091
-0.0015313  0.0005008
-0.0010924  0.0007697
-0.0015729  0.0008031
-0.0012483  0.0012622
-0.0009394  0.0010317
-0.0007205  0.0007079
-0.0008538  0.0011084
-0.0006232  0.0011706
-0.0005219  0.0013050
-0.0006180  0.0013809
-0.0000620  0.0012877
 0.0002198  0.0013042
 0.0003340  0.0014988
 0.0005581  0.0013264
 0.0008851  0.0008605
 0.0011112  0.0006521
 0.0013615  0.0006909
 0.0011334  0.0000207
 0.0015174 -0.0003386
 0.0015384 -0.0010056
 0.0018101 -0.0012506
 0.0019454 -0.0014569
 0.0020237 -0.0018170
 0.0022910 -0.0016099
 0.0022300 -0.0015885
 0.0019038 -0.0017262
 0.0015590 -0.0016721
 0.0014035 -0.0014436
 0.0009227 -0.0011631
 0.0009021 -0.0010710
 0.0006509 -0.0006391
 0.0004802 -0.0004885
 0.0007083  0.0000473
 0.0006727  0.0004252
 0.0009041  0.0008426
 0.0010777  0.0013598
 0.0014592  0.0018172
 0.0015174  0.0017760
 0.0016922  0.0019270
 0.0016724  0.0021176
 0.0016159  0.0019230
 0.0018081  0.0018681
 0.0014992  0.0022884
 0.0013652  0.0023094
 0.0015743  0.0024797
 0.0015743  0.0028262
 0.0014927  0.0034584
 0.0015299  0.0042102
 0.0018529  0.0042441
 0.0018133  0.0049160
 0.0020418  0.0051873
 0.0021940  0.0052269
 0.0022844  0.0055297
 0.0026865  0.0057210
 0.0023991  0.0059520
 0.0022436  0.0057561
 0.0021237  0.0056653
 0.0014926  0.0057610
 0.0012040  0.0053230
 0.0013739  0.0050020
 0.0013933  0.0047355
 0.0015104  0.0040827
 0.0018201  0.0037609
 0.0020494  0.0035283
 0.0023385  0.0030685
 0.0027229  0.0025755
 0.0025719  0.0027830
 0.0027875  0.0026110
 0.0029793  0.0023999
 0.0026006  0.0025093
 0.0026171  0.0025852
 0.0023244  0.0028113
 0.0021891  0.0030732
 0.0020482  0.0032465
 0.0017922  0.0033571
 0.0014797  0.0037229
 0.0017622  0.0037834
 0.0013149  0.0037628
 0.0012983  0.0036518
 0.0013985  0.0035796
 0.0011877  0.0032921
 0.0012124  0.0033495
 0.0014631  0.0032752
 0.0017873  0.0028718
 0.0023110  0.0027600
 0.0028237  0.0024548
 0.0031887  0.0020753
 0.0036074  0.0018262
 0.0036251  0.0017164
 0.0036268  0.0016191
 0.0035137  0.0021597
 0.0030559  0.0025210
 0.0028121  0.0031303
 0.0023207  0.0035869
 0.0023789  0.0043306
 0.0021762  0.0049418
 0.0026777  0.0055543
 0.0029995  0.0064538
 0.0034259  0.0067191
 0.0038457  0.0075266
 0.0044368  0.0080809
 0.0045886  0.0087907
 0.0050093  0.0096350
 0.0052754  0.0104005
 0.0052205  0.0109895
 0.0048910  0.0118692
 0.0045801  0.0126315
 0.0039664  0.0133021
 0.0038456  0.0144681
 0.0037855  0.0155744
 0.0036878  0.0164206
 0.0043931  0.0178200
 0.0048154  0.0189856
 0.0055813  0.0203450
 0.0066896  0.0220319
 0.0078823  0.0236206
 0.0091278  0.0254972
 0.0105248  0.0273589
 0.0115596  0.0287195
 0.0126533  0.0301585
 0.0140692  0.0320173
 0.0151597  0.0336101
 0.0160593  0.0351657
 0.0176064  0.0367799
 0.0193328  0.0379314
 0.0211291  0.0396413
 0.0232515  0.0415006
 0.0254189  0.0430013
 0.0279818  0.0447257
 0.0307018  0.0462397
 0.0328316  0.0478713
 0.0356090  0.0497721
 0.0377391  0.0516714
 0.0399448  0.0536477
 0.0421517  0.0551662
 0.0448362  0.0567631
 0.0476007  0.0575326
 0.0505517  0.0588820
 0.0539855  0.0600953
 0.0573415  0.0614422
 0.0605270  0.0629018
 0.0636904  0.0642689
 0.0667225  0.0658810
 0.0695250  0.0671306
 0.0724784  0.0686665
 0.0750147  0.0697203
 0.0778725  0.0711435
 0.0807140  0.0721020
 0.0834579  0.0731554
 0.0866435  0.0739806
 0.0900200  0.0746682
 0.0933239  0.0755540
 0.0973893  0.0765323
 0.1007678  0.0772231
 0.1045663  0.0782814
 0.1084051  0.0791870
 0.1116513  0.0801043
 0.1152951  0.0811201
 0.1186918  0.0820786
 0.1217046  0.0829725
 0.1250250  0.0836778
 0.1286329  0.0843230
 0.1318205  0.0845474
 0.1353291  0.0848708
 0.1389164  0.0848465
 0.1428093  0.0851889
 0.1467386  0.0853625
 0.1504595  0.0856710
 0.1541384  0.0863412
 0.1574717  0.0867502
 0.1608269  0.0871560
 0.1642950  0.0879066
 0.1676877  0.0885655
 0.1716404  0.0889503
 0.1751122  0.0895244
 0.1792002  0.0902383
 0.1836136  0.0903683
 0.1879551  0.0910781
 0.1925792  0.0919392
 0.1975502  0.0926805
 0.2020980  0.0934044
 0.2075809  0.0945914
 0.2123548  0.0954752
 0.2173406  0.0966824
 0.2222538  0.0974705
 0.2270124  0.0979126
 0.2315215  0.0983935
 0.2367209  0.0986467
 0.2416087  0.0986661
 0.2464779  0.0984702
 0.2520601  0.0979316
 0.2573899  0.0976009
 0.2629511  0.0968297
 0.2688176  0.0961607
 0.2746465  0.0956391
 0.2802605  0.0947371
 0.2859344  0.0937617
 0.2918020  0.0927103
 0.2972070  0.0913336
 0.3030359  0.0900351
 0.3085628  0.0881977
 0.3142229  0.0866461
 0.3197506  0.0847081
 0.3252033  0.0828246
 0.3309393  0.0806347
 0.3362324  0.0781973
 0.3415223  0.0761971
 0.3470431  0.0740261
 0.3518707  0.0713957
 0.3565106  0.0689587
 0.3614342  0.0667344
 0.3656724  0.0643749
 0.3698173  0.0617832
 0.3740017  0.0589259
 0.3781211  0.0559321
 0.3819914  0.0528006
 0.3860931  0.0492852
 0.3898104  0.0454831
 0.3934893  0.0419515
 0.3967616  0.0381361
 0.3994078  0.0343017
 0.4022429  0.0303329
 0.4044849  0.0264803
 0.4071888  0.0222842
 0.4091263  0.0184313
 0.4106400  0.0140393
 0.4121189  0.0097051
 0.4132886  0.0056724
 0.4142273  0.0014517
 0.4149569 -0.0028475
 0.4158750 -0.0072253
 0.4165262 -0.0115563
 0.4171152 -0.0155445
 0.4175178 -0.0196676
 0.4173999 -0.0237866
 0.4170910 -0.0273100
 0.4159928 -0.0310487
 0.4146124 -0.0349533
 0.4134584 -0.0387687
 0.4118665 -0.0422228
 0.4095259 -0.0461581
 0.4077995 -0.0502292
 0.4057868 -0.0536651
 0.4036183 -0.0570440
 0.4008922 -0.0597867
 0.3983211 -0.0628693
 0.3954832 -0.0657060
 0.3924519 -0.0685952
 0.3894976 -0.0712901
 0.3859883 -0.0740663
 0.3831734 -0.0768077
 0.3797213 -0.0790049
 0.3758938 -0.0814952
 0.3722920 -0.0837759
 0.3686147 -0.0862658
 0.3649907 -0.0885518
 0.3613885 -0.0910309
 0.3577834 -0.0928175
 0.3541776 -0.0946461
 0.3505915 -0.0960144
 0.3472343 -0.0973040
 0.3433632 -0.0982100
 0.3394654 -0.0989990
 0.3357267 -0.1001060
 0.3316634 -0.1012175
 0.3277854 -0.1024429
 0.3236418 -0.1040094
 0.3197484 -0.1056785
 0.3158761 -0.1070411
 0.3116586 -0.1083997
 0.3076187 -0.1097797
 0.3035397 -0.1110838
 0.2996124 -0.1117787
 0.2953057 -0.1126472
 0.2915497 -0.1132864
 0.2871420 -0.1141347
 0.2829810 -0.1145025
 0.2789326 -0.1149850
 0.2744668 -0.1161550
 0.2697873 -0.1164025
 0.2654713 -0.1174555
 0.2607147 -0.1185864
 0.2569142 -0.1196567
 0.2526353 -0.1207480
 0.2486261 -0.1220117
 0.2448022 -0.1225855
 0.2409032 -0.1233118
 0.2365508 -0.1238657
 0.2320554 -0.1238621
 0.2280644 -0.1242440
 0.2229759 -0.1243764
 0.2184087 -0.1245435
 0.2135888 -0.1245572
 0.2083687 -0.1247288
 0.2035742 -0.1244563
 0.1985653 -0.1243945
 0.1935770 -0.1245273
 0.1891665 -0.1244684
 0.1850224 -0.1243311
 0.1808238 -0.1243690
 0.1771194 -0.1241195
 0.1732220 -0.1238938
 0.1693881 -0.1234130
 0.1653611 -0.1225643
 0.1612764 -0.1215080
 0.1569479 -0.1203909
 0.1527113 -0.1187771
 0.1481361 -0.1180467
 0.1435573 -0.1168803
 0.1394956 -0.1153819
 0.1347843 -0.1145991
 0.1306491 -0.1134125
 0.1266407 -0.1120688
 0.1225609 -0.1112456
 0.1186902 -0.1098640
 0.1149717 -0.1083289
 0.1115423 -0.1071795
 0.1074386 -0.1059153
 0.1040782 -0.1047663
 0.1005139 -0.1034206
 0.0969670 -0.1020002
 0.0936353 -0.1005039
 0.0900166 -0.0992175
 0.0866990 -0.0975121
 0.0834791 -0.0953113
 0.0801648 -0.0934747
 0.0769001 -0.0911584
 0.0737561 -0.0890735
 0.0703614 -0.0867742
 0.0670232 -0.0848386
 0.0641251 -0.0827650
 0.0607691 -0.0808851
 0.0578892 -0.0785438
 0.0547614 -0.0770854
 0.0518818 -0.0748402
 0.0495788 -0.0729591
 0.0470469 -0.0711172
 0.0444424 -0.0694155
 0.0425432 -0.0673378
 0.0408402 -0.0656501
 0.0383067 -0.0636515
 0.0364450 -0.0621120
 0.0342987 -0.0606549
 0.0323990 -0.0594630
 0.0307848 -0.0581989
 0.0290386 -0.0570498
 0.0274071 -0.0553093
 0.0259867 -0.0533536
 0.0247621 -0.0520313
 0.0235364 -0.0495761
 0.0223695 -0.0476385
 0.0217817 -0.0461055
 0.0205410 -0.0441691
 0.0201736 -0.0425763
 0.0194126 -0.0413905
 0.0186959 -0.0403917
 0.0184593 -0.0386652
 0.0173796 -0.0378792
 0.0171075 -0.0363994
 0.0166621 -0.0355338
 0.0156241 -0.0346108
 0.0152046 -0.0337072
 0.0150718 -0.0326845
 0.0145764 -0.0316872
 0.0146164 -0.0302087
 0.0144488 -0.0294363
 0.0140714 -0.0276319
 0.0145361 -0.0262099
 0.0135445 -0.0251149
 0.0133609 -0.0237580
 0.0128800 -0.0225504
 0.0122138 -0.0217853
 0.0118557 -0.0209814
 0.0112614 -0.0198715
 0.0109009 -0.0198728
 0.0103688 -0.0193790
 0.0104697 -0.0189377
 0.0102259 -0.0183648
 0.0098093 -0.0181222
 0.0095650 -0.0177415
 0.0090478 -0.0170753
 0.0086837 -0.0164451
 0.0083158 -0.0159267
 0.0076411 -0.0149496
 0.0074445 -0.0139491
 0.0068820 -0.0131602
 0.0060943 -0.0122150
 0.0059005 -0.0114236
 0.0057657 -0.0108825
 0.0052460 -0.0106294
 0.0049404 -0.0105321
 0.0049606 -0.0107416
 0.0048286 -0.0106100
 0.0050793 -0.0106661
 0.0050603 -0.0106835
 0.0049316 -0.0107000
 0.0048169 -0.0104856
 0.0049510 -0.0101957
 0.0045496 -0.0100249
 0.0043797 -0.0096022
 0.0044523 -0.0092400
 0.0037607 -0.0089962
 0.0034131 -0.0088287
 0.0030670 -0.0087972
 0.0026617 -0.0088074
 0.0016608 -0.0083746
 0.0016818 -0.0079761
 0.0014294 -0.0076947
 0.0007996 -0.0071783
 0.0008379 -0.0066640
 0.0007826 -0.0063200
 0.0005678 -0.0059013
 0.0003175 -0.0054600
 0.0003918 -0.0050151
 0.0002961 -0.0048253
 0.0006780 -0.0044002
 0.0007386 -0.0042621
 0.0008133 -0.0034178
 0.0009720 -0.0032454
 0.0008408 -0.0028772
 0.0009773 -0.0028562
 0.0006559 -0.0027024
 0.0004460 -0.0027916
 0.0002558 -0.0025998
-0.0000672 -0.0029005
-0.0006235 -0.0028396
-0.0008529 -0.0030269
-0.0006240 -0.0033902
-0.0009126 -0.0037956
-0.0005485 -0.0040492
-0.0003809 -0.0044037
-0.0003983 -0.0045237
-0.0003067 -0.0048737
 0.0001330 -0.0049355
-0.0003466 -0.0051907
-0.0004443 -0.0049622
-0.0000987 -0.0047910
 0.0000143 -0.0044644
-0.0001016 -0.0039831
 0.0002610 -0.0035220
 0.0001435 -0.0029669
 0.0002165 -0.0025046
 0.0005593 -0.0019927
 0.0006340 -0.0018776
 0.0003053 -0.0019398
 0.0005504 -0.0020371
 0.0001829 -0.0022531
 0.0000081 -0.0025229
-0.0001469 -0.0027914
-0.0003779 -0.0027146
-0.0004756 -0.0027522
-0.0003238 -0.0025131
-0.0003411 -0.0023222
 0.0000763 -0.0024905
 0.0001914 -0.0019507
 0.0001106 -0.0017932
 0.0003185 -0.0012744
 0.0001429 -0.0010204
 0.0002761 -0.0007729
-0.0002988 -0.0008339
 0.0001647 -0.0008690
-0.0003747 -0.0009530
-0.0005649 -0.0017238
-0.0002246 -0.0013600
-0.0000893 -0.0014181
-0.0003776 -0.0014169
-0.0002282 -0.0014730
-0.0001551 -0.0011795
 0.0002643 -0.0014823
 0.0001880 -0.0015513
 0.0000100 -0.0014750
-0.0000260 -0.0018957
 0.0001323 -0.0018008
 0.0001686 -0.0016316
-0.0001184 -0.0015578
 0.0001468 -0.0012114
-0.0001076 -0.0010991
-0.0001492 -0.0010769
 0.0002316 -0.0009618
 0.0004181 -0.0009376
 0.0007063 -0.0006679
 0.0011476 -0.0007006
 0.0015930 -0.0006032
 0.0015405 -0.0005084
 0.0017182 -0.0003953
 0.0017033 -0.0002068
 0.0015135 -0.0005391
 0.0016129 -0.0005028
 0.0016351 -0.0001208
 0.0015810  0.0002999
 0.0015043  0.0007997
 0.0017316  0.0013222
 0.0013864  0.0012854
 0.0009504  0.0016928
 0.0003912  0.0013868
-0.0003949  0.0012895
-0.0008915  0.0007162
-0.0010878  0.0007348
-0.0012259  0.0001194
-0.0006933  0.0000641
-0.0001612 -0.0000885
-0.0001084  0.0001610
 0.0004415  0.0002406
 0.0006159  0.0003779
 0.0005554  0.0002055
 0.0005533  0.0002285
 0.0006317  0.0003064
 0.0002840 -0.0002487
 0.0002869 -0.0003767
 0.0000200 -0.0005083
 0.0000261 -0.0005454
-0.0000655 -0.0009859
-0.0001406 -0.0007739
-0.0003086 -0.0005434
-0.0002480 -0.0006193
 0.0000366 -0.0005373
-0.0001729 -0.0004230
-0.0000401 -0.0006693
 0.0002462 -0.0009564
 0.0001295 -0.0008417
 0.0002248 -0.0010900
 0.0000289 -0.0008615
-0.0004164 -0.0010553
-0.0000737 -0.0008268
-0.0003446 -0.0009027
-0.0006159 -0.0007695
-0.0009228 -0.0007113
-0.0006934 -0.0004408
-0.0007508 -0.0006326
-0.0004201 -0.0011659
-0.0002881 -0.0014142
 0.0003890 -0.0017622
 0.0008719 -0.0025084
 0.0015426 -0.0027381
 0.0020069 -0.0032565
 0.0025290 -0.0038266
 0.0025693 -0.0040724
 0.0027280 -0.0043591
 0.0025403 -0.0044503
 0.0024079 -0.0043357
 0.0024697 -0.0045634
 0.0020514 -0.0046372
 0.0020373 -0.0042739
 0.0019651 -0.0043494
 0.0018145 -0.0041778
 0.0013417 -0.0038766
 0.0012679 -0.0042589
 0.0009259 -0.0041108
 0.0007180 -0.0043236
 0.0004334 -0.0045376
 0.0003756 -0.0044811
-0.0000095 -0.0045186
 0.0000308 -0.0047665
-0.0003378 -0.0041912
-0.0003431 -0.0036521
-0.0004222 -0.0032108
-0.0006358 -0.0028422
-0.0005014 -0.0024421
-0.0005789 -0.0024958
-0.0005628 -0.0021534
-0.0005813 -0.0022665
-0.0008664 -0.0022834
-0.0011118 -0.0023795
-0.0009576 -0.0026080
-0.0009919 -0.0028616
-0.0005147 -0.0028648
-0.0004581 -0.0035565
 0.0002492 -0.0036570
 0.0004163 -0.0035795
 0.0010502 -0.0034818
 0.0010329 -0.0035205
 0.0007442 -0.0030639
 0.0004390 -0.0025471
-0.0003867 -0.0023780
-0.0008631 -0.0017639
-0.0015168 -0.0013456
-0.0015761 -0.0017477
-0.0017134 -0.0015984
-0.0012334 -0.0016396
-0.0008139 -0.0017728
-0.0004905 -0.0014292
-0.0001667 -0.0020700
 0.0005071 -0.0018427
 0.0006969 -0.0016534
 0.0012884 -0.0015028
 0.0013998 -0.0019090
 0.0016238 -0.0018722
 0.0014878 -0.0020842
 0.0013541 -0.0023111
 0.0010097 -0.0020967
 0.0006662 -0.0023099
 0.0003036 -0.0022134
 0.0001155 -0.0016736
-0.0000743 -0.0019069
 0.0000247 -0.0020006
 0.0002346 -0.0014652
 0.0004050 -0.0013259
 0.0005370 -0.0014422
 0.0012286 -0.0010517
 0.0012819 -0.0010311
 0.0017599 -0.0012423
 0.0021875 -0.0014325
 0.0026853 -0.0013578
 0.0027035 -0.0013772
 0.0032009 -0.0013549
 0.0033535 -0.0016687
 0.0035025 -0.0013639
 0.0035957 -0.0010401
 0.0032662 -0.0009436
 0.0031314 -0.0007506
 0.0030337 -0.0005935
 0.0025754 -0.0002834
 0.0020203  0.0004870
 0.0014853  0.0006828
 0.0011042  0.0008601
 0.0007235  0.0010333
 0.0007469  0.0011124
 0.0007679  0.0009190
 0.0006169  0.0009562
 0.0011555  0.0006255
 0.0010227  0.0007401
 0.0015003  0.0006569
 0.0016764  0.0006920
 0.0015407  0.0007284
 0.0018625  0.0010481
 0.0019812  0.0009108
 0.0018233  0.0008664
 0.0019941  0.0014191
 0.0020853  0.0010351
 0.0019262  0.0013960
 0.0021688  0.0011304
 0.0018034  0.0010145
 0.0014526  0.0009172
 0.0017327  0.0007650
 0.0012943  0.0003443
 0.0009107  0.0003273
 0.0010064  0.0000823
 0.0004553 -0.0000909
 0.0003596 -0.0000848
 0.0002466  0.0001292
-0.0004273  0.0003799
-0.0011144  0.0005333
-0.0015751  0.0006912
-0.0020693  0.0006953
-0.0028727  0.0005637
-0.0023886  0.0003352
-0.0023636  0.0001636
-0.0022057  0.0002387
-0.0017805  0.0002564
-0.0015100  0.0003905
-0.0011628  0.0008499
-0.0008357  0.0008725
-0.0007965  0.0012347
-0.0007404  0.0012379
-0.0006290  0.0010478
-0.0003193  0.0005912
-0.0002632  0.0005165
-0.0002467  0.0001499
-0.0002245 -0.0000786
-0.0001865  0.0001139
 0.0001619 -0.0001966
 0.0002213 -0.0001194
 0.0001474 -0.0000484
-0.0002543  0.0000303
-0.0007582 -0.0000084
-0.0010885  0.0001829
-0.0015714  0.0000877
-0.0019416  0.0002944
-0.0021544 -0.0002636
-0.0026539 -0.0004611
-0.0028307 -0.0004058
-0.0025073 -0.0009258
-0.0026236 -0.0009803
-0.0022829 -0.0013990
-0.0020931 -0.0013541
-0.0016728 -0.0013109
-0.0016555 -0.0009988
-0.0017487 -0.0014380
-0.0015788 -0.0012632
-0.0014831 -0.0005898
-0.0014645 -0.0013020
-0.0012348 -0.0012245
-0.0006998 -0.0011147
-0.0000078 -0.0013807
 0.0003568 -0.0009794
 0.0007787 -0.0008445
 0.0008429 -0.0009204
 0.0005595 -0.0006403
 0.0001755 -0.0002026
-0.0000489 -0.0008587
-0.0004749 -0.0003864
-0.0004188 -0.0003699
-0.0004587 -0.0003348
-0.0007680 -0.0000295
-0.0007491 -0.0000295
-0.0008048  0.0000855
-0.0009586  0.0002180
-0.0005956 -0.0000101
-0.0002731 -0.0000271
 0.0001307  0.0002624
 0.0006483  0.0000367
 0.0007283  0.0005757
 0.0007505  0.0010372
 0.0006815  0.0014043
 0.0004376  0.0015387
 0.0001518  0.0014830
-0.0001704  0.0011596
-0.0004021  0.0007797
-0.0005188  0.0006658
-0.0001498 -0.0001945
-0.0002112 -0.0003306
-0.0002669 -0.0000980
-0.0000545 -0.0002111
-0.0003617  0.0002529
-0.0003621  0.0002004
-0.0004760 -0.0000063
-0.0005886 -0.0001956
-0.0003407 -0.0002509
-0.0002963 -0.0009571
-0.0001021 -0.0007274
 0.0001676 -0.0011125
 0.0005351 -0.0014965
 0.0005165 -0.0015595
 0.0008391 -0.0017525
 0.0011051 -0.0021587
 0.0013122 -0.0022391
 0.0014026 -0.0024684
 0.0014963 -0.0022588
 0.0014910 -0.0020873
 0.0013743 -0.0019722
 0.0008765 -0.0017206
 0.0004522 -0.0015462
 0.0002818 -0.0017372
 0.0000157 -0.0018696
 0.0002681 -0.0018866
 0.0000190 -0.0026945
-0.0001498 -0.0030178
 0.0002205 -0.0032427
 0.0000889 -0.0035096
-0.0001049 -0.0036255
 0.0002786 -0.0038903
 0.0003537 -0.0035471
-0.0002208 -0.0032225
-0.0001849 -0.0029722
-0.0005087 -0.0029371
-0.0009096 -0.0028793
-0.0008680 -0.0025786
-0.0008643 -0.0023666
-0.0011696 -0.0022322
-0.0015733 -0.0019063
-0.0021644 -0.0020783
-0.0023368 -0.0022144
-0.0022217 -0.0026169
-0.0019685 -0.0027473
-0.0016205 -0.0033416
-0.0004496 -0.0031486
 0.0003244 -0.0033631
 0.0012874 -0.0031721
 0.0019043 -0.0028842
 0.0024998 -0.0027195
 0.0029419 -0.0024591
 0.0031309 -0.0023445
 0.0030146 -0.0025008
 0.0026839 -0.0021604
 0.0024307 -0.0025593
 0.0021239 -0.0026925
 0.0020048 -0.0025536
 0.0018683 -0.0030922
 0.0014892 -0.0027256
 0.0013321 -0.0026101
 0.0010071 -0.0025112
 0.0003950 -0.0025685
 0.0000655 -0.0023755
-0.0004359 -0.0030684
-0.0007246 -0.0029190
-0.0004202 -0.0028968
-0.0003225 -0.0031455
-0.0001311 -0.0028588
 0.0003473 -0.0021709
 0.0007164 -0.0023974
 0.0007980 -0.0020719
 0.0006655 -0.0019964
 0.0008036 -0.0021144
 0.0008667 -0.0020942
 0.0011392 -0.0023082
 0.0008852 -0.0024781
 0.0012688 -0.0025395
 0.0011900 -0.0027919
 0.0008416 -0.0027923
 0.0010116 -0.0024289
 0.0006878 -0.0020437
 0.0006300 -0.0017232
 0.0001718 -0.0014761
-0.0001924 -0.0014244
-0.0002889 -0.0010994
-0.0002889 -0.0009081
-0.0003474 -0.0006016
-0.0001799 -0.0006598
-0.0003515 -0.0006557
-0.0001989 -0.0006565
 0.0000070 -0.0009205
 0.0001814 -0.0009032
 0.0002941 -0.0007110
 0.0004620 -0.0006347
 0.0005355 -0.0002552
 0.0005698 -0.0001046
 0.0005261 -0.0000489
 0.0004264 -0.0001886
 0.0003807 -0.0003049
 0.0000714 -0.0003610
-0.0003933 -0.0008193
-0.0003945 -0.0007228
-0.0009299 -0.0011996
-0.0010264 -0.0011596
-0.0012747 -0.0011967
-0.0015621 -0.0011374
-0.0014244 -0.0014257
-0.0015403 -0.0020394
-0.0011794 -0.0025949
-0.0007950 -0.0026696
-0.0003953 -0.0026732
-0.0004349 -0.0025533
-0.0003223 -0.0020381
-0.0004898 -0.0017337
-0.0005867 -0.0013263
-0.0008758 -0.0010385
-0.0011237 -0.0007550
-0.0013155 -0.0005080
-0.0013308 -0.0004527
-0.0016566 -0.0005689
-0.0015556 -0.0002258
-0.0014769 -0.0007220
-0.0013780 -0.0009150
-0.0011103 -0.0007054
-0.0008390 -0.0010111
-0.0005935 -0.0007426
-0.0007267 -0.0004745
-0.0005156 -0.0008011
-0.0005354 -0.0005738
-0.0002895 -0.0007123
-0.0004235 -0.0009647
-0.0005273 -0.0005779
-0.0003545 -0.0004249
-0.0001438 -0.0000578
-0.0001882  0.0003257
-0.0003065  0.0004586
-0.0003853  0.0011889
-0.0003090  0.0014207
-0.0003147  0.0012471
-0.0003934  0.0007913
-0.0004652  0.0008490
-0.0001794  0.0003371
-0.0001749  0.0003424
-0.0001951  0.0002140
 0.0000003  0.0007207
-0.0002657  0.0005734
-0.0005693  0.0011496
-0.0006626  0.0014762
-0.0009335  0.0017269
-0.0010296  0.0021254
-0.0007050  0.0017233
-0.0008984  0.0017786
-0.0009017  0.0016231
-0.0007684  0.0012602
-0.0006530  0.0014346
-0.0008241  0.0010531
-0.0007850  0.0010934
-0.0010155  0.0007697
-0.0010918  0.0010737
-0.0010688  0.0005181
-0.0012432  0.0007491
-0.0011871  0.0005420
-0.0012101  0.0000106
-0.0016357 -0.0000842
-0.0018662 -0.0006753
-0.0019640 -0.0007616
-0.0023330 -0.0008008
-0.0024259 -0.0012801
-0.0024263 -0.0014319
-0.0025785 -0.0015449
-0.0020185 -0.0016398
-0.0017104 -0.0015227
-0.0016506 -0.0012582
-0.0017996 -0.0011799
-0.0021848 -0.0007229
-0.0023555 -0.0006260
-0.0026975 -0.0008153
-0.0032135 -0.0006235
-0.0034977 -0.0007003
-0.0037625 -0.0006740
-0.0038723 -0.0009453
-0.0042333 -0.0011746
-0.0041158 -0.0013115
-0.0042615 -0.0012934
-0.0040503 -0.0014690
-0.0035484 -0.0014904
-0.0030655 -0.0015724
-0.0026061 -0.0014945
-0.0018959 -0.0019568
-0.0012245 -0.0017420
-0.0009172 -0.0019729
-0.0006099 -0.0021033
-0.0004178 -0.0019911
-0.0002082 -0.0020504
-0.0001719 -0.0016124
 0.0004377 -0.0017315
 0.0006836 -0.0014069
 0.0010639 -0.0015050
 0.0013655 -0.0013173
 0.0013231 -0.0011070
 0.0014518 -0.0009003
 0.0015435 -0.0007682
 0.0016594 -0.0007101
 0.0014248 -0.0003063
 0.0014668  0.0000179
 0.0011381  0.0000223
 0.0008321  0.0002165
 0.0006641 -0.0000871
 0.0008022 -0.0000079
 0.0006912 -0.0000426
 0.0002766 -0.0003301
-0.0000851 -0.0006373
-0.0004626 -0.0007714
-0.0009539 -0.0013092
-0.0009903 -0.0015559
-0.0013338 -0.0018070
-0.0013516 -0.0020012
-0.0017364 -0.0024801
-0.0018139 -0.0026371
-0.0016423 -0.0027312
-0.0013008 -0.0030938
-0.0014134 -0.0030942
-0.0015099 -0.0033433
-0.0008538 -0.0034034
-0.0009293 -0.0033122
-0.0004649 -0.0027777
-0.0003293 -0.0023566
-0.0003842 -0.0020542
-0.0001137 -0.0016525
-0.0001508 -0.0014013
-0.0003422 -0.0010735
-0.0006664 -0.0010864
-0.0005105 -0.0009680
-0.0006643 -0.0007948
-0.0006986 -0.0008291
-0.0009683 -0.0007512
-0.0006966 -0.0006188
-0.0005460 -0.0006616
-0.0004524 -0.0006099
-0.0003244 -0.0003447
-0.0001189 -0.0000621
-0.0004327 -0.0002802
-0.0006463  0.0001381
-0.0009209  0.0004441
-0.0010779  0.0001518
-0.0007541  0.0001910
-0.0002410  0.0003093
-0.0000125  0.0003860
 0.0004825 -0.0000178
 0.0009981  0.0000222
 0.0012525 -0.0000727
 0.0012186 -0.0002495
 0.0014911 -0.0001914
 0.0013619 -0.0002899
 0.0013256 -0.0003501
 0.0016902 -0.0001995
 0.0016490 -0.0002799
 0.0016268 -0.0001648
 0.0015097  0.0004534
 0.0007397  0.0007005
 0.0003917  0.0013380
-0.0003932  0.0010707
-0.0008853  0.0014010
-0.0007735  0.0018605
-0.0013262  0.0016695
-0.0017239  0.0022024
-0.0018967  0.0020680
-0.0021862  0.0017563
-0.0023425  0.0019230
-0.0021737  0.0017065
-0.0021160  0.0012802
-0.0019266  0.0015446
-0.0021600  0.0016580
-0.0020853  0.0016734
-0.0021967  0.0017909
-0.0023340  0.0018861
-0.0027907  0.0015244
-0.0026376  0.0016807
-0.0024261  0.0018398
-0.0022541  0.0019218
-0.0013723  0.0023078
-0.0008749  0.0025379
-0.0002991  0.0031544
 0.0003776  0.0035404
 0.0007430  0.0034080
 0.0009945  0.0033911
 0.0014366  0.0030927
 0.0013232  0.0027080
 0.0012687  0.0016780
 0.0012485  0.0009150
 0.0010757  0.0003788
 0.0013805 -0.0007101
 0.0015323 -0.0013638
 0.0019138 -0.0015547
 0.0021783 -0.0016113
 0.0023305 -0.0016941
 0.0022679 -0.0015616
 0.0021294 -0.0009742
 0.0019562 -0.0004429
 0.0018786  0.0000335
 0.0017034  0.0007025
 0.0019368  0.0007764
 0.0019368  0.0011220
 0.0020535  0.0011446
 0.0021330  0.0008147
 0.0022485  0.0006593
 0.0025150  0.0004869
 0.0026457  0.0004667
 0.0028561  0.0000448
 0.0030394  0.0002951
 0.0034035  0.0000662
 0.0028811 -0.0000332
 0.0027701 -0.0003582
 0.0030175 -0.0005855
 0.0024608 -0.0007628
 0.0019836 -0.0010268
 0.0015596 -0.0007365
 0.0008753 -0.0005439
 0.0005095 -0.0003884
 0.0000496  0.0002834
-0.0003901  0.0008967
-0.0008705  0.0015455
-0.0005863  0.0014082
-0.0012626  0.0017316
-0.0015909  0.0019226
-0.0014431  0.0014627
-0.0020213  0.0012491
-0.0020233  0.0008321
-0.0021198  0.0000068
-0.0020807 -0.0001664
-0.0017552 -0.0004398
-0.0014451 -0.0006081
-0.0014262 -0.0002254
-0.0008286  0.0000984
-0.0004438  0.0006976
-0.0005989  0.0008737
-0.0001580  0.0010671
 0.0001884  0.0012847
 0.0002260  0.0012266
 0.0003600  0.0014381
 0.0001856  0.0015334
-0.0006207  0.0012250
-0.0009663  0.0010530
-0.0012913  0.0009161
-0.0016353  0.0009742
-0.0016724  0.0007820
-0.0021650  0.0006637
-0.0024718  0.0008382
-0.0027173  0.0006678
-0.0028485  0.0006662
-0.0027952  0.0009355
-0.0024149  0.0004611
-0.0024153  0.0004046
-0.0018820  0.0003513
-0.0006954  0.0000101
-0.0010385 -0.0001174
-0.0003490 -0.0002082
-0.0002331 -0.0003564
-0.0003849 -0.0005845
-0.0000393 -0.0007173
 0.0000399 -0.0006979
-0.0002710 -0.0009483
 0.0002651 -0.0007185
 0.0003794 -0.0007359
 0.0004569 -0.0004302
 0.0007832 -0.0006253
 0.0011288 -0.0005320
 0.0011300 -0.0003249
 0.0012071 -0.0004400
 0.0007109 -0.0004824
 0.0003859 -0.0003475
 0.0003496 -0.0005159
 0.0000641 -0.0003980
 0.0000096 -0.0003552
 0.0002030 -0.0004286
 0.0000460 -0.0002320
 0.0003347  0.0000975
 0.0009108  0.0002380
 0.0008906  0.0008138
 0.0012172  0.0010629
 0.0016969  0.0017545
 0.0014490  0.0021114
 0.0018132  0.0023597
 0.0020219  0.0023795
 0.0019274  0.0021251
 0.0020033  0.0017997
 0.0021951  0.0009340
 0.0020788  0.0006474
 0.0022908  0.0000724
 0.0025428 -0.0005966
 0.0027337 -0.0009228
 0.0027931 -0.0011529
 0.0026784 -0.0016899
 0.0022957 -0.0017295
 0.0024107 -0.0017868
 0.0021637 -0.0021151
 0.0018790 -0.0026149
 0.0019562 -0.0021910
 0.0019235 -0.0023254
 0.0017184 -0.0026125
 0.0020846 -0.0024389
 0.0017080 -0.0027271
 0.0018085 -0.0026278
 0.0020613 -0.0023415
 0.0019091 -0.0026133
 0.0019293 -0.0024837
 0.0020427 -0.0020836
 0.0020003 -0.0018608
 0.0016910 -0.0016892
 0.0016308 -0.0011704
 0.0009759 -0.0004436
 0.0002109 -0.0002139
 0.0000938 -0.0001541
-0.0006104 -0.0000185
-0.0007630 -0.0000173
-0.0008950  0.0000256
-0.0012567 -0.0003209
-0.0011764 -0.0000305
-0.0009660 -0.0000648
-0.0010383  0.0000882
-0.0009773  0.0001867
-0.0008210  0.0004540
-0.0010285  0.0012990
-0.0014654  0.0016071
-0.0012534  0.0016277
-0.0015743  0.0015126
-0.0018234  0.0014541
-0.0014193  0.0012260
-0.0015529  0.0012260
-0.0013232  0.0007867
-0.0013248  0.0004976
-0.0012522  0.0005699
-0.0009704  0.0008577
-0.0007831  0.0006982
-0.0007891  0.0009659
-0.0003499  0.0008880
-0.0001177  0.0008653
-0.0000575  0.0006699
 0.0005549  0.0007834
 0.0008271  0.0006049
 0.0009413  0.0010994
 0.0014549  0.0014430
 0.0012821  0.0014951
 0.0014710  0.0022739
 0.0016204  0.0027309
 0.0016398  0.0029396
 0.0017710  0.0031281
 0.0021347  0.0030312
 0.0019252  0.0029537
 0.0020790  0.0030163
 0.0019523  0.0030938
 0.0017230  0.0034023
 0.0019362  0.0031528
 0.0016148  0.0029412
 0.0012090  0.0027515
 0.0016297  0.0026348
 0.0015914  0.0019791
 0.0018372  0.0019346
 0.0022712  0.0017759
 0.0023398  0.0014650
 0.0027375  0.0014045
 0.0026918  0.0014630
 0.0027422  0.0016524
 0.0026078  0.0014614
 0.0026772  0.0013900
 0.0025258  0.0010052
 0.0025767  0.0011651
 0.0028306  0.0012628
 0.0025981  0.0012103
 0.0026731  0.0016561
 0.0023421  0.0019831
 0.0020595  0.0021959
 0.0018297  0.0025625
 0.0014829  0.0028327
 0.0015475  0.0027633
 0.0012068  0.0024790
 0.0012868  0.0021520
 0.0015597  0.0017341
 0.0016962  0.0014834
 0.0022546  0.0010199
 0.0021209  0.0008277
 0.0022707  0.0008810
 0.0021754  0.0011664
 0.0018451  0.0011248
 0.0017293  0.0015608
 0.0012468  0.0012717
 0.0010534  0.0011377
 0.0010162  0.0009616
 0.0008640  0.0003673
 0.0007308  0.0003463
 0.0008099 -0.0002298
 0.0007195 -0.0003239
 0.0007236 -0.0002876
 0.0002629 -0.0005573
 0.0002872 -0.0006534
-0.0000023 -0.0007362
-0.0000056 -0.0009114
 0.0000522 -0.0013188
-0.0001267 -0.0008820
-0.0000343 -0.0012272
-0.0000598 -0.0009401
-0.0003533 -0.0001346
-0.0002217 -0.0003797
-0.0004369 -0.0001653
-0.0006538  0.0000524
-0.0004854 -0.0002876
-0.0008726 -0.0007417
-0.0006514 -0.0004143
-0.0004617 -0.0008697
-0.0007722 -0.0008136
-0.0002966 -0.0002548
-0.0002562 -0.0002520
-0.0007742 -0.0000210
-0.0006373  0.0001881
-0.0009430  0.0002063
-0.0011876 -0.0000089
-0.0012256 -0.0003194
-0.0017040 -0.0009210
-0.0015675 -0.0012699
-0.0014496 -0.0016377
-0.0013696 -0.0019470
-0.0010022 -0.0024456
-0.0000829 -0.0022886
 0.0002070 -0.0025207
 0.0003980 -0.0024767
 0.0008970 -0.0023564
 0.0009160 -0.0025037
 0.0004965 -0.0025982
 0.0004816 -0.0031541
 0.0001949 -0.0031521
 0.0001388 -0.0035207
 0.0002757 -0.0035797
 0.0001441 -0.0036552
 0.0002600 -0.0032906
-0.0000097 -0.0031941
-0.0001587 -0.0029248
-0.0002705 -0.0028993
-0.0001893 -0.0028593
-0.0003185 -0.0030495
-0.0004110 -0.0031642
-0.0004654 -0.0031799
-0.0004848 -0.0032352
-0.0004654 -0.0034674
-0.0004679 -0.0038295
-0.0005062 -0.0040403
-0.0004546 -0.0043402
-0.0006876 -0.0045283
-0.0008192 -0.0047585
-0.0007622 -0.0049672
-0.0010695 -0.0050378
-0.0010881 -0.0042509
-0.0006464 -0.0039004
-0.0008773 -0.0033570
-0.0007469 -0.0029310
-0.0009791 -0.0023532
-0.0010199 -0.0020625
-0.0013118 -0.0016047
-0.0011208 -0.0014129
-0.0010042 -0.0017048
-0.0011394 -0.0018437
-0.0011766 -0.0018102
-0.0009468 -0.0024086
-0.0010574 -0.0025508
-0.0008636 -0.0030535
-0.0008963 -0.0032283
-0.0008018 -0.0031359
-0.0008741 -0.0035614
-0.0008163 -0.0034072
-0.0005701 -0.0031032
-0.0006645 -0.0030628
-0.0008212 -0.0029065
-0.0009173 -0.0033417
-0.0010311 -0.0035307
-0.0009904 -0.0037596
-0.0006662 -0.0036429
-0.0000888 -0.0037168
 0.0001216 -0.0032763
 0.0006121 -0.0030849
 0.0010748 -0.0030801
 0.0010336 -0.0025980
 0.0012427 -0.0020787
 0.0011062 -0.0018433
 0.0009912 -0.0016923
 0.0007041 -0.0018974
 0.0006827 -0.0019959
 0.0004328 -0.0025321
 0.0006060 -0.0029375
 0.0004291 -0.0031127
 0.0005018 -0.0030764
 0.0005405 -0.0031103
 0.0001945 -0.0031523
-0.0002880 -0.0024054
-0.0005581 -0.0019826
-0.0009219 -0.0016407
-0.0008645 -0.0014110
-0.0010777 -0.0010100
-0.0008867 -0.0006083
-0.0007886 -0.0006297
-0.0008282 -0.0008623
-0.0005407 -0.0006104
-0.0005420 -0.0008038
-0.0000062 -0.0008801
 0.0003063 -0.0016468
 0.0007686 -0.0016064
 0.0009653 -0.0019092
 0.0009677 -0.0021175
 0.0009157 -0.0019427
 0.0005225 -0.0021203
 0.0004486 -0.0018955
-0.0001037 -0.0018995
-0.0002127 -0.0017138
-0.0009451 -0.0017191
-0.0009988 -0.0020874
-0.0010561 -0.0021084
-0.0014090 -0.0020688
-0.0010457 -0.0018931
-0.0009867 -0.0017918
-0.0010279 -0.0014292
-0.0011228 -0.0009108
-0.0010465 -0.0008947
-0.0012948 -0.0005180
-0.0012185 -0.0007869
-0.0012940 -0.0011337
-0.0017559 -0.0012706
-0.0020417 -0.0016368
-0.0022920 -0.0021003
-0.0026748 -0.0024262
-0.0023675 -0.0028299
-0.0024087 -0.0030802
-0.0019097 -0.0031396
-0.0012209 -0.0029829
-0.0009589 -0.0025453
-0.0006347 -0.0016796
-0.0001567 -0.0013340
-0.0000989 -0.0009278
-0.0002717 -0.0004853
-0.0003868 -0.0008528
-0.0005007 -0.0010647
-0.0003222 -0.0009686
-0.0003395 -0.0014095
-0.0003500 -0.0011653
-0.0004787 -0.0006844
-0.0006863 -0.0005536
-0.0015644 -0.0004006
-0.0022705 -0.0001923
-0.0027696 -0.0002323
-0.0034777 -0.0001378
-0.0033263 -0.0001204
-0.0028866 -0.0001382
-0.0023339  0.0001105
-0.0021066  0.0005530
-0.0017618  0.0005732
-0.0017796  0.0008046
-0.0013823  0.0007266
-0.0017296  0.0008768
-0.0016351  0.0005510
-0.0017316  0.0003572
-0.0021144  0.0003148
-0.0021527  0.0005231
-0.0020954  0.0003244
-0.0021503  0.0004023
-0.0019044 -0.0000051
-0.0017671  0.0003975
-0.0015741  0.0002259
-0.0014409  0.0004362
-0.0014578  0.0005707
-0.0014199  0.0009983
-0.0016884  0.0012643
-0.0014990  0.0016301
-0.0018640  0.0016099
-0.0018850  0.0017864
-0.0019621  0.0016511
-0.0021766  0.0018441
-0.0021027  0.0012656
-0.0018519  0.0010601
-0.0022961  0.0010237
-0.0022351  0.0007149
-0.0021931  0.0004286
-0.0021778  0.0004654
-0.0022129  0.0003478
-0.0021931  0.0005198
-0.0020954  0.0007088
-0.0020950  0.0009171
-0.0021127  0.0008255
-0.0023255  0.0011303
-0.0023461  0.0011125
-0.0025775  0.0011360
-0.0024693  0.0016705
-0.0026647  0.0015397
-0.0026696  0.0017896
-0.0026963  0.0017525
-0.0028311  0.0016003
-0.0024310  0.0015850
-0.0028166  0.0014497
-0.0025506  0.0015289
-0.0029139  0.0015289
-0.0025752  0.0019112
-0.0024016  0.0021030
-0.0021364  0.0021236
-0.0016826  0.0024853
-0.0018388  0.0025261
-0.0013431  0.0028374
-0.0010770  0.0027991
-0.0007924  0.0027466
-0.0006785  0.0027507
-0.0006022  0.0027349
-0.0006244  0.0021843
-0.0002235  0.0019186
-0.0000330  0.0022662
-0.0002046  0.0016756
-0.0000899  0.0019449
-0.0003745  0.0017358
-0.0007956  0.0014487
-0.0009846  0.0013922
-0.0015058  0.0012024
-0.0018167  0.0007393
-0.0018947  0.0009727
-0.0018769  0.0009339
-0.0015919  0.0013777
-0.0016908  0.0012065
-0.0014598  0.0015921
-0.0014058  0.0012889
-0.0011736  0.0008302
-0.0012883  0.0004665
-0.0012681  0.0006017
-0.0014554  0.0002186
-0.0016690  0.0001160
-0.0016596  0.0000801
-0.0017570 -0.0001739
-0.0017707 -0.0000003
-0.0016152  0.0000372
-0.0017888 -0.0000395
-0.0022265  0.0001390
-0.0024901  0.0002755
-0.0025074  0.0004858
-0.0024287  0.0006595
-0.0026778  0.0008900
-0.0026382  0.0014415
-0.0027747  0.0017447
-0.0027113  0.0016058
-0.0027876  0.0015077
-0.0027888  0.0014309
-0.0028268  0.0011402
-0.0027921  0.0007793
-0.0021990  0.0004943
-0.0020439  0.0005383
-0.0018695  0.0004665
-0.0017318  0.0001225
-0.0017855  0.0004083
-0.0017394  0.0003530
-0.0016235 -0.0000193
-0.0016615 -0.0001517
-0.0010833 -0.0003253
-0.0007962 -0.0006499
-0.0002403 -0.0007044
-0.0001813 -0.0002821
-0.0001854 -0.0003608
-0.0003574 -0.0004549
-0.0004745 -0.0004553
-0.0007377 -0.0009968
-0.0006602 -0.0011712
-0.0004292 -0.0017861
-0.0001906 -0.0022472
 0.0001130 -0.0018987
 0.0004421 -0.0021886
 0.0002734 -0.0021470
 0.0003291 -0.0019932
 0.0005063 -0.0019726
 0.0002189 -0.0020328
 0.0000993 -0.0019932
 0.0000481 -0.0021648
 0.0000671 -0.0022044
-0.0000831 -0.0024155
 0.0000744 -0.0027438
-0.0000370 -0.0028027
-0.0000548 -0.0029816
-0.0006875 -0.0029465
-0.0009757 -0.0024887
-0.0011696 -0.0019141
-0.0016302 -0.0011337
-0.0017643 -0.0007477
-0.0018459  0.0002305
-0.0018434  0.0004070
-0.0018220  0.0005423
-0.0015701  0.0006598
-0.0017368  0.0006957
-0.0016415  0.0007147
-0.0018676  0.0004833
-0.0018466  0.0006323
-0.0017925  0.0009359
-0.0016370  0.0008733
-0.0015426  0.0009286
-0.0013540  0.0012915
-0.0010666  0.0013101
-0.0010698  0.0011175
-0.0010541  0.0012734
-0.0006124  0.0012168
-0.0005736  0.0011975
-0.0001368  0.0015249
 0.0003614  0.0008910
 0.0006893  0.0003912
 0.0010886  0.0004295
 0.0013361 -0.0000041
 0.0012953 -0.0004066
 0.0011963 -0.0002867
 0.0010470 -0.0004885
 0.0008532 -0.0000597
 0.0010050 -0.0000544
 0.0004724  0.0000490
 0.0002807 -0.0001032
-0.0001202 -0.0000863
-0.0002910 -0.0006006
-0.0001961 -0.0004670
 0.0001903 -0.0007952
 0.0005016 -0.0008740
 0.0008274 -0.0003576
 0.0016135  0.0001572
 0.0017710  0.0001761
 0.0017088  0.0006001
 0.0014003  0.0008056
 0.0012089  0.0003082
 0.0012461  0.0002702
 0.0013599 -0.0000391
 0.0013034 -0.0001360
 0.0018383  0.0000570
 0.0022251  0.0001882
 0.0021323  0.0002431
 0.0024028  0.0004547
 0.0022518  0.0004696
 0.0019095  0.0007216
 0.0016587  0.0006808
 0.0013547  0.0002172
 0.0006829  0.0002568
 0.0005287  0.0007869
 0.0001645  0.0005911
 0.0001580  0.0011866
-0.0001489  0.0015479
-0.0003762  0.0015879
-0.0009140  0.0015508
-0.0014473  0.0008587
-0.0015785  0.0003827
-0.0016536 -0.0001175
-0.0019447 -0.0004248
-0.0018470 -0.0009605
-0.0018708 -0.0011156
-0.0017949 -0.0011378
-0.0016996 -0.0016788
-0.0014183 -0.0017568
-0.0012487 -0.0017039
-0.0008098 -0.0020285
-0.0007211 -0.0019155
-0.0003210 -0.0016276
-0.0001292 -0.0014713
-0.0001675 -0.0008584
-0.0004748 -0.0008423
-0.0008390 -0.0005536
-0.0009161 -0.0003998
-0.0011664 -0.0003845
-0.0013239 -0.0002880
-0.0012880 -0.0005573
-0.0011786 -0.0006158
-0.0015072 -0.0004434
-0.0015909  0.0000528
-0.0017249 -0.0000393
-0.0017851  0.0002853
-0.0021682  0.0001319
-0.0021460  0.0004012
-0.0021860  0.0004969
-0.0021686  0.0007270
-0.0020923  0.0008809
-0.0023818  0.0014538
-0.0024610  0.0013956
-0.0025550  0.0013944
-0.0029802  0.0016601
-0.0031308  0.0016984
-0.0029794  0.0014477
-0.0029979  0.0014255
-0.0030944  0.0013310
-0.0030177  0.0012749
-0.0033456  0.0016411
-0.0034005  0.0016064
-0.0037473  0.0015305
-0.0040739  0.0010674
-0.0040925  0.0006099
-0.0038042  0.0003608
-0.0035374  0.0004610
-0.0031905  0.0002163
-0.0029353  0.0003149
-0.0026652  0.0005309
-0.0022187  0.0003411
-0.0020600  0.0006302
-0.0021346  0.0000743
-0.0018229 -0.0000953
-0.0015508 -0.0002091
-0.0013925 -0.0003840
-0.0013509 -0.0006145
-0.0010424 -0.0001340
-0.0011001 -0.0003876
-0.0010453 -0.0002007
-0.0009689 -0.0000093
-0.0009536 -0.0003549
-0.0010893 -0.0004349
-0.0008971 -0.0007554
-0.0007618 -0.0010813
-0.0006452 -0.0009827
-0.0004332 -0.0010009
-0.0003355 -0.0007098
-0.0003169 -0.0004962
-0.0006803 -0.0005370
-0.0006197 -0.0006496
-0.0009088 -0.0008051
-0.0011134 -0.0011301
-0.0010379 -0.0011139
-0.0011679 -0.0010219
-0.0010686 -0.0010582
-0.0012228 -0.0010582
-0.0012386 -0.0010566
-0.0015842 -0.0008636
-0.0011841 -0.0008006
-0.0017416 -0.0006464
-0.0016258 -0.0009108
-0.0015911 -0.0008861
-0.0017849 -0.0011167
-0.0012314 -0.0006552
-0.0011542 -0.0007105
-0.0009257 -0.0004973
-0.0006584 -0.0002304
-0.0009015 -0.0001768
-0.0009196  0.0000526
-0.0007868  0.0000897
-0.0008248  0.0002237
-0.0007105 -0.0000492
-0.0007929 -0.0002644
-0.0003730 -0.0002802
-0.0002434 -0.0001841
 0.0001381 -0.0003565
 0.0001381 -0.0003589
 0.0005568 -0.0003020
 0.0008826 -0.0003754
 0.0010554 -0.0005260
 0.0013832 -0.0008829
 0.0022844 -0.0007981
 0.0023838 -0.0012930
 0.0028671 -0.0012304
 0.0032898 -0.0019584
 0.0030411 -0.0020161
 0.0032127 -0.0020388
 0.0033059 -0.0022116
 0.0030354 -0.0022532
 0.0032272 -0.0018329
 0.0035300 -0.0018090
 0.0031432 -0.0012930
 0.0035824 -0.0008752
 0.0038328 -0.0007997
 0.0035667 -0.0005522
 0.0035304 -0.0003794
 0.0035102 -0.0004012
 0.0032239 -0.0006717
 0.0033390 -0.0008635
 0.0029768 -0.0009584
 0.0027491 -0.0007319
 0.0027471 -0.0007303
 0.0025973 -0.0006387
 0.0025990 -0.0006835
 0.0028154 -0.0004538
 0.0028166 -0.0002661
 0.0029576 -0.0001328
 0.0033601  0.0002358
 0.0032850  0.0003299
 0.0031126  0.0002568
 0.0030169  0.0003348
 0.0030961 -0.0000464
 0.0029802 -0.0001021
 0.0029745 -0.0000250
 0.0029984 -0.0004097
 0.0029774 -0.0001255
 0.0028054 -0.0003787
 0.0024020 -0.0005766
 0.0020552 -0.0006941
 0.0022800 -0.0012100
 0.0019304 -0.0013453
 0.0019643 -0.0012492
 0.0017276 -0.0011341
 0.0014543 -0.0011345
 0.0014559 -0.0008467
 0.0014171 -0.0006125
 0.0007259 -0.0007845
 0.0010921 -0.0005894
 0.0012682 -0.0012976
 0.0010784 -0.0010497
 0.0012928 -0.0011640
 0.0014038 -0.0012774
 0.0013473 -0.0008781
 0.0018233 -0.0008386
 0.0015758 -0.0006443
 0.0013259 -0.0001647
 0.0012460  0.0000158
 0.0010736 -0.0001929
 0.0011507  0.0001386
 0.0010938  0.0004103
 0.0011354  0.0006037
 0.0009085  0.0012582
 0.0008742  0.0014104
 0.0003392  0.0015441
 0.0003437  0.0016406
 0.0002484  0.0014694
-0.0002672  0.0015788
-0.0000923  0.0016801
 0.0000219  0.0014270
-0.0000366  0.0015433
-0.0001545  0.0017112
 0.0000752  0.0016720
-0.0000395  0.0013216
-0.0001388  0.0014548
-0.0000678  0.0012246
-0.0002571  0.0009368
-0.0002224  0.0008847
-0.0001833  0.0004632
-0.0001437  0.0004281
-0.0000468  0.0004112
 0.0000154  0.0002541
 0.0004991  0.0005432
 0.0001919  0.0007907
 0.0005387  0.0010555
 0.0008076  0.0010890
 0.0008851  0.0008750
 0.0007103  0.0007207
 0.0011092  0.0006053
 0.0011487  0.0004716
 0.0010300  0.0002189
 0.0009299  0.0001813
 0.0004672  0.0000218
 0.0005402 -0.0001373
 0.0007074 -0.0000489
 0.0009718  0.0001186
 0.0011817  0.0003225
 0.0012354  0.0000665
 0.0013666  0.0001407
 0.0013444 -0.0000745
 0.0015515 -0.0001657
 0.0014360 -0.0001059
 0.0019891  0.0000301
 0.0021834  0.0001840
 0.0022007  0.0008530
 0.0025806  0.0012720
 0.0023872  0.0018082
 0.0022656  0.0019596
 0.0021449  0.0021700
 0.0017597  0.0020581
 0.0017920  0.0018696
 0.0016806  0.0019149
 0.0018344  0.0014458
 0.0015841  0.0011611
 0.0018344  0.0009912
 0.0021235  0.0006266
 0.0021231  0.0006076
 0.0020662  0.0002030
 0.0018772  0.0004719
 0.0018788  0.0001271
 0.0013233  0.0000864
 0.0013479 -0.0003517
 0.0012535 -0.0005830
 0.0009870 -0.0007179
 0.0006806 -0.0009424
 0.0006241 -0.0011164
 0.0006451 -0.0015338
 0.0006442 -0.0014571
 0.0006830 -0.0013005
 0.0007185 -0.0012613
 0.0008905 -0.0010089
 0.0010266 -0.0009080
 0.0011796 -0.0011022
 0.0012785 -0.0008688
 0.0014489 -0.0011975
 0.0012184 -0.0013905
 0.0009478 -0.0016218
 0.0003531 -0.0017603
 0.0001440 -0.0014955
-0.0000531 -0.0015981
-0.0007241 -0.0012379
-0.0014714 -0.0012230
-0.0019490 -0.0011492
-0.0029229 -0.0009045
-0.0033597 -0.0008104
-0.0037759 -0.0008739
-0.0041587 -0.0009712
-0.0045616 -0.0012215
-0.0045624 -0.0012421
-0.0047385 -0.0012631
-0.0049925 -0.0016269
-0.0048621 -0.0014537
-0.0050599 -0.0012752
-0.0048472 -0.0013099
-0.0044620 -0.0009965
-0.0043877 -0.0010510
-0.0045415 -0.0010672
-0.0040437 -0.0010829
-0.0040486 -0.0011229
-0.0038613 -0.0012767
-0.0034822 -0.0013708
-0.0033477 -0.0010647
-0.0031584 -0.0005423
-0.0028515 -0.0003521
-0.0030405 -0.0005410
-0.0025204 -0.0003489
-0.0026327 -0.0005027
-0.0024570 -0.0009226
-0.0022418 -0.0009952
-0.0020649 -0.0015310
-0.0017916 -0.0013376
-0.0018440 -0.0014898
-0.0017431 -0.0015673
-0.0017935 -0.0014349
-0.0020991 -0.0008810
-0.0022073 -0.0008034
-0.0027277 -0.0007679
-0.0023789 -0.0006896
-0.0024944 -0.0012282
-0.0026684 -0.0011890
-0.0020930 -0.0017248
-0.0019610 -0.0018956
-0.0019824 -0.0018205
-0.0017927 -0.0021608
-0.0015456 -0.0023671
-0.0013014 -0.0024991
-0.0013236 -0.0027846
-0.0010575 -0.0028609
-0.0009974 -0.0025124
-0.0009215 -0.0026457
-0.0013203 -0.0021636
-0.0018872 -0.0019891
-0.0019178 -0.0024082
-0.0017611 -0.0021975
-0.0016053 -0.0018708
-0.0010804 -0.0022366
-0.0009673 -0.0020671
-0.0003161 -0.0023574
 0.0002217 -0.0025492
 0.0003570 -0.0026832
 0.0009129 -0.0028766
 0.0012173 -0.0031229
 0.0014669 -0.0032032
 0.0016582 -0.0034370
 0.0017870 -0.0035154
 0.0015355 -0.0033038
 0.0016279 -0.0036090
 0.0012011 -0.0036284
 0.0010057 -0.0034185
 0.0004279 -0.0034431
 0.0005401 -0.0029857
 0.0004061 -0.0029510
 0.0001978 -0.0027382
 0.0001578 -0.0024750
-0.0003162 -0.0024911
-0.0004664 -0.0024887
-0.0006545 -0.0025287
-0.0007243 -0.0025464
-0.0006064 -0.0027564
-0.0004663 -0.0027798
-0.0000593 -0.0027653
 0.0000170 -0.0025343
-0.0001303 -0.0021565
 0.0001337 -0.0022950
-0.0000399 -0.0023152
-0.0002704 -0.0022990
-0.0003698 -0.0022805
-0.0006754 -0.0019950
-0.0009410 -0.0016712
-0.0009584 -0.0011504
-0.0013371 -0.0003824
-0.0011384  0.0001138
-0.0009268  0.0002078
-0.0010572  0.0005345
-0.0010366  0.0005324
-0.0008073 -0.0000021
-0.0007500 -0.0005209
-0.0007173 -0.0006158
-0.0007581 -0.0009186
-0.0007266 -0.0010914
-0.0009184 -0.0012812
-0.0008833 -0.0013534
-0.0010145 -0.0014866
-0.0008033 -0.0012133
-0.0005861 -0.0013288
-0.0008154 -0.0013259
-0.0000434 -0.0011350
 0.0001673 -0.0012714
 0.0003005 -0.0012577
 0.0007604 -0.0011839
 0.0009279 -0.0012598
 0.0013672 -0.0013018
 0.0013107 -0.0010700
 0.0016720 -0.0008738
 0.0015186 -0.0005895
 0.0012517 -0.0002254
 0.0013446 -0.0003227
 0.0011750 -0.0003841
 0.0011879 -0.0004862
 0.0011047 -0.0007423
 0.0013708 -0.0013204
 0.0015556 -0.0016334
 0.0018370 -0.0020391
 0.0021624 -0.0023658
 0.0026780 -0.0025588
 0.0028480 -0.0023476
 0.0028282 -0.0024478
 0.0028302 -0.0021777
 0.0026937 -0.0019079
 0.0029267 -0.0017396
 0.0031944 -0.0016988
 0.0030167 -0.0014719
 0.0027329 -0.0017755
 0.0031879 -0.0015042
 0.0032085 -0.0017480
 0.0031161 -0.0015748
 0.0033619 -0.0014512
 0.0033038 -0.0015251
 0.0037298 -0.0015804
 0.0035590 -0.0009465
 0.0037912 -0.0008117
 0.0036051 -0.0010051
 0.0033337 -0.0004709
 0.0033786 -0.0006123
 0.0029946 -0.0006385
 0.0030152 -0.0002401
 0.0027249 -0.0001872
 0.0025150  0.0001717
 0.0024697 -0.0000794
 0.0019274 -0.0003871
 0.0019044 -0.0001772
 0.0015196 -0.0003887
 0.0013044 -0.0005575
 0.0012999 -0.0007093
 0.0008203 -0.0010121
 0.0009362 -0.0010843
 0.0010512 -0.0009656
 0.0008813 -0.0013834
 0.0011324 -0.0017113
 0.0015786 -0.0011917
 0.0017191 -0.0014573
 0.0015463 -0.0015142
 0.0020490 -0.0013229
 0.0019013 -0.0016293
 0.0016307 -0.0016338
 0.0013780 -0.0015562
 0.0010303 -0.0014020
 0.0007953 -0.0010362
 0.0007719 -0.0008787
 0.0007525 -0.0002448
 0.0004852 -0.0001116
 0.0007343  0.0002299
 0.0008123  0.0006135
 0.0005495  0.0007637
 0.0008212  0.0007447
 0.0003836  0.0006272
 0.0006363  0.0006619
 0.0007490  0.0005436
 0.0004506  0.0001762
-0.0002083  0.0003227
-0.0002709  0.0001862
-0.0009626 -0.0001033
-0.0012581  0.0000138
-0.0015921 -0.0002672
-0.0018263 -0.0004516
-0.0019652 -0.0001779
-0.0019078 -0.0003829
-0.0022320 -0.0003207
-0.0020782  0.0001185
-0.0019991  0.0000451
-0.0018069 -0.0000720
-0.0017092  0.0003115
-0.0014415  0.0003136
-0.0013446  0.0003156
-0.0007644  0.0000540
-0.0007450  0.0000774
-0.0008193  0.0000262
-0.0008560  0.0004958
-0.0009331  0.0007110
-0.0015077  0.0007324
-0.0017761  0.0011345
-0.0026394  0.0008236
-0.0029636  0.0008959
-0.0030807  0.0007961
-0.0027956  0.0008926
-0.0028925  0.0012903
-0.0027920  0.0009637
-0.0024665  0.0011950
-0.0022925  0.0010787
-0.0018520  0.0009612
-0.0015654  0.0008866
-0.0015327  0.0006726
-0.0016486  0.0004049
-0.0015319  0.0000597
-0.0013575 -0.0001664
-0.0013958 -0.0006077
-0.0015630 -0.0008176
-0.0017927 -0.0013926
-0.0019586 -0.0017188
-0.0020119 -0.0020669
-0.0017211 -0.0020281
-0.0019303 -0.0020095
-0.0014890 -0.0023564
-0.0012439 -0.0018206
-0.0009948 -0.0017729
-0.0008955 -0.0014450
-0.0008987 -0.0013635
-0.0006682 -0.0013206
-0.0006464 -0.0018382
-0.0003928 -0.0020510
 0.0000477 -0.0023401
-0.0003153 -0.0028190
-0.0002785 -0.0031448
 0.0003343 -0.0032599
 0.0001591 -0.0034916
 0.0006549 -0.0033749
 0.0011555 -0.0034706
 0.0012335 -0.0034186
 0.0016134 -0.0034016
 0.0013057 -0.0029636
 0.0009407 -0.0028291
 0.0005939 -0.0028263
-0.0000743 -0.0027475
-0.0006666 -0.0024007
-0.0010663 -0.0024927
-0.0012536 -0.0021455
-0.0013480 -0.0019323
-0.0010787 -0.0016638
-0.0010016 -0.0012609
-0.0010379 -0.0006464
-0.0007142 -0.0003395
-0.0007348  0.0001793
-0.0009055  0.0007756
-0.0005838  0.0009517
-0.0006193  0.0014128
-0.0002745  0.0014350
-0.0003524  0.0018759
-0.0001755  0.0021258
-0.0001166  0.0023765
-0.0004977  0.0025857
-0.0005712  0.0027569
-0.0004517  0.0026781
-0.0001436  0.0021977
-0.0002364  0.0020640
 0.0003409  0.0016070
 0.0003058  0.0012440
 0.0003491  0.0007075
 0.0005957  0.0007313
 0.0000034  0.0003267
 0.0000253  0.0002286
-0.0004169 -0.0000572
-0.0008767 -0.0001150
-0.0009542 -0.0006322
-0.0013741 -0.0010178
-0.0012546 -0.0016104
-0.0012707 -0.0019940
-0.0009429 -0.0023945
-0.0006550 -0.0025657
-0.0004426 -0.0027728
-0.0002727 -0.0030211
-0.0000284 -0.0028689
 0.0000240 -0.0027538
 0.0003688 -0.0027167
 0.0006922 -0.0026218
 0.0009183 -0.0023037
 0.0011440 -0.0026707
 0.0014670 -0.0024834
 0.0014044 -0.0025072
 0.0015780 -0.0024317
 0.0015223 -0.0022477
 0.0015429 -0.0021355
 0.0015247 -0.0018888
 0.0012723 -0.0018779
 0.0016910 -0.0016531
 0.0015343 -0.0015004
 0.0017947 -0.0013095
 0.0015771 -0.0011916
 0.0012843 -0.0009198
 0.0005874 -0.0006097
 0.0002010 -0.0004514
-0.0001838 -0.0007147
-0.0003186 -0.0008644
-0.0007179 -0.0008616
-0.0005806 -0.0009928
-0.0005911 -0.0006447
 0.0000271 -0.0006246
 0.0001115 -0.0007792
 0.0004967 -0.0007429
 0.0009178 -0.0007663
 0.0008992 -0.0010905
 0.0008976 -0.0009008
 0.0010127 -0.0011091
 0.0013010 -0.0012439
 0.0009570 -0.0009411
 0.0010522 -0.0009993
 0.0010365 -0.0009068
 0.0010192 -0.0007191
 0.0011932 -0.0006836
 0.0010253 -0.0006634
 0.0013672 -0.0006081
 0.0012138 -0.0008778
 0.0016365 -0.0006077
 0.0018997 -0.0006667
 0.0019522 -0.0004357
 0.0022001 -0.0004325
 0.0026167 -0.0001256
 0.0026894  0.0001643
 0.0029171  0.0002422
 0.0029740  0.0003940
 0.0028989  0.0004707
 0.0030330  0.0006476
 0.0030144  0.0008939
 0.0031278  0.0007247
 0.0030738  0.0008979
 0.0031751  0.0007304
 0.0033681  0.0006129
 0.0037154  0.0005568
 0.0034489  0.0005547
 0.0031994  0.0006113
 0.0029313  0.0007494
 0.0030649  0.0006282
 0.0026801  0.0009351
 0.0025663  0.0005099
 0.0027342  0.0006992
 0.0027496  0.0002357
 0.0030742  0.0002119
 0.0033390  0.0000177
 0.0032748  0.0002837
 0.0030987  0.0001860
 0.0028649  0.0003378
 0.0027644  0.0005679
 0.0024139  0.0007375
 0.0018567  0.0008877
 0.0012369  0.0010774
 0.0010799  0.0007544
 0.0014683  0.0007548
 0.0013120  0.0004302
 0.0016593  0.0004480
 0.0023113  0.0001840
 0.0029081  0.0000701
 0.0035387  0.0003362
 0.0036756  0.0002611
 0.0042150  0.0006232
 0.0040814  0.0007589
 0.0041399  0.0006047
 0.0039691  0.0006030
 0.0034911  0.0007044
 0.0033183  0.0003463
 0.0030700  0.0002943
 0.0027087  0.0001082
 0.0020966 -0.0001155
 0.0015653  0.0000230
 0.0015290 -0.0002979
 0.0008930 -0.0002789
 0.0005329 -0.0001408
 0.0002567 -0.0003290
 0.0000686 -0.0004989
-0.0000901 -0.0005926
 0.0001594 -0.0007811
-0.0000493 -0.0011437
 0.0000811 -0.0011110
 0.0002135 -0.0011506
 0.0001719 -0.0012116
-0.0001233 -0.0012511
-0.0002448 -0.0012148
-0.0002848 -0.0015196
-0.0003466 -0.0013274
-0.0003862 -0.0014611
-0.0004572 -0.0017881
-0.0004927 -0.0019981
-0.0002614 -0.0025916
-0.0006599 -0.0024349
-0.0002937 -0.0030127
-0.0004079 -0.0029549
-0.0008290 -0.0029925
-0.0006554 -0.0029529
-0.0007470 -0.0034532
-0.0010728 -0.0035501
-0.0011483 -0.0036276
-0.0015670 -0.0039583
-0.0011620 -0.0036757
-0.0010119 -0.0038368
-0.0009896 -0.0036152
-0.0004304 -0.0037158
-0.0000873 -0.0030306
-0.0003731 -0.0032055
 0.0001251 -0.0029971
 0.0006447 -0.0025905
 0.0006803 -0.0024690
 0.0007610 -0.0026179
 0.0009557 -0.0023236
 0.0009173 -0.0020514
 0.0004792 -0.0021027
 0.0002305 -0.0015447
-0.0004566 -0.0015972
-0.0010691 -0.0013460
-0.0013929 -0.0012261
-0.0023300 -0.0012240
-0.0027333 -0.0014130
-0.0029231 -0.0014110
-0.0031726 -0.0018514
-0.0029069 -0.0018119
-0.0020829 -0.0018280
-0.0012221 -0.0017109
-0.0007259 -0.0014424
-0.0001328 -0.0011755
 0.0001748 -0.0005566
 0.0003489 -0.0003087
 0.0006182 -0.0001157
 0.0007143 -0.0001318
 0.0007554 -0.0001294
 0.0006194 -0.0002424
 0.0008689 -0.0002404
 0.0008511 -0.0002557
 0.0011007 -0.0003716
 0.0012577 -0.0003696
 0.0009517 -0.0005222
 0.0006626 -0.0006764
 0.0005508 -0.0009671
 0.0003412 -0.0012724
 0.0004692 -0.0011020
 0.0003905 -0.0018489
 0.0007138 -0.0022510
 0.0008842 -0.0022821
 0.0010380 -0.0026612
 0.0011560 -0.0028650
 0.0011439 -0.0028243
 0.0009978 -0.0025715
 0.0007184 -0.0020918
 0.0004944 -0.0017680
 0.0000995 -0.0015048
-0.0001471 -0.0011839
-0.0004338 -0.0012638
-0.0006248 -0.0012097
-0.0004318 -0.0012336
-0.0001992 -0.0008876
-0.0001253 -0.0007560
-0.0000276 -0.0006813
 0.0000636 -0.0003385
 0.0002921 -0.0002610
 0.0002307  0.0002727
 0.0006106  0.0001193
 0.0004717 -0.0002247
 0.0004862 -0.0002275
 0.0006566 -0.0005162
 0.0009453 -0.0005921
 0.0009457 -0.0009757
 0.0009832 -0.0009942
 0.0012146 -0.0013806
 0.0012174 -0.0014057
 0.0014084 -0.0018280
 0.0014076 -0.0017913
 0.0010450 -0.0019290
 0.0013676 -0.0021979
 0.0018105 -0.0026012
 0.0021117 -0.0022015
 0.0024024 -0.0022823
 0.0025328 -0.0017498
 0.0027242 -0.0014494
 0.0028405 -0.0011842
 0.0028582 -0.0009589
 0.0027585 -0.0004792
 0.0026814 -0.0007328
 0.0023935 -0.0006755
 0.0022942 -0.0004038
 0.0019671 -0.0003064
 0.0015472 -0.0002087
 0.0016647  0.0004264
 0.0016090  0.0004445
 0.0016474  0.0006932
 0.0013595  0.0008438
 0.0010910  0.0006323
 0.0008713  0.0009193
 0.0006218  0.0004021
 0.0004264  0.0000981
 0.0003440  0.0000630
 0.0006904 -0.0004126
 0.0009395 -0.0002939
 0.0007267 -0.0003500
 0.0011119 -0.0002676
 0.0005180 -0.0004400
 0.0007251 -0.0003608
 0.0003234 -0.0005340
 0.0003472 -0.0009366
 0.0003117 -0.0008627
 0.0004321 -0.0009992
 0.0005891 -0.0009782
 0.0008415 -0.0006564
 0.0010357 -0.0005979
 0.0011153 -0.0005793
 0.0013220 -0.0005797
 0.0016086 -0.0008518
 0.0013138 -0.0007970
 0.0014866 -0.0007013
 0.0012169 -0.0006431
 0.0008891 -0.0003948
 0.0007361 -0.0002200
 0.0005447 -0.0002188
 0.0001599 -0.0003169
-0.0000157 -0.0001037
-0.0000747 -0.0001396
-0.0001171  0.0001281
-0.0003279  0.0003965
-0.0001434  0.0005282
-0.0003739  0.0009105
 0.0001057  0.0010672
 0.0004307  0.0009323
 0.0008902  0.0009113
 0.0013545  0.0006428
 0.0015286  0.0003888
 0.0017413  0.0003262
 0.0019917  0.0003048
 0.0017434  0.0000129
 0.0015669  0.0002192
 0.0015847  0.0000092
 0.0012730  0.0001227
 0.0008672  0.0002543
 0.0010614  0.0003516
 0.0009463  0.0002369
 0.0007570  0.0004852
 0.0009673  0.0001998
 0.0011373  0.0003342
 0.0009084  0.0003532
 0.0007142 -0.0000101
 0.0007509 -0.0000691
 0.0006269 -0.0002068
 0.0002817 -0.0002443
 0.0007767 -0.0001713
 0.0007169  0.0003492
 0.0006955  0.0004473
 0.0007883  0.0005821
 0.0008283  0.0007190
 0.0009414  0.0008192
 0.0007169  0.0007784
 0.0006636  0.0006621
 0.0004182  0.0002971
 0.0003463  0.0000859
 0.0004642 -0.0000732
 0.0006835 -0.0000740
 0.0006044 -0.0000215
 0.0006996  0.0003406
 0.0005644  0.0005922
 0.0005583  0.0010351
 0.0000370  0.0014248
-0.0003869  0.0013703
-0.0006962  0.0019117
-0.0010087  0.0016695
-0.0012788  0.0019009
-0.0011686  0.0016913
-0.0007681  0.0021355
-0.0008081  0.0021169
-0.0003684  0.0024241
 0.0002981  0.0028485
 0.0002981  0.0027722
 0.0004713  0.0032345
 0.0006227  0.0030245
 0.0003954  0.0030843
 0.0003183  0.0028731
 0.0001314  0.0025712
 0.0000785  0.0023786
 0.0001077  0.0020124
 0.0004569  0.0018808
 0.0003471  0.0018028
 0.0008680  0.0018577
 0.0009096  0.0020067
 0.0012564  0.0019082
 0.0015039  0.0019388
 0.0014474  0.0017615
 0.0016194  0.0016012
 0.0016392  0.0010045
 0.0017288  0.0009475
 0.0019395  0.0006423
 0.0021503  0.0006472
 0.0020691  0.0006290
 0.0022996  0.0005180
 0.0027603  0.0002556
 0.0029905  0.0005265
 0.0031116  0.0004857
 0.0033264  0.0003533
 0.0031149  0.0004716
 0.0030216  0.0003009
 0.0027366  0.0002629
 0.0025960  0.0003772
 0.0019250  0.0002811
 0.0018099  0.0002052
 0.0015576  0.0003000
 0.0010408  0.0003537
 0.0007788  0.0007413
 0.0004925  0.0006440
 0.0001687  0.0006444
 0.0003242  0.0007224
 0.0003254  0.0008003
 0.0004619  0.0007228
 0.0006537  0.0005722
 0.0007122  0.0003065
 0.0005604  0.0000199
 0.0007906  0.0003296
 0.0005818  0.0003324
 0.0002576  0.0006054
-0.0001623  0.0008367
-0.0003932  0.0015271
-0.0005099  0.0012813
-0.0004336  0.0015122
-0.0006488  0.0015889
-0.0002309  0.0015699
 0.0000020  0.0009010
 0.0002305  0.0012441
 0.0006545  0.0008456
 0.0005269  0.0005319
 0.0007026  0.0001847
 0.0007478  0.0001996
 0.0011540 -0.0004537
 0.0011144 -0.0001921
 0.0012101 -0.0000786
 0.0009445 -0.0003912
 0.0010377 -0.0000484
 0.0006877  0.0000045
 0.0002427  0.0000222
 0.0002980  0.0002136
 0.0000077 -0.0002253
-0.0000682 -0.0004938
-0.0000294 -0.0002394
-0.0004501  0.0000122
-0.0005030  0.0001466
-0.0003351  0.0008807
-0.0005418  0.0013438
-0.0005983  0.0016308
-0.0003459  0.0018638
 0.0000025  0.0020746
-0.0000713  0.0018008
-0.0000342  0.0018371
 0.0004866  0.0015242
 0.0005266  0.0014249
 0.0011399  0.0015367
 0.0009288  0.0013388
 0.0010430  0.0012964
 0.0011742  0.0016153
 0.0011948  0.0014784
 0.0009865  0.0014772
 0.0010636  0.0016117
 0.0010277  0.0014393
 0.0008383  0.0016290
 0.0006869  0.0014562
 0.0008589  0.0012293
 0.0004548  0.0006911
 0.0006611  0.0000613
 0.0007697 -0.0005500
 0.0008011 -0.0010635
 0.0012210 -0.0016530
 0.0013724 -0.0019784
 0.0014479 -0.0021298
 0.0015799 -0.0020308
 0.0020002 -0.0019182
 0.0020204 -0.0018641
 0.0024403 -0.0016554
 0.0025925 -0.0013897
 0.0025529 -0.0010623
 0.0026090 -0.0012375
 0.0024374 -0.0012771
 0.0026119 -0.0011608
 0.0024443 -0.0014471
 0.0026785 -0.0014871
 0.0026681 -0.0016966
 0.0024061 -0.0016191
 0.0025619 -0.0014862
 0.0023770 -0.0013481
 0.0022083 -0.0015040
 0.0020177 -0.0015989
 0.0016584 -0.0017192
 0.0011578 -0.0014693
 0.0007738 -0.0018371
 0.0007528 -0.0018016
 0.0004250 -0.0023221
 0.0003446 -0.0024008
 0.0004544 -0.0029168
 0.0003587 -0.0032248
 0.0003918 -0.0031703
 0.0003728 -0.0031130
 0.0005609 -0.0030581
 0.0004846 -0.0024877
 0.0005032 -0.0023528
 0.0005028 -0.0020851
 0.0007499 -0.0017403
 0.0007329 -0.0016830
 0.0006372 -0.0012058
 0.0002904 -0.0009546
 0.0000425 -0.0006869
-0.0002268 -0.0003966
-0.0004804 -0.0001891
-0.0005744  0.0000467
-0.0006705  0.0000091
-0.0009265 -0.0000833
-0.0007521 -0.0000627
-0.0004477 -0.0001184
-0.0002624 -0.0000595
-0.0001288  0.0001158
 0.0000380  0.0002668
-0.0000675  0.0003798
-0.0001042  0.0004545
-0.0000146  0.0003600
 0.0001703  0.0002639
 0.0006854 -0.0000986
 0.0007585 -0.0004616
 0.0011017 -0.0003263
 0.0013290 -0.0003796
 0.0012898 -0.0004769
 0.0010419  0.0000383
 0.0007000  0.0001529
 0.0005687  0.0003576
 0.0002999  0.0007787
 0.0004961  0.0008364
 0.0008615  0.0013153
 0.0008215  0.0012216
 0.0012055  0.0013609
 0.0012451  0.0016718
 0.0008784  0.0022100
 0.0009003  0.0019472
 0.0006693  0.0021378
 0.0002082  0.0019291
-0.0006752  0.0018330
-0.0010373  0.0013933
-0.0012873  0.0013921
-0.0016341  0.0013602
-0.0017128  0.0013400
-0.0018307  0.0015363
-0.0018344  0.0018872
-0.0018776  0.0022877
-0.0017621  0.0024104
-0.0014779  0.0026963
-0.0012865  0.0024674
-0.0010766  0.0021762
-0.0006171  0.0021746
-0.0003280  0.0015355
-0.0004052  0.0013219
 0.0001690  0.0013945
-0.0002328  0.0011401
-0.0000987  0.0013678
-0.0002320  0.0015390
-0.0006716  0.0014994
-0.0006874  0.0011159
-0.0003805  0.0012923
-0.0002246  0.0009673
-0.0000098  0.0008406
 0.0001056  0.0010417
-0.0000458  0.0013708
-0.0000433  0.0015287
-0.0001951  0.0019312
-0.0002884  0.0019910
-0.0005367  0.0019267
-0.0009957  0.0020640
-0.0006691  0.0019457
-0.0007854  0.0020381
-0.0004814  0.0019949
-0.0002888  0.0020341
-0.0004983  0.0024346
-0.0007139  0.0024729
-0.0007495  0.0027604
-0.0013838  0.0022177
-0.0017645  0.0017575
-0.0018004  0.0011632
-0.0016595  0.0004481
-0.0009848 -0.0003784
-0.0005984 -0.0013179
 0.0003036 -0.0013030
 0.0011095 -0.0016260
 0.0010489 -0.0015129
 0.0012742 -0.0013615
 0.0015596 -0.0011887
 0.0013642 -0.0012242
 0.0015115 -0.0008980
 0.0010896 -0.0007636
 0.0015071 -0.0006654
 0.0014509 -0.0005693
 0.0011453 -0.0001676
 0.0011873  0.0000431
 0.0009423  0.0003512
 0.0007319  0.0005583
 0.0001945  0.0004053
 0.0003706  0.0005026
 0.0000835  0.0006960
 0.0003758  0.0006229
 0.0004905  0.0004711
 0.0007788  0.0004364
 0.0008567  0.0005386
 0.0012976  0.0000375
 0.0014527 -0.0004158
 0.0017377 -0.0007000
 0.0020449 -0.0010448
 0.0018907 -0.0009483
 0.0021180 -0.0007925
 0.0019464 -0.0007562
 0.0016808 -0.0009831
 0.0016210 -0.0011353
 0.0018548 -0.0012854
 0.0017805 -0.0011881
 0.0019957 -0.0007666
 0.0022089 -0.0007242
 0.0018476 -0.0000552
 0.0016380  0.0003477
 0.0013877  0.0005597
 0.0013126  0.0005205
 0.0006367  0.0004253
 0.0004082  0.0001350
 0.0005277 -0.0003814
 0.0005310 -0.0010747
 0.0008584 -0.0015152
 0.0013785 -0.0023194
 0.0020463 -0.0025124
 0.0023539 -0.0029488
 0.0027363 -0.0031208
 0.0032539 -0.0028673
 0.0034113 -0.0026573
 0.0037561 -0.0026949
 0.0040267 -0.0023109
 0.0042778 -0.0023562
 0.0043012 -0.0020316
 0.0047013 -0.0023004
 0.0049121 -0.0020526
 0.0049170 -0.0018793
 0.0047627 -0.0017804
 0.0045375 -0.0016662
 0.0040792 -0.0015721
 0.0039997 -0.0013989
 0.0032725 -0.0013420
 0.0026427 -0.0013226
 0.0025268 -0.0012656
 0.0021498 -0.0012479
 0.0019023 -0.0011130
 0.0020185 -0.0009035
 0.0019221 -0.0006556
 0.0023597 -0.0003504
 0.0025494 -0.0004877
 0.0023564  0.0000307
 0.0024497  0.0000097
 0.0024113 -0.0000092
 0.0023750 -0.0004348
 0.0026423 -0.0001102
 0.0024521 -0.0004962
 0.0026092 -0.0004562
 0.0025890 -0.0001134
 0.0029899  0.0000448
 0.0024744  0.0009642
 0.0026282  0.0013671
 0.0025696  0.0015964
 0.0023981  0.0019570
 0.0026439  0.0017430
 0.0022947  0.0019945
 0.0021788  0.0024172
 0.0025587  0.0025356
 0.0021529  0.0031339
 0.0020164  0.0036362
 0.0020887  0.0038510
 0.0012840  0.0041013
 0.0009582  0.0044833
 0.0004761  0.0041760
 0.0001321  0.0042495
-0.0004077  0.0038998
-0.0005801  0.0034581
-0.0006940  0.0031690
-0.0007674  0.0030322
-0.0011312  0.0023583
-0.0013767  0.0020115
-0.0015470  0.0018746
-0.0016576  0.0013347
-0.0014428  0.0005830
-0.0012514  0.0004622
-0.0011343  0.0002486
-0.0008861 -0.0002202
-0.0006204 -0.0002041
-0.0003774 -0.0005476
-0.0003423 -0.0006792
 0.0000356 -0.0006962
 0.0004510 -0.0006521
 0.0006626 -0.0010296
 0.0011939 -0.0003933
 0.0014063 -0.0003133
 0.0015209  0.0001481
 0.0020930  0.0003399
 0.0018460  0.0003948
 0.0020147  0.0003520
 0.0019025  0.0003108
 0.0018637 -0.0002876
 0.0016081 -0.0006748
 0.0017224 -0.0011771
 0.0019719 -0.0016022
 0.0012254 -0.0020871
 0.0013586 -0.0022377
 0.0010538 -0.0020080
 0.0003270 -0.0017783
-0.0000380 -0.0019215
-0.0003823 -0.0019389
-0.0005402 -0.0018626
-0.0005967 -0.0018569
-0.0001781 -0.0017761
-0.0003339 -0.0012032
-0.0003541 -0.0008019
-0.0002225 -0.0005140
-0.0006889  0.0000036
-0.0008855 -0.0001123
-0.0009284  0.0001211
-0.0007761 -0.0000320
-0.0008347 -0.0003570
-0.0005719 -0.0003602
-0.0004387 -0.0006311
-0.0003995 -0.0009804
-0.0002105 -0.0012489
-0.0002933 -0.0012130
-0.0004245 -0.0008484
-0.0008695 -0.0010951
-0.0010241 -0.0006497
-0.0014073 -0.0007050
-0.0014263 -0.0007793
-0.0015595 -0.0005863
-0.0018066 -0.0006271
-0.0017080 -0.0002617
-0.0016156 -0.0004733
-0.0022083 -0.0001276
-0.0024558 -0.0003186
-0.0028765 -0.0003582
-0.0035439 -0.0004349
-0.0036787 -0.0003421
-0.0033496 -0.0008580
-0.0032176 -0.0005145
-0.0027796 -0.0004575
-0.0027029 -0.0002823
-0.0022240  0.0001461
-0.0019200  0.0001280
-0.0018776  0.0008002
-0.0018397  0.0008006
-0.0017286  0.0010275
-0.0016511  0.0011026
-0.0014606  0.0013146
-0.0014836  0.0016585
-0.0014436  0.0014849
-0.0013834  0.0013715
-0.0013402  0.0015471
-0.0015469  0.0012031
-0.0015053  0.0012060
-0.0014407  0.0011697
-0.0009392  0.0012323
-0.0006654  0.0016913
-0.0001462  0.0017709
 0.0002224  0.0022154
-0.0000654  0.0031904
 0.0002592  0.0032841
 0.0000504  0.0032482
-0.0001228  0.0033427
-0.0000061  0.0031505
-0.0000428  0.0026526
 0.0000727  0.0022448
 0.0002071  0.0019360
 0.0003601  0.0015871
-0.0001216  0.0016412
-0.0000667  0.0016412
-0.0002827  0.0016145
-0.0001115  0.0015980
-0.0003053  0.0015963
-0.0005565  0.0014676
-0.0003671  0.0013170
-0.0006513  0.0008600
-0.0011112  0.0009783
-0.0008827  0.0009799
-0.0007834  0.0005992
-0.0007285  0.0007171
-0.0006534  0.0008685
-0.0008262  0.0011802
-0.0005573  0.0013893
-0.0010563  0.0019086
-0.0008443  0.0018125
-0.0013050  0.0020999
-0.0010341  0.0020987
-0.0009384  0.0022166
-0.0009598  0.0021193
-0.0005601  0.0024266
-0.0001733  0.0024859
-0.0003490  0.0025578
-0.0003275  0.0023139
-0.0005718  0.0020228
-0.0011459  0.0017345
-0.0011257  0.0014866
-0.0018327  0.0009860
-0.0024823  0.0008309
-0.0026737  0.0007563
-0.0028053  0.0005233
-0.0026490  0.0004425
-0.0023579  0.0004437
-0.0020098  0.0001187
-0.0016658  0.0001320
-0.0009912  0.0003250
-0.0006843  0.0004393
-0.0002026  0.0005741
 0.0000461  0.0006900
 0.0005818  0.0012666
 0.0004239  0.0012464
 0.0004603  0.0012080
-0.0000428  0.0014434
-0.0002168  0.0012714
-0.0004462  0.0010805
-0.0011729  0.0011378
-0.0016364  0.0013639
-0.0019433  0.0010901
-0.0023107  0.0009504
-0.0024104  0.0006181
-0.0023745  0.0004420
-0.0024141 -0.0000417
-0.0021081 -0.0005201
-0.0014536 -0.0002323
-0.0012436 -0.0001927
-0.0004333  0.0000597
 0.0003177  0.0004820
 0.0006092  0.0011615
 0.0005172  0.0015661
 0.0002560  0.0022238
-0.0002426  0.0025707
-0.0008353  0.0027443
-0.0010230  0.0030713
-0.0011422  0.0033620
-0.0016210  0.0034000
-0.0015277  0.0032337
-0.0018168  0.0031029
-0.0016606  0.0030859
-0.0017373  0.0025914
-0.0011216  0.0029382
-0.0008292  0.0028227
-0.0004771  0.0025720
-0.0001303  0.0027024
 0.0005283  0.0024892
 0.0005525  0.0026038
 0.0007479  0.0023688
 0.0005614  0.0022493
 0.0007556  0.0018645
 0.0006385  0.0018605
 0.0004266  0.0014591
 0.0003058  0.0014926
 0.0002457  0.0015120
 0.0002622  0.0009173
 0.0000704  0.0006880
 0.0001871  0.0004962
 0.0000115  0.0003254
-0.0003535  0.0003052
 0.0000454  0.0002685
-0.0001836  0.0006226
-0.0001089  0.0008156
-0.0000544  0.0015464
-0.0001864  0.0017798
-0.0006875  0.0019130
-0.0005724  0.0024153
-0.0005942  0.0024751
-0.0009568  0.0020689
-0.0010335  0.0020503
-0.0007819  0.0016655
-0.0010492  0.0011059
-0.0011239  0.0008459
-0.0010823  0.0006104
-0.0009466  0.0002588
-0.0008736  0.0002458
-0.0005094  0.0001832
-0.0001279  0.0004872
 0.0002512  0.0005772
 0.0007458  0.0008416
 0.0006848  0.0008214
 0.0011241  0.0012239
 0.0013704  0.0012837
 0.0011002  0.0022583
 0.0014838  0.0028761
 0.0009831  0.0029702
 0.0010223  0.0035835
 0.0008322  0.0038750
 0.0008087  0.0044738
 0.0003283  0.0044935
 0.0005947  0.0047984
 0.0002240  0.0051609
 0.0001086  0.0049671
 0.0002596  0.0050273
 0.0000443  0.0051601
-0.0006787  0.0050038
-0.0005011  0.0046017
-0.0008051  0.0045848
-0.0006278  0.0041988
-0.0007400  0.0042077
-0.0005301  0.0041124
-0.0002216  0.0034806
 0.0002015  0.0033147
 0.0002544  0.0032194
 0.0004825  0.0025879
 0.0002858  0.0022621
 0.0005337  0.0021252
 0.0002616  0.0015511
-0.0000101  0.0008998
-0.0002431  0.0003265
-0.0002645 -0.0003582
-0.0004155 -0.0011745
-0.0000505 -0.0014208
-0.0000097 -0.0017962
 0.0003730 -0.0017502
 0.0005507 -0.0015410
 0.0008971 -0.0015406
 0.0008567 -0.0011760
 0.0005688 -0.0007368
 0.0002043 -0.0009092
-0.0004898 -0.0006415
-0.0010878 -0.0005474
-0.0016800 -0.0008543
-0.0026026 -0.0008353
-0.0026959 -0.0004332
-0.0029050 -0.0006653
-0.0031372 -0.0003840
-0.0028675  0.0000743
-0.0028485 -0.0001026
-0.0026175  0.0002184
-0.0021060  0.0004077
-0.0019554 -0.0000933
-0.0023814  0.0002454
-0.0021929  0.0003019
-0.0020233  0.0001327
-0.0024872  0.0003790
-0.0019511  0.0004759
-0.0023144  0.0002680
-0.0022732  0.0005175
-0.0024242  0.0004598
-0.0024436  0.0001158
-0.0025756 -0.0001709
-0.0023592 -0.0002072
-0.0023757 -0.0007417
-0.0024157 -0.0006081
-0.0021811 -0.0007175
-0.0020669 -0.0006222
-0.0020600 -0.0006186
-0.0020418 -0.0007122
-0.0017902 -0.0006525
-0.0018657 -0.0005527
-0.0016736 -0.0004723
-0.0017103 -0.0003342
-0.0015997  0.0000336
-0.0016933  0.0000348
-0.0017507  0.0003065
-0.0016954  0.0004951
-0.0019041  0.0003586
-0.0024403  0.0006448
-0.0026102  0.0002794
-0.0026466  0.0001046
-0.0025896  0.0002976
-0.0021273  0.0000905
-0.0022008  0.0000368
-0.0018540  0.0002492
-0.0013396  0.0003687
-0.0013772  0.0001645
-0.0013602  0.0002634
-0.0012657  0.0004576
-0.0013820  0.0000394
-0.0010013  0.0000644
-0.0011176 -0.0003397
-0.0010385 -0.0004907
-0.0012892 -0.0001790
-0.0013065 -0.0001394
-0.0016679 -0.0000780
-0.0018758 -0.0000227
-0.0023906 -0.0000240
-0.0028653 -0.0001806
-0.0030345 -0.0000918
-0.0030878 -0.0001875
-0.0030288  0.0000381
-0.0030458  0.0001479
-0.0027393  0.0001673
-0.0025657  0.0002045
-0.0023384  0.0004346
-0.0023937  0.0002457
-0.0020844  0.0003393
-0.0024857  0.0005077
-0.0021349  0.0001851
-0.0021902  0.0001976
-0.0021490  0.0005003
-0.0019572  0.0004995
-0.0015773  0.0004616
-0.0010976  0.0004402
-0.0011623  0.0004018
-0.0005094  0.0000788
 0.0000074  0.0002088
 0.0004075  0.0000752
 0.0007486  0.0003820
 0.0009021  0.0003800
 0.0013268  0.0006869
 0.0011916  0.0011483
 0.0012481  0.0008201
 0.0014197  0.0012246
 0.0015125  0.0014362
 0.0015335  0.0011920
 0.0011298  0.0015925
 0.0010498  0.0017810
 0.0007058  0.0018173
 0.0000150  0.0021218
-0.0007319  0.0020373
-0.0012120  0.0016740
-0.0014825  0.0013263
-0.0017930  0.0012282
-0.0019642  0.0007126
-0.0018471  0.0007498
-0.0014482  0.0000993
-0.0013682 -0.0004917
-0.0008296 -0.0005668
-0.0003153 -0.0009483
-0.0000617 -0.0011773
 0.0003970 -0.0007917
 0.0006461 -0.0008664
 0.0012630 -0.0007113
 0.0013797 -0.0005187
 0.0017075 -0.0000940
 0.0021513 -0.0003443
 0.0025171 -0.0005377
 0.0024028 -0.0004981
 0.0026313 -0.0006156
 0.0023628 -0.0006374
 0.0025142 -0.0010800
 0.0019409 -0.0014272
 0.0017649 -0.0013529
 0.0012873 -0.0015592
 0.0008900 -0.0013501
 0.0006821 -0.0012730
 0.0004742 -0.0008155
 0.0003591 -0.0001449
 0.0005900 -0.0001861
 0.0004964  0.0000020
 0.0007620  0.0006121
 0.0005315  0.0009314
 0.0008759  0.0007711
 0.0009163  0.0014970
 0.0012974  0.0018151
 0.0013345  0.0023141
 0.0014678  0.0026177
 0.0016591  0.0030809
 0.0016184  0.0032141
 0.0019615  0.0030635
 0.0021982  0.0027712
 0.0019317  0.0027106
 0.0023165  0.0021934
 0.0022967  0.0017876
 0.0024352  0.0013261
 0.0026427  0.0012131
 0.0028559  0.0009087
 0.0026035  0.0012535
 0.0025425  0.0016007
 0.0026201  0.0021220
 0.0020419  0.0020041
 0.0020742  0.0023521
 0.0020156  0.0024272
 0.0018440  0.0027748
 0.0019942  0.0029068
 0.0018820  0.0030037
 0.0019244  0.0026779
 0.0018473  0.0025410
 0.0015545  0.0029638
 0.0012299  0.0025988
 0.0006982  0.0025818
 0.0003477  0.0026581
 0.0000223  0.0025459
-0.0002098  0.0020420
-0.0004016  0.0015248
-0.0002458  0.0010427
 0.0001547  0.0006571
 0.0005028  0.0002699
 0.0007866  0.0002671
 0.0009578  0.0001665
 0.0016470  0.0003591
 0.0015464  0.0008000
 0.0014673  0.0008945
 0.0018847  0.0009744
 0.0017829  0.0013398
 0.0021447  0.0016301
 0.0020853  0.0016479
 0.0017930  0.0019156
 0.0015188  0.0020096
 0.0011704  0.0019123
 0.0008454  0.0014706
 0.0006011  0.0016228
 0.0005660  0.0009563
 0.0004736  0.0012486
 0.0000198  0.0009022
-0.0000331  0.0007734
-0.0002596  0.0004472
 0.0001619  0.0001775
-0.0000670 -0.0000753
 0.0002027 -0.0001355
 0.0003142 -0.0004827
 0.0003154 -0.0005194
 0.0005592 -0.0005566
 0.0009004 -0.0006906
 0.0006488 -0.0004358
 0.0011075 -0.0002997
 0.0012007 -0.0002937
 0.0015298 -0.0002133
 0.0013553  0.0000790
 0.0017332 -0.0001648
 0.0015410 -0.0001220
 0.0016569  0.0001340
 0.0014619  0.0002956
 0.0010945  0.0003982
 0.0005958  0.0003949
 0.0000411  0.0005116
 0.0000007  0.0010522
-0.0003082  0.0010664
-0.0007495  0.0012206
-0.0010979  0.0018504
-0.0008872  0.0018735
-0.0013503  0.0019494
-0.0020399  0.0022203
-0.0020334  0.0019728
-0.0021638  0.0017225
-0.0023519  0.0013954
-0.0023692  0.0010700
-0.0020398  0.0005867
-0.0022150 -0.0000682
-0.0019494 -0.0004126
-0.0018383 -0.0003742
-0.0016692 -0.0004303
-0.0013470 -0.0003479
-0.0016983  0.0000740
-0.0017375  0.0002137
-0.0018546  0.0003138
-0.0021820  0.0002985
-0.0024901  0.0004124
-0.0025652  0.0002255
-0.0029281  0.0001504
-0.0029435  0.0001681
-0.0026564  0.0002646
-0.0029612 -0.0001000
-0.0026148  0.0003821
-0.0022296  0.0003417
-0.0021113  0.0001726
-0.0016466  0.0003074
-0.0011822  0.0004044
-0.0009626 -0.0000353
-0.0007481 -0.0003789
-0.0008596 -0.0002243
-0.0009516 -0.0007612
-0.0008369 -0.0009130
-0.0011466 -0.0013919
-0.0015871 -0.0019830
-0.0012044 -0.0019442
-0.0013182 -0.0021376
-0.0010485 -0.0023483
-0.0008947 -0.0024877
-0.0005131 -0.0025644
-0.0000880 -0.0023932
 0.0002778 -0.0021457
 0.0002815 -0.0018764
-0.0000221 -0.0016834
-0.0000625 -0.0010346
 0.0000166 -0.0008630
 0.0000570 -0.0007694
-0.0001376 -0.0003370
 0.0002282 -0.0003556
 0.0003804 -0.0001525
 0.0005887 -0.0001760
 0.0008164 -0.0001586
 0.0010865 -0.0001982
 0.0007550  0.0002992
 0.0005814  0.0005859
 0.0004143  0.0008754
-0.0001768  0.0014079
-0.0003257  0.0015028
-0.0003786  0.0015032
-0.0002017  0.0015363
-0.0001981  0.0014131
 0.0005347  0.0011026
 0.0009773  0.0012120
 0.0012482  0.0009039
 0.0017024  0.0007872
 0.0017775  0.0009980
 0.0017726  0.0014627
 0.0017689  0.0016367
 0.0016312  0.0021733
 0.0012073  0.0026340
 0.0007660  0.0030999
 0.0007236  0.0035420
 0.0002044  0.0037924
 0.0000316  0.0039870
-0.0002789  0.0042393
-0.0007772  0.0039773
-0.0009548  0.0039249
-0.0013009  0.0035268
-0.0012415  0.0034913
-0.0013586  0.0031138
-0.0009718  0.0027670
-0.0005426  0.0020249
-0.0003694  0.0014100
-0.0004800  0.0008520
-0.0000350 -0.0000532
 0.0003655 -0.0007844
 0.0004592 -0.0011187
 0.0009182 -0.0015984
 0.0010833 -0.0018301
 0.0014834 -0.0017728
 0.0015589 -0.0017159
 0.0017915 -0.0017518
 0.0017325 -0.0015588
 0.0023301 -0.0015002
 0.0023131 -0.0012693
 0.0023333 -0.0009443
 0.0025865 -0.0010165
 0.0029184 -0.0009657
 0.0024355 -0.0009520
 0.0026289 -0.0012580
 0.0023596 -0.0013969
 0.0020293 -0.0015326
 0.0018190 -0.0016489
 0.0013975 -0.0015863
 0.0012634 -0.0008192
 0.0013026 -0.0003964
 0.0013046 -0.0000718
 0.0014391  0.0005431
 0.0014544  0.0009085
 0.0012759  0.0009844
 0.0010631  0.0006981
 0.0011208  0.0006242
 0.0011370  0.0007995
 0.0011414  0.0007813
 0.0010982  0.0008370
 0.0012722  0.0010651
 0.0013655  0.0010441
 0.0013255  0.0011547
 0.0010901  0.0015173
 0.0014724  0.0014741
 0.0014127  0.0015665
 0.0015471  0.0019254
 0.0017361  0.0019407
 0.0015669  0.0022048
 0.0017365  0.0023578
 0.0016763  0.0021652
 0.0017304  0.0022044
 0.0016718  0.0017853
 0.0016500  0.0016109
 0.0016113  0.0010190
 0.0017853  0.0007901
 0.0017292  0.0002563
 0.0015176 -0.0001854
 0.0013638 -0.0001276
 0.0013864 -0.0003356
 0.0008882 -0.0002015
 0.0005244 -0.0001866
 0.0005099 -0.0001511
 0.0002220  0.0001356
-0.0001603 -0.0001717
-0.0002338 -0.0001539
-0.0008616 -0.0000962
-0.0010509 -0.0004624
-0.0009875 -0.0009421
-0.0008304 -0.0008476
-0.0004667 -0.0010406
-0.0004388 -0.0014221
-0.0000811 -0.0010022
 0.0003990 -0.0006723
 0.0007999 -0.0008031
 0.0010676 -0.0002633
 0.0007805 -0.0001054
 0.0010094  0.0003569
 0.0008725  0.0005099
 0.0005653  0.0007425
 0.0000057  0.0007841
-0.0002293  0.0008592
-0.0007349  0.0007490
-0.0010829  0.0008656
-0.0015125  0.0007849
-0.0017059  0.0004429
-0.0018077  0.0001918
-0.0021392  0.0000961
-0.0022890 -0.0005725
-0.0025042 -0.0007610
-0.0031740 -0.0008963
-0.0036472 -0.0012427
-0.0041623 -0.0015524
-0.0042358 -0.0019000
-0.0042721 -0.0022126
-0.0039088 -0.0022344
-0.0031780 -0.0025065
-0.0027387 -0.0021868
-0.0021674 -0.0022207
-0.0021258 -0.0019732
-0.0023555 -0.0017810
-0.0023576 -0.0017543
-0.0030225 -0.0015581
-0.0028473 -0.0016126
-0.0030201 -0.0010740
-0.0026708 -0.0010671
-0.0021702 -0.0009500
-0.0021286 -0.0007437
-0.0017797 -0.0007053
-0.0018309 -0.0004586
-0.0021588 -0.0004203
-0.0023114 -0.0006726
-0.0023328 -0.0001869
-0.0022816 -0.0003383
-0.0020882 -0.0002975
-0.0016166 -0.0002365
-0.0011564 -0.0000827
-0.0011749 -0.0000193
-0.0010590  0.0001131
-0.0009799  0.0002666
-0.0009557 -0.0002902
-0.0012419 -0.0000464
-0.0012629  0.0001979
-0.0010328 -0.0000367
-0.0010780  0.0004788
-0.0011390  0.0006310
-0.0012520  0.0006565
-0.0014301  0.0011402
-0.0016187  0.0013934
-0.0019978  0.0011822
-0.0018666  0.0011790
-0.0018294  0.0007946
-0.0016376  0.0003343
-0.0012969  0.0003089
-0.0008189  0.0000428
-0.0003041 -0.0000912
 0.0000387  0.0000069
 0.0003641  0.0002815
 0.0005349  0.0000748
 0.0009741  0.0002702
 0.0009762  0.0003849
 0.0008199  0.0004987
 0.0007630  0.0003627
 0.0007416  0.0000917
 0.0009503 -0.0000641
 0.0009099 -0.0001029
 0.0005284 -0.0004877
 0.0003697 -0.0007941
 0.0000644 -0.0008878
-0.0003575 -0.0013848
-0.0009332 -0.0016331
-0.0012239 -0.0017457
-0.0013507 -0.0017804
-0.0015065 -0.0017808
-0.0013454 -0.0016613
-0.0008435 -0.0011610
-0.0007652 -0.0007201
-0.0006279 -0.0005263
-0.0002068 -0.0002175
-0.0004043  0.0000890
-0.0002504  0.0002650
-0.0005201  0.0005150
-0.0005226  0.0013443
-0.0008645  0.0013830
-0.0011104  0.0016919
-0.0009158  0.0019608
-0.0010466  0.0020165
-0.0009852  0.0019188
-0.0006820  0.0019160
-0.0007381  0.0019882
-0.0006263  0.0021614
-0.0007034  0.0023693
-0.0007619  0.0024109
-0.0012255  0.0030036
-0.0012997  0.0030638
-0.0011867  0.0031417
-0.0016482  0.0036214
-0.0011471  0.0033759
-0.0006110  0.0035693
-0.0003804  0.0032645
 0.0001001  0.0032657
 0.0003726  0.0035524
 0.0007013  0.0037066
 0.0004009  0.0043583
 0.0001361  0.0046276
-0.0000577  0.0049797
-0.0004562  0.0050592
-0.0004550  0.0048509
-0.0005491  0.0048929
-0.0008353  0.0046087
-0.0007961  0.0044577
-0.0006056  0.0042449
-0.0004481  0.0040350
-0.0007562  0.0035731
-0.0007929  0.0034140
-0.0005987  0.0026267
-0.0009059  0.0024482
-0.0005434  0.0020577
-0.0005644  0.0017472
-0.0008563  0.0016463
-0.0013384  0.0015263
-0.0017280  0.0012574
-0.0016671  0.0015090
-0.0021261  0.0013208
-0.0022920  0.0012110
-0.0025201  0.0010386
-0.0022641  0.0009268
-0.0022940  0.0007722
-0.0014852  0.0008166
-0.0010819  0.0007952
-0.0005586  0.0012139
 0.0000365  0.0013063
 0.0003454  0.0015102
 0.0004786  0.0020278
 0.0004597  0.0018497
 0.0001326  0.0016745
-0.0000031  0.0013450
-0.0001916  0.0014007
 0.0001149  0.0010749
-0.0000341  0.0008790
 0.0003099  0.0010482
 0.0004476  0.0009117
 0.0003176  0.0008665
 0.0006604  0.0010538
 0.0008134  0.0007102
 0.0005610  0.0004445
 0.0008828  0.0005031
 0.0011327  0.0002399
 0.0013616  0.0003578
 0.0013543  0.0004167
 0.0015849  0.0005855
 0.0014125  0.0009880
 0.0014661  0.0012731
 0.0012368  0.0013445
 0.0012348  0.0020535
 0.0015223  0.0019319
 0.0014859  0.0018915
 0.0014015  0.0019613
 0.0021105  0.0020558
 0.0018206  0.0017776
 0.0020648  0.0017368
 0.0022740  0.0015418
 0.0025776  0.0015026
 0.0024625  0.0014004
 0.0028820  0.0013447
 0.0029756  0.0014396
 0.0034537  0.0015926
 0.0034290  0.0015567
 0.0032958  0.0013863
 0.0033313  0.0017513
 0.0028569  0.0013710
 0.0025727  0.0008312
 0.0023833  0.0005070
 0.0021722  0.0002542
 0.0017297  0.0000232
 0.0016505 -0.0001689
 0.0016740 -0.0002077
 0.0013441 -0.0003829
 0.0012516 -0.0007633
 0.0013485 -0.0009316
 0.0006977 -0.0006631
 0.0003509 -0.0007753
 0.0001240 -0.0011754
 0.0000650 -0.0010026
 0.0000828 -0.0005815
 0.0001240 -0.0011383
 0.0003311 -0.0009675
 0.0002132 -0.0010103
 0.0005564 -0.0012599
 0.0005523 -0.0011468
 0.0007231 -0.0013588
 0.0009185 -0.0013580
 0.0007292 -0.0008614
 0.0004582 -0.0003603
 0.0002334 -0.0000010
-0.0001716  0.0000155
-0.0005729  0.0002251
-0.0007631  0.0000712
-0.0009964 -0.0001012
-0.0012892 -0.0000265
-0.0015391 -0.0006018
-0.0013861 -0.0003717
-0.0016776 -0.0002732
-0.0015428 -0.0005235
-0.0014652 -0.0000616
-0.0010978  0.0000712
-0.0010393  0.0005517
-0.0010158  0.0003191
-0.0008414  0.0004701
-0.0007243  0.0006082
-0.0010893  0.0007423
-0.0012383  0.0006235
-0.0014300  0.0008214
-0.0018875  0.0008561
-0.0020586  0.0005327
-0.0020021  0.0003934
-0.0018116  0.0006223
-0.0016012  0.0005246
-0.0013941  0.0007527
-0.0013606  0.0008884
-0.0011333  0.0012017
-0.0013998  0.0011811
-0.0016521  0.0012038
-0.0020886  0.0012704
-0.0023764  0.0015038
-0.0023769  0.0014465
-0.0032796  0.0009341
-0.0032247  0.0009596
-0.0033580  0.0009633
-0.0031694  0.0007429
-0.0029983  0.0004954
-0.0024629  0.0005915
-0.0021391  0.0003444
-0.0016809  0.0003424
-0.0011843  0.0006133
-0.0008794  0.0008293
-0.0006723  0.0010393
-0.0008451  0.0011749
-0.0006736  0.0014450
-0.0010192  0.0013663
-0.0012497  0.0013292
-0.0014480  0.0015989
-0.0019813  0.0013494
-0.0019211  0.0015836
-0.0020762  0.0019728
-0.0020313  0.0023919
-0.0019926  0.0023741
-0.0017967  0.0027391
-0.0020042  0.0027153
-0.0023482  0.0024831
-0.0020220  0.0025408
-0.0022877  0.0023813
-0.0024984  0.0021891
-0.0026696  0.0021899
-0.0028016  0.0020115
-0.0024176  0.0013618
-0.0026325  0.0014002
-0.0026312  0.0008834
-0.0020563  0.0005217
-0.0013820  0.0001962
-0.0010570  0.0002725
-0.0005943 -0.0000916
-0.0004942  0.0002548
-0.0002794  0.0003291
-0.0003932  0.0003876
-0.0004505  0.0003121
-0.0001755  0.0001022
 0.0000320 -0.0003718
 0.0004543 -0.0002531
 0.0009880 -0.0003479
 0.0014999 -0.0001505
 0.0015750 -0.0000742
 0.0013041 -0.0001646
 0.0011890 -0.0005441
 0.0014357 -0.0004976
 0.0011515 -0.0006090
 0.0008862 -0.0011852
 0.0009424 -0.0011493
 0.0014765 -0.0013762
 0.0014365 -0.0019741
 0.0017958 -0.0020375
 0.0021947 -0.0025144
 0.0024410 -0.0027837
 0.0027474 -0.0028228
 0.0030353 -0.0023811
 0.0026162 -0.0024788
 0.0026554 -0.0021183
 0.0024446 -0.0016589
 0.0018871 -0.0016072
 0.0017308 -0.0015741
 0.0017720 -0.0013060
 0.0015217 -0.0011732
 0.0016945 -0.0008450
 0.0015229 -0.0005583
 0.0017546 -0.0003104
 0.0013525 -0.0001768
 0.0010271 -0.0002402
 0.0007025 -0.0004344
 0.0008971 -0.0002785
 0.0008842 -0.0002455
 0.0008132 -0.0006294
 0.0010280 -0.0005152
 0.0010939 -0.0008232
 0.0008492 -0.0007069
 0.0009025 -0.0006306
 0.0011383 -0.0007990
 0.0010555 -0.0007998
 0.0012493 -0.0009488
 0.0011685 -0.0011922
 0.0012089 -0.0011163
 0.0012860 -0.0015721
 0.0012497 -0.0017663
 0.0009994 -0.0016137
 0.0012881 -0.0015390
 0.0013478 -0.0011760
 0.0013656 -0.0012193
 0.0014035 -0.0010691
 0.0012332 -0.0004970
 0.0009828 -0.0002681
 0.0005440 -0.0002471
 0.0005468 -0.0004966
 0.0003740 -0.0006278
 0.0000317 -0.0008571
 0.0003393 -0.0011797
 0.0005258 -0.0013517
 0.0005625 -0.0015447
 0.0009832 -0.0015673
 0.0011140 -0.0012213
 0.0009194 -0.0010170
 0.0009945 -0.0008095
 0.0012400 -0.0007151
 0.0006020 -0.0011245
 0.0003872 -0.0010349
 0.0004982 -0.0009021
-0.0000230 -0.0012320
-0.0001224 -0.0011573
-0.0002637 -0.0010983
-0.0005738 -0.0008904
-0.0007486 -0.0004075
-0.0006768 -0.0001419
-0.0010434  0.0002179
-0.0011601  0.0007553
-0.0008735  0.0008110
-0.0009473  0.0009442
-0.0004515  0.0011045
-0.0000227  0.0008021
 0.0003492  0.0008445
 0.0007170  0.0005244
 0.0008014  0.0003948
 0.0011890  0.0002257
 0.0011701 -0.0001801
 0.0010122 -0.0001801
 0.0013788 -0.0005479
 0.0011619 -0.0003723
 0.0012168 -0.0002209
 0.0008535 -0.0002011
 0.0009661  0.0000884
 0.0007174  0.0003585
 0.0003706  0.0005511
 0.0004671  0.0006327
 0.0001404  0.0003662
 0.0003661  0.0006529
 0.0004247  0.0006912
 0.0006564  0.0004433
 0.0002918  0.0006149
 0.0007723  0.0006173
 0.0005999  0.0007712
 0.0003516  0.0011878
 0.0002773  0.0015346
 0.0003565  0.0016856
 0.0001082  0.0023732
-0.0000420  0.0023344
-0.0005560  0.0024103
-0.0013235  0.0026950
-0.0014959  0.0022904
-0.0022251  0.0022710
-0.0025549  0.0020562
-0.0027895  0.0018879
-0.0028905  0.0017889
-0.0030052  0.0019609
-0.0029684  0.0018099
-0.0030839  0.0022141
-0.0030092  0.0022520
-0.0028933  0.0024204
-0.0029164  0.0023069
-0.0030306  0.0025544
-0.0032022  0.0020893
-0.0031618  0.0018785
-0.0027520  0.0017558
-0.0022695  0.0015454
-0.0018678  0.0016952
-0.0011176  0.0020795
-0.0009242  0.0021147
-0.0009650  0.0027255
-0.0006416  0.0028616
-0.0011822  0.0028608
-0.0012226  0.0029363
-0.0010551  0.0027473
-0.0014839  0.0021914
-0.0016624  0.0019237
-0.0016289  0.0016177
-0.0020706  0.0011998
-0.0021885  0.0012583
-0.0025337  0.0008150
-0.0023246  0.0008526
-0.0023823  0.0009866
-0.0017868  0.0008934
-0.0019010  0.0009672
-0.0017694  0.0014291
-0.0017517  0.0012604
-0.0021191  0.0012398
-0.0022313  0.0013173
-0.0022099  0.0012418
-0.0026827  0.0011384
-0.0026419  0.0007532
-0.0025991  0.0007141
-0.0022135  0.0006555
-0.0019966  0.0003341
-0.0018791 -0.0001047
-0.0018973 -0.0003889
-0.0014193 -0.0005722
-0.0012279 -0.0009892
-0.0011120 -0.0010231
-0.0005548 -0.0015351
-0.0007801 -0.0017999
-0.0009303 -0.0019384
-0.0010207 -0.0021318
-0.0012258 -0.0023450
-0.0014381 -0.0022566
-0.0013627 -0.0026091
-0.0012698 -0.0024363
-0.0011984 -0.0024202
-0.0010272 -0.0025530
-0.0009921 -0.0020309
-0.0011463 -0.0021274
-0.0009553 -0.0020079
-0.0013991 -0.0021213
-0.0020895 -0.0020838
-0.0017988 -0.0021977
-0.0015690 -0.0026563
-0.0017043 -0.0027302
-0.0014378 -0.0026123
-0.0014391 -0.0027075
-0.0012638 -0.0023268
-0.0011657 -0.0021334
-0.0011245 -0.0021350
-0.0014257 -0.0018121
-0.0014810 -0.0020604
-0.0017688 -0.0023131
-0.0016187 -0.0025239
-0.0015056 -0.0029446
-0.0013155 -0.0031557
-0.0010300 -0.0032333
-0.0004579 -0.0032894
-0.0000174 -0.0029074
 0.0007109 -0.0024888
 0.0010953 -0.0023906
 0.0014829 -0.0019712
 0.0020231 -0.0017237
 0.0023114 -0.0014176
 0.0021443 -0.0012448
 0.0022444 -0.0012981
 0.0022824 -0.0016070
 0.0023058 -0.0015807
 0.0026853 -0.0015185
 0.0028024 -0.0015928
 0.0028392 -0.0009573
 0.0031476 -0.0008365
 0.0030156 -0.0006233
 0.0032865 -0.0000992
 0.0030802  0.0000050
 0.0030811  0.0001786
 0.0029668  0.0002941
 0.0029446  0.0005892
 0.0025174  0.0008177
 0.0018456  0.0009526
 0.0014914  0.0011291
 0.0008394  0.0011662
 0.0006617  0.0008589
 0.0003573  0.0009018
 0.0002777  0.0007871
 0.0002228  0.0006518
 0.0004183  0.0005570
 0.0004409  0.0004152
 0.0006178  0.0005125
 0.0008277  0.0005686
 0.0008532  0.0009489
 0.0006869  0.0012554
 0.0006146  0.0012134
 0.0004862  0.0015416
 0.0004318  0.0011556
 0.0004923  0.0008323
 0.0003640  0.0004866
 0.0010132 -0.0001630
 0.0013604 -0.0004872
 0.0020153 -0.0006228
 0.0025486 -0.0006035
 0.0027033 -0.0002219
 0.0025474 -0.0002466
 0.0024703 -0.0003447
 0.0021461 -0.0002716
 0.0017601 -0.0006229
 0.0015069 -0.0010057
 0.0016179 -0.0012617
 0.0014258 -0.0011083
 0.0011173 -0.0012819
 0.0006958 -0.0008810
 0.0003873 -0.0003060
 0.0000829 -0.0004207
-0.0004343 -0.0000214
-0.0006834  0.0003617
-0.0005498  0.0006104
-0.0006483  0.0011454
-0.0011126  0.0013941
-0.0012471  0.0014914
-0.0015213  0.0014341
-0.0018652  0.0011664
-0.0019242  0.0011317
-0.0022896  0.0006319
-0.0022698  0.0004401
-0.0024991  0.0001946
-0.0026122  0.0000610
-0.0024369 -0.0001486
-0.0021829 -0.0002265
-0.0019912 -0.0001926
-0.0015301 -0.0007118
-0.0011675 -0.0005443
-0.0009188 -0.0003937
-0.0004020 -0.0000711
-0.0005220 -0.0000542
-0.0005058  0.0002712
-0.0003149  0.0003681
-0.0001441  0.0004275
-0.0000868  0.0006185
 0.0006638  0.0006370
 0.0010494  0.0003294
 0.0014866  0.0005595
 0.0021383  0.0003124
 0.0021609  0.0003908
 0.0018363  0.0005438
 0.0018000  0.0005830
 0.0011290  0.0012354
 0.0010478  0.0012754
 0.0005504  0.0012197
 0.0001829  0.0008951
-0.0000480  0.0009738
-0.0003347  0.0003573
-0.0006641  0.0000121
-0.0003811 -0.0000893
-0.0005099  0.0001231
-0.0009904  0.0004848
-0.0010465  0.0008094
-0.0015855  0.0012895
-0.0019460  0.0014364
-0.0024446  0.0009370
-0.0027915  0.0007416
-0.0026582  0.0005118
-0.0026013 -0.0001616
-0.0021423 -0.0003530
-0.0017022 -0.0004471
-0.0010748 -0.0006917
-0.0008277 -0.0004979
-0.0007522 -0.0004402
-0.0009848 -0.0006295
-0.0007607 -0.0003631
-0.0008399 -0.0002896
-0.0011096 -0.0001402
-0.0013434  0.0003023
-0.0015372  0.0002038
-0.0017451  0.0004904
-0.0017645  0.0005102
-0.0019175  0.0007222
-0.0016849  0.0009543
-0.0017418  0.0011667
-0.0014176  0.0014728
-0.0016445  0.0015515
-0.0022792  0.0018918
-0.0023519  0.0017396
-0.0028497  0.0014336
-0.0028577  0.0010847
-0.0030624  0.0003749
-0.0032332 -0.0002396
-0.0031552 -0.0007576
-0.0030410 -0.0015618
-0.0028694 -0.0019058
-0.0025827 -0.0019426
-0.0022577 -0.0022849
-0.0021217 -0.0025320
-0.0018782 -0.0023794
-0.0015520 -0.0028009
-0.0015342 -0.0026685
-0.0012888 -0.0025191
-0.0013889 -0.0025365
-0.0014495 -0.0024255
-0.0020511 -0.0022159
-0.0026458 -0.0023092
-0.0031836 -0.0026330
-0.0037965 -0.0025163
-0.0040109 -0.0031865
-0.0040881 -0.0029612
-0.0043025 -0.0028308
-0.0043202 -0.0031005
-0.0042076 -0.0028938
-0.0039363 -0.0030662
-0.0039911 -0.0030618
-0.0036508 -0.0029838
-0.0033581 -0.0032838
-0.0030528 -0.0033775
-0.0024036 -0.0032006
-0.0019636 -0.0035438
-0.0011383 -0.0035575
-0.0005848 -0.0033463
 0.0000079 -0.0033208
 0.0002518 -0.0029538
 0.0005764 -0.0024277
 0.0007104 -0.0022508
 0.0008283 -0.0019020
 0.0005384 -0.0014958
 0.0007169 -0.0015564
 0.0004145 -0.0013827
 0.0005526 -0.0010824
 0.0006681 -0.0006015
 0.0005477 -0.0000637
 0.0004751  0.0001462
 0.0004912  0.0004204
 0.0001840  0.0009978
-0.0004887  0.0008807
-0.0010450  0.0010106
-0.0018538  0.0011410
-0.0022955  0.0009626
-0.0024877  0.0006904
-0.0026819  0.0004001
-0.0027763  0.0007239
-0.0028151  0.0004744
-0.0027832  0.0005676
-0.0024925  0.0000076
-0.0022660  0.0000084
-0.0018990 -0.0001083
-0.0012796 -0.0003982
-0.0006498 -0.0007482
-0.0003207 -0.0006913
 0.0003531 -0.0008641
 0.0006850 -0.0009558
 0.0009547 -0.0007797
 0.0010133 -0.0004874
 0.0011518 -0.0002681
 0.0005761  0.0001587
 0.0005183  0.0002233
 0.0000609  0.0003784
 0.0000605  0.0003211
-0.0000332  0.0000772
 0.0000811 -0.0002296
 0.0002712 -0.0000944
 0.0005789 -0.0000952
 0.0008490 -0.0002086
 0.0006015  0.0000603
 0.0008745  0.0003865
 0.0007259  0.0002520
 0.0007732  0.0001737
 0.0009129  0.0000058
 0.0007430 -0.0002599
 0.0011298 -0.0004480
 0.0011693 -0.0007359
 0.0015913 -0.0009038
 0.0019567 -0.0010193
 0.0024137 -0.0009022
 0.0022223 -0.0009018
 0.0023717 -0.0008659
 0.0026006 -0.0006353
 0.0024665 -0.0005788
 0.0023139 -0.0002724
 0.0024492  0.0002485
 0.0022231  0.0005574
 0.0022611  0.0008860
 0.0023212  0.0008695
 0.0023431  0.0012587
 0.0025764  0.0011808
 0.0028288  0.0013322
 0.0026209  0.0013294
 0.0029294  0.0020573
 0.0024703  0.0023238
 0.0023573  0.0024929
 0.0021792  0.0027073
 0.0020641  0.0026714
 0.0016385  0.0028220
 0.0019260  0.0027291
 0.0020447  0.0028063
 0.0021429  0.0028571
 0.0019713  0.0028377
 0.0019576  0.0027545
 0.0014816  0.0030961
 0.0015983  0.0027634
 0.0014469  0.0025485
 0.0013140  0.0024327
 0.0011549  0.0022046
 0.0009240  0.0020895
 0.0008259  0.0017847
 0.0008630  0.0016535
 0.0004266  0.0016874
 0.0001726  0.0017576
 0.0003042  0.0015428
-0.0000438  0.0017301
-0.0002029  0.0020127
-0.0003410  0.0018564
-0.0008574  0.0022541
-0.0008635  0.0024685
-0.0007073  0.0023712
-0.0010888  0.0027002
-0.0012059  0.0025860
-0.0010904  0.0026825
-0.0009753  0.0025145
-0.0006528  0.0022457
-0.0003839  0.0019017
-0.0001384  0.0015306
 0.0004539  0.0017026
 0.0003957  0.0012011
 0.0003751  0.0014490
 0.0003497  0.0014317
 0.0003521  0.0010695
-0.0000686  0.0011478
 0.0003929  0.0010946
 0.0005496  0.0005551
 0.0008972  0.0007457
 0.0016458  0.0006464
 0.0017237  0.0004538
 0.0019869  0.0002971
 0.0022158  0.0001594
 0.0017523  0.0000625
