[PARAMETERS]
DW=1E-007
TAU=6E-005
TD=4096
BS=4096
NS=256
NSC=256
FR=56.250000
GAIN=4.974204
D0=0.05
D1=4.5E-006
D2=1E-005
D3=2.5E-005
D4=1E-005
D5=5E-005
D6=0.001
D7=0.001
D8=0.001
D9=0.05
C0=1
SEGTD=0
SEGOFF=0
SEGNUM=0
[ADDITIONAL]
PPFILE=ZG_two_T2.PC
DATEWR=27.09.2024
TIMEWR=09:34:33
DATESTA=27.09.2024
TIMESTA=09:34:15
DATEEND=27.09.2024
TIMEEND=09:34:33
CURR_Z0=0
CURR_Z1=1
TE=-1
[VARIABLES]
_USER=Measurements
_EMAIL_F=7NMR.NMR-270-ijs.si
_ITC_H=1
_ITC_R0= 35.00
_ITC_R1= 35.00
_ITC_R2= 53.10
_ITC_R3=  0.00
_ITC_R4=  0.00
_ITC_V=  2.42
_ITC_X=X0A1C1S00H1
_FW=100
_ORIENT=?
_THETA=0
_TITLE=?
_DESCR1=?
_DESCR2=?
_FR_LARM=56.25000000
_FR_SYNT=526.25000000
_TRIMLEV=1.640625
_DATE=27.09.2024
_TIME=09:16:34
[PPFILE]
; pi/2 - pi


DELAY D9
PULSE [GT] 3u
PULSE [PHL1,GT] D1
DELAY TAU-3u
PULSE [GT] 3u
PULSE [PHL2,GT] 2*D1
DELAY TAU-D3
PULSE [TR] 1u+DW
DELAY 1m
STOP

;PHL 1 [+X] [+X] [+Y] [+Y] [-X] [-X] [-Y] [-Y]
;PHL 2 [+Y] [-Y] [-X] [+X] [-Y] [+Y] [+X] [-X]
;!RLS +X+X+Y+Y-X-X-Y-Y

PHL 1 [+X] [+X] [-X] [-X] [+Y] [+Y] [-Y] [-Y] [+X] [+X] [-X] [-X] [+Y] [+Y] [-Y] [-Y]
PHL 2 [+Y] [-Y] [-Y] [+Y] [-X] [+X] [+X] [-X] [+X] [-X] [-X] [+X] [-Y] [+Y] [+Y] [-Y]
!RLS +X+X-X-X+Y+Y-Y-Y-X-X+X+X-Y-Y+Y+Y
[DATA]
 0.0001817  0.0001427
 0.0000208  0.0000567
 0.0003176 -0.0000575
 0.0001042 -0.0000392
 0.0002980  0.0000398
 0.0001631  0.0000396
 0.0001746 -0.0000670
 0.0002126  0.0000868
 0.0000866  0.0000186
 0.0003844 -0.0000563
 0.0000686 -0.0000961
 0.0001825  0.0002150
 0.0001250 -0.0000864
 0.0000202 -0.0000464
 0.0000666  0.0002584
-0.0000091  0.0000575
 0.0002128 -0.0000846
-0.0001433  0.0002873
 0.0001750  0.0000478
-0.0000277  0.0001520
-0.0000180  0.0002213
-0.0000081  0.0000285
-0.0000478  0.0000103
 0.0000291  0.0000559
 0.0000107  0.0001528
 0.0001157  0.0001347
-0.0001635  0.0002965
 0.0001147  0.0000377
-0.0000190  0.0000575
 0.0000670  0.0001730
 0.0000079  0.0002384
 0.0002679  0.0002798
 0.0000079  0.0002305
 0.0000862  0.0002114
 0.0001821  0.0000761
 0.0000854  0.0000073
 0.0001431  0.0000272
 0.0003242  0.0001534
 0.0002503 -0.0002598
 0.0000291  0.0000493
 0.0001833 -0.0000186
 0.0000478 -0.0000779
-0.0001930  0.0000848
 0.0002009 -0.0001623
-0.0000678  0.0001520
-0.0000097 -0.0001728
 0.0000755 -0.0000955
 0.0000668  0.0000375
-0.0000099  0.0001250
 0.0001801  0.0001241
-0.0000951 -0.0001340
-0.0000592  0.0000466
 0.0001908 -0.0000565
-0.0000198  0.0000575
-0.0000979  0.0000353
 0.0000071  0.0000767
-0.0001268 -0.0000311
-0.0000577 -0.0002879
-0.0001569  0.0001912
 0.0000182  0.0001342
-0.0001262 -0.0001159
-0.0001635  0.0000830
-0.0000008  0.0001326
 0.0000668 -0.0001536
-0.0000000  0.0000468
-0.0000404  0.0000866
 0.0000561  0.0002019
-0.0000194 -0.0000002
-0.0001732  0.0000470
-0.0000590  0.0001815
 0.0000091  0.0001050
 0.0000402 -0.0000289
 0.0000454  0.0001833
-0.0000947 -0.0000666
 0.0000299 -0.0001147
-0.0000396 -0.0000105
-0.0002198  0.0000081
 0.0000285  0.0000573
 0.0000787  0.0000188
-0.0001239 -0.0002108
-0.0001984 -0.0000870
 0.0001163 -0.0002477
 0.0000588 -0.0000006
-0.0000856 -0.0000757
 0.0001048  0.0000862
 0.0001159 -0.0001716
-0.0000672 -0.0000561
 0.0000283  0.0001070
-0.0000099 -0.0001526
 0.0000468 -0.0000363
-0.0000767 -0.0001141
 0.0000668  0.0000279
-0.0000509  0.0000959
 0.0002792 -0.0000200
 0.0001050  0.0000006
 0.0001058 -0.0000864
 0.0001437  0.0001524
-0.0001332 -0.0001823
 0.0000103 -0.0000283
 0.0000476  0.0001357
 0.0000975 -0.0000182
-0.0000208  0.0001922
 0.0001817  0.0001054
 0.0002089  0.0001447
 0.0001536  0.0000476
 0.0000204  0.0000390
 0.0000953  0.0000668
 0.0000569  0.0001643
 0.0001048  0.0001831
 0.0001447 -0.0000767
 0.0000470  0.0000775
 0.0000101  0.0000563
-0.0001056 -0.0000862
 0.0000557  0.0001716
-0.0001615 -0.0000583
-0.0000468 -0.0000965
-0.0001046 -0.0000583
-0.0000184 -0.0002021
-0.0000008  0.0000002
-0.0000002  0.0000099
-0.0000101 -0.0001064
 0.0001074 -0.0000373
 0.0000858 -0.0001342
 0.0000279  0.0000765
 0.0001340  0.0001381
 0.0000856  0.0001827
 0.0000470  0.0000670
 0.0000545  0.0002608
 0.0001708  0.0001542
-0.0000382  0.0001998
 0.0002283  0.0002683
 0.0001534  0.0000973
 0.0000674  0.0000886
-0.0000295  0.0001452
 0.0001910  0.0001627
 0.0001629  0.0001349
-0.0000579 -0.0000485
-0.0000283  0.0001258
 0.0001145  0.0000579
-0.0000087 -0.0000361
 0.0001237  0.0001823
 0.0000850  0.0002213
-0.0000002  0.0001534
 0.0000089 -0.0000008
 0.0000365  0.0001060
 0.0001536  0.0000767
 0.0001161 -0.0000676
 0.0000380 -0.0000596
 0.0001730  0.0001912
 0.0000583 -0.0000012
 0.0001171 -0.0000866
 0.0001330  0.0000297
 0.0000305  0.0000672
 0.0000763 -0.0000777
 0.0000373  0.0001720
 0.0001633  0.0002497
-0.0000180 -0.0000382
 0.0000493 -0.0000299
 0.0000270 -0.0000559
-0.0001728  0.0000658
 0.0001167 -0.0001349
 0.0000382  0.0000856
 0.0000285  0.0002307
 0.0002471  0.0001235
-0.0001530 -0.0000567
 0.0003169  0.0000989
 0.0000583  0.0000761
 0.0001272  0.0000495
 0.0002762  0.0000503
 0.0001141 -0.0001141
 0.0001050 -0.0001908
 0.0001530 -0.0001157
 0.0004427  0.0000002
 0.0001893 -0.0000963
 0.0002017  0.0000216
 0.0000852 -0.0002267
 0.0000186 -0.0000375
 0.0001506  0.0001629
-0.0000184 -0.0001625
 0.0000575  0.0000297
-0.0000010 -0.0001314
 0.0000989 -0.0002568
-0.0001248 -0.0001139
 0.0000769 -0.0000202
-0.0001635 -0.0000012
-0.0001336 -0.0002291
-0.0002421 -0.0001068
-0.0001425 -0.0001332
 0.0001048 -0.0003064
 0.0002679 -0.0002600
 0.0007742 -0.0001149
 0.0012433  0.0002116
 0.0018752  0.0005586
 0.0020276  0.0013631
 0.0021641  0.0019427
 0.0019164  0.0028838
 0.0017598  0.0038837
 0.0014047  0.0050651
 0.0012797  0.0058506
 0.0012634  0.0065220
 0.0011217  0.0068932
 0.0012015  0.0067961
 0.0016022  0.0068885
 0.0017723  0.0064818
 0.0019380  0.0059343
 0.0020555  0.0052073
 0.0022993  0.0044523
 0.0024378  0.0041019
 0.0025664  0.0037440
 0.0025147  0.0032888
 0.0024802  0.0030226
 0.0025242  0.0028903
 0.0021986  0.0027837
 0.0019457  0.0026083
 0.0016915  0.0027181
 0.0013191  0.0029932
 0.0008400  0.0033045
 0.0001632  0.0036220
-0.0005169  0.0036881
-0.0012039  0.0037299
-0.0019664  0.0034561
-0.0026800  0.0029810
-0.0033742  0.0023895
-0.0035986  0.0016377
-0.0036525  0.0010711
-0.0034397  0.0006867
-0.0031500  0.0005975
-0.0028119  0.0007169
-0.0026471  0.0006137
-0.0026788  0.0004435
-0.0031249  0.0001883
-0.0035966 -0.0000830
-0.0039869 -0.0007284
-0.0041954 -0.0012831
-0.0039549 -0.0018241
-0.0034369 -0.0022343
-0.0028224 -0.0029122
-0.0020030 -0.0035641
-0.0008554 -0.0042385
 0.0001162 -0.0050471
 0.0011824 -0.0055314
 0.0022982 -0.0059394
 0.0035386 -0.0057523
 0.0044351 -0.0055234
 0.0050906 -0.0051727
 0.0057569 -0.0047417
 0.0068063 -0.0045778
 0.0074357 -0.0044639
 0.0082607 -0.0044169
 0.0093450 -0.0039298
 0.0098584 -0.0033989
 0.0103617 -0.0028194
 0.0105454 -0.0019996
 0.0107126 -0.0012272
 0.0111662 -0.0008249
 0.0114066 -0.0008525
 0.0118584 -0.0009644
 0.0126470 -0.0012369
 0.0133937 -0.0015013
 0.0139381 -0.0014189
 0.0146459 -0.0013109
 0.0151237 -0.0012628
 0.0155058 -0.0010727
 0.0163311 -0.0009590
 0.0167349 -0.0008757
 0.0170435 -0.0006585
 0.0173807 -0.0007425
 0.0173153 -0.0007336
 0.0171816 -0.0011512
 0.0166257 -0.0013674
 0.0163303 -0.0019591
 0.0157867 -0.0024755
 0.0153166 -0.0030861
 0.0150119 -0.0033930
 0.0151847 -0.0039023
 0.0154631 -0.0040719
 0.0161689 -0.0038892
 0.0168261 -0.0036098
 0.0178175 -0.0035258
 0.0183399 -0.0033938
 0.0187657 -0.0030603
 0.0191678 -0.0031691
 0.0193913 -0.0030262
 0.0198385 -0.0032172
 0.0201231 -0.0033226
 0.0203383 -0.0034550
 0.0207286 -0.0037267
 0.0207389 -0.0039201
 0.0208612 -0.0043638
 0.0212702 -0.0047991
 0.0215699 -0.0051528
 0.0215096 -0.0055584
 0.0220025 -0.0060438
 0.0219440 -0.0063886
 0.0222845 -0.0066479
 0.0227195 -0.0068646
 0.0231351 -0.0067851
 0.0237312 -0.0067027
 0.0245421 -0.0065960
 0.0252828 -0.0065514
 0.0261320 -0.0061513
 0.0269042 -0.0059988
 0.0276969 -0.0056841
 0.0282985 -0.0050818
 0.0286637 -0.0049588
 0.0290406 -0.0043911
 0.0293775 -0.0042074
 0.0298118 -0.0042040
 0.0304009 -0.0036532
 0.0308945 -0.0034742
 0.0312653 -0.0027036
 0.0313950 -0.0019643
 0.0314755 -0.0014447
 0.0313522 -0.0008627
 0.0316988 -0.0004242
 0.0320539  0.0002074
 0.0324878  0.0007821
 0.0329404  0.0013460
 0.0333762  0.0019679
 0.0336746  0.0025901
 0.0339457  0.0028448
 0.0340965  0.0030641
 0.0338149  0.0030457
 0.0336605  0.0025907
 0.0334117  0.0023467
 0.0332981  0.0019486
 0.0334172  0.0015526
 0.0335442  0.0014686
 0.0336530  0.0014230
 0.0336076  0.0017014
 0.0338846  0.0021249
 0.0334851  0.0024107
 0.0329584  0.0025444
 0.0328403  0.0026790
 0.0325217  0.0024107
 0.0323283  0.0022587
 0.0324973  0.0023740
 0.0326350  0.0022313
 0.0330478  0.0021463
 0.0337386  0.0021933
 0.0342663  0.0022119
 0.0347629  0.0020801
 0.0351083  0.0021712
 0.0351756  0.0020194
 0.0352626  0.0019824
 0.0348199  0.0019701
 0.0342802  0.0019681
 0.0340353  0.0019370
 0.0338183  0.0018191
 0.0336850  0.0020710
 0.0334589  0.0025505
 0.0334651  0.0029750
 0.0333002  0.0031906
 0.0331573  0.0035205
 0.0329829  0.0035539
 0.0328913  0.0037765
 0.0323977  0.0036706
 0.0319421  0.0034376
 0.0315008  0.0032052
 0.0308764  0.0026216
 0.0304527  0.0021329
 0.0300951  0.0016138
 0.0300723  0.0012971
 0.0296473  0.0008457
 0.0291844  0.0008086
 0.0287522  0.0009808
 0.0279820  0.0006144
 0.0268893  0.0004993
 0.0260071  0.0002617
 0.0252786 -0.0002858
 0.0244541 -0.0008141
 0.0239478 -0.0016598
 0.0234760 -0.0020157
 0.0236220 -0.0023382
 0.0236125 -0.0026078
 0.0238049 -0.0024426
 0.0235960 -0.0022302
 0.0232701 -0.0019048
 0.0230507 -0.0017027
 0.0225280 -0.0012707
 0.0223885 -0.0009183
 0.0221541 -0.0007366
 0.0218509 -0.0010834
 0.0217437 -0.0012284
 0.0215115 -0.0017579
 0.0209764 -0.0019610
 0.0204039 -0.0019705
 0.0200454 -0.0020670
 0.0196695 -0.0018615
 0.0194352 -0.0015409
 0.0192695 -0.0014574
 0.0190908 -0.0012983
 0.0189836 -0.0017285
 0.0188742 -0.0020717
 0.0183092 -0.0023549
 0.0180143 -0.0025297
 0.0174771 -0.0026378
 0.0170929 -0.0024775
 0.0165432 -0.0021547
 0.0157145 -0.0016687
 0.0150168 -0.0010231
 0.0141398 -0.0004928
 0.0131956 -0.0001371
 0.0122502  0.0004366
 0.0116516  0.0004162
 0.0109978  0.0006542
 0.0107040  0.0008064
 0.0106011  0.0009742
 0.0106766  0.0014777
 0.0106297  0.0019713
 0.0105074  0.0022982
 0.0106136  0.0030021
 0.0104321  0.0036437
 0.0107513  0.0038909
 0.0107896  0.0043944
 0.0104505  0.0048924
 0.0104163  0.0056877
 0.0103065  0.0062044
 0.0097642  0.0065399
 0.0093681  0.0068249
 0.0086856  0.0071889
 0.0079968  0.0077548
 0.0073258  0.0077857
 0.0066663  0.0084228
 0.0056505  0.0085189
 0.0047810  0.0085036
 0.0041800  0.0086526
 0.0037224  0.0084560
 0.0032916  0.0079876
 0.0033060  0.0075009
 0.0033932  0.0069256
 0.0036754  0.0062618
 0.0039970  0.0056485
 0.0045066  0.0051838
 0.0050571  0.0042765
 0.0054062  0.0035936
 0.0056813  0.0031450
 0.0056520  0.0024027
 0.0053248  0.0020867
 0.0052757  0.0019323
 0.0050137  0.0017422
 0.0050125  0.0017448
 0.0050449  0.0019039
 0.0050634  0.0018199
 0.0052118  0.0015060
 0.0058549  0.0012400
 0.0060388  0.0007652
 0.0064352  0.0003566
 0.0065051  0.0002361
 0.0063851  0.0006070
 0.0062385  0.0007122
 0.0060451  0.0007867
 0.0058219  0.0009325
 0.0056056  0.0010498
 0.0054784  0.0012866
 0.0051611  0.0015203
 0.0046891  0.0017531
 0.0040857  0.0018140
 0.0033773  0.0023176
 0.0027959  0.0024291
 0.0024243  0.0032077
 0.0016049  0.0030286
 0.0012765  0.0031169
 0.0013954  0.0031686
 0.0013256  0.0030664
 0.0014676  0.0028672
 0.0015898  0.0028288
 0.0013942  0.0026546
 0.0012920  0.0024113
 0.0005566  0.0025407
 0.0003374  0.0025659
-0.0002367  0.0026376
-0.0008012  0.0028909
-0.0012011  0.0029646
-0.0015038  0.0030576
-0.0015567  0.0030843
-0.0014004  0.0029490
-0.0013736  0.0027104
-0.0010649  0.0027025
-0.0012676  0.0021781
-0.0012955  0.0020160
-0.0013520  0.0017493
-0.0015401  0.0015674
-0.0015476  0.0012684
-0.0014553  0.0013320
-0.0013257  0.0008071
-0.0013321  0.0005331
-0.0005904 -0.0000297
-0.0002906 -0.0007070
 0.0003707 -0.0011013
 0.0008803 -0.0015043
 0.0014459 -0.0015285
 0.0015008 -0.0015714
 0.0016433 -0.0013154
 0.0015300 -0.0010933
 0.0014834 -0.0013169
 0.0012544 -0.0014693
 0.0012774 -0.0017987
 0.0012707 -0.0020977
 0.0011623 -0.0024584
 0.0010163 -0.0027152
 0.0010431 -0.0025226
 0.0012093 -0.0027335
 0.0011522 -0.0027077
 0.0013454 -0.0025394
 0.0018650 -0.0023676
 0.0021890 -0.0022751
 0.0021129 -0.0021948
 0.0022069 -0.0027066
 0.0019451 -0.0029775
 0.0017695 -0.0029404
 0.0018353 -0.0028144
 0.0018347 -0.0023981
 0.0019530 -0.0022431
 0.0019267 -0.0020270
 0.0022021 -0.0016909
 0.0018158 -0.0017204
 0.0019105 -0.0018173
 0.0019473 -0.0017444
 0.0018962 -0.0016233
 0.0018188 -0.0018113
 0.0014092 -0.0015959
 0.0011887 -0.0017494
 0.0013527 -0.0022075
 0.0014927 -0.0026945
 0.0015345 -0.0030583
 0.0016065 -0.0037138
 0.0016695 -0.0041920
 0.0018879 -0.0043232
 0.0016295 -0.0047049
 0.0015954 -0.0048462
 0.0013712 -0.0045681
 0.0013682 -0.0048014
 0.0011831 -0.0046412
 0.0015156 -0.0041008
 0.0017601 -0.0036266
 0.0018871 -0.0029758
 0.0025333 -0.0022462
 0.0031761 -0.0013555
 0.0034625 -0.0004449
 0.0038816  0.0004571
 0.0040602  0.0008503
 0.0038206  0.0014150
 0.0037645  0.0011937
 0.0033014  0.0006834
 0.0028318 -0.0001526
 0.0026407 -0.0008152
 0.0019668 -0.0016864
 0.0015622 -0.0016279
 0.0013587 -0.0017482
 0.0014530 -0.0018561
 0.0016135 -0.0016005
 0.0017536 -0.0015317
 0.0022485 -0.0013728
 0.0027423 -0.0010716
 0.0027736 -0.0009652
 0.0027217 -0.0007102
 0.0025795 -0.0003597
 0.0019591 -0.0003167
 0.0014968 -0.0007123
 0.0009085 -0.0007311
 0.0003106 -0.0011615
-0.0001499 -0.0018402
-0.0003974 -0.0019443
-0.0004626 -0.0025296
-0.0001975 -0.0030914
 0.0002798 -0.0033498
 0.0003601 -0.0032042
 0.0006551 -0.0033086
 0.0007276 -0.0031473
 0.0008265 -0.0028421
 0.0007906 -0.0024032
 0.0007434 -0.0021854
 0.0009414 -0.0013613
 0.0010899 -0.0007123
 0.0013092 -0.0002252
 0.0014672  0.0002708
 0.0016824  0.0001827
 0.0018225  0.0003101
 0.0019559 -0.0001231
 0.0019066 -0.0002559
 0.0019551 -0.0005409
 0.0015915 -0.0012128
 0.0016695 -0.0014112
 0.0016882 -0.0016169
 0.0015667 -0.0020065
 0.0012481 -0.0017925
 0.0010215 -0.0019889
 0.0009185 -0.0021021
 0.0011440 -0.0018272
 0.0015960 -0.0018720
 0.0019820 -0.0015929
 0.0027933 -0.0011226
 0.0035277 -0.0007558
 0.0037643 -0.0002713
 0.0040469  0.0004047
 0.0041305  0.0002220
 0.0040144  0.0001833
 0.0039901 -0.0000071
 0.0041440 -0.0007728
 0.0042582 -0.0013455
 0.0047100 -0.0019658
 0.0050581 -0.0024909
 0.0054433 -0.0028432
 0.0056770 -0.0028682
 0.0058680 -0.0032118
 0.0055803 -0.0029322
 0.0054947 -0.0026269
 0.0054757 -0.0024915
 0.0051430 -0.0020992
 0.0049839 -0.0017423
 0.0048545 -0.0014031
 0.0045151 -0.0006839
 0.0047850 -0.0006439
 0.0044259 -0.0003560
 0.0041726 -0.0001285
 0.0036114  0.0000225
 0.0029935 -0.0001818
 0.0022886 -0.0002915
 0.0018620 -0.0007055
 0.0013485 -0.0012294
 0.0011585 -0.0014814
 0.0011517 -0.0020204
 0.0010011 -0.0021001
 0.0007625 -0.0022368
 0.0007480 -0.0021298
 0.0000297 -0.0018179
-0.0005174 -0.0013419
-0.0010564 -0.0008930
-0.0014327 -0.0010765
-0.0016455 -0.0011649
-0.0017785 -0.0015154
-0.0018768 -0.0021739
-0.0021633 -0.0025826
-0.0022018 -0.0032571
-0.0024612 -0.0035528
-0.0022705 -0.0036840
-0.0019521 -0.0039218
-0.0014755 -0.0039383
-0.0012655 -0.0040298
-0.0008553 -0.0041051
-0.0008368 -0.0040281
-0.0006642 -0.0040562
-0.0005140 -0.0038675
-0.0006018 -0.0034506
-0.0004801 -0.0033895
-0.0005483 -0.0032011
-0.0005964 -0.0027159
-0.0007579 -0.0025521
-0.0006289 -0.0026222
-0.0006644 -0.0024320
-0.0004494 -0.0023846
-0.0002220 -0.0026113
-0.0000924 -0.0027342
 0.0003039 -0.0030574
 0.0004278 -0.0032617
 0.0004825 -0.0033725
 0.0005558 -0.0035673
 0.0004516 -0.0037527
 0.0003756 -0.0031919
 0.0005989 -0.0030031
 0.0004569 -0.0026650
 0.0002405 -0.0018688
 0.0002393 -0.0015181
-0.0001340 -0.0010379
-0.0006405 -0.0004881
-0.0014865 -0.0003238
-0.0021890 -0.0003418
-0.0026993 -0.0001714
-0.0023975 -0.0003260
-0.0021047 -0.0003194
-0.0015284 -0.0002663
-0.0005020  0.0001606
 0.0001216  0.0004469
 0.0005717  0.0008861
 0.0006493  0.0013194
 0.0001042  0.0015875
-0.0007170  0.0015559
-0.0014254  0.0014199
-0.0022339  0.0009356
-0.0026122  0.0005296
-0.0030596  0.0006703
-0.0032964  0.0011881
-0.0034751  0.0018014
-0.0037927  0.0019814
-0.0041349  0.0021247
-0.0043378  0.0020484
-0.0042219  0.0015407
-0.0040773  0.0013544
-0.0039251  0.0008083
-0.0036560  0.0001621
-0.0031217 -0.0002812
-0.0027777 -0.0008396
-0.0023873 -0.0015153
-0.0017676 -0.0016352
-0.0008490 -0.0015995
-0.0003100 -0.0013924
 0.0002342 -0.0007658
 0.0002066 -0.0001580
 0.0004561  0.0006714
 0.0004631  0.0013572
 0.0004641  0.0015861
 0.0006448  0.0017688
 0.0012311  0.0019247
 0.0019831  0.0013183
 0.0026674  0.0010439
 0.0033532  0.0006741
 0.0037511  0.0004028
 0.0039272  0.0004907
 0.0037733  0.0003532
 0.0036571  0.0004128
 0.0031560  0.0007689
 0.0027712  0.0009522
 0.0024611  0.0014343
 0.0019106  0.0016921
 0.0017838  0.0018267
 0.0016397  0.0016275
 0.0016966  0.0018859
 0.0019201  0.0017325
 0.0021930  0.0014737
 0.0023891  0.0015112
 0.0024589  0.0015193
 0.0025762  0.0013772
 0.0028615  0.0013192
 0.0030072  0.0009571
 0.0030821  0.0006084
 0.0030809  0.0003321
 0.0032959 -0.0001478
 0.0032248 -0.0003480
 0.0034235 -0.0004895
 0.0036183 -0.0009472
 0.0038369 -0.0009256
 0.0041579 -0.0009900
 0.0040576 -0.0015334
 0.0037631 -0.0015433
 0.0035855 -0.0017183
 0.0031678 -0.0018744
 0.0024118 -0.0019663
 0.0021736 -0.0019564
 0.0018321 -0.0017759
 0.0017695 -0.0015861
 0.0017911 -0.0010415
 0.0019593 -0.0009295
 0.0021327 -0.0001396
 0.0023536  0.0004476
 0.0022090  0.0008346
 0.0022485  0.0018480
 0.0018232  0.0026523
 0.0014931  0.0033715
 0.0010177  0.0038369
 0.0009932  0.0039580
 0.0008196  0.0035698
 0.0010673  0.0032782
 0.0016131  0.0028137
 0.0019789  0.0023890
 0.0023865  0.0022194
 0.0026486  0.0018129
 0.0028834  0.0012602
 0.0028285  0.0008296
 0.0026769  0.0004077
 0.0022154  0.0000491
 0.0021064 -0.0004907
 0.0015625 -0.0007992
 0.0011289 -0.0013995
 0.0006062 -0.0017716
 0.0000214 -0.0020942
-0.0005132 -0.0027704
-0.0007934 -0.0031433
-0.0010205 -0.0033520
-0.0013168 -0.0036483
-0.0015084 -0.0035694
-0.0016004 -0.0037014
-0.0014060 -0.0036162
-0.0012241 -0.0037280
-0.0009223 -0.0037995
-0.0005285 -0.0039245
-0.0000401 -0.0037452
 0.0001904 -0.0038258
 0.0003690 -0.0034881
 0.0004530 -0.0031849
-0.0000765 -0.0031916
-0.0005703 -0.0029088
-0.0010918 -0.0035328
-0.0014881 -0.0040438
-0.0016661 -0.0045910
-0.0015079 -0.0049643
-0.0015214 -0.0052788
-0.0015279 -0.0048559
-0.0011173 -0.0044295
-0.0009470 -0.0039555
-0.0005560 -0.0034245
-0.0000002 -0.0030478
 0.0002921 -0.0026994
 0.0003245 -0.0025910
 0.0004339 -0.0023992
 0.0004596 -0.0019777
 0.0006550 -0.0020465
 0.0005718 -0.0019091
 0.0010937 -0.0016743
 0.0014587 -0.0015615
 0.0021974 -0.0014664
 0.0026267 -0.0012855
 0.0031936 -0.0010994
 0.0037108 -0.0010005
 0.0039125 -0.0006318
 0.0040958 -0.0002052
 0.0044892 -0.0002607
 0.0051447 -0.0002688
 0.0059611 -0.0001065
 0.0066263 -0.0005113
 0.0073748 -0.0009055
 0.0077003 -0.0012522
 0.0078908 -0.0018846
 0.0079671 -0.0019886
 0.0080495 -0.0023602
 0.0079530 -0.0024038
 0.0078654 -0.0024484
 0.0077200 -0.0024443
 0.0077224 -0.0022513
 0.0071544 -0.0021274
 0.0066634 -0.0021857
 0.0061627 -0.0023311
 0.0059013 -0.0021512
 0.0059092 -0.0018470
 0.0056045 -0.0017620
 0.0056742 -0.0015523
 0.0057449 -0.0012303
 0.0059621 -0.0010315
 0.0065151 -0.0009017
 0.0067767 -0.0008178
 0.0071647 -0.0005985
 0.0073646 -0.0005903
 0.0073543 -0.0005939
 0.0073896 -0.0004797
 0.0074893 -0.0003105
 0.0071017 -0.0001026
 0.0066775  0.0003008
 0.0060128  0.0005309
 0.0053833  0.0005440
 0.0047396  0.0004516
 0.0039856  0.0001321
 0.0034514 -0.0001679
 0.0031815 -0.0003469
 0.0027772 -0.0007287
 0.0024382 -0.0007337
 0.0018103 -0.0009129
 0.0014542 -0.0010456
 0.0007590 -0.0011792
 0.0002934 -0.0013593
-0.0001499 -0.0013972
-0.0006401 -0.0012626
-0.0010652 -0.0011073
-0.0013412 -0.0009149
-0.0016151 -0.0009702
-0.0017841 -0.0008642
-0.0019060 -0.0009026
-0.0019021 -0.0010092
-0.0018753 -0.0009617
-0.0017035 -0.0009997
-0.0018713 -0.0009416
-0.0015652 -0.0007582
-0.0014980 -0.0006315
-0.0018119 -0.0006323
-0.0018042 -0.0007100
-0.0020575 -0.0010183
-0.0021962 -0.0012997
-0.0022678 -0.0015022
-0.0021229 -0.0019397
-0.0021132 -0.0019567
-0.0018368 -0.0019991
-0.0019566 -0.0020643
-0.0021310 -0.0021467
-0.0023079 -0.0023419
-0.0027607 -0.0025656
-0.0027712 -0.0028747
-0.0029522 -0.0030768
-0.0030338 -0.0031242
-0.0025799 -0.0032001
-0.0019711 -0.0031257
-0.0018364 -0.0030677
-0.0016019 -0.0025796
-0.0018777 -0.0023682
-0.0022609 -0.0021744
-0.0030456 -0.0017573
-0.0033385 -0.0018564
-0.0038965 -0.0019099
-0.0040516 -0.0017114
-0.0041021 -0.0013415
-0.0039367 -0.0011756
-0.0036311 -0.0008564
-0.0036173 -0.0006816
-0.0034441 -0.0003824
-0.0031189  0.0000282
-0.0029154 -0.0001008
-0.0023962 -0.0000814
-0.0018188 -0.0000235
-0.0015008 -0.0002435
-0.0008585 -0.0005982
-0.0004842 -0.0008477
-0.0002529 -0.0013859
-0.0001582 -0.0016090
-0.0001895 -0.0018489
-0.0005297 -0.0021188
-0.0005242 -0.0021785
-0.0005673 -0.0022268
-0.0004823 -0.0023033
-0.0006943 -0.0020382
-0.0007877 -0.0019341
-0.0011177 -0.0015766
-0.0015657 -0.0011497
-0.0019349 -0.0008806
-0.0023570 -0.0004577
-0.0025978 -0.0001576
-0.0026338  0.0004523
-0.0027194  0.0006051
-0.0026200  0.0004809
-0.0025704  0.0002522
-0.0024032  0.0000764
-0.0021692 -0.0005637
-0.0017620 -0.0012773
-0.0013532 -0.0016754
-0.0006714 -0.0022303
-0.0000918 -0.0022963
 0.0003773 -0.0024477
 0.0007811 -0.0023712
 0.0009283 -0.0019109
 0.0010252 -0.0016082
 0.0009733 -0.0014246
 0.0005930 -0.0010437
 0.0006269 -0.0008606
 0.0004386 -0.0004960
 0.0003633 -0.0002923
 0.0004832 -0.0001365
 0.0006956  0.0002293
 0.0004031  0.0007560
 0.0004219  0.0011123
 0.0002002  0.0013425
 0.0000478  0.0015219
-0.0002025  0.0015001
-0.0001777  0.0016065
-0.0002140  0.0016555
-0.0004734  0.0014642
-0.0006369  0.0018595
-0.0007980  0.0018936
-0.0013925  0.0019800
-0.0022055  0.0019263
-0.0028268  0.0015388
-0.0032247  0.0010224
-0.0034712  0.0003061
-0.0030856 -0.0002296
-0.0026055 -0.0005855
-0.0020986 -0.0008173
-0.0011020 -0.0007384
-0.0005121 -0.0004016
 0.0001954 -0.0003621
 0.0005794 -0.0000007
 0.0007867  0.0001639
 0.0010362 -0.0001252
 0.0012266  0.0000666
 0.0015039  0.0005030
 0.0017922  0.0009982
 0.0021756  0.0016470
 0.0026439  0.0023886
 0.0028914  0.0029785
 0.0029352  0.0033015
 0.0031221  0.0036525
 0.0027484  0.0032935
 0.0024603  0.0032069
 0.0022038  0.0029552
 0.0018019  0.0028476
 0.0012546  0.0029701
 0.0010428  0.0032539
 0.0007598  0.0031729
 0.0006964  0.0033046
 0.0007704  0.0032737
 0.0008576  0.0028978
 0.0010831  0.0026650
 0.0016918  0.0021767
 0.0018591  0.0019233
 0.0019494  0.0020654
 0.0020645  0.0023508
 0.0019888  0.0026104
 0.0016803  0.0028802
 0.0014189  0.0031822
 0.0011019  0.0032623
 0.0008605  0.0033930
 0.0006866  0.0034007
 0.0004751  0.0030145
 0.0005637  0.0026928
 0.0006978  0.0024796
 0.0010308  0.0021769
 0.0018321  0.0016897
 0.0027952  0.0015307
 0.0035290  0.0011667
 0.0042603  0.0013314
 0.0046982  0.0011599
 0.0047046  0.0013630
 0.0042788  0.0015446
 0.0033756  0.0016605
 0.0023182  0.0017427
 0.0018159  0.0015169
 0.0012749  0.0012726
 0.0011970  0.0010843
 0.0011475  0.0010336
 0.0014968  0.0011113
 0.0016159  0.0015443
 0.0017461  0.0019394
 0.0017744  0.0022701
 0.0017006  0.0029145
 0.0015605  0.0033098
 0.0016013  0.0037341
 0.0011963  0.0043644
 0.0009086  0.0049298
 0.0004970  0.0054290
 0.0000947  0.0055588
-0.0005816  0.0056347
-0.0006191  0.0053545
-0.0007826  0.0052847
-0.0004467  0.0052830
-0.0002860  0.0053117
-0.0001050  0.0055408
 0.0002095  0.0057790
 0.0003034  0.0058287
 0.0002590  0.0060257
 0.0003060  0.0060600
 0.0003219  0.0058577
 0.0007059  0.0057093
 0.0008066  0.0054840
 0.0011486  0.0047300
 0.0018625  0.0042632
 0.0021615  0.0035881
 0.0026912  0.0029726
 0.0029217  0.0024715
 0.0033138  0.0023464
 0.0035352  0.0024324
 0.0034610  0.0027858
 0.0027994  0.0028222
 0.0024926  0.0030356
 0.0018444  0.0028000
 0.0013344  0.0023319
 0.0012561  0.0019620
 0.0012398  0.0013629
 0.0014146  0.0006570
 0.0013456  0.0004184
 0.0016151  0.0002977
 0.0010958  0.0001265
 0.0006822  0.0002203
 0.0001046  0.0004234
-0.0005180  0.0008557
-0.0010176  0.0007266
-0.0012746  0.0006677
-0.0016070  0.0005490
-0.0016640  0.0001521
-0.0017978 -0.0001956
-0.0018452 -0.0003314
-0.0020041 -0.0004387
-0.0021077 -0.0001887
-0.0024852  0.0001444
-0.0024959  0.0006343
-0.0025760  0.0009137
-0.0029245  0.0011198
-0.0029269  0.0011354
-0.0031672  0.0008984
-0.0032723  0.0010182
-0.0035319  0.0007814
-0.0037710  0.0006548
-0.0039938  0.0008734
-0.0040661  0.0007178
-0.0039236  0.0006140
-0.0037258  0.0004913
-0.0031808  0.0000613
-0.0023561 -0.0005382
-0.0019614 -0.0004882
-0.0016013 -0.0004767
-0.0011838 -0.0003404
-0.0011700  0.0000886
-0.0013206  0.0002121
-0.0015961  0.0005862
-0.0017786  0.0009500
-0.0017659  0.0008079
-0.0014203  0.0010108
-0.0009398  0.0011668
-0.0004402  0.0012040
 0.0001537  0.0017422
 0.0007070  0.0023639
 0.0010809  0.0026906
 0.0013189  0.0034871
 0.0012343  0.0040861
 0.0010619  0.0050906
 0.0007022  0.0057846
 0.0001780  0.0063375
-0.0004143  0.0063066
-0.0006337  0.0062563
-0.0006600  0.0057765
-0.0005171  0.0051085
-0.0003961  0.0044676
-0.0001373  0.0040408
-0.0002569  0.0033609
-0.0003713  0.0029433
-0.0007670  0.0025896
-0.0010561  0.0019718
-0.0015576  0.0020439
-0.0018887  0.0020332
-0.0024889  0.0023071
-0.0029352  0.0024613
-0.0031422  0.0030805
-0.0037111  0.0032103
-0.0041449  0.0036494
-0.0044253  0.0038108
-0.0047209  0.0037147
-0.0045271  0.0034832
-0.0043145  0.0030002
-0.0040343  0.0024973
-0.0033313  0.0022606
-0.0027562  0.0022046
-0.0022737  0.0021715
-0.0024281  0.0023528
-0.0025751  0.0023469
-0.0029351  0.0024085
-0.0033821  0.0024155
-0.0039043  0.0022296
-0.0039849  0.0022088
-0.0040150  0.0020848
-0.0036869  0.0015398
-0.0033290  0.0013962
-0.0026139  0.0017449
-0.0019170  0.0017911
-0.0015361  0.0023069
-0.0015340  0.0023141
-0.0014743  0.0022279
-0.0016543  0.0018674
-0.0017450  0.0011200
-0.0017539  0.0004635
-0.0019687 -0.0004542
-0.0013189 -0.0012916
-0.0008986 -0.0021464
-0.0006907 -0.0024395
-0.0003213 -0.0023454
-0.0001662 -0.0020763
-0.0003897 -0.0018759
-0.0006481 -0.0015012
-0.0010987 -0.0012705
-0.0012585 -0.0009026
-0.0015908 -0.0009186
-0.0017335 -0.0008528
-0.0019788 -0.0009175
-0.0023799 -0.0009285
-0.0026177 -0.0012928
-0.0031192 -0.0013037
-0.0034286 -0.0017941
-0.0035583 -0.0018300
-0.0038034 -0.0020045
-0.0037794 -0.0020028
-0.0036706 -0.0017045
-0.0034651 -0.0016284
-0.0033904 -0.0012046
-0.0029072 -0.0010021
-0.0024180 -0.0009831
-0.0021025 -0.0005423
-0.0017787 -0.0003793
-0.0018253 -0.0007625
-0.0020944 -0.0010807
-0.0023068 -0.0014236
-0.0024221 -0.0019778
-0.0027277 -0.0024063
-0.0026694 -0.0027864
-0.0026369 -0.0029544
-0.0027792 -0.0031474
-0.0027509 -0.0028329
-0.0027136 -0.0025682
-0.0026766 -0.0019208
-0.0023720 -0.0012040
-0.0021988 -0.0008279
-0.0017725 -0.0004326
-0.0016384 -0.0000048
-0.0014255  0.0002060
-0.0012492  0.0003760
-0.0011668  0.0006706
-0.0010753  0.0005105
-0.0009568  0.0007988
-0.0007014  0.0009758
-0.0004674  0.0011136
-0.0002990  0.0010276
 0.0001550  0.0008285
 0.0007905  0.0005121
 0.0012895  0.0003500
 0.0017531  0.0001697
 0.0023486  0.0001620
 0.0025222  0.0003273
 0.0029165  0.0003028
 0.0031359  0.0008850
 0.0032807  0.0013727
 0.0032681  0.0019091
 0.0030069  0.0025448
 0.0030069  0.0027592
 0.0027834  0.0025327
 0.0025355  0.0023133
 0.0022825  0.0019410
 0.0020590  0.0011687
 0.0017235  0.0003295
 0.0013743 -0.0001656
 0.0011500 -0.0009446
 0.0008231 -0.0013724
 0.0008698 -0.0014143
 0.0007832 -0.0012393
 0.0006705 -0.0009880
 0.0009707 -0.0008947
 0.0010329 -0.0009689
 0.0009829 -0.0010416
 0.0009512 -0.0012142
 0.0008144 -0.0011732
 0.0006683 -0.0010598
 0.0006540 -0.0007640
 0.0008070 -0.0001655
 0.0007686  0.0007435
 0.0008338  0.0014666
 0.0004775  0.0019729
 0.0002351  0.0024854
 0.0000544  0.0027024
 0.0000263  0.0024670
 0.0000509  0.0021862
 0.0002110  0.0016395
 0.0005259  0.0012822
 0.0007435  0.0008130
 0.0011588  0.0005639
 0.0013645  0.0005524
 0.0012351  0.0005694
 0.0008940  0.0006511
 0.0003409  0.0006652
-0.0000909  0.0006801
-0.0006029  0.0005461
-0.0009293  0.0003395
-0.0008308  0.0003086
-0.0005218  0.0002577
-0.0002961  0.0005603
 0.0003476  0.0009154
 0.0008420  0.0011280
 0.0010697  0.0012641
 0.0009427  0.0011935
 0.0009625  0.0010437
 0.0007224  0.0006939
 0.0006344  0.0008307
 0.0003768  0.0010994
 0.0002034  0.0014174
-0.0000738  0.0015888
-0.0004274  0.0017442
-0.0005066  0.0017652
-0.0005391  0.0015303
-0.0006651  0.0012633
-0.0004029  0.0009250
 0.0000346  0.0007728
 0.0006363  0.0008195
 0.0008556  0.0008332
 0.0011901  0.0010367
 0.0011568  0.0015767
 0.0011631  0.0017980
 0.0009580  0.0020451
 0.0008183  0.0019191
 0.0006490  0.0019348
 0.0001810  0.0016938
-0.0000776  0.0012303
-0.0006626  0.0008857
-0.0009668  0.0004373
-0.0010213  0.0001808
-0.0010653 -0.0000637
-0.0009579 -0.0003471
-0.0012516 -0.0003335
-0.0015176 -0.0003468
-0.0016828 -0.0005087
-0.0020932 -0.0005935
-0.0022585 -0.0005180
-0.0028262 -0.0007639
-0.0029817 -0.0009915
-0.0030219 -0.0010165
-0.0025913 -0.0014978
-0.0019245 -0.0019212
-0.0012058 -0.0023116
-0.0002687 -0.0029127
 0.0005916 -0.0030316
 0.0015009 -0.0030675
 0.0019236 -0.0029948
 0.0022956 -0.0028874
 0.0025698 -0.0023104
 0.0026949 -0.0016112
 0.0026071 -0.0009690
 0.0025487 -0.0006046
 0.0019076  0.0000153
 0.0016222  0.0002533
 0.0012618  0.0004243
 0.0004730  0.0001800
 0.0001042  0.0002609
-0.0000073 -0.0000405
-0.0002535 -0.0001919
-0.0005148 -0.0001292
-0.0006886 -0.0000930
-0.0010092  0.0000180
-0.0015310  0.0002943
-0.0022525  0.0003117
-0.0033007  0.0003605
-0.0040426  0.0002755
-0.0046000  0.0000121
-0.0049349 -0.0000575
-0.0050033  0.0000090
-0.0051438  0.0001099
-0.0049680  0.0003629
-0.0048149  0.0002898
-0.0044772  0.0000525
-0.0040466 -0.0001480
-0.0036360 -0.0003382
-0.0032522 -0.0006349
-0.0031392 -0.0007799
-0.0032858 -0.0006371
-0.0036027 -0.0008881
-0.0045770 -0.0011320
-0.0051727 -0.0013552
-0.0061052 -0.0020473
-0.0064209 -0.0021932
-0.0068063 -0.0024755
-0.0067657 -0.0024868
-0.0066408 -0.0022876
-0.0068140 -0.0023096
-0.0070820 -0.0021717
-0.0071840 -0.0020884
-0.0075712 -0.0018330
-0.0078444 -0.0018361
-0.0081303 -0.0017113
-0.0081640 -0.0014303
-0.0081749 -0.0014171
-0.0080774 -0.0009657
-0.0081272 -0.0010233
-0.0079128 -0.0009243
-0.0075143 -0.0010231
-0.0069317 -0.0011480
-0.0062855 -0.0011596
-0.0055413 -0.0009968
-0.0048535 -0.0009595
-0.0044285 -0.0004615
-0.0040345  0.0000341
-0.0039759  0.0002794
-0.0037501  0.0005553
-0.0036326  0.0010117
-0.0036672  0.0008399
-0.0037332  0.0009841
-0.0036422  0.0007650
-0.0038356  0.0007192
-0.0038275  0.0008716
-0.0039513  0.0010931
-0.0041883  0.0013238
-0.0044674  0.0020048
-0.0048284  0.0022811
-0.0051922  0.0024646
-0.0052128  0.0023209
-0.0050191  0.0016337
-0.0046647  0.0008834
-0.0038521  0.0002084
-0.0029885 -0.0005032
-0.0023256 -0.0009762
-0.0013255 -0.0014641
-0.0009663 -0.0017568
-0.0006076 -0.0019409
-0.0005106 -0.0024401
-0.0004085 -0.0028075
-0.0003758 -0.0029694
-0.0000062 -0.0031170
-0.0000363 -0.0034039
 0.0003075 -0.0032034
 0.0005023 -0.0032349
 0.0004902 -0.0035741
 0.0007846 -0.0038172
 0.0012713 -0.0040405
 0.0014724 -0.0045213
 0.0018280 -0.0047125
 0.0021946 -0.0046812
 0.0021058 -0.0048897
 0.0019169 -0.0049545
 0.0018426 -0.0051420
 0.0015559 -0.0056013
 0.0013708 -0.0057919
 0.0013458 -0.0058017
 0.0012446 -0.0058145
 0.0014965 -0.0056318
 0.0015411 -0.0054113
 0.0016358 -0.0048830
 0.0018572 -0.0045580
 0.0016584 -0.0039710
 0.0017083 -0.0038852
 0.0013479 -0.0032816
 0.0011172 -0.0025950
 0.0007797 -0.0016513
 0.0005824 -0.0006282
 0.0002590  0.0002303
 0.0001099  0.0015530
-0.0000011  0.0023005
-0.0001013  0.0028276
-0.0001043  0.0032318
-0.0002703  0.0035473
-0.0005414  0.0034007
-0.0008810  0.0034944
-0.0011759  0.0037423
-0.0015535  0.0031096
-0.0017136  0.0029178
-0.0017655  0.0025864
-0.0016430  0.0021601
-0.0016215  0.0022929
-0.0016657  0.0023818
-0.0013431  0.0025463
-0.0013015  0.0028132
-0.0010362  0.0030669
-0.0009258  0.0032746
-0.0011640  0.0037438
-0.0011298  0.0038235
-0.0017659  0.0039235
-0.0022895  0.0043117
-0.0030064  0.0041543
-0.0035544  0.0036777
-0.0039751  0.0034578
-0.0042715  0.0027408
-0.0044731  0.0021656
-0.0047241  0.0013797
-0.0046191  0.0008888
-0.0047818  0.0001412
-0.0047719 -0.0003677
-0.0045230 -0.0008550
-0.0044719 -0.0013310
-0.0042426 -0.0016146
-0.0041828 -0.0023496
-0.0040494 -0.0030937
-0.0035645 -0.0037122
-0.0030644 -0.0045169
-0.0025264 -0.0051130
-0.0020359 -0.0052212
-0.0016686 -0.0053535
-0.0011838 -0.0050158
-0.0010342 -0.0046484
-0.0007994 -0.0041833
-0.0005776 -0.0040614
-0.0002837 -0.0039942
 0.0000223 -0.0040509
 0.0004747 -0.0041959
 0.0006980 -0.0044425
 0.0005983 -0.0045617
 0.0008386 -0.0047260
 0.0007469 -0.0045952
 0.0007269 -0.0044267
 0.0008190 -0.0041877
 0.0009479 -0.0037092
 0.0009053 -0.0033042
 0.0008227 -0.0027763
 0.0004169 -0.0027715
-0.0001548 -0.0022673
-0.0008325 -0.0022029
-0.0014327 -0.0023658
-0.0023266 -0.0022245
-0.0029902 -0.0021155
-0.0036509 -0.0021758
-0.0043900 -0.0022014
-0.0046476 -0.0021959
-0.0047402 -0.0022867
-0.0048328 -0.0018785
-0.0045046 -0.0014443
-0.0042964 -0.0010688
-0.0044054 -0.0004769
-0.0042952 -0.0003542
-0.0041926 -0.0000679
-0.0043112  0.0000970
-0.0042004  0.0000314
-0.0043566 -0.0000237
-0.0046537 -0.0003939
-0.0050191 -0.0006495
-0.0053147 -0.0014289
-0.0054253 -0.0015379
-0.0054399 -0.0022080
-0.0054364 -0.0021582
-0.0050159 -0.0024610
-0.0049394 -0.0026042
-0.0047989 -0.0024728
-0.0048779 -0.0024403
-0.0050666 -0.0023471
-0.0054656 -0.0025421
-0.0054650 -0.0023792
-0.0054782 -0.0024722
-0.0055183 -0.0023224
-0.0054237 -0.0022269
-0.0051495 -0.0019682
-0.0047708 -0.0016075
-0.0046191 -0.0012112
-0.0042751 -0.0009901
-0.0040918 -0.0006447
-0.0039535 -0.0003734
-0.0038366 -0.0004265
-0.0038965 -0.0003365
-0.0037874 -0.0003335
-0.0036965 -0.0003103
-0.0038668 -0.0003251
-0.0036752 -0.0002696
-0.0034603 -0.0003940
-0.0031450 -0.0001444
-0.0027586  0.0000316
-0.0024676  0.0002075
-0.0023374  0.0002878
-0.0023576  0.0004728
-0.0025784  0.0002150
-0.0027605  0.0001096
-0.0028223 -0.0001886
-0.0028456 -0.0005653
-0.0026981 -0.0006749
-0.0022808 -0.0011976
-0.0023643 -0.0011068
-0.0023169 -0.0009494
-0.0024122 -0.0004447
-0.0029590 -0.0001522
-0.0036830  0.0002760
-0.0043391  0.0001667
-0.0051270  0.0002725
-0.0057337 -0.0002233
-0.0058778 -0.0006104
-0.0060129 -0.0010234
-0.0054852 -0.0013117
-0.0048583 -0.0013017
-0.0045311 -0.0014371
-0.0042591 -0.0013079
-0.0038338 -0.0013137
-0.0039872 -0.0015643
-0.0039662 -0.0017702
-0.0037425 -0.0018726
-0.0034837 -0.0020505
-0.0030949 -0.0018256
-0.0028175 -0.0017610
-0.0025612 -0.0018295
-0.0024199 -0.0022021
-0.0022749 -0.0023162
-0.0022751 -0.0027072
-0.0021855 -0.0030962
-0.0018835 -0.0031975
-0.0015443 -0.0029936
-0.0010309 -0.0024548
-0.0004412 -0.0019362
-0.0001630 -0.0011866
 0.0002779 -0.0008394
 0.0001890 -0.0006284
 0.0003753 -0.0004649
 0.0003034 -0.0004429
 0.0003363 -0.0004233
 0.0000545 -0.0003199
 0.0000050 -0.0002067
-0.0002255  0.0005402
-0.0005963  0.0010830
-0.0008249  0.0014365
-0.0009601  0.0017704
-0.0008345  0.0017082
-0.0009979  0.0017942
-0.0011053  0.0018221
-0.0013768  0.0017359
-0.0015876  0.0020175
-0.0022223  0.0015324
-0.0023718  0.0013992
-0.0027144  0.0009484
-0.0024927  0.0008039
-0.0024358  0.0002063
-0.0022527  0.0000300
-0.0019009 -0.0000683
-0.0020381 -0.0002221
-0.0020583 -0.0002885
-0.0024336  0.0001513
-0.0024984  0.0002686
-0.0027418  0.0003542
-0.0031694  0.0003565
-0.0035679  0.0005672
-0.0036256  0.0003032
-0.0036673 -0.0001441
-0.0036487 -0.0008991
-0.0035746 -0.0017296
-0.0036093 -0.0024202
-0.0034340 -0.0034294
-0.0033848 -0.0041818
-0.0026853 -0.0047259
-0.0021239 -0.0053263
-0.0019174 -0.0054315
-0.0017802 -0.0052077
-0.0017753 -0.0049564
-0.0020701 -0.0044550
-0.0023439 -0.0042029
-0.0025932 -0.0037527
-0.0027490 -0.0034854
-0.0028841 -0.0031027
-0.0029313 -0.0031792
-0.0027763 -0.0030346
-0.0025773 -0.0034059
-0.0019595 -0.0037862
-0.0015215 -0.0039987
-0.0012069 -0.0043015
-0.0009996 -0.0041797
-0.0012801 -0.0041429
-0.0011109 -0.0042142
-0.0012748 -0.0042380
-0.0013368 -0.0042673
-0.0009555 -0.0043008
-0.0011295 -0.0043042
-0.0010956 -0.0037952
-0.0009255 -0.0035606
-0.0007739 -0.0031135
-0.0005155 -0.0029027
-0.0004854 -0.0025085
-0.0004939 -0.0022557
-0.0004272 -0.0019452
-0.0006634 -0.0021368
-0.0010312 -0.0020491
-0.0014033 -0.0021477
-0.0019382 -0.0023409
-0.0021962 -0.0024757
-0.0023466 -0.0027646
-0.0023611 -0.0030581
-0.0023750 -0.0030466
-0.0022349 -0.0028601
-0.0022973 -0.0028525
-0.0026879 -0.0027633
-0.0032325 -0.0027528
-0.0035472 -0.0027704
-0.0040089 -0.0024756
-0.0043743 -0.0023652
-0.0046257 -0.0020693
-0.0049067 -0.0019478
-0.0048988 -0.0020802
-0.0046491 -0.0026711
-0.0045718 -0.0031273
-0.0043495 -0.0037301
-0.0040715 -0.0043522
-0.0038997 -0.0045648
-0.0037263 -0.0050001
-0.0030581 -0.0049904
-0.0023532 -0.0050897
-0.0015619 -0.0052355
-0.0007811 -0.0053707
 0.0000208 -0.0054573
 0.0005872 -0.0055801
 0.0011234 -0.0053861
 0.0013378 -0.0049633
 0.0016075 -0.0047703
 0.0015702 -0.0041851
 0.0013303 -0.0038003
 0.0011388 -0.0037250
 0.0011446 -0.0035841
 0.0010919 -0.0033728
 0.0008680 -0.0034091
 0.0007650 -0.0033215
 0.0006677 -0.0030956
 0.0000877 -0.0027247
-0.0004130 -0.0024342
-0.0008452 -0.0018887
-0.0019638 -0.0011890
-0.0026292 -0.0006363
-0.0034876  0.0001587
-0.0043734  0.0007986
-0.0050289  0.0015449
-0.0054236  0.0015358
-0.0055395  0.0016200
-0.0054723  0.0013779
-0.0047376  0.0006819
-0.0040617  0.0002890
-0.0035067 -0.0002277
-0.0030438 -0.0009347
-0.0024946 -0.0013546
-0.0024445 -0.0016755
-0.0024925 -0.0017888
-0.0025522 -0.0018923
-0.0026349 -0.0019561
-0.0026943 -0.0022211
-0.0021602 -0.0026534
-0.0017685 -0.0031524
-0.0009603 -0.0034798
-0.0000167 -0.0039119
 0.0007950 -0.0041254
 0.0015174 -0.0041751
 0.0017161 -0.0038620
 0.0021725 -0.0038885
 0.0022653 -0.0038513
 0.0022223 -0.0040423
 0.0020739 -0.0039472
 0.0021647 -0.0041388
 0.0020262 -0.0040054
 0.0021835 -0.0043025
 0.0023278 -0.0045125
 0.0025171 -0.0044176
 0.0029170 -0.0047347
 0.0031187 -0.0051669
 0.0031466 -0.0048736
 0.0032645 -0.0052094
 0.0031026 -0.0052003
 0.0029889 -0.0049681
 0.0026565 -0.0047103
 0.0021726 -0.0043968
 0.0015589 -0.0037593
 0.0011933 -0.0037725
 0.0006040 -0.0035633
 0.0000517 -0.0034784
-0.0004042 -0.0035316
-0.0009515 -0.0033094
-0.0014564 -0.0030671
-0.0018110 -0.0026690
-0.0023488 -0.0018922
-0.0025848 -0.0015462
-0.0028743 -0.0011345
-0.0028069 -0.0008285
-0.0024482 -0.0006676
-0.0020200 -0.0006614
-0.0016198 -0.0006757
-0.0007800 -0.0006729
-0.0003679 -0.0008211
 0.0002553 -0.0003956
 0.0007961 -0.0006530
 0.0008710 -0.0002773
 0.0011314 -0.0001820
 0.0009435 -0.0003329
 0.0007190 -0.0002475
 0.0004106 -0.0003347
 0.0003216 -0.0008375
 0.0002052 -0.0011811
 0.0001897 -0.0016888
 0.0004428 -0.0022072
 0.0004892 -0.0025425
 0.0005094 -0.0025679
 0.0004600 -0.0027149
 0.0001192 -0.0024730
-0.0001336 -0.0019604
-0.0003270 -0.0012373
-0.0004164 -0.0005182
-0.0004614  0.0000488
-0.0009374  0.0004994
-0.0010872  0.0009861
-0.0011025  0.0007859
-0.0010018  0.0006278
-0.0007270  0.0002486
-0.0001214  0.0002034
 0.0004114  0.0002651
 0.0013635  0.0004020
 0.0018627  0.0006951
 0.0020153  0.0008783
 0.0021078  0.0010905
 0.0019800  0.0011456
 0.0015606  0.0011881
 0.0010862  0.0012519
 0.0006679  0.0010393
 0.0003743  0.0008072
 0.0001337  0.0007686
 0.0004131  0.0004476
 0.0006479  0.0005887
 0.0010478  0.0005326
 0.0013917  0.0004882
 0.0013719  0.0004513
 0.0013033  0.0005428
 0.0006374  0.0005951
 0.0001896  0.0005493
-0.0004350  0.0005882
-0.0006265  0.0005317
-0.0009719  0.0005886
-0.0009517  0.0005961
-0.0009035  0.0009764
-0.0009497  0.0014326
-0.0012652  0.0016409
-0.0014181  0.0017330
-0.0017822  0.0016981
-0.0018640  0.0012778
-0.0019214  0.0008143
-0.0015939  0.0000242
-0.0012602 -0.0003151
-0.0009132 -0.0007901
-0.0003667 -0.0011292
 0.0000853 -0.0013274
 0.0003427 -0.0015446
 0.0005183 -0.0017473
 0.0006899 -0.0016415
 0.0008201 -0.0014780
 0.0007032 -0.0010105
 0.0005647 -0.0008286
 0.0002094 -0.0002186
-0.0002245 -0.0000173
-0.0004253  0.0001058
-0.0007598 -0.0000028
-0.0010303 -0.0003474
-0.0009449 -0.0009050
-0.0008594 -0.0012385
-0.0004704 -0.0016505
-0.0000598 -0.0020346
 0.0000823 -0.0021602
 0.0003876 -0.0020262
 0.0006629 -0.0018919
 0.0006712 -0.0017868
 0.0009179 -0.0018530
 0.0011078 -0.0013434
 0.0010489 -0.0014458
 0.0015318 -0.0011874
 0.0015160 -0.0010896
 0.0016448 -0.0008975
 0.0015629 -0.0006227
 0.0011844 -0.0006161
 0.0008217 -0.0004473
 0.0004082 -0.0003163
 0.0005524 -0.0002703
 0.0002723 -0.0001996
 0.0001460  0.0000870
 0.0004433  0.0001964
 0.0006216  0.0004274
 0.0008267  0.0007159
 0.0009737  0.0008530
 0.0007981  0.0011725
 0.0006304  0.0011267
 0.0001423  0.0014158
-0.0006097  0.0013312
-0.0012432  0.0012739
-0.0017428  0.0012995
-0.0023480  0.0009939
-0.0025858  0.0001583
-0.0024413 -0.0004485
-0.0021797 -0.0012994
-0.0015902 -0.0020683
-0.0010005 -0.0025863
-0.0005569 -0.0027909
 0.0001955 -0.0025724
 0.0004720 -0.0022775
 0.0004187 -0.0021134
 0.0002497 -0.0021706
 0.0004441 -0.0020569
 0.0005963 -0.0020262
 0.0009659 -0.0022152
 0.0014462 -0.0023274
 0.0018529 -0.0023108
 0.0026372 -0.0020072
 0.0029963 -0.0019873
 0.0031063 -0.0016119
 0.0030602 -0.0009067
 0.0026697 -0.0005165
 0.0020718 -0.0001033
 0.0012822  0.0004085
 0.0007947  0.0006837
 0.0000958  0.0008216
 0.0000115  0.0009397
-0.0002239  0.0011250
-0.0000018  0.0009023
 0.0002654  0.0006128
 0.0007043  0.0002759
 0.0012021 -0.0001256
 0.0016622 -0.0005770
 0.0018152 -0.0004492
 0.0020686 -0.0004179
 0.0018149 -0.0003370
 0.0011582  0.0003223
 0.0004623  0.0009235
-0.0001449  0.0015352
-0.0007347  0.0022976
-0.0011691  0.0026517
-0.0016522  0.0028297
-0.0016937  0.0027780
-0.0014714  0.0026254
-0.0015824  0.0023751
-0.0014492  0.0021470
-0.0016053  0.0015753
-0.0019467  0.0014469
-0.0023236  0.0012580
-0.0028527  0.0005878
-0.0030624  0.0001772
-0.0032009 -0.0001783
-0.0033606 -0.0005837
-0.0036628 -0.0008217
-0.0034873 -0.0013480
-0.0036720 -0.0021999
-0.0039865 -0.0026486
-0.0039407 -0.0036796
-0.0037726 -0.0039259
-0.0038542 -0.0040466
-0.0035421 -0.0041489
-0.0033162 -0.0039623
-0.0031244 -0.0037201
-0.0026093 -0.0039472
-0.0028043 -0.0038913
-0.0031334 -0.0038156
-0.0033579 -0.0035662
-0.0036880 -0.0036636
-0.0042359 -0.0032820
-0.0045431 -0.0032891
-0.0050030 -0.0033678
-0.0046206 -0.0037423
-0.0042365 -0.0042022
-0.0033846 -0.0043671
-0.0022819 -0.0046768
-0.0014218 -0.0047246
-0.0008153 -0.0049461
-0.0002870 -0.0051003
 0.0001363 -0.0050735
 0.0003186 -0.0046914
 0.0004914 -0.0046697
 0.0004823 -0.0041810
 0.0006927 -0.0036428
 0.0008738 -0.0034112
 0.0007474 -0.0031046
 0.0004983 -0.0030083
 0.0004674 -0.0031430
-0.0001871 -0.0029530
-0.0003075 -0.0030786
-0.0001587 -0.0029025
-0.0000515 -0.0027289
-0.0001727 -0.0021802
 0.0000538 -0.0017920
-0.0003625 -0.0014441
-0.0005621 -0.0009469
-0.0008962 -0.0009469
-0.0012307 -0.0006738
-0.0014102 -0.0004300
-0.0011700 -0.0005891
-0.0010151 -0.0003459
-0.0008429 -0.0004797
-0.0006891 -0.0006517
-0.0005250 -0.0007851
-0.0004474 -0.0010980
-0.0006089 -0.0014844
-0.0008455 -0.0015080
-0.0006872 -0.0015766
-0.0006157 -0.0013593
-0.0004936 -0.0012301
-0.0001905 -0.0011305
-0.0000322 -0.0008608
 0.0004705 -0.0007237
 0.0004797 -0.0005905
 0.0011655 -0.0004401
 0.0012676 -0.0006506
 0.0018078 -0.0008178
 0.0020419 -0.0013020
 0.0026046 -0.0019603
 0.0031478 -0.0025048
 0.0035671 -0.0029430
 0.0038513 -0.0032210
 0.0040033 -0.0032967
 0.0040578 -0.0034421
 0.0038246 -0.0035230
 0.0038127 -0.0030091
 0.0033421 -0.0022834
 0.0034485 -0.0015290
 0.0029309 -0.0006042
 0.0025130  0.0001698
 0.0019704  0.0006918
 0.0014837  0.0006883
 0.0011201  0.0004832
 0.0009956  0.0001127
 0.0010331 -0.0003302
 0.0009588 -0.0005735
 0.0011835 -0.0005472
 0.0014489 -0.0008365
 0.0015300 -0.0005818
 0.0018980 -0.0007964
 0.0022680 -0.0009842
 0.0023900 -0.0009503
 0.0031651 -0.0011752
 0.0037338 -0.0013597
 0.0042256 -0.0013708
 0.0045969 -0.0010737
 0.0049062 -0.0010559
 0.0050958 -0.0011720
 0.0050239 -0.0012893
 0.0050373 -0.0011853
 0.0051919 -0.0011831
 0.0050024 -0.0012604
 0.0048186 -0.0011367
 0.0044232 -0.0012309
 0.0041224 -0.0013278
 0.0039185 -0.0012273
 0.0035844 -0.0013403
 0.0032422 -0.0014687
 0.0029870 -0.0016984
 0.0028385 -0.0018005
 0.0025652 -0.0018936
 0.0024564 -0.0017979
 0.0025261 -0.0015769
 0.0025328 -0.0014979
 0.0024500 -0.0013463
 0.0028510 -0.0011325
 0.0029227 -0.0009956
 0.0028603 -0.0005127
 0.0027794 -0.0000991
 0.0026096 -0.0000482
 0.0020745  0.0000473
 0.0016929 -0.0000280
 0.0013477 -0.0002478
 0.0012821 -0.0003631
 0.0016408 -0.0007580
 0.0020661 -0.0010939
 0.0023548 -0.0011238
 0.0028853 -0.0010444
 0.0033463 -0.0007343
 0.0031371 -0.0006847
 0.0032092 -0.0004214
 0.0027648 -0.0004091
 0.0026944 -0.0004448
 0.0025712 -0.0005352
 0.0026976 -0.0004250
 0.0031106 -0.0001621
 0.0032075  0.0003497
 0.0033911  0.0007350
 0.0035313  0.0013417
 0.0036349  0.0015825
 0.0038709  0.0018171
 0.0038194  0.0019895
 0.0038446  0.0017257
 0.0035533  0.0016197
 0.0033015  0.0012951
 0.0030324  0.0006897
 0.0024870  0.0006521
 0.0024630  0.0005920
 0.0024026  0.0001979
 0.0022813  0.0003085
 0.0020583 -0.0000438
 0.0017833 -0.0004982
 0.0015361 -0.0008689
 0.0010279 -0.0016972
 0.0009145 -0.0022172
 0.0005897 -0.0023915
 0.0002072 -0.0023249
-0.0001316 -0.0020283
-0.0006235 -0.0012325
-0.0010212 -0.0009172
-0.0013978 -0.0002763
-0.0014583  0.0003447
-0.0014367  0.0005153
-0.0013899  0.0004755
-0.0010958  0.0006202
-0.0009416  0.0007569
-0.0003612  0.0008163
 0.0000028  0.0008764
 0.0005987  0.0009653
 0.0009153  0.0013927
 0.0013299  0.0018172
 0.0014583  0.0018562
 0.0012451  0.0019436
 0.0011367  0.0022682
 0.0011448  0.0019509
 0.0014453  0.0019703
 0.0016397  0.0018435
 0.0020767  0.0017211
 0.0023696  0.0019024
 0.0028234  0.0024705
 0.0033004  0.0027723
 0.0030885  0.0031282
 0.0030501  0.0035322
 0.0026754  0.0034597
 0.0021815  0.0033459
 0.0016183  0.0031584
 0.0012969  0.0028778
 0.0009362  0.0025492
 0.0008037  0.0022678
 0.0008266  0.0021411
 0.0005510  0.0021128
 0.0004095  0.0022059
 0.0002577  0.0017036
 0.0003522  0.0019228
 0.0003490  0.0019421
 0.0001049  0.0017236
-0.0000639  0.0017337
-0.0004671  0.0011361
-0.0008628  0.0003627
-0.0007759 -0.0002538
-0.0007572 -0.0010745
-0.0006381 -0.0016131
-0.0002617 -0.0016180
-0.0000673 -0.0018837
-0.0002224 -0.0014455
-0.0006160 -0.0013621
-0.0008583 -0.0013009
-0.0013896 -0.0012767
-0.0015635 -0.0011864
-0.0017540 -0.0017484
-0.0017845 -0.0018084
-0.0019563 -0.0021055
-0.0019462 -0.0025276
-0.0020391 -0.0027029
-0.0015215 -0.0027128
-0.0012421 -0.0030606
-0.0008870 -0.0026987
-0.0003183 -0.0023726
 0.0002278 -0.0021643
 0.0008815 -0.0019283
 0.0016203 -0.0015654
 0.0022330 -0.0015206
 0.0029202 -0.0013209
 0.0033217 -0.0014665
 0.0036154 -0.0015602
 0.0036111 -0.0017315
 0.0036327 -0.0016403
 0.0032195 -0.0018633
 0.0030927 -0.0020111
 0.0030547 -0.0020875
 0.0031638 -0.0023661
 0.0031969 -0.0024486
 0.0034254 -0.0025616
 0.0033837 -0.0023513
 0.0036072 -0.0021359
 0.0036356 -0.0019950
 0.0036340 -0.0016032
 0.0034883 -0.0012075
 0.0032462 -0.0010484
 0.0027665 -0.0006464
 0.0020473 -0.0003801
 0.0013575 -0.0003774
 0.0007377 -0.0002882
 0.0001350 -0.0001342
 0.0000128  0.0000782
-0.0000895  0.0003041
-0.0000778  0.0004397
 0.0004287  0.0004445
 0.0007822  0.0003762
 0.0010799  0.0005587
 0.0019991  0.0001016
 0.0021000 -0.0000149
 0.0025948 -0.0001080
 0.0031027 -0.0002861
 0.0030054  0.0001213
 0.0029365  0.0003486
 0.0025451  0.0007438
 0.0017963  0.0011758
 0.0017322  0.0010822
 0.0011298  0.0007620
 0.0009992  0.0005925
 0.0010662  0.0002869
 0.0009320  0.0001328
 0.0008881  0.0001700
 0.0010121  0.0001461
 0.0007135  0.0001804
 0.0003786  0.0004937
 0.0004785  0.0007137
 0.0003429  0.0011900
 0.0004378  0.0014562
 0.0009446  0.0020568
 0.0008239  0.0024567
 0.0008530  0.0025170
 0.0013217  0.0024681
 0.0009902  0.0019285
 0.0010729  0.0015722
 0.0015029  0.0007582
 0.0015782  0.0000565
 0.0021822 -0.0002301
 0.0028518 -0.0003046
 0.0030337 -0.0002434
 0.0033026  0.0001739
 0.0032051  0.0005813
 0.0028609  0.0006070
 0.0027448  0.0008543
 0.0027828  0.0005644
 0.0028777  0.0003543
 0.0034439  0.0001028
 0.0039228 -0.0002460
 0.0043197 -0.0003683
 0.0049087 -0.0003243
 0.0050511 -0.0001123
 0.0049825  0.0000211
 0.0046153  0.0000778
 0.0043045 -0.0000252
 0.0040644 -0.0000018
 0.0038698 -0.0002463
 0.0036340 -0.0000892
 0.0033762  0.0003038
 0.0031674  0.0006488
 0.0028452  0.0010328
 0.0028020  0.0016382
 0.0025981  0.0018588
 0.0024989  0.0021618
 0.0027006  0.0024660
 0.0029570  0.0025106
 0.0029075  0.0024686
 0.0027694  0.0025726
 0.0024962  0.0022389
 0.0018020  0.0017005
 0.0015714  0.0012404
 0.0012644  0.0006076
 0.0008610  0.0004713
 0.0006888 -0.0003595
 0.0006610 -0.0006001
 0.0007914 -0.0005769
 0.0008792 -0.0006962
 0.0014255 -0.0006880
 0.0016933 -0.0003432
 0.0020381 -0.0000912
 0.0024247  0.0000548
 0.0025388  0.0006024
 0.0027843  0.0012666
 0.0028799  0.0014089
 0.0024849  0.0015678
 0.0023113  0.0017291
 0.0018984  0.0015926
 0.0015163  0.0016755
 0.0016530  0.0014860
 0.0017125  0.0014965
 0.0018022  0.0015746
 0.0019372  0.0013885
 0.0023727  0.0015953
 0.0020945  0.0014116
 0.0018644  0.0013059
 0.0017279  0.0012835
 0.0012371  0.0007417
 0.0008388  0.0005358
 0.0011238 -0.0001408
 0.0013804 -0.0006627
 0.0020781 -0.0010157
 0.0026538 -0.0010619
 0.0033378 -0.0006503
 0.0034014 -0.0000853
 0.0034751  0.0005512
 0.0032975  0.0009624
 0.0029166  0.0014077
 0.0026497  0.0017325
 0.0024773  0.0015874
 0.0024676  0.0013245
 0.0026485  0.0008406
 0.0028090  0.0007465
 0.0030926  0.0004577
 0.0031959  0.0003051
 0.0033348  0.0003442
 0.0032369  0.0001948
 0.0033701  0.0003645
 0.0032655  0.0003023
 0.0029488  0.0003292
 0.0023355  0.0003782
 0.0018637  0.0003009
 0.0013158  0.0004438
 0.0008820  0.0002860
 0.0004387  0.0005563
 0.0002751  0.0007198
 0.0001205  0.0010994
-0.0002309  0.0016158
-0.0004100  0.0018253
-0.0004152  0.0021398
-0.0004588  0.0023548
-0.0002353  0.0022934
-0.0002708  0.0017540
-0.0001174  0.0014853
-0.0005647  0.0010357
-0.0009190  0.0009534
-0.0013337  0.0004273
-0.0014383  0.0002967
-0.0013266  0.0000807
-0.0008280  0.0004482
-0.0006754  0.0004696
-0.0001671  0.0005009
 0.0003025  0.0008691
 0.0006947  0.0007292
 0.0013328  0.0006281
 0.0018373  0.0004880
 0.0020947  0.0003360
 0.0025337  0.0005688
 0.0024069  0.0006059
 0.0024851  0.0008758
 0.0022168  0.0009635
 0.0023256  0.0012156
 0.0020804  0.0009431
 0.0016924  0.0008339
 0.0014286  0.0008501
 0.0007981  0.0007222
 0.0000213  0.0002975
-0.0006600  0.0002545
-0.0015416 -0.0001357
-0.0024046 -0.0006489
-0.0027619 -0.0008439
-0.0027864 -0.0010928
-0.0025157 -0.0011824
-0.0016792 -0.0011130
-0.0010712 -0.0009511
-0.0007113 -0.0002611
-0.0004456 -0.0003293
-0.0000627 -0.0003934
-0.0000316 -0.0006284
-0.0001646 -0.0007881
-0.0003211 -0.0012462
-0.0002268 -0.0010885
-0.0000574 -0.0011602
-0.0001481 -0.0010454
-0.0000252 -0.0009783
 0.0000570 -0.0008140
 0.0001395 -0.0010165
 0.0001165 -0.0013742
 0.0001994 -0.0015791
 0.0002834 -0.0021030
 0.0003010 -0.0025565
 0.0006522 -0.0026035
 0.0006242 -0.0025484
 0.0006833 -0.0022514
 0.0006086 -0.0018854
 0.0006765 -0.0017887
 0.0008602 -0.0014116
 0.0010812 -0.0014675
 0.0013437 -0.0015525
 0.0014309 -0.0015040
 0.0015399 -0.0016110
 0.0014382 -0.0015408
 0.0016615 -0.0013127
 0.0023041 -0.0014613
 0.0025635 -0.0011307
 0.0030417 -0.0007910
 0.0033770 -0.0004272
 0.0035611  0.0001393
 0.0034200  0.0007651
 0.0031695  0.0013800
 0.0029592  0.0020769
 0.0028789  0.0024945
 0.0033182  0.0027587
 0.0039729  0.0028887
 0.0048662  0.0027607
 0.0056037  0.0026236
 0.0066682  0.0023190
 0.0070994  0.0016769
 0.0074064  0.0012194
 0.0073691  0.0007531
 0.0070622  0.0002313
 0.0066732 -0.0000311
 0.0060609 -0.0000829
 0.0055520 -0.0000662
 0.0052845  0.0001305
 0.0049745  0.0006055
 0.0049726  0.0012867
 0.0050243  0.0019876
 0.0049437  0.0030222
 0.0046332  0.0037047
 0.0045175  0.0041755
 0.0039618  0.0046166
 0.0035974  0.0046737
 0.0028698  0.0048106
 0.0022475  0.0048294
 0.0018078  0.0045062
 0.0014715  0.0042474
 0.0010090  0.0039413
 0.0006559  0.0035241
 0.0005043  0.0030186
-0.0000399  0.0026670
-0.0003819  0.0024592
-0.0007874  0.0023486
-0.0011015  0.0023626
-0.0013284  0.0021605
-0.0012037  0.0018335
-0.0006104  0.0018807
-0.0000003  0.0020026
 0.0003990  0.0020652
 0.0010066  0.0023230
 0.0012924  0.0026163
 0.0014301  0.0029599
 0.0016984  0.0029393
 0.0022143  0.0030618
 0.0027812  0.0028708
 0.0036747  0.0029502
 0.0046068  0.0029437
 0.0053153  0.0034072
 0.0061761  0.0040650
 0.0066651  0.0045035
 0.0067426  0.0051503
 0.0069302  0.0052884
 0.0066637  0.0054766
 0.0068065  0.0050841
 0.0068802  0.0044955
 0.0069036  0.0040592
 0.0067851  0.0037188
 0.0066243  0.0032734
 0.0062246  0.0028025
 0.0057389  0.0025705
 0.0052158  0.0021413
 0.0044887  0.0015280
 0.0037208  0.0011550
 0.0030937  0.0006198
 0.0027744  0.0001598
 0.0025478  0.0000130
 0.0029263 -0.0000491
 0.0033526  0.0001851
 0.0036193  0.0006197
 0.0038379  0.0010138
 0.0038541  0.0013836
 0.0036221  0.0016682
 0.0034105  0.0017312
 0.0027005  0.0020245
 0.0019419  0.0022514
 0.0011013  0.0023816
 0.0003435  0.0024645
-0.0004814  0.0025116
-0.0012844  0.0021084
-0.0018150  0.0018589
-0.0021499  0.0015527
-0.0021705  0.0012894
-0.0021900  0.0010593
-0.0019690  0.0015026
-0.0020181  0.0019453
-0.0019708  0.0025972
-0.0018945  0.0029428
-0.0017011  0.0036163
-0.0016512  0.0037222
-0.0018115  0.0038171
-0.0020483  0.0036237
-0.0019155  0.0037446
-0.0018188  0.0035276
-0.0017471  0.0034321
-0.0017825  0.0030824
-0.0015094  0.0025192
-0.0015100  0.0023109
-0.0013951  0.0020568
-0.0012510  0.0016490
-0.0010194  0.0016619
-0.0007657  0.0017178
-0.0004071  0.0019274
-0.0000304  0.0022203
 0.0002868  0.0024651
 0.0004313  0.0028999
 0.0005250  0.0032807
 0.0004351  0.0036337
 0.0002258  0.0038294
 0.0000721  0.0038272
 0.0003519  0.0037717
 0.0001626  0.0030635
 0.0001075  0.0026812
-0.0000233  0.0021133
-0.0004097  0.0012392
-0.0007349  0.0006049
-0.0010714 -0.0002190
-0.0012003 -0.0005266
-0.0008660 -0.0003795
-0.0003504 -0.0005014
 0.0004840  0.0001364
 0.0012408  0.0005409
 0.0022750  0.0010521
 0.0029143  0.0013898
 0.0033418  0.0014096
 0.0036870  0.0010644
 0.0035759  0.0008621
 0.0036074  0.0005434
 0.0031969  0.0001578
 0.0031045 -0.0001588
 0.0025640 -0.0005242
 0.0024447 -0.0008980
 0.0023428 -0.0012026
 0.0023623 -0.0013480
 0.0020133 -0.0015705
 0.0022754 -0.0017255
 0.0022027 -0.0016823
 0.0020929 -0.0016109
 0.0020213 -0.0013267
 0.0014801 -0.0009078
 0.0012720 -0.0005778
 0.0009698 -0.0003941
 0.0004334  0.0001532
-0.0000741  0.0003957
-0.0005057  0.0005336
-0.0011412  0.0008330
-0.0018122  0.0008094
-0.0022644  0.0007327
-0.0027812  0.0009232
-0.0026472  0.0013082
-0.0027885  0.0014146
-0.0024598  0.0020887
-0.0019773  0.0026456
-0.0016815  0.0028661
-0.0014340  0.0030150
-0.0010724  0.0034315
-0.0009426  0.0034504
-0.0007692  0.0035854
-0.0006834  0.0035612
-0.0006604  0.0034243
-0.0005679  0.0031607
-0.0005070  0.0023970
-0.0002248  0.0018663
 0.0001105  0.0011995
 0.0001579  0.0006010
 0.0001295  0.0002560
 0.0002260 -0.0001245
 0.0003332  0.0001133
-0.0002355  0.0004107
-0.0001227  0.0007029
-0.0000131  0.0009494
-0.0001734  0.0011684
 0.0001568  0.0015980
 0.0004533  0.0017363
 0.0005891  0.0017137
 0.0007553  0.0018621
 0.0003668  0.0016492
 0.0001914  0.0017605
-0.0002620  0.0017350
-0.0006194  0.0017655
-0.0008780  0.0020282
-0.0012817  0.0021350
-0.0016071  0.0023508
-0.0020831  0.0025632
-0.0023591  0.0028785
-0.0025971  0.0028878
-0.0026072  0.0030277
-0.0028202  0.0030900
-0.0029474  0.0030561
-0.0030027  0.0030409
-0.0030070  0.0023549
-0.0028092  0.0015549
-0.0029190  0.0009670
-0.0028550 -0.0000624
-0.0028940 -0.0008983
-0.0028865 -0.0014377
-0.0026469 -0.0017345
-0.0023802 -0.0018801
-0.0021224 -0.0019118
-0.0019676 -0.0021177
-0.0016981 -0.0023838
-0.0015590 -0.0024703
-0.0012673 -0.0025466
-0.0008574 -0.0026892
-0.0006604 -0.0023973
-0.0003825 -0.0022968
-0.0001001 -0.0020471
 0.0000196 -0.0018654
 0.0002373 -0.0018918
 0.0003057 -0.0015415
 0.0004303 -0.0011836
 0.0004382 -0.0008117
 0.0003417 -0.0004679
-0.0000623 -0.0002254
-0.0002898 -0.0001808
-0.0007749 -0.0004737
-0.0011315 -0.0007403
-0.0016816 -0.0008736
-0.0017613 -0.0012842
-0.0020355 -0.0015838
-0.0020064 -0.0018621
-0.0019719 -0.0020057
-0.0016699 -0.0018987
-0.0014580 -0.0016925
-0.0011560 -0.0012451
-0.0011326 -0.0006397
-0.0008706 -0.0000183
-0.0007778  0.0005435
-0.0005517  0.0009828
-0.0005051  0.0015088
-0.0001984  0.0018487
-0.0002259  0.0023805
-0.0000137  0.0027956
-0.0002109  0.0030699
-0.0007194  0.0034011
-0.0011125  0.0033492
-0.0015548  0.0027183
-0.0017306  0.0019350
-0.0016877  0.0011835
-0.0014375  0.0006034
-0.0009333  0.0001109
-0.0006503 -0.0000167
-0.0007655  0.0000133
-0.0007758  0.0001298
-0.0008776  0.0004754
-0.0012261  0.0004407
-0.0013151  0.0005395
-0.0012291  0.0005167
-0.0011706  0.0005789
-0.0010428  0.0004669
-0.0010377  0.0002169
-0.0007445  0.0001412
-0.0007665 -0.0000433
-0.0004948  0.0002135
-0.0005862  0.0005876
-0.0005932  0.0012217
-0.0007694  0.0016454
-0.0009017  0.0017361
-0.0012396  0.0020718
-0.0010643  0.0017934
-0.0007458  0.0018671
-0.0001542  0.0015765
 0.0003002  0.0019972
 0.0004315  0.0024373
 0.0000207  0.0030599
-0.0004791  0.0035119
-0.0011888  0.0035834
-0.0022309  0.0034645
-0.0023538  0.0027652
-0.0023948  0.0021793
-0.0018530  0.0015388
-0.0008824  0.0012464
 0.0002731  0.0008679
 0.0009982  0.0011703
 0.0019146  0.0016244
 0.0022875  0.0022153
 0.0023154  0.0028647
 0.0023593  0.0031209
 0.0020488  0.0032511
 0.0017850  0.0032721
 0.0016929  0.0030329
 0.0014417  0.0031671
 0.0013047  0.0033611
 0.0010174  0.0036569
 0.0007953  0.0039637
 0.0006623  0.0044343
 0.0002410  0.0043107
-0.0000580  0.0043463
-0.0002290  0.0045547
-0.0006668  0.0042545
-0.0009325  0.0041369
-0.0011517  0.0041442
-0.0015039  0.0041825
-0.0018712  0.0042039
-0.0021308  0.0040142
-0.0022858  0.0039369
-0.0024421  0.0037863
-0.0027857  0.0035006
-0.0028119  0.0032418
-0.0028072  0.0030771
-0.0030543  0.0028552
-0.0029467  0.0026602
-0.0032715  0.0025601
-0.0031556  0.0026446
-0.0028882  0.0029509
-0.0026187  0.0033221
-0.0022214  0.0035322
-0.0019001  0.0035696
-0.0017780  0.0035839
-0.0018090  0.0034074
-0.0017823  0.0027806
-0.0019216  0.0023821
-0.0023419  0.0017058
-0.0025708  0.0015154
-0.0026389  0.0013537
-0.0023809  0.0016519
-0.0022846  0.0016529
-0.0019892  0.0021071
-0.0013683  0.0019549
-0.0006535  0.0016699
-0.0001672  0.0014505
 0.0005396  0.0009557
 0.0008924  0.0004890
 0.0011867 -0.0000476
 0.0013880 -0.0006147
 0.0016359 -0.0009819
 0.0017693 -0.0010590
 0.0022554 -0.0008668
 0.0024179 -0.0003599
 0.0022320  0.0006476
 0.0020390  0.0013891
 0.0018936  0.0024096
 0.0013835  0.0028065
 0.0005974  0.0030875
-0.0000286  0.0031889
-0.0008533  0.0031171
-0.0013230  0.0029883
-0.0020157  0.0031442
-0.0022833  0.0024925
-0.0026401  0.0022178
-0.0026976  0.0018910
-0.0024564  0.0015039
-0.0018528  0.0013027
-0.0014801  0.0012056
-0.0009910  0.0010816
-0.0001294  0.0010178
 0.0004351  0.0011614
 0.0007243  0.0013362
 0.0006870  0.0015096
 0.0005907  0.0017757
 0.0004102  0.0018701
 0.0003888  0.0021584
 0.0001593  0.0022404
-0.0002285  0.0024664
-0.0004106  0.0026956
-0.0006613  0.0027608
-0.0009080  0.0024884
-0.0010808  0.0024373
-0.0010584  0.0019558
-0.0010442  0.0016453
-0.0007892  0.0014109
-0.0003641  0.0011059
 0.0001390  0.0008806
 0.0006112  0.0008293
 0.0008900  0.0003827
 0.0016079  0.0001986
 0.0021480 -0.0000602
 0.0028071 -0.0002021
 0.0032734 -0.0004169
 0.0033463 -0.0003571
 0.0034374 -0.0007312
 0.0032499 -0.0005667
 0.0027553 -0.0005146
 0.0023376 -0.0005784
 0.0020050 -0.0009782
 0.0016258 -0.0008775
 0.0016882 -0.0008601
 0.0017566 -0.0008003
 0.0017493 -0.0005195
 0.0018479 -0.0001379
 0.0018045 -0.0001809
 0.0015519 -0.0002116
 0.0013806 -0.0002634
 0.0011317 -0.0002499
 0.0008264 -0.0002945
 0.0003333 -0.0003104
-0.0000016  0.0001119
-0.0004031  0.0001408
-0.0007976 -0.0000448
-0.0010861 -0.0001701
-0.0011768 -0.0005333
-0.0012072 -0.0006368
-0.0015650 -0.0008447
-0.0016811 -0.0007131
-0.0018983 -0.0009212
-0.0019641 -0.0009398
-0.0021637 -0.0011637
-0.0022471 -0.0011183
-0.0021425 -0.0013335
-0.0020103 -0.0014740
-0.0019471 -0.0014312
-0.0019142 -0.0012700
-0.0016615 -0.0010421
-0.0017546 -0.0005707
-0.0017894 -0.0001837
-0.0018869 -0.0001225
-0.0022230 -0.0001840
-0.0020123 -0.0003245
-0.0017773 -0.0003818
-0.0015635 -0.0002006
-0.0014076  0.0002092
-0.0013613  0.0004860
-0.0018184  0.0010599
-0.0023606  0.0013817
-0.0031127  0.0012928
-0.0034870  0.0011089
-0.0035219  0.0010508
-0.0033077  0.0008509
-0.0026338  0.0011158
-0.0021015  0.0014374
-0.0016720  0.0015465
-0.0012125  0.0017393
-0.0008719  0.0017483
-0.0006289  0.0019861
-0.0005439  0.0021018
-0.0003636  0.0022497
-0.0004714  0.0027622
-0.0006194  0.0030176
-0.0007537  0.0029645
-0.0011389  0.0034611
-0.0013987  0.0039266
-0.0014861  0.0040671
-0.0017296  0.0041472
-0.0016365  0.0039548
-0.0016135  0.0036750
-0.0014829  0.0027922
-0.0012664  0.0021710
-0.0010370  0.0014546
-0.0009741  0.0006903
-0.0010322 -0.0000399
-0.0008905 -0.0002044
-0.0011318 -0.0007638
-0.0014528 -0.0007743
-0.0018109 -0.0006033
-0.0026021 -0.0003421
-0.0031425 -0.0000714
-0.0038531 -0.0001000
-0.0042354 -0.0001963
-0.0043348 -0.0002052
-0.0042595 -0.0006645
-0.0040293 -0.0005070
-0.0037247 -0.0005956
-0.0032651 -0.0007108
-0.0032733 -0.0008926
-0.0030057 -0.0007604
-0.0029401 -0.0008007
-0.0029195 -0.0007995
-0.0026540 -0.0010187
-0.0025856 -0.0010068
-0.0022971 -0.0010270
-0.0020641 -0.0009319
-0.0019440 -0.0007743
-0.0019482 -0.0006435
-0.0020685 -0.0005898
-0.0022950 -0.0005844
-0.0023989 -0.0010556
-0.0024292 -0.0013592
-0.0025313 -0.0018252
-0.0025709 -0.0018383
-0.0022528 -0.0021632
-0.0018987 -0.0017481
-0.0013112 -0.0012744
-0.0013558 -0.0006393
-0.0011049  0.0000008
-0.0013412  0.0003531
-0.0014050  0.0004461
-0.0013580  0.0006313
-0.0014555  0.0002631
-0.0013273  0.0002887
-0.0009975  0.0002288
-0.0007171  0.0001804
-0.0005874  0.0003874
-0.0004382  0.0008818
-0.0006659  0.0013544
-0.0008420  0.0017725
-0.0012878  0.0016219
-0.0013921  0.0016314
-0.0013637  0.0013722
-0.0013033  0.0012761
-0.0008686  0.0014745
-0.0005238  0.0018098
-0.0000878  0.0021851
 0.0000988  0.0024163
 0.0002163  0.0026497
 0.0003952  0.0026331
 0.0003613  0.0023630
 0.0003823  0.0019279
 0.0003841  0.0012644
 0.0001790  0.0009726
 0.0004733  0.0004724
 0.0007188  0.0000959
 0.0010638 -0.0003042
 0.0014007 -0.0004280
 0.0019012 -0.0003896
 0.0024125 -0.0004633
 0.0025718 -0.0004473
 0.0030166 -0.0003145
 0.0034972 -0.0003666
 0.0037520 -0.0005350
 0.0040522 -0.0004516
 0.0040906 -0.0003188
 0.0038262 -0.0001276
 0.0035119  0.0002577
 0.0025697  0.0002751
 0.0016811  0.0003237
 0.0006779  0.0002434
 0.0001090 -0.0001642
-0.0004968 -0.0008799
-0.0005854 -0.0019107
-0.0005669 -0.0029421
-0.0001770 -0.0036042
 0.0001525 -0.0038487
 0.0003116 -0.0037823
 0.0004097 -0.0033713
 0.0003734 -0.0026920
 0.0000096 -0.0023676
-0.0002517 -0.0020079
-0.0004325 -0.0019994
-0.0004049 -0.0019613
-0.0003552 -0.0020101
-0.0001826 -0.0017307
-0.0003259 -0.0017069
-0.0005472 -0.0013201
-0.0010424 -0.0011170
-0.0015845 -0.0008321
-0.0021677 -0.0007677
-0.0026743 -0.0010880
-0.0030437 -0.0013199
-0.0028756 -0.0017368
-0.0028189 -0.0020606
-0.0027232 -0.0021863
-0.0025691 -0.0021874
-0.0023444 -0.0021537
-0.0024177 -0.0020671
-0.0021470 -0.0022427
-0.0016449 -0.0021083
-0.0012486 -0.0021238
-0.0011600 -0.0020774
-0.0011977 -0.0016942
-0.0017569 -0.0014261
-0.0023375 -0.0010254
-0.0031539 -0.0009572
-0.0040143 -0.0009000
-0.0050338 -0.0009759
-0.0054497 -0.0008209
-0.0056130 -0.0013690
-0.0056980 -0.0017416
-0.0052749 -0.0023648
-0.0047106 -0.0025667
-0.0043822 -0.0029004
-0.0038082 -0.0030631
-0.0033405 -0.0033962
-0.0029246 -0.0034894
-0.0027906 -0.0034690
-0.0025865 -0.0034315
-0.0026424 -0.0031755
-0.0026781 -0.0028911
-0.0030395 -0.0026485
-0.0032958 -0.0026150
-0.0033527 -0.0025359
-0.0033794 -0.0026926
-0.0031880 -0.0026377
-0.0027176 -0.0026453
-0.0025004 -0.0023579
-0.0024457 -0.0023738
-0.0024789 -0.0019367
-0.0023214 -0.0020471
-0.0026118 -0.0018335
-0.0024686 -0.0018513
-0.0023956 -0.0018618
-0.0024630 -0.0017251
-0.0021160 -0.0012673
-0.0017233 -0.0008054
-0.0016850 -0.0000717
-0.0015697  0.0003750
-0.0014744  0.0006746
-0.0015973  0.0011410
-0.0016206  0.0012397
-0.0015620  0.0009846
-0.0018279  0.0008699
-0.0017617  0.0006396
-0.0016547  0.0005035
-0.0016838  0.0007017
-0.0011213  0.0004988
-0.0007927  0.0007687
-0.0004097  0.0009675
 0.0003277  0.0012314
 0.0003293  0.0016395
 0.0003255  0.0015850
 0.0002609  0.0017073
-0.0001555  0.0016473
-0.0003059  0.0016415
-0.0008225  0.0016308
-0.0007466  0.0013179
-0.0008334  0.0010157
-0.0007488  0.0011621
-0.0003059  0.0004259
 0.0001643  0.0000918
 0.0003589 -0.0004070
 0.0006238 -0.0010488
 0.0006579 -0.0015612
 0.0005944 -0.0020146
 0.0002227 -0.0025286
-0.0001996 -0.0028795
-0.0004753 -0.0030915
-0.0009132 -0.0031817
-0.0011486 -0.0031389
-0.0014158 -0.0029092
-0.0012592 -0.0027401
-0.0008568 -0.0026284
-0.0003592 -0.0025358
 0.0001943 -0.0022960
 0.0011098 -0.0018730
 0.0014315 -0.0012218
 0.0016798 -0.0008704
 0.0020507 -0.0002817
 0.0022063  0.0001553
 0.0022447  0.0004563
 0.0017236  0.0008055
 0.0017196  0.0010179
 0.0014686  0.0009141
 0.0014852  0.0006991
 0.0016341  0.0007062
 0.0017928  0.0003611
 0.0020221  0.0004564
 0.0023372  0.0008693
 0.0022803  0.0013472
 0.0022329  0.0018186
 0.0017526  0.0024483
 0.0010523  0.0029239
 0.0003407  0.0034688
-0.0004272  0.0035304
-0.0011869  0.0037434
-0.0012939  0.0036887
-0.0016746  0.0036748
-0.0016020  0.0037880
-0.0012963  0.0039170
-0.0012368  0.0037803
-0.0009608  0.0038669
-0.0008062  0.0039055
-0.0011209  0.0039828
-0.0011370  0.0042945
-0.0014132  0.0040480
-0.0016560  0.0040089
-0.0019394  0.0038573
-0.0020833  0.0035966
-0.0022591  0.0032030
-0.0020738  0.0026860
-0.0020796  0.0023206
-0.0021913  0.0016847
-0.0019690  0.0011162
-0.0023626  0.0003066
-0.0020760 -0.0002063
-0.0018806 -0.0003517
-0.0018380 -0.0003446
-0.0017442 -0.0002952
-0.0015086  0.0002713
-0.0017216  0.0001457
-0.0015968  0.0003752
-0.0012634  0.0002977
-0.0011007  0.0004925
-0.0008923  0.0004377
-0.0004729  0.0002553
-0.0000530  0.0001363
 0.0004444  0.0002264
 0.0005593  0.0004319
 0.0005036  0.0009711
 0.0004275  0.0014918
 0.0000849  0.0018291
-0.0002578  0.0026059
-0.0005309  0.0031322
-0.0011230  0.0033323
-0.0012120  0.0035957
-0.0014357  0.0037471
-0.0018822  0.0033679
-0.0024052  0.0031890
-0.0028556  0.0028493
-0.0033270  0.0028844
-0.0035852  0.0027029
-0.0038763  0.0031827
-0.0041217  0.0032910
-0.0041296  0.0038017
-0.0038801  0.0040644
-0.0038498  0.0042291
-0.0040589  0.0041371
-0.0040878  0.0038956
-0.0039451  0.0033411
-0.0040028  0.0028635
-0.0038131  0.0023667
-0.0035955  0.0015913
-0.0031249  0.0009833
-0.0021775  0.0003336
-0.0013739 -0.0000871
-0.0009992 -0.0003521
-0.0002823 -0.0007870
 0.0001676 -0.0009416
 0.0003489 -0.0009667
 0.0005766 -0.0011528
 0.0003901 -0.0011102
 0.0003198 -0.0011619
 0.0003930 -0.0010368
 0.0003054 -0.0007689
 0.0002354 -0.0006891
 0.0006726 -0.0008405
 0.0008171 -0.0004133
 0.0012986 -0.0006364
 0.0016347 -0.0007775
 0.0018891 -0.0010906
 0.0022400 -0.0011505
 0.0021795 -0.0011909
 0.0019746 -0.0011974
 0.0015017 -0.0014258
 0.0013265 -0.0016549
 0.0010919 -0.0018373
 0.0011820 -0.0022247
 0.0014721 -0.0026414
 0.0013798 -0.0029470
 0.0013104 -0.0030689
 0.0010871 -0.0035154
 0.0001607 -0.0035520
-0.0001632 -0.0035225
-0.0010844 -0.0036345
-0.0015556 -0.0035267
-0.0016289 -0.0035517
-0.0014038 -0.0032691
-0.0012347 -0.0026243
-0.0006327 -0.0019213
-0.0003238 -0.0012174
-0.0003523 -0.0004979
-0.0008517  0.0001774
-0.0014461  0.0007689
-0.0020024  0.0011089
-0.0025555  0.0009393
-0.0029920  0.0008227
-0.0034084  0.0008045
-0.0034774  0.0005437
-0.0034152  0.0005132
-0.0029923  0.0004473
-0.0028417  0.0004784
-0.0026059  0.0006229
-0.0022388  0.0008140
-0.0021003  0.0011319
-0.0019986  0.0011252
-0.0019251  0.0012740
-0.0018201  0.0010416
-0.0017240  0.0004110
-0.0018415  0.0000365
-0.0015226 -0.0004577
-0.0014513 -0.0009518
-0.0014656 -0.0011158
-0.0011073 -0.0013798
-0.0011686 -0.0014856
-0.0010095 -0.0018382
-0.0008482 -0.0023611
-0.0005064 -0.0026931
-0.0002832 -0.0028078
-0.0001577 -0.0028221
-0.0000110 -0.0025677
-0.0002094 -0.0024187
-0.0003356 -0.0024021
-0.0002575 -0.0021950
 0.0001923 -0.0022928
 0.0004655 -0.0021028
 0.0008196 -0.0017649
 0.0014588 -0.0014162
 0.0013787 -0.0009638
 0.0014191 -0.0005813
 0.0011451 -0.0005357
 0.0008115 -0.0003296
 0.0001499 -0.0002678
-0.0001862 -0.0006930
-0.0007145 -0.0009367
-0.0011086 -0.0011129
-0.0010823 -0.0014569
-0.0012265 -0.0016418
-0.0009406 -0.0016784
-0.0006998 -0.0016015
-0.0008256 -0.0015615
-0.0006538 -0.0013307
-0.0006467 -0.0013085
-0.0006591 -0.0013446
-0.0010537 -0.0014425
-0.0012972 -0.0019548
-0.0019216 -0.0021892
-0.0023920 -0.0025309
-0.0027650 -0.0033148
-0.0030572 -0.0033851
-0.0029601 -0.0035977
-0.0026567 -0.0037329
-0.0025069 -0.0031536
-0.0020579 -0.0028108
-0.0017430 -0.0024493
-0.0011574 -0.0021818
-0.0004833 -0.0020185
-0.0000016 -0.0022512
 0.0007597 -0.0023344
 0.0014539 -0.0028031
 0.0019798 -0.0031691
 0.0024776 -0.0034847
 0.0027517 -0.0035131
 0.0027660 -0.0034697
 0.0026729 -0.0028488
 0.0025278 -0.0025224
 0.0023887 -0.0024253
 0.0023101 -0.0022827
 0.0023176 -0.0019415
 0.0022221 -0.0016236
 0.0024460 -0.0011526
 0.0025841 -0.0003816
 0.0022628  0.0004699
 0.0018610  0.0013615
 0.0013755  0.0018997
 0.0007140  0.0022823
 0.0001732  0.0024416
-0.0004238  0.0021606
-0.0005215  0.0019255
-0.0001676  0.0016267
 0.0002418  0.0012272
 0.0008367  0.0011166
 0.0016100  0.0008907
 0.0021365  0.0006443
 0.0022821  0.0004380
 0.0023172  0.0000455
 0.0019534 -0.0001648
 0.0015684 -0.0003219
 0.0012313 -0.0003324
 0.0007218 -0.0002609
 0.0004476  0.0004563
 0.0002191  0.0006969
-0.0003169  0.0014201
-0.0006883  0.0022684
-0.0012614  0.0028294
-0.0020457  0.0032677
-0.0026287  0.0035497
-0.0029541  0.0035282
-0.0032963  0.0035970
-0.0032494  0.0039261
-0.0033056  0.0036780
-0.0031681  0.0037987
-0.0029692  0.0039200
-0.0027785  0.0037453
-0.0027928  0.0037222
-0.0026051  0.0035177
-0.0025240  0.0035737
-0.0027971  0.0035866
-0.0028490  0.0034897
-0.0031266  0.0032204
-0.0035469  0.0029657
-0.0036866  0.0024814
-0.0038856  0.0016019
-0.0041204  0.0005473
-0.0037216 -0.0004401
-0.0036013 -0.0018532
-0.0033788 -0.0027593
-0.0031749 -0.0035133
-0.0031628 -0.0038714
-0.0029320 -0.0038878
-0.0026155 -0.0039785
-0.0024031 -0.0040984
-0.0018793 -0.0037092
-0.0016027 -0.0035324
-0.0012390 -0.0034105
-0.0011225 -0.0030419
-0.0012149 -0.0029922
-0.0017141 -0.0027700
-0.0019713 -0.0022086
-0.0020938 -0.0017328
-0.0023998 -0.0012384
-0.0025444 -0.0004671
-0.0023744  0.0000842
-0.0020510  0.0001784
-0.0015052  0.0002380
-0.0009880  0.0003071
-0.0007084  0.0000063
-0.0003224 -0.0001778
-0.0002269 -0.0004012
-0.0007059 -0.0007399
-0.0009072 -0.0007708
-0.0010826 -0.0008505
-0.0013388 -0.0006613
-0.0012496 -0.0003923
-0.0012025 -0.0002229
-0.0010100  0.0001837
-0.0007219  0.0005135
-0.0006320  0.0009401
-0.0006144  0.0011301
-0.0008492  0.0010944
-0.0012234  0.0010308
-0.0016266  0.0011778
-0.0016787  0.0011608
-0.0018071  0.0010193
-0.0017928  0.0010508
-0.0015276  0.0010096
-0.0014789  0.0008356
-0.0013535  0.0006228
-0.0014991  0.0001230
-0.0017841 -0.0005729
-0.0018366 -0.0005951
-0.0019481 -0.0010827
-0.0022921 -0.0011808
-0.0023467 -0.0013047
-0.0022948 -0.0014662
-0.0022214 -0.0013986
-0.0016802 -0.0016598
-0.0010594 -0.0018439
-0.0002000 -0.0018591
 0.0007082 -0.0021508
 0.0014694 -0.0020507
 0.0019846 -0.0021383
 0.0020942 -0.0018535
 0.0021783 -0.0019846
 0.0018618 -0.0021780
 0.0015257 -0.0022783
 0.0012065 -0.0026558
 0.0008171 -0.0034085
 0.0005034 -0.0040902
 0.0002222 -0.0049088
 0.0002289 -0.0055526
 0.0001655 -0.0059254
 0.0001409 -0.0061630
 0.0001024 -0.0059286
 0.0001589 -0.0054336
-0.0001683 -0.0047460
-0.0000028 -0.0037410
-0.0003756 -0.0029725
-0.0007681 -0.0024823
-0.0013350 -0.0022324
-0.0017413 -0.0024036
-0.0022709 -0.0024962
-0.0026005 -0.0028608
-0.0027552 -0.0034123
-0.0030128 -0.0037179
-0.0030225 -0.0042430
-0.0029155 -0.0046064
-0.0029096 -0.0050061
-0.0027265 -0.0050355
-0.0030763 -0.0054013
-0.0032864 -0.0055174
-0.0033716 -0.0059109
-0.0032353 -0.0061301
-0.0031310 -0.0063631
-0.0026212 -0.0063887
-0.0023774 -0.0059398
-0.0021669 -0.0050969
-0.0016537 -0.0045700
-0.0014848 -0.0033834
-0.0013681 -0.0025998
-0.0011129 -0.0015668
-0.0012076 -0.0013716
-0.0009676 -0.0009907
-0.0009637 -0.0014821
-0.0007194 -0.0019292
-0.0005149 -0.0027058
-0.0002896 -0.0035177
-0.0000768 -0.0038357
-0.0002088 -0.0042956
-0.0001878 -0.0042576
-0.0002750 -0.0039920
-0.0003711 -0.0035896
-0.0000552 -0.0031621
 0.0000877 -0.0029610
 0.0007814 -0.0025615
 0.0011512 -0.0023548
 0.0015616 -0.0017648
 0.0015000 -0.0012085
 0.0014099 -0.0006384
 0.0012852 -0.0003189
 0.0011019 -0.0001390
 0.0006169  0.0003267
 0.0004841  0.0006723
 0.0002253  0.0012668
 0.0000866  0.0017622
-0.0003048  0.0022576
-0.0006450  0.0027709
-0.0012781  0.0025287
-0.0015674  0.0022975
-0.0019931  0.0021513
-0.0020236  0.0013410
-0.0020095  0.0008384
-0.0016583  0.0001117
-0.0012893 -0.0004846
-0.0009784 -0.0008664
-0.0007965 -0.0012285
-0.0011312 -0.0015325
-0.0012544 -0.0015299
-0.0014722 -0.0018650
-0.0017443 -0.0018963
-0.0019883 -0.0016760
-0.0021104 -0.0021741
-0.0022697 -0.0020499
-0.0025200 -0.0021355
-0.0029813 -0.0020959
-0.0032042 -0.0018912
-0.0034283 -0.0019457
-0.0035664 -0.0018651
-0.0034057 -0.0017353
-0.0032578 -0.0017367
-0.0030606 -0.0017601
-0.0030390 -0.0016797
-0.0026869 -0.0016024
-0.0022297 -0.0014619
-0.0017616 -0.0011074
-0.0014483 -0.0010142
-0.0010835 -0.0006799
-0.0005841 -0.0006314
-0.0001046 -0.0006342
-0.0000164 -0.0006068
 0.0001467 -0.0006246
 0.0001358 -0.0002346
 0.0002519  0.0000826
 0.0005186  0.0006400
 0.0009231  0.0011526
 0.0009676  0.0013922
 0.0015462  0.0015406
 0.0021346  0.0013989
 0.0024833  0.0012097
 0.0028142  0.0010299
 0.0032874  0.0008397
 0.0031731  0.0004473
 0.0029360  0.0000435
 0.0025542 -0.0004169
 0.0018459 -0.0008998
 0.0013565 -0.0012106
 0.0010909 -0.0015873
 0.0005737 -0.0016041
 0.0002301 -0.0011309
 0.0000589 -0.0008152
-0.0005074 -0.0002763
-0.0007498  0.0002470
-0.0009539  0.0005169
-0.0013787  0.0008264
-0.0017106  0.0007848
-0.0021545  0.0003125
-0.0023774 -0.0000757
-0.0023939 -0.0003777
-0.0024091 -0.0008353
-0.0019439 -0.0012207
-0.0014452 -0.0013215
-0.0007889 -0.0013897
-0.0001294 -0.0010413
 0.0002314 -0.0009441
 0.0007979 -0.0008634
 0.0008841 -0.0007410
 0.0006739 -0.0004610
 0.0005899 -0.0002737
 0.0003126 -0.0001725
 0.0000762 -0.0004240
-0.0003090 -0.0003493
-0.0005999 -0.0004494
-0.0006316 -0.0008543
-0.0005010 -0.0009835
-0.0002073 -0.0008435
 0.0001371 -0.0010024
 0.0006937 -0.0009919
 0.0012123 -0.0007452
 0.0015488 -0.0006223
 0.0021276 -0.0007295
 0.0024839 -0.0009721
 0.0027247 -0.0012237
 0.0028463 -0.0014066
 0.0028892 -0.0016182
 0.0025385 -0.0019420
 0.0020411 -0.0016038
 0.0014819 -0.0014730
 0.0006162 -0.0012583
 0.0000679 -0.0008588
-0.0003358 -0.0009424
-0.0008306 -0.0007669
-0.0009915 -0.0009853
-0.0012658 -0.0009847
-0.0013857 -0.0013610
-0.0015348 -0.0018320
-0.0014761 -0.0020246
-0.0014466 -0.0021155
-0.0014214 -0.0021058
-0.0017694 -0.0017053
-0.0018968 -0.0012068
-0.0022748 -0.0005148
-0.0022867 -0.0001981
-0.0023545  0.0002043
-0.0021801  0.0002555
-0.0017454  0.0001153
-0.0017862  0.0000674
-0.0020074 -0.0001887
-0.0020818 -0.0005899
-0.0024754 -0.0004199
-0.0026853 -0.0002362
-0.0032071 -0.0000083
-0.0036749  0.0002883
-0.0035400  0.0005943
-0.0036763  0.0006036
-0.0036596  0.0010049
-0.0035700  0.0007544
-0.0037720  0.0008947
-0.0040240  0.0009597
-0.0039731  0.0005842
-0.0039096  0.0001881
-0.0037422  0.0003114
-0.0030307  0.0000934
-0.0027307  0.0001578
-0.0023046  0.0003962
-0.0021007  0.0007993
-0.0020190  0.0010831
-0.0018701  0.0015814
-0.0015178  0.0018701
-0.0013093  0.0024543
-0.0005357  0.0027314
 0.0001163  0.0027981
 0.0003854  0.0029276
 0.0005950  0.0029169
 0.0011574  0.0024938
 0.0013546  0.0020777
 0.0017171  0.0018482
 0.0020914  0.0011110
 0.0026645  0.0010357
 0.0032211  0.0012220
 0.0033279  0.0012856
 0.0030515  0.0015116
 0.0028941  0.0015564
 0.0023529  0.0013877
 0.0018198  0.0011272
 0.0016300  0.0004071
 0.0014401 -0.0005391
 0.0016281 -0.0011370
 0.0018493 -0.0016490
 0.0018449 -0.0019510
 0.0016842 -0.0019422
 0.0016759 -0.0017450
 0.0009670 -0.0016467
 0.0003712 -0.0013254
-0.0004621 -0.0012327
-0.0014618 -0.0013078
-0.0020278 -0.0014192
-0.0028331 -0.0018524
-0.0029251 -0.0022083
-0.0032075 -0.0024117
-0.0030347 -0.0025809
-0.0031249 -0.0023610
-0.0031717 -0.0017895
-0.0032117 -0.0013448
-0.0036205 -0.0010126
-0.0039648 -0.0006399
-0.0043276 -0.0008220
-0.0050065 -0.0009149
-0.0052845 -0.0013390
-0.0055784 -0.0021680
-0.0056809 -0.0025453
-0.0053476 -0.0033657
-0.0046984 -0.0039955
-0.0042043 -0.0038130
-0.0032428 -0.0034833
-0.0025427 -0.0024620
-0.0021727 -0.0017383
-0.0017877 -0.0011490
-0.0016283 -0.0004884
-0.0015431  0.0000429
-0.0009671  0.0002945
-0.0006762  0.0002499
-0.0001166  0.0004864
 0.0001146  0.0000889
 0.0005292 -0.0001554
 0.0009235 -0.0005933
 0.0007317 -0.0009992
 0.0003885 -0.0014821
-0.0000978 -0.0015918
-0.0006228 -0.0017119
-0.0014999 -0.0014491
-0.0019326 -0.0010510
-0.0025804 -0.0009320
-0.0031652 -0.0004860
-0.0035197 -0.0004396
-0.0034549 -0.0002693
-0.0037537 -0.0007221
-0.0034967 -0.0008581
-0.0031519 -0.0012229
-0.0029258 -0.0013110
-0.0027161 -0.0014182
-0.0027098 -0.0014190
-0.0029626 -0.0013237
-0.0031292 -0.0011232
-0.0034790 -0.0004534
-0.0036462 -0.0000602
-0.0036099  0.0006926
-0.0035360  0.0011759
-0.0033477  0.0012639
-0.0032520  0.0014993
-0.0031678  0.0012410
-0.0029429  0.0008064
-0.0028549  0.0002965
-0.0028351 -0.0004113
-0.0028318 -0.0008994
-0.0023363 -0.0011118
-0.0021455 -0.0016209
-0.0018035 -0.0016322
-0.0013843 -0.0017786
-0.0013183 -0.0020869
-0.0014753 -0.0022355
-0.0018492 -0.0024951
-0.0021298 -0.0026982
-0.0024397 -0.0027488
-0.0026275 -0.0026519
-0.0028934 -0.0028643
-0.0026172 -0.0025670
-0.0026435 -0.0023820
-0.0022773 -0.0020760
-0.0018331 -0.0016353
-0.0016546 -0.0012812
-0.0014953 -0.0008238
-0.0012523 -0.0004247
-0.0009638 -0.0003038
-0.0007266 -0.0002215
-0.0002473 -0.0001006
 0.0002361 -0.0001797
 0.0008086 -0.0001046
 0.0015469  0.0000066
 0.0020431  0.0002388
 0.0019536  0.0007146
 0.0019736  0.0008589
 0.0017616  0.0009883
 0.0015878  0.0009855
 0.0015791  0.0010885
 0.0016849  0.0009707
 0.0018301  0.0014080
 0.0020269  0.0015933
 0.0021194  0.0016417
 0.0020393  0.0019556
 0.0019487  0.0021442
 0.0019324  0.0019584
 0.0018591  0.0019420
 0.0020410  0.0018227
 0.0020606  0.0013943
 0.0021623  0.0013107
 0.0019990  0.0010957
 0.0016824  0.0009636
 0.0014335  0.0006626
 0.0014069 -0.0000020
 0.0013895 -0.0003072
 0.0016776 -0.0008753
 0.0016100 -0.0017219
 0.0016935 -0.0023622
 0.0015700 -0.0031092
 0.0013665 -0.0038316
 0.0015997 -0.0045214
 0.0016903 -0.0049353
 0.0021613 -0.0051636
 0.0020988 -0.0055859
 0.0019298 -0.0054416
 0.0017893 -0.0058915
 0.0014700 -0.0059769
 0.0010154 -0.0061528
 0.0007617 -0.0064023
 0.0004773 -0.0066072
 0.0006218 -0.0065406
 0.0004492 -0.0063270
 0.0005794 -0.0058084
 0.0007998 -0.0050743
 0.0009098 -0.0044661
 0.0009266 -0.0038968
 0.0012445 -0.0034551
 0.0016000 -0.0029565
 0.0022147 -0.0023117
 0.0027334 -0.0016899
 0.0031886 -0.0008665
 0.0035072 -0.0002919
 0.0039119  0.0002236
 0.0034614  0.0004891
 0.0029987  0.0005321
 0.0028446  0.0003469
 0.0023262 -0.0000681
 0.0020985 -0.0001469
 0.0017370 -0.0000090
 0.0014191  0.0000104
 0.0010250 -0.0001184
 0.0011095 -0.0004197
 0.0007074 -0.0005903
 0.0005873 -0.0011043
 0.0006594 -0.0012381
 0.0005566 -0.0016318
 0.0009675 -0.0021534
 0.0014144 -0.0023159
 0.0019945 -0.0023153
 0.0023617 -0.0022683
 0.0027856 -0.0020434
 0.0026580 -0.0016364
 0.0021493 -0.0013341
 0.0016414 -0.0010513
 0.0007057 -0.0007919
-0.0000755 -0.0006889
-0.0009157 -0.0006722
-0.0012970 -0.0007881
-0.0014117 -0.0010967
-0.0010479 -0.0014813
-0.0006282 -0.0014827
-0.0000186 -0.0015411
 0.0003278 -0.0016396
 0.0007044 -0.0015752
 0.0013470 -0.0018361
 0.0017216 -0.0018104
 0.0018956 -0.0016873
 0.0022242 -0.0016201
 0.0026057 -0.0016368
 0.0025550 -0.0019790
 0.0025179 -0.0019069
 0.0026292 -0.0021418
 0.0026598 -0.0022702
 0.0029128 -0.0024091
 0.0029363 -0.0024797
 0.0032871 -0.0023971
 0.0032861 -0.0019641
 0.0034333 -0.0020099
 0.0032795 -0.0016356
 0.0031436 -0.0012896
 0.0032102 -0.0012044
 0.0030826 -0.0010342
 0.0032167 -0.0007036
 0.0034365 -0.0005280
 0.0036650 -0.0003324
 0.0037131 -0.0000117
 0.0033580  0.0004332
 0.0028775  0.0009456
 0.0021691  0.0015370
 0.0011743  0.0018998
 0.0003993  0.0024351
-0.0006988  0.0027135
-0.0014619  0.0030295
-0.0014486  0.0031367
-0.0018105  0.0035572
-0.0017483  0.0033072
-0.0014689  0.0033131
-0.0013851  0.0031473
-0.0009541  0.0027785
-0.0006518  0.0021446
-0.0008008  0.0018333
-0.0004722  0.0015058
-0.0006288  0.0007002
-0.0008979  0.0002360
-0.0009460 -0.0004172
-0.0006690 -0.0009052
-0.0005418 -0.0012027
 0.0000537 -0.0014506
 0.0004783 -0.0016202
 0.0010149 -0.0015392
 0.0016071 -0.0013561
 0.0016285 -0.0012505
 0.0015220 -0.0008762
 0.0011454 -0.0007630
 0.0005768 -0.0008938
 0.0002921 -0.0006486
 0.0000714 -0.0005941
 0.0000707 -0.0003850
 0.0004799  0.0002184
 0.0006132  0.0007793
 0.0007418  0.0014172
 0.0009033  0.0016920
 0.0012009  0.0016171
 0.0015414  0.0018618
 0.0018130  0.0020631
 0.0020995  0.0017544
 0.0023825  0.0019718
 0.0023617  0.0020606
 0.0021720  0.0021423
 0.0021021  0.0024257
 0.0019220  0.0024699
 0.0018689  0.0024703
 0.0020639  0.0023375
 0.0023528  0.0023504
 0.0026338  0.0021916
 0.0030917  0.0023303
 0.0034228  0.0025919
 0.0037864  0.0026983
 0.0039081  0.0029137
 0.0039794  0.0032392
 0.0034453  0.0034295
 0.0034471  0.0034604
 0.0031528  0.0035139
 0.0030995  0.0031116
 0.0028966  0.0032300
 0.0030341  0.0029121
 0.0028934  0.0028373
 0.0030947  0.0030820
 0.0029449  0.0030499
 0.0025436  0.0030159
 0.0022238  0.0028599
 0.0020983  0.0027274
 0.0017143  0.0023934
 0.0019830  0.0019864
 0.0020234  0.0018395
 0.0020492  0.0019586
 0.0021667  0.0023464
 0.0019450  0.0021486
 0.0017809  0.0022061
 0.0019529  0.0019473
 0.0019597  0.0016007
 0.0020159  0.0012886
 0.0024180  0.0008646
 0.0024892  0.0004542
 0.0023358  0.0002608
 0.0021317 -0.0001998
 0.0014035 -0.0005040
 0.0009568 -0.0008977
 0.0001952 -0.0013105
-0.0002285 -0.0017504
-0.0006310 -0.0019473
-0.0009372 -0.0022757
-0.0009882 -0.0025095
-0.0005955 -0.0026841
-0.0001756 -0.0027171
 0.0004981 -0.0026507
 0.0010504 -0.0025735
 0.0015410 -0.0025481
 0.0019815 -0.0026539
 0.0023654 -0.0023462
 0.0029204 -0.0019168
 0.0031107 -0.0015698
 0.0032375 -0.0006142
 0.0032192  0.0002442
 0.0030248  0.0005054
 0.0028950  0.0008896
 0.0026998  0.0007880
 0.0030359  0.0005143
 0.0029658  0.0006334
 0.0031947  0.0004627
 0.0032686  0.0007171
 0.0034297  0.0008245
 0.0031182  0.0007976
 0.0031248  0.0006872
 0.0029980  0.0006596
 0.0028834  0.0006715
 0.0029534  0.0005455
 0.0029924  0.0009404
 0.0026971  0.0011526
 0.0026872  0.0017588
 0.0025235  0.0018579
 0.0023773  0.0019550
 0.0022410  0.0018531
 0.0025069  0.0018499
 0.0027241  0.0016527
 0.0025783  0.0017527
 0.0026423  0.0017450
 0.0023148  0.0017569
 0.0017857  0.0014167
 0.0014022  0.0010491
 0.0010578  0.0007287
 0.0006512  0.0003720
 0.0008767  0.0001518
 0.0007140  0.0003415
 0.0009383  0.0005619
 0.0015189  0.0006271
 0.0015983  0.0008213
 0.0019804  0.0007147
 0.0021540  0.0003267
 0.0021893  0.0003444
 0.0024191 -0.0000678
 0.0025040 -0.0003924
 0.0023995 -0.0005497
 0.0022939 -0.0007075
 0.0019685 -0.0006518
 0.0016049 -0.0007094
 0.0010558 -0.0009329
 0.0007554 -0.0013780
 0.0007826 -0.0018269
 0.0007709 -0.0021105
 0.0007370 -0.0019617
 0.0010727 -0.0019024
 0.0011880 -0.0015669
 0.0015259 -0.0011159
 0.0015273 -0.0006792
 0.0016947 -0.0003552
 0.0019822  0.0002712
 0.0024128  0.0006710
 0.0028898  0.0011363
 0.0031768  0.0014464
 0.0039127  0.0015367
 0.0040842  0.0015262
 0.0042774  0.0009274
 0.0041529  0.0003323
 0.0040859 -0.0003993
 0.0034084 -0.0013443
 0.0031032 -0.0020935
 0.0026443 -0.0024335
 0.0024435 -0.0025217
 0.0021051 -0.0022088
 0.0018554 -0.0022686
 0.0017974 -0.0019417
 0.0021146 -0.0019318
 0.0019147 -0.0022674
 0.0024818 -0.0025260
 0.0027979 -0.0029400
 0.0029845 -0.0034203
 0.0028668 -0.0039226
 0.0024523 -0.0042896
 0.0015734 -0.0049663
 0.0008265 -0.0054934
 0.0002897 -0.0059359
-0.0003278 -0.0067073
-0.0003244 -0.0069182
-0.0000755 -0.0069526
 0.0003763 -0.0068969
 0.0006410 -0.0063827
 0.0009016 -0.0057981
 0.0007782 -0.0053182
 0.0010327 -0.0049494
 0.0010813 -0.0048036
 0.0011443 -0.0043096
 0.0014446 -0.0043495
 0.0017951 -0.0042980
 0.0018601 -0.0041189
 0.0023068 -0.0041425
 0.0025817 -0.0043194
 0.0024640 -0.0041453
 0.0028361 -0.0043462
 0.0030672 -0.0042287
 0.0036627 -0.0042285
 0.0037766 -0.0038167
 0.0041630 -0.0033354
 0.0040798 -0.0030766
 0.0036850 -0.0025572
 0.0029487 -0.0021847
 0.0019907 -0.0018379
 0.0013204 -0.0018342
 0.0007172 -0.0016346
 0.0003176 -0.0015462
 0.0005848 -0.0014476
 0.0005461 -0.0012659
 0.0007669 -0.0010818
 0.0008230 -0.0007282
 0.0007288 -0.0007994
 0.0003002 -0.0007046
-0.0002156 -0.0004333
-0.0008068 -0.0002857
-0.0011183 -0.0004210
-0.0015860 -0.0002668
-0.0017364 -0.0001886
-0.0016746 -0.0002290
-0.0013199 -0.0003777
-0.0010997 -0.0004623
-0.0003419 -0.0006454
-0.0003633 -0.0007827
-0.0000009 -0.0013920
 0.0002357 -0.0014905
 0.0007718 -0.0019021
 0.0007797 -0.0021805
 0.0011208 -0.0021022
 0.0011967 -0.0021597
 0.0013271 -0.0020265
 0.0012256 -0.0018607
 0.0012904 -0.0022368
 0.0013448 -0.0019574
 0.0014565 -0.0015381
 0.0014546 -0.0009679
 0.0013969 -0.0000885
 0.0014248  0.0005891
 0.0009296  0.0012989
 0.0006048  0.0017206
 0.0003181  0.0017538
 0.0000712  0.0013020
 0.0001017  0.0007285
 0.0003496  0.0000288
 0.0003698 -0.0006929
 0.0004500 -0.0011944
 0.0004151 -0.0017653
 0.0004872 -0.0020502
 0.0003832 -0.0019662
 0.0006063 -0.0021800
 0.0006160 -0.0017121
 0.0009242 -0.0013607
 0.0013290 -0.0009547
 0.0017303 -0.0005800
 0.0018652 -0.0001086
 0.0021896  0.0000553
 0.0019762  0.0001617
 0.0017362  0.0000864
 0.0013988 -0.0000575
 0.0010292 -0.0003949
 0.0009494 -0.0006161
 0.0010287 -0.0006359
 0.0008704 -0.0005903
 0.0008155 -0.0003589
 0.0004868 -0.0003486
-0.0001493 -0.0001458
-0.0005458 -0.0002901
-0.0011916 -0.0005275
-0.0015092 -0.0011381
-0.0013646 -0.0015285
-0.0009627 -0.0020359
-0.0003773 -0.0021398
 0.0003150 -0.0025514
 0.0010524 -0.0028119
 0.0016183 -0.0027151
 0.0021847 -0.0025314
 0.0026714 -0.0022634
 0.0030368 -0.0018008
 0.0033144 -0.0016763
 0.0031804 -0.0015457
 0.0029625 -0.0016055
 0.0023707 -0.0016784
 0.0017501 -0.0015552
 0.0011859 -0.0018086
 0.0006505 -0.0018385
 0.0003068 -0.0015627
 0.0003591 -0.0011778
 0.0001396 -0.0009270
 0.0002662 -0.0005344
 0.0005495 -0.0003620
 0.0007548 -0.0004760
 0.0010455 -0.0006789
 0.0013346 -0.0009557
 0.0013960 -0.0015910
 0.0016645 -0.0020327
 0.0017466 -0.0020154
 0.0013917 -0.0025626
 0.0013481 -0.0030354
 0.0016622 -0.0032926
 0.0019398 -0.0037303
 0.0019396 -0.0040516
 0.0025615 -0.0041222
 0.0025524 -0.0039284
 0.0026851 -0.0038394
 0.0030381 -0.0031960
 0.0028899 -0.0026679
 0.0030032 -0.0021705
 0.0031667 -0.0017466
 0.0029654 -0.0011781
 0.0026307 -0.0008762
 0.0024420 -0.0003818
 0.0021836  0.0004257
 0.0018766  0.0011359
 0.0019092  0.0019694
 0.0017590  0.0030910
 0.0015712  0.0037633
 0.0014422  0.0047432
 0.0013041  0.0054067
 0.0010477  0.0053888
 0.0010046  0.0051984
 0.0009628  0.0048159
 0.0013236  0.0046348
 0.0015772  0.0042131
 0.0014746  0.0037607
 0.0013527  0.0035866
 0.0017098  0.0033468
 0.0015001  0.0032547
 0.0016354  0.0032527
 0.0018118  0.0033423
 0.0021865  0.0035018
 0.0024084  0.0034008
 0.0023979  0.0033891
 0.0026117  0.0032855
 0.0026702  0.0031521
 0.0026625  0.0028862
 0.0024399  0.0027918
 0.0023022  0.0030027
 0.0018758  0.0031862
 0.0013913  0.0034543
 0.0011183  0.0034061
 0.0008950  0.0033203
 0.0007989  0.0028909
 0.0008546  0.0026038
 0.0013470  0.0022794
 0.0015398  0.0023473
 0.0020235  0.0023198
 0.0021021  0.0019720
 0.0023548  0.0014421
 0.0027889  0.0006745
 0.0032804  0.0002877
 0.0034949 -0.0001576
 0.0039216 -0.0004853
 0.0043545 -0.0004910
 0.0045471 -0.0001207
 0.0046333  0.0001138
 0.0042467  0.0006469
 0.0041826  0.0011809
 0.0038889  0.0017435
 0.0032608  0.0023380
 0.0028645  0.0028673
 0.0024747  0.0032152
 0.0022598  0.0036468
 0.0019963  0.0042340
 0.0017797  0.0044844
 0.0014368  0.0046238
 0.0010794  0.0050100
 0.0006161  0.0049065
 0.0000933  0.0048912
-0.0002292  0.0047632
-0.0006901  0.0042406
-0.0010978  0.0039063
-0.0011222  0.0038873
-0.0012805  0.0039105
-0.0015671  0.0040805
-0.0019474  0.0040925
-0.0020007  0.0040681
-0.0019895  0.0040624
-0.0013460  0.0035934
-0.0004846  0.0033062
 0.0003496  0.0030906
 0.0014758  0.0028861
 0.0024739  0.0029279
 0.0030373  0.0031926
 0.0033518  0.0030705
 0.0029030  0.0032839
 0.0023440  0.0034400
 0.0021252  0.0035393
 0.0013104  0.0035236
 0.0010139  0.0035333
 0.0006011  0.0037454
 0.0000152  0.0042909
-0.0002545  0.0042725
-0.0005377  0.0045045
-0.0006645  0.0045657
-0.0005214  0.0043755
-0.0003605  0.0043503
-0.0002362  0.0042550
-0.0001914  0.0037744
-0.0004548  0.0030840
-0.0003568  0.0023808
-0.0004608  0.0017633
-0.0005448  0.0012257
-0.0007126  0.0013468
-0.0007536  0.0013018
-0.0009195  0.0017408
-0.0009567  0.0022522
-0.0011335  0.0026755
-0.0012230  0.0030310
-0.0011969  0.0031092
-0.0015222  0.0031223
-0.0018325  0.0030293
-0.0020069  0.0026984
-0.0021117  0.0025711
-0.0022346  0.0022778
-0.0020477  0.0023274
-0.0018791  0.0021940
-0.0017680  0.0023060
-0.0017928  0.0024921
-0.0019230  0.0024202
-0.0017583  0.0022805
-0.0015507  0.0018795
-0.0012564  0.0014249
-0.0006873  0.0010342
-0.0000730  0.0007345
 0.0006417  0.0005479
 0.0011252  0.0003757
 0.0015782  0.0003850
 0.0014184  0.0002404
 0.0014361  0.0005172
 0.0017087  0.0009603
 0.0018409  0.0011426
 0.0023470  0.0016810
 0.0028357  0.0020402
 0.0033038  0.0022025
 0.0038802  0.0019728
 0.0041192  0.0015149
 0.0046053  0.0011786
 0.0044424  0.0003148
 0.0041319  0.0000245
 0.0037770 -0.0004076
 0.0031588 -0.0004368
 0.0029380 -0.0005783
 0.0025130 -0.0003777
 0.0024066  0.0000265
 0.0027547  0.0003449
 0.0028592  0.0007728
 0.0030008  0.0009716
 0.0035536  0.0007694
 0.0035859  0.0003914
 0.0037155 -0.0000478
 0.0038506 -0.0007223
 0.0041863 -0.0013119
 0.0043682 -0.0018345
 0.0045858 -0.0022405
 0.0050420 -0.0026335
 0.0051538 -0.0026943
 0.0055658 -0.0029384
 0.0057723 -0.0027828
 0.0061592 -0.0026427
 0.0063770 -0.0021011
 0.0063984 -0.0014362
 0.0066103 -0.0009957
 0.0066823 -0.0001617
 0.0065485  0.0001350
 0.0064354  0.0003847
 0.0061678  0.0004996
 0.0056952  0.0004330
 0.0051798  0.0001445
 0.0047404 -0.0000759
 0.0040766 -0.0004760
 0.0035261 -0.0010082
 0.0029271 -0.0013398
 0.0026253 -0.0018053
 0.0022948 -0.0026233
 0.0020975 -0.0029085
 0.0021163 -0.0032721
