[PARAMETERS]
DW=1E-007
TAU=0.0001
TD=4096
BS=4096
NS=128
NSC=128
FR=55.910000
GAIN=4.974204
D0=0.05
D1=5E-006
D2=6E-006
D3=2.5E-005
D4=1E-005
D5=0.199999999999988
D6=0.001
D7=0.001
D8=0.001
D9=0.05
C0=1
SEGTD=0
SEGOFF=0
SEGNUM=0
[ADDITIONAL]
PPFILE=ZG_two_T2.PC
DATEWR=26.09.2024
TIMEWR=15:36:11
DATESTA=26.09.2024
TIMESTA=15:35:54
DATEEND=26.09.2024
TIMEEND=15:36:11
CURR_Z0=0
CURR_Z1=1
TE=-1
[VARIABLES]
_USER=Measurements
_EMAIL_F=7NMR.NMR-270-ijs.si
_ITC_H=1
_ITC_R0= 50.00
_ITC_R1= 49.99
_ITC_R2= 53.10
_ITC_R3=  0.00
_ITC_R4= -0.01
_ITC_V=  0.00
_ITC_X=X0A1C1S00H1
_FW=100
_ORIENT=?
_THETA=0
_TITLE=?
_DESCR1=?
_DESCR2=?
_FR_LARM=55.91000000
_FR_SYNT=525.91000000
_TRIMLEV=1.708984375
_DATE=26.09.2024
_TIME=15:34:47
[PPFILE]
; pi/2 - pi


DELAY D9
PULSE [GT] 3u
PULSE [PHL1,GT] D1
DELAY TAU-3u
PULSE [GT] 3u
PULSE [PHL2,GT] 2*D1
DELAY TAU-D3
PULSE [TR] 1u+DW
DELAY 1m
STOP

;PHL 1 [+X] [+X] [+Y] [+Y] [-X] [-X] [-Y] [-Y]
;PHL 2 [+Y] [-Y] [-X] [+X] [-Y] [+Y] [+X] [-X]
;!RLS +X+X+Y+Y-X-X-Y-Y

PHL 1 [+X] [+X] [-X] [-X] [+Y] [+Y] [-Y] [-Y] [+X] [+X] [-X] [-X] [+Y] [+Y] [-Y] [-Y]
PHL 2 [+Y] [-Y] [-Y] [+Y] [-X] [+X] [+X] [-X] [+X] [-X] [-X] [+X] [-Y] [+Y] [+Y] [-Y]
!RLS +X+X-X-X+Y+Y-Y-Y-X-X+X+X-Y-Y+Y+Y
[DATA]
 0.0010410  0.0008030
 0.0008117  0.0007841
 0.0004911  0.0001106
 0.0002783 -0.0006767
 0.0003708 -0.0012920
 0.0002755 -0.0013683
 0.0000809 -0.0014818
-0.0001695 -0.0014479
-0.0006273 -0.0013683
-0.0012043 -0.0010425
-0.0014687 -0.0007934
-0.0019479 -0.0005237
-0.0021340 -0.0005080
-0.0023815 -0.0003925
-0.0021284 -0.0005067
-0.0020880 -0.0003723
-0.0021263 -0.0008075
-0.0018372 -0.0013037
-0.0019968 -0.0009193
-0.0018074 -0.0011119
-0.0014509 -0.0009420
-0.0011885 -0.0007740
-0.0007323 -0.0001983
-0.0007933 -0.0002976
-0.0007582  0.0001202
-0.0000472  0.0003540
 0.0003025  0.0004501
 0.0005593  0.0004715
 0.0008698  0.0005721
 0.0008379  0.0007861
 0.0001891  0.0009403
-0.0000983  0.0011701
-0.0007553  0.0009981
-0.0016399  0.0009020
-0.0017251  0.0002495
-0.0023465  0.0001752
-0.0021023 -0.0001873
-0.0020106  0.0001628
-0.0017886  0.0002544
-0.0014854  0.0005596
-0.0010470  0.0008051
-0.0013756  0.0007021
-0.0014725  0.0009132
-0.0013934  0.0004271
-0.0017927  0.0007315
-0.0015565  0.0006173
-0.0014761  0.0005962
-0.0017987  0.0005187
-0.0016036  0.0004210
-0.0017211  0.0003043
-0.0016663  0.0006455
-0.0018815  0.0007193
-0.0020983  0.0006265
-0.0020463  0.0009874
-0.0022066  0.0012236
-0.0019462  0.0012095
-0.0016987  0.0011752
-0.0015708  0.0010234
-0.0008840  0.0009908
-0.0006551  0.0006298
-0.0002530  0.0007873
 0.0001718  0.0005414
 0.0001746  0.0006004
 0.0003321  0.0007958
 0.0002776  0.0008717
 0.0005687  0.0011580
 0.0004755  0.0010425
 0.0005357  0.0011325
 0.0008421  0.0015875
 0.0005308  0.0017773
 0.0004529  0.0018661
 0.0004896  0.0019105
 0.0000087  0.0022961
-0.0003340  0.0023595
-0.0002533  0.0024237
-0.0007684  0.0022364
-0.0008391  0.0016449
-0.0008919  0.0017431
-0.0010837  0.0012057
-0.0014305  0.0010708
-0.0013942  0.0009210
-0.0014734  0.0006328
-0.0020911  0.0004386
-0.0019587  0.0004381
-0.0016151  0.0001717
-0.0016922 -0.0000011
-0.0014205  0.0000558
-0.0012259  0.0001337
-0.0012222  0.0001733
-0.0009686  0.0004236
-0.0006004  0.0005185
-0.0002297  0.0006081
 0.0001139  0.0002431
 0.0009020  0.0004329
 0.0011301  0.0002580
 0.0018144  0.0003562
 0.0021600  0.0001995
 0.0023889  0.0007397
 0.0024822  0.0007954
 0.0022327  0.0008322
 0.0021584  0.0010437
 0.0019246  0.0008528
 0.0016965  0.0010441
 0.0016416  0.0011972
 0.0014349  0.0009472
 0.0014386  0.0009997
 0.0013651  0.0013057
 0.0013897  0.0010699
 0.0012759  0.0011797
 0.0013764  0.0011373
 0.0017237  0.0007848
 0.0018016  0.0006632
 0.0022599  0.0007536
 0.0022025  0.0005756
 0.0020640  0.0008004
 0.0021254  0.0006801
 0.0016433  0.0005666
 0.0015064  0.0008714
 0.0014128  0.0005327
 0.0013567  0.0002683
 0.0014124  0.0008110
 0.0016272  0.0007973
 0.0014386  0.0008611
 0.0011899  0.0009435
 0.0010971  0.0011971
 0.0007915  0.0013489
 0.0005238  0.0013307
 0.0000474  0.0015980
-0.0004286  0.0017708
-0.0004472  0.0021321
-0.0007573  0.0024030
-0.0007573  0.0022876
-0.0007416  0.0024620
-0.0007238  0.0024220
-0.0004957  0.0018313
-0.0000782  0.0016404
-0.0002329  0.0010453
-0.0000988  0.0007396
 0.0001858  0.0005119
 0.0002035 -0.0000283
 0.0002980  0.0000496
 0.0002944 -0.0000642
 0.0001038  0.0001881
-0.0005099  0.0007412
-0.0007013  0.0008579
-0.0009871  0.0011846
-0.0013529  0.0013150
-0.0016012  0.0014106
-0.0014486  0.0013961
-0.0013505  0.0013158
-0.0016767  0.0014102
-0.0016041  0.0017393
-0.0018964  0.0018507
-0.0020002  0.0021988
-0.0023495  0.0024438
-0.0028517  0.0029243
-0.0033524  0.0032142
-0.0039108  0.0035206
-0.0046169  0.0036918
-0.0048458  0.0039256
-0.0053586  0.0036571
-0.0058031  0.0037701
-0.0056295  0.0036183
-0.0059008  0.0037710
-0.0060135  0.0035941
-0.0054179  0.0032509
-0.0053049  0.0031742
-0.0049189  0.0028867
-0.0042071  0.0024875
-0.0037432  0.0022593
-0.0034396  0.0021067
-0.0028073  0.0019000
-0.0025437  0.0019210
-0.0018928  0.0017507
-0.0009004  0.0020624
-0.0006921  0.0019986
 0.0000193  0.0023272
 0.0002890  0.0023450
 0.0001545  0.0028444
 0.0005203  0.0030519
 0.0002749  0.0032817
 0.0001639  0.0031698
 0.0000347  0.0029615
 0.0003456  0.0027677
 0.0005980  0.0024039
 0.0005241  0.0025570
 0.0005637  0.0024378
 0.0010829  0.0027431
 0.0011406  0.0030689
 0.0006036  0.0030648
 0.0003743  0.0031989
-0.0001292  0.0030842
-0.0007190  0.0025864
-0.0008523  0.0020143
-0.0008761  0.0017087
-0.0013768  0.0008261
-0.0013017  0.0006157
-0.0012843  0.0002532
-0.0016885 -0.0001155
-0.0016703 -0.0000573
-0.0020947  0.0000928
-0.0025113 -0.0003743
-0.0027600 -0.0005641
-0.0025303 -0.0005290
-0.0031593 -0.0007640
-0.0027402 -0.0006695
-0.0025694 -0.0006675
-0.0024511 -0.0001507
-0.0022061 -0.0000324
-0.0022089  0.0006964
-0.0018282  0.0013093
-0.0015860  0.0015988
-0.0009343  0.0016573
-0.0009953  0.0021366
-0.0008621  0.0021551
-0.0003247  0.0020962
-0.0005124  0.0020005
-0.0003570  0.0027095
-0.0002411  0.0025512
-0.0004817  0.0024312
 0.0000157  0.0026779
 0.0001134  0.0028051
 0.0002120  0.0033360
 0.0007902  0.0039093
 0.0013869  0.0045428
 0.0015424  0.0052130
 0.0021989  0.0061186
 0.0025832  0.0066382
 0.0029874  0.0074478
 0.0037529  0.0075867
 0.0034642  0.0080675
 0.0041191  0.0084358
 0.0043343  0.0086469
 0.0045092  0.0085129
 0.0049351  0.0088779
 0.0060479  0.0089542
 0.0062808  0.0092982
 0.0070265  0.0094714
 0.0074989  0.0097242
 0.0078639  0.0102066
 0.0083007  0.0104158
 0.0091021  0.0106488
 0.0097501  0.0112398
 0.0105540  0.0117413
 0.0111277  0.0125645
 0.0115488  0.0129897
 0.0121245  0.0134710
 0.0122784  0.0138965
 0.0131791  0.0144416
 0.0138522  0.0146354
 0.0141986  0.0150614
 0.0146456  0.0151187
 0.0153735  0.0153505
 0.0155108  0.0151418
 0.0160688  0.0153727
 0.0163522  0.0153368
 0.0170616  0.0151652
 0.0178097  0.0153041
 0.0183063  0.0151342
 0.0187060  0.0148455
 0.0187044  0.0152278
 0.0192571  0.0147328
 0.0192955  0.0147127
 0.0198535  0.0145568
 0.0204660  0.0148051
 0.0210659  0.0145168
 0.0220838  0.0149541
 0.0225828  0.0153525
 0.0234279  0.0155629
 0.0237380  0.0162105
 0.0246569  0.0165347
 0.0248652  0.0167983
 0.0253255  0.0167042
 0.0261883  0.0169909
 0.0270329  0.0168787
 0.0280810  0.0168774
 0.0288627  0.0168193
 0.0296290  0.0168427
 0.0306218  0.0173006
 0.0312693  0.0172436
 0.0316513  0.0174524
 0.0323417  0.0177964
 0.0326869  0.0177604
 0.0331100  0.0180681
 0.0340673  0.0185898
 0.0351635  0.0188784
 0.0357958  0.0190512
 0.0373688  0.0193238
 0.0388287  0.0194635
 0.0400767  0.0201935
 0.0415197  0.0205064
 0.0425937  0.0211012
 0.0437266  0.0218344
 0.0448236  0.0221206
 0.0455746  0.0226221
 0.0467426  0.0228530
 0.0480488  0.0228551
 0.0486649  0.0230085
 0.0496993  0.0230267
 0.0507930  0.0228333
 0.0514875  0.0226378
 0.0524815  0.0227335
 0.0541122  0.0224259
 0.0554180  0.0224666
 0.0571440  0.0225438
 0.0587343  0.0223330
 0.0601180  0.0222728
 0.0616720  0.0220415
 0.0628578  0.0213268
 0.0635058  0.0208823
 0.0646940  0.0203029
 0.0651923  0.0196076
 0.0660300  0.0188764
 0.0666404  0.0187803
 0.0675993  0.0180293
 0.0681953  0.0176833
 0.0689983  0.0175719
 0.0698825  0.0164745
 0.0707425  0.0162084
 0.0716998  0.0156347
 0.0724479  0.0150820
 0.0734015  0.0148374
 0.0743592  0.0143008
 0.0748034  0.0136746
 0.0750525  0.0131808
 0.0754518  0.0128546
 0.0751469  0.0123766
 0.0751441  0.0116119
 0.0748934  0.0113030
 0.0745461  0.0105561
 0.0746588  0.0100034
 0.0746769  0.0087752
 0.0745021  0.0078353
 0.0751570  0.0069898
 0.0756354  0.0063543
 0.0754812  0.0058888
 0.0758260  0.0051559
 0.0755995  0.0048854
 0.0751417  0.0038659
 0.0746596  0.0034614
 0.0743103  0.0028489
 0.0738658  0.0020071
 0.0734757  0.0014911
 0.0732464  0.0007858
 0.0731806 -0.0000354
 0.0726997 -0.0007052
 0.0727195 -0.0015301
 0.0719148 -0.0020097
 0.0712022 -0.0027632
 0.0700947 -0.0037843
 0.0692323 -0.0046883
 0.0682128 -0.0058814
 0.0675410 -0.0067050
 0.0672148 -0.0074305
 0.0670202 -0.0077894
 0.0664626 -0.0082674
 0.0661521 -0.0083954
 0.0651544 -0.0084911
 0.0643708 -0.0088310
 0.0635116 -0.0087712
 0.0624982 -0.0093680
 0.0612535 -0.0096946
 0.0602760 -0.0095840
 0.0597612 -0.0097544
 0.0591112 -0.0102175
 0.0585742 -0.0104622
 0.0581519 -0.0107851
 0.0576359 -0.0109765
 0.0573884 -0.0108586
 0.0569508 -0.0108013
 0.0559939 -0.0105175
 0.0549818 -0.0106770
 0.0543132 -0.0106749
 0.0530268 -0.0109475
 0.0520514 -0.0107537
 0.0514938 -0.0114074
 0.0509790 -0.0108324
 0.0503100 -0.0110020
 0.0500493 -0.0107153
 0.0499350 -0.0103318
 0.0496891 -0.0100625
 0.0490226 -0.0102357
 0.0487694 -0.0100241
 0.0482316 -0.0099878
 0.0477338 -0.0104274
 0.0472880 -0.0100055
 0.0471528 -0.0103863
 0.0468120 -0.0100972
 0.0465403 -0.0100604
 0.0464624 -0.0096426
 0.0464607 -0.0099446
 0.0459613 -0.0103515
 0.0457453 -0.0105607
 0.0450738 -0.0107718
 0.0443302 -0.0115377
 0.0438534 -0.0115369
 0.0421706 -0.0119662
 0.0414051 -0.0119492
 0.0406985 -0.0122089
 0.0392975 -0.0120983
 0.0385675 -0.0119432
 0.0377818 -0.0119606
 0.0368997 -0.0122848
 0.0360926 -0.0121640
 0.0355362 -0.0123889
 0.0344114 -0.0123291
 0.0337787 -0.0121151
 0.0326668 -0.0118289
 0.0312921 -0.0121741
 0.0303897 -0.0127090
 0.0292156 -0.0127922
 0.0284517 -0.0132553
 0.0277960 -0.0137193
 0.0276034 -0.0140645
 0.0271778 -0.0139745
 0.0272731 -0.0139535
 0.0271015 -0.0138549
 0.0264495 -0.0137758
 0.0259509 -0.0137915
 0.0254337 -0.0134834
 0.0246443 -0.0131927
 0.0238550 -0.0130946
 0.0228198 -0.0129222
 0.0220527 -0.0125944
 0.0212464 -0.0125213
 0.0204256 -0.0125988
 0.0196395 -0.0122149
 0.0189293 -0.0122213
 0.0181040 -0.0120918
 0.0173365 -0.0114950
 0.0165092 -0.0112516
 0.0155511 -0.0111410
 0.0152838 -0.0109851
 0.0149168 -0.0111600
 0.0145006 -0.0110639
 0.0144247 -0.0110045
 0.0141227 -0.0107792
 0.0134961 -0.0107586
 0.0128845 -0.0103779
 0.0123297 -0.0100162
 0.0115238 -0.0100727
 0.0111447 -0.0099391
 0.0103974 -0.0104191
 0.0096315 -0.0103444
 0.0095152 -0.0107458
 0.0089209 -0.0107094
 0.0089209 -0.0109763
 0.0094506 -0.0105015
 0.0095871 -0.0101975
 0.0100651 -0.0099282
 0.0097929 -0.0091441
 0.0096597 -0.0086621
 0.0093516 -0.0084497
 0.0087008 -0.0076418
 0.0082401 -0.0071444
 0.0077064 -0.0068173
 0.0076684 -0.0059896
 0.0069954 -0.0056444
 0.0069623 -0.0052592
 0.0067487 -0.0050073
 0.0063498 -0.0046439
 0.0059534 -0.0046815
 0.0059962 -0.0044307
 0.0055973 -0.0040496
 0.0053296 -0.0041836
 0.0048330 -0.0038235
 0.0049300 -0.0037638
 0.0048669 -0.0039374
 0.0045758 -0.0039168
 0.0053405 -0.0039923
 0.0052638 -0.0037007
 0.0053236 -0.0036414
 0.0055347 -0.0033123
 0.0054007 -0.0030624
 0.0052634 -0.0022367
 0.0050696 -0.0014849
 0.0049698 -0.0011401
 0.0043133 -0.0006823
 0.0041978 -0.0003767
 0.0041744  0.0000061
 0.0038118  0.0000032
 0.0038684 -0.0001740
 0.0041199 -0.0003901
 0.0042536 -0.0009493
 0.0046177 -0.0010300
 0.0046747 -0.0017221
 0.0048809 -0.0016264
 0.0050295 -0.0022921
 0.0049487 -0.0021371
 0.0044352 -0.0026131
 0.0042248 -0.0028024
 0.0037646 -0.0028222
 0.0034428 -0.0028622
 0.0033253 -0.0028057
 0.0035740 -0.0024811
 0.0033653 -0.0019425
 0.0033967 -0.0017454
 0.0032796 -0.0012233
 0.0028404 -0.0008720
 0.0027398 -0.0010969
 0.0025686 -0.0011304
 0.0017615 -0.0012612
 0.0015665 -0.0011998
 0.0012601 -0.0014489
 0.0012358 -0.0011788
 0.0014845 -0.0012551
 0.0019209 -0.0008695
 0.0018422 -0.0003931
 0.0022423 -0.0000128
 0.0023933 -0.0002034
 0.0022342  0.0000805
 0.0021567 -0.0002082
 0.0021542 -0.0008817
 0.0018268 -0.0012446
 0.0013822 -0.0013977
 0.0010177 -0.0012834
 0.0009967 -0.0008962
 0.0007278 -0.0010323
 0.0004678 -0.0009705
 0.0006039 -0.0006059
 0.0003980 -0.0004678
-0.0002100 -0.0007706
 0.0001198 -0.0005833
-0.0002435 -0.0006596
-0.0004712 -0.0007601
-0.0001301 -0.0008772
 0.0000819 -0.0009374
 0.0002373 -0.0010182
 0.0006528 -0.0009043
 0.0011369 -0.0012705
 0.0016771 -0.0011930
 0.0021168 -0.0010412
 0.0026005 -0.0011954
 0.0029106 -0.0008159
 0.0028484 -0.0007408
 0.0026933 -0.0009169
 0.0026562 -0.0010005
 0.0023416 -0.0013627
 0.0023404 -0.0015569
 0.0020154 -0.0018464
 0.0014764 -0.0019635
 0.0012160 -0.0022501
 0.0006229 -0.0019606
 0.0001457 -0.0018096
-0.0002366 -0.0017470
-0.0001946 -0.0014967
-0.0007130 -0.0013812
-0.0008475 -0.0014175
-0.0008116 -0.0014587
-0.0007014 -0.0012290
-0.0002811 -0.0011341
-0.0003033 -0.0012278
-0.0002117 -0.0008971
-0.0004026 -0.0009330
-0.0004043 -0.0011587
-0.0009045 -0.0010751
-0.0012663 -0.0008651
-0.0013769 -0.0008788
-0.0019308 -0.0008191
-0.0019279 -0.0008929
-0.0020559 -0.0011239
-0.0020325 -0.0010278
-0.0020651 -0.0009709
-0.0016226 -0.0010508
-0.0015265 -0.0009996
-0.0015269 -0.0012544
-0.0009561 -0.0012770
-0.0009399 -0.0015556
-0.0007308 -0.0020175
-0.0005217 -0.0028799
-0.0001010 -0.0028242
 0.0001877 -0.0030717
 0.0004166 -0.0027237
 0.0003093 -0.0022646
 0.0002887 -0.0019404
 0.0001748 -0.0015544
-0.0000174 -0.0012924
 0.0000598 -0.0011168
-0.0000844 -0.0011745
-0.0001365 -0.0012492
-0.0002160 -0.0009585
-0.0001014 -0.0007833
-0.0003719 -0.0005123
-0.0004502 -0.0002071
-0.0007228  0.0001571
-0.0011839  0.0002148
-0.0017847  0.0000771
-0.0020407  0.0000969
-0.0025211  0.0002689
-0.0031768  0.0002301
-0.0033917 -0.0001118
-0.0037740 -0.0003605
-0.0041757 -0.0009338
-0.0041345 -0.0010118
-0.0042262 -0.0009948
-0.0038805 -0.0009932
-0.0039205 -0.0010513
-0.0039411 -0.0005148
-0.0036957 -0.0001122
-0.0037360  0.0004502
-0.0039323  0.0007748
-0.0038600  0.0008536
-0.0037676  0.0013885
-0.0039057  0.0013494
-0.0040430  0.0014608
-0.0036611  0.0015928
-0.0036792  0.0019166
-0.0036606  0.0016856
-0.0032339  0.0015116
-0.0032916  0.0015153
-0.0033671  0.0011152
-0.0034034  0.0008273
-0.0035354  0.0003707
-0.0035177  0.0002960
-0.0032225 -0.0000278
-0.0029722 -0.0002002
-0.0031413  0.0002621
-0.0027792  0.0006860
-0.0026439  0.0008035
-0.0030097  0.0009755
-0.0025313  0.0014391
-0.0027198  0.0016672
-0.0030295  0.0016433
-0.0026996  0.0018286
-0.0023899  0.0014430
-0.0020447  0.0010517
-0.0014310  0.0003819
-0.0008347 -0.0002944
-0.0005097 -0.0003888
-0.0000115 -0.0003348
 0.0004480 -0.0004333
 0.0004435 -0.0002250
 0.0004580  0.0000984
-0.0000075  0.0005789
-0.0000128  0.0008882
 0.0001955  0.0012172
 0.0001560  0.0009136
-0.0000499  0.0006286
 0.0003910  0.0005568
 0.0007196  0.0000400
 0.0009538  0.0001122
 0.0014731  0.0000396
 0.0021284  0.0001687
 0.0024578  0.0002257
 0.0028632  0.0002661
 0.0033300  0.0002657
 0.0029868  0.0007061
 0.0032622  0.0006488
 0.0032852  0.0007263
 0.0032105  0.0009758
 0.0033833  0.0008281
 0.0034992  0.0009650
 0.0035731  0.0009476
 0.0037079  0.0009319
 0.0035388  0.0009541
 0.0032525  0.0013183
 0.0034108  0.0010094
 0.0029732  0.0008528
 0.0026466  0.0008556
 0.0021149  0.0003537
 0.0020200  0.0001995
 0.0016554  0.0000440
 0.0015024 -0.0002850
 0.0011188 -0.0003666
 0.0009888 -0.0003077
 0.0006650 -0.0006182
 0.0006893 -0.0009634
 0.0004781 -0.0015185
 0.0005185 -0.0018464
 0.0003078 -0.0027467
 0.0000978 -0.0028634
 0.0003049 -0.0032623
 0.0003970 -0.0039902
 0.0004090 -0.0041671
 0.0007296 -0.0041679
 0.0012588 -0.0036923
 0.0014647 -0.0031141
 0.0015939 -0.0027136
 0.0019973 -0.0026179
 0.0019383 -0.0026930
 0.0019032 -0.0027314
 0.0018265 -0.0030750
 0.0018442 -0.0035764
 0.0017510 -0.0036358
 0.0015976 -0.0040206
 0.0016512 -0.0039588
 0.0013254 -0.0041639
 0.0010129 -0.0040641
 0.0013024 -0.0041315
 0.0015329 -0.0041080
 0.0017263 -0.0041815
 0.0014033 -0.0041028
 0.0014433 -0.0039683
 0.0015604 -0.0038690
 0.0013133 -0.0036764
 0.0014882 -0.0034487
 0.0013562 -0.0031774
 0.0014510 -0.0027147
 0.0010691 -0.0023182
 0.0005745 -0.0018398
 0.0000594 -0.0013205
-0.0009601 -0.0009023
-0.0016513 -0.0007137
-0.0019763 -0.0005983
-0.0023797 -0.0002769
-0.0025686 -0.0003524
-0.0026466 -0.0003177
-0.0021055 -0.0003763
-0.0014143 -0.0003956
-0.0015067 -0.0005535
-0.0009136 -0.0004982
-0.0010489 -0.0007102
-0.0013574 -0.0008983
-0.0016848 -0.0007978
-0.0019335 -0.0010287
-0.0021826 -0.0011599
-0.0018116 -0.0011962
-0.0017138 -0.0012172
-0.0014586 -0.0010642
-0.0010912 -0.0006241
-0.0008175 -0.0003557
-0.0006059 -0.0002353
-0.0006269 -0.0001380
-0.0003947  0.0000990
-0.0005336  0.0003304
-0.0008288  0.0003344
-0.0006193  0.0001055
-0.0006980  0.0002214
-0.0009681 -0.0000310
-0.0007166 -0.0003782
-0.0005446 -0.0004392
-0.0006992 -0.0003326
-0.0009685 -0.0008337
-0.0006658 -0.0006678
-0.0009734 -0.0007255
-0.0013598 -0.0007481
-0.0015956 -0.0009981
-0.0021363 -0.0010954
-0.0024439 -0.0011915
-0.0023705 -0.0012290
-0.0023927 -0.0010582
-0.0024645 -0.0005943
-0.0019441 -0.0002099
-0.0014797  0.0004825
-0.0015924  0.0010219
-0.0016873  0.0013114
-0.0017656  0.0018121
-0.0020910  0.0016239
-0.0023991  0.0012981
-0.0023434  0.0010700
-0.0024564  0.0008653
-0.0022291  0.0006748
-0.0018451  0.0009780
-0.0016328  0.0011843
-0.0012961  0.0016853
-0.0011620  0.0018549
-0.0010490  0.0022744
-0.0009558  0.0026785
-0.0010135  0.0027165
-0.0007413  0.0025279
-0.0005318  0.0022251
-0.0005681  0.0019171
-0.0003541  0.0014576
-0.0000844  0.0012271
-0.0000630  0.0007301
-0.0001147  0.0008798
 0.0002907  0.0007454
 0.0005443  0.0006860
 0.0007377  0.0005887
 0.0011927  0.0006255
 0.0010413  0.0002415
 0.0013635  0.0001821
 0.0013404 -0.0000876
 0.0016622 -0.0001873
 0.0017966 -0.0003246
 0.0019480 -0.0002156
 0.0019468 -0.0000691
 0.0019072  0.0003128
 0.0020990  0.0006358
 0.0022884  0.0009410
 0.0026509  0.0007529
 0.0026485  0.0008696
 0.0028039  0.0007755
 0.0032828  0.0006443
 0.0035129  0.0006072
 0.0036502  0.0001308
 0.0036292  0.0004934
 0.0031516  0.0006254
 0.0026372  0.0007594
 0.0024491  0.0004344
 0.0018354  0.0006847
 0.0014184  0.0004982
 0.0013231  0.0006496
 0.0009424  0.0003827
 0.0005382  0.0003283
 0.0004199  0.0005019
-0.0000222  0.0001938
-0.0002374  0.0002318
-0.0004119  0.0003113
-0.0002399  0.0001389
-0.0006024  0.0003315
-0.0004312  0.0007728
-0.0006178  0.0008285
-0.0007086  0.0008596
-0.0008616  0.0006641
-0.0011870  0.0004097
-0.0012794  0.0000556
-0.0013582 -0.0004099
-0.0013005 -0.0006586
-0.0016897 -0.0005630
-0.0014446 -0.0006219
-0.0013559 -0.0007555
-0.0012436 -0.0006768
-0.0010341 -0.0007184
-0.0005548 -0.0007749
-0.0003041 -0.0006001
 0.0001933 -0.0003481
 0.0004069 -0.0002512
 0.0004473  0.0004424
 0.0006019  0.0008308
 0.0005680  0.0011054
 0.0007396  0.0022194
 0.0004929  0.0022614
 0.0005180  0.0026074
 0.0001728  0.0029736
 0.0001195  0.0027810
-0.0002240  0.0025125
-0.0000121  0.0022226
-0.0000117  0.0017829
 0.0002399  0.0010207
 0.0000654  0.0008095
-0.0003573  0.0008120
 0.0000073  0.0007966
-0.0000504  0.0007212
-0.0000512  0.0003005
 0.0000436  0.0004369
 0.0004829  0.0005561
 0.0006355  0.0005205
 0.0011164  0.0004265
 0.0013082  0.0004446
 0.0013857  0.0000986
 0.0017503  0.0000792
 0.0016550 -0.0003253
 0.0017131 -0.0006717
 0.0016929 -0.0004993
 0.0016542 -0.0004392
 0.0017172 -0.0005869
 0.0010421 -0.0004714
 0.0008334 -0.0007783
 0.0007042 -0.0009709
 0.0007628 -0.0010920
 0.0002472 -0.0016331
 0.0006485 -0.0016969
 0.0005508 -0.0017595
 0.0006255 -0.0018964
 0.0005871 -0.0021859
 0.0007175 -0.0020898
 0.0009278 -0.0020874
 0.0013889 -0.0020086
 0.0017156 -0.0017434
 0.0019453 -0.0017979
 0.0019832 -0.0016836
 0.0020030 -0.0016073
 0.0017127 -0.0013017
 0.0015775 -0.0014926
 0.0015948 -0.0011495
 0.0015165 -0.0010364
 0.0016267 -0.0009811
 0.0015092 -0.0010970
 0.0015463 -0.0009613
 0.0011442 -0.0009456
 0.0011611 -0.0005782
 0.0008551 -0.0007477
 0.0008518 -0.0006331
 0.0009463 -0.0003844
 0.0013666 -0.0003416
 0.0017292 -0.0003981
 0.0023021 -0.0005329
 0.0027244 -0.0003226
 0.0029364 -0.0006262
 0.0027115 -0.0004562
 0.0023514 -0.0003977
 0.0022210 -0.0005923
 0.0014765 -0.0009952
 0.0010586 -0.0010372
 0.0004647 -0.0011345
-0.0000945 -0.0015173
-0.0006294 -0.0016893
-0.0009136 -0.0011329
-0.0009346 -0.0014789
-0.0012976 -0.0014612
-0.0014341 -0.0012520
-0.0014086 -0.0012924
-0.0016424 -0.0015613
-0.0012588 -0.0017717
-0.0010077 -0.0018516
-0.0008785 -0.0019618
-0.0010893 -0.0017862
-0.0008236 -0.0021306
-0.0008079 -0.0023571
-0.0008826 -0.0022783
-0.0008422 -0.0021624
-0.0007481 -0.0020252
-0.0004166 -0.0021184
 0.0004086 -0.0021002
 0.0008330 -0.0016222
 0.0016252 -0.0015830
 0.0019901 -0.0013364
 0.0021460 -0.0014341
 0.0024908 -0.0018399
 0.0026248 -0.0019219
 0.0031069 -0.0021552
 0.0036423 -0.0022873
 0.0036657 -0.0023999
 0.0036827 -0.0023207
 0.0041841 -0.0026227
 0.0038579 -0.0022343
 0.0033811 -0.0019440
 0.0026733 -0.0019399
 0.0022732 -0.0019932
 0.0019329 -0.0020307
 0.0015910 -0.0019722
 0.0012276 -0.0021309
 0.0013475 -0.0016884
 0.0016895 -0.0014005
 0.0019212 -0.0009423
 0.0022406 -0.0007666
 0.0020076 -0.0003241
 0.0020245 -0.0003273
 0.0019066 -0.0003055
 0.0016539 -0.0003677
 0.0014391 -0.0004247
 0.0011698 -0.0008082
 0.0010167 -0.0008684
 0.0007087 -0.0007174
 0.0008419 -0.0008321
 0.0007842 -0.0011587
 0.0005524 -0.0010747
 0.0004918 -0.0011889
 0.0004531 -0.0018381
 0.0003759 -0.0019875
 0.0005859 -0.0021748
 0.0006622 -0.0022281
 0.0007607 -0.0020718
 0.0007825 -0.0020298
 0.0006897 -0.0014702
 0.0009198 -0.0012982
 0.0009776 -0.0010467
 0.0007099 -0.0007612
 0.0005718 -0.0005105
 0.0003533 -0.0004713
 0.0002572 -0.0003187
-0.0001473 -0.0005666
-0.0002999 -0.0004108
-0.0008555 -0.0001806
-0.0011954 -0.0001818
-0.0015931 -0.0001686
-0.0016884  0.0000979
-0.0016076  0.0001326
-0.0016221 -0.0008671
-0.0016649 -0.0008489
-0.0017021 -0.0007718
-0.0015252 -0.0009611
-0.0015587 -0.0007891
-0.0017489 -0.0003454
-0.0018530 -0.0003717
-0.0020843  0.0001237
-0.0021364  0.0003889
-0.0022906  0.0007692
-0.0025268  0.0006864
-0.0019749  0.0006610
-0.0022297  0.0005641
-0.0020840  0.0003125
-0.0018991  0.0000646
-0.0022896 -0.0002434
-0.0022896 -0.0004154
-0.0023114 -0.0004493
-0.0023885 -0.0004869
-0.0025222 -0.0002506
-0.0020986 -0.0000568
-0.0019242  0.0003994
-0.0016351  0.0009198
-0.0013844  0.0010720
-0.0012136  0.0013010
-0.0010796  0.0015678
-0.0017554  0.0017798
-0.0016242  0.0017761
-0.0018754  0.0017564
-0.0022109  0.0021399
-0.0025194  0.0018726
-0.0023919  0.0021811
-0.0026874  0.0022760
-0.0028772  0.0023184
-0.0026519  0.0019203
-0.0018093  0.0022114
-0.0015594  0.0019987
-0.0005827  0.0021186
 0.0001481  0.0024460
 0.0005692  0.0024626
 0.0007424  0.0027093
 0.0009503  0.0025138
 0.0010117  0.0026010
 0.0011659  0.0020022
 0.0013621  0.0017672
 0.0017053  0.0018374
 0.0015556  0.0013190
 0.0015972  0.0008171
 0.0014639  0.0006443
 0.0013876  0.0004711
 0.0010852 -0.0001062
 0.0011018  0.0000254
 0.0013509  0.0000803
 0.0014672 -0.0002835
 0.0017563  0.0000754
 0.0018689  0.0001364
 0.0020986  0.0001170
 0.0021378  0.0004077
 0.0020982  0.0002353
 0.0018866  0.0002006
 0.0020025 -0.0000085
 0.0020966 -0.0003695
 0.0021886  0.0000714
 0.0024002 -0.0002128
 0.0024184 -0.0001579
 0.0022803  0.0000375
 0.0023558 -0.0001340
 0.0021260 -0.0003638
 0.0017198 -0.0003460
 0.0016605 -0.0001518
 0.0011235 -0.0004038
 0.0006220 -0.0003266
 0.0004625  0.0000577
 0.0003866  0.0003424
 0.0004423  0.0008014
 0.0005396  0.0007994
 0.0002538  0.0009706
 0.0001040  0.0009302
-0.0001047  0.0007404
-0.0007939  0.0005870
-0.0009865  0.0003775
-0.0010410  0.0001126
-0.0015598  0.0001514
-0.0017338  0.0000581
-0.0015090  0.0000585
-0.0016232  0.0002318
-0.0015836  0.0007494
-0.0020435  0.0006125
-0.0022712  0.0008047
-0.0024218  0.0008192
-0.0026693  0.0006859
-0.0028986  0.0003642
-0.0029160  0.0005984
-0.0029111  0.0002334
-0.0027960  0.0003917
-0.0027411  0.0002168
-0.0027799 -0.0000512
-0.0029547 -0.0002257
-0.0025534 -0.0005309
-0.0019421 -0.0008200
-0.0017726 -0.0009504
-0.0011032 -0.0010210
-0.0006611 -0.0010174
-0.0002957 -0.0007828
-0.0000696 -0.0001876
-0.0004326 -0.0000528
-0.0003010  0.0003502
-0.0004911  0.0004095
-0.0007576  0.0005395
-0.0013321  0.0007115
-0.0016188  0.0005024
-0.0014427  0.0001172
-0.0012146  0.0001394
-0.0009267 -0.0000701
-0.0007341 -0.0001440
-0.0001951  0.0001233
 0.0001142  0.0002173
 0.0002676  0.0006239
 0.0001129  0.0011016
-0.0001725  0.0010055
-0.0006517  0.0016567
-0.0007680  0.0017326
-0.0011706  0.0014996
-0.0015509  0.0016478
-0.0015896  0.0017184
-0.0016417  0.0013328
-0.0018145  0.0015415
-0.0019328  0.0014620
-0.0019110  0.0012492
-0.0017770  0.0010736
-0.0015145  0.0011866
-0.0011314  0.0008030
-0.0007495  0.0008975
-0.0002545  0.0007804
-0.0002161  0.0010093
 0.0001852  0.0012799
 0.0000532  0.0017062
 0.0000681  0.0020514
-0.0004919  0.0023199
-0.0006849  0.0025557
-0.0011674  0.0023123
-0.0015283  0.0026418
-0.0008610  0.0023333
-0.0008606  0.0020644
-0.0009413  0.0020281
-0.0005929  0.0020846
-0.0005182  0.0019897
-0.0004262  0.0022970
-0.0003293  0.0026252
 0.0000737  0.0026042
 0.0001504  0.0033148
 0.0005739  0.0036605
 0.0007508  0.0040040
 0.0007883  0.0043105
 0.0011348  0.0045842
 0.0009991  0.0045851
 0.0009046  0.0044781
 0.0010246  0.0040360
 0.0007993  0.0037110
 0.0010516  0.0034421
 0.0016464  0.0037102
 0.0017280  0.0036294
 0.0019383  0.0038365
 0.0021297  0.0035009
 0.0020303  0.0032655
 0.0015487  0.0031868
 0.0014158  0.0027019
 0.0007662  0.0024734
 0.0005942  0.0023381
 0.0001207  0.0015891
 0.0002523  0.0014357
 0.0000019  0.0010328
 0.0005393  0.0007094
 0.0008050  0.0005955
 0.0013424  0.0006904
 0.0017469  0.0003089
 0.0020905  0.0004998
 0.0028956  0.0006549
 0.0028613  0.0006920
 0.0031334  0.0008854
 0.0028270  0.0011333
 0.0025803  0.0017301
 0.0025254  0.0020490
 0.0020651  0.0022198
 0.0017026  0.0023744
 0.0017575  0.0024879
 0.0014139  0.0020482
 0.0014894  0.0021225
 0.0011850  0.0016594
 0.0013755  0.0009439
 0.0012464  0.0004065
 0.0011894 -0.0000441
 0.0012863 -0.0010103
 0.0012104 -0.0012054
 0.0012339 -0.0016923
 0.0011370 -0.0016968
 0.0009501 -0.0016807
 0.0006606 -0.0012385
 0.0006028 -0.0010674
 0.0001975 -0.0007799
 0.0002322 -0.0007161
-0.0005184 -0.0002501
-0.0006359 -0.0000716
-0.0005055  0.0003568
-0.0007546  0.0006487
-0.0004676  0.0009963
-0.0003937  0.0011542
-0.0002976  0.0010606
-0.0001672  0.0009694
-0.0004365  0.0003387
-0.0006477  0.0001280
-0.0003053 -0.0001773
-0.0003086 -0.0008697
-0.0001560 -0.0012182
-0.0001947 -0.0014342
 0.0001703 -0.0014738
 0.0001909 -0.0013236
 0.0005171 -0.0007890
 0.0009802 -0.0005754
 0.0008292 -0.0005565
 0.0011151 -0.0000360
 0.0009055 -0.0003194
 0.0007327 -0.0003562
 0.0008272 -0.0006589
 0.0006895 -0.0010627
 0.0008651 -0.0011196
 0.0006524 -0.0009484
 0.0005611 -0.0006832
 0.0001194 -0.0002229
-0.0000114 -0.0001325
-0.0000453  0.0004598
-0.0002758  0.0007666
-0.0004276  0.0011473
-0.0008099  0.0014175
-0.0010207  0.0013617
-0.0010796  0.0012879
-0.0013845  0.0006580
-0.0015214  0.0007549
-0.0017135  0.0006617
-0.0018250  0.0004303
-0.0019598  0.0005050
-0.0013021  0.0003879
-0.0018378  0.0004238
-0.0015859  0.0003871
-0.0016255  0.0002345
-0.0014486  0.0000641
-0.0014696  0.0000488
-0.0011813  0.0001853
-0.0010671 -0.0001385
-0.0009569 -0.0006359
-0.0009044 -0.0006004
-0.0007765 -0.0008112
-0.0007817 -0.0007962
-0.0006893 -0.0008750
-0.0010971 -0.0010127
-0.0008153 -0.0010672
-0.0010463 -0.0013538
-0.0011036 -0.0015852
-0.0013531 -0.0017919
-0.0011185 -0.0021532
-0.0010967 -0.0021706
-0.0008447 -0.0016485
-0.0012428 -0.0017632
-0.0008871 -0.0011491
-0.0001369 -0.0014390
-0.0000747 -0.0013832
 0.0006767 -0.0017244
 0.0015181 -0.0018205
 0.0017305 -0.0022610
 0.0020365 -0.0029441
 0.0022275 -0.0031560
 0.0023850 -0.0035941
 0.0020777 -0.0041282
 0.0022517 -0.0040495
 0.0021350 -0.0039728
 0.0024068 -0.0038787
 0.0021391 -0.0035154
 0.0019300 -0.0032509
 0.0017765 -0.0027717
 0.0017774 -0.0026586
 0.0018363 -0.0026429
 0.0023119 -0.0022408
 0.0025380 -0.0026643
 0.0029534 -0.0026478
 0.0034863 -0.0026147
 0.0035816 -0.0027302
 0.0031205 -0.0027165
 0.0031597 -0.0025857
 0.0027947 -0.0021678
 0.0024721 -0.0019203
 0.0022589 -0.0015602
 0.0021483 -0.0014278
 0.0018213 -0.0010079
 0.0015338 -0.0009720
 0.0015379 -0.0012203
 0.0015589 -0.0015712
 0.0017160 -0.0017238
 0.0016805 -0.0021869
 0.0024653 -0.0020347
 0.0028319 -0.0023436
 0.0029858 -0.0023674
 0.0029224 -0.0019661
 0.0035550 -0.0019875
 0.0035567 -0.0019487
 0.0035748 -0.0015244
 0.0033620 -0.0015434
 0.0026943 -0.0013273
 0.0024876 -0.0013031
 0.0017063 -0.0014739
 0.0013854 -0.0014314
 0.0008504 -0.0015041
 0.0007176 -0.0018085
 0.0010047 -0.0020592
 0.0015404 -0.0021739
 0.0020750 -0.0023431
 0.0025522 -0.0023620
 0.0026644 -0.0023241
 0.0029555 -0.0023794
 0.0029349 -0.0024734
 0.0024755 -0.0022029
 0.0022296 -0.0022397
 0.0012913 -0.0020273
 0.0007160 -0.0017580
 0.0002379 -0.0014871
 0.0002945 -0.0015791
-0.0002050 -0.0015238
-0.0002272 -0.0015609
 0.0002327 -0.0016219
 0.0003667 -0.0016405
 0.0003853 -0.0019106
 0.0006546 -0.0020673
 0.0009990 -0.0020487
 0.0008245 -0.0023410
 0.0009768 -0.0026305
 0.0008427 -0.0027686
 0.0006509 -0.0027464
 0.0006723 -0.0025312
 0.0008262 -0.0024674
 0.0002565 -0.0019025
 0.0001431 -0.0018584
 0.0001112 -0.0018144
-0.0002489 -0.0012936
-0.0003244 -0.0013339
-0.0003579 -0.0013186
-0.0000700 -0.0011313
-0.0004597 -0.0010046
-0.0005392 -0.0008980
-0.0005078 -0.0005621
-0.0006483 -0.0002800
-0.0010581 -0.0002109
-0.0013311 -0.0005174
-0.0017203 -0.0007047
-0.0019497 -0.0012635
-0.0019323 -0.0016955
-0.0017983 -0.0016910
-0.0019666 -0.0020528
-0.0018499 -0.0020248
-0.0015419 -0.0019449
-0.0016937 -0.0023099
-0.0012334 -0.0024964
-0.0008139 -0.0025904
-0.0005809 -0.0032784
-0.0002055 -0.0034064
 0.0006125 -0.0035808
 0.0004776 -0.0035618
 0.0007772 -0.0030414
 0.0003920 -0.0023712
 0.0000839 -0.0018887
-0.0000320 -0.0013703
-0.0002613 -0.0014865
-0.0003005 -0.0012383
-0.0002790 -0.0014474
-0.0003909 -0.0018717
-0.0003719 -0.0019460
-0.0005475 -0.0021766
-0.0005080 -0.0024244
-0.0005071 -0.0024269
-0.0003965 -0.0025234
-0.0006618 -0.0026025
-0.0009085 -0.0025266
-0.0010586 -0.0024358
-0.0010162 -0.0025331
-0.0014930 -0.0021899
-0.0016477 -0.0019017
-0.0017595 -0.0019021
-0.0020345 -0.0015124
-0.0023062 -0.0016452
-0.0024048 -0.0017732
-0.0023135 -0.0019238
-0.0022001 -0.0017881
-0.0021222 -0.0019799
-0.0018524 -0.0020772
-0.0010680 -0.0016194
-0.0009097 -0.0012972
-0.0006610 -0.0007243
-0.0004296 -0.0006698
-0.0002387 -0.0003872
 0.0003758 -0.0000182
 0.0006633  0.0001344
 0.0014539  0.0003646
 0.0015076  0.0008681
 0.0019101  0.0011535
 0.0018532  0.0014216
 0.0022335  0.0015746
 0.0024038  0.0015738
 0.0022274  0.0016315
 0.0027079  0.0016897
 0.0026550  0.0014797
 0.0026825  0.0015201
 0.0026647  0.0015968
 0.0023850  0.0015581
 0.0020648  0.0015209
 0.0016276  0.0018113
 0.0011657  0.0015230
 0.0008972  0.0014479
 0.0004724  0.0013881
-0.0001090  0.0010437
 0.0001344  0.0008544
 0.0002083  0.0007199
-0.0000416  0.0004321
 0.0005313  0.0006255
 0.0006278  0.0006622
 0.0008034  0.0005620
 0.0010736  0.0007926
 0.0010409  0.0009795
 0.0008297  0.0008979
 0.0001030  0.0007255
-0.0003359  0.0004962
-0.0010424  0.0004211
-0.0015980  0.0003497
-0.0021341 -0.0000678
-0.0024571 -0.0001219
-0.0027450 -0.0003690
-0.0025516 -0.0002672
-0.0021276 -0.0004755
-0.0021648 -0.0005139
-0.0018559 -0.0003406
-0.0016629 -0.0002664
-0.0014138 -0.0003463
-0.0012773 -0.0007360
-0.0010113 -0.0003024
-0.0013775  0.0000759
-0.0017816 -0.0002314
-0.0014788 -0.0001357
-0.0016755 -0.0002644
-0.0015269 -0.0005870
-0.0012613 -0.0005583
-0.0006714 -0.0004222
-0.0006529 -0.0006515
-0.0005967 -0.0005587
-0.0005035 -0.0002910
-0.0008701 -0.0005603
-0.0014483 -0.0005442
-0.0016595 -0.0006601
-0.0020612 -0.0006019
-0.0027895 -0.0006411
-0.0031876 -0.0007929
-0.0034706 -0.0005777
-0.0040411 -0.0004190
-0.0043871 -0.0005365
-0.0042667 -0.0008009
-0.0042078 -0.0008235
-0.0040330 -0.0011526
-0.0035553 -0.0014046
-0.0027680 -0.0014243
-0.0023215 -0.0017183
-0.0015547 -0.0020680
-0.0010182 -0.0020131
-0.0005559 -0.0020753
-0.0003879 -0.0020430
-0.0000391 -0.0019885
-0.0005203 -0.0013983
-0.0008647 -0.0012465
-0.0010169 -0.0009033
-0.0014191 -0.0004455
-0.0017614  0.0000883
-0.0018765  0.0005712
-0.0017009  0.0011473
-0.0017053  0.0017049
-0.0013811  0.0023392
-0.0011889  0.0023227
-0.0009414  0.0025779
-0.0005967  0.0027572
-0.0005183  0.0028392
-0.0005353  0.0028997
-0.0005752  0.0032239
-0.0002833  0.0028387
-0.0004190  0.0027192
-0.0002680  0.0028141
-0.0002107  0.0024253
-0.0000419  0.0021333
 0.0004555  0.0024596
 0.0002799  0.0020703
 0.0006650  0.0017671
 0.0007405  0.0017465
 0.0006279  0.0017284
 0.0008576  0.0016141
 0.0012069  0.0014784
 0.0014568  0.0017647
 0.0016886  0.0018365
 0.0027448  0.0021615
 0.0033044  0.0025822
 0.0041135  0.0027126
 0.0044801  0.0033098
 0.0048072  0.0033671
 0.0047276  0.0037523
 0.0043981  0.0038108
 0.0042193  0.0039279
 0.0036164  0.0040487
 0.0031343  0.0042239
 0.0023478  0.0044763
 0.0017297  0.0047464
 0.0011741  0.0044028
 0.0007510  0.0044044
 0.0011333  0.0049010
 0.0011519  0.0045163
 0.0008806  0.0044234
 0.0009012  0.0043265
 0.0006129  0.0041121
 0.0006545  0.0038650
 0.0006367  0.0034213
 0.0005229  0.0034023
 0.0007765  0.0028637
 0.0009880  0.0025359
 0.0013159  0.0024620
 0.0018161  0.0019056
 0.0019171  0.0008861
 0.0020503  0.0003322
 0.0022207 -0.0000501
 0.0019712 -0.0007405
 0.0021415 -0.0013328
 0.0022134 -0.0011592
 0.0022736 -0.0014434
 0.0019667 -0.0010978
 0.0020026 -0.0007708
 0.0021775 -0.0006767
 0.0027153 -0.0005245
 0.0025041 -0.0001413
 0.0026559 -0.0000671
 0.0032813  0.0000855
 0.0034137  0.0001057
 0.0034694 -0.0003739
 0.0035937 -0.0001991
 0.0031710 -0.0005818
 0.0027874 -0.0008709
 0.0023049 -0.0009452
 0.0018438 -0.0012319
 0.0010949 -0.0011208
 0.0004016 -0.0010215
 0.0000746 -0.0007320
-0.0006917 -0.0006230
-0.0011903 -0.0006610
-0.0012303 -0.0003925
-0.0016325 -0.0003913
-0.0014621 -0.0002023
-0.0013886 -0.0004288
-0.0012509 -0.0004845
-0.0009498 -0.0007712
-0.0005650 -0.0013098
-0.0002743 -0.0015791
-0.0000760 -0.0016736
 0.0002922 -0.0016227
 0.0005115 -0.0018706
 0.0006331 -0.0018541
 0.0006573 -0.0019502
 0.0010429 -0.0019502
 0.0012565 -0.0018549
 0.0014495 -0.0015117
 0.0016405 -0.0011414
 0.0017753 -0.0009501
 0.0020999 -0.0007001
 0.0023276 -0.0003392
 0.0020402 -0.0002811
 0.0018847 -0.0006311
 0.0017866 -0.0005771
 0.0019170 -0.0007935
 0.0018197 -0.0005852
 0.0020284 -0.0002969
 0.0016242  0.0001815
 0.0012601  0.0005122
 0.0012015  0.0008946
 0.0008373  0.0012030
 0.0000941  0.0018353
 0.0001732  0.0018325
-0.0000121  0.0021224
-0.0000686  0.0024272
 0.0003348  0.0024825
 0.0005253  0.0024458
 0.0006997  0.0020408
 0.0008532  0.0015030
 0.0008116  0.0014844
 0.0008273  0.0011772
 0.0007078  0.0010613
 0.0003920  0.0017739
 0.0006395  0.0014732
 0.0003887  0.0015745
 0.0002357  0.0018648
 0.0004671  0.0019270
 0.0005474  0.0019464
 0.0008163  0.0016985
 0.0009536  0.0015681
 0.0012605  0.0012633
 0.0014745  0.0010768
 0.0017966  0.0010599
 0.0018168  0.0011568
 0.0014955  0.0009552
 0.0014769  0.0009895
 0.0010925  0.0009992
 0.0010203  0.0011090
 0.0010248  0.0010105
 0.0009291  0.0011037
 0.0011394  0.0010888
 0.0014051  0.0009564
 0.0017313  0.0008203
 0.0019259  0.0005881
 0.0020385  0.0003604
 0.0021726  0.0002054
 0.0021528  0.0001452
 0.0024984  0.0001493
 0.0023454  0.0003810
 0.0022097  0.0005534
 0.0022856  0.0007626
 0.0023426  0.0009354
 0.0018794  0.0015276
 0.0021302  0.0016827
 0.0018431  0.0015305
 0.0020502  0.0014760
 0.0022234  0.0015725
 0.0021273  0.0013270
 0.0020684  0.0013525
 0.0022383  0.0011430
 0.0020490  0.0006447
 0.0020119  0.0003145
 0.0017232  0.0005446
 0.0011697 -0.0001503
 0.0011907 -0.0003271
 0.0010542 -0.0003845
 0.0007284 -0.0008443
 0.0011858 -0.0008641
 0.0011866 -0.0007119
 0.0009734 -0.0004240
 0.0015693 -0.0001297
 0.0015318  0.0002147
 0.0017317  0.0003879
 0.0021157  0.0004679
 0.0024641  0.0003496
 0.0027693  0.0005426
 0.0033851  0.0005619
 0.0032316  0.0002769
 0.0034416 -0.0001624
 0.0035962 -0.0006242
 0.0035405 -0.0011208
 0.0033229 -0.0013897
 0.0035361 -0.0014055
 0.0032449 -0.0015787
 0.0029195 -0.0015209
 0.0026115 -0.0013651
 0.0023417 -0.0011495
 0.0017680 -0.0007784
 0.0013223 -0.0007194
 0.0010509 -0.0005066
 0.0009379 -0.0005830
 0.0007845 -0.0007901
 0.0006141 -0.0008268
 0.0003258 -0.0009245
 0.0006351 -0.0012083
 0.0002564 -0.0015362
 0.0003570 -0.0015148
 0.0004753 -0.0018030
 0.0002884 -0.0019577
 0.0004430 -0.0019177
 0.0006211 -0.0020562
 0.0004681 -0.0020796
 0.0011585 -0.0022730
 0.0016551 -0.0016242
 0.0017322 -0.0019707
 0.0019575 -0.0018548
 0.0018985 -0.0018338
 0.0016659 -0.0018181
 0.0010490 -0.0018322
 0.0008891 -0.0021616
 0.0007155 -0.0024301
 0.0006549 -0.0022581
 0.0005535 -0.0022226
 0.0005725 -0.0018411
 0.0008575 -0.0017454
 0.0010675 -0.0012229
 0.0012593 -0.0010679
 0.0015624 -0.0006472
 0.0016214 -0.0002834
 0.0018709 -0.0002043
 0.0017312  0.0003711
 0.0012326  0.0000255
 0.0014792 -0.0000113
 0.0017490 -0.0002382
 0.0014042 -0.0004877
 0.0019621 -0.0001186
 0.0023494 -0.0001949
 0.0025278  0.0003202
 0.0028565  0.0007987
 0.0027043  0.0015811
 0.0024976  0.0024778
 0.0021346  0.0028585
 0.0017486  0.0030116
 0.0014402  0.0032570
 0.0013086  0.0031440
 0.0010021  0.0030636
 0.0008911  0.0027955
 0.0009081  0.0029796
 0.0008136  0.0027107
 0.0005851  0.0028370
 0.0002160  0.0030268
 0.0002342  0.0031362
-0.0004401  0.0032666
-0.0003827  0.0032851
-0.0006722  0.0030603
-0.0015322  0.0029307
-0.0015742  0.0025359
-0.0018798  0.0019307
-0.0021286  0.0017805
-0.0020563  0.0014781
-0.0018476  0.0013271
-0.0019086  0.0009662
-0.0013369  0.0007336
-0.0013752  0.0001393
-0.0010002 -0.0000549
-0.0011504 -0.0006484
-0.0010357 -0.0008620
-0.0005758 -0.0011854
-0.0002649 -0.0011264
-0.0002859 -0.0010691
 0.0006940 -0.0008716
 0.0013073 -0.0004881
 0.0016872 -0.0000605
 0.0022378  0.0008076
 0.0023129  0.0014613
 0.0023141  0.0015235
 0.0025031  0.0018158
 0.0020436  0.0017213
 0.0017429  0.0019919
 0.0012446  0.0018594
 0.0004791  0.0016838
 0.0002313  0.0013152
-0.0002516  0.0008177
-0.0010151  0.0009849
-0.0009339  0.0006409
-0.0012024  0.0006732
-0.0012771  0.0006695
-0.0010231  0.0007644
-0.0006198  0.0008778
-0.0002148  0.0009521
 0.0001700  0.0012787
 0.0007275  0.0013365
 0.0009383  0.0013954
 0.0010170  0.0014528
 0.0012472  0.0015282
 0.0011176  0.0015819
 0.0006016  0.0016954
 0.0003331  0.0013877
-0.0001453  0.0013494
-0.0003767  0.0010796
-0.0005111  0.0010191
-0.0004283  0.0003662
-0.0003169  0.0002293
 0.0001075 -0.0001236
 0.0003533  0.0001049
 0.0001413  0.0001433
 0.0001740 -0.0002823
 0.0000816 -0.0000501
 0.0002148 -0.0005483
 0.0004050 -0.0004131
 0.0000949 -0.0005798
 0.0003040 -0.0008455
 0.0001312 -0.0009936
 0.0001490 -0.0013945
 0.0002987 -0.0015080
-0.0000424 -0.0017397
-0.0002322 -0.0018552
-0.0002705 -0.0017001
-0.0005410 -0.0017434
-0.0006351 -0.0019776
-0.0003109 -0.0016501
-0.0000049 -0.0018451
 0.0000706 -0.0019437
 0.0002026 -0.0022162
-0.0001462 -0.0018759
-0.0003784 -0.0019901
-0.0008189 -0.0021517
-0.0013962 -0.0021731
-0.0017196 -0.0021541
-0.0023382 -0.0021957
-0.0028776 -0.0022373
-0.0028603 -0.0022139
-0.0030738 -0.0021739
-0.0029774 -0.0022514
-0.0025781 -0.0019991
-0.0021933 -0.0025369
-0.0019062 -0.0023681
-0.0015626 -0.0024020
-0.0012562 -0.0021566
-0.0010067 -0.0021529
-0.0006292 -0.0015953
-0.0006082 -0.0015000
-0.0006539 -0.0014011
-0.0008263 -0.0006340
-0.0011715 -0.0005746
-0.0014008 -0.0004410
-0.0017823 -0.0004571
-0.0022947  0.0000205
-0.0026164  0.0001013
-0.0026729  0.0002010
-0.0027864 -0.0000291
-0.0028247  0.0001667
-0.0028453  0.0001276
-0.0026338  0.0000727
-0.0028110  0.0003391
-0.0026209  0.0002224
-0.0027162  0.0003359
-0.0026984  0.0005607
-0.0025846  0.0006750
-0.0024469  0.0006305
-0.0022567  0.0007205
-0.0022761  0.0005276
-0.0021994  0.0004896
-0.0018699  0.0005477
-0.0014484  0.0009721
-0.0013454  0.0011288
-0.0011718  0.0013230
-0.0006897  0.0016472
-0.0004175  0.0014397
-0.0005508  0.0013803
-0.0004159  0.0010920
-0.0008907  0.0004432
-0.0007760  0.0004646
-0.0015811  0.0001384
-0.0016013  0.0004852
-0.0019259  0.0007558
-0.0017341  0.0011199
-0.0022105  0.0012350
-0.0017680  0.0014486
-0.0015508  0.0013460
-0.0011817  0.0014175
-0.0013146  0.0015103
-0.0010642  0.0017227
-0.0008724  0.0015813
-0.0011462  0.0021353
-0.0014175  0.0020977
-0.0017301  0.0022705
-0.0020797  0.0025923
-0.0025235  0.0024025
-0.0025465  0.0025737
-0.0026628  0.0024437
-0.0027924  0.0019637
-0.0026030  0.0018922
-0.0021355  0.0016674
-0.0019041  0.0013553
-0.0013477  0.0014583
-0.0008463  0.0012165
-0.0007300  0.0010102
-0.0002879  0.0011657
-0.0003242  0.0011100
-0.0000933  0.0009982
 0.0002544  0.0008431
 0.0003117  0.0004361
 0.0007801  0.0005334
 0.0011653  0.0002254
 0.0014391 -0.0003916
 0.0014968 -0.0008692
 0.0019244 -0.0012564
 0.0017847 -0.0011987
 0.0020160 -0.0013505
 0.0014164 -0.0011216
 0.0012622 -0.0011228
 0.0013296 -0.0006068
 0.0011172 -0.0004970
 0.0010740 -0.0003291
 0.0011268  0.0000718
 0.0015649  0.0002430
 0.0015479  0.0003969
 0.0015273  0.0006896
 0.0013198  0.0007877
 0.0010772  0.0008685
 0.0009266  0.0012137
 0.0012985  0.0013469
 0.0010543  0.0012096
 0.0016094  0.0011107
 0.0019720  0.0012411
 0.0023555  0.0007792
 0.0022768  0.0002192
 0.0026967 -0.0001244
 0.0026789 -0.0001434
 0.0026793 -0.0007583
 0.0023551 -0.0008754
 0.0024726 -0.0010300
 0.0021492 -0.0010926
 0.0022853 -0.0013276
 0.0020507 -0.0013083
 0.0020475 -0.0011387
 0.0022554 -0.0013846
 0.0021577 -0.0015969
 0.0024629 -0.0017612
 0.0024468 -0.0017176
 0.0025622 -0.0015432
 0.0024104 -0.0016340
 0.0022817 -0.0016150
 0.0019744 -0.0014591
 0.0011855 -0.0015351
 0.0008007 -0.0021273
 0.0001482 -0.0022638
-0.0001574 -0.0027055
-0.0002123 -0.0030148
-0.0003616 -0.0033075
-0.0003753 -0.0030233
-0.0000854 -0.0030678
 0.0001826 -0.0027056
 0.0001665 -0.0027480
 0.0006098 -0.0021925
 0.0004524 -0.0020031
 0.0003575 -0.0019874
 0.0003748 -0.0018752
 0.0003151 -0.0019935
 0.0001394 -0.0017662
 0.0005189 -0.0017480
 0.0003622 -0.0013855
 0.0003158 -0.0012110
 0.0002762 -0.0008036
-0.0001106 -0.0004742
 0.0000226 -0.0005214
-0.0006476 -0.0001560
-0.0009165  0.0003302
-0.0013727  0.0008668
-0.0018107  0.0012528
-0.0021519  0.0013662
-0.0023017  0.0019209
-0.0022237  0.0017090
-0.0022807  0.0016706
-0.0020885  0.0014441
-0.0016872  0.0010969
-0.0015023  0.0009282
-0.0012536  0.0005264
-0.0009302  0.0003750
-0.0005462  0.0005511
-0.0007013  0.0004530
-0.0002785  0.0005664
-0.0004513  0.0004340
-0.0000076  0.0003197
 0.0000711  0.0003973
 0.0007817  0.0005701
 0.0010474  0.0006092
 0.0013760  0.0005309
 0.0019279  0.0001845
 0.0015585  0.0001675
 0.0013618  0.0001284
 0.0010522 -0.0000210
 0.0003702 -0.0001930
-0.0003776  0.0000577
-0.0006105  0.0002661
-0.0012836  0.0004558
-0.0011088  0.0007186
-0.0010870  0.0009649
-0.0012614  0.0012693
-0.0010498  0.0017408
-0.0010458  0.0018708
-0.0008540  0.0018716
-0.0007781  0.0017553
-0.0007199  0.0015672
-0.0006255  0.0010710
-0.0004696  0.0008603
 0.0001857  0.0003072
 0.0006092  0.0003063
 0.0011499  0.0003612
 0.0014236 -0.0000990
 0.0014390  0.0004339
 0.0014192  0.0004912
 0.0013243  0.0006636
 0.0012064  0.0010666
 0.0011903  0.0011639
 0.0010376  0.0013754
 0.0010380  0.0015091
 0.0010631  0.0019282
 0.0014099  0.0018890
 0.0013353  0.0020779
 0.0013373  0.0019237
 0.0011818  0.0016927
 0.0011039  0.0014081
 0.0010655  0.0010496
 0.0010676  0.0009180
 0.0008552  0.0007093
 0.0004894  0.0006540
 0.0001813  0.0006560
-0.0002208  0.0006936
-0.0010077  0.0005967
-0.0014341  0.0005365
-0.0018584  0.0000932
-0.0021112 -0.0004818
-0.0023850 -0.0008670
-0.0020575 -0.0013672
-0.0018859 -0.0019454
-0.0013845 -0.0023310
-0.0008079 -0.0024065
-0.0002326 -0.0026960
 0.0002095 -0.0026766
 0.0004966 -0.0022183
 0.0005160 -0.0017415
 0.0006868 -0.0009171
 0.0003585 -0.0006708
 0.0003197 -0.0001350
-0.0000840  0.0003450
-0.0005439 -0.0001483
-0.0007365 -0.0001443
-0.0007357 -0.0007345
-0.0008366 -0.0016531
-0.0008940 -0.0019191
-0.0002435 -0.0024169
 0.0005030 -0.0026273
 0.0010057 -0.0028380
 0.0010654 -0.0027605
 0.0015330 -0.0026628
 0.0016574 -0.0025090
 0.0015480 -0.0021395
 0.0015755 -0.0019635
 0.0015227 -0.0018250
 0.0012946 -0.0014369
 0.0011815 -0.0014357
 0.0010879 -0.0009557
 0.0012578 -0.0009420
 0.0013325 -0.0005463
 0.0015223 -0.0003610
 0.0017491 -0.0002496
 0.0018618 -0.0002359
 0.0018194  0.0000346
 0.0014544 -0.0001580
 0.0012614 -0.0003518
 0.0009888 -0.0003518
 0.0000856 -0.0006974
-0.0001284 -0.0007923
-0.0004929 -0.0010406
-0.0007271 -0.0011565
-0.0008406 -0.0018036
-0.0008781 -0.0017233
-0.0007182 -0.0022954
-0.0009302 -0.0023087
-0.0011950 -0.0024774
-0.0009414 -0.0027390
-0.0010351 -0.0029845
-0.0013004 -0.0032550
-0.0012434 -0.0032925
-0.0012176 -0.0031750
-0.0009846 -0.0033507
-0.0007685 -0.0032946
-0.0004964 -0.0030806
-0.0003757 -0.0031771
 0.0001287 -0.0030761
 0.0003414 -0.0031512
 0.0005934 -0.0030745
 0.0009366 -0.0026950
 0.0013161 -0.0031815
 0.0017880 -0.0028630
 0.0022567 -0.0028089
 0.0028098 -0.0026785
 0.0033230 -0.0026426
 0.0035709 -0.0025138
 0.0039536 -0.0025748
 0.0040856 -0.0020556
 0.0041995 -0.0015767
 0.0037359 -0.0011153
 0.0036952 -0.0008847
 0.0032894 -0.0001911
 0.0030746  0.0000387
 0.0031109  0.0001368
 0.0030301  0.0003076
 0.0028896 -0.0000013
 0.0026332  0.0002111
 0.0021454 -0.0001919
 0.0014303 -0.0001878
 0.0008518 -0.0003545
 0.0001395 -0.0006379
 0.0002154 -0.0009399
-0.0003167 -0.0007627
 0.0000120 -0.0011797
 0.0001485 -0.0011220
 0.0000548 -0.0011203
 0.0004371 -0.0012588
 0.0006075 -0.0009726
 0.0007004 -0.0007671
 0.0010040 -0.0004033
 0.0010233  0.0001918
 0.0010221  0.0003436
 0.0012712  0.0008402
 0.0011376  0.0010699
 0.0009866  0.0009904
 0.0009107  0.0005854
 0.0010088  0.0004683
 0.0011457  0.0000815
 0.0014679  0.0005018
 0.0015224  0.0008482
 0.0016177  0.0008837
 0.0019778  0.0010392
 0.0020557  0.0010379
 0.0022051  0.0008272
 0.0027061  0.0005208
 0.0028830  0.0003900
 0.0037305  0.0000278
 0.0043244 -0.0002172
 0.0045408 -0.0003493
 0.0044411 -0.0009399
 0.0046700 -0.0010295
 0.0043426 -0.0013335
 0.0040147 -0.0014445
 0.0040757 -0.0019420
 0.0037907 -0.0020736
 0.0036046 -0.0022706
 0.0037798 -0.0023481
 0.0032497 -0.0022622
 0.0032287 -0.0026106
 0.0035355 -0.0021177
 0.0031665 -0.0021569
 0.0034729 -0.0019437
 0.0032622 -0.0012674
 0.0030110 -0.0009193
 0.0028201 -0.0005915
 0.0024745 -0.0006823
 0.0023433 -0.0003347
 0.0017308 -0.0002390
 0.0016339 -0.0004316
 0.0011389 -0.0006972
 0.0011413 -0.0010255
 0.0009479 -0.0009706
 0.0005797 -0.0009754
 0.0002700 -0.0015520
-0.0002096 -0.0020753
-0.0006756 -0.0021560
-0.0013462 -0.0021936
-0.0014794 -0.0023874
-0.0017867 -0.0020208
-0.0018824 -0.0020398
-0.0021909 -0.0018649
-0.0022878 -0.0013990
-0.0022325 -0.0013800
-0.0021549 -0.0011103
-0.0024057 -0.0008377
-0.0027295 -0.0006996
-0.0030726 -0.0008139
-0.0034158 -0.0008898
-0.0033391 -0.0007929
-0.0032030 -0.0010379
-0.0029156 -0.0009435
-0.0032281 -0.0010759
-0.0026750 -0.0012830
-0.0026968 -0.0013964
-0.0027210 -0.0014142
-0.0022673 -0.0015232
-0.0019039 -0.0010621
-0.0021914 -0.0010052
-0.0019249 -0.0005078
-0.0016511 -0.0005078
-0.0015534  0.0002565
-0.0013963  0.0002541
-0.0012029  0.0009239
-0.0011605  0.0012114
-0.0009663  0.0009219
-0.0008468  0.0009994
-0.0007491  0.0004802
-0.0004357  0.0002100
-0.0001442  0.0000344
 0.0001627 -0.0002006
 0.0001647 -0.0000153
 0.0005899  0.0000969
 0.0003218  0.0004211
 0.0003189  0.0003630
 0.0005301  0.0004029
 0.0005119  0.0003279
 0.0005111  0.0001785
 0.0002826  0.0001199
 0.0006888  0.0003113
 0.0002854  0.0003686
 0.0001720  0.0005580
 0.0002883  0.0007171
-0.0000182  0.0009254
 0.0003291  0.0014446
 0.0002730  0.0017547
 0.0002721  0.0020047
 0.0007320  0.0020636
 0.0008644  0.0024084
 0.0011745  0.0022917
 0.0011576  0.0023216
 0.0010619  0.0020094
 0.0001817  0.0020001
 0.0001293  0.0015939
-0.0000443  0.0012850
-0.0004101  0.0014385
-0.0004453  0.0011340
-0.0002373  0.0013089
-0.0005458  0.0013089
-0.0006625  0.0015039
-0.0004929  0.0013315
-0.0006698  0.0015410
-0.0003472  0.0014252
-0.0003509  0.0015213
-0.0003323  0.0012919
-0.0002213  0.0015241
 0.0002200  0.0017344
-0.0001070  0.0018907
 0.0003149  0.0024483
 0.0004493  0.0027011
 0.0008951  0.0027184
 0.0011628  0.0029126
 0.0012068  0.0028565
 0.0017503  0.0024988
 0.0018839  0.0022509
 0.0019812  0.0019069
 0.0018855  0.0016009
 0.0012900  0.0011814
 0.0012133  0.0007550
 0.0010401  0.0001761
 0.0007910 -0.0002887
 0.0007926 -0.0004857
 0.0010595 -0.0010668
 0.0009642 -0.0013583
 0.0013494 -0.0017608
 0.0016719 -0.0023349
 0.0016744 -0.0024121
 0.0016178 -0.0021989
 0.0019263 -0.0017765
 0.0018351 -0.0017184
 0.0017798 -0.0017006
 0.0016833 -0.0013151
 0.0012182 -0.0010333
 0.0012735 -0.0009917
 0.0013598 -0.0004518
 0.0012387 -0.0006783
 0.0009471 -0.0005435
 0.0005777 -0.0006763
 0.0005430 -0.0006512
 0.0003738 -0.0008253
 0.0004554 -0.0009589
 0.0000367 -0.0008802
 0.0004413 -0.0012092
 0.0003036 -0.0009944
 0.0001542 -0.0011866
 0.0001494 -0.0014890
 0.0001082 -0.0015431
 0.0003609 -0.0016512
 0.0003040 -0.0017437
 0.0006710 -0.0015656
 0.0006598 -0.0015834
 0.0009331 -0.0014089
 0.0013191 -0.0010662
 0.0013599 -0.0010319
 0.0016486 -0.0009402
 0.0015541 -0.0008131
 0.0010527 -0.0011636
 0.0011439 -0.0008822
 0.0006053 -0.0011753
 0.0001680 -0.0014479
-0.0000464 -0.0017172
-0.0001025 -0.0017212
-0.0005995 -0.0015711
-0.0007339 -0.0012824
-0.0005591 -0.0011092
-0.0007513 -0.0011851
-0.0008325 -0.0005867
-0.0010247 -0.0006795
-0.0008563 -0.0004268
-0.0007408  0.0004376
-0.0007388  0.0007086
-0.0006201  0.0014196
-0.0006911  0.0020514
-0.0011114  0.0025703
-0.0014526  0.0031299
-0.0012043  0.0034202
-0.0018337  0.0035175
-0.0020598  0.0034024
-0.0018321  0.0035018
-0.0020198  0.0033265
-0.0021736  0.0031925
-0.0019806  0.0030007
-0.0019237  0.0026910
-0.0017896  0.0025178
-0.0014440  0.0020793
-0.0014424  0.0017923
-0.0009487  0.0015831
-0.0007973  0.0015048
-0.0006640  0.0015242
-0.0004351  0.0015985
-0.0000132  0.0014446
 0.0002388  0.0017321
 0.0006958  0.0022118
 0.0006780  0.0022279
 0.0005795  0.0021718
 0.0006760  0.0021524
 0.0000005  0.0017870
-0.0002857  0.0011535
-0.0005571  0.0010599
-0.0008074  0.0006371
-0.0008825  0.0005200
-0.0009051  0.0002301
-0.0010375  0.0000000
-0.0010928 -0.0003852
-0.0008260 -0.0005184
-0.0009625 -0.0004990
-0.0007505 -0.0005568
-0.0006019 -0.0003670
-0.0002208 -0.0003646
-0.0001820  0.0002681
 0.0001636  0.0002875
 0.0005294  0.0001167
 0.0005104  0.0003283
 0.0008439  0.0001526
 0.0007474 -0.0002120
 0.0012493 -0.0001534
 0.0012303 -0.0000045
 0.0014023 -0.0002374
 0.0016490 -0.0000675
 0.0015129 -0.0002629
 0.0013405 -0.0005512
 0.0014168 -0.0009957
 0.0015303 -0.0013611
 0.0017261 -0.0017265
 0.0020552 -0.0020346
 0.0026874 -0.0019320
 0.0033815 -0.0019312
 0.0039548 -0.0015044
 0.0043775 -0.0012553
 0.0045067 -0.0010376
 0.0046226 -0.0005560
 0.0042523 -0.0005382
 0.0040226 -0.0005931
 0.0036762 -0.0007049
 0.0036536 -0.0005753
 0.0035142 -0.0005200
 0.0035889 -0.0006916
 0.0037036 -0.0003352
 0.0038356 -0.0001256
 0.0033006  0.0002935
 0.0035518  0.0003165
 0.0029934  0.0004893
 0.0031266  0.0004929
 0.0032817  0.0001885
 0.0033156  0.0000577
 0.0035502 -0.0001494
 0.0037642 -0.0003193
 0.0038384 -0.0001288
 0.0035211 -0.0004962
 0.0031210 -0.0006710
 0.0024702 -0.0005531
 0.0023955 -0.0007820
 0.0018795 -0.0006827
 0.0015186 -0.0008127
 0.0014076 -0.0007686
 0.0012562 -0.0005199
 0.0014306 -0.0007117
 0.0014100 -0.0002720
 0.0011056 -0.0002583
 0.0011193 -0.0002826
 0.0006138 -0.0004211
 0.0001676 -0.0006945
-0.0000133 -0.0007728
-0.0004017 -0.0011955
-0.0005976 -0.0013635
-0.0005592 -0.0016477
 0.0000218 -0.0019278
 0.0000275 -0.0018087
 0.0005153 -0.0018047
 0.0006554 -0.0016315
 0.0005658 -0.0012826
 0.0004463 -0.0009786
-0.0001448 -0.0009051
-0.0009188 -0.0008696
-0.0012112 -0.0008749
-0.0015612 -0.0014922
-0.0014506 -0.0013772
-0.0016687 -0.0016118
-0.0015573 -0.0018948
-0.0013906 -0.0018931
-0.0013199 -0.0025468
-0.0009041 -0.0028690
-0.0004301 -0.0030567
 0.0000281 -0.0029420
-0.0000102 -0.0030571
 0.0005849 -0.0031322
 0.0002038 -0.0027535
 0.0000354 -0.0023695
-0.0002331 -0.0024850
-0.0008435 -0.0023320
-0.0012997 -0.0025432
-0.0012206 -0.0026946
-0.0014091 -0.0025621
-0.0014043 -0.0026974
-0.0014785 -0.0026566
-0.0018217 -0.0024475
-0.0020655 -0.0027511
-0.0021794 -0.0028080
-0.0021011 -0.0031722
-0.0020013 -0.0033030
-0.0015826 -0.0033244
-0.0016020 -0.0032497
-0.0016041 -0.0029759
-0.0014680 -0.0028617
-0.0016581 -0.0025338
-0.0018430 -0.0022048
-0.0019928 -0.0019742
-0.0021389 -0.0018583
-0.0021736 -0.0014352
-0.0021885 -0.0016480
-0.0023226 -0.0016682
-0.0027618 -0.0018377
-0.0031325 -0.0015313
-0.0035944 -0.0019351
-0.0037123 -0.0019112
-0.0038847 -0.0017566
-0.0039227 -0.0018708
-0.0041338 -0.0018123
-0.0041144 -0.0012018
-0.0040321 -0.0009592
-0.0039913 -0.0002725
-0.0037805 -0.0000274
-0.0036791  0.0002891
-0.0033137  0.0006512
-0.0028708  0.0006460
-0.0021033  0.0008539
-0.0013180  0.0007202
-0.0006898  0.0008943
-0.0003830  0.0010889
 0.0003583  0.0011680
 0.0001879  0.0013231
-0.0000067  0.0017878
-0.0001262  0.0017648
-0.0000124  0.0014761
-0.0005704  0.0015746
-0.0007291  0.0009775
-0.0007105  0.0007828
-0.0004065  0.0000710
-0.0003738 -0.0005620
 0.0003348 -0.0008681
 0.0010042 -0.0011745
 0.0012125 -0.0013239
 0.0013857 -0.0016493
 0.0017878 -0.0017373
 0.0015779 -0.0013343
 0.0019069 -0.0014861
 0.0022760 -0.0010824
 0.0026248 -0.0010864
 0.0026883 -0.0008022
 0.0029979 -0.0003989
 0.0033427 -0.0003682
 0.0032285 -0.0002738
 0.0033803 -0.0000432
 0.0027448 -0.0002378
 0.0026858 -0.0001632
 0.0021068 -0.0005891
 0.0014132 -0.0006146
 0.0010474 -0.0005008
 0.0008871 -0.0005020
 0.0009860 -0.0006195
 0.0007195 -0.0004903
 0.0010829 -0.0003740
 0.0009489 -0.0003575
 0.0010272 -0.0006239
 0.0011015 -0.0009828
 0.0013106 -0.0010745
 0.0015411 -0.0015666
 0.0021565 -0.0019279
 0.0020591 -0.0020587
 0.0024637 -0.0017890
 0.0025610 -0.0019622
 0.0026398 -0.0018827
 0.0029902 -0.0019239
 0.0031643 -0.0017280
 0.0028780 -0.0017450
 0.0026483 -0.0016081
 0.0019009 -0.0016840
 0.0014007 -0.0018734
 0.0008863 -0.0017381
 0.0004059 -0.0017563
 0.0001608 -0.0018758
 0.0002416 -0.0016263
 0.0004132 -0.0015734
 0.0009546 -0.0012645
 0.0009340 -0.0008995
 0.0013204 -0.0007651
 0.0013608 -0.0007804
 0.0014177 -0.0008329
 0.0014190 -0.0010783
 0.0013641 -0.0011171
 0.0010944 -0.0010400
 0.0009248 -0.0008692
 0.0005820 -0.0005842
 0.0002554 -0.0013780
-0.0003010 -0.0012496
-0.0007402 -0.0016586
-0.0010713 -0.0018302
-0.0011497 -0.0017967
-0.0010225 -0.0020269
-0.0008570 -0.0021811
-0.0006871 -0.0023156
-0.0004234 -0.0020459
 0.0002072 -0.0020422
 0.0004559 -0.0019788
 0.0008395 -0.0014926
 0.0011471 -0.0011603
 0.0009594 -0.0010218
 0.0011536 -0.0009806
 0.0012097 -0.0007876
 0.0006885 -0.0005720
 0.0004579 -0.0006285
 0.0003812 -0.0005877
-0.0006721 -0.0007948
-0.0004767 -0.0008711
-0.0005720 -0.0006426
-0.0006471 -0.0010076
-0.0006075 -0.0008001
-0.0001832 -0.0008021
 0.0000284 -0.0006919
 0.0001019 -0.0003920
 0.0004854  0.0001401
 0.0001592  0.0000375
 0.0004034  0.0004574
 0.0005734  0.0004869
 0.0006105  0.0006782
 0.0010272  0.0011728
 0.0008326  0.0010384
 0.0010037  0.0012273
 0.0007292  0.0012083
 0.0003485  0.0012685
 0.0000585  0.0012911
-0.0002108  0.0013856
-0.0002442  0.0010077
-0.0005107  0.0007082
-0.0002039  0.0004986
-0.0002765  0.0000763
 0.0004123 -0.0002285
 0.0008277 -0.0000388
 0.0009258 -0.0005027
 0.0013994 -0.0005822
 0.0016263 -0.0010231
 0.0019101 -0.0012706
 0.0025032 -0.0015008
 0.0033813 -0.0016324
 0.0036098 -0.0015899
 0.0040875 -0.0011289
 0.0044508 -0.0005717
 0.0039591 -0.0006645
 0.0038610 -0.0004719
 0.0040197 -0.0003395
 0.0037536 -0.0007041
 0.0039478 -0.0006480
 0.0041437 -0.0006100
 0.0040072 -0.0004599
 0.0041008 -0.0003101
 0.0045236 -0.0003158
 0.0035998  0.0001974
 0.0034815  0.0002135
 0.0031730  0.0001533
 0.0025625  0.0000758
 0.0028088 -0.0001350
 0.0028306 -0.0002117
 0.0026784  0.0000750
 0.0030810 -0.0001790
 0.0027911  0.0001509
 0.0028661  0.0003827
 0.0027503  0.0000774
 0.0025016 -0.0003211
 0.0026542 -0.0001413
 0.0024051 -0.0010986
 0.0026615 -0.0019380
 0.0028722 -0.0021496
 0.0027245 -0.0026078
 0.0031723 -0.0027208
 0.0033463 -0.0026631
 0.0036019 -0.0025513
 0.0034711 -0.0022848
 0.0035454 -0.0017260
 0.0036435 -0.0015189
 0.0039491 -0.0017466
 0.0041348 -0.0015351
 0.0044776 -0.0018225
 0.0046468 -0.0018803
 0.0048135 -0.0018027
 0.0048260 -0.0018613
 0.0046531 -0.0015355
 0.0047456 -0.0010719
 0.0048437 -0.0006521
 0.0044226 -0.0005543
 0.0042470  0.0000953
 0.0036918  0.0002108
 0.0031920  0.0006315
 0.0031887  0.0006847
 0.0027470  0.0006653
 0.0021144  0.0005854
 0.0021333  0.0005083
 0.0018673  0.0001663
 0.0016392  0.0003020
 0.0015080  0.0000739
 0.0017393 -0.0001110
 0.0014943 -0.0004509
 0.0019566 -0.0008296
 0.0019961 -0.0014413
 0.0025525 -0.0014554
 0.0031291 -0.0015495
 0.0030770 -0.0014328
 0.0036762 -0.0014126
 0.0036423 -0.0008546
 0.0038951 -0.0005696
 0.0036076  0.0001761
 0.0038183  0.0006332
 0.0031994  0.0007619
 0.0028909  0.0010082
 0.0025227  0.0010284
 0.0018133  0.0011427
 0.0015250  0.0006081
 0.0012190  0.0005895
 0.0011645  0.0003041
 0.0010486  0.0001503
 0.0012242  0.0001664
 0.0009747  0.0002435
 0.0012965  0.0003553
 0.0010256  0.0006045
 0.0010570  0.0009727
 0.0008406  0.0011851
 0.0005075  0.0012634
 0.0004840  0.0011479
 0.0003302  0.0011318
-0.0001507  0.0008584
-0.0004567  0.0007224
-0.0010308  0.0004676
-0.0015613  0.0004655
-0.0021972  0.0004611
-0.0025194  0.0001692
-0.0032296  0.0000900
-0.0033067 -0.0001002
-0.0035340 -0.0005786
-0.0037052 -0.0007510
-0.0035542 -0.0007510
-0.0031509 -0.0009440
-0.0032312 -0.0011204
-0.0024302 -0.0009105
-0.0024318 -0.0008313
-0.0018953 -0.0007744
-0.0019373 -0.0005233
-0.0016470 -0.0002116
-0.0017608 -0.0000347
-0.0014160  0.0003113
-0.0013353  0.0003686
-0.0012577  0.0003533
-0.0012739  0.0004833
-0.0013841  0.0000202
-0.0017091  0.0001898
-0.0015754 -0.0000626
-0.0016105 -0.0005641
-0.0019727 -0.0006420
-0.0018403 -0.0006598
-0.0018819 -0.0006202
-0.0018080 -0.0005015
-0.0014265 -0.0003060
-0.0012767 -0.0002442
-0.0013946 -0.0002451
-0.0013752 -0.0001671
-0.0015472 -0.0002846
-0.0019155 -0.0004058
-0.0017851 -0.0003093
-0.0014960 -0.0005039
-0.0014451  0.0000500
-0.0010475  0.0000933
-0.0006425 -0.0000585
-0.0002396 -0.0001316
 0.0002013  0.0001777
 0.0003205 -0.0004526
 0.0004202  0.0000085
 0.0011353 -0.0001631
 0.0009681 -0.0001227
 0.0006839  0.0002576
 0.0008781  0.0004680
 0.0010307  0.0005419
 0.0009399  0.0009617
 0.0012096  0.0010316
 0.0014612  0.0009702
 0.0014038  0.0013303
 0.0013316  0.0013250
 0.0015250  0.0010541
 0.0010062  0.0008990
 0.0007579  0.0004590
 0.0006610  0.0001533
 0.0007191 -0.0000546
 0.0007220 -0.0003965
 0.0008262 -0.0002782
 0.0010963 -0.0003372
 0.0013143 -0.0001870
 0.0011840  0.0002151
 0.0011848  0.0002664
 0.0010915  0.0007004
 0.0013233  0.0007355
 0.0016446  0.0007859
 0.0016204  0.0007241
 0.0021162  0.0009720
 0.0027617  0.0009922
 0.0025732  0.0011654
 0.0026079  0.0012639
 0.0023200  0.0013439
 0.0020338  0.0013633
 0.0016280  0.0011380
 0.0009227  0.0009095
 0.0007870  0.0002821
 0.0002363  0.0003233
 0.0004717 -0.0002331
 0.0004548 -0.0002710
 0.0003813 -0.0002157
 0.0003495 -0.0001972
 0.0005667 -0.0000825
 0.0006810  0.0004912
 0.0010843  0.0003955
 0.0014085  0.0006834
 0.0017323  0.0012184
 0.0020157  0.0011554
 0.0017609  0.0009636
 0.0018134  0.0005606
 0.0016312 -0.0000365
 0.0014568 -0.0003050
 0.0013369 -0.0009567
 0.0004737 -0.0012619
 0.0001842 -0.0017593
-0.0001957 -0.0017407
-0.0004202 -0.0019272
-0.0005893 -0.0019442
-0.0003874 -0.0015158
-0.0000729 -0.0011096
-0.0002618 -0.0008738
-0.0002844 -0.0004276
-0.0004589 -0.0003234
-0.0005049 -0.0006262
-0.0006842 -0.0006944
-0.0007311 -0.0010743
-0.0004493 -0.0012806
-0.0004934 -0.0010839
-0.0002083 -0.0010076
-0.0000775 -0.0006204
-0.0002858  0.0000462
-0.0004042  0.0002012
-0.0005168  0.0003910
-0.0006294  0.0007107
-0.0005580  0.0009953
-0.0005947  0.0007809
-0.0012104  0.0008730
-0.0015222  0.0008717
-0.0017139  0.0008511
-0.0022324  0.0008495
-0.0020398  0.0010449
-0.0017519  0.0006440
-0.0017333  0.0002762
-0.0013897  0.0004708
-0.0009121  0.0003194
-0.0007353  0.0001018
-0.0001240  0.0003711
 0.0001453  0.0001191
 0.0003185  0.0000779
 0.0009076  0.0001514
 0.0011716 -0.0002544
 0.0017259 -0.0003307
 0.0022617 -0.0002160
 0.0023978 -0.0001748
 0.0029178 -0.0004025
 0.0035335  0.0002354
 0.0034641  0.0000808
 0.0031193  0.0004264
 0.0031581  0.0009694
 0.0028710  0.0012985
 0.0022000  0.0012440
 0.0021217  0.0018271
 0.0015665  0.0017161
 0.0011842  0.0020201
 0.0005890  0.0019078
 0.0006452  0.0016175
 0.0004946  0.0012295
 0.0001425  0.0005758
 0.0000460  0.0000550
 0.0003887 -0.0002531
 0.0003996 -0.0003887
 0.0006297  0.0000154
 0.0007828 -0.0002139
 0.0010864  0.0007648
 0.0012047  0.0008060
 0.0011114  0.0015682
 0.0010933  0.0021581
 0.0009451  0.0021120
 0.0008660  0.0024911
 0.0006738  0.0024866
 0.0007549  0.0023679
 0.0006786  0.0021382
 0.0012181  0.0015653
 0.0010481  0.0014106
 0.0012964  0.0010889
 0.0012799  0.0005519
 0.0012451 -0.0005200
 0.0016198 -0.0009218
 0.0018648 -0.0015153
 0.0022876 -0.0018782
 0.0026440 -0.0016687
 0.0030659 -0.0013820
 0.0030837 -0.0008063
 0.0034721 -0.0005115
 0.0032646 -0.0002018
 0.0031342  0.0000130
 0.0026970  0.0001345
 0.0023769  0.0002335
 0.0019000  0.0003502
 0.0015359  0.0005811
 0.0009997  0.0006417
 0.0003617  0.0009635
 0.0000533  0.0009053
-0.0003146  0.0007729
-0.0001846  0.0006740
-0.0001688  0.0003336
-0.0000336  0.0004871
 0.0005203  0.0007354
 0.0009633  0.0006966
 0.0009435  0.0007531
 0.0014437  0.0009049
 0.0013476  0.0006687
 0.0015967  0.0004337
 0.0016480  0.0000634
 0.0015281 -0.0000359
 0.0017348 -0.0001312
 0.0015756 -0.0004599
 0.0016120 -0.0006133
 0.0013839 -0.0006912
 0.0015030 -0.0005160
 0.0012171 -0.0004586
 0.0010521 -0.0005366
 0.0010323 -0.0006319
 0.0006164 -0.0007061
 0.0004860 -0.0010719
 0.0002749 -0.0016049
 0.0002789 -0.0018305
 0.0007017 -0.0021139
 0.0009338 -0.0023057
 0.0013158 -0.0020897
 0.0015273 -0.0022823
 0.0018318 -0.0022811
 0.0020611 -0.0017986
 0.0019811 -0.0014150
 0.0019573 -0.0010109
 0.0020324 -0.0009313
 0.0017845 -0.0006382
 0.0014788 -0.0008316
 0.0009096 -0.0011400
 0.0007965 -0.0009301
 0.0005717 -0.0013973
 0.0004586 -0.0016141
-0.0000004 -0.0017518
 0.0005955 -0.0020429
 0.0003109 -0.0020413
 0.0005039 -0.0017559
 0.0004260 -0.0017926
 0.0003476 -0.0014115
 0.0002944 -0.0013521
 0.0003493 -0.0012750
 0.0001563 -0.0010453
-0.0001465 -0.0010663
 0.0002564 -0.0009758
-0.0000533 -0.0012666
 0.0000408 -0.0015044
 0.0000985 -0.0021852
 0.0003658 -0.0023955
 0.0007138 -0.0028384
 0.0001789 -0.0024949
 0.0002544 -0.0024206
-0.0001037 -0.0025885
-0.0004877 -0.0022607
-0.0006778 -0.0021799
-0.0008098 -0.0022303
-0.0007670 -0.0022477
-0.0005708 -0.0020708
-0.0008497 -0.0022993
-0.0007883 -0.0022045
-0.0004213 -0.0025327
-0.0002885 -0.0026869
-0.0004306 -0.0023995
-0.0006434 -0.0028985
-0.0009011 -0.0031456
-0.0013472 -0.0034141
-0.0013529 -0.0034884
-0.0012952 -0.0037907
-0.0013917 -0.0033902
-0.0011773 -0.0034121
-0.0016173 -0.0029712
-0.0019787 -0.0026082
-0.0021862 -0.0020163
-0.0027001 -0.0016340
-0.0029250 -0.0009444
-0.0034761 -0.0008487
-0.0033433 -0.0009819
-0.0032290 -0.0010748
-0.0030029 -0.0014914
-0.0023368 -0.0018172
-0.0021491 -0.0016238
-0.0015600 -0.0019117
-0.0014151 -0.0015282
-0.0008434 -0.0012378
-0.0006008 -0.0008692
-0.0007554 -0.0003355
-0.0003182  0.0000901
-0.0002815  0.0003041
-0.0003808  0.0006118
-0.0002863  0.0003465
 0.0000225 -0.0000770
 0.0001961 -0.0003681
 0.0003904 -0.0007125
 0.0008737 -0.0012511
 0.0011079 -0.0011797
 0.0012827 -0.0012201
 0.0009908 -0.0009544
 0.0008184 -0.0005164
 0.0006786 -0.0000561
 0.0005999  0.0001526
 0.0002898  0.0003605
 0.0006520  0.0002438
 0.0007654  0.0003008
 0.0008603  0.0002047
 0.0014550 -0.0000436
 0.0018571 -0.0003896
 0.0015333 -0.0003735
 0.0015499 -0.0001801
 0.0013904 -0.0000041
 0.0008893  0.0003589
 0.0003115  0.0005931
-0.0000386  0.0006315
-0.0004193  0.0006327
-0.0003623  0.0001938
-0.0002263  0.0004635
 0.0003968  0.0005600
 0.0006463  0.0007486
 0.0004610  0.0010324
 0.0004832  0.0014963
 0.0001388  0.0019570
-0.0004712  0.0023946
-0.0008350  0.0026288
-0.0011555  0.0026688
-0.0014785  0.0026288
-0.0013025  0.0025351
-0.0016267  0.0026304
-0.0020865  0.0025711
-0.0022396  0.0026304
-0.0026046  0.0028036
-0.0026260  0.0029587
-0.0024915  0.0028654
-0.0026643  0.0031929
-0.0026449  0.0034614
-0.0029728  0.0032110
-0.0026631  0.0031908
-0.0026590  0.0029018
-0.0026966  0.0023656
-0.0026009  0.0018641
-0.0027184  0.0015020
-0.0023724  0.0010288
-0.0023510  0.0006795
-0.0020659  0.0005673
-0.0020276  0.0005471
-0.0023716  0.0004510
-0.0023526  0.0004882
-0.0024660  0.0001813
-0.0027729 -0.0002386
-0.0024075 -0.0005115
-0.0023914 -0.0005107
-0.0022908 -0.0003767
-0.0019868 -0.0006637
-0.0013925 -0.0001833
-0.0015447 -0.0001312
-0.0011418 -0.0001316
-0.0008369  0.0002503
-0.0012015  0.0003416
-0.0009767  0.0004756
-0.0010748  0.0002947
-0.0011701  0.0001978
-0.0010199 -0.0000562
-0.0012847 -0.0000203
-0.0010505 -0.0003853
-0.0009157 -0.0002900
-0.0011058 -0.0003328
-0.0011058 -0.0002129
-0.0011817 -0.0002710
-0.0018387 -0.0004967
-0.0020672 -0.0005867
-0.0022230 -0.0005447
-0.0026272 -0.0005943
-0.0025719 -0.0011075
-0.0027084 -0.0008369
-0.0027306 -0.0009508
-0.0023866 -0.0006246
-0.0021993 -0.0005648
-0.0022905 -0.0003553
-0.0020600 -0.0003767
-0.0018270 -0.0004756
-0.0022795 -0.0003868
-0.0019723 -0.0007151
-0.0020647 -0.0007199
-0.0019278 -0.0006436
-0.0016985 -0.0007777
-0.0015479 -0.0005273
-0.0013166 -0.0008725
-0.0009342 -0.0005459
-0.0000933 -0.0004357
-0.0002446 -0.0003998
 0.0001563  0.0001558
 0.0002515  0.0000593
 0.0002725  0.0001154
 0.0002907 -0.0002710
 0.0005080 -0.0005993
 0.0004729 -0.0007943
 0.0007979 -0.0014306
 0.0011443 -0.0016277
 0.0010252 -0.0019963
 0.0010219 -0.0022664
 0.0009250 -0.0027437
 0.0010546 -0.0032605
 0.0009016 -0.0031219
 0.0006363 -0.0032148
 0.0010195 -0.0032273
 0.0010607 -0.0031239
 0.0012371 -0.0029499
 0.0010131 -0.0026563
 0.0008782 -0.0021762
 0.0008056 -0.0021238
 0.0004987 -0.0017200
 0.0002484 -0.0015707
-0.0002688 -0.0010757
-0.0006536 -0.0004793
-0.0010012 -0.0003635
-0.0013690 -0.0003041
-0.0016791 -0.0007195
-0.0016283 -0.0011584
-0.0014369 -0.0013465
-0.0014236 -0.0018782
-0.0009852 -0.0021455
-0.0007167 -0.0021039
-0.0005806 -0.0023171
-0.0002532 -0.0020676
-0.0001777 -0.0021273
-0.0000247 -0.0018972
 0.0000690 -0.0019182
 0.0001267 -0.0017495
 0.0004901 -0.0018431
 0.0007437 -0.0019025
 0.0002834 -0.0019796
 0.0008773 -0.0019594
 0.0007618 -0.0020555
 0.0004978 -0.0017478
 0.0009577 -0.0017074
 0.0003823 -0.0013210
 0.0000440 -0.0010105
-0.0004352 -0.0007243
-0.0008700 -0.0004978
-0.0011971 -0.0003836
-0.0014494 -0.0002354
-0.0018144 -0.0003299
-0.0015492  0.0000392
-0.0011083  0.0001134
-0.0011862  0.0000247
-0.0004162  0.0001187
-0.0000121  0.0002560
-0.0000084  0.0003537
-0.0000823  0.0003521
-0.0000641  0.0002193
-0.0002543  0.0000881
-0.0005103  0.0001692
-0.0006056  0.0003437
-0.0007816  0.0000595
-0.0004946  0.0000792
-0.0004187  0.0003300
-0.0003044  0.0004648
-0.0001700  0.0007652
 0.0000226  0.0007652
-0.0001106  0.0009900
-0.0000924  0.0008593
-0.0004562  0.0006642
-0.0005135  0.0000489
-0.0004582 -0.0005418
 0.0000412 -0.0013690
 0.0000989 -0.0020445
 0.0005576 -0.0024483
 0.0004647 -0.0030693
 0.0004821 -0.0030915
 0.0007526 -0.0027475
 0.0007897 -0.0024233
 0.0008475 -0.0020979
 0.0009662 -0.0014640
 0.0003339 -0.0012949
 0.0003598 -0.0009856
 0.0004357 -0.0007389
 0.0002476 -0.0008564
 0.0000582 -0.0009129
 0.0003090 -0.0008931
 0.0001576 -0.0009690
-0.0000387 -0.0007385
-0.0001202 -0.0001838
-0.0004513 -0.0002044
-0.0008228  0.0001392
-0.0012686  0.0002931
-0.0015823  0.0001554
-0.0019675  0.0001408
-0.0014887 -0.0004494
-0.0014866 -0.0005665
-0.0011798 -0.0007138
-0.0008289 -0.0008798
-0.0008426 -0.0010146
-0.0006855 -0.0013735
-0.0002995 -0.0010081
-0.0002781 -0.0011829
-0.0006399 -0.0011850
-0.0001421 -0.0012056
-0.0002014 -0.0010727
-0.0002608 -0.0009791
-0.0000178 -0.0008071
 0.0001704 -0.0003060
 0.0001300 -0.0004166
-0.0000848 -0.0000266
-0.0000663  0.0002488
-0.0000626  0.0003243
-0.0003521  0.0000397
-0.0003860 -0.0000560
-0.0008055 -0.0004247
-0.0009702 -0.0007937
-0.0009261 -0.0008535
-0.0011102 -0.0013210
-0.0006253 -0.0013481
-0.0003951 -0.0012606
-0.0004496 -0.0010930
-0.0001032 -0.0011993
-0.0000471 -0.0008339
 0.0001051 -0.0007608
 0.0000639 -0.0009130
 0.0000042 -0.0012933
-0.0000564 -0.0013833
-0.0002159 -0.0016256
-0.0000274 -0.0022077
 0.0001813 -0.0024467
 0.0004466 -0.0023400
 0.0007922 -0.0024704
 0.0012343 -0.0022919
 0.0011188 -0.0013887
 0.0011770 -0.0011194
 0.0014475 -0.0008881
 0.0011786 -0.0006241
 0.0011011 -0.0007754
 0.0005851 -0.0008385
 0.0004119 -0.0008074
 0.0002936 -0.0007755
 0.0002770 -0.0006233
 0.0002383 -0.0004728
 0.0004333 -0.0002224
 0.0006691 -0.0001877
 0.0007701 -0.0003085
 0.0009643 -0.0006351
 0.0010196 -0.0009291
 0.0008666 -0.0016050
 0.0011116 -0.0019905
 0.0008572 -0.0021670
 0.0010054 -0.0023975
 0.0012545 -0.0027028
 0.0016760 -0.0022409
 0.0020418 -0.0025630
 0.0015662 -0.0017588
 0.0017786 -0.0014830
 0.0014734 -0.0011911
 0.0010539 -0.0006088
 0.0007668 -0.0007594
 0.0009982 -0.0008527
 0.0007866 -0.0007961
 0.0005540 -0.0007606
 0.0008427 -0.0014300
 0.0011467 -0.0021217
 0.0013361 -0.0021023
 0.0016631 -0.0026974
 0.0023749 -0.0029643
 0.0028723 -0.0028674
 0.0028150 -0.0031177
 0.0028933 -0.0029013
 0.0027383 -0.0027074
 0.0023196 -0.0023606
 0.0020697 -0.0021474
 0.0018194 -0.0017590
 0.0017019 -0.0016827
 0.0015836 -0.0016403
 0.0020434 -0.0017339
 0.0021218 -0.0017517
 0.0021964 -0.0011566
 0.0025449 -0.0010795
 0.0017047 -0.0009487
 0.0015133 -0.0008385
 0.0015380 -0.0007085
 0.0014435 -0.0004424
 0.0015610 -0.0000637
 0.0016753 -0.0001837
 0.0017952  0.0002524
 0.0016018  0.0005015
 0.0016063  0.0002923
 0.0014896  0.0005423
 0.0013927  0.0009444
 0.0013915  0.0010619
 0.0014286  0.0012920
 0.0014023  0.0014293
 0.0019187  0.0012763
 0.0018400  0.0014689
 0.0019373  0.0018149
 0.0018182  0.0017551
 0.0013191  0.0023123
 0.0013207  0.0025202
 0.0012642  0.0027528
 0.0010696  0.0026341
 0.0007595  0.0023579
 0.0007789  0.0020498
 0.0011011  0.0018948
 0.0016929  0.0016287
 0.0020200  0.0013425
 0.0021189  0.0014571
 0.0028146  0.0016485
 0.0025151  0.0020882
 0.0023883  0.0022375
 0.0023504  0.0028439
 0.0020245  0.0032065
 0.0021635  0.0030631
 0.0022192  0.0029428
 0.0024497  0.0027473
 0.0021820  0.0030521
 0.0021449  0.0027994
 0.0019333  0.0028757
 0.0018788  0.0027437
 0.0016891  0.0025321
 0.0018607  0.0023593
 0.0021098  0.0019806
 0.0023770  0.0019213
 0.0029318  0.0018853
 0.0028886  0.0021498
 0.0031369  0.0019208
 0.0027339  0.0020545
 0.0024105  0.0023767
 0.0018744  0.0024138
 0.0016261  0.0026250
 0.0012409  0.0024728
 0.0006805  0.0022995
 0.0003494  0.0019160
 0.0001305  0.0012849
 0.0004906  0.0006777
 0.0006202  0.0002034
 0.0005988  0.0000144
 0.0008661 -0.0001378
 0.0004809 -0.0002310
 0.0010974 -0.0001761
 0.0011560  0.0001678
 0.0012323 -0.0001200
 0.0018241 -0.0002949
 0.0018629 -0.0008512
 0.0018803 -0.0009643
 0.0023563 -0.0008076
 0.0024709 -0.0008072
 0.0026203 -0.0007858
 0.0022751 -0.0006146
 0.0017559 -0.0006105
 0.0012193 -0.0005758
 0.0007021 -0.0007486
 0.0002640 -0.0006703
-0.0002891 -0.0004071
-0.0009944 -0.0004818
-0.0010646 -0.0006372
-0.0013137 -0.0001406
-0.0014272 -0.0000296
-0.0015980  0.0003689
-0.0013142  0.0004092
-0.0011422  0.0004633
-0.0012193  0.0001403
-0.0013380  0.0002966
-0.0013566  0.0002393
-0.0014518  0.0002260
-0.0015871  0.0002833
-0.0021382  0.0001117
-0.0021802  0.0002849
-0.0024273  0.0000362
-0.0022924 -0.0002888
-0.0023849 -0.0005956
-0.0020368 -0.0005565
-0.0015717 -0.0008447
-0.0007646 -0.0009356
-0.0002090 -0.0007046
 0.0004858 -0.0005698
 0.0013692 -0.0005112
 0.0018481  0.0003088
 0.0018868  0.0006766
 0.0021158  0.0007739
 0.0018069  0.0010428
 0.0017847  0.0011434
 0.0015303  0.0012374
 0.0014895  0.0013707
 0.0017551  0.0015217
 0.0017890  0.0023271
 0.0016683  0.0024579
 0.0012460  0.0025120
 0.0007453  0.0028209
 0.0006678  0.0028794
 0.0005547  0.0026509
 0.0008240  0.0022323
 0.0003489  0.0026170
 0.0007769  0.0022520
 0.0006251  0.0029655
 0.0005904  0.0032546
 0.0003849  0.0034811
 0.0006360  0.0038856
 0.0003728  0.0035582
-0.0001004  0.0034786
-0.0003927  0.0032675
-0.0006426  0.0026461
-0.0004121  0.0021850
-0.0006083  0.0014001
-0.0006632  0.0009600
-0.0005255  0.0001178
-0.0004488  0.0003318
-0.0006055  0.0001990
-0.0010625  0.0006633
-0.0009458  0.0013029
-0.0014028  0.0016138
-0.0015914  0.0020801
-0.0018046  0.0027371
-0.0019762  0.0029527
-0.0020920  0.0033350
-0.0018256  0.0034509
-0.0017307  0.0036580
-0.0015632  0.0038865
-0.0013565  0.0041889
-0.0011845  0.0039547
-0.0012665  0.0038723
-0.0013497  0.0037597
-0.0014304  0.0030071
-0.0015746  0.0031993
-0.0014677  0.0026813
-0.0011887  0.0025315
-0.0009114  0.0026857
-0.0008634  0.0028808
-0.0009413  0.0025561
-0.0007359  0.0023466
-0.0007193  0.0022654
-0.0007371  0.0017289
-0.0008142  0.0012488
-0.0003523  0.0003864
-0.0007371 -0.0003197
-0.0006531 -0.0003036
-0.0008198 -0.0009310
-0.0008884 -0.0008333
-0.0011512 -0.0006766
-0.0013728 -0.0012338
-0.0013473 -0.0014619
-0.0016101 -0.0014425
-0.0014490 -0.0015778
-0.0016577 -0.0019246
-0.0017340 -0.0018297
-0.0013440 -0.0017534
-0.0013440 -0.0017199
-0.0012095 -0.0012423
-0.0012867 -0.0017805
-0.0005761 -0.0019113
-0.0005260 -0.0020449
-0.0003561 -0.0022157
-0.0000153 -0.0026921
 0.0003068 -0.0025908
 0.0001926 -0.0027987
 0.0000396 -0.0027567
 0.0001954 -0.0027958
 0.0000081 -0.0029715
-0.0001837 -0.0027838
-0.0000096 -0.0026889
 0.0002023 -0.0032101
 0.0005257 -0.0028088
 0.0010256 -0.0027523
 0.0007563 -0.0027478
 0.0009836 -0.0025548
 0.0008528 -0.0022645
 0.0004688 -0.0024333
 0.0000069 -0.0023743
-0.0000722 -0.0022972
-0.0001102 -0.0023892
-0.0003795 -0.0024651
-0.0002834 -0.0025826
-0.0006278 -0.0029101
-0.0005099 -0.0030284
-0.0000076 -0.0032242
-0.0002773 -0.0031338
-0.0002886 -0.0034435
-0.0002308 -0.0032534
-0.0002696 -0.0030107
-0.0000011 -0.0028477
 0.0003259 -0.0027544
 0.0005181 -0.0026208
 0.0003994 -0.0022199
 0.0005746 -0.0019869
 0.0006299 -0.0017547
 0.0004180 -0.0015064
 0.0003986 -0.0015973
 0.0003574 -0.0015419
 0.0004296 -0.0014854
 0.0003073 -0.0017519
 0.0004599 -0.0014640
 0.0005503 -0.0017527
 0.0005268 -0.0018786
 0.0004683 -0.0019888
 0.0005660 -0.0018103
 0.0002220 -0.0016161
 0.0002983 -0.0017663
 0.0004187 -0.0016876
 0.0003230 -0.0012083
 0.0004360 -0.0009213
 0.0006480 -0.0004614
 0.0007021 -0.0000778
 0.0006819  0.0003768
 0.0010049  0.0006465
 0.0009322  0.0001470
 0.0004340 -0.0000666
 0.0005301 -0.0005446
 0.0004723 -0.0007158
 0.0000859 -0.0012499
-0.0000089 -0.0016541
-0.0000646 -0.0019722
-0.0002927 -0.0014707
-0.0002709 -0.0014719
-0.0002309 -0.0006079
-0.0004401 -0.0002878
-0.0008273 -0.0000811
-0.0015544  0.0003142
-0.0018435  0.0004058
-0.0024233  0.0003609
-0.0028856  0.0006476
-0.0034279  0.0005713
-0.0036451  0.0006286
-0.0037998  0.0002834
-0.0033036  0.0002850
-0.0029192  0.0000012
-0.0023838  0.0005996
-0.0023059  0.0008730
-0.0017871  0.0012049
-0.0020346  0.0016143
-0.0022466  0.0020552
-0.0020358  0.0018469
-0.0019768  0.0013668
-0.0018198  0.0010616
-0.0015529  0.0006542
-0.0009247  0.0006336
-0.0008262  0.0004963
-0.0007697  0.0005702
-0.0006199  0.0001656
-0.0005032  0.0002015
-0.0003881  0.0002540
-0.0001196 -0.0003258
 0.0001901 -0.0004227
 0.0008062 -0.0006957
 0.0011126 -0.0004317
 0.0013113 -0.0009097
 0.0013448 -0.0006093
 0.0009439 -0.0007079
 0.0008252 -0.0011253
 0.0005526 -0.0011200
 0.0003241 -0.0010966
 0.0004477 -0.0013549
 0.0003940 -0.0009843
 0.0005693 -0.0009423
 0.0006294 -0.0006342
 0.0007243 -0.0001743
 0.0005676  0.0003215
 0.0003702  0.0004563
 0.0001166  0.0008431
-0.0001152  0.0007886
-0.0005742  0.0007111
-0.0009772  0.0007668
-0.0012630  0.0006719
-0.0018177  0.0001523
-0.0021654 -0.0000641
-0.0021492 -0.0001441
-0.0019632 -0.0004703
-0.0018109 -0.0005507
-0.0013139 -0.0009145
-0.0007984 -0.0008180
-0.0002594 -0.0003395
 0.0001464 -0.0005705
 0.0008066 -0.0003040
 0.0009027  0.0000755
 0.0011018 -0.0001777
 0.0012035 -0.0001050
 0.0012415 -0.0001495
 0.0013219 -0.0001943
 0.0015669  0.0000467
 0.0017357  0.0002534
 0.0018334  0.0004027
 0.0017708  0.0007290
 0.0019403  0.0009555
 0.0019577  0.0009748
 0.0020328  0.0012656
 0.0018987  0.0010144
 0.0016323  0.0010399
 0.0018455  0.0015583
 0.0018487  0.0013508
 0.0017175  0.0013742
 0.0015859  0.0017776
 0.0013590  0.0020703
 0.0010764  0.0020170
 0.0007522  0.0015435
 0.0002919  0.0012931
 0.0003081  0.0009132
 0.0003642  0.0007792
 0.0008467  0.0005487
 0.0007902  0.0004719
 0.0012072  0.0007198
 0.0014244  0.0007739
 0.0012735  0.0011022
 0.0013498  0.0013884
 0.0010312  0.0013166
 0.0004733  0.0014716
-0.0000799  0.0012786
-0.0006734  0.0010142
-0.0014990  0.0006480
-0.0020376  0.0002253
-0.0024434 -0.0003707
-0.0024038 -0.0005447
-0.0027915 -0.0005302
-0.0027741 -0.0004341
-0.0024879 -0.0000158
-0.0017603 -0.0002678
-0.0017216 -0.0000776
-0.0014155 -0.0003514
-0.0010517 -0.0006570
-0.0008661 -0.0008706
-0.0010421 -0.0009433
-0.0011043 -0.0014350
-0.0010716 -0.0014491
-0.0010898 -0.0015407
-0.0011698 -0.0019969
-0.0010906 -0.0020506
-0.0009957 -0.0019352
-0.0008996 -0.0019137
-0.0011281 -0.0016671
-0.0014144 -0.0015528
-0.0012218 -0.0014922
-0.0012577 -0.0014563
-0.0013498 -0.0012423
-0.0009836 -0.0010840
-0.0011313 -0.0013146
-0.0005741 -0.0011046
-0.0002652 -0.0006241
-0.0004001 -0.0001263
 0.0000420  0.0006993
 0.0002322  0.0009868
-0.0000198  0.0013716
 0.0002652  0.0014871
 0.0001877  0.0015848
 0.0004546  0.0010405
 0.0010428  0.0011164
 0.0016375  0.0011499
 0.0020029  0.0012597
 0.0025201  0.0013105
 0.0029969  0.0011696
 0.0026695  0.0013020
 0.0029000  0.0012798
 0.0024777  0.0008587
 0.0019985  0.0009346
 0.0016343  0.0007189
 0.0016165  0.0004347
 0.0013291  0.0008356
 0.0015184  0.0010427
 0.0016286  0.0008522
 0.0017227  0.0010601
 0.0020077  0.0006955
 0.0023517  0.0002546
 0.0028116  0.0002320
 0.0033118 -0.0000914
 0.0037729 -0.0003026
 0.0042905 -0.0000535
 0.0044625  0.0002162
 0.0046192  0.0002793
 0.0046244  0.0007246
 0.0045877  0.0005946
 0.0043422  0.0010137
 0.0040399  0.0013791
 0.0041166  0.0012426
 0.0040447  0.0017792
 0.0041776  0.0018551
 0.0044513  0.0019346
 0.0051825  0.0018240
 0.0055846  0.0020748
 0.0058407  0.0017881
 0.0062460  0.0016916
 0.0067863  0.0016904
 0.0066890  0.0017288
 0.0063615  0.0017469
 0.0061455  0.0019391
 0.0056816  0.0018232
 0.0052197  0.0015927
 0.0047929  0.0013238
 0.0045409  0.0009996
 0.0043475  0.0008119
 0.0044218  0.0002757
 0.0043814  0.0001610
 0.0038597 -0.0003198
 0.0035900 -0.0005100
 0.0032045 -0.0008532
 0.0025734 -0.0007014
 0.0024192 -0.0009081
 0.0020723 -0.0007550
 0.0016702 -0.0007881
 0.0012495 -0.0006492
 0.0012366 -0.0006241
 0.0005482 -0.0005248
 0.0009540 -0.0006330
 0.0009371 -0.0008607
 0.0008987 -0.0006104
 0.0008261 -0.0007472
 0.0009597 -0.0005163
 0.0008071 -0.0002878
 0.0000965 -0.0000278
 0.0000549  0.0005100
-0.0002685  0.0004861
-0.0007865  0.0005233
-0.0015528  0.0002734
-0.0014696  0.0004462
-0.0017357  0.0002730
-0.0016392  0.0001587
-0.0014647 -0.0001639
-0.0016896 -0.0002818
-0.0015556 -0.0001239
-0.0016678 -0.0002955
-0.0021285 -0.0006011
-0.0023400 -0.0011987
-0.0023933 -0.0015988
-0.0023174 -0.0021135
-0.0020118 -0.0026840
-0.0018983 -0.0033934
-0.0016726 -0.0035213
-0.0017518 -0.0036909
-0.0019827 -0.0039602
-0.0019472 -0.0038621
-0.0018919 -0.0038798
-0.0021394 -0.0038395
-0.0017910 -0.0038976
-0.0017134 -0.0040878
-0.0016924 -0.0039549
-0.0012467 -0.0037228
-0.0008429 -0.0036101
-0.0008538 -0.0035020
-0.0005869 -0.0031011
-0.0001234 -0.0031071
 0.0001277 -0.0031338
 0.0006050 -0.0028455
 0.0004475 -0.0027915
 0.0006017 -0.0023889
 0.0005811 -0.0019472
 0.0005177 -0.0014466
 0.0004410 -0.0012366
 0.0001111 -0.0014131
-0.0000278 -0.0013961
 0.0002601 -0.0019719
 0.0002734 -0.0020163
 0.0000416 -0.0023070
-0.0000178 -0.0023648
-0.0001748 -0.0025021
-0.0003735 -0.0025174
-0.0004518 -0.0022085
-0.0003408 -0.0021980
-0.0005173 -0.0022161
-0.0010337 -0.0021135
-0.0012065 -0.0023788
-0.0014544 -0.0025108
-0.0017435 -0.0026832
-0.0015343 -0.0029735
-0.0013220 -0.0031657
-0.0009045 -0.0037600
-0.0005960 -0.0039518
-0.0002153 -0.0040826
 0.0001138 -0.0040042
 0.0005340 -0.0032916
 0.0003988 -0.0031951
 0.0000560 -0.0025633
 0.0004573 -0.0021797
 0.0000927 -0.0019831
 0.0003200 -0.0019088
 0.0004400 -0.0018119
 0.0001311 -0.0021781
 0.0000734 -0.0016011
 0.0000709 -0.0015264
-0.0002331 -0.0008207
-0.0006413 -0.0003778
-0.0003918 -0.0000140
-0.0005666  0.0005185
-0.0003026  0.0010353
-0.0000180  0.0009158
-0.0001762  0.0014528
 0.0002020  0.0019716
-0.0000903  0.0019764
-0.0004936  0.0025736
-0.0006887  0.0027868
-0.0008623  0.0026189
-0.0012087  0.0027360
-0.0011667  0.0025466
-0.0015672  0.0022640
-0.0014703  0.0019588
-0.0014295  0.0017525
-0.0014255  0.0011017
-0.0013439  0.0012526
-0.0014767  0.0012127
-0.0013951  0.0008808
-0.0015292  0.0009567
-0.0011464  0.0009365
-0.0010244  0.0003813
-0.0010240  0.0005141
-0.0004067 -0.0000382
 0.0001215 -0.0002279
 0.0002245 -0.0005396
 0.0003452 -0.0004068
 0.0002334 -0.0006979
-0.0001829 -0.0004723
-0.0004707 -0.0005126
-0.0012366 -0.0004000
-0.0011595 -0.0005542
-0.0013905 -0.0004210
-0.0018144 -0.0004622
-0.0018576 -0.0001751
-0.0019602 -0.0004243
-0.0015048 -0.0005195
-0.0015464 -0.0005171
-0.0006691 -0.0007674
-0.0004038 -0.0006721
 0.0001905 -0.0005228
 0.0007238 -0.0006015
 0.0009160 -0.0005313
 0.0013565 -0.0004046
 0.0017610 -0.0006400
 0.0020695 -0.0005471
 0.0028609 -0.0005035
 0.0032840 -0.0000820
 0.0039962  0.0000355
 0.0043426  0.0006892
 0.0044202  0.0010921
 0.0048841  0.0013231
 0.0050036  0.0014587
 0.0048534  0.0016315
 0.0047602  0.0012629
 0.0049148  0.0008228
 0.0042991  0.0009767
 0.0041461  0.0010174
 0.0040484  0.0006347
 0.0037811  0.0009569
 0.0035861  0.0009722
 0.0034339  0.0011381
 0.0030677  0.0013997
 0.0027160  0.0014715
 0.0026174  0.0017768
 0.0022710  0.0015809
 0.0021676  0.0015846
 0.0019964  0.0017396
 0.0019020  0.0019702
 0.0016718  0.0020134
 0.0015535  0.0019758
 0.0011473  0.0020150
 0.0010476  0.0018265
 0.0007536  0.0014078
 0.0009349  0.0011950
 0.0010503  0.0009698
 0.0007568  0.0011854
 0.0008290  0.0014163
 0.0008480  0.0017466
 0.0011189  0.0022267
 0.0013652  0.0030099
 0.0016725  0.0032978
 0.0017306  0.0036797
 0.0019418  0.0040766
 0.0015937  0.0039744
 0.0008851  0.0042445
 0.0006570  0.0043737
 0.0004475  0.0045724
-0.0000665  0.0047452
-0.0005578  0.0045732
-0.0011662  0.0046370
-0.0015267  0.0043524
-0.0012521  0.0037985
-0.0013252  0.0031892
-0.0005597  0.0030738
 0.0002857  0.0026724
 0.0004989  0.0025380
 0.0010937  0.0026329
 0.0012071  0.0024411
 0.0011114  0.0021875
 0.0008260  0.0018774
 0.0003253  0.0013400
-0.0001697  0.0007247
-0.0003182  0.0004203
-0.0002431  0.0004215
-0.0002374  0.0003270
-0.0005459  0.0008265
-0.0005265  0.0016715
-0.0007212  0.0023054
-0.0003137  0.0023817
-0.0003970  0.0028073
-0.0006287  0.0027116
-0.0003223  0.0028872
-0.0003796  0.0025235
-0.0004563  0.0024843
 0.0000056  0.0022711
 0.0002176  0.0021944
 0.0003585  0.0022699
 0.0007667  0.0022126
 0.0009056  0.0021738
 0.0010058  0.0021524
 0.0008548  0.0018649
 0.0008976  0.0016740
 0.0007066  0.0014257
 0.0004180  0.0018306
 0.0005387  0.0012581
 0.0004063  0.0015456
 0.0007135  0.0017002
 0.0010248  0.0016607
 0.0011775  0.0017341
 0.0014310  0.0016740
 0.0014936  0.0013239
 0.0016511  0.0004162
 0.0014799 -0.0000069
 0.0018268 -0.0010243
 0.0020734 -0.0013530
 0.0021477 -0.0017196
 0.0025870 -0.0019651
 0.0025454 -0.0016792
 0.0027154 -0.0015565
 0.0027355 -0.0017656
 0.0025240 -0.0012310
 0.0024473 -0.0013021
 0.0026213 -0.0013219
 0.0021969 -0.0013590
 0.0022873 -0.0016683
 0.0023031 -0.0019537
 0.0022809 -0.0020712
 0.0020042 -0.0023801
 0.0020224 -0.0022646
 0.0019800 -0.0021500
 0.0019057 -0.0021483
 0.0017366 -0.0017276
 0.0022356 -0.0013808
 0.0023515 -0.0010534
 0.0024108 -0.0008632
 0.0023495 -0.0006912
 0.0027334 -0.0002314
 0.0025566 -0.0000545
 0.0027673  0.0003081
 0.0026329  0.0003497
 0.0025553  0.0004825
 0.0024770  0.0004833
 0.0024007  0.0005023
 0.0022828  0.0007433
 0.0023607  0.0009161
 0.0023199  0.0007614
 0.0022783  0.0011652
 0.0025262  0.0007263
 0.0026570  0.0006480
 0.0025819  0.0008604
 0.0025201  0.0009738
 0.0024781  0.0009338
 0.0023610  0.0009552
 0.0027058  0.0009197
 0.0027232  0.0010570
 0.0028330  0.0011354
 0.0032032  0.0008689
 0.0031471  0.0005839
 0.0034560  0.0006836
 0.0033632  0.0004999
 0.0033850  0.0008290
 0.0032929  0.0012009
 0.0026247  0.0010326
 0.0018382  0.0013633
 0.0014918  0.0018037
 0.0007457  0.0019180
 0.0004381  0.0019139
 0.0004760  0.0021796
 0.0001506  0.0023500
 0.0000537  0.0024214
 0.0004376  0.0028207
 0.0004744  0.0028954
 0.0008543  0.0033140
 0.0009475  0.0033504
 0.0011571  0.0034053
 0.0007743  0.0035930
 0.0008680  0.0037848
 0.0005248  0.0037448
 0.0001820  0.0040133
 0.0002430  0.0035558
-0.0003117  0.0030774
-0.0006751  0.0025626
-0.0009387  0.0016841
-0.0012807  0.0004386
-0.0017793 -0.0004283
-0.0017765 -0.0013646
-0.0021394 -0.0020199
-0.0020631 -0.0021980
-0.0019274 -0.0026950
-0.0020998 -0.0024261
-0.0018318 -0.0022177
-0.0018297 -0.0018524
-0.0015782 -0.0013129
-0.0015200 -0.0007622
-0.0012656 -0.0005874
-0.0012669 -0.0003997
-0.0010117 -0.0001950
-0.0009164 -0.0006969
-0.0011094 -0.0008552
-0.0012446 -0.0008738
-0.0016113 -0.0011023
-0.0020538 -0.0011410
-0.0025338 -0.0014079
-0.0025173 -0.0016170
-0.0028605 -0.0017131
-0.0023243 -0.0014063
-0.0022863 -0.0014293
-0.0018871 -0.0012202
-0.0012750 -0.0010514
-0.0015645 -0.0011120
-0.0015265 -0.0009194
-0.0012399 -0.0008411
-0.0013388 -0.0006097
-0.0011628 -0.0002274
-0.0007437 -0.0002488
-0.0007631  0.0004028
-0.0007647  0.0009551
-0.0001155  0.0012628
-0.0005419  0.0014901
-0.0004333  0.0020465
-0.0001805  0.0020848
-0.0001478  0.0021195
 0.0001804  0.0022511
 0.0002983  0.0023270
 0.0004320  0.0022689
 0.0005882  0.0025592
 0.0008022  0.0025241
 0.0004413  0.0025261
 0.0008802  0.0028762
 0.0010897  0.0026691
 0.0011264  0.0030551
 0.0011038  0.0028666
 0.0015080  0.0029073
 0.0017195  0.0026599
 0.0017583  0.0024895
 0.0022388  0.0026256
 0.0025884  0.0023405
 0.0031242  0.0023446
 0.0037318  0.0021916
 0.0043620  0.0018645
 0.0047407  0.0017874
 0.0049882  0.0017087
 0.0046741  0.0016485
 0.0048424  0.0016469
 0.0048824  0.0014967
 0.0044019  0.0014596
 0.0043656  0.0016150
 0.0043458  0.0017527
 0.0043842  0.0018524
 0.0041383  0.0017221
 0.0038892  0.0012799
 0.0041379  0.0016037
 0.0040442  0.0011055
 0.0040067  0.0006800
 0.0041007  0.0008693
 0.0043494  0.0012104
 0.0040244  0.0016101
 0.0039118  0.0017046
 0.0039526  0.0020728
 0.0035125  0.0020914
 0.0037847  0.0019029
 0.0037318  0.0015981
 0.0037734  0.0013118
 0.0039656  0.0013502
 0.0040427  0.0014079
 0.0042700  0.0011423
 0.0038440  0.0012383
 0.0037422  0.0015480
 0.0033381  0.0013211
 0.0035089  0.0012485
 0.0030672  0.0013426
 0.0032630  0.0012897
 0.0032109  0.0011197
 0.0030079  0.0010991
 0.0030536  0.0009102
 0.0029248  0.0006025
 0.0025853  0.0004495
 0.0024359  0.0003546
 0.0021896 -0.0001052
 0.0013656 -0.0001077
 0.0007560 -0.0003580
 0.0005844 -0.0007016
 0.0001608 -0.0009894
-0.0000681 -0.0012196
 0.0001455 -0.0014740
 0.0002190 -0.0015531
 0.0001822 -0.0021095
 0.0004701 -0.0021890
 0.0000700 -0.0024212
-0.0000661 -0.0029441
-0.0005053 -0.0032542
-0.0007157 -0.0032974
-0.0007718 -0.0034133
-0.0005986 -0.0038946
-0.0002724 -0.0035534
 0.0000963 -0.0035159
 0.0011339 -0.0031731
 0.0014424 -0.0030253
 0.0020331 -0.0027762
 0.0023520 -0.0020160
 0.0028231 -0.0016955
 0.0029297 -0.0012239
 0.0029005 -0.0010334
 0.0027204 -0.0005953
 0.0027382 -0.0008452
 0.0026154 -0.0008469
 0.0024038 -0.0008501
 0.0021729 -0.0008727
 0.0017316 -0.0005631
 0.0012689 -0.0008303
 0.0008849 -0.0006159
 0.0007880 -0.0004189
 0.0007258 -0.0004705
 0.0007823 -0.0007741
 0.0010492 -0.0006122
 0.0012563 -0.0007680
 0.0014650 -0.0007701
 0.0018284 -0.0013095
 0.0022301 -0.0011589
 0.0025152 -0.0007733
 0.0027506 -0.0008884
 0.0033251 -0.0007325
 0.0038419 -0.0005516
 0.0041334 -0.0007769
 0.0049583 -0.0004837
 0.0051286  0.0001163
 0.0051315  0.0002758
 0.0053398  0.0007530
 0.0055477  0.0015807
 0.0051076  0.0013910
 0.0043183  0.0018149
 0.0038996  0.0019163
 0.0035944  0.0017322
 0.0030393  0.0014100
 0.0026230  0.0008206
 0.0021660  0.0004213
 0.0016109  0.0001334
 0.0014042 -0.0002901
 0.0008676 -0.0006975
 0.0009072 -0.0009140
 0.0007142 -0.0010504
 0.0006524 -0.0008801
 0.0010727 -0.0006701
 0.0010525 -0.0005571
 0.0011841 -0.0002115
 0.0014728  0.0003643
 0.0013787  0.0008831
 0.0010908  0.0014944
 0.0013815  0.0020152
 0.0009612  0.0024371
 0.0008478  0.0023584
 0.0008696  0.0022041
 0.0006278  0.0021654
 0.0008608  0.0019728
 0.0007143  0.0013934
 0.0004333  0.0011947
 0.0003421  0.0009634
 0.0002117  0.0003489
-0.0004787  0.0001696
-0.0004989 -0.0002568
-0.0007101 -0.0006230
-0.0005773 -0.0006989
-0.0004222 -0.0001834
-0.0001287 -0.0000263
-0.0002986  0.0004978
-0.0001032  0.0011482
-0.0002122  0.0011846
-0.0001512  0.0019125
-0.0001068  0.0017344
 0.0001287  0.0012309
 0.0000140  0.0013391
 0.0001694  0.0009305
-0.0002706  0.0005780
-0.0004665  0.0005364
-0.0007358  0.0005723
-0.0014302  0.0001269
-0.0016451  0.0002832
-0.0019192  0.0000349
-0.0020545 -0.0003668
-0.0021732 -0.0007281
-0.0020610 -0.0011682
-0.0018107 -0.0018360
-0.0014860 -0.0023936
-0.0013157 -0.0026758
-0.0008986 -0.0029612
-0.0009152 -0.0027884
-0.0006091 -0.0026527
-0.0007040 -0.0022882
-0.0003621 -0.0016971
 0.0000005 -0.0014863
 0.0001491 -0.0008020
 0.0001474 -0.0005735
 0.0002794 -0.0005194
 0.0000489 -0.0005792
 0.0002774 -0.0006959
 0.0002197 -0.0006010
 0.0001058 -0.0007383
 0.0001652 -0.0008921
-0.0001255 -0.0007218
-0.0001696 -0.0005082
-0.0003444 -0.0003172
-0.0003129 -0.0003696
-0.0008189 -0.0000224
-0.0006376 -0.0001887
-0.0007196 -0.0004713
-0.0004964 -0.0003094
-0.0005945 -0.0004337
-0.0006547 -0.0000659
-0.0011711  0.0003787
-0.0012659  0.0003811
-0.0011864  0.0006512
-0.0010342  0.0007655
-0.0008602  0.0000739
-0.0003430  0.0003052
-0.0002291  0.0000961
 0.0002138 -0.0000367
 0.0004597  0.0000089
 0.0010007 -0.0001784
 0.0014638 -0.0001348
 0.0016580 -0.0005345
 0.0018325 -0.0004194
 0.0016992 -0.0005308
 0.0017356 -0.0005518
 0.0013326 -0.0002817
 0.0009676 -0.0009119
 0.0006257 -0.0009474
 0.0002360 -0.0006365
 0.0002562 -0.0008218
 0.0001589 -0.0003995
-0.0002860 -0.0002642
-0.0005117 -0.0002226
-0.0009138  0.0003931
-0.0011052  0.0004524
