[PARAMETERS]
DW=1E-007
TAU=6E-005
TD=4096
BS=4096
NS=256
NSC=256
FR=55.950000
GAIN=4.974204
D0=0.05
D1=4.5E-006
D2=1E-005
D3=2.5E-005
D4=1E-005
D5=5E-005
D6=0.001
D7=0.001
D8=0.001
D9=0.05
C0=1
SEGTD=0
SEGOFF=0
SEGNUM=0
[ADDITIONAL]
PPFILE=ZG_two_T2.PC
DATEWR=27.09.2024
TIMEWR=09:21:51
DATESTA=27.09.2024
TIMESTA=09:21:14
DATEEND=27.09.2024
TIMEEND=09:21:51
CURR_Z0=0
CURR_Z1=1
TE=-1
[VARIABLES]
_USER=Measurements
_EMAIL_F=7NMR.NMR-270-ijs.si
_ITC_H=1
_ITC_R0= 35.00
_ITC_R1= 35.00
_ITC_R2= 53.10
_ITC_R3=  0.00
_ITC_R4=  0.00
_ITC_V=  2.42
_ITC_X=X0A1C1S00H1
_FW=100
_ORIENT=?
_THETA=0
_TITLE=?
_DESCR1=?
_DESCR2=?
_FR_LARM=55.95000000
_FR_SYNT=525.95000000
_TRIMLEV=1.9482421875
_DATE=27.09.2024
_TIME=09:16:34
[PPFILE]
; pi/2 - pi


DELAY D9
PULSE [GT] 3u
PULSE [PHL1,GT] D1
DELAY TAU-3u
PULSE [GT] 3u
PULSE [PHL2,GT] 2*D1
DELAY TAU-D3
PULSE [TR] 1u+DW
DELAY 1m
STOP

;PHL 1 [+X] [+X] [+Y] [+Y] [-X] [-X] [-Y] [-Y]
;PHL 2 [+Y] [-Y] [-X] [+X] [-Y] [+Y] [+X] [-X]
;!RLS +X+X+Y+Y-X-X-Y-Y

PHL 1 [+X] [+X] [-X] [-X] [+Y] [+Y] [-Y] [-Y] [+X] [+X] [-X] [-X] [+Y] [+Y] [-Y] [-Y]
PHL 2 [+Y] [-Y] [-Y] [+Y] [-X] [+X] [+X] [-X] [+X] [-X] [-X] [+X] [-Y] [+Y] [+Y] [-Y]
!RLS +X+X-X-X+Y+Y-Y-Y-X-X+X+X-Y-Y+Y+Y
[DATA]
-0.0001153 -0.0002120
-0.0000862 -0.0001720
-0.0000097 -0.0001145
-0.0000095 -0.0002497
-0.0000214 -0.0001823
 0.0000186 -0.0001718
 0.0000392 -0.0002576
-0.0000190 -0.0003073
-0.0000087 -0.0000662
 0.0001153  0.0000480
 0.0000103 -0.0002897
 0.0000274 -0.0003250
 0.0002289 -0.0000755
 0.0001141 -0.0001522
-0.0000862 -0.0000388
-0.0000014  0.0002019
-0.0001151 -0.0000773
-0.0000585 -0.0001831
 0.0000585  0.0000686
 0.0000567  0.0000666
-0.0001248 -0.0001732
-0.0000862 -0.0001544
-0.0000850 -0.0001147
-0.0000272 -0.0001141
-0.0000672 -0.0000272
-0.0001445 -0.0002194
 0.0000283 -0.0000773
-0.0001143 -0.0002790
-0.0001231 -0.0000388
 0.0000850 -0.0000759
 0.0000006 -0.0000099
-0.0000103 -0.0000581
 0.0000176 -0.0000868
-0.0001837 -0.0000569
 0.0000876 -0.0000959
 0.0000466  0.0001480
 0.0002198  0.0000884
 0.0001149 -0.0001530
 0.0001233  0.0000997
 0.0001167  0.0000676
 0.0001819 -0.0000056
 0.0000850  0.0000024
 0.0001058  0.0000485
 0.0001250  0.0000303
 0.0000973  0.0000491
 0.0000105  0.0001623
 0.0000783 -0.0000093
-0.0000398 -0.0000274
-0.0000006  0.0001526
 0.0001649  0.0001072
 0.0001068  0.0000674
 0.0001336  0.0000779
 0.0000476 -0.0001074
-0.0001351  0.0001239
 0.0000561  0.0001714
-0.0000590 -0.0000121
 0.0000678  0.0000371
 0.0000190 -0.0000404
 0.0000373 -0.0001264
-0.0003058  0.0000725
 0.0000573 -0.0000101
-0.0000103  0.0001988
-0.0000884  0.0001520
 0.0001920  0.0001050
-0.0000018  0.0000648
 0.0000012 -0.0000410
 0.0000872  0.0000268
 0.0000862  0.0001340
-0.0000581  0.0000188
 0.0002457  0.0001332
 0.0001934  0.0000660
 0.0001710  0.0001542
 0.0002675  0.0000652
 0.0001994  0.0002110
 0.0001454  0.0000658
 0.0001040  0.0000107
 0.0003555  0.0000371
 0.0002889 -0.0001332
 0.0000949  0.0001155
 0.0001827 -0.0001639
 0.0002602  0.0000198
 0.0001621 -0.0000301
 0.0000862 -0.0000662
 0.0001355 -0.0001916
 0.0002598 -0.0001054
-0.0000973 -0.0000006
 0.0000291  0.0000099
 0.0000105  0.0000969
-0.0002592 -0.0001056
 0.0001344 -0.0001447
 0.0003466  0.0000957
-0.0001431 -0.0000777
 0.0000014 -0.0000386
-0.0000020  0.0002382
-0.0000377  0.0000083
 0.0000602  0.0000382
 0.0001340  0.0000186
 0.0000963  0.0001334
-0.0001256  0.0001825
-0.0000285  0.0000367
 0.0000002  0.0002392
 0.0001439  0.0000868
 0.0000941  0.0000371
 0.0000781 -0.0000268
-0.0000089 -0.0000856
-0.0000103  0.0000254
 0.0001276  0.0001254
 0.0000480  0.0000963
 0.0000299  0.0000386
 0.0002394  0.0002225
 0.0001066 -0.0000268
 0.0002114  0.0001631
 0.0000967  0.0000287
 0.0002513  0.0000301
-0.0000668 -0.0000567
 0.0003258 -0.0000943
 0.0001528 -0.0000862
 0.0000311 -0.0000386
 0.0000206 -0.0002283
-0.0001054  0.0001532
 0.0001070  0.0000588
 0.0000590 -0.0000848
 0.0001357  0.0001615
-0.0000569 -0.0000089
-0.0000105  0.0000594
-0.0000466  0.0000947
-0.0000983  0.0002097
 0.0000365  0.0001072
 0.0000107  0.0002408
 0.0000749  0.0000753
 0.0000953 -0.0001433
 0.0000654  0.0001076
 0.0002780  0.0000688
 0.0001225  0.0000198
 0.0001613  0.0001344
 0.0000165  0.0001530
 0.0000848  0.0002594
 0.0000741  0.0000277
 0.0001619  0.0000598
 0.0002003  0.0000402
-0.0000497 -0.0001540
 0.0000949  0.0000113
 0.0000565  0.0000024
-0.0001625  0.0001456
 0.0001353 -0.0002774
 0.0000258 -0.0000652
 0.0001066 -0.0000557
-0.0000949 -0.0001950
 0.0000957 -0.0000664
 0.0000480 -0.0002124
 0.0000485 -0.0000186
 0.0001623  0.0000371
-0.0000953 -0.0000024
-0.0001342  0.0000289
-0.0001548  0.0001516
 0.0000575  0.0001530
 0.0000662  0.0000581
 0.0000951  0.0001151
 0.0000373 -0.0000493
 0.0002770  0.0000870
 0.0000648  0.0002122
-0.0000571  0.0001635
 0.0001635 -0.0000478
 0.0001738 -0.0001633
 0.0000474  0.0000485
-0.0001437 -0.0001266
 0.0001336  0.0000499
 0.0000285  0.0000497
 0.0001548 -0.0002103
 0.0000192 -0.0001807
 0.0000293  0.0000204
 0.0001906 -0.0001552
-0.0001050 -0.0001359
 0.0001839  0.0000105
 0.0000480 -0.0000680
-0.0000872 -0.0000676
-0.0000878  0.0000283
 0.0001342  0.0000856
 0.0000765 -0.0001072
-0.0001631 -0.0001078
-0.0001730  0.0000083
-0.0000747  0.0000079
-0.0000478 -0.0001177
-0.0001627 -0.0001179
 0.0000008 -0.0000691
 0.0001557 -0.0001817
-0.0001619 -0.0001928
-0.0001542  0.0001524
 0.0002223 -0.0000182
 0.0000761 -0.0002574
 0.0000493 -0.0001256
 0.0000571  0.0001924
-0.0001825  0.0003850
-0.0004910  0.0005842
-0.0006460  0.0011428
-0.0009304  0.0009817
-0.0014379  0.0011551
-0.0015314  0.0013504
-0.0021255  0.0012583
-0.0026891  0.0012503
-0.0031379  0.0007854
-0.0037506  0.0001137
-0.0037384 -0.0006421
-0.0036040 -0.0017154
-0.0028460 -0.0026204
-0.0018002 -0.0031689
-0.0005325 -0.0036442
 0.0002920 -0.0038713
 0.0009541 -0.0038077
 0.0013767 -0.0038401
 0.0012533 -0.0038253
 0.0008790 -0.0036943
 0.0007151 -0.0033374
 0.0003780 -0.0028949
 0.0000974 -0.0027092
 0.0002019 -0.0021784
 0.0001751 -0.0021215
 0.0003598 -0.0017347
 0.0008332 -0.0016368
 0.0014776 -0.0014640
 0.0021325 -0.0011095
 0.0025035 -0.0011876
 0.0026925 -0.0005949
 0.0029971 -0.0003258
 0.0028747  0.0001421
 0.0026304  0.0004677
 0.0023308  0.0004393
 0.0023312  0.0006767
 0.0023028  0.0007639
 0.0024788  0.0007423
 0.0028370  0.0007846
 0.0033948  0.0008793
 0.0039810  0.0009431
 0.0043076  0.0008936
 0.0051141  0.0009728
 0.0056128  0.0010218
 0.0058239  0.0014922
 0.0062176  0.0017922
 0.0065262  0.0021572
 0.0067469  0.0026998
 0.0069574  0.0032727
 0.0070426  0.0035196
 0.0070626  0.0039859
 0.0073033  0.0042168
 0.0073507  0.0042449
 0.0074864  0.0044459
 0.0077956  0.0046333
 0.0083809  0.0047304
 0.0086217  0.0053312
 0.0091032  0.0054423
 0.0093121  0.0062508
 0.0094070  0.0063409
 0.0099651  0.0064123
 0.0107680  0.0061863
 0.0112945  0.0059188
 0.0123248  0.0058742
 0.0131846  0.0061257
 0.0137286  0.0063839
 0.0141941  0.0068095
 0.0143487  0.0070427
 0.0143209  0.0069973
 0.0144794  0.0069325
 0.0142473  0.0067631
 0.0142392  0.0067712
 0.0142873  0.0065493
 0.0141887  0.0068253
 0.0143841  0.0068703
 0.0145212  0.0071244
 0.0146443  0.0075703
 0.0151005  0.0079115
 0.0153185  0.0081398
 0.0155809  0.0085482
 0.0156707  0.0088370
 0.0158791  0.0090969
 0.0160002  0.0092620
 0.0163231  0.0093823
 0.0169183  0.0090440
 0.0172578  0.0090186
 0.0176624  0.0088135
 0.0182408  0.0085897
 0.0185804  0.0084991
 0.0191410  0.0081864
 0.0195363  0.0079264
 0.0202027  0.0074154
 0.0208138  0.0069682
 0.0213350  0.0062479
 0.0222574  0.0056231
 0.0230849  0.0049120
 0.0239370  0.0046061
 0.0247376  0.0041303
 0.0253477  0.0037788
 0.0257758  0.0033637
 0.0261149  0.0035153
 0.0261446  0.0034085
 0.0265788  0.0030914
 0.0270979  0.0027456
 0.0279241  0.0021096
 0.0283436  0.0018861
 0.0292918  0.0013929
 0.0299620  0.0009706
 0.0305368  0.0009750
 0.0312990  0.0008208
 0.0319044  0.0004885
 0.0324481  0.0006712
 0.0331934  0.0007861
 0.0337025  0.0010296
 0.0339688  0.0013021
 0.0343715  0.0016900
 0.0344119  0.0017332
 0.0347704  0.0018513
 0.0351007  0.0014865
 0.0357643  0.0012862
 0.0362813  0.0009592
 0.0369525  0.0003974
 0.0374005 -0.0000383
 0.0376001 -0.0003492
 0.0377703 -0.0009266
 0.0377028 -0.0014026
 0.0375849 -0.0017839
 0.0378744 -0.0021931
 0.0380089 -0.0026711
 0.0383825 -0.0031427
 0.0384591 -0.0036492
 0.0387944 -0.0036274
 0.0387005 -0.0041823
 0.0383157 -0.0043418
 0.0381546 -0.0043848
 0.0377176 -0.0045537
 0.0374406 -0.0046255
 0.0370563 -0.0048375
 0.0366305 -0.0050311
 0.0365986 -0.0054268
 0.0361520 -0.0061804
 0.0363450 -0.0067279
 0.0363453 -0.0071101
 0.0366848 -0.0074260
 0.0367851 -0.0074690
 0.0366862 -0.0075230
 0.0366468 -0.0075111
 0.0365611 -0.0075757
 0.0363331 -0.0078065
 0.0361674 -0.0084377
 0.0362697 -0.0086365
 0.0362966 -0.0093227
 0.0365047 -0.0097979
 0.0366363 -0.0098822
 0.0363831 -0.0103970
 0.0363508 -0.0106094
 0.0358304 -0.0110894
 0.0352617 -0.0118231
 0.0347998 -0.0125079
 0.0343104 -0.0132992
 0.0340696 -0.0136977
 0.0336961 -0.0144974
 0.0334620 -0.0145860
 0.0329747 -0.0147835
 0.0325370 -0.0146290
 0.0319767 -0.0147823
 0.0313493 -0.0149736
 0.0308779 -0.0151145
 0.0302128 -0.0153410
 0.0296532 -0.0155142
 0.0292495 -0.0155615
 0.0287725 -0.0160009
 0.0282596 -0.0160613
 0.0279255 -0.0161211
 0.0275617 -0.0160062
 0.0271846 -0.0160450
 0.0270370 -0.0157290
 0.0269873 -0.0159099
 0.0268226 -0.0161158
 0.0268276 -0.0167093
 0.0268078 -0.0174718
 0.0267166 -0.0181771
 0.0262349 -0.0188989
 0.0260582 -0.0195492
 0.0252683 -0.0198915
 0.0245451 -0.0201663
 0.0239651 -0.0201636
 0.0232047 -0.0197114
 0.0226154 -0.0190515
 0.0218949 -0.0184552
 0.0212228 -0.0176184
 0.0204658 -0.0166550
 0.0194994 -0.0158808
 0.0187160 -0.0150396
 0.0176523 -0.0141315
 0.0165897 -0.0137810
 0.0154071 -0.0132440
 0.0144920 -0.0130141
 0.0132797 -0.0130842
 0.0128735 -0.0131631
 0.0125251 -0.0131952
 0.0119108 -0.0130945
 0.0115452 -0.0132435
 0.0110059 -0.0131517
 0.0104070 -0.0130528
 0.0095629 -0.0127870
 0.0091400 -0.0125798
 0.0084120 -0.0119995
 0.0082197 -0.0113400
 0.0078765 -0.0109853
 0.0078288 -0.0107978
 0.0075389 -0.0103682
 0.0072484 -0.0101033
 0.0068818 -0.0099778
 0.0063719 -0.0096814
 0.0057507 -0.0094816
 0.0050789 -0.0090185
 0.0046673 -0.0086331
 0.0042482 -0.0085057
 0.0043925 -0.0081980
 0.0047107 -0.0078122
 0.0051429 -0.0072928
 0.0059203 -0.0070419
 0.0062134 -0.0063785
 0.0064135 -0.0060220
 0.0066391 -0.0056929
 0.0063797 -0.0054690
 0.0064880 -0.0054391
 0.0062205 -0.0053497
 0.0061028 -0.0057968
 0.0059274 -0.0059490
 0.0058003 -0.0060699
 0.0053098 -0.0058107
 0.0050286 -0.0059127
 0.0047607 -0.0055979
 0.0044747 -0.0052630
 0.0042552 -0.0051997
 0.0044248 -0.0047701
 0.0045735 -0.0044552
 0.0047897 -0.0045236
 0.0051749 -0.0040884
 0.0052738 -0.0039335
 0.0054102 -0.0039081
 0.0057971 -0.0037590
 0.0059086 -0.0034760
 0.0060226 -0.0033498
 0.0061417 -0.0031538
 0.0061363 -0.0034206
 0.0060017 -0.0031524
 0.0057137 -0.0028425
 0.0053764 -0.0026581
 0.0047393 -0.0021341
 0.0042260 -0.0019964
 0.0037941 -0.0015747
 0.0035428 -0.0013524
 0.0029939 -0.0009184
 0.0026501 -0.0003628
 0.0021818 -0.0004777
 0.0015297 -0.0002028
 0.0010650 -0.0007137
 0.0006235 -0.0007781
 0.0004185 -0.0011117
 0.0003048 -0.0015885
 0.0000462 -0.0019412
 0.0000842 -0.0020022
 0.0000359 -0.0022754
 0.0003310 -0.0023261
 0.0004550 -0.0022142
 0.0007885 -0.0018620
 0.0012322 -0.0015073
 0.0017783 -0.0010236
 0.0023635 -0.0002686
 0.0028629  0.0004932
 0.0032580  0.0011806
 0.0035075  0.0019116
 0.0033570  0.0026280
 0.0031604  0.0029756
 0.0028481  0.0030245
 0.0021531  0.0029249
 0.0016512  0.0025585
 0.0014464  0.0023569
 0.0014894  0.0021649
 0.0015193  0.0019701
 0.0016416  0.0021269
 0.0018025  0.0026260
 0.0018277  0.0027885
 0.0019288  0.0033751
 0.0017433  0.0037829
 0.0012047  0.0040302
 0.0010327  0.0039539
 0.0003614  0.0036644
-0.0002315  0.0029915
-0.0003158  0.0023873
-0.0001547  0.0019844
 0.0001228  0.0017159
 0.0007405  0.0015608
 0.0015325  0.0012845
 0.0020097  0.0011783
 0.0028297  0.0010236
 0.0032504  0.0007083
 0.0034007  0.0003827
 0.0033428  0.0000294
 0.0032742 -0.0000822
 0.0032608 -0.0003852
 0.0029675 -0.0002766
 0.0027531 -0.0005022
 0.0025566 -0.0006940
 0.0024165 -0.0006660
 0.0020872 -0.0010790
 0.0019160 -0.0011587
 0.0019265 -0.0009490
 0.0018472 -0.0012092
 0.0019868 -0.0009950
 0.0024810 -0.0007843
 0.0023823 -0.0007045
 0.0025612 -0.0005404
 0.0027275 -0.0002236
 0.0027112  0.0000661
 0.0023070  0.0002685
 0.0017232  0.0002803
 0.0011933  0.0004087
 0.0005180  0.0005934
 0.0001811  0.0005432
-0.0002711  0.0003625
-0.0004744  0.0003171
-0.0005515  0.0005488
-0.0003495  0.0007188
-0.0006365  0.0005115
-0.0008188  0.0005223
-0.0008194  0.0002627
-0.0009201  0.0002525
-0.0006304  0.0002531
-0.0009132  0.0002649
-0.0011341  0.0006059
-0.0014607  0.0007965
-0.0016224  0.0006642
-0.0020241  0.0004739
-0.0022151  0.0002258
-0.0024864  0.0000049
-0.0026429 -0.0004186
-0.0023718 -0.0009453
-0.0021084 -0.0013315
-0.0015709 -0.0015525
-0.0009427 -0.0016947
-0.0002141 -0.0015398
 0.0002322 -0.0013783
 0.0006061 -0.0009253
 0.0008451 -0.0005785
 0.0009400 -0.0002145
 0.0011128  0.0001059
 0.0009791  0.0000629
 0.0008245  0.0002967
 0.0007948  0.0000997
 0.0004286  0.0001809
 0.0004811  0.0003739
 0.0004751  0.0008398
 0.0002793  0.0013818
 0.0001974  0.0018401
-0.0000273  0.0023239
-0.0001710  0.0027321
-0.0004857  0.0028245
-0.0007037  0.0028540
-0.0011071  0.0027093
-0.0011541  0.0023356
-0.0013669  0.0020718
-0.0014071  0.0019565
-0.0013421  0.0021305
-0.0014511  0.0026126
-0.0016742  0.0027862
-0.0020608  0.0030374
-0.0022538  0.0031442
-0.0025786  0.0028844
-0.0027728  0.0022699
-0.0027922  0.0016089
-0.0025897  0.0011097
-0.0020705  0.0003327
-0.0016987  0.0002176
-0.0009895  0.0004403
-0.0004747  0.0008129
-0.0001911  0.0018114
 0.0003309  0.0023242
 0.0005640  0.0026844
 0.0005939  0.0026808
 0.0010822  0.0026881
 0.0009601  0.0022341
 0.0009676  0.0018340
 0.0011090  0.0012136
 0.0008597  0.0007517
 0.0003946  0.0003340
 0.0000270 -0.0000526
-0.0004508 -0.0003368
-0.0008616 -0.0009144
-0.0006407 -0.0013949
-0.0003710 -0.0019244
-0.0004986 -0.0023584
-0.0000295 -0.0025581
-0.0001480 -0.0026641
-0.0003896 -0.0026919
-0.0004750 -0.0024010
-0.0009743 -0.0021224
-0.0011931 -0.0015018
-0.0011822 -0.0012644
-0.0013425 -0.0008289
-0.0015429 -0.0002879
-0.0017621  0.0003563
-0.0019053  0.0005103
-0.0020321  0.0007496
-0.0018037  0.0012645
-0.0019598  0.0014514
-0.0017902  0.0016299
-0.0018527  0.0017021
-0.0022102  0.0020407
-0.0018866  0.0022125
-0.0017536  0.0020438
-0.0016556  0.0019931
-0.0008649  0.0021714
-0.0004296  0.0018331
 0.0000308  0.0018648
 0.0005969  0.0015614
 0.0010013  0.0012550
 0.0008763  0.0014104
 0.0007243  0.0014274
 0.0005739  0.0017231
 0.0001340  0.0020911
 0.0001445  0.0024413
-0.0002360  0.0027401
-0.0001488  0.0030402
 0.0000065  0.0029568
 0.0005851  0.0026265
 0.0011313  0.0022448
 0.0020182  0.0017044
 0.0026246  0.0010760
 0.0032051  0.0005727
 0.0035979  0.0002201
 0.0036587 -0.0001360
 0.0034088 -0.0002913
 0.0034649 -0.0007954
 0.0032349 -0.0008582
 0.0034057 -0.0007977
 0.0036615 -0.0010222
 0.0035353 -0.0007573
 0.0035972 -0.0006023
 0.0034240 -0.0001991
 0.0033610 -0.0001448
 0.0033757  0.0000985
 0.0033162  0.0005182
 0.0033499  0.0007324
 0.0034033  0.0009246
 0.0038099  0.0009155
 0.0038428  0.0006900
 0.0043175  0.0006199
 0.0040936  0.0004786
 0.0040815  0.0002123
 0.0038617 -0.0000482
 0.0032839  0.0000940
 0.0027358 -0.0001400
 0.0025434 -0.0005135
 0.0022566 -0.0008480
 0.0025426 -0.0010311
 0.0029585 -0.0016044
 0.0033691 -0.0018568
 0.0038714 -0.0016800
 0.0043805 -0.0016354
 0.0044508 -0.0016091
 0.0045507 -0.0011905
 0.0043844 -0.0011705
 0.0040009 -0.0006815
 0.0040094 -0.0004193
 0.0037900  0.0001197
 0.0038165  0.0005144
 0.0042043  0.0011320
 0.0044117  0.0016225
 0.0047141  0.0019128
 0.0052822  0.0022122
 0.0055905  0.0020590
 0.0054587  0.0023557
 0.0050279  0.0023267
 0.0047204  0.0024783
 0.0040896  0.0026565
 0.0036864  0.0027475
 0.0032453  0.0029835
 0.0029474  0.0030949
 0.0029171  0.0029037
 0.0028511  0.0027885
 0.0023310  0.0028147
 0.0023892  0.0022981
 0.0021772  0.0021465
 0.0019202  0.0021201
 0.0016433  0.0017672
 0.0012700  0.0015102
 0.0009815  0.0017212
 0.0006139  0.0011976
 0.0004667  0.0007989
 0.0007170  0.0003881
 0.0009132 -0.0000025
 0.0014352 -0.0003807
 0.0020789 -0.0005510
 0.0024695 -0.0006096
 0.0027628 -0.0004751
 0.0031046  0.0000257
 0.0033214  0.0001545
 0.0033147  0.0003090
 0.0035313  0.0008769
 0.0036041  0.0007178
 0.0037079  0.0005654
 0.0040783  0.0002977
 0.0042105 -0.0003731
 0.0040533 -0.0009414
 0.0041746 -0.0014340
 0.0038974 -0.0020439
 0.0037900 -0.0022752
 0.0036604 -0.0025266
 0.0035172 -0.0024694
 0.0034510 -0.0024036
 0.0038834 -0.0023933
 0.0039349 -0.0022783
 0.0043131 -0.0018219
 0.0049215 -0.0016898
 0.0052819 -0.0013419
 0.0058054 -0.0007066
 0.0062984 -0.0002629
 0.0061052  0.0003641
 0.0061283  0.0008001
 0.0059408  0.0009164
 0.0052354  0.0009121
 0.0051521  0.0009917
 0.0047239  0.0010232
 0.0041696  0.0008770
 0.0035680  0.0011946
 0.0030026  0.0012105
 0.0023301  0.0007300
 0.0018091  0.0004847
 0.0011931 -0.0001324
 0.0006824 -0.0004982
 0.0004262 -0.0012276
 0.0000388 -0.0017196
-0.0002871 -0.0019755
-0.0003448 -0.0023074
-0.0004978 -0.0024006
-0.0007360 -0.0025371
-0.0007530 -0.0027256
-0.0008850 -0.0029642
-0.0011383 -0.0029834
-0.0009435 -0.0030869
-0.0010438 -0.0030201
-0.0011003 -0.0025516
-0.0008288 -0.0024050
-0.0009287 -0.0023883
-0.0012646 -0.0020425
-0.0013403 -0.0022697
-0.0017317 -0.0026244
-0.0022128 -0.0025758
-0.0023926 -0.0028770
-0.0026048 -0.0028964
-0.0028178 -0.0024270
-0.0027106 -0.0024248
-0.0025828 -0.0022328
-0.0021393 -0.0016074
-0.0019543 -0.0014439
-0.0014266 -0.0012529
-0.0012262 -0.0009862
-0.0008211 -0.0011042
-0.0006172 -0.0010773
-0.0000574 -0.0010105
-0.0001384 -0.0010900
-0.0000199 -0.0009590
 0.0000164 -0.0010729
-0.0000012 -0.0010341
-0.0004558 -0.0012241
-0.0004580 -0.0012017
-0.0007576 -0.0014675
-0.0011061 -0.0015043
-0.0010223 -0.0015678
-0.0013316 -0.0015436
-0.0013122 -0.0014226
-0.0015220 -0.0015128
-0.0020825 -0.0016234
-0.0021820 -0.0018190
-0.0027145 -0.0018543
-0.0030716 -0.0016914
-0.0037499 -0.0020140
-0.0040067 -0.0021642
-0.0044562 -0.0025960
-0.0043212 -0.0029563
-0.0039122 -0.0035086
-0.0036189 -0.0036885
-0.0027256 -0.0035419
-0.0017003 -0.0034809
-0.0009417 -0.0033501
 0.0001448 -0.0028158
 0.0009243 -0.0025134
 0.0005813 -0.0020501
 0.0007382 -0.0015650
 0.0005757 -0.0011934
-0.0001024 -0.0010711
-0.0004199 -0.0009280
-0.0009382 -0.0009597
-0.0011140 -0.0015071
-0.0007083 -0.0014587
-0.0003716 -0.0018701
-0.0002362 -0.0016440
 0.0003440 -0.0018602
 0.0004461 -0.0015418
 0.0000735 -0.0013956
-0.0000691 -0.0013563
-0.0004782 -0.0012523
-0.0010699 -0.0009624
-0.0014228 -0.0010014
-0.0017090 -0.0006955
-0.0016983 -0.0002551
-0.0019194  0.0000310
-0.0020155  0.0000498
-0.0020930  0.0006416
-0.0018320  0.0006423
-0.0018503  0.0008140
-0.0016202  0.0010066
-0.0015681  0.0006740
-0.0017380  0.0005819
-0.0018898  0.0003843
-0.0023939  0.0000914
-0.0026919  0.0000079
-0.0026630 -0.0000291
-0.0027975 -0.0001999
-0.0024272 -0.0003513
-0.0016319 -0.0000240
-0.0009243  0.0000438
-0.0004112  0.0004563
 0.0004238  0.0011257
 0.0008356  0.0011253
 0.0008467  0.0018405
 0.0008514  0.0020440
 0.0007079  0.0024370
 0.0004242  0.0028311
 0.0004045  0.0035722
-0.0003095  0.0038499
-0.0005970  0.0041130
-0.0008752  0.0042738
-0.0010609  0.0042146
-0.0012867  0.0042527
-0.0012659  0.0038380
-0.0016372  0.0035000
-0.0012599  0.0035301
-0.0009585  0.0033144
-0.0008593  0.0031949
-0.0005258  0.0031146
-0.0000994  0.0028836
 0.0001547  0.0030948
 0.0006309  0.0030580
 0.0011360  0.0034509
 0.0013013  0.0037143
 0.0016752  0.0045984
 0.0016883  0.0049944
 0.0013678  0.0056945
 0.0010276  0.0062513
 0.0009001  0.0065794
 0.0006831  0.0066579
 0.0008856  0.0066234
 0.0011377  0.0064906
 0.0015254  0.0058991
 0.0024828  0.0052784
 0.0028367  0.0049063
 0.0029905  0.0045183
 0.0030634  0.0038392
 0.0028844  0.0034585
 0.0022832  0.0031737
 0.0017274  0.0031374
 0.0009147  0.0029934
 0.0003337  0.0032504
-0.0000500  0.0030189
-0.0003637  0.0028927
-0.0006845  0.0033437
-0.0005822  0.0029421
-0.0004790  0.0029072
-0.0006468  0.0035347
-0.0003489  0.0035165
-0.0003408  0.0034852
-0.0003741  0.0038253
-0.0001551  0.0035126
 0.0000811  0.0031623
 0.0004030  0.0029869
 0.0007830  0.0025177
 0.0008976  0.0023653
 0.0013466  0.0021558
 0.0015579  0.0015173
 0.0014522  0.0014043
 0.0012313  0.0011721
 0.0013486  0.0008432
 0.0011790  0.0005523
 0.0012931  0.0002131
 0.0013240  0.0000171
 0.0013621  0.0000580
 0.0014102  0.0002109
 0.0014102  0.0003608
 0.0010545  0.0004660
 0.0011159  0.0008332
 0.0006597  0.0007194
 0.0005085  0.0008266
 0.0005969  0.0010969
 0.0003587  0.0015105
 0.0004154  0.0013763
 0.0004796  0.0015429
 0.0002277  0.0014193
 0.0000056  0.0013341
 0.0002935  0.0009338
 0.0001790  0.0007124
 0.0003441  0.0007604
 0.0007124  0.0007419
 0.0007108  0.0007215
 0.0008901  0.0007110
 0.0007815  0.0002416
 0.0005379 -0.0003549
 0.0005094 -0.0009913
 0.0006370 -0.0014499
 0.0007135 -0.0019647
 0.0008064 -0.0019764
 0.0009862 -0.0019892
 0.0010407 -0.0017968
 0.0013720 -0.0012794
 0.0016566 -0.0009091
 0.0018518 -0.0006687
 0.0022166 -0.0003481
 0.0021991 -0.0004220
 0.0024417 -0.0005925
 0.0030096 -0.0007183
 0.0033649 -0.0013485
 0.0033548 -0.0016069
 0.0037277 -0.0020692
 0.0035898 -0.0021884
 0.0031133 -0.0024213
 0.0025983 -0.0023679
 0.0019959 -0.0021117
 0.0013757 -0.0019453
 0.0010854 -0.0015703
 0.0007497 -0.0012212
 0.0007519 -0.0008524
 0.0008783 -0.0004904
 0.0006990 -0.0000963
 0.0002850  0.0001936
 0.0000215  0.0001975
-0.0000994 -0.0001556
-0.0004643 -0.0003466
-0.0007112 -0.0007543
-0.0007153 -0.0010787
-0.0009367 -0.0013242
-0.0010328 -0.0017475
-0.0007245 -0.0019504
-0.0003783 -0.0019585
 0.0001411 -0.0022334
 0.0006508 -0.0023095
 0.0010770 -0.0022300
 0.0013704 -0.0022401
 0.0011437 -0.0019252
 0.0011671 -0.0019486
 0.0007002 -0.0021160
 0.0002369 -0.0020916
-0.0000074 -0.0021626
-0.0002773 -0.0021944
-0.0004701 -0.0020914
-0.0004025 -0.0019093
-0.0006197 -0.0018126
-0.0008472 -0.0015807
-0.0008627 -0.0015502
-0.0013119 -0.0019339
-0.0019033 -0.0023758
-0.0022429 -0.0029617
-0.0025037 -0.0033563
-0.0024765 -0.0035116
-0.0023723 -0.0038092
-0.0024973 -0.0037357
-0.0020435 -0.0034640
-0.0019245 -0.0033751
-0.0019235 -0.0029708
-0.0016685 -0.0026512
-0.0015010 -0.0022763
-0.0015899 -0.0021903
-0.0013673 -0.0019783
-0.0015088 -0.0019787
-0.0013041 -0.0022390
-0.0009189 -0.0024091
-0.0005418 -0.0031534
-0.0004057 -0.0034970
 0.0000631 -0.0038989
 0.0002173 -0.0041480
-0.0000502 -0.0043905
-0.0001774 -0.0044892
-0.0007455 -0.0045278
-0.0013291 -0.0042056
-0.0017441 -0.0038000
-0.0017054 -0.0036462
-0.0015693 -0.0033006
-0.0010507 -0.0028455
-0.0004729 -0.0021036
 0.0001049 -0.0013910
 0.0007295 -0.0008209
 0.0009600 -0.0000687
 0.0012374  0.0005101
 0.0010394  0.0005878
 0.0010497  0.0007971
 0.0007465  0.0008355
 0.0007982  0.0007753
 0.0005515  0.0008187
 0.0003155  0.0008803
 0.0003452  0.0009158
 0.0004023  0.0011055
 0.0001130  0.0014697
 0.0001025  0.0015939
-0.0000327  0.0018209
 0.0001397  0.0019740
-0.0000170  0.0017900
 0.0000102  0.0014036
-0.0001670  0.0009209
-0.0004382 -0.0000022
-0.0007022 -0.0010871
-0.0010690 -0.0017852
-0.0015231 -0.0024356
-0.0020338 -0.0028629
-0.0020548 -0.0029960
-0.0024053 -0.0031938
-0.0021667 -0.0031381
-0.0016620 -0.0031744
-0.0013508 -0.0029461
-0.0009517 -0.0028339
-0.0005706 -0.0029391
-0.0005203 -0.0032857
-0.0004975 -0.0036921
-0.0001956 -0.0042571
-0.0004667 -0.0045381
-0.0005142 -0.0049707
-0.0003861 -0.0050914
-0.0001938 -0.0054540
 0.0002473 -0.0055477
 0.0008959 -0.0055547
 0.0015189 -0.0058406
 0.0018906 -0.0055902
 0.0021972 -0.0053482
 0.0018215 -0.0048873
 0.0018805 -0.0046949
 0.0011515 -0.0044169
 0.0003821 -0.0042770
 0.0000489 -0.0040778
-0.0002865 -0.0038047
-0.0007631 -0.0034951
-0.0009906 -0.0031501
-0.0011244 -0.0028304
-0.0015338 -0.0025974
-0.0017849 -0.0022975
-0.0018744 -0.0019917
-0.0022351 -0.0014759
-0.0023414 -0.0010071
-0.0023297 -0.0006698
-0.0022571 -0.0002864
-0.0018487  0.0000905
-0.0017623  0.0003400
-0.0014159  0.0007718
-0.0010787  0.0009444
-0.0008542  0.0013013
-0.0008025  0.0017028
-0.0005013  0.0020105
-0.0002267  0.0023299
-0.0001278  0.0028578
-0.0000868  0.0033508
-0.0000761  0.0038866
-0.0005646  0.0042003
-0.0005257  0.0040072
-0.0008503  0.0039733
-0.0011161  0.0039162
-0.0010566  0.0031955
-0.0008250  0.0025497
-0.0004485  0.0017565
 0.0001660  0.0011113
 0.0006261  0.0006556
 0.0009686  0.0003948
 0.0013298  0.0001182
 0.0017024  0.0001574
 0.0018169  0.0000534
 0.0018250 -0.0001184
 0.0020190 -0.0002338
 0.0021720 -0.0002122
 0.0020676 -0.0002429
 0.0019509 -0.0001626
 0.0019233  0.0001576
 0.0012444  0.0001984
 0.0009383  0.0007857
 0.0005071  0.0011903
 0.0002494  0.0016311
-0.0001932  0.0022921
-0.0003619  0.0026857
-0.0003553  0.0029760
-0.0003719  0.0030630
-0.0001491  0.0028980
 0.0001453  0.0024112
 0.0004592  0.0015622
 0.0006101  0.0010648
 0.0008124  0.0005649
 0.0005528  0.0000701
 0.0006788 -0.0004905
 0.0004400 -0.0010279
 0.0005839 -0.0014364
 0.0008328 -0.0017384
 0.0012372 -0.0019409
 0.0018214 -0.0023626
 0.0021386 -0.0025804
 0.0022936 -0.0024734
 0.0025998 -0.0025029
 0.0031255 -0.0023842
 0.0033163 -0.0023347
 0.0037244 -0.0020533
 0.0041976 -0.0022694
 0.0044804 -0.0020633
 0.0045266 -0.0019741
 0.0045234 -0.0017100
 0.0039119 -0.0016514
 0.0034833 -0.0014994
 0.0033334 -0.0013644
 0.0028491 -0.0013646
 0.0029779 -0.0015360
 0.0028269 -0.0016405
 0.0031338 -0.0016541
 0.0035095 -0.0017607
 0.0035099 -0.0018996
 0.0036720 -0.0016095
 0.0038472 -0.0011953
 0.0038511 -0.0011639
 0.0034288 -0.0008639
 0.0031243 -0.0008183
 0.0027727 -0.0010125
 0.0026605 -0.0010493
 0.0023936 -0.0012969
 0.0016832 -0.0012933
 0.0012879 -0.0010807
 0.0006320 -0.0010552
-0.0002724 -0.0012042
-0.0009011 -0.0014115
-0.0016846 -0.0020333
-0.0022375 -0.0027731
-0.0024713 -0.0033006
-0.0025224 -0.0038281
-0.0025745 -0.0038063
-0.0024493 -0.0036038
-0.0024744 -0.0034104
-0.0022700 -0.0030226
-0.0022844 -0.0024743
-0.0020320 -0.0020399
-0.0017918 -0.0015802
-0.0015911 -0.0010343
-0.0016210 -0.0007978
-0.0011642 -0.0009579
-0.0007865 -0.0011043
-0.0004320 -0.0013552
-0.0000591 -0.0015680
 0.0003914 -0.0014428
 0.0002265 -0.0014694
 0.0005713 -0.0013802
 0.0006769 -0.0015877
 0.0007187 -0.0013366
 0.0010094 -0.0013455
 0.0011380 -0.0013800
 0.0010393 -0.0014653
 0.0010630 -0.0015505
 0.0009507 -0.0016724
 0.0007313 -0.0017792
 0.0007888 -0.0020174
 0.0010468 -0.0021686
 0.0009316 -0.0021501
 0.0009629 -0.0020637
 0.0012158 -0.0021144
 0.0009332 -0.0021083
 0.0006581 -0.0020689
 0.0004696 -0.0021642
-0.0000262 -0.0025276
-0.0003698 -0.0027341
-0.0010786 -0.0032989
-0.0015401 -0.0036825
-0.0015825 -0.0040572
-0.0018528 -0.0043103
-0.0019606 -0.0042657
-0.0018498 -0.0041511
-0.0018040 -0.0036686
-0.0018510 -0.0032584
-0.0013685 -0.0028466
-0.0011751 -0.0023696
-0.0010342 -0.0018526
-0.0007540 -0.0014551
-0.0009415 -0.0013707
-0.0013446 -0.0011232
-0.0018313 -0.0011160
-0.0024921 -0.0014572
-0.0028458 -0.0014719
-0.0034368 -0.0019575
-0.0036151 -0.0021741
-0.0035351 -0.0022260
-0.0035916 -0.0023330
-0.0033994 -0.0022058
-0.0029959 -0.0020050
-0.0029507 -0.0019646
-0.0029707 -0.0016000
-0.0028078 -0.0015481
-0.0027040 -0.0016127
-0.0023481 -0.0012995
-0.0018638 -0.0009497
-0.0017146 -0.0003695
-0.0015313  0.0004681
-0.0014117  0.0014107
-0.0018730  0.0023567
-0.0024231  0.0032659
-0.0028392  0.0037449
-0.0035238  0.0038961
-0.0042665  0.0034930
-0.0041272  0.0028424
-0.0043202  0.0022749
-0.0045098  0.0016135
-0.0039328  0.0012770
-0.0040073  0.0013937
-0.0041760  0.0014329
-0.0041657  0.0017821
-0.0040898  0.0023421
-0.0042269  0.0027851
-0.0042124  0.0031820
-0.0040275  0.0033764
-0.0039850  0.0030421
-0.0038568  0.0029874
-0.0042727  0.0028517
-0.0039996  0.0028126
-0.0040404  0.0028414
-0.0041306  0.0029080
-0.0041161  0.0030558
-0.0041957  0.0029236
-0.0046285  0.0029428
-0.0046119  0.0030577
-0.0047194  0.0028336
-0.0051407  0.0026634
-0.0049713  0.0024290
-0.0049905  0.0021830
-0.0049107  0.0015738
-0.0047498  0.0012202
-0.0044321  0.0009925
-0.0042017  0.0008800
-0.0036008  0.0009638
-0.0033828  0.0011333
-0.0028672  0.0012765
-0.0024586  0.0015165
-0.0019534  0.0015936
-0.0014753  0.0018720
-0.0012569  0.0018633
-0.0008635  0.0016657
-0.0008348  0.0013353
-0.0004569  0.0011092
-0.0002313  0.0006996
 0.0001474  0.0007307
 0.0008037  0.0007624
 0.0012208  0.0009800
 0.0016742  0.0016870
 0.0022338  0.0022754
 0.0024575  0.0028376
 0.0026215  0.0032633
 0.0027886  0.0033525
 0.0028361  0.0030870
 0.0030210  0.0027377
 0.0029542  0.0022411
 0.0030083  0.0019625
 0.0031403  0.0022096
 0.0029739  0.0021888
 0.0028302  0.0022797
 0.0025025  0.0027345
 0.0021594  0.0029522
 0.0018426  0.0032746
 0.0012572  0.0034353
 0.0009253  0.0036231
 0.0003475  0.0036950
 0.0003435  0.0040164
 0.0000249  0.0041250
-0.0003597  0.0043889
-0.0005704  0.0045161
-0.0009295  0.0046420
-0.0013066  0.0044579
-0.0015125  0.0043301
-0.0016608  0.0040906
-0.0014836  0.0040813
-0.0008087  0.0042081
-0.0007334  0.0044196
-0.0003113  0.0041831
-0.0000569  0.0039698
 0.0003716  0.0036823
 0.0007919  0.0034124
 0.0013166  0.0034849
 0.0016779  0.0037397
 0.0021551  0.0043393
 0.0023043  0.0046548
 0.0019861  0.0050836
 0.0017354  0.0054866
 0.0013866  0.0053534
 0.0009632  0.0053391
 0.0006782  0.0050380
 0.0005837  0.0050035
 0.0005587  0.0046395
 0.0008401  0.0047552
 0.0008615  0.0050307
 0.0006064  0.0049806
 0.0003458  0.0051914
 0.0000371  0.0050925
-0.0003959  0.0047214
-0.0006935  0.0043750
-0.0011118  0.0040762
-0.0011508  0.0035677
-0.0011712  0.0029908
-0.0010749  0.0026451
-0.0009505  0.0019053
-0.0005670  0.0011652
-0.0001608  0.0004538
 0.0005272 -0.0001004
 0.0010444 -0.0006937
 0.0014082 -0.0007479
 0.0016163 -0.0008650
 0.0016734 -0.0008698
 0.0016508 -0.0010345
 0.0016958 -0.0012430
 0.0015203 -0.0010942
 0.0013548 -0.0011721
 0.0010306 -0.0013173
 0.0005344 -0.0014738
 0.0000451 -0.0014397
-0.0007217 -0.0013188
-0.0011634 -0.0012942
-0.0015653 -0.0017554
-0.0020960 -0.0018897
-0.0020377 -0.0022670
-0.0020587 -0.0022553
-0.0016178 -0.0019945
-0.0013055 -0.0015441
-0.0009215 -0.0012088
-0.0004031 -0.0008733
 0.0000970 -0.0005981
 0.0007541 -0.0004774
 0.0014810 -0.0001264
 0.0019104  0.0005985
 0.0024262  0.0009338
 0.0025889  0.0014632
 0.0022138  0.0019618
 0.0022037  0.0023512
 0.0021557  0.0028077
 0.0019756  0.0029274
 0.0020947  0.0028388
 0.0023194  0.0029969
 0.0025421  0.0028084
 0.0029289  0.0027692
 0.0031409  0.0025403
 0.0033335  0.0027301
 0.0036910  0.0029019
 0.0041057  0.0030165
 0.0044830  0.0034184
 0.0043217  0.0036280
 0.0043687  0.0037418
 0.0039563  0.0037404
 0.0039579  0.0035884
 0.0036521  0.0035797
 0.0034817  0.0033581
 0.0034076  0.0035014
 0.0031166  0.0034103
 0.0027665  0.0033871
 0.0024351  0.0031733
 0.0021059  0.0032631
 0.0018705  0.0030856
 0.0015073  0.0026774
 0.0011371  0.0025369
 0.0008838  0.0021783
 0.0006908  0.0020217
 0.0002388  0.0021207
-0.0003095  0.0020202
-0.0006180  0.0020621
-0.0013048  0.0021441
-0.0017780  0.0023439
-0.0021470  0.0021110
-0.0028207  0.0018548
-0.0033341  0.0012520
-0.0036934  0.0004722
-0.0038862 -0.0000127
-0.0037443 -0.0006263
-0.0037415 -0.0009283
-0.0033456 -0.0012028
-0.0030527 -0.0011604
-0.0026955 -0.0011019
-0.0024436 -0.0009589
-0.0020122 -0.0003949
-0.0021289 -0.0000596
-0.0020824  0.0007751
-0.0020673  0.0013602
-0.0022484  0.0015590
-0.0021929  0.0022102
-0.0022520  0.0024022
-0.0023954  0.0022742
-0.0023566  0.0025213
-0.0021034  0.0027756
-0.0018325  0.0027510
-0.0015684  0.0028997
-0.0013540  0.0032722
-0.0010433  0.0032677
-0.0011646  0.0030749
-0.0008709  0.0025866
-0.0012743  0.0020591
-0.0013932  0.0013152
-0.0015719  0.0009844
-0.0020542  0.0002978
-0.0021154  0.0000631
-0.0025882 -0.0003727
-0.0026566 -0.0008128
-0.0026966 -0.0010702
-0.0027077 -0.0012624
-0.0027971 -0.0009737
-0.0030527 -0.0009176
-0.0029516 -0.0005338
-0.0033195 -0.0001961
-0.0035250 -0.0000800
-0.0036096 -0.0002492
-0.0036616 -0.0006969
-0.0033765 -0.0010974
-0.0032172 -0.0014824
-0.0029679 -0.0018312
-0.0025526 -0.0024510
-0.0023194 -0.0024392
-0.0022086 -0.0028096
-0.0019122 -0.0026986
-0.0014798 -0.0027971
-0.0014520 -0.0026373
-0.0010242 -0.0023234
-0.0006719 -0.0018627
-0.0006675 -0.0012428
-0.0006532 -0.0008166
-0.0006484 -0.0004980
-0.0010727 -0.0005513
-0.0009888 -0.0006033
-0.0009403 -0.0010527
-0.0005333 -0.0015029
-0.0001387 -0.0014924
 0.0004115 -0.0014756
 0.0010090 -0.0013696
 0.0010012 -0.0013331
 0.0010096 -0.0009698
 0.0014202 -0.0009883
 0.0015823 -0.0010164
 0.0014562 -0.0011306
 0.0018645 -0.0010123
 0.0019215 -0.0010495
 0.0016063 -0.0011934
 0.0013457 -0.0010256
 0.0012218 -0.0009873
 0.0009359 -0.0010137
 0.0008574 -0.0010851
 0.0008091 -0.0012042
 0.0011410 -0.0014682
 0.0014081 -0.0017034
 0.0013663 -0.0022070
 0.0014498 -0.0026620
 0.0015320 -0.0027274
 0.0014891 -0.0033100
 0.0014477 -0.0034146
 0.0010038 -0.0036516
 0.0010777 -0.0037842
 0.0007823 -0.0039948
 0.0006477 -0.0040616
 0.0004075 -0.0040259
 0.0004291 -0.0036926
 0.0003213 -0.0030119
 0.0003580 -0.0023249
 0.0003057 -0.0017966
 0.0003004 -0.0010604
 0.0003323 -0.0007422
 0.0004705 -0.0002424
 0.0008789  0.0001703
 0.0011276  0.0006215
 0.0012865  0.0010044
 0.0014887  0.0016048
 0.0011256  0.0017628
 0.0011571  0.0017089
 0.0007661  0.0014468
 0.0011242  0.0011957
 0.0013927  0.0009111
 0.0017068  0.0005517
 0.0019270 -0.0000342
 0.0023209  0.0003308
 0.0023782  0.0000874
 0.0025426 -0.0000031
 0.0030162  0.0002011
 0.0032102  0.0003668
 0.0035217  0.0005467
 0.0038803  0.0007344
 0.0042582  0.0010487
 0.0044443  0.0009950
 0.0044575  0.0012279
 0.0044308  0.0012073
 0.0039350  0.0011459
 0.0039254  0.0011027
 0.0038113  0.0012977
 0.0035799  0.0015355
 0.0036627  0.0015799
 0.0035662  0.0018620
 0.0032730  0.0017908
 0.0030209  0.0020584
 0.0026852  0.0019539
 0.0020725  0.0019547
 0.0017285  0.0018639
 0.0017336  0.0019265
 0.0017082  0.0022695
 0.0019109  0.0021863
 0.0016722  0.0024325
 0.0014425  0.0028397
 0.0012396  0.0026237
 0.0012198  0.0027702
 0.0011883  0.0028211
 0.0012741  0.0026689
 0.0015828  0.0025353
 0.0019006  0.0026875
 0.0025693  0.0025688
 0.0031166  0.0025187
 0.0038813  0.0024105
 0.0041296  0.0023996
 0.0045509  0.0022851
 0.0048874  0.0020723
 0.0048889  0.0020336
 0.0048507  0.0018907
 0.0046369  0.0020178
 0.0041807  0.0020614
 0.0038240  0.0022866
 0.0037124  0.0027915
 0.0029208  0.0032203
 0.0021364  0.0036680
 0.0018318  0.0039367
 0.0013543  0.0038402
 0.0006835  0.0039557
 0.0001631  0.0038039
-0.0006214  0.0035586
-0.0012900  0.0032667
-0.0016322  0.0035222
-0.0019965  0.0034957
-0.0020871  0.0038131
-0.0020837  0.0040448
-0.0018034  0.0040329
-0.0015531  0.0041181
-0.0013226  0.0041488
-0.0010448  0.0042269
-0.0008593  0.0044809
-0.0009614  0.0045235
-0.0009353  0.0042474
-0.0010873  0.0042480
-0.0011705  0.0043445
-0.0011384  0.0039506
-0.0010261  0.0039290
-0.0008152  0.0037584
-0.0006664  0.0034762
-0.0005305  0.0031897
-0.0003324  0.0029154
-0.0001263  0.0024840
 0.0002690  0.0020992
 0.0002825  0.0018138
 0.0003312  0.0014514
 0.0004372  0.0012883
 0.0004578  0.0010547
 0.0001033  0.0010824
-0.0000610  0.0011464
-0.0004454  0.0014356
-0.0007369  0.0016528
-0.0006453  0.0019917
-0.0008012  0.0023597
-0.0006106  0.0024881
-0.0001984  0.0022920
-0.0002159  0.0024499
-0.0004085  0.0024367
-0.0006879  0.0020035
-0.0015433  0.0019254
-0.0019775  0.0017134
-0.0025157  0.0015531
-0.0030541  0.0012404
-0.0034861  0.0011298
-0.0036810  0.0009829
-0.0040829  0.0006234
-0.0042171  0.0006266
-0.0041622  0.0004488
-0.0043043  0.0003574
-0.0039892  0.0006198
-0.0041911  0.0006126
-0.0039696  0.0009233
-0.0037674  0.0007170
-0.0038342  0.0005628
-0.0032104  0.0002670
-0.0027427 -0.0002387
-0.0029243 -0.0008253
-0.0029617 -0.0016421
-0.0029522 -0.0022045
-0.0033360 -0.0031085
-0.0036591 -0.0031971
-0.0036402 -0.0037133
-0.0038398 -0.0038129
-0.0036163 -0.0037186
-0.0031845 -0.0035920
-0.0030392 -0.0034326
-0.0026094 -0.0034788
-0.0025458 -0.0032567
-0.0024998 -0.0032565
-0.0023692 -0.0030839
-0.0024839 -0.0031017
-0.0023477 -0.0027964
-0.0022863 -0.0024512
-0.0022335 -0.0019173
-0.0022735 -0.0010097
-0.0020250 -0.0002832
-0.0018408  0.0002112
-0.0021570  0.0009652
-0.0018002  0.0014045
-0.0018015  0.0017194
-0.0016030  0.0021197
-0.0015706  0.0021455
-0.0013257  0.0022161
-0.0012640  0.0019436
-0.0011828  0.0017033
-0.0015220  0.0015279
-0.0018196  0.0012742
-0.0022683  0.0008916
-0.0031071  0.0003853
-0.0038411 -0.0003888
-0.0041126 -0.0013201
-0.0044933 -0.0019566
-0.0044529 -0.0024149
-0.0044226 -0.0026959
-0.0045028 -0.0028596
-0.0042339 -0.0026730
-0.0038711 -0.0027388
-0.0038126 -0.0027772
-0.0035045 -0.0029369
-0.0031082 -0.0030045
-0.0028187 -0.0033796
-0.0026189 -0.0031208
-0.0028218 -0.0027689
-0.0029473 -0.0024823
-0.0029918 -0.0016899
-0.0030931 -0.0007922
-0.0031053 -0.0001866
-0.0033586  0.0001838
-0.0030482  0.0006140
-0.0028834  0.0005086
-0.0024551  0.0005472
-0.0023382  0.0001263
-0.0022098 -0.0000738
-0.0022461 -0.0003655
-0.0023690 -0.0004226
-0.0022903 -0.0005754
-0.0023194 -0.0005795
-0.0018375 -0.0006988
-0.0013483 -0.0006712
-0.0010037 -0.0007208
-0.0005905 -0.0004418
-0.0002467 -0.0006149
-0.0003154 -0.0006425
-0.0004325 -0.0005833
-0.0008764 -0.0006096
-0.0009828 -0.0005492
-0.0013686 -0.0008813
-0.0015711 -0.0006558
-0.0017511 -0.0010342
-0.0018630 -0.0014900
-0.0019437 -0.0018195
-0.0017083 -0.0021814
-0.0016152 -0.0021800
-0.0012061 -0.0023215
-0.0009235 -0.0018776
-0.0006334 -0.0014412
-0.0005809 -0.0011396
-0.0005607 -0.0009871
-0.0005570 -0.0008502
-0.0005185 -0.0007412
-0.0002221 -0.0005721
-0.0003007 -0.0002677
-0.0003703 -0.0005459
-0.0005448 -0.0004746
-0.0008367 -0.0004812
-0.0007602 -0.0008799
-0.0008763 -0.0011179
-0.0003500 -0.0010278
 0.0000509 -0.0009860
 0.0006991 -0.0005689
 0.0012928 -0.0003057
 0.0018813  0.0002028
 0.0019570  0.0008464
 0.0020466  0.0015958
 0.0017149  0.0023443
 0.0013567  0.0029504
 0.0008466  0.0034504
 0.0004410  0.0036160
 0.0000403  0.0037706
-0.0000715  0.0037470
-0.0000053  0.0037812
 0.0002375  0.0037069
 0.0005912  0.0033274
 0.0008317  0.0028701
 0.0010172  0.0023645
 0.0010731  0.0018879
 0.0009589  0.0014387
 0.0004217  0.0009669
 0.0002089  0.0008321
-0.0000495  0.0008674
 0.0000579  0.0009511
 0.0001802  0.0011935
 0.0002307  0.0014658
 0.0003036  0.0015651
 0.0005624  0.0013606
 0.0005731  0.0009666
 0.0005739  0.0005245
 0.0003514  0.0001316
-0.0001825 -0.0000329
-0.0005477 -0.0004042
-0.0011406 -0.0005836
-0.0014759 -0.0010105
-0.0016130 -0.0015711
-0.0015603 -0.0020738
-0.0013497 -0.0024339
-0.0010668 -0.0029747
-0.0008948 -0.0031057
-0.0006969 -0.0033536
-0.0002520 -0.0032488
-0.0004324 -0.0031660
-0.0008067 -0.0033151
-0.0009268 -0.0033916
-0.0012493 -0.0037172
-0.0014651 -0.0036191
-0.0016872 -0.0035593
-0.0021307 -0.0031741
-0.0022930 -0.0029882
-0.0024002 -0.0027881
-0.0026180 -0.0025802
-0.0027325 -0.0024468
-0.0025788 -0.0020931
-0.0026931 -0.0017891
-0.0024452 -0.0014631
-0.0019383 -0.0009939
-0.0014179 -0.0006522
-0.0008165 -0.0001018
-0.0004757  0.0001077
-0.0004588  0.0003090
-0.0001719  0.0002525
-0.0002412  0.0001741
-0.0002705  0.0004680
-0.0001158  0.0009283
-0.0001822  0.0012705
-0.0005714  0.0020436
-0.0005133  0.0029131
-0.0003393  0.0035984
-0.0006439  0.0040278
-0.0006752  0.0046893
-0.0007888  0.0048201
-0.0011132  0.0046409
-0.0012000  0.0043365
-0.0018868  0.0038449
-0.0023305  0.0035328
-0.0024587  0.0032130
-0.0023387  0.0026758
-0.0023054  0.0026195
-0.0016487  0.0025882
-0.0013744  0.0025317
-0.0005822  0.0025422
-0.0003446  0.0026560
-0.0000929  0.0024663
 0.0000222  0.0026397
-0.0001290  0.0027532
-0.0002213  0.0026720
-0.0003884  0.0025310
-0.0004824  0.0023293
-0.0006141  0.0018904
-0.0007307  0.0017093
-0.0005953  0.0012761
-0.0006508  0.0012377
-0.0004513  0.0011701
-0.0005509  0.0011057
-0.0006199  0.0011085
-0.0007776  0.0009842
-0.0009949  0.0008443
-0.0009186  0.0004137
-0.0008344  0.0001680
-0.0007981  0.0001138
-0.0005059  0.0001725
-0.0004595  0.0002597
-0.0005082  0.0004838
-0.0006545  0.0004671
-0.0006255  0.0004089
-0.0007995  0.0004501
-0.0010954  0.0003728
-0.0010754  0.0005085
-0.0010730  0.0003211
-0.0006295  0.0002595
-0.0003377  0.0000925
 0.0000509 -0.0000686
 0.0006075 -0.0003238
 0.0012218 -0.0007982
 0.0018823 -0.0009737
 0.0018603 -0.0012924
 0.0019873 -0.0011479
 0.0016017 -0.0009815
 0.0010092 -0.0008269
 0.0003091 -0.0006280
-0.0005410 -0.0003287
-0.0008920  0.0001197
-0.0011290  0.0003765
-0.0009798  0.0000900
-0.0006606 -0.0000150
-0.0001091 -0.0003767
 0.0006288 -0.0004132
 0.0014357 -0.0007717
 0.0021360 -0.0007002
 0.0024319 -0.0007739
 0.0028358 -0.0005464
 0.0031011 -0.0000647
 0.0027050  0.0003780
 0.0027700  0.0009954
 0.0027490  0.0013991
 0.0025616  0.0017760
 0.0025681  0.0022509
 0.0022525  0.0027225
 0.0018859  0.0028006
 0.0011354  0.0028472
 0.0008434  0.0025135
 0.0005109  0.0024538
 0.0000984  0.0023290
 0.0000655  0.0023193
 0.0001083  0.0025801
 0.0000881  0.0029363
-0.0000660  0.0031177
-0.0002872  0.0033289
-0.0002109  0.0029554
-0.0000181  0.0026131
 0.0001373  0.0023173
 0.0003564  0.0017281
 0.0005615  0.0011582
 0.0007840  0.0005948
 0.0007307  0.0003380
 0.0005626  0.0000403
 0.0001721 -0.0003637
-0.0004203 -0.0006457
-0.0008410 -0.0007467
-0.0013562 -0.0009201
-0.0015476 -0.0011979
-0.0019953 -0.0013820
-0.0020113 -0.0014292
-0.0022783 -0.0015713
-0.0024101 -0.0015126
-0.0026477 -0.0015225
-0.0027622 -0.0014153
-0.0028884 -0.0014322
-0.0027620 -0.0018249
-0.0027174 -0.0016498
-0.0027935 -0.0021006
-0.0028424 -0.0022522
-0.0030236 -0.0023951
-0.0033503 -0.0024856
-0.0036460 -0.0026372
-0.0038551 -0.0024305
-0.0037607 -0.0023700
-0.0034203 -0.0022282
-0.0030767 -0.0020684
-0.0028270 -0.0015239
-0.0026643 -0.0011941
-0.0028357 -0.0013665
-0.0032461 -0.0010961
-0.0037794 -0.0009809
-0.0043329 -0.0010509
-0.0046791 -0.0011965
-0.0048701 -0.0010616
-0.0050922 -0.0011109
-0.0050950 -0.0010118
-0.0047450 -0.0009302
-0.0048142 -0.0006946
-0.0044325 -0.0006588
-0.0040294 -0.0004890
-0.0036811 -0.0002431
-0.0035561  0.0000105
-0.0035759  0.0004011
-0.0034601  0.0003092
-0.0031708  0.0003260
-0.0031823  0.0001477
-0.0028205  0.0005201
-0.0025254  0.0004717
-0.0020962  0.0006195
-0.0016747  0.0009562
-0.0010522  0.0010196
-0.0006777  0.0010796
-0.0000123  0.0012429
 0.0004280  0.0013491
 0.0009305  0.0013646
 0.0011913  0.0018582
 0.0014358  0.0020635
 0.0014760  0.0023707
 0.0013054  0.0023434
 0.0011443  0.0025258
 0.0006219  0.0028431
 0.0001594  0.0028277
-0.0004821  0.0028130
-0.0011278  0.0028225
-0.0016284  0.0025338
-0.0017007  0.0021113
-0.0016070  0.0019653
-0.0011916  0.0020493
-0.0007170  0.0022025
-0.0000581  0.0025331
 0.0004824  0.0026863
 0.0006417  0.0031369
 0.0007287  0.0030843
 0.0003647  0.0032948
-0.0000099  0.0033750
-0.0003329  0.0032046
-0.0010512  0.0031275
-0.0015278  0.0029638
-0.0018813  0.0027419
-0.0019701  0.0024912
-0.0019834  0.0026054
-0.0017943  0.0023961
-0.0015658  0.0017846
-0.0013133  0.0018236
-0.0012452  0.0011475
-0.0011334  0.0009275
-0.0008952  0.0001150
-0.0010884 -0.0001955
-0.0011090 -0.0003376
-0.0010594 -0.0005978
-0.0012406 -0.0005566
-0.0017451 -0.0003409
-0.0024522 -0.0002069
-0.0030990 -0.0001391
-0.0037634  0.0000426
-0.0038698  0.0000511
-0.0038258  0.0001528
-0.0035638  0.0004663
-0.0027791  0.0005485
-0.0022563  0.0010610
-0.0016341  0.0016597
-0.0013105  0.0021371
-0.0012239  0.0026525
-0.0016957  0.0031487
-0.0020985  0.0034461
-0.0028377  0.0035541
-0.0034875  0.0034019
-0.0037994  0.0032880
-0.0036795  0.0029295
-0.0033952  0.0027196
-0.0031862  0.0023176
-0.0023456  0.0019224
-0.0016019  0.0016310
-0.0009138  0.0011902
 0.0000142  0.0008193
 0.0003362  0.0003368
 0.0004691 -0.0002806
 0.0004255 -0.0006968
-0.0000579 -0.0008709
-0.0005140 -0.0010063
-0.0011250 -0.0012684
-0.0015548 -0.0011658
-0.0018227 -0.0007657
-0.0020795 -0.0006047
-0.0020070 -0.0007520
-0.0015118 -0.0006566
-0.0014012 -0.0009997
-0.0006380 -0.0011943
-0.0004203 -0.0011198
-0.0002197 -0.0007976
-0.0001642 -0.0007909
-0.0004054 -0.0002183
-0.0004591 -0.0002518
-0.0004367 -0.0003596
-0.0006067 -0.0000515
-0.0008709  0.0001183
-0.0005022  0.0001308
-0.0005472  0.0002681
-0.0004683  0.0007468
-0.0000841  0.0009876
 0.0001805  0.0011669
 0.0007330  0.0009349
 0.0013723  0.0004738
 0.0017034  0.0003553
 0.0021404 -0.0000085
 0.0026830 -0.0004013
 0.0027361 -0.0008117
 0.0033130 -0.0011466
 0.0034741 -0.0011165
 0.0032537 -0.0011083
 0.0030489 -0.0011493
 0.0027031 -0.0010556
 0.0020458 -0.0009062
 0.0013885 -0.0011673
 0.0006577 -0.0012363
 0.0004875 -0.0010153
 0.0002563 -0.0010052
 0.0002765 -0.0007221
 0.0003173 -0.0005057
 0.0004929 -0.0002253
 0.0004625  0.0000495
 0.0005843  0.0003023
 0.0004930  0.0004482
 0.0003084  0.0001567
 0.0002436 -0.0002224
 0.0003015 -0.0009187
 0.0000698 -0.0017301
 0.0002300 -0.0026728
 0.0003063 -0.0038060
 0.0006820 -0.0043605
 0.0006907 -0.0049463
 0.0006665 -0.0050511
 0.0007743 -0.0048690
 0.0006411 -0.0043512
 0.0003819 -0.0035987
 0.0001616 -0.0031759
 0.0001336 -0.0026184
-0.0001650 -0.0022806
-0.0003846 -0.0019822
-0.0005110 -0.0015817
-0.0009723 -0.0016267
-0.0014437 -0.0016715
-0.0015026 -0.0018683
-0.0018305 -0.0018883
-0.0017843 -0.0018215
-0.0019381 -0.0016240
-0.0018452 -0.0015052
-0.0020203 -0.0012706
-0.0022264 -0.0007377
-0.0026056 -0.0003650
-0.0029464 -0.0003228
-0.0031634 -0.0002120
-0.0035024 -0.0001764
-0.0034521 -0.0003883
-0.0033994 -0.0006602
-0.0031870 -0.0009007
-0.0030681 -0.0011867
-0.0028353 -0.0011015
-0.0026231 -0.0009368
-0.0021041 -0.0005974
-0.0018734 -0.0004080
-0.0014068  0.0000182
-0.0011175  0.0005681
-0.0012106  0.0009900
-0.0012190  0.0016021
-0.0016286  0.0018122
-0.0021840  0.0016180
-0.0027070  0.0016055
-0.0031220  0.0011759
-0.0032516  0.0008360
-0.0036571  0.0004625
-0.0038020 -0.0001282
-0.0039088 -0.0003375
-0.0039507 -0.0007994
-0.0038052 -0.0007901
-0.0036965 -0.0008507
-0.0035839 -0.0007863
-0.0033657 -0.0006165
-0.0032353 -0.0007437
-0.0030577 -0.0008324
-0.0029879 -0.0014097
-0.0028317 -0.0016881
-0.0023096 -0.0021310
-0.0022293 -0.0027718
-0.0020973 -0.0031576
-0.0017566 -0.0035803
-0.0016930 -0.0039824
-0.0017828 -0.0040640
-0.0021816 -0.0042855
-0.0019834 -0.0041660
-0.0020181 -0.0042153
-0.0019182 -0.0038820
-0.0014535 -0.0040283
-0.0007787 -0.0039064
-0.0003810 -0.0039668
-0.0001461 -0.0041402
-0.0001473 -0.0041808
-0.0002206 -0.0044784
-0.0007689 -0.0050862
-0.0014892 -0.0054211
-0.0019684 -0.0059339
-0.0024584 -0.0062630
-0.0031215 -0.0069476
-0.0031696 -0.0070247
-0.0031793 -0.0068202
-0.0034078 -0.0064059
-0.0031550 -0.0060173
-0.0031926 -0.0053448
-0.0032842 -0.0047119
-0.0031603 -0.0044911
-0.0032428 -0.0041746
-0.0031756 -0.0040500
-0.0027914 -0.0040690
-0.0024514 -0.0039537
-0.0019988 -0.0040815
-0.0013534 -0.0037064
-0.0007171 -0.0037347
-0.0002063 -0.0037472
 0.0007732 -0.0034147
 0.0010404 -0.0030922
 0.0015865 -0.0026242
 0.0020138 -0.0023774
 0.0019652 -0.0019391
 0.0016943 -0.0018321
 0.0015051 -0.0018696
 0.0007980 -0.0019144
 0.0001471 -0.0020844
-0.0006821 -0.0023707
-0.0011678 -0.0025206
-0.0017506 -0.0028089
-0.0020066 -0.0027796
-0.0019898 -0.0028099
-0.0020694 -0.0023989
-0.0016570 -0.0020543
-0.0011993 -0.0015642
-0.0008885 -0.0008074
-0.0005643 -0.0004696
-0.0002094 -0.0003164
-0.0004236 -0.0004121
-0.0003663 -0.0002282
-0.0007565 -0.0006402
-0.0012066 -0.0005231
-0.0015115 -0.0005723
-0.0019493 -0.0004197
-0.0020236 -0.0002413
-0.0019937 -0.0001018
-0.0019772  0.0002567
-0.0019998  0.0006323
-0.0017642  0.0008404
-0.0017091  0.0011665
-0.0018010  0.0014170
-0.0016981  0.0014194
-0.0016010  0.0011548
-0.0017055  0.0006972
-0.0013977 -0.0001566
-0.0010797 -0.0011524
-0.0007985 -0.0020849
-0.0003186 -0.0029083
-0.0001279 -0.0037178
-0.0002900 -0.0041961
 0.0000518 -0.0045219
-0.0000760 -0.0045211
-0.0003970 -0.0044684
-0.0006607 -0.0042602
-0.0012203 -0.0041716
-0.0013572 -0.0039176
-0.0013273 -0.0043346
-0.0011450 -0.0041711
-0.0003173 -0.0041146
 0.0004686 -0.0037304
 0.0015127 -0.0031004
 0.0028152 -0.0021912
 0.0035458 -0.0013603
 0.0040516 -0.0002116
 0.0042113  0.0003683
 0.0037199  0.0004408
 0.0030489  0.0007258
 0.0027423  0.0000596
 0.0024778 -0.0005072
 0.0020888 -0.0011970
 0.0018335 -0.0014704
 0.0014647 -0.0015271
 0.0008738 -0.0014325
 0.0005979 -0.0011924
-0.0000673 -0.0012306
-0.0004468 -0.0009986
-0.0005755 -0.0007897
-0.0008604 -0.0005878
-0.0007441 -0.0006328
-0.0004467 -0.0002486
-0.0000474 -0.0002559
 0.0003991 -0.0000599
 0.0010261 -0.0001880
 0.0011557 -0.0003247
 0.0015354 -0.0002118
 0.0016476 -0.0004582
 0.0014302 -0.0009635
 0.0013058 -0.0008989
 0.0010664 -0.0011876
 0.0007024 -0.0011253
 0.0004640 -0.0010490
 0.0004059 -0.0010284
 0.0004628 -0.0009395
 0.0005308 -0.0010116
 0.0004967 -0.0009185
 0.0002862 -0.0008381
 0.0000221 -0.0007456
-0.0000562 -0.0008298
-0.0001016 -0.0008395
 0.0002662 -0.0009531
 0.0003627 -0.0012781
 0.0007675 -0.0016344
 0.0013721 -0.0019696
 0.0021103 -0.0020709
 0.0025119 -0.0021944
 0.0032303 -0.0018393
 0.0036522 -0.0015214
 0.0036488 -0.0010641
 0.0035026 -0.0004042
 0.0032810  0.0001295
 0.0028469  0.0007416
 0.0026909  0.0011815
 0.0025944  0.0012467
 0.0022003  0.0013750
 0.0023244  0.0011546
 0.0020206  0.0009278
 0.0014253  0.0006349
 0.0010512  0.0004280
 0.0009652  0.0002695
 0.0005974  0.0000837
 0.0005835 -0.0001684
 0.0007425 -0.0001761
 0.0009096 -0.0005516
 0.0011553 -0.0007153
 0.0013951 -0.0008370
 0.0014832 -0.0006737
 0.0015423 -0.0010171
 0.0012851 -0.0011035
 0.0011348 -0.0014606
 0.0007910 -0.0017006
 0.0004823 -0.0016066
-0.0000301 -0.0015460
-0.0003313 -0.0015983
-0.0006028 -0.0014216
-0.0007272 -0.0011301
-0.0005925 -0.0011331
-0.0001480 -0.0007186
 0.0003204 -0.0005949
 0.0007288 -0.0004891
 0.0007624 -0.0003470
 0.0009188 -0.0004267
 0.0008835 -0.0006268
 0.0009917 -0.0013162
 0.0008337 -0.0016995
 0.0009349 -0.0019107
 0.0008279 -0.0018261
 0.0003832 -0.0014095
 0.0001670 -0.0010593
-0.0000688 -0.0005128
-0.0003784 -0.0001081
-0.0001641  0.0004797
 0.0001835  0.0006210
 0.0006872  0.0010445
 0.0009492  0.0016518
 0.0009366  0.0020471
 0.0007778  0.0025496
 0.0004280  0.0028007
 0.0000495  0.0027969
-0.0003381  0.0027238
-0.0006413  0.0025593
-0.0007055  0.0024597
-0.0007878  0.0021874
-0.0012644  0.0020091
-0.0013460  0.0016874
-0.0016498  0.0012871
-0.0021264  0.0009239
-0.0024308  0.0005587
-0.0028133  0.0003915
-0.0031030  0.0004783
-0.0031935  0.0004252
-0.0033532  0.0005457
-0.0036068  0.0006813
-0.0036552  0.0008872
-0.0038014  0.0011421
-0.0035581  0.0015896
-0.0033072  0.0016001
-0.0030829  0.0016863
-0.0030144  0.0019643
-0.0027171  0.0016300
-0.0023719  0.0014855
-0.0022687  0.0010650
-0.0022512  0.0007745
-0.0020526  0.0001616
-0.0020931 -0.0001834
-0.0019908 -0.0003794
-0.0017510 -0.0004335
-0.0017899 -0.0003820
-0.0016543 -0.0001286
-0.0014118  0.0002640
-0.0012378  0.0007919
-0.0010250  0.0014308
-0.0009382  0.0015909
-0.0013615  0.0018370
-0.0011324  0.0017046
-0.0015683  0.0013214
-0.0020350  0.0010259
-0.0023760  0.0002503
-0.0027826 -0.0004765
-0.0029686 -0.0011473
-0.0031022 -0.0015886
-0.0030727 -0.0020390
-0.0028295 -0.0021449
-0.0027505 -0.0021490
-0.0029136 -0.0019601
-0.0032588 -0.0015983
-0.0030695 -0.0015246
-0.0030538 -0.0013531
-0.0025368 -0.0013642
-0.0020319 -0.0010484
-0.0013395 -0.0009843
-0.0010009 -0.0004489
-0.0005382 -0.0000583
-0.0003226  0.0004649
-0.0002626  0.0009967
-0.0000448  0.0005228
 0.0001478  0.0002983
 0.0004392  0.0000738
 0.0004107 -0.0003011
 0.0005367 -0.0006160
 0.0004371 -0.0007005
 0.0001176 -0.0011541
-0.0000490 -0.0013467
-0.0002614 -0.0017580
-0.0003486 -0.0021506
-0.0008543 -0.0022986
-0.0013234 -0.0021037
-0.0016478 -0.0018924
-0.0020706 -0.0017103
-0.0027150 -0.0012777
-0.0030898 -0.0010580
-0.0033868 -0.0009997
-0.0036918 -0.0009783
-0.0040843 -0.0010723
-0.0043285 -0.0012250
-0.0043713 -0.0015104
-0.0044266 -0.0017413
-0.0043652 -0.0015605
-0.0042118 -0.0014182
-0.0041397 -0.0008156
-0.0039318 -0.0001128
-0.0037342  0.0004845
-0.0036434  0.0011400
-0.0032059  0.0014990
-0.0026809  0.0018571
-0.0020072  0.0022314
-0.0013133  0.0025079
-0.0007501  0.0026505
-0.0004602  0.0027082
-0.0005832  0.0026902
-0.0007972  0.0028752
-0.0011361  0.0030296
-0.0013786  0.0028148
-0.0015429  0.0027965
-0.0014882  0.0024882
-0.0014016  0.0024848
-0.0011663  0.0020808
-0.0003333  0.0018270
 0.0000678  0.0016201
 0.0009076  0.0011347
 0.0013648  0.0013031
 0.0021953  0.0011313
 0.0024722  0.0011917
 0.0026616  0.0013203
 0.0028996  0.0012026
 0.0031188  0.0012679
 0.0032260  0.0008617
 0.0034818  0.0010380
 0.0036427  0.0009159
 0.0036128  0.0012758
 0.0035538  0.0014322
 0.0034961  0.0018074
 0.0034707  0.0018684
 0.0034755  0.0021142
 0.0036798  0.0023991
 0.0037326  0.0022547
 0.0037259  0.0022418
 0.0037065  0.0020958
 0.0034750  0.0020268
 0.0027914  0.0021299
 0.0022908  0.0022070
 0.0017348  0.0021388
 0.0010533  0.0022248
 0.0004899  0.0022941
-0.0001511  0.0021707
-0.0002449  0.0020482
-0.0005962  0.0018982
-0.0003929  0.0017890
-0.0004274  0.0017446
-0.0003862  0.0019580
-0.0002398  0.0016361
-0.0002271  0.0017911
-0.0002453  0.0017509
-0.0003494  0.0017410
-0.0006347  0.0015963
-0.0008652  0.0013591
-0.0012183  0.0013819
-0.0015796  0.0012491
-0.0019003  0.0012588
-0.0019829  0.0013918
-0.0022615  0.0015238
-0.0021394  0.0019805
-0.0020082  0.0020677
-0.0022252  0.0029158
-0.0023468  0.0031605
-0.0024738  0.0031948
-0.0022459  0.0032471
-0.0019971  0.0030200
-0.0015548  0.0026823
-0.0012284  0.0021822
-0.0005358  0.0017954
-0.0002352  0.0013398
 0.0002221  0.0008585
 0.0008031  0.0007981
 0.0006641  0.0004981
 0.0005211  0.0004850
 0.0002922  0.0002934
-0.0001979  0.0003398
-0.0006259  0.0004914
-0.0008308  0.0007607
-0.0010535  0.0010571
-0.0012663  0.0015343
-0.0009815  0.0020696
-0.0010025  0.0023819
-0.0010711  0.0024620
-0.0007514  0.0029780
-0.0005635  0.0030696
-0.0000994  0.0031817
 0.0004236  0.0029033
 0.0008613  0.0025892
 0.0012632  0.0020365
 0.0016859  0.0013208
 0.0017094  0.0009032
 0.0023003  0.0001498
 0.0025353  0.0000929
 0.0027521  0.0000743
 0.0028446  0.0002845
 0.0031838  0.0002919
 0.0028592  0.0004619
 0.0032421  0.0007308
 0.0036132  0.0004902
 0.0037347  0.0006523
 0.0043470  0.0007920
 0.0042987  0.0004993
 0.0047574  0.0004951
 0.0051155  0.0005008
 0.0050124  0.0001469
 0.0049399 -0.0002002
 0.0045959 -0.0002355
 0.0040912 -0.0008087
 0.0035666 -0.0010921
 0.0028601 -0.0015302
 0.0023818 -0.0020614
 0.0018008 -0.0023513
 0.0016317 -0.0023902
 0.0013842 -0.0021516
 0.0009928 -0.0018099
 0.0009914 -0.0015396
 0.0008660 -0.0008492
 0.0006542 -0.0005510
 0.0008880 -0.0003832
 0.0008520  0.0000403
 0.0008284  0.0004154
 0.0009577  0.0005783
 0.0007504  0.0011333
 0.0004996  0.0014397
 0.0003230  0.0014135
-0.0002822  0.0014751
-0.0007716  0.0014426
-0.0012502  0.0016346
-0.0019689  0.0016975
-0.0026276  0.0016135
-0.0031631  0.0014425
-0.0032758  0.0012097
-0.0036416  0.0009947
-0.0034981  0.0006755
-0.0032056  0.0006190
-0.0031886  0.0007276
-0.0027580  0.0005672
-0.0027334  0.0006273
-0.0024835  0.0007275
-0.0020210  0.0006120
-0.0015484  0.0007737
-0.0004700  0.0009055
 0.0002449  0.0008536
 0.0009111  0.0008952
 0.0012594  0.0008713
 0.0013005  0.0006085
 0.0011288  0.0001270
 0.0009665 -0.0005826
 0.0003069 -0.0011963
 0.0002321 -0.0015784
 0.0000768 -0.0020746
 0.0000582 -0.0018633
-0.0001436 -0.0012726
-0.0003475 -0.0006504
-0.0006387  0.0001292
-0.0011866  0.0010556
-0.0014561  0.0012080
-0.0017239  0.0016321
-0.0019363  0.0017591
-0.0020496  0.0014436
-0.0021555  0.0015199
-0.0020429  0.0017211
-0.0022478  0.0017278
-0.0027303  0.0018219
-0.0028838  0.0020292
-0.0031587  0.0016652
-0.0037510  0.0016621
-0.0037605  0.0013660
-0.0041307  0.0010842
-0.0043188  0.0008833
-0.0041947  0.0009503
-0.0043477  0.0007868
-0.0043511  0.0004337
-0.0040283  0.0004844
-0.0039050  0.0001812
-0.0035497  0.0000981
-0.0030392  0.0002624
-0.0028916  0.0004065
-0.0024077  0.0006512
-0.0018480  0.0006752
-0.0015579  0.0009001
-0.0012886  0.0013340
-0.0010304  0.0011178
-0.0010609  0.0010271
-0.0008229  0.0007096
-0.0005054 -0.0003424
-0.0003229 -0.0011636
 0.0000916 -0.0017213
 0.0002392 -0.0023208
 0.0000302 -0.0026698
 0.0002600 -0.0029434
-0.0001218 -0.0023705
-0.0005528 -0.0019695
-0.0010034 -0.0015793
-0.0015331 -0.0010569
-0.0018331 -0.0005995
-0.0022780 -0.0003132
-0.0024339  0.0000699
-0.0022060  0.0001571
-0.0023711  0.0000921
-0.0025082  0.0000802
-0.0025119 -0.0002202
-0.0022497 -0.0006330
-0.0023764 -0.0008054
-0.0021637 -0.0009766
-0.0021605 -0.0011857
-0.0021644 -0.0010204
-0.0026685 -0.0007289
-0.0029517 -0.0005310
-0.0030212 -0.0002015
-0.0030224  0.0001193
-0.0024675  0.0003945
-0.0018697  0.0008200
-0.0013224  0.0012652
-0.0007822  0.0016229
-0.0002123  0.0017899
-0.0002660  0.0018858
-0.0001484  0.0014923
-0.0002429  0.0009329
-0.0002645  0.0004014
-0.0002819 -0.0005493
-0.0000124 -0.0010356
 0.0001709 -0.0014317
 0.0009185 -0.0018169
 0.0010935 -0.0018435
 0.0012292 -0.0017775
 0.0010263 -0.0014525
 0.0010638 -0.0011759
 0.0009556 -0.0005112
 0.0009980  0.0000763
 0.0010825  0.0003571
 0.0013787  0.0007819
 0.0018020  0.0013415
 0.0020431  0.0018302
 0.0024210  0.0021934
 0.0027680  0.0023547
 0.0030049  0.0027542
 0.0032814  0.0030380
 0.0034674  0.0033119
 0.0039858  0.0033676
 0.0043425  0.0033242
 0.0044471  0.0033403
 0.0045298  0.0029953
 0.0049584  0.0028611
 0.0050005  0.0027583
 0.0050322  0.0027804
 0.0050275  0.0026817
 0.0048503  0.0024554
 0.0048587  0.0022883
 0.0048466  0.0024060
 0.0046066  0.0025307
 0.0047501  0.0025511
 0.0046813  0.0027522
 0.0049598  0.0027405
 0.0051353  0.0027605
 0.0056172  0.0028380
 0.0056196  0.0028023
 0.0057089  0.0029012
 0.0056259  0.0026767
 0.0052924  0.0028324
 0.0049715  0.0028532
 0.0042084  0.0027938
 0.0039698  0.0030131
 0.0033771  0.0031560
 0.0027660  0.0032503
 0.0022491  0.0036619
 0.0017704  0.0037624
 0.0014747  0.0039072
 0.0012120  0.0037477
 0.0012467  0.0037394
 0.0010162  0.0032404
 0.0012108  0.0027711
 0.0015398  0.0022030
 0.0016853  0.0017966
 0.0022947  0.0013117
 0.0027766  0.0010595
 0.0033726  0.0009107
 0.0039147  0.0008709
 0.0045336  0.0007966
 0.0048963  0.0011641
 0.0048441  0.0013409
 0.0047636  0.0016147
 0.0043768  0.0022617
 0.0036210  0.0024263
 0.0033429  0.0024265
 0.0029067  0.0023704
 0.0026766  0.0023657
 0.0025598  0.0022668
 0.0027486  0.0020103
 0.0027133  0.0019756
 0.0030361  0.0018508
 0.0031820  0.0019608
 0.0036999  0.0016985
 0.0039492  0.0020215
 0.0045669  0.0021471
 0.0052799  0.0023611
 0.0056146  0.0024701
 0.0057404  0.0025295
 0.0059647  0.0025723
 0.0061044  0.0024871
 0.0059189  0.0023842
 0.0056470  0.0021094
 0.0054379  0.0017939
 0.0048258  0.0015440
 0.0049897  0.0012085
 0.0047374  0.0008517
 0.0047642  0.0004484
 0.0049428 -0.0004273
 0.0050864 -0.0009241
 0.0051736 -0.0014898
 0.0054076 -0.0019359
 0.0050588 -0.0021047
 0.0048761 -0.0019365
 0.0045481 -0.0014348
 0.0038551 -0.0008936
 0.0034288 -0.0002506
 0.0029984 -0.0001244
 0.0027027 -0.0003543
 0.0027499 -0.0004327
 0.0029120 -0.0006846
 0.0031484 -0.0008005
 0.0035479 -0.0007607
 0.0037269 -0.0006150
 0.0034762 -0.0004797
 0.0031869 -0.0001765
 0.0023515 -0.0002899
 0.0016991 -0.0004102
 0.0014063 -0.0007631
 0.0011168 -0.0009530
 0.0008035 -0.0010455
 0.0008814 -0.0009734
 0.0007156 -0.0009171
 0.0008087 -0.0007426
 0.0006633 -0.0006249
 0.0003896 -0.0006869
-0.0001677 -0.0009681
-0.0006972 -0.0011646
-0.0013214 -0.0014565
-0.0018845 -0.0019586
-0.0024978 -0.0020559
-0.0029074 -0.0022303
-0.0036759 -0.0023894
-0.0040060 -0.0022216
-0.0047090 -0.0019315
-0.0049032 -0.0015247
-0.0049950 -0.0008620
-0.0048093 -0.0004990
-0.0049358 -0.0003853
-0.0045964 -0.0000153
-0.0044297 -0.0000515
-0.0043041 -0.0001119
-0.0040697 -0.0002849
-0.0037142 -0.0003146
-0.0030850 -0.0003028
-0.0020010 -0.0000031
-0.0014902  0.0001492
-0.0008335  0.0004929
-0.0002073  0.0009595
-0.0001957  0.0013194
-0.0005020  0.0017479
-0.0007107  0.0021850
-0.0011217  0.0021922
-0.0011504  0.0026424
-0.0011795  0.0026184
-0.0010660  0.0025973
-0.0006845  0.0026450
-0.0002798  0.0027217
 0.0001645  0.0028013
 0.0006056  0.0027863
 0.0005779  0.0024123
 0.0007244  0.0022039
 0.0005837  0.0017356
 0.0002645  0.0013789
-0.0000153  0.0011811
 0.0000289  0.0008853
 0.0000567  0.0003362
 0.0000456 -0.0001210
 0.0001409 -0.0006122
 0.0004576 -0.0010371
 0.0008329 -0.0012202
 0.0006696 -0.0011197
 0.0005566 -0.0010556
 0.0007118 -0.0008157
 0.0003563 -0.0005420
 0.0006258 -0.0002426
 0.0007322 -0.0005272
 0.0009870 -0.0004047
 0.0013517 -0.0005485
 0.0015710 -0.0010945
 0.0015399 -0.0009062
 0.0015823 -0.0009096
 0.0014143 -0.0010346
 0.0010328 -0.0007681
 0.0006362 -0.0007895
 0.0004381 -0.0005842
 0.0001560 -0.0003811
 0.0000843 -0.0000514
 0.0002045  0.0002320
 0.0000044  0.0006489
 0.0000428  0.0008831
 0.0000395  0.0014558
-0.0000501  0.0021021
 0.0000110  0.0023645
 0.0000826  0.0027557
 0.0000757  0.0031853
 0.0001670  0.0029917
 0.0004084  0.0032178
 0.0002876  0.0032329
 0.0003635  0.0028073
 0.0001501  0.0027520
-0.0002518  0.0027226
-0.0005552  0.0026347
-0.0009743  0.0024417
-0.0015171  0.0023701
-0.0014214  0.0024565
-0.0013055  0.0023928
-0.0010492  0.0023924
-0.0004014  0.0022404
 0.0000268  0.0020339
 0.0004560  0.0018381
 0.0006195  0.0013563
 0.0004467  0.0009586
 0.0002951  0.0005204
-0.0002235  0.0000928
-0.0008750 -0.0002806
-0.0013904 -0.0006083
-0.0021502 -0.0011249
-0.0026654 -0.0012969
-0.0025487 -0.0012787
-0.0022134 -0.0015242
-0.0018185 -0.0014711
-0.0014038 -0.0013564
-0.0011802 -0.0012454
-0.0008426 -0.0013023
-0.0010891 -0.0014501
-0.0010253 -0.0013252
-0.0009298 -0.0014695
-0.0008291 -0.0011715
-0.0006133 -0.0007161
-0.0005689 -0.0001270
-0.0002229  0.0003392
-0.0004934  0.0005839
-0.0005451  0.0008517
-0.0005910  0.0005915
-0.0006693  0.0006129
-0.0003919  0.0007002
-0.0004087  0.0006857
-0.0002130  0.0011518
-0.0001533  0.0013894
-0.0002653  0.0015610
-0.0002259  0.0016284
-0.0000558  0.0018111
 0.0000674  0.0016867
 0.0001816  0.0015783
 0.0005167  0.0015563
 0.0005188  0.0013918
 0.0005519  0.0010175
 0.0005095  0.0004793
 0.0005524  0.0000786
 0.0003925 -0.0003409
 0.0004450 -0.0007103
 0.0007109 -0.0007436
 0.0005883 -0.0004979
 0.0006339 -0.0006693
 0.0006882 -0.0004498
 0.0002703 -0.0002209
 0.0001683 -0.0000990
 0.0001627  0.0000314
 0.0001459  0.0004705
 0.0000223  0.0005140
-0.0000263  0.0005904
-0.0002163  0.0003275
-0.0004914  0.0001167
-0.0006880 -0.0005167
-0.0007122 -0.0008411
-0.0005212 -0.0016072
-0.0002485 -0.0021636
 0.0000269 -0.0024444
 0.0003574 -0.0027164
 0.0005785 -0.0029599
 0.0004515 -0.0026540
 0.0006629 -0.0024620
 0.0008052 -0.0023839
 0.0011760 -0.0020722
 0.0015196 -0.0019230
 0.0015446 -0.0015067
 0.0013782 -0.0015602
 0.0006289 -0.0016052
 0.0000519 -0.0016714
-0.0010396 -0.0021968
-0.0020355 -0.0022940
-0.0027180 -0.0020854
-0.0031645 -0.0019730
-0.0039007 -0.0017080
-0.0041343 -0.0013178
-0.0043465 -0.0009843
-0.0045900 -0.0007628
-0.0043930 -0.0006005
-0.0042485 -0.0005912
-0.0040406 -0.0003605
-0.0035704 -0.0005060
-0.0032093 -0.0005805
-0.0029233 -0.0005321
-0.0021574 -0.0006736
-0.0015780 -0.0009790
-0.0010466 -0.0011782
-0.0003528 -0.0013313
 0.0003112 -0.0015232
 0.0009132 -0.0016666
 0.0011988 -0.0015705
 0.0010712 -0.0015632
 0.0010599 -0.0016133
 0.0011820 -0.0017282
 0.0012969 -0.0017019
 0.0015472 -0.0017774
 0.0017376 -0.0019716
 0.0019318 -0.0017504
 0.0019803 -0.0019333
 0.0018085 -0.0018487
 0.0015022 -0.0021172
 0.0008609 -0.0020522
 0.0003055 -0.0024564
-0.0003433 -0.0027953
-0.0010329 -0.0028975
-0.0011740 -0.0030362
-0.0011826 -0.0029151
-0.0009717 -0.0030054
-0.0006148 -0.0025324
-0.0004062 -0.0020035
-0.0006105 -0.0016987
-0.0010171 -0.0013287
-0.0014350 -0.0009958
-0.0020649 -0.0006014
-0.0025000 -0.0008301
-0.0026748 -0.0008985
-0.0028573 -0.0005769
-0.0027200 -0.0003755
-0.0022347 -0.0001371
-0.0019871  0.0005511
-0.0019279  0.0005942
-0.0015405  0.0005490
-0.0013978  0.0002427
-0.0014129  0.0003281
-0.0012849  0.0001143
-0.0016642  0.0003656
-0.0017403  0.0012716
-0.0021830  0.0020510
-0.0025601  0.0031021
-0.0028327  0.0036773
-0.0030864  0.0041381
-0.0031238  0.0038362
-0.0029996  0.0034878
-0.0024144  0.0027148
-0.0021162  0.0018769
-0.0013937  0.0012575
-0.0011539  0.0007807
-0.0010400  0.0005231
-0.0011559  0.0002708
-0.0013719  0.0001194
-0.0018611  0.0000526
-0.0022154  0.0002843
-0.0024108  0.0001795
-0.0027909  0.0001798
-0.0031864  0.0001814
-0.0033210 -0.0002197
-0.0037050 -0.0002880
-0.0041750 -0.0007121
-0.0042771 -0.0009362
-0.0044642 -0.0012393
-0.0045684 -0.0016858
-0.0044799 -0.0021704
-0.0043152 -0.0026916
-0.0041036 -0.0028852
-0.0033987 -0.0030768
-0.0031312 -0.0031059
-0.0022705 -0.0032098
-0.0013631 -0.0030498
-0.0005905 -0.0028767
 0.0000391 -0.0025412
 0.0004269 -0.0025017
 0.0007602 -0.0023476
 0.0007491 -0.0021231
 0.0004325 -0.0017491
-0.0001640 -0.0013237
-0.0008942 -0.0009243
-0.0013498 -0.0006528
-0.0019283 -0.0002652
-0.0024096 -0.0003496
-0.0027902 -0.0002555
-0.0029311 -0.0002783
-0.0028582 -0.0003226
-0.0023786 -0.0006359
-0.0020189 -0.0008146
-0.0014773 -0.0005356
-0.0012817 -0.0002929
-0.0012872 -0.0001462
-0.0016166 -0.0000898
-0.0022866 -0.0003898
-0.0025816 -0.0005010
-0.0027891 -0.0009961
-0.0028222 -0.0011589
-0.0027204 -0.0012759
-0.0025151 -0.0011940
-0.0025134 -0.0011109
-0.0023402 -0.0005097
-0.0027163 -0.0004088
-0.0028922 -0.0002768
-0.0028827 -0.0001072
-0.0026352 -0.0000232
-0.0023764  0.0003956
-0.0019945  0.0007299
-0.0017332  0.0004661
-0.0017847  0.0009047
-0.0015667  0.0008835
-0.0019694  0.0006348
-0.0021441 -0.0001045
-0.0019937 -0.0009301
-0.0016578 -0.0016113
-0.0014297 -0.0023919
-0.0010052 -0.0027662
-0.0005211 -0.0027373
-0.0004109 -0.0027839
-0.0002941 -0.0027813
-0.0004509 -0.0027686
-0.0005210 -0.0026597
-0.0005032 -0.0028578
-0.0008490 -0.0025499
-0.0007526 -0.0025953
-0.0007350 -0.0024318
-0.0008408 -0.0025360
-0.0004649 -0.0028010
-0.0003670 -0.0029328
-0.0002075 -0.0035376
 0.0004010 -0.0041319
 0.0009788 -0.0045751
 0.0015553 -0.0050359
 0.0022670 -0.0049512
 0.0030916 -0.0048058
 0.0036288 -0.0040092
 0.0038620 -0.0032296
 0.0034605 -0.0024439
 0.0032008 -0.0015578
 0.0027426 -0.0010881
 0.0018895 -0.0010713
 0.0013184 -0.0012268
 0.0008775 -0.0014085
 0.0004985 -0.0016503
 0.0000839 -0.0018191
-0.0002547 -0.0020688
-0.0004380 -0.0018459
-0.0007483 -0.0016311
-0.0007299 -0.0014098
-0.0008537 -0.0008388
-0.0008625 -0.0004076
-0.0010646  0.0002871
-0.0014492  0.0006645
-0.0016612  0.0009972
-0.0020732  0.0005038
-0.0019571  0.0002918
-0.0016488 -0.0000348
-0.0014264 -0.0002201
-0.0008306 -0.0005859
-0.0005211 -0.0006738
-0.0002240 -0.0011791
-0.0000611 -0.0012298
 0.0002647 -0.0012417
-0.0000605 -0.0014821
-0.0001782 -0.0011852
-0.0001574 -0.0009120
-0.0000679 -0.0006433
 0.0002496 -0.0001384
 0.0006843  0.0003366
 0.0007475  0.0010105
 0.0009415  0.0014274
 0.0008983  0.0019369
 0.0006514  0.0025537
 0.0002627  0.0029776
 0.0000808  0.0037342
-0.0001387  0.0040914
-0.0004851  0.0042676
-0.0004538  0.0040779
-0.0001758  0.0040324
 0.0001531  0.0036673
 0.0005065  0.0036083
 0.0009452  0.0035374
 0.0016170  0.0037034
 0.0020167  0.0035952
 0.0023758  0.0036467
 0.0028886  0.0032276
 0.0032212  0.0031587
 0.0037170  0.0028610
 0.0040013  0.0025834
 0.0037870  0.0025299
 0.0035373  0.0022769
 0.0032680  0.0018342
 0.0024040  0.0018007
 0.0015382  0.0016266
 0.0008407  0.0014383
-0.0000221  0.0014496
-0.0004146  0.0014932
-0.0005841  0.0015958
-0.0005132  0.0021924
-0.0002435  0.0026688
 0.0001453  0.0031249
 0.0005596  0.0036189
 0.0008874  0.0044179
 0.0013475  0.0048144
 0.0016733  0.0049905
 0.0018284  0.0052557
 0.0023542  0.0052751
 0.0024768  0.0051653
 0.0030385  0.0046117
 0.0036589  0.0041873
 0.0036165  0.0035857
 0.0040616  0.0028184
 0.0042578  0.0023767
 0.0041009  0.0021769
 0.0039061  0.0022277
 0.0037127  0.0023465
 0.0034270  0.0026741
 0.0035435  0.0030189
 0.0034139  0.0034237
 0.0033322  0.0039094
 0.0034513  0.0038607
 0.0034566  0.0038007
 0.0032765  0.0034882
 0.0034508  0.0029159
 0.0032576  0.0025803
 0.0033591  0.0024034
 0.0035870  0.0020090
 0.0037862  0.0017732
 0.0037059  0.0016051
 0.0036586  0.0016909
 0.0034069  0.0012283
 0.0035024  0.0008035
 0.0033318  0.0003522
 0.0030272  0.0000397
 0.0028673 -0.0001940
 0.0024703 -0.0002778
 0.0020062 -0.0002102
 0.0016519 -0.0003521
 0.0012161 -0.0001789
 0.0012701 -0.0001688
 0.0011883 -0.0002735
 0.0015723 -0.0004189
 0.0020719 -0.0003706
 0.0027518 -0.0007683
 0.0034505 -0.0010877
 0.0039788 -0.0013139
 0.0042768 -0.0014669
 0.0043256 -0.0017654
 0.0042520 -0.0020166
 0.0038787 -0.0019774
 0.0035153 -0.0018178
 0.0034287 -0.0014946
 0.0032465 -0.0011730
 0.0030690 -0.0007190
 0.0030062 -0.0001964
 0.0030584  0.0002124
 0.0032045  0.0008045
 0.0033428  0.0009779
 0.0033737  0.0012104
 0.0038858  0.0014814
 0.0041799  0.0015510
 0.0042663  0.0015924
 0.0044300  0.0016714
 0.0046707  0.0015785
 0.0043931  0.0013149
 0.0044512  0.0009059
 0.0042465  0.0003157
 0.0041492 -0.0004113
 0.0040280 -0.0011501
 0.0040664 -0.0018415
 0.0036158 -0.0019861
 0.0034345 -0.0020564
 0.0031043 -0.0019175
 0.0030242 -0.0014407
 0.0029762 -0.0012245
 0.0027719 -0.0011308
 0.0028042 -0.0010265
 0.0029407 -0.0010580
 0.0029137 -0.0008769
 0.0028553 -0.0011200
 0.0026157 -0.0009298
 0.0020303 -0.0005093
 0.0015022 -0.0005307
 0.0009541 -0.0005994
 0.0003804 -0.0009821
 0.0000735 -0.0015474
-0.0002224 -0.0021502
-0.0001360 -0.0026284
-0.0001604 -0.0029708
-0.0002252 -0.0031419
 0.0001892 -0.0030356
 0.0000936 -0.0024055
 0.0001493 -0.0022160
 0.0001020 -0.0016996
 0.0000433 -0.0015280
-0.0001732 -0.0012672
-0.0002376 -0.0013412
-0.0004900 -0.0012207
-0.0007023 -0.0011561
-0.0012684 -0.0013743
-0.0015629 -0.0016207
-0.0019574 -0.0016989
-0.0023839 -0.0021741
-0.0028591 -0.0022674
-0.0031986 -0.0024187
-0.0034620 -0.0024910
-0.0036762 -0.0026319
-0.0036996 -0.0024597
-0.0033877 -0.0023456
-0.0029928 -0.0022935
-0.0026821 -0.0019820
-0.0025301 -0.0014800
-0.0023754 -0.0009853
-0.0022311 -0.0008236
-0.0025604 -0.0002457
-0.0024395  0.0001002
-0.0024593 -0.0000656
-0.0026813 -0.0002196
-0.0027679 -0.0004108
-0.0028933 -0.0007661
-0.0028555 -0.0011517
-0.0026874 -0.0013416
-0.0025490 -0.0014743
-0.0022926 -0.0017910
-0.0019646 -0.0016838
-0.0014593 -0.0015718
-0.0013691 -0.0014959
-0.0010488 -0.0009605
-0.0010742 -0.0007223
-0.0010769 -0.0004349
-0.0012129 -0.0003014
-0.0017019 -0.0003206
-0.0025477 -0.0003583
-0.0026337 -0.0008650
-0.0029745 -0.0011812
-0.0030784 -0.0014579
-0.0031057 -0.0016483
-0.0030855 -0.0014848
-0.0028715 -0.0013388
-0.0025812 -0.0010231
-0.0025739 -0.0005953
-0.0023444 -0.0003563
-0.0023004 -0.0001418
-0.0024086 -0.0000033
-0.0022399  0.0000708
-0.0027175  0.0004513
-0.0035675  0.0006867
-0.0039765  0.0009537
-0.0044723  0.0011548
-0.0045254  0.0015886
-0.0046930  0.0018406
-0.0049512  0.0024107
-0.0047671  0.0025702
-0.0050838  0.0029974
-0.0049387  0.0031153
-0.0048973  0.0028339
-0.0045650  0.0026359
-0.0042109  0.0018018
-0.0036669  0.0012367
-0.0027791  0.0006406
-0.0021835  0.0002938
-0.0017017 -0.0003034
-0.0014618 -0.0006355
-0.0013895 -0.0008576
-0.0013098 -0.0011992
-0.0012670 -0.0014515
-0.0011004 -0.0012329
-0.0008012 -0.0011752
-0.0004249 -0.0005906
 0.0000659 -0.0001575
 0.0007696  0.0004126
 0.0012012  0.0011626
 0.0015371  0.0020657
 0.0020198  0.0022729
 0.0022718  0.0026575
 0.0025124  0.0028696
 0.0026483  0.0029034
 0.0029929  0.0028572
 0.0033115  0.0030498
 0.0035432  0.0033984
 0.0037752  0.0033338
 0.0034702  0.0035664
 0.0035126  0.0036750
 0.0034607  0.0030583
 0.0033372  0.0031206
 0.0036059  0.0028864
 0.0033725  0.0028042
 0.0033700  0.0028105
 0.0034239  0.0028303
 0.0030076  0.0031345
 0.0027460  0.0034710
 0.0027951  0.0035223
 0.0023548  0.0036261
 0.0021933  0.0038869
 0.0018776  0.0039057
 0.0015443  0.0037593
 0.0016608  0.0036906
 0.0016818  0.0036024
 0.0016646  0.0038566
 0.0018223  0.0037974
 0.0020177  0.0037847
 0.0022973  0.0039165
 0.0023959  0.0038600
 0.0026454  0.0035438
 0.0024649  0.0036863
 0.0026812  0.0032943
 0.0024274  0.0033797
 0.0023283  0.0034929
 0.0023952  0.0036080
 0.0025405  0.0034857
 0.0028676  0.0031599
 0.0032208  0.0029431
 0.0033650  0.0027917
 0.0031554  0.0023130
 0.0030694  0.0018546
 0.0028096  0.0014424
 0.0024202  0.0008523
 0.0023027  0.0004196
 0.0024539  0.0001186
 0.0024959  0.0000605
 0.0028140 -0.0000005
 0.0032597  0.0001646
 0.0034254  0.0003259
 0.0033525  0.0005193
 0.0036412  0.0004949
 0.0033563  0.0006500
 0.0032338  0.0007774
 0.0028765  0.0005808
 0.0028903  0.0005333
 0.0026081  0.0005622
 0.0025926  0.0003284
 0.0025191  0.0001383
 0.0025593  0.0000044
 0.0024622 -0.0001401
 0.0024141  0.0000420
 0.0025989  0.0002535
 0.0024166  0.0002321
 0.0025516  0.0003139
 0.0024650  0.0003420
 0.0023108  0.0001064
 0.0025966 -0.0001865
 0.0022791 -0.0003462
 0.0019042 -0.0006005
 0.0019050 -0.0006970
 0.0014363 -0.0007416
 0.0012461 -0.0007263
 0.0011607 -0.0006568
 0.0010380 -0.0007049
 0.0012391 -0.0002805
 0.0012411 -0.0002030
 0.0013919 -0.0000114
 0.0014878  0.0005262
 0.0016898  0.0009477
 0.0015560  0.0010319
 0.0016436  0.0012511
 0.0013002  0.0012771
 0.0011331  0.0009743
 0.0008208  0.0007558
 0.0005049  0.0003070
 0.0002669  0.0002317
 0.0001482 -0.0000250
 0.0000307 -0.0001287
-0.0001072 -0.0000584
 0.0001540 -0.0003501
 0.0001952 -0.0002078
-0.0000327  0.0000575
-0.0003068  0.0002130
-0.0004219  0.0002251
-0.0012477  0.0004750
-0.0014165  0.0003810
-0.0019974  0.0000580
-0.0022336 -0.0002549
-0.0023638 -0.0006550
-0.0022992 -0.0010571
-0.0022029 -0.0014706
-0.0021159 -0.0020459
-0.0020186 -0.0024919
-0.0020095 -0.0028623
-0.0015466 -0.0032798
-0.0015662 -0.0035437
-0.0014721 -0.0037111
-0.0012937 -0.0039917
-0.0011048 -0.0043625
-0.0012342 -0.0047027
-0.0014218 -0.0052047
-0.0015039 -0.0054273
-0.0017850 -0.0056342
-0.0017589 -0.0054370
-0.0017771 -0.0054941
-0.0015072 -0.0055704
-0.0014299 -0.0056830
-0.0005174 -0.0060420
 0.0001169 -0.0062150
 0.0009535 -0.0063888
 0.0012894 -0.0063513
 0.0016758 -0.0059124
 0.0015161 -0.0055801
 0.0011447 -0.0049222
 0.0012022 -0.0040718
 0.0011469 -0.0032877
 0.0008990 -0.0024346
 0.0010995 -0.0013194
 0.0009848 -0.0004447
 0.0007670  0.0002397
 0.0005680  0.0007842
 0.0005569  0.0009429
 0.0007414  0.0009205
 0.0007022  0.0006728
 0.0008559  0.0003415
 0.0008559 -0.0000802
 0.0005643 -0.0005818
-0.0001768 -0.0010272
-0.0004640 -0.0012515
-0.0009334 -0.0016991
-0.0010274 -0.0018893
-0.0008631 -0.0021812
-0.0003443 -0.0021796
 0.0000358 -0.0019616
 0.0006077 -0.0017923
 0.0008249 -0.0015801
 0.0010469 -0.0017907
 0.0007469 -0.0017921
 0.0008107 -0.0019235
 0.0006756 -0.0022208
 0.0005375 -0.0026706
 0.0005565 -0.0031953
 0.0007953 -0.0032798
 0.0008785 -0.0034896
 0.0012404 -0.0038043
 0.0013935 -0.0037478
 0.0015457 -0.0037849
 0.0017005 -0.0034678
 0.0016755 -0.0034014
 0.0019678 -0.0029849
 0.0021845 -0.0027014
 0.0022568 -0.0023427
 0.0022637 -0.0020503
 0.0024466 -0.0018264
 0.0023020 -0.0015707
 0.0019544 -0.0015059
 0.0019390 -0.0010406
 0.0015790 -0.0010982
 0.0013350 -0.0009226
 0.0011315 -0.0008114
 0.0010053 -0.0008584
 0.0008706 -0.0005355
 0.0010119 -0.0003843
 0.0007600 -0.0001158
 0.0006251  0.0000964
 0.0006461  0.0003548
 0.0009495  0.0006162
 0.0013187  0.0007959
 0.0016017  0.0009786
 0.0020801  0.0010458
 0.0021562  0.0013811
 0.0022317  0.0016409
 0.0019667  0.0019666
 0.0016235  0.0023536
 0.0014923  0.0024463
 0.0011249  0.0027824
 0.0010131  0.0028163
 0.0010579  0.0030190
 0.0011165  0.0033870
 0.0010499  0.0035043
 0.0006007  0.0041475
 0.0002062  0.0045228
-0.0002754  0.0047364
-0.0007369  0.0047822
-0.0007276  0.0048694
-0.0006818  0.0049157
-0.0004047  0.0046070
 0.0001030  0.0046235
 0.0006612  0.0044590
 0.0009883  0.0044491
 0.0013163  0.0046669
 0.0014411  0.0047989
 0.0010791  0.0052101
 0.0005516  0.0052287
 0.0001259  0.0050496
-0.0004095  0.0044963
-0.0007458  0.0036640
-0.0008792  0.0027948
-0.0009444  0.0014699
-0.0005023  0.0009258
-0.0005296  0.0000039
-0.0007201 -0.0004280
-0.0007399 -0.0004483
-0.0012868 -0.0006397
-0.0019197 -0.0007164
-0.0022836 -0.0007921
-0.0027920 -0.0008783
-0.0029815 -0.0008016
-0.0030875 -0.0008206
-0.0031182 -0.0004603
-0.0030831 -0.0000402
-0.0028941  0.0001219
-0.0029822  0.0004891
-0.0031086  0.0005267
-0.0028609  0.0002790
-0.0029458 -0.0001088
-0.0027914 -0.0001670
-0.0026396 -0.0003095
-0.0024472 -0.0006208
-0.0020243 -0.0006022
-0.0013952 -0.0006418
-0.0010169 -0.0007506
-0.0004371 -0.0007018
 0.0002444 -0.0006364
 0.0006008 -0.0007999
 0.0008957 -0.0006733
 0.0013436 -0.0007678
 0.0013327 -0.0008217
 0.0016010 -0.0005324
 0.0018019 -0.0006133
 0.0016814 -0.0000226
 0.0018481  0.0002411
 0.0016152  0.0004939
 0.0014095  0.0009957
 0.0007628  0.0006738
 0.0004571  0.0007822
-0.0003582  0.0006679
-0.0004420  0.0007733
-0.0006746  0.0007711
-0.0009687  0.0012390
-0.0006585  0.0015277
-0.0005233  0.0019995
-0.0003192  0.0023193
-0.0002004  0.0024606
-0.0002143  0.0028569
-0.0001578  0.0032623
-0.0002652  0.0034002
-0.0001229  0.0035154
 0.0000386  0.0034381
 0.0004129  0.0031387
 0.0008881  0.0028682
 0.0015306  0.0027303
 0.0019988  0.0023037
 0.0018827  0.0023174
 0.0017761  0.0024438
 0.0014418  0.0025814
 0.0008279  0.0023914
 0.0003590  0.0024451
-0.0001752  0.0023381
-0.0006623  0.0020861
-0.0011207  0.0020704
-0.0014054  0.0019081
-0.0016349  0.0015708
-0.0016184  0.0013208
-0.0014837  0.0007350
-0.0014661  0.0001683
-0.0015532 -0.0004950
-0.0013042 -0.0011182
-0.0014058 -0.0016435
-0.0013789 -0.0025164
-0.0013153 -0.0030330
-0.0013952 -0.0033210
-0.0009670 -0.0034316
-0.0011619 -0.0035725
-0.0010085 -0.0033826
-0.0007924 -0.0031888
-0.0011146 -0.0030479
-0.0012462 -0.0026904
-0.0014017 -0.0026579
-0.0018173 -0.0025269
-0.0023398 -0.0023624
-0.0024200 -0.0023364
-0.0024872 -0.0024525
-0.0022458 -0.0022914
-0.0018402 -0.0021842
-0.0015501 -0.0020124
-0.0012785 -0.0018669
-0.0010841 -0.0017405
-0.0012341 -0.0017685
-0.0015599 -0.0019189
-0.0019542 -0.0022064
-0.0025893 -0.0024153
-0.0032268 -0.0029036
-0.0036056 -0.0032858
-0.0041375 -0.0036399
-0.0041890 -0.0040700
-0.0038664 -0.0042739
-0.0036670 -0.0044225
-0.0031098 -0.0041961
-0.0026389 -0.0039886
-0.0024269 -0.0033198
-0.0020512 -0.0025728
-0.0018679 -0.0019896
-0.0016093 -0.0014702
-0.0016541 -0.0010616
-0.0015685 -0.0012881
-0.0015402 -0.0009671
-0.0014134 -0.0012911
-0.0014060 -0.0013926
-0.0011010 -0.0015529
-0.0011205 -0.0017244
-0.0008718 -0.0017103
-0.0005803 -0.0017694
-0.0004263 -0.0020268
-0.0003273 -0.0018631
-0.0001234 -0.0017452
 0.0000031 -0.0018395
 0.0004065 -0.0016733
 0.0008385 -0.0015368
 0.0012382 -0.0011916
 0.0017935 -0.0008363
 0.0020901 -0.0004701
 0.0019625 -0.0004120
 0.0015799 -0.0001592
 0.0014663 -0.0001951
 0.0010367 -0.0001927
 0.0003382 -0.0003298
 0.0001473 -0.0003803
-0.0003707 -0.0005388
-0.0005839 -0.0006026
-0.0003471 -0.0006906
-0.0004211 -0.0004046
-0.0003216 -0.0000272
 0.0000186  0.0000804
 0.0003615  0.0003045
 0.0005309  0.0000453
 0.0006266 -0.0001467
 0.0008390 -0.0005305
 0.0006595 -0.0009351
 0.0005558 -0.0015219
 0.0004387 -0.0021346
 0.0004317 -0.0025666
 0.0006574 -0.0031981
 0.0007258 -0.0033670
 0.0010189 -0.0036553
 0.0013037 -0.0039728
 0.0019164 -0.0043510
 0.0025654 -0.0044872
 0.0031606 -0.0045809
 0.0034206 -0.0046791
 0.0035686 -0.0043862
 0.0033229 -0.0044157
 0.0028772 -0.0041558
 0.0021975 -0.0043266
 0.0016743 -0.0041544
 0.0011090 -0.0039313
 0.0005460 -0.0040091
 0.0001663 -0.0037317
-0.0001171 -0.0036832
-0.0003256 -0.0037696
-0.0000468 -0.0038472
 0.0001639 -0.0040113
 0.0008711 -0.0040888
 0.0015378 -0.0039378
 0.0017908 -0.0035682
 0.0022050 -0.0033494
 0.0021541 -0.0029693
 0.0018896 -0.0025964
 0.0013803 -0.0022296
 0.0007149 -0.0021123
-0.0000153 -0.0019348
-0.0006270 -0.0019328
-0.0007166 -0.0016205
-0.0012740 -0.0012537
-0.0012478 -0.0006190
-0.0014321 -0.0002495
-0.0015040  0.0000955
-0.0014380  0.0004310
-0.0013451  0.0001720
-0.0011069  0.0001421
-0.0010415  0.0000939
-0.0008879  0.0000198
-0.0005980 -0.0001522
-0.0006549 -0.0000476
-0.0005455 -0.0000309
-0.0005344  0.0001508
-0.0005503  0.0003401
-0.0007324  0.0005715
-0.0010290  0.0005943
-0.0015492  0.0006359
-0.0018080  0.0005604
-0.0021344  0.0006777
-0.0026539  0.0010883
-0.0028854  0.0013193
-0.0025834  0.0018827
-0.0025344  0.0023139
-0.0026509  0.0025432
-0.0024514  0.0029734
-0.0027944  0.0030594
-0.0032514  0.0031072
-0.0035058  0.0030285
-0.0035685  0.0026998
-0.0037754  0.0027384
-0.0033975  0.0024390
-0.0031645  0.0022838
-0.0026098  0.0027785
-0.0020022  0.0028693
-0.0016263  0.0030764
-0.0010115  0.0032266
-0.0006576  0.0030863
-0.0003108  0.0032484
 0.0001807  0.0031160
 0.0005434  0.0029559
 0.0004364  0.0024599
-0.0000143  0.0021472
-0.0004558  0.0014512
-0.0010512  0.0006698
-0.0018805  0.0004520
-0.0024110  0.0002343
-0.0026333  0.0002382
-0.0029733  0.0005071
-0.0029281  0.0004235
-0.0030797  0.0008081
-0.0033488  0.0006664
-0.0036746  0.0009307
-0.0037428  0.0011925
-0.0039033  0.0012628
-0.0039802  0.0018886
-0.0040668  0.0021846
-0.0038644  0.0028241
-0.0038429  0.0032436
-0.0035718  0.0034886
-0.0030617  0.0037157
-0.0030312  0.0037730
-0.0027712  0.0038314
-0.0029310  0.0037872
-0.0033513  0.0034989
-0.0035796  0.0036138
-0.0037100  0.0032974
-0.0037021  0.0029032
-0.0034493  0.0026609
-0.0029846  0.0023686
-0.0025275  0.0020143
-0.0018234  0.0019816
-0.0017638  0.0016608
-0.0018070  0.0012055
-0.0016324  0.0008573
-0.0016212  0.0005839
-0.0020252  0.0001254
-0.0018429  0.0002657
-0.0019033  0.0000220
-0.0017911  0.0001199
-0.0017154 -0.0000793
-0.0015625 -0.0001546
-0.0013138 -0.0000371
-0.0011643  0.0000219
-0.0010026  0.0002861
-0.0010325  0.0005526
-0.0009412  0.0005007
-0.0008369  0.0003561
-0.0005997  0.0002217
-0.0004002  0.0001480
 0.0002322 -0.0002779
 0.0011901 -0.0005298
 0.0017166 -0.0008609
 0.0020941 -0.0011598
 0.0025502 -0.0017159
 0.0028332 -0.0021128
 0.0029903 -0.0022525
 0.0032447 -0.0023746
 0.0037726 -0.0022607
 0.0042242 -0.0016146
 0.0046634 -0.0007475
 0.0052046 -0.0001583
 0.0055183  0.0003633
 0.0055900  0.0007144
 0.0057446  0.0007880
 0.0054796  0.0008544
 0.0051118  0.0005841
 0.0046594  0.0004686
 0.0041883  0.0004192
 0.0035034  0.0003330
 0.0028723  0.0002534
 0.0022487  0.0002399
 0.0020923  0.0003705
 0.0022913  0.0005198
 0.0023155  0.0005675
 0.0023995  0.0006151
 0.0027812  0.0006840
 0.0030053  0.0007702
 0.0034123  0.0006951
 0.0032609  0.0007706
 0.0032512  0.0004561
 0.0031265  0.0004010
 0.0027332 -0.0001035
 0.0021938 -0.0004551
 0.0019322 -0.0008714
 0.0013540 -0.0014919
 0.0013871 -0.0018730
 0.0013884 -0.0025315
 0.0009620 -0.0030463
 0.0012261 -0.0033872
 0.0013486 -0.0036143
 0.0012642 -0.0042105
 0.0015543 -0.0042672
 0.0015618 -0.0044725
 0.0016004 -0.0043326
 0.0017996 -0.0043526
 0.0018287 -0.0044453
 0.0018600 -0.0041605
 0.0021660 -0.0035773
 0.0025449 -0.0034475
 0.0028861 -0.0032450
 0.0032025 -0.0026753
 0.0032927 -0.0023838
 0.0027356 -0.0020696
 0.0023031 -0.0016509
 0.0017286 -0.0014813
 0.0013168 -0.0012082
 0.0013160 -0.0011462
 0.0011880 -0.0014058
 0.0013917 -0.0017510
 0.0016707 -0.0016638
 0.0021025 -0.0017772
 0.0021197 -0.0018436
 0.0025012 -0.0016165
 0.0022123 -0.0015693
 0.0022591 -0.0012697
 0.0022026 -0.0015987
 0.0020409 -0.0016962
 0.0020708 -0.0016147
 0.0020230 -0.0019642
 0.0015074 -0.0021719
 0.0011263 -0.0022959
 0.0006874 -0.0028316
 0.0001058 -0.0032051
-0.0000984 -0.0036710
-0.0001127 -0.0039548
-0.0000693 -0.0043628
 0.0005456 -0.0043020
 0.0010485 -0.0042907
 0.0014001 -0.0043072
 0.0019373 -0.0039851
 0.0020211 -0.0039663
 0.0019726 -0.0033956
 0.0017518 -0.0032933
 0.0013975 -0.0028912
 0.0008882 -0.0023044
 0.0003593 -0.0021470
-0.0000368 -0.0018194
-0.0004414 -0.0016123
-0.0006843 -0.0012390
-0.0008587 -0.0012689
-0.0008605 -0.0010287
-0.0009284 -0.0010062
-0.0011482 -0.0011984
-0.0012673 -0.0011124
-0.0014323 -0.0011290
-0.0014323 -0.0012440
-0.0015510 -0.0012731
-0.0015926 -0.0013274
-0.0014285 -0.0014109
-0.0012704 -0.0014065
-0.0013968 -0.0016416
-0.0017253 -0.0020836
-0.0019296 -0.0025892
-0.0018825 -0.0035401
-0.0021028 -0.0045311
-0.0017118 -0.0051468
-0.0015911 -0.0054460
-0.0017721 -0.0055526
-0.0018394 -0.0049861
-0.0021238 -0.0047632
-0.0025622 -0.0041437
-0.0025660 -0.0036075
-0.0026397 -0.0030459
-0.0025154 -0.0024953
-0.0023048 -0.0020740
-0.0020932 -0.0019688
-0.0018344 -0.0017267
-0.0014632 -0.0015119
-0.0008130 -0.0017101
-0.0003152 -0.0016861
 0.0002858 -0.0014398
 0.0007521 -0.0013190
 0.0009532 -0.0012572
 0.0012477 -0.0010523
 0.0013060 -0.0012453
 0.0014574 -0.0009954
 0.0017257 -0.0009391
 0.0017425 -0.0010737
 0.0016027 -0.0010146
 0.0018201 -0.0008997
 0.0015276 -0.0010111
 0.0009315 -0.0005335
 0.0007661 -0.0005222
 0.0000674 -0.0007523
-0.0005287 -0.0003246
-0.0006617 -0.0005674
-0.0012144 -0.0007249
-0.0016969 -0.0006638
-0.0019469 -0.0005707
-0.0025492 -0.0004300
-0.0029213 -0.0003636
-0.0033446 -0.0002859
-0.0036402 -0.0002616
-0.0037762 -0.0001902
-0.0037550 -0.0002142
-0.0035487 -0.0000775
-0.0032115  0.0001829
-0.0032541  0.0003083
-0.0028939  0.0008978
-0.0024409  0.0014111
-0.0023438  0.0018740
-0.0023057  0.0021519
-0.0021359  0.0021575
-0.0020049  0.0019807
-0.0016058  0.0019106
-0.0013036  0.0017307
-0.0010535  0.0013682
-0.0009015  0.0014897
-0.0003476  0.0013232
-0.0004223  0.0011583
-0.0004614  0.0008489
-0.0001671  0.0009404
-0.0003084  0.0005385
-0.0003750  0.0006213
-0.0006914  0.0005062
-0.0012338  0.0003639
-0.0012984  0.0004251
-0.0015729  0.0003104
-0.0020580  0.0000322
-0.0019124 -0.0002474
-0.0017267 -0.0010500
-0.0020694 -0.0013393
-0.0015724 -0.0014620
-0.0015791 -0.0017586
-0.0019372 -0.0014810
-0.0015728 -0.0011631
-0.0016023 -0.0009783
-0.0017860 -0.0004803
-0.0014427 -0.0002451
-0.0015476 -0.0001971
-0.0018246 -0.0001549
-0.0015264 -0.0003735
-0.0017866 -0.0007958
-0.0017846 -0.0012791
-0.0014210 -0.0016295
-0.0009196 -0.0018908
-0.0005423 -0.0018171
 0.0002549 -0.0014511
 0.0006787 -0.0012151
 0.0013576 -0.0002764
 0.0017117  0.0000323
 0.0019194  0.0007990
 0.0022321  0.0015320
 0.0025623  0.0018128
 0.0026574  0.0023339
 0.0024822  0.0027086
 0.0021403  0.0025063
 0.0015056  0.0023018
 0.0012022  0.0024422
 0.0009875  0.0020068
 0.0005046  0.0019470
 0.0004499  0.0019506
 0.0004528  0.0017776
 0.0005501  0.0018826
 0.0010311  0.0022197
 0.0014704  0.0024684
 0.0019769  0.0026826
 0.0023079  0.0029836
 0.0026414  0.0032319
 0.0031362  0.0033932
 0.0033377  0.0035836
 0.0037043  0.0036379
 0.0040025  0.0035216
 0.0046059  0.0035720
 0.0049698  0.0036374
 0.0053609  0.0038445
 0.0059525  0.0040642
 0.0058187  0.0038784
 0.0056941  0.0039507
 0.0056768  0.0036228
 0.0051723  0.0034546
 0.0049811  0.0036823
 0.0045217  0.0035190
 0.0041175  0.0036048
 0.0038470  0.0035899
 0.0038167  0.0034979
 0.0033688  0.0033713
 0.0031201  0.0036780
 0.0028256  0.0040735
 0.0022549  0.0044708
 0.0018103  0.0048800
 0.0009703  0.0049258
 0.0002044  0.0052171
-0.0001324  0.0052536
-0.0006503  0.0050235
-0.0007018  0.0050432
-0.0003814  0.0045679
 0.0002644  0.0045390
 0.0003916  0.0044930
 0.0012974  0.0049078
 0.0017625  0.0049169
 0.0019860  0.0050986
 0.0024029  0.0053788
 0.0023190  0.0052654
 0.0023832  0.0053324
 0.0025663  0.0052093
 0.0028007  0.0048334
 0.0029281  0.0045893
 0.0031415  0.0044035
 0.0029776  0.0043357
 0.0025340  0.0042372
 0.0020152  0.0036794
 0.0015265  0.0030542
 0.0009703  0.0025931
 0.0007325  0.0019388
 0.0005595  0.0014507
 0.0008145  0.0016808
 0.0007349  0.0015789
 0.0008090  0.0019263
 0.0009103  0.0021874
 0.0011000  0.0020947
 0.0009634  0.0023222
 0.0008683  0.0022519
 0.0008475  0.0023062
 0.0006644  0.0024286
 0.0003553  0.0022955
 0.0001336  0.0025959
-0.0003971  0.0021627
-0.0010799  0.0016999
-0.0014642  0.0008924
-0.0017465  0.0004073
-0.0013956 -0.0000208
-0.0013117 -0.0002076
-0.0014225  0.0001421
-0.0014857  0.0005799
-0.0018422  0.0007091
-0.0021338  0.0011867
-0.0024140  0.0014185
-0.0025658  0.0010753
-0.0027816  0.0010303
-0.0027892  0.0009976
-0.0031413  0.0007418
-0.0032319  0.0006657
-0.0030983  0.0003317
-0.0031548  0.0000829
-0.0031102 -0.0000802
-0.0024993 -0.0002499
-0.0022236 -0.0002707
-0.0020041 -0.0003361
-0.0017712 -0.0003854
-0.0016821 -0.0005410
-0.0017344 -0.0008621
-0.0017006 -0.0012566
-0.0018983 -0.0016497
-0.0017884 -0.0018496
-0.0016546 -0.0019416
-0.0013740 -0.0021672
-0.0010976 -0.0020014
-0.0009922 -0.0023394
-0.0008002 -0.0021005
-0.0003404 -0.0021914
-0.0000943 -0.0021417
-0.0000566 -0.0020569
 0.0000183 -0.0020858
 0.0000918 -0.0019534
-0.0003013 -0.0021488
-0.0006217 -0.0022542
-0.0010533 -0.0029256
-0.0014711 -0.0032266
-0.0012563 -0.0035044
-0.0012428 -0.0040065
-0.0008158 -0.0041532
-0.0004784 -0.0041547
-0.0004219 -0.0034820
-0.0007009 -0.0025502
-0.0008939 -0.0018741
-0.0016223 -0.0008534
-0.0022426 -0.0001381
-0.0031783 -0.0000499
-0.0036266 -0.0001748
-0.0038743  0.0000819
-0.0040075  0.0000504
-0.0040836  0.0002666
-0.0038846  0.0007333
-0.0035152  0.0011996
-0.0032584  0.0016833
-0.0031753  0.0022459
-0.0028259  0.0028116
-0.0028515  0.0029022
-0.0023277  0.0026250
-0.0020416  0.0024843
-0.0013785  0.0018827
-0.0007995  0.0015242
 0.0001732  0.0008340
 0.0004591  0.0001097
 0.0013122 -0.0001787
 0.0015633 -0.0006923
 0.0015258 -0.0011340
 0.0018227 -0.0013203
 0.0019671 -0.0012583
 0.0016225 -0.0009983
 0.0017004 -0.0004069
 0.0015855  0.0002475
 0.0009244  0.0009402
 0.0007217  0.0019901
 0.0003747  0.0024318
 0.0003256  0.0034568
 0.0004748  0.0039838
 0.0006220  0.0044373
 0.0008356  0.0049189
 0.0006509  0.0054569
 0.0001402  0.0056873
-0.0001579  0.0056978
-0.0004593  0.0056118
-0.0010417  0.0054505
-0.0009460  0.0053825
-0.0008239  0.0050936
-0.0007777  0.0049036
-0.0006200  0.0048126
-0.0003457  0.0049895
-0.0003199  0.0048801
-0.0001089  0.0049249
-0.0001863  0.0048541
-0.0003312  0.0045523
-0.0003405  0.0041240
-0.0004245  0.0035290
-0.0006041  0.0028027
-0.0007107  0.0022443
-0.0008353  0.0018256
-0.0011138  0.0014193
-0.0013141  0.0012172
-0.0015663  0.0010952
-0.0018975  0.0011408
-0.0022712  0.0011135
-0.0022956  0.0008870
-0.0024643  0.0007588
-0.0020133  0.0006758
-0.0018018  0.0006372
-0.0014087  0.0007596
-0.0009307  0.0007886
-0.0004424  0.0010390
-0.0002072  0.0013920
 0.0003353  0.0015184
 0.0003924  0.0019272
 0.0007009  0.0024813
 0.0006342  0.0030558
 0.0005202  0.0032783
 0.0001669  0.0034412
-0.0002540  0.0035115
-0.0004126  0.0033119
-0.0008449  0.0033322
-0.0010247  0.0030716
-0.0007278  0.0029156
-0.0006624  0.0028073
-0.0005566  0.0023707
-0.0000957  0.0021355
 0.0002013  0.0017622
 0.0003355  0.0015930
 0.0004415  0.0012460
 0.0006999  0.0010693
 0.0006492  0.0009504
 0.0002463  0.0008694
 0.0000436  0.0009818
-0.0001692  0.0010765
-0.0007992  0.0013593
-0.0012193  0.0014948
-0.0014359  0.0016981
-0.0017638  0.0021719
-0.0018803  0.0028666
-0.0024055  0.0031086
-0.0025690  0.0033127
-0.0023325  0.0034306
-0.0021873  0.0032290
-0.0018029  0.0029092
-0.0012094  0.0027911
-0.0008323  0.0023950
-0.0003474  0.0025587
 0.0003931  0.0028930
 0.0008225  0.0031338
 0.0014399  0.0037752
 0.0020804  0.0043776
 0.0023037  0.0050371
 0.0030643  0.0057842
 0.0031218  0.0063278
 0.0029895  0.0064627
 0.0025205  0.0066654
 0.0020336  0.0062491
 0.0012900  0.0056562
 0.0007649  0.0051281
 0.0005596  0.0042863
 0.0001359  0.0035385
 0.0001627  0.0031108
 0.0003327  0.0026368
 0.0003413  0.0024590
