[PARAMETERS]
DW=1E-007
TAU=6E-005
TD=4096
BS=4096
NS=256
NSC=256
FR=56.030000
GAIN=4.974204
D0=0.05
D1=4.5E-006
D2=1E-005
D3=2.5E-005
D4=1E-005
D5=5E-005
D6=0.001
D7=0.001
D8=0.001
D9=0.05
C0=1
SEGTD=0
SEGOFF=0
SEGNUM=0
[ADDITIONAL]
PPFILE=ZG_two_T2.PC
DATEWR=27.09.2024
TIMEWR=09:25:29
DATESTA=27.09.2024
TIMESTA=09:25:10
DATEEND=27.09.2024
TIMEEND=09:25:29
CURR_Z0=0
CURR_Z1=1
TE=-1
[VARIABLES]
_USER=Measurements
_EMAIL_F=7NMR.NMR-270-ijs.si
_ITC_H=1
_ITC_R0= 35.00
_ITC_R1= 35.00
_ITC_R2= 53.10
_ITC_R3=  0.00
_ITC_R4=  0.00
_ITC_V=  2.42
_ITC_X=X0A1C1S00H1
_FW=100
_ORIENT=?
_THETA=0
_TITLE=?
_DESCR1=?
_DESCR2=?
_FR_LARM=56.03000000
_FR_SYNT=526.03000000
_TRIMLEV=1.81640625
_DATE=27.09.2024
_TIME=09:16:34
[PPFILE]
; pi/2 - pi


DELAY D9
PULSE [GT] 3u
PULSE [PHL1,GT] D1
DELAY TAU-3u
PULSE [GT] 3u
PULSE [PHL2,GT] 2*D1
DELAY TAU-D3
PULSE [TR] 1u+DW
DELAY 1m
STOP

;PHL 1 [+X] [+X] [+Y] [+Y] [-X] [-X] [-Y] [-Y]
;PHL 2 [+Y] [-Y] [-X] [+X] [-Y] [+Y] [+X] [-X]
;!RLS +X+X+Y+Y-X-X-Y-Y

PHL 1 [+X] [+X] [-X] [-X] [+Y] [+Y] [-Y] [-Y] [+X] [+X] [-X] [-X] [+Y] [+Y] [-Y] [-Y]
PHL 2 [+Y] [-Y] [-Y] [+Y] [-X] [+X] [+X] [-X] [+X] [-X] [-X] [+X] [-Y] [+Y] [+Y] [-Y]
!RLS +X+X-X-X+Y+Y-Y-Y-X-X+X+X-Y-Y+Y+Y
[DATA]
-0.0000868 -0.0000674
 0.0000016  0.0000394
-0.0000672  0.0001157
-0.0001435 -0.0001538
 0.0000190 -0.0001631
 0.0001458 -0.0000380
-0.0000204  0.0000872
-0.0001050 -0.0001340
-0.0000757 -0.0001056
-0.0002693  0.0000458
-0.0001235 -0.0000394
-0.0000854  0.0000291
-0.0000771  0.0000375
-0.0000214  0.0000186
 0.0000087 -0.0000489
 0.0000022 -0.0001464
-0.0000194  0.0000287
 0.0000190 -0.0000941
 0.0002309 -0.0001342
 0.0000289 -0.0001056
 0.0000093  0.0000095
-0.0001425 -0.0000858
 0.0000693 -0.0000588
-0.0000668  0.0000200
-0.0000741 -0.0000951
 0.0000680 -0.0000384
-0.0001710 -0.0000392
 0.0000010  0.0001145
-0.0002673  0.0000186
 0.0000214  0.0000573
-0.0000951 -0.0000693
-0.0002178 -0.0001635
 0.0000026 -0.0000561
-0.0001536 -0.0000575
 0.0001835  0.0000761
-0.0000943 -0.0000600
 0.0000961  0.0001248
-0.0000585 -0.0001447
-0.0001027 -0.0000303
 0.0000200  0.0001054
-0.0000660  0.0000079
 0.0002114 -0.0000876
-0.0001132 -0.0001064
 0.0000596 -0.0001241
 0.0000004 -0.0001726
-0.0000287 -0.0000474
-0.0000264 -0.0000083
 0.0000674 -0.0000103
 0.0001361  0.0000014
 0.0001165 -0.0001710
 0.0001629 -0.0001241
-0.0001450 -0.0000388
 0.0000222 -0.0000951
 0.0000396 -0.0002295
-0.0001722 -0.0001347
-0.0000565 -0.0001268
 0.0000686  0.0000087
-0.0000739  0.0000949
-0.0000066 -0.0002903
 0.0000995 -0.0001074
 0.0000959 -0.0000105
 0.0000398 -0.0000676
 0.0002505 -0.0000485
-0.0000279  0.0000860
 0.0000870 -0.0000573
 0.0000014  0.0000087
 0.0002596 -0.0000208
 0.0000293  0.0001246
 0.0001649  0.0000882
-0.0000872  0.0002023
 0.0000489  0.0000955
 0.0002600  0.0001726
 0.0000101 -0.0001167
 0.0002419  0.0001431
 0.0000963 -0.0000464
 0.0001264  0.0000945
 0.0000333 -0.0000392
 0.0003367 -0.0000456
 0.0001342  0.0001237
 0.0000115 -0.0000482
 0.0001732 -0.0000464
 0.0001344 -0.0001611
 0.0001179  0.0000097
 0.0001351 -0.0001256
 0.0000878  0.0000101
-0.0000277 -0.0000963
 0.0002120 -0.0000384
 0.0001167  0.0000485
-0.0000848 -0.0002390
-0.0000571 -0.0000672
 0.0000876  0.0000406
-0.0000460 -0.0000077
 0.0001363 -0.0002610
 0.0002025 -0.0000850
 0.0000380 -0.0000753
-0.0001421 -0.0001423
 0.0000971  0.0000874
-0.0000297 -0.0000365
-0.0000394  0.0002312
-0.0000585  0.0001714
 0.0000868 -0.0000864
-0.0002221 -0.0000505
-0.0000763  0.0000163
 0.0000169  0.0000482
 0.0000592 -0.0000489
-0.0000866  0.0002592
-0.0000478 -0.0000489
 0.0000773  0.0000565
-0.0000959  0.0000192
 0.0000388  0.0001036
 0.0000194 -0.0001151
 0.0000590 -0.0002877
-0.0001266  0.0000299
 0.0000862 -0.0000412
 0.0000577 -0.0000668
 0.0001046  0.0001258
 0.0000476  0.0001524
-0.0000769  0.0000388
 0.0002219 -0.0001734
-0.0000866  0.0001637
 0.0000656 -0.0000121
-0.0001062 -0.0000121
-0.0000686 -0.0000295
-0.0000476  0.0000163
-0.0001732  0.0000836
 0.0000388 -0.0002406
-0.0001246 -0.0001278
-0.0001906  0.0000460
-0.0002000 -0.0000400
 0.0000862  0.0000676
-0.0000951  0.0001136
-0.0000176 -0.0000777
 0.0002608 -0.0000184
-0.0001462  0.0001256
 0.0001429  0.0000678
 0.0001530  0.0000785
 0.0002511 -0.0002295
 0.0000184 -0.0001330
 0.0001147  0.0000022
 0.0001419  0.0001167
 0.0000763 -0.0001136
-0.0001557 -0.0000971
 0.0000565 -0.0000773
 0.0001518  0.0000202
-0.0001538  0.0000450
-0.0001159 -0.0000487
 0.0000470  0.0000763
 0.0001235 -0.0000396
 0.0002879 -0.0000107
 0.0002103  0.0000206
 0.0001143  0.0000107
-0.0001912 -0.0001476
 0.0000400 -0.0001548
-0.0000485  0.0000089
-0.0000184  0.0000180
-0.0000466 -0.0001062
 0.0000573  0.0000380
 0.0000789  0.0001336
 0.0000390  0.0000359
 0.0000489 -0.0000660
 0.0001149  0.0002093
 0.0002112  0.0001332
 0.0002023  0.0002316
 0.0000785  0.0001155
 0.0001736 -0.0000474
 0.0001835 -0.0000571
 0.0002198 -0.0000075
 0.0000093  0.0000101
 0.0001839 -0.0000559
-0.0000174 -0.0001635
 0.0000190 -0.0000099
-0.0000860 -0.0000590
 0.0000668  0.0001248
 0.0001165 -0.0000674
 0.0000293 -0.0000010
 0.0000668 -0.0000763
 0.0000501 -0.0000103
-0.0000081 -0.0000880
 0.0001141 -0.0001163
-0.0000676 -0.0000293
 0.0001633  0.0000767
 0.0000101  0.0000848
 0.0001530  0.0001169
 0.0001548  0.0000652
 0.0000965 -0.0000598
-0.0002029  0.0000757
 0.0000394 -0.0000680
-0.0000773  0.0000567
-0.0001435  0.0000097
 0.0001344  0.0000020
 0.0001748 -0.0001050
 0.0001752 -0.0003432
 0.0005584 -0.0004988
 0.0008279 -0.0006680
 0.0010853 -0.0010855
 0.0012332 -0.0016458
 0.0012126 -0.0020620
 0.0006702 -0.0029404
 0.0006360 -0.0037249
 0.0004184 -0.0043301
 0.0000308 -0.0048354
 0.0001032 -0.0048618
-0.0000922 -0.0047122
-0.0002923 -0.0043650
-0.0003169 -0.0038649
-0.0009465 -0.0028868
-0.0014972 -0.0022055
-0.0021046 -0.0017178
-0.0026387 -0.0011626
-0.0027397 -0.0009038
-0.0028257 -0.0004258
-0.0028727 -0.0001684
-0.0028628  0.0004190
-0.0031137  0.0007832
-0.0031127  0.0008143
-0.0036590  0.0009520
-0.0042156  0.0006936
-0.0045335  0.0003046
-0.0048761 -0.0004246
-0.0052302 -0.0009438
-0.0049897 -0.0014804
-0.0047317 -0.0019148
-0.0042737 -0.0022824
-0.0039212 -0.0026678
-0.0035110 -0.0031182
-0.0031410 -0.0033935
-0.0026034 -0.0032134
-0.0021228 -0.0030929
-0.0012907 -0.0025684
-0.0006836 -0.0019791
 0.0000930 -0.0012186
 0.0008494 -0.0004268
 0.0015303  0.0003740
 0.0020849  0.0009815
 0.0026324  0.0015388
 0.0030062  0.0020296
 0.0031231  0.0025365
 0.0033743  0.0027436
 0.0035225  0.0031518
 0.0038705  0.0036251
 0.0039707  0.0042033
 0.0043375  0.0048236
 0.0045797  0.0052796
 0.0045263  0.0057383
 0.0046234  0.0056729
 0.0047913  0.0053503
 0.0049646  0.0049776
 0.0053017  0.0040612
 0.0056881  0.0032734
 0.0059784  0.0028923
 0.0064013  0.0027962
 0.0071919  0.0025546
 0.0082384  0.0027752
 0.0093875  0.0029141
 0.0103443  0.0032242
 0.0112566  0.0036535
 0.0120405  0.0040633
 0.0126203  0.0041453
 0.0128724  0.0046084
 0.0133091  0.0047006
 0.0136614  0.0050795
 0.0142895  0.0052864
 0.0144750  0.0049826
 0.0152044  0.0047690
 0.0156931  0.0047678
 0.0162584  0.0042174
 0.0165460  0.0037008
 0.0173432  0.0034812
 0.0177940  0.0034031
 0.0184067  0.0035082
 0.0193450  0.0037204
 0.0202641  0.0037039
 0.0211834  0.0040705
 0.0222265  0.0042350
 0.0233302  0.0043021
 0.0241922  0.0047264
 0.0251950  0.0048701
 0.0260619  0.0055022
 0.0265128  0.0057033
 0.0272994  0.0059764
 0.0278931  0.0062431
 0.0282084  0.0065025
 0.0287282  0.0064753
 0.0287493  0.0064258
 0.0292899  0.0062451
 0.0298247  0.0060039
 0.0307666  0.0058849
 0.0316900  0.0055280
 0.0330064  0.0054382
 0.0343804  0.0052997
 0.0358644  0.0052980
 0.0374747  0.0053802
 0.0387318  0.0056130
 0.0398451  0.0060210
 0.0410562  0.0064856
 0.0417735  0.0070227
 0.0422753  0.0074412
 0.0426190  0.0076933
 0.0429444  0.0075449
 0.0430171  0.0074702
 0.0429718  0.0070058
 0.0428099  0.0062755
 0.0430570  0.0056196
 0.0434396  0.0047820
 0.0438376  0.0043596
 0.0449035  0.0038540
 0.0458165  0.0036460
 0.0471311  0.0036214
 0.0483163  0.0034313
 0.0492813  0.0032746
 0.0503586  0.0027647
 0.0513970  0.0026025
 0.0518898  0.0020421
 0.0525727  0.0022474
 0.0535475  0.0020814
 0.0541586  0.0021079
 0.0549226  0.0024268
 0.0556708  0.0025423
 0.0560125  0.0022674
 0.0563725  0.0022696
 0.0564255  0.0022389
 0.0561746  0.0021602
 0.0559600  0.0020629
 0.0558911  0.0020388
 0.0560345  0.0019393
 0.0563225  0.0016776
 0.0567455  0.0015010
 0.0575340  0.0011648
 0.0580494  0.0009440
 0.0581475  0.0006341
 0.0580720  0.0003660
 0.0579779  0.0001601
 0.0576055 -0.0001583
 0.0568959 -0.0004970
 0.0567227 -0.0007799
 0.0562699 -0.0013946
 0.0558930 -0.0018446
 0.0555950 -0.0027669
 0.0554969 -0.0036966
 0.0554082 -0.0048333
 0.0554944 -0.0057999
 0.0558703 -0.0068462
 0.0563320 -0.0071518
 0.0566393 -0.0074512
 0.0571805 -0.0074988
 0.0576325 -0.0074435
 0.0578649 -0.0073761
 0.0577514 -0.0073575
 0.0572940 -0.0077273
 0.0565875 -0.0084432
 0.0556015 -0.0091796
 0.0549507 -0.0099717
 0.0540911 -0.0108606
 0.0533937 -0.0114438
 0.0527047 -0.0120003
 0.0518060 -0.0125852
 0.0506730 -0.0127281
 0.0497517 -0.0126528
 0.0487227 -0.0124903
 0.0477408 -0.0122212
 0.0468533 -0.0117882
 0.0460547 -0.0114898
 0.0455147 -0.0112774
 0.0448045 -0.0111264
 0.0442201 -0.0110963
 0.0438785 -0.0108365
 0.0433825 -0.0105335
 0.0429410 -0.0101724
 0.0425296 -0.0102866
 0.0416270 -0.0102317
 0.0412362 -0.0106844
 0.0406035 -0.0111642
 0.0399061 -0.0115876
 0.0393140 -0.0118712
 0.0388547 -0.0119603
 0.0383943 -0.0117065
 0.0376114 -0.0114879
 0.0365987 -0.0114304
 0.0356065 -0.0113427
 0.0346359 -0.0114150
 0.0336013 -0.0117194
 0.0327844 -0.0120438
 0.0322252 -0.0122449
 0.0313883 -0.0124980
 0.0308677 -0.0123931
 0.0298930 -0.0122792
 0.0289894 -0.0121163
 0.0279033 -0.0120771
 0.0270474 -0.0120238
 0.0257598 -0.0119511
 0.0249781 -0.0119630
 0.0244470 -0.0120701
 0.0238424 -0.0121024
 0.0234558 -0.0119344
 0.0231324 -0.0117986
 0.0226840 -0.0114794
 0.0219373 -0.0108693
 0.0211452 -0.0104577
 0.0204047 -0.0099454
 0.0193126 -0.0093067
 0.0185610 -0.0089054
 0.0176269 -0.0086734
 0.0167730 -0.0089603
 0.0158500 -0.0090733
 0.0150457 -0.0091981
 0.0144696 -0.0093057
 0.0136449 -0.0089910
 0.0129725 -0.0089300
 0.0122213 -0.0088186
 0.0114013 -0.0086977
 0.0110409 -0.0087765
 0.0102108 -0.0089501
 0.0099081 -0.0090361
 0.0092605 -0.0084799
 0.0085271 -0.0083095
 0.0077549 -0.0080750
 0.0072009 -0.0078209
 0.0065305 -0.0078199
 0.0061692 -0.0081914
 0.0058355 -0.0084680
 0.0057775 -0.0087632
 0.0053909 -0.0087797
 0.0051093 -0.0088801
 0.0046254 -0.0090362
 0.0040262 -0.0089726
 0.0033937 -0.0092031
 0.0030944 -0.0093287
 0.0025873 -0.0088876
 0.0026408 -0.0087738
 0.0025845 -0.0085606
 0.0028841 -0.0082432
 0.0030680 -0.0083760
 0.0031643 -0.0081548
 0.0031734 -0.0080074
 0.0030171 -0.0077486
 0.0026297 -0.0076216
 0.0020517 -0.0071310
 0.0014366 -0.0068767
 0.0009922 -0.0065827
 0.0004419 -0.0062615
 0.0005749 -0.0062368
 0.0010449 -0.0060101
 0.0017036 -0.0060892
 0.0022513 -0.0059703
 0.0028440 -0.0058427
 0.0030804 -0.0056378
 0.0030480 -0.0050402
 0.0025472 -0.0045210
 0.0019008 -0.0039820
 0.0010412 -0.0037209
 0.0004550 -0.0034651
-0.0000287 -0.0033743
-0.0003388 -0.0036086
-0.0008065 -0.0036734
-0.0008789 -0.0038730
-0.0011831 -0.0042636
-0.0011184 -0.0046987
-0.0014379 -0.0047488
-0.0015434 -0.0049123
-0.0017459 -0.0046824
-0.0015247 -0.0047673
-0.0014064 -0.0048027
-0.0013562 -0.0048963
-0.0009930 -0.0052084
-0.0006640 -0.0057337
-0.0004060 -0.0058939
 0.0001813 -0.0060340
 0.0007005 -0.0062528
 0.0010152 -0.0060782
 0.0014418 -0.0062076
 0.0017342 -0.0062272
 0.0018725 -0.0064042
 0.0018583 -0.0067888
 0.0017839 -0.0069160
 0.0013050 -0.0070351
 0.0006740 -0.0069691
 0.0001471 -0.0068437
-0.0006004 -0.0068771
-0.0010720 -0.0068216
-0.0010149 -0.0067855
-0.0010609 -0.0066738
-0.0007333 -0.0067978
-0.0005673 -0.0062111
-0.0002267 -0.0058936
-0.0003293 -0.0054591
-0.0004974 -0.0049500
-0.0007841 -0.0048248
-0.0011973 -0.0046613
-0.0015639 -0.0043242
-0.0017505 -0.0041653
-0.0019731 -0.0037070
-0.0020440 -0.0031829
-0.0020030 -0.0029265
-0.0020048 -0.0029464
-0.0018896 -0.0023949
-0.0016784 -0.0024368
-0.0013453 -0.0025319
-0.0009797 -0.0026874
-0.0006255 -0.0028985
 0.0000169 -0.0032314
 0.0003631 -0.0031559
 0.0008380 -0.0029361
 0.0010336 -0.0024696
 0.0008764 -0.0020024
 0.0004542 -0.0014412
 0.0000511 -0.0010682
-0.0002170 -0.0007085
-0.0003226 -0.0006790
-0.0004851 -0.0008423
-0.0004822 -0.0011992
-0.0003599 -0.0013642
-0.0003720 -0.0014243
-0.0000363 -0.0014377
 0.0000472 -0.0014286
 0.0002251 -0.0011960
 0.0002150 -0.0011115
 0.0001496 -0.0007152
 0.0002735 -0.0005232
 0.0002648 -0.0002852
 0.0003054 -0.0001419
 0.0003609  0.0001361
 0.0007183  0.0002893
 0.0008935  0.0004537
 0.0012821  0.0005728
 0.0012866  0.0006471
 0.0010464  0.0006273
 0.0005997  0.0007888
 0.0003460  0.0004488
 0.0002113  0.0000820
 0.0001616 -0.0000371
 0.0000072 -0.0002229
 0.0004459  0.0000442
 0.0009927 -0.0000253
 0.0010115  0.0003833
 0.0013079  0.0004719
 0.0011373  0.0005575
 0.0008688  0.0004479
 0.0004415  0.0003545
-0.0002261  0.0002994
-0.0007762 -0.0001574
-0.0014422 -0.0003302
-0.0014593 -0.0011623
-0.0015142 -0.0018253
-0.0016396 -0.0021126
-0.0013144 -0.0025242
-0.0014468 -0.0027539
-0.0013707 -0.0027416
-0.0014522 -0.0029019
-0.0014415 -0.0030220
-0.0017005 -0.0030282
-0.0016117 -0.0031388
-0.0014197 -0.0029997
-0.0014586 -0.0027548
-0.0014425 -0.0023385
-0.0012324 -0.0022390
-0.0011863 -0.0020179
-0.0011787 -0.0020603
-0.0012901 -0.0020595
-0.0012770 -0.0019832
-0.0016161 -0.0023009
-0.0020036 -0.0025026
-0.0023900 -0.0026520
-0.0029625 -0.0030576
-0.0031613 -0.0033774
-0.0030184 -0.0033893
-0.0028240 -0.0037652
-0.0025975 -0.0034501
-0.0021908 -0.0028485
-0.0016732 -0.0022467
-0.0012834 -0.0013561
-0.0009781 -0.0005130
-0.0004605  0.0001275
 0.0002616  0.0007779
 0.0007992  0.0010270
 0.0010431  0.0014778
 0.0011061  0.0016593
 0.0009953  0.0019167
 0.0005253  0.0022706
-0.0001994  0.0027072
-0.0005696  0.0030106
-0.0009362  0.0034016
-0.0011094  0.0037438
-0.0011014  0.0038273
-0.0010426  0.0037564
-0.0007432  0.0034859
-0.0002434  0.0030906
 0.0000257  0.0028981
 0.0004258  0.0025954
 0.0008271  0.0024404
 0.0012432  0.0024032
 0.0016427  0.0023843
 0.0021292  0.0021759
 0.0028238  0.0021465
 0.0033571  0.0023889
 0.0036242  0.0026033
 0.0036625  0.0027382
 0.0035124  0.0028934
 0.0031324  0.0032110
 0.0025158  0.0031801
 0.0021770  0.0029116
 0.0017437  0.0024804
 0.0014425  0.0021752
 0.0017086  0.0019921
 0.0019000  0.0014864
 0.0019786  0.0012205
 0.0027295  0.0011352
 0.0030253  0.0011584
 0.0033347  0.0013437
 0.0038462  0.0014727
 0.0039165  0.0015418
 0.0040452  0.0016583
 0.0042327  0.0017764
 0.0044665  0.0020366
 0.0045826  0.0022966
 0.0049620  0.0024812
 0.0053475  0.0025296
 0.0054366  0.0025621
 0.0055099  0.0027349
 0.0053538  0.0028995
 0.0050724  0.0030467
 0.0049652  0.0030642
 0.0047532  0.0031983
 0.0044076  0.0033503
 0.0043862  0.0033190
 0.0042885  0.0033442
 0.0044862  0.0033882
 0.0047644  0.0032004
 0.0048773  0.0032151
 0.0051771  0.0032552
 0.0052853  0.0028450
 0.0051392  0.0025399
 0.0052187  0.0022710
 0.0050836  0.0017479
 0.0050730  0.0012993
 0.0050972  0.0009018
 0.0051746  0.0006313
 0.0050587  0.0006197
 0.0050141  0.0007812
 0.0047238  0.0010623
 0.0046471  0.0012883
 0.0043396  0.0015449
 0.0038329  0.0021053
 0.0034968  0.0025720
 0.0032509  0.0025980
 0.0029614  0.0023364
 0.0027783  0.0020556
 0.0025670  0.0015188
 0.0024377  0.0010022
 0.0021305  0.0006992
 0.0019563  0.0008280
 0.0015694  0.0007356
 0.0011931  0.0009597
 0.0009228  0.0011075
 0.0005195  0.0013429
-0.0000123  0.0014810
-0.0003746  0.0016750
-0.0005670  0.0014953
-0.0010800  0.0017982
-0.0012406  0.0019167
-0.0015142  0.0019373
-0.0015775  0.0020562
-0.0015844  0.0026556
-0.0019187  0.0035705
-0.0021449  0.0041414
-0.0022297  0.0047638
-0.0024162  0.0051987
-0.0025396  0.0050350
-0.0023294  0.0051750
-0.0022360  0.0044127
-0.0019291  0.0038410
-0.0014313  0.0036765
-0.0012710  0.0034405
-0.0009200  0.0037497
-0.0008643  0.0039330
-0.0006150  0.0042131
-0.0005261  0.0045161
-0.0001573  0.0044042
-0.0000563  0.0043798
 0.0003212  0.0041095
 0.0005699  0.0036670
 0.0007772  0.0031500
 0.0007552  0.0030262
 0.0008230  0.0028839
 0.0006465  0.0027220
 0.0007739  0.0027699
 0.0006753  0.0029035
 0.0007405  0.0029604
 0.0008471  0.0029406
 0.0007928  0.0029118
 0.0009305  0.0031897
 0.0008272  0.0033718
 0.0006193  0.0037150
 0.0003496  0.0042578
 0.0002034  0.0048515
-0.0003086  0.0052906
-0.0004101  0.0053970
-0.0009681  0.0054937
-0.0012114  0.0052151
-0.0013105  0.0044748
-0.0011622  0.0039178
-0.0011652  0.0027742
-0.0011190  0.0017271
-0.0011633  0.0005869
-0.0010389 -0.0002955
-0.0010962 -0.0012461
-0.0011736 -0.0017532
-0.0013353 -0.0017076
-0.0015337 -0.0016862
-0.0014568 -0.0009784
-0.0015591 -0.0004505
-0.0015092  0.0000007
-0.0013764  0.0006041
-0.0011370  0.0010736
-0.0009250  0.0016441
-0.0005305  0.0019076
-0.0004555  0.0020661
-0.0006924  0.0023312
-0.0008628  0.0022087
-0.0010053  0.0019162
-0.0013984  0.0015934
-0.0017551  0.0012379
-0.0017763  0.0010921
-0.0020188  0.0010509
-0.0021746  0.0010545
-0.0020214  0.0012768
-0.0022523  0.0011215
-0.0023184  0.0013810
-0.0023076  0.0012314
-0.0025947  0.0007566
-0.0026270  0.0005232
-0.0026444  0.0003025
-0.0025602 -0.0000580
-0.0022596 -0.0004492
-0.0017594 -0.0006497
-0.0015777 -0.0005796
-0.0011860 -0.0004375
-0.0008378 -0.0003329
-0.0004499  0.0000936
-0.0001633  0.0002325
-0.0001074  0.0005448
-0.0003578  0.0006104
-0.0005300  0.0007442
-0.0008440  0.0007817
-0.0010378  0.0006287
-0.0012108  0.0005260
-0.0012956  0.0002426
-0.0015891  0.0000276
-0.0019520 -0.0005423
-0.0025536 -0.0007080
-0.0031459 -0.0008815
-0.0039033 -0.0010385
-0.0046301 -0.0010890
-0.0048117 -0.0012955
-0.0048402 -0.0014828
-0.0044286 -0.0014137
-0.0039556 -0.0011463
-0.0036960 -0.0007631
-0.0031848 -0.0000394
-0.0032011  0.0007218
-0.0031137  0.0014925
-0.0029611  0.0024550
-0.0027909  0.0027314
-0.0026971  0.0028723
-0.0030251  0.0028263
-0.0032373  0.0028295
-0.0031382  0.0023770
-0.0031329  0.0023372
-0.0033456  0.0022190
-0.0030860  0.0023014
-0.0030028  0.0027453
-0.0031977  0.0028967
-0.0029854  0.0030105
-0.0029204  0.0029956
-0.0030288  0.0027222
-0.0029868  0.0024218
-0.0028098  0.0020358
-0.0027460  0.0018345
-0.0028745  0.0014237
-0.0028585  0.0012348
-0.0027107  0.0005474
-0.0028282  0.0002836
-0.0031280  0.0000842
-0.0033675 -0.0006224
-0.0035122 -0.0011507
-0.0036021 -0.0012738
-0.0036210 -0.0017337
-0.0032165 -0.0018104
-0.0026954 -0.0017995
-0.0019257 -0.0018467
-0.0013881 -0.0016787
-0.0009173 -0.0015620
-0.0001237 -0.0014621
 0.0007003 -0.0012562
 0.0009878 -0.0005072
 0.0009157  0.0000667
 0.0007478  0.0004662
 0.0001499  0.0011322
 0.0000185  0.0012579
-0.0002763  0.0009528
-0.0004008  0.0006952
-0.0001319  0.0002311
 0.0002203 -0.0000588
 0.0001991 -0.0004144
 0.0004695 -0.0007079
 0.0009126 -0.0005481
 0.0010452 -0.0010706
 0.0014298 -0.0014091
 0.0020227 -0.0015376
 0.0024189 -0.0013965
 0.0027726 -0.0014013
 0.0030744 -0.0011851
 0.0028820 -0.0006743
 0.0027887 -0.0007765
 0.0025011 -0.0006558
 0.0023668 -0.0005225
 0.0021868 -0.0004693
 0.0019921 -0.0005105
 0.0017416 -0.0002460
 0.0012547 -0.0002898
 0.0008796 -0.0000970
 0.0003533 -0.0000065
-0.0002240 -0.0000473
-0.0007994 -0.0002179
-0.0010130 -0.0009335
-0.0012397 -0.0014097
-0.0014351 -0.0017737
-0.0014580 -0.0020407
-0.0012406 -0.0019628
-0.0010290 -0.0016148
-0.0010845 -0.0014517
-0.0008697 -0.0010505
-0.0007126 -0.0008806
-0.0004857 -0.0012742
-0.0003104 -0.0014119
-0.0001790 -0.0015010
 0.0000946 -0.0016211
-0.0000140 -0.0015365
-0.0000617 -0.0012057
 0.0000160 -0.0010886
-0.0003970 -0.0011282
-0.0004957 -0.0008629
-0.0002924 -0.0010133
-0.0003442 -0.0006792
-0.0004698 -0.0007961
-0.0007558 -0.0008128
-0.0010118 -0.0008607
-0.0013549 -0.0010997
-0.0020254 -0.0013321
-0.0026025 -0.0011621
-0.0033150 -0.0012287
-0.0039109 -0.0013832
-0.0045070 -0.0016068
-0.0045171 -0.0018921
-0.0044348 -0.0020144
-0.0039953 -0.0020596
-0.0029318 -0.0019035
-0.0021052 -0.0014130
-0.0010419 -0.0009117
-0.0001272 -0.0003083
 0.0005336  0.0001792
 0.0009969  0.0004529
 0.0014756  0.0005439
 0.0017976  0.0005425
 0.0019953  0.0004999
 0.0021039  0.0003013
 0.0024111  0.0001761
 0.0023996 -0.0000223
 0.0025597 -0.0003841
 0.0027517 -0.0008019
 0.0029511 -0.0011144
 0.0032204 -0.0015922
 0.0033242 -0.0018591
 0.0037962 -0.0018958
 0.0039032 -0.0021557
 0.0038906 -0.0020618
 0.0039086 -0.0020063
 0.0037465 -0.0021250
 0.0035517 -0.0021686
 0.0036441 -0.0017722
 0.0032561 -0.0017088
 0.0028590 -0.0016753
 0.0028075 -0.0013978
 0.0027564 -0.0013431
 0.0028989 -0.0013045
 0.0030231 -0.0013905
 0.0033949 -0.0015169
 0.0036644 -0.0015692
 0.0036135 -0.0015234
 0.0031226 -0.0011881
 0.0026980 -0.0007672
 0.0020536 -0.0001169
 0.0011801  0.0004909
 0.0005763  0.0006070
 0.0000619  0.0008268
-0.0000747  0.0009054
-0.0000492  0.0007618
 0.0000665  0.0007532
 0.0004215  0.0005624
 0.0008461  0.0008497
 0.0012387  0.0006078
 0.0014554  0.0005487
 0.0016335  0.0003998
 0.0017941  0.0001190
 0.0020431 -0.0004369
 0.0021860 -0.0009533
 0.0023481 -0.0014192
 0.0023899 -0.0015496
 0.0025678 -0.0020268
 0.0025011 -0.0019959
 0.0028114 -0.0022450
 0.0028413 -0.0024512
 0.0027729 -0.0024853
 0.0031344 -0.0023489
 0.0030153 -0.0022878
 0.0028378 -0.0021347
 0.0028909 -0.0017556
 0.0025737 -0.0016038
 0.0021974 -0.0014561
 0.0019471 -0.0012131
 0.0016693 -0.0015827
 0.0013605 -0.0020184
 0.0012159 -0.0023658
 0.0013778 -0.0029922
 0.0017707 -0.0030422
 0.0019630 -0.0026806
 0.0021375 -0.0020972
 0.0022138 -0.0016535
 0.0021633 -0.0011819
 0.0017494 -0.0010202
 0.0014816 -0.0012635
 0.0010879 -0.0019078
 0.0011269 -0.0022831
 0.0012480 -0.0024731
 0.0017282 -0.0021246
 0.0021817 -0.0020628
 0.0031097 -0.0013222
 0.0037993 -0.0008035
 0.0049128 -0.0003069
 0.0055931  0.0001501
 0.0058414  0.0006420
 0.0058685  0.0010094
 0.0056658  0.0015124
 0.0056983  0.0019499
 0.0051795  0.0024350
 0.0047681  0.0025750
 0.0042196  0.0027262
 0.0041973  0.0026885
 0.0038400  0.0022631
 0.0038460  0.0023237
 0.0032565  0.0022365
 0.0026909  0.0023998
 0.0022296  0.0022304
 0.0015905  0.0023766
 0.0011258  0.0023603
 0.0006323  0.0023930
-0.0000262  0.0020413
-0.0003567  0.0017557
-0.0002043  0.0012803
-0.0004542  0.0008235
-0.0008392  0.0005017
-0.0008333 -0.0000992
-0.0012575 -0.0005593
-0.0015861 -0.0009618
-0.0018109 -0.0012398
-0.0019950 -0.0015889
-0.0022738 -0.0020144
-0.0020283 -0.0017546
-0.0016932 -0.0016773
-0.0014284 -0.0012731
-0.0012596 -0.0007911
-0.0009877 -0.0001566
-0.0006565  0.0004872
-0.0005491  0.0012079
-0.0003725  0.0019672
-0.0000951  0.0025245
-0.0002500  0.0028798
-0.0005756  0.0032953
-0.0009688  0.0034687
-0.0016277  0.0032059
-0.0022227  0.0031915
-0.0023157  0.0030326
-0.0026121  0.0026799
-0.0024560  0.0020476
-0.0018740  0.0016495
-0.0011049  0.0012540
-0.0004304  0.0008615
 0.0005118  0.0008624
 0.0008786  0.0006914
 0.0009800  0.0004350
 0.0009703  0.0001550
 0.0008927 -0.0000331
 0.0005931 -0.0002732
 0.0004060 -0.0003307
 0.0001792 -0.0000501
 0.0000407  0.0003747
-0.0000634  0.0005863
-0.0000620  0.0007036
 0.0002463  0.0009541
 0.0003729  0.0008041
 0.0009016  0.0008227
 0.0015171  0.0007773
 0.0020074  0.0007779
 0.0025745  0.0010486
 0.0026900  0.0012037
 0.0029349  0.0014039
 0.0026698  0.0016163
 0.0025281  0.0015587
 0.0020875  0.0010597
 0.0017350  0.0006675
 0.0012842  0.0000812
 0.0009650 -0.0004002
 0.0008494 -0.0005458
 0.0006596 -0.0007864
 0.0005124 -0.0011537
 0.0006151 -0.0012615
 0.0007841 -0.0019176
 0.0007998 -0.0022093
 0.0010186 -0.0026886
 0.0011222 -0.0032342
 0.0013216 -0.0032441
 0.0015079 -0.0030370
 0.0017738 -0.0025539
 0.0020576 -0.0018879
 0.0022453 -0.0011936
 0.0023049 -0.0003750
 0.0020856  0.0007186
 0.0019223  0.0013523
 0.0012037  0.0017348
 0.0006087  0.0020501
-0.0002672  0.0020192
-0.0013370  0.0020283
-0.0022981  0.0019389
-0.0030977  0.0018696
-0.0039034  0.0018552
-0.0047178  0.0017392
-0.0051284  0.0016097
-0.0058844  0.0014834
-0.0059784  0.0012526
-0.0058044  0.0011218
-0.0057507  0.0009203
-0.0054200  0.0008566
-0.0053820  0.0008564
-0.0054345  0.0013328
-0.0056614  0.0014169
-0.0059579  0.0012217
-0.0063722  0.0008733
-0.0064715  0.0007825
-0.0066510  0.0005083
-0.0064298  0.0003348
-0.0062037  0.0003600
-0.0058188  0.0004576
-0.0054560  0.0005156
-0.0045900  0.0006882
-0.0043166  0.0007603
-0.0040630  0.0010623
-0.0039074  0.0012131
-0.0037021  0.0013722
-0.0037130  0.0013512
-0.0036554  0.0013391
-0.0033867  0.0013564
-0.0032252  0.0015020
-0.0029069  0.0016300
-0.0027387  0.0014477
-0.0025344  0.0012175
-0.0023028  0.0007466
-0.0024136  0.0001187
-0.0022774 -0.0008953
-0.0020957 -0.0015424
-0.0018350 -0.0021209
-0.0016416 -0.0023747
-0.0014099 -0.0027522
-0.0012282 -0.0027254
-0.0012573 -0.0025546
-0.0011265 -0.0023041
-0.0011103 -0.0019874
-0.0015192 -0.0014863
-0.0017911 -0.0014455
-0.0021686 -0.0013114
-0.0019393 -0.0013065
-0.0018622 -0.0014747
-0.0015442 -0.0019020
-0.0012747 -0.0018301
-0.0008522 -0.0020116
-0.0009481 -0.0022811
-0.0010070 -0.0026576
-0.0011724 -0.0028036
-0.0016151 -0.0028959
-0.0018691 -0.0034791
-0.0016531 -0.0035512
-0.0016168 -0.0034293
-0.0011463 -0.0032278
-0.0008896 -0.0029577
-0.0008511 -0.0021575
-0.0008172 -0.0018332
-0.0007703 -0.0009389
-0.0011051 -0.0002009
-0.0013778  0.0003068
-0.0015431  0.0008398
-0.0016419  0.0009378
-0.0015894  0.0010359
-0.0016058  0.0008298
-0.0015430  0.0005490
-0.0017016  0.0001442
-0.0017648 -0.0001788
-0.0019022 -0.0001951
-0.0021547 -0.0002964
-0.0020352 -0.0002643
-0.0021819 -0.0003200
-0.0022606 -0.0004504
-0.0020359 -0.0007839
-0.0019085 -0.0010508
-0.0018978 -0.0015809
-0.0015476 -0.0020331
-0.0011871 -0.0022566
-0.0009063 -0.0025340
-0.0005272 -0.0024016
 0.0001287 -0.0024294
 0.0004422 -0.0023713
 0.0007474 -0.0024480
 0.0011507 -0.0025604
 0.0016557 -0.0027479
 0.0020033 -0.0030416
 0.0024525 -0.0033079
 0.0027921 -0.0037550
 0.0029766 -0.0040784
 0.0030832 -0.0043445
 0.0030141 -0.0050413
 0.0025972 -0.0052969
 0.0025920 -0.0055001
 0.0020322 -0.0057327
 0.0018182 -0.0057146
 0.0013298 -0.0058632
 0.0009001 -0.0058402
 0.0004299 -0.0057235
 0.0000679 -0.0058692
 0.0000475 -0.0061020
-0.0000300 -0.0060397
 0.0002018 -0.0062282
 0.0004618 -0.0061855
 0.0008555 -0.0062428
 0.0012671 -0.0059663
 0.0015929 -0.0055398
 0.0019030 -0.0051384
 0.0019244 -0.0047668
 0.0017542 -0.0043560
 0.0014975 -0.0041162
 0.0012960 -0.0037934
 0.0010174 -0.0035863
 0.0006718 -0.0037440
 0.0004592 -0.0036975
 0.0000738 -0.0038407
-0.0000794 -0.0043300
-0.0000404 -0.0047765
-0.0000184 -0.0049544
-0.0000921 -0.0050244
 0.0001213 -0.0050651
 0.0004322 -0.0045889
 0.0004001 -0.0045456
 0.0004815 -0.0043797
 0.0006691 -0.0042067
 0.0009136 -0.0045345
 0.0011653 -0.0048729
 0.0015208 -0.0054515
 0.0020285 -0.0058152
 0.0024404 -0.0061677
 0.0026023 -0.0062329
 0.0028058 -0.0059799
 0.0027890 -0.0056456
 0.0028082 -0.0053109
 0.0028112 -0.0047304
 0.0028007 -0.0043311
 0.0028020 -0.0035783
 0.0027420 -0.0031108
 0.0029305 -0.0026265
 0.0029828 -0.0021182
 0.0029036 -0.0018770
 0.0026898 -0.0016371
 0.0027544 -0.0014383
 0.0027041 -0.0013339
 0.0026054 -0.0013562
 0.0026135 -0.0015096
 0.0022669 -0.0019402
 0.0022071 -0.0023586
 0.0022503 -0.0029196
 0.0020706 -0.0035026
 0.0019360 -0.0039621
 0.0018407 -0.0043236
 0.0015019 -0.0045943
 0.0014335 -0.0044413
 0.0016412 -0.0043355
 0.0016297 -0.0041417
 0.0019339 -0.0036419
 0.0023172 -0.0033500
 0.0027505 -0.0032102
 0.0030884 -0.0027956
 0.0035067 -0.0027090
 0.0041830 -0.0023073
 0.0043551 -0.0020026
 0.0047358 -0.0018062
 0.0045233 -0.0015339
 0.0045308 -0.0013737
 0.0042133 -0.0010983
 0.0038064 -0.0011561
 0.0035922 -0.0010305
 0.0028514 -0.0010224
 0.0026352 -0.0008212
 0.0024483 -0.0006492
 0.0021067 -0.0004974
 0.0017440  0.0000862
 0.0017095  0.0001624
 0.0012839  0.0004096
 0.0007232  0.0005953
 0.0005686  0.0002654
 0.0001338 -0.0003945
 0.0002757 -0.0006786
 0.0004623 -0.0009841
 0.0007536 -0.0010937
 0.0011091 -0.0010990
 0.0011822 -0.0008799
 0.0015249 -0.0005806
 0.0015689 -0.0005280
 0.0017373 -0.0003774
 0.0017990 -0.0004850
 0.0020154 -0.0007084
 0.0022118 -0.0009452
 0.0021383 -0.0011299
 0.0023652 -0.0013445
 0.0021076 -0.0014929
 0.0020270 -0.0012188
 0.0015849 -0.0013297
 0.0012972 -0.0013230
 0.0013507 -0.0011264
 0.0013598 -0.0009149
 0.0013761 -0.0007206
 0.0014209 -0.0004033
 0.0017540 -0.0001602
 0.0019068  0.0000065
 0.0018378  0.0003055
 0.0017423  0.0006820
 0.0011066  0.0010402
 0.0007799  0.0012059
 0.0004315  0.0010624
 0.0002558  0.0011918
 0.0004042  0.0012784
 0.0005352  0.0011052
 0.0006706  0.0009201
 0.0009359  0.0012206
 0.0009401  0.0013413
 0.0007186  0.0012557
 0.0005044  0.0014579
 0.0003229  0.0015433
 0.0000054  0.0015370
-0.0002068  0.0012725
-0.0002070  0.0011336
-0.0003917  0.0007771
-0.0004794  0.0008312
-0.0006247  0.0005059
-0.0006655  0.0003228
-0.0007634  0.0003317
-0.0007652  0.0001246
-0.0007865  0.0003257
-0.0009219  0.0003550
-0.0010850  0.0002411
-0.0013705  0.0002698
-0.0015211  0.0003265
-0.0015015 -0.0000426
-0.0016737 -0.0001168
-0.0015695 -0.0002410
-0.0017647 -0.0000500
-0.0019670 -0.0000233
-0.0020922  0.0002057
-0.0020399  0.0001444
-0.0021725  0.0003610
-0.0020431  0.0002063
-0.0020291 -0.0000904
-0.0020529 -0.0003535
-0.0019620 -0.0007798
-0.0019130 -0.0009421
-0.0018936 -0.0009735
-0.0018355 -0.0011473
-0.0016679 -0.0010903
-0.0016136 -0.0013384
-0.0012842 -0.0015972
-0.0006239 -0.0020363
-0.0001116 -0.0022422
 0.0002728 -0.0025343
 0.0008423 -0.0024971
 0.0009648 -0.0023079
 0.0007607 -0.0022552
 0.0004429 -0.0020036
 0.0002953 -0.0015337
 0.0004659 -0.0016128
 0.0005214 -0.0013415
 0.0008313 -0.0009903
 0.0011147 -0.0005898
 0.0008591 -0.0003252
 0.0005239 -0.0001604
-0.0001031 -0.0001596
-0.0009769 -0.0001685
-0.0017819 -0.0002093
-0.0025448 -0.0004511
-0.0030707 -0.0005278
-0.0034079 -0.0008274
-0.0034146 -0.0008499
-0.0030661 -0.0008034
-0.0029561 -0.0005935
-0.0026402 -0.0004108
-0.0026579 -0.0002295
-0.0024211 -0.0000848
-0.0025774 -0.0001479
-0.0023037 -0.0002028
-0.0024396 -0.0001489
-0.0022764 -0.0001263
-0.0022205  0.0001061
-0.0022082  0.0001261
-0.0021888 -0.0000183
-0.0018337 -0.0003372
-0.0014479 -0.0006556
-0.0010630 -0.0014033
-0.0002104 -0.0019817
 0.0003964 -0.0026965
 0.0008861 -0.0027320
 0.0012802 -0.0029713
 0.0017044 -0.0027962
 0.0014815 -0.0028239
 0.0013260 -0.0029913
 0.0009673 -0.0027906
 0.0009037 -0.0032781
 0.0005181 -0.0038254
 0.0001266 -0.0041139
-0.0003466 -0.0047338
-0.0007060 -0.0048023
-0.0006842 -0.0048808
-0.0009158 -0.0049446
-0.0007078 -0.0047617
-0.0011035 -0.0045317
-0.0008086 -0.0041591
-0.0007878 -0.0039334
-0.0005773 -0.0038498
-0.0007299 -0.0041694
-0.0002686 -0.0045678
-0.0004224 -0.0048064
-0.0005177 -0.0048274
-0.0006792 -0.0050751
-0.0005080 -0.0050716
-0.0004105 -0.0052127
-0.0002371 -0.0049125
-0.0001515 -0.0046906
-0.0000067 -0.0040598
 0.0000885 -0.0037739
-0.0002243 -0.0035652
-0.0003564 -0.0032132
-0.0005954 -0.0028044
-0.0008903 -0.0026338
-0.0010881 -0.0022507
-0.0012950 -0.0019541
-0.0015706 -0.0018601
-0.0015382 -0.0020121
-0.0014502 -0.0022591
-0.0014775 -0.0026978
-0.0011904 -0.0031649
-0.0009635 -0.0033119
-0.0009254 -0.0035819
-0.0008020 -0.0037087
-0.0010178 -0.0037661
-0.0014530 -0.0039537
-0.0015507 -0.0039189
-0.0024798 -0.0042994
-0.0028884 -0.0042766
-0.0034156 -0.0044080
-0.0037838 -0.0048771
-0.0037334 -0.0052026
-0.0037564 -0.0051664
-0.0034562 -0.0055403
-0.0033391 -0.0057979
-0.0027559 -0.0060561
-0.0022795 -0.0060799
-0.0016624 -0.0059995
-0.0009450 -0.0057645
-0.0004292 -0.0054829
-0.0000400 -0.0051556
 0.0001189 -0.0046828
 0.0001750 -0.0044356
 0.0001259 -0.0042192
-0.0000961 -0.0042806
-0.0006826 -0.0043842
-0.0012999 -0.0043044
-0.0014358 -0.0044900
-0.0017566 -0.0049842
-0.0016555 -0.0053221
-0.0011234 -0.0056667
-0.0006940 -0.0058305
-0.0007211 -0.0057055
-0.0007720 -0.0059819
-0.0014873 -0.0060862
-0.0020947 -0.0063196
-0.0028826 -0.0068306
-0.0034967 -0.0071407
-0.0040838 -0.0073375
-0.0041601 -0.0076878
-0.0044076 -0.0077492
-0.0042430 -0.0075998
-0.0042392 -0.0075221
-0.0039749 -0.0069837
-0.0039109 -0.0067107
-0.0039175 -0.0064573
-0.0039902 -0.0061761
-0.0038923 -0.0058638
-0.0036325 -0.0056078
-0.0035850 -0.0053257
-0.0033452 -0.0049567
-0.0031516 -0.0044986
-0.0029881 -0.0045921
-0.0029475 -0.0046308
-0.0029572 -0.0049281
-0.0030058 -0.0049575
-0.0033108 -0.0052290
-0.0035010 -0.0050606
-0.0038341 -0.0049718
-0.0039937 -0.0052576
-0.0039639 -0.0052867
-0.0036818 -0.0054020
-0.0034593 -0.0057577
-0.0028325 -0.0058164
-0.0022527 -0.0057296
-0.0016446 -0.0055180
-0.0015278 -0.0052249
-0.0012593 -0.0050834
-0.0015475 -0.0047887
-0.0019043 -0.0046398
-0.0024524 -0.0049004
-0.0028224 -0.0048939
-0.0030865 -0.0053942
-0.0033687 -0.0052523
-0.0031736 -0.0053781
-0.0030087 -0.0047179
-0.0028256 -0.0045046
-0.0029407 -0.0039369
-0.0030407 -0.0037217
-0.0031810 -0.0037045
-0.0031752 -0.0037751
-0.0033116 -0.0039115
-0.0029493 -0.0037829
-0.0024408 -0.0036040
-0.0023845 -0.0031520
-0.0021713 -0.0027333
-0.0025045 -0.0027788
-0.0029172 -0.0026642
-0.0031063 -0.0030920
-0.0035274 -0.0036488
-0.0034998 -0.0043538
-0.0031893 -0.0052398
-0.0027839 -0.0060005
-0.0023866 -0.0065191
-0.0012876 -0.0070335
-0.0003914 -0.0070904
 0.0005451 -0.0070011
 0.0010946 -0.0062328
 0.0015327 -0.0056944
 0.0018372 -0.0051687
 0.0017554 -0.0048035
 0.0015910 -0.0047690
 0.0013178 -0.0047539
 0.0015141 -0.0050572
 0.0018018 -0.0050671
 0.0024645 -0.0050216
 0.0031115 -0.0048961
 0.0036959 -0.0044881
 0.0040746 -0.0041745
 0.0043239 -0.0037859
 0.0042672 -0.0034548
 0.0042129 -0.0030882
 0.0041792 -0.0028207
 0.0039455 -0.0020762
 0.0037699 -0.0017252
 0.0035620 -0.0015086
 0.0031819 -0.0010439
 0.0030505 -0.0007252
 0.0028306 -0.0006630
 0.0027759 -0.0004729
 0.0027473 -0.0006440
 0.0028738 -0.0006144
 0.0029102 -0.0007829
 0.0029945 -0.0008915
 0.0028706 -0.0010396
 0.0026871 -0.0011797
 0.0022924 -0.0009865
 0.0016375 -0.0010733
 0.0011278 -0.0011145
 0.0006449 -0.0012754
 0.0000830 -0.0014568
-0.0000623 -0.0015995
-0.0003444 -0.0018366
-0.0006579 -0.0020544
-0.0002287 -0.0020769
-0.0004524 -0.0020735
-0.0005614 -0.0019130
-0.0006184 -0.0017364
-0.0008402 -0.0017408
-0.0013288 -0.0014498
-0.0015821 -0.0011847
-0.0017061 -0.0011876
-0.0020057 -0.0008415
-0.0018341 -0.0007053
-0.0016914 -0.0009774
-0.0010157 -0.0005904
-0.0003496 -0.0003802
-0.0001863 -0.0004550
 0.0001600 -0.0000293
 0.0002587  0.0003832
-0.0000059  0.0004940
-0.0003784  0.0007485
-0.0005084  0.0007277
-0.0008697  0.0007026
-0.0012038  0.0007658
-0.0014049  0.0007174
-0.0017618  0.0004083
-0.0019001  0.0002633
-0.0015527 -0.0000344
-0.0011619 -0.0003368
-0.0007140 -0.0003598
-0.0002828 -0.0003085
-0.0002502 -0.0001983
 0.0000441 -0.0000109
 0.0000048  0.0000602
 0.0001605  0.0000034
 0.0002589  0.0000160
 0.0005060  0.0001428
 0.0008670  0.0004698
 0.0013012  0.0005558
 0.0016473  0.0009198
 0.0019434  0.0011562
 0.0019789  0.0010857
 0.0019385  0.0009252
 0.0018590  0.0009429
 0.0016852  0.0009863
 0.0016147  0.0007729
 0.0016125  0.0009166
 0.0018902  0.0007236
 0.0023249  0.0003649
 0.0027625  0.0002666
 0.0030405 -0.0000161
 0.0033443  0.0000287
 0.0034559  0.0002585
 0.0033469  0.0005548
 0.0028563  0.0011225
 0.0021920  0.0017757
 0.0012785  0.0027373
 0.0001217  0.0033429
-0.0009093  0.0041575
-0.0018951  0.0046262
-0.0026107  0.0048196
-0.0027904  0.0047815
-0.0027372  0.0044082
-0.0023191  0.0043190
-0.0017638  0.0041173
-0.0012447  0.0039907
-0.0008814  0.0040654
-0.0005850  0.0043209
-0.0003169  0.0039467
-0.0003161  0.0036374
 0.0001298  0.0031755
 0.0002245  0.0027326
 0.0006625  0.0023484
 0.0010678  0.0020771
 0.0009901  0.0016652
 0.0013807  0.0016574
 0.0014053  0.0016279
 0.0013280  0.0016957
 0.0012287  0.0022331
 0.0010524  0.0028723
 0.0007538  0.0031253
 0.0003022  0.0033132
 0.0001797  0.0033524
-0.0003833  0.0027919
-0.0008020  0.0023262
-0.0008726  0.0015823
-0.0011001  0.0008442
-0.0012799  0.0005180
-0.0016159  0.0000575
-0.0017513 -0.0000953
-0.0017219 -0.0001419
-0.0020247 -0.0003018
-0.0022222  0.0000374
-0.0024457  0.0001341
-0.0025816  0.0003376
-0.0029431  0.0004335
-0.0030769  0.0006650
-0.0032564  0.0007587
-0.0031470  0.0010934
-0.0031247  0.0013578
-0.0032485  0.0019013
-0.0034157  0.0023577
-0.0037058  0.0024118
-0.0041039  0.0021895
-0.0042743  0.0019579
-0.0040507  0.0016224
-0.0038347  0.0009425
-0.0032162  0.0006046
-0.0024020  0.0004755
-0.0019129  0.0006499
-0.0016464  0.0011122
-0.0016163  0.0014640
-0.0018735  0.0019064
-0.0023604  0.0023540
-0.0027991  0.0021398
-0.0030360  0.0021596
-0.0032434  0.0021440
-0.0032678  0.0020401
-0.0029453  0.0018715
-0.0025777  0.0019806
-0.0024087  0.0020533
-0.0023138  0.0021021
-0.0020638  0.0019021
-0.0021035  0.0020491
-0.0021255  0.0020876
-0.0019569  0.0023692
-0.0018448  0.0025427
-0.0017762  0.0031206
-0.0013844  0.0034414
-0.0012800  0.0039740
-0.0010729  0.0045268
-0.0010632  0.0046669
-0.0013907  0.0050725
-0.0013850  0.0051922
-0.0015013  0.0050693
-0.0020108  0.0048870
-0.0025127  0.0046950
-0.0027368  0.0040813
-0.0032389  0.0036495
-0.0033796  0.0033372
-0.0037864  0.0027041
-0.0038286  0.0023533
-0.0038711  0.0020186
-0.0036545  0.0017723
-0.0036767  0.0014382
-0.0034403  0.0015444
-0.0034970  0.0012719
-0.0035956  0.0014966
-0.0036420  0.0012138
-0.0036981  0.0011214
-0.0034564  0.0012207
-0.0031018  0.0011398
-0.0028896  0.0009936
-0.0022670  0.0008595
-0.0017966  0.0009630
-0.0015607  0.0008925
-0.0010752  0.0008026
-0.0006089  0.0007351
-0.0004098  0.0008039
 0.0000090  0.0008174
-0.0000015  0.0010348
-0.0000881  0.0010631
-0.0002883  0.0008346
-0.0004619  0.0006989
-0.0005607  0.0006894
-0.0004983  0.0007027
-0.0003148  0.0008398
-0.0004801  0.0006701
-0.0003360  0.0009604
-0.0005039  0.0010674
-0.0005376  0.0011381
-0.0010298  0.0011843
-0.0012843  0.0010811
-0.0014159  0.0007965
-0.0014240  0.0007581
-0.0013671  0.0004182
-0.0008739  0.0002228
-0.0002851  0.0002390
 0.0003444  0.0004381
 0.0010931  0.0005195
 0.0014792  0.0007999
 0.0015622  0.0007741
 0.0016631  0.0010254
 0.0015393  0.0011794
 0.0011711  0.0012877
 0.0007335  0.0015493
 0.0000589  0.0012976
-0.0006523  0.0008490
-0.0014347  0.0003457
-0.0018502 -0.0006576
-0.0021336 -0.0014596
-0.0023792 -0.0019921
-0.0027270 -0.0024483
-0.0028778 -0.0026643
-0.0030157 -0.0027180
-0.0027058 -0.0027842
-0.0027247 -0.0031203
-0.0023690 -0.0035449
-0.0020812 -0.0038459
-0.0019102 -0.0038231
-0.0019132 -0.0040985
-0.0017921 -0.0044304
-0.0018810 -0.0041848
-0.0017714 -0.0044860
-0.0017256 -0.0043352
-0.0016469 -0.0038689
-0.0013317 -0.0037708
-0.0009153 -0.0034240
-0.0008301 -0.0029939
-0.0006917 -0.0023411
-0.0005433 -0.0020108
-0.0003340 -0.0020310
-0.0003088 -0.0017260
-0.0004051 -0.0017500
-0.0003756 -0.0016505
-0.0003104 -0.0018013
-0.0003601 -0.0016627
-0.0004590 -0.0015770
-0.0003405 -0.0019556
 0.0001185 -0.0022445
 0.0003006 -0.0025709
 0.0008306 -0.0028880
 0.0014485 -0.0029669
 0.0019668 -0.0030573
 0.0023160 -0.0033712
 0.0023494 -0.0035213
 0.0021594 -0.0034915
 0.0020678 -0.0037549
 0.0018280 -0.0039137
 0.0019216 -0.0040681
 0.0019525 -0.0037576
 0.0022606 -0.0037451
 0.0027903 -0.0034362
 0.0034177 -0.0030341
 0.0035811 -0.0026134
 0.0036810 -0.0022203
 0.0034370 -0.0018669
 0.0029438 -0.0014918
 0.0028132 -0.0013503
 0.0022991 -0.0015402
 0.0019579 -0.0015703
 0.0018259 -0.0015802
 0.0014480 -0.0019163
 0.0012292 -0.0018887
 0.0005820 -0.0018023
 0.0001521 -0.0016575
-0.0007289 -0.0016604
-0.0009873 -0.0015070
-0.0013808 -0.0019277
-0.0013921 -0.0018011
-0.0011797 -0.0020512
-0.0007729 -0.0021523
-0.0005300 -0.0020399
-0.0004579 -0.0019638
-0.0003610 -0.0017714
-0.0002153 -0.0014248
-0.0002355 -0.0010529
-0.0006303 -0.0005462
-0.0007571 -0.0002285
-0.0009340 -0.0000176
-0.0009098  0.0001756
-0.0007757  0.0003897
-0.0002721  0.0003471
 0.0000299  0.0008633
 0.0002850  0.0010646
 0.0006066  0.0011891
 0.0001055  0.0012215
 0.0000002  0.0015899
-0.0001125  0.0013176
-0.0007445  0.0011674
-0.0007233  0.0011446
-0.0008085  0.0007724
-0.0012117  0.0006030
-0.0012694  0.0001672
-0.0016132 -0.0000260
-0.0019862 -0.0005954
-0.0020288 -0.0011748
-0.0021873 -0.0016722
-0.0020156 -0.0019502
-0.0013536 -0.0020792
-0.0011525 -0.0024555
-0.0005991 -0.0025209
-0.0002365 -0.0023462
-0.0002573 -0.0020491
 0.0000352 -0.0018086
-0.0000100 -0.0014620
-0.0003695 -0.0011524
-0.0002819 -0.0010010
-0.0005031 -0.0009067
-0.0004783 -0.0008825
-0.0005568 -0.0009788
-0.0005889 -0.0010714
-0.0011675 -0.0010718
-0.0016022 -0.0009701
-0.0019210 -0.0009279
-0.0024581 -0.0009646
-0.0027587 -0.0010332
-0.0027884 -0.0011087
-0.0026455 -0.0012832
-0.0023689 -0.0012803
-0.0018998 -0.0016057
-0.0019034 -0.0014905
-0.0021633 -0.0020038
-0.0016774 -0.0025961
-0.0016782 -0.0036864
-0.0015496 -0.0045189
-0.0014366 -0.0054086
-0.0010835 -0.0059857
-0.0005887 -0.0063519
-0.0005137 -0.0064426
-0.0001226 -0.0061219
 0.0002315 -0.0059424
 0.0006423 -0.0058031
 0.0010385 -0.0055558
 0.0014118 -0.0053845
 0.0016619 -0.0051380
 0.0017328 -0.0050171
 0.0018509 -0.0049490
 0.0015764 -0.0047972
 0.0009930 -0.0045867
 0.0010499 -0.0042906
 0.0006758 -0.0039954
 0.0007194 -0.0038501
 0.0009372 -0.0036096
 0.0010594 -0.0033498
 0.0012683 -0.0035317
 0.0013900 -0.0034459
 0.0015113 -0.0029879
 0.0014620 -0.0032170
 0.0015056 -0.0032388
 0.0015795 -0.0032099
 0.0018496 -0.0033710
 0.0021363 -0.0033714
 0.0022534 -0.0032013
 0.0024247 -0.0025819
 0.0020295 -0.0017722
 0.0017260 -0.0006487
 0.0013862  0.0000771
 0.0012069  0.0008133
 0.0014217  0.0016951
 0.0018491  0.0022547
 0.0020479  0.0026302
 0.0022801  0.0031617
 0.0025891  0.0033483
 0.0024880  0.0035497
 0.0022190  0.0036065
 0.0017363  0.0036329
 0.0011219  0.0034447
 0.0006002  0.0032965
 0.0003651  0.0031546
 0.0004172  0.0029526
 0.0006023  0.0026272
 0.0010900  0.0023229
 0.0014500  0.0022407
 0.0020138  0.0024385
 0.0022292  0.0027048
 0.0021302  0.0030201
 0.0018926  0.0031439
 0.0015783  0.0034866
 0.0011790  0.0035876
 0.0009851  0.0037446
 0.0010848  0.0038653
 0.0008083  0.0040417
 0.0006670  0.0043007
 0.0006456  0.0042147
 0.0003589  0.0041967
 0.0002484  0.0041142
 0.0005068  0.0039943
 0.0006015  0.0039687
 0.0007713  0.0040278
 0.0007596  0.0038766
 0.0009318  0.0039334
 0.0008538  0.0039326
 0.0008169  0.0037959
 0.0008369  0.0033530
 0.0010577  0.0030602
 0.0010951  0.0025493
 0.0014661  0.0021340
 0.0016149  0.0016979
 0.0019156  0.0017827
 0.0021489  0.0018015
 0.0021039  0.0017902
 0.0018883  0.0017708
 0.0019024  0.0015221
 0.0017047  0.0008426
 0.0015470 -0.0000729
 0.0014657 -0.0007796
 0.0016350 -0.0014474
 0.0016156 -0.0017401
 0.0014414 -0.0015427
 0.0013055 -0.0015309
 0.0009510 -0.0009853
 0.0005160 -0.0006203
 0.0002503 -0.0003708
-0.0003386 -0.0004384
-0.0008518 -0.0005428
-0.0014001 -0.0012059
-0.0016312 -0.0017976
-0.0021870 -0.0020881
-0.0024700 -0.0027412
-0.0024175 -0.0028869
-0.0025208 -0.0027178
-0.0023454 -0.0022638
-0.0019418 -0.0019491
-0.0015504 -0.0016433
-0.0014646 -0.0011137
-0.0009490 -0.0009018
-0.0008921 -0.0009558
-0.0007207 -0.0013489
-0.0005875 -0.0015086
-0.0007009 -0.0017005
-0.0011580 -0.0019008
-0.0016084 -0.0019430
-0.0020563 -0.0021287
-0.0026284 -0.0019717
-0.0031664 -0.0018621
-0.0034163 -0.0017348
-0.0037040 -0.0017312
-0.0038786 -0.0014678
-0.0037541 -0.0015701
-0.0037948 -0.0013216
-0.0040751 -0.0014971
-0.0045376 -0.0014444
-0.0046466 -0.0015999
-0.0052547 -0.0018022
-0.0056988 -0.0016707
-0.0060872 -0.0015244
-0.0059536 -0.0014549
-0.0060214 -0.0010588
-0.0057335 -0.0008698
-0.0055708 -0.0003779
-0.0051087  0.0000201
-0.0047914  0.0000703
-0.0045400 -0.0000058
-0.0040670 -0.0001265
-0.0039033 -0.0006559
-0.0035864 -0.0010332
-0.0035448 -0.0010784
-0.0037065 -0.0013355
-0.0037408 -0.0008453
-0.0039590 -0.0002045
-0.0041443  0.0004280
-0.0042862  0.0011794
-0.0042553  0.0013666
-0.0041390  0.0013700
-0.0037585  0.0011675
-0.0034181  0.0002952
-0.0031454 -0.0003962
-0.0028806 -0.0015701
-0.0023174 -0.0024143
-0.0023083 -0.0032227
-0.0020212 -0.0041842
-0.0018841 -0.0046166
-0.0016811 -0.0045976
-0.0012749 -0.0044131
-0.0006480 -0.0038937
-0.0004153 -0.0033385
-0.0002390 -0.0026183
-0.0005049 -0.0019737
-0.0007118 -0.0016664
-0.0012168 -0.0015513
-0.0015633 -0.0015112
-0.0021586 -0.0014918
-0.0024023 -0.0015669
-0.0026356 -0.0010121
-0.0027760 -0.0008298
-0.0026355 -0.0008827
-0.0020545 -0.0006870
-0.0015117 -0.0005023
-0.0006340 -0.0005257
 0.0006554 -0.0004242
 0.0012660 -0.0003176
 0.0016469 -0.0001184
 0.0020581 -0.0003168
 0.0018508 -0.0004987
 0.0015850 -0.0007371
 0.0013835 -0.0009466
 0.0012083 -0.0013760
 0.0009433 -0.0015585
 0.0009298 -0.0019842
 0.0009589 -0.0015607
 0.0004639 -0.0013945
 0.0002366 -0.0013234
-0.0001520 -0.0012639
-0.0008713 -0.0012332
-0.0013689 -0.0011930
-0.0017464 -0.0014718
-0.0021320 -0.0019525
-0.0020967 -0.0027028
-0.0018954 -0.0031352
-0.0015383 -0.0034663
-0.0011698 -0.0035709
-0.0003611 -0.0034048
-0.0000331 -0.0030024
 0.0003416 -0.0024602
 0.0004252 -0.0016815
 0.0005741 -0.0014764
 0.0000638 -0.0011306
-0.0000083 -0.0009854
-0.0000578 -0.0011580
-0.0001718 -0.0011746
 0.0001370 -0.0014311
 0.0003161 -0.0015083
 0.0005178 -0.0017303
 0.0008041 -0.0017538
 0.0012002 -0.0021171
 0.0012211 -0.0025292
 0.0016501 -0.0031425
 0.0019186 -0.0035030
 0.0022716 -0.0038883
 0.0023389 -0.0040252
 0.0022085 -0.0038547
 0.0020690 -0.0039308
 0.0019307 -0.0038104
 0.0017636 -0.0035393
 0.0022275 -0.0030994
 0.0023911 -0.0022231
 0.0027922 -0.0016658
 0.0029254 -0.0009563
 0.0031333 -0.0001620
 0.0030265  0.0001396
 0.0029104  0.0001735
 0.0024326  0.0002141
 0.0021111 -0.0002712
 0.0017320 -0.0008532
 0.0012461 -0.0013134
 0.0010860 -0.0015929
 0.0004822 -0.0019484
 0.0001449 -0.0017257
 0.0000118 -0.0017262
-0.0004959 -0.0017668
-0.0005904 -0.0013402
-0.0008942 -0.0011668
-0.0008168 -0.0010271
-0.0010811 -0.0008115
-0.0007439 -0.0008182
-0.0004660 -0.0007777
-0.0003329 -0.0009550
 0.0001146 -0.0013302
 0.0001600 -0.0015600
 0.0003479 -0.0017778
 0.0003130 -0.0016788
 0.0003774 -0.0019451
 0.0005750 -0.0020422
 0.0008328 -0.0018615
 0.0012054 -0.0020671
 0.0017039 -0.0019086
 0.0023937 -0.0016111
 0.0029997 -0.0018602
 0.0032710 -0.0020576
 0.0037446 -0.0021702
 0.0038068 -0.0026446
 0.0038965 -0.0028055
 0.0042243 -0.0031226
 0.0040740 -0.0033078
 0.0039482 -0.0028580
 0.0038604 -0.0026878
 0.0038818 -0.0025639
 0.0038820 -0.0019900
 0.0042195 -0.0018525
 0.0042597 -0.0017003
 0.0043669 -0.0013427
 0.0043019 -0.0010829
 0.0039741 -0.0012658
 0.0038148 -0.0010470
 0.0036390 -0.0012241
 0.0034645 -0.0011629
 0.0034992 -0.0009613
 0.0037068 -0.0007274
 0.0037676 -0.0002381
 0.0036900  0.0002790
 0.0035144  0.0002101
 0.0034122  0.0002495
 0.0032442 -0.0004324
 0.0032246 -0.0011220
 0.0034214 -0.0018275
 0.0036695 -0.0023821
 0.0038020 -0.0027469
 0.0036485 -0.0030773
 0.0035970 -0.0030137
 0.0036126 -0.0031241
 0.0035959 -0.0027659
 0.0035416 -0.0021403
 0.0039072 -0.0016233
 0.0039179 -0.0008007
 0.0040858 -0.0000534
 0.0041516  0.0006257
 0.0037644  0.0013381
 0.0034261  0.0016446
 0.0029202  0.0018297
 0.0025863  0.0013735
 0.0024730  0.0005898
 0.0025445 -0.0004627
 0.0030759 -0.0015728
 0.0037542 -0.0024461
 0.0047755 -0.0028775
 0.0055844 -0.0028907
 0.0060944 -0.0023309
 0.0067567 -0.0015279
 0.0071395 -0.0010987
 0.0072109 -0.0004810
 0.0077049 -0.0003296
 0.0076919 -0.0001209
 0.0080844 -0.0000928
 0.0081506 -0.0002174
 0.0078349 -0.0003423
 0.0070601 -0.0007099
 0.0067813 -0.0011660
 0.0059548 -0.0018640
 0.0053821 -0.0019868
 0.0053982 -0.0025104
 0.0053001 -0.0023438
 0.0049836 -0.0018817
 0.0051261 -0.0013801
 0.0046073 -0.0005326
 0.0037943 -0.0000012
 0.0027997  0.0002099
 0.0019309  0.0000272
 0.0011460 -0.0000071
 0.0004746 -0.0005120
 0.0002513 -0.0004218
 0.0002018 -0.0004221
 0.0000522 -0.0003244
-0.0001247 -0.0000085
 0.0000465  0.0000052
-0.0000752  0.0002504
-0.0003330  0.0001319
 0.0000520 -0.0001802
-0.0000223 -0.0004484
 0.0002117 -0.0007044
 0.0004711 -0.0009527
 0.0006728 -0.0009979
 0.0006906 -0.0011887
 0.0006752 -0.0011747
 0.0007624 -0.0015278
 0.0009663 -0.0010875
 0.0013633 -0.0005509
 0.0014906 -0.0001971
 0.0015005  0.0008561
 0.0013756  0.0015255
 0.0009442  0.0021182
 0.0003506  0.0026162
-0.0001428  0.0029792
-0.0002819  0.0029083
-0.0006528  0.0032032
-0.0009530  0.0035680
-0.0008979  0.0037475
-0.0009431  0.0041506
-0.0009618  0.0039881
-0.0005544  0.0036181
-0.0006370  0.0033916
-0.0001228  0.0028890
 0.0001023  0.0027174
 0.0004966  0.0028264
 0.0005945  0.0030107
 0.0010568  0.0031280
 0.0011999  0.0035176
 0.0017186  0.0036995
 0.0019693  0.0039648
 0.0023900  0.0040663
 0.0024503  0.0039581
 0.0025833  0.0036494
 0.0023849  0.0032781
 0.0024579  0.0028162
 0.0020994  0.0024595
 0.0022485  0.0022310
 0.0022358  0.0021206
 0.0023329  0.0021600
 0.0022851  0.0021339
 0.0023747  0.0021154
 0.0022354  0.0019902
 0.0024551  0.0019767
 0.0028419  0.0019344
 0.0028459  0.0017648
 0.0031431  0.0020272
 0.0036181  0.0020607
 0.0035356  0.0021059
 0.0036650  0.0023332
 0.0038613  0.0023431
 0.0041695  0.0022054
 0.0044859  0.0024160
 0.0048946  0.0022234
 0.0049332  0.0025401
 0.0049671  0.0029637
 0.0046514  0.0031837
 0.0042109  0.0035740
 0.0036809  0.0039587
 0.0030691  0.0039987
 0.0025700  0.0041721
 0.0020450  0.0041622
 0.0013756  0.0039089
 0.0007800  0.0036932
 0.0004423  0.0035220
-0.0000305  0.0033653
-0.0003523  0.0033902
-0.0007436  0.0036001
-0.0010141  0.0036009
-0.0009717  0.0037588
-0.0007925  0.0040309
-0.0004856  0.0042987
-0.0001138  0.0047115
 0.0004286  0.0047778
 0.0006579  0.0049526
 0.0011222  0.0051963
 0.0009758  0.0054494
 0.0011697  0.0054931
 0.0010965  0.0054854
 0.0006567  0.0054967
 0.0004835  0.0054321
 0.0003595  0.0056163
 0.0001675  0.0057721
-0.0001538  0.0057820
-0.0001023  0.0060279
-0.0001861  0.0056217
-0.0001061  0.0054032
 0.0001343  0.0050634
 0.0001545  0.0046185
 0.0002982  0.0043228
-0.0002513  0.0040161
-0.0008161  0.0036154
-0.0010602  0.0029085
-0.0014072  0.0025469
-0.0017260  0.0021240
-0.0017759  0.0017921
-0.0014325  0.0017495
-0.0011667  0.0017888
-0.0005273  0.0021764
 0.0003817  0.0021111
 0.0010253  0.0020691
 0.0018083  0.0019716
 0.0023374  0.0017899
 0.0022686  0.0015230
 0.0023261  0.0011443
 0.0020506  0.0008325
 0.0015507  0.0007727
 0.0010537  0.0007875
 0.0005712  0.0005581
-0.0000251  0.0005588
-0.0003485  0.0005969
-0.0008865  0.0007049
-0.0013596  0.0008783
-0.0015063  0.0006973
-0.0019652  0.0004100
-0.0019351  0.0000450
-0.0019549 -0.0003963
-0.0017524 -0.0009636
-0.0014169 -0.0010429
-0.0012455 -0.0010603
-0.0011674 -0.0007611
-0.0007949 -0.0002794
-0.0008476  0.0003963
-0.0008670  0.0007843
-0.0005415  0.0014146
-0.0003512  0.0014102
-0.0003183  0.0015792
-0.0002949  0.0019707
-0.0003470  0.0020916
-0.0009030  0.0021867
-0.0010931  0.0017745
-0.0014274  0.0015955
-0.0015011  0.0013718
-0.0009928  0.0009898
-0.0010027  0.0009307
-0.0008396  0.0005879
-0.0006696  0.0007167
-0.0004990  0.0008764
-0.0005900  0.0009130
-0.0004835  0.0012213
-0.0010485  0.0015796
-0.0013148  0.0018815
-0.0016228  0.0023444
-0.0017768  0.0024821
-0.0019676  0.0024308
-0.0020134  0.0024329
-0.0020958  0.0019076
-0.0020600  0.0011281
-0.0019417  0.0004343
-0.0019029 -0.0001550
-0.0019914 -0.0004205
-0.0018596 -0.0006751
-0.0015069 -0.0012733
-0.0009695 -0.0013427
-0.0004669 -0.0012672
 0.0001097 -0.0017376
 0.0006931 -0.0017188
 0.0013532 -0.0016904
 0.0018819 -0.0019889
 0.0018900 -0.0021438
 0.0020919 -0.0023768
 0.0022490 -0.0028572
 0.0020578 -0.0032398
 0.0021844 -0.0035928
 0.0023132 -0.0040099
 0.0025241 -0.0040553
 0.0026675 -0.0040048
 0.0026085 -0.0039335
 0.0025461 -0.0037585
 0.0023045 -0.0035622
 0.0020618 -0.0033874
 0.0017317 -0.0032213
 0.0012527 -0.0034794
 0.0012512 -0.0034683
 0.0013591 -0.0035834
 0.0016057 -0.0036874
 0.0017870 -0.0036865
 0.0023028 -0.0033367
 0.0028381 -0.0029049
 0.0028070 -0.0024619
 0.0026138 -0.0018499
 0.0021090 -0.0014544
 0.0017640 -0.0012489
 0.0013863 -0.0010590
 0.0007012 -0.0012379
 0.0003808 -0.0012994
 0.0003758 -0.0015452
 0.0003211 -0.0018859
 0.0004469 -0.0019871
 0.0007230 -0.0019857
 0.0009919 -0.0020853
 0.0010563 -0.0020027
 0.0013145 -0.0021553
 0.0010632 -0.0024781
 0.0010595 -0.0025960
 0.0011130 -0.0031454
 0.0012097 -0.0036265
 0.0015696 -0.0037653
 0.0016179 -0.0038299
 0.0017273 -0.0039272
 0.0018264 -0.0038340
 0.0013636 -0.0036529
 0.0012950 -0.0036065
 0.0012752 -0.0033174
 0.0013611 -0.0034296
 0.0013032 -0.0036472
 0.0019585 -0.0033260
 0.0022787 -0.0030682
 0.0024337 -0.0026362
 0.0024713 -0.0018582
 0.0019597 -0.0012824
 0.0013533 -0.0007943
 0.0009275 -0.0003310
 0.0001769 -0.0002430
-0.0001101  0.0000895
-0.0003104  0.0003597
-0.0001911  0.0005127
 0.0001596  0.0009134
 0.0005089  0.0013930
 0.0003892  0.0016764
 0.0002168  0.0017435
-0.0001302  0.0016153
-0.0008800  0.0013223
-0.0012311  0.0009004
-0.0016868  0.0003864
-0.0021018 -0.0001173
-0.0021154 -0.0005796
-0.0022211 -0.0009727
-0.0018784 -0.0010992
-0.0011999 -0.0010696
-0.0007101 -0.0006085
-0.0000787 -0.0001381
 0.0002362  0.0005701
 0.0003485  0.0009922
 0.0003307  0.0016053
 0.0003808  0.0016620
 0.0002978  0.0015661
 0.0003703  0.0012283
 0.0011599  0.0009292
 0.0020544  0.0006774
 0.0030329  0.0007711
 0.0038248  0.0005968
 0.0045297  0.0004432
 0.0050866  0.0004650
 0.0051871 -0.0000017
 0.0052198 -0.0003222
 0.0051992 -0.0007568
 0.0049771 -0.0011174
 0.0055368 -0.0014668
 0.0056637 -0.0016807
 0.0059959 -0.0018297
 0.0062492 -0.0018646
 0.0066395 -0.0017770
 0.0068682 -0.0020346
 0.0069216 -0.0021803
 0.0070696 -0.0023279
 0.0069658 -0.0027462
 0.0070132 -0.0030462
 0.0071685 -0.0032039
 0.0075678 -0.0031403
 0.0078508 -0.0027982
 0.0077155 -0.0020218
 0.0073921 -0.0012653
 0.0066415 -0.0007015
 0.0059059 -0.0000963
 0.0050945  0.0001641
 0.0042743 -0.0002085
 0.0039553 -0.0003940
 0.0034837 -0.0010267
 0.0033779 -0.0017522
 0.0033801 -0.0020619
 0.0033420 -0.0026409
 0.0031710 -0.0025499
 0.0028151 -0.0025737
 0.0025840 -0.0023664
 0.0022107 -0.0019263
 0.0021053 -0.0017049
 0.0019741 -0.0014757
 0.0017955 -0.0011659
 0.0017614 -0.0012876
 0.0015908 -0.0013233
 0.0016279 -0.0009454
 0.0017263 -0.0006563
 0.0021599 -0.0003090
 0.0025445  0.0003335
 0.0028558  0.0007003
 0.0034717  0.0011416
 0.0039049  0.0015531
 0.0037847  0.0014751
 0.0038452  0.0011105
 0.0037984  0.0009642
 0.0035971  0.0005763
 0.0033785  0.0006583
 0.0032049  0.0010287
 0.0030777  0.0014886
 0.0026424  0.0020716
 0.0021392  0.0025805
 0.0017075  0.0027947
 0.0009578  0.0023728
 0.0003645  0.0017413
-0.0003332  0.0009643
-0.0007377  0.0003076
-0.0011273 -0.0006842
-0.0009150 -0.0014956
-0.0005881 -0.0018832
-0.0000621 -0.0017774
 0.0003629 -0.0017766
 0.0006974 -0.0012691
 0.0009382 -0.0012108
 0.0009273 -0.0009132
 0.0009328 -0.0013325
 0.0013680 -0.0016826
 0.0017642 -0.0021588
 0.0023955 -0.0028289
 0.0032453 -0.0028931
 0.0037817 -0.0028847
 0.0039021 -0.0028417
 0.0035908 -0.0026808
 0.0031255 -0.0023261
 0.0027266 -0.0022551
 0.0025552 -0.0019846
 0.0021584 -0.0015610
 0.0021740 -0.0011565
 0.0018043 -0.0007410
 0.0017234 -0.0004509
 0.0011334 -0.0000849
 0.0005306  0.0003053
 0.0000025  0.0007052
-0.0004564  0.0011314
-0.0008033  0.0014240
-0.0007200  0.0018395
-0.0006357  0.0022160
-0.0004916  0.0024504
-0.0002597  0.0025384
-0.0000697  0.0026848
-0.0007551  0.0028170
-0.0009461  0.0029305
-0.0014944  0.0029678
-0.0025065  0.0027086
-0.0029179  0.0025576
-0.0031154  0.0024361
-0.0031698  0.0024381
-0.0030727  0.0024666
-0.0027839  0.0025748
-0.0029260  0.0022084
-0.0031470  0.0021408
-0.0034054  0.0018045
-0.0035546  0.0013809
-0.0038729  0.0013306
-0.0042068  0.0009848
-0.0043388  0.0007613
-0.0045238  0.0005318
-0.0046683  0.0000974
-0.0045846 -0.0000266
-0.0044021 -0.0001965
-0.0044693 -0.0003665
-0.0047160 -0.0002859
-0.0048678 -0.0006180
-0.0047095 -0.0007401
-0.0046761 -0.0009222
-0.0042318 -0.0013371
-0.0034055 -0.0015432
-0.0024513 -0.0016940
-0.0017274 -0.0016616
-0.0006785 -0.0014783
-0.0002645 -0.0012667
-0.0002233 -0.0009009
-0.0004676 -0.0005024
-0.0007109 -0.0002141
-0.0011272 -0.0003750
-0.0014472 -0.0007000
-0.0017750 -0.0010928
-0.0017211 -0.0016185
-0.0015524 -0.0019994
-0.0013346 -0.0023878
-0.0010052 -0.0025751
-0.0007787 -0.0026657
-0.0005966 -0.0023538
-0.0004246 -0.0019589
-0.0001329 -0.0014109
-0.0002122 -0.0009552
-0.0003898 -0.0006991
-0.0004802 -0.0004266
-0.0005955 -0.0004115
-0.0005200 -0.0004646
-0.0001935 -0.0004107
 0.0004748 -0.0001362
 0.0009920  0.0001903
 0.0015686  0.0006697
 0.0021270  0.0013224
 0.0024552  0.0015305
 0.0028346  0.0017204
 0.0032311  0.0019803
 0.0037630  0.0019679
 0.0041684  0.0019395
 0.0039795  0.0019389
 0.0037421  0.0021644
 0.0033969  0.0020558
 0.0028591  0.0018017
 0.0025518  0.0013824
 0.0020952  0.0008781
 0.0016977  0.0003403
 0.0014233 -0.0003693
 0.0011747 -0.0006232
 0.0011925 -0.0009224
 0.0012480 -0.0009610
 0.0010932 -0.0008887
 0.0010780 -0.0005076
 0.0010829 -0.0003671
 0.0011715 -0.0004061
 0.0010593 -0.0005415
 0.0012852 -0.0011179
 0.0013415 -0.0020504
 0.0017556 -0.0028389
 0.0021937 -0.0036099
 0.0027363 -0.0035582
 0.0029545 -0.0035146
 0.0029197 -0.0031214
 0.0026843 -0.0024088
 0.0023544 -0.0020413
 0.0018495 -0.0017966
 0.0011062 -0.0018963
 0.0011526 -0.0020465
 0.0010541 -0.0023206
 0.0011863 -0.0027048
 0.0015420 -0.0033203
 0.0018014 -0.0036108
 0.0021192 -0.0036978
 0.0021684 -0.0036320
 0.0020326 -0.0031498
 0.0015850 -0.0026584
 0.0009827 -0.0021557
 0.0005141 -0.0015981
-0.0002988 -0.0014600
-0.0009410 -0.0014301
-0.0013361 -0.0013865
-0.0016270 -0.0014212
-0.0017984 -0.0015145
-0.0019260 -0.0014545
-0.0020313 -0.0012423
-0.0023263 -0.0013267
-0.0026515 -0.0011741
-0.0027579 -0.0013287
-0.0031574 -0.0017690
-0.0031349 -0.0019293
-0.0033531 -0.0022244
-0.0034795 -0.0022894
-0.0035505 -0.0019317
-0.0035422 -0.0017780
-0.0033443 -0.0012790
-0.0033322 -0.0005119
-0.0032629 -0.0000389
-0.0032898  0.0002801
-0.0032236  0.0001289
-0.0031071 -0.0000312
-0.0034329 -0.0001939
-0.0035534 -0.0003935
-0.0040405 -0.0003915
-0.0039997 -0.0004962
-0.0043930 -0.0004698
-0.0044897 -0.0006440
-0.0045192 -0.0010769
-0.0040789 -0.0015008
-0.0034728 -0.0020136
-0.0027499 -0.0029251
-0.0022529 -0.0033143
-0.0016469 -0.0036359
-0.0018417 -0.0038485
-0.0019227 -0.0037950
-0.0021462 -0.0037773
-0.0025723 -0.0036634
-0.0028354 -0.0036319
-0.0030496 -0.0036099
-0.0029122 -0.0033297
-0.0026084 -0.0031601
-0.0021295 -0.0029667
-0.0019389 -0.0027268
-0.0014100 -0.0028132
-0.0009183 -0.0027390
-0.0006090 -0.0027713
-0.0003090 -0.0027083
-0.0001658 -0.0024845
-0.0000611 -0.0019441
 0.0002092 -0.0016881
 0.0002441 -0.0008593
 0.0004309 -0.0001997
 0.0003787  0.0003958
 0.0005927  0.0005892
 0.0008676  0.0009122
 0.0010661  0.0010487
 0.0014750  0.0011961
 0.0016476  0.0013917
 0.0019137  0.0014896
 0.0017819  0.0018874
 0.0019848  0.0017991
 0.0017367  0.0019986
 0.0016884  0.0020373
 0.0015909  0.0019879
 0.0012261  0.0019784
 0.0008206  0.0020095
 0.0004077  0.0016483
 0.0000660  0.0012975
-0.0004044  0.0009519
-0.0009499  0.0001676
-0.0009549 -0.0005912
-0.0010134 -0.0013858
-0.0011170 -0.0018095
-0.0006226 -0.0024608
-0.0003795 -0.0024834
-0.0005196 -0.0024907
-0.0004279 -0.0027559
-0.0005482 -0.0026009
-0.0005298 -0.0027008
-0.0005693 -0.0028128
-0.0004288 -0.0027516
-0.0002971 -0.0027607
 0.0003604 -0.0030744
 0.0008048 -0.0029022
 0.0015063 -0.0025400
 0.0019981 -0.0022065
 0.0026604 -0.0016237
 0.0025930 -0.0011538
 0.0025732 -0.0007026
 0.0020451 -0.0006907
 0.0017172 -0.0008808
 0.0012846 -0.0013597
 0.0007194 -0.0019622
 0.0009025 -0.0025178
 0.0006853 -0.0028729
 0.0011003 -0.0033909
 0.0012193 -0.0033152
 0.0014333 -0.0033919
 0.0013828 -0.0029678
 0.0010248 -0.0027570
 0.0006661 -0.0025537
 0.0000467 -0.0024940
-0.0002369 -0.0027976
-0.0003096 -0.0029873
-0.0001108 -0.0035540
 0.0002509 -0.0039056
 0.0005747 -0.0036545
 0.0012243 -0.0033700
 0.0014135 -0.0027722
 0.0012974 -0.0021264
 0.0012286 -0.0017011
 0.0011496 -0.0015089
 0.0008032 -0.0015575
 0.0005957 -0.0017039
 0.0005396 -0.0018016
 0.0006633 -0.0016141
 0.0006555 -0.0011742
 0.0007602 -0.0005125
 0.0004719  0.0003408
 0.0002612  0.0008588
-0.0001993  0.0010533
-0.0006493  0.0010924
-0.0009165  0.0008340
-0.0012008  0.0004513
-0.0013406 -0.0001800
-0.0014735 -0.0007666
-0.0014597 -0.0012782
-0.0013026 -0.0015211
-0.0013111 -0.0019099
-0.0013173 -0.0017242
-0.0011827 -0.0010867
-0.0015521 -0.0011112
-0.0016476 -0.0007327
-0.0019730 -0.0007464
-0.0018097 -0.0010262
-0.0018131 -0.0015479
-0.0014128 -0.0021822
-0.0009267 -0.0029029
-0.0002406 -0.0032557
-0.0000950 -0.0036754
-0.0001495 -0.0038545
-0.0005773 -0.0036952
-0.0012059 -0.0036752
-0.0018058 -0.0036907
-0.0023034 -0.0037093
-0.0026109 -0.0038905
-0.0025429 -0.0042913
-0.0023036 -0.0047326
-0.0017584 -0.0049134
-0.0007393 -0.0053147
 0.0002989 -0.0054302
 0.0014347 -0.0052287
 0.0022915 -0.0046532
 0.0030634 -0.0039339
 0.0035092 -0.0031973
 0.0034947 -0.0024003
 0.0033746 -0.0017396
 0.0032788 -0.0014125
 0.0030836 -0.0012718
 0.0031183 -0.0011532
 0.0032116 -0.0009337
 0.0033481 -0.0011720
 0.0036471 -0.0013414
 0.0039636 -0.0013761
 0.0038449 -0.0016416
 0.0038871 -0.0020904
 0.0037474 -0.0020774
 0.0036886 -0.0018024
 0.0038024 -0.0014800
 0.0040423 -0.0007977
 0.0045419  0.0000209
 0.0051116  0.0006471
 0.0055959  0.0013622
 0.0057384  0.0019408
 0.0054406  0.0021096
 0.0047328  0.0021605
 0.0043432  0.0017420
 0.0039016  0.0010756
 0.0037751  0.0003364
 0.0037525 -0.0005400
 0.0038623 -0.0013980
 0.0040971 -0.0018938
 0.0043067 -0.0025237
 0.0045713 -0.0030045
 0.0044691 -0.0034305
 0.0048474 -0.0036750
 0.0049921 -0.0042237
 0.0051203 -0.0041886
 0.0050770 -0.0041906
 0.0048422 -0.0045554
 0.0045057 -0.0043669
 0.0042554 -0.0042328
 0.0042376 -0.0038798
 0.0038587 -0.0035178
 0.0037859 -0.0029716
 0.0033591 -0.0028385
 0.0032073 -0.0024782
 0.0032279 -0.0022321
 0.0032554 -0.0025574
 0.0036373 -0.0022441
 0.0037768 -0.0023192
 0.0041676 -0.0021944
 0.0039897 -0.0018962
 0.0037919 -0.0018865
 0.0035383 -0.0015896
 0.0029724 -0.0009835
 0.0025640 -0.0000220
 0.0020122  0.0002903
 0.0015974  0.0008162
 0.0010297  0.0012919
 0.0009570  0.0015772
 0.0008091  0.0018013
 0.0009377  0.0018600
 0.0009092  0.0018691
 0.0011010  0.0022321
 0.0011555  0.0020748
 0.0008070  0.0018455
 0.0008422  0.0019020
 0.0004665  0.0017877
-0.0000047  0.0018093
-0.0004832  0.0022145
-0.0008435  0.0028209
-0.0015500  0.0034901
-0.0020147  0.0039478
-0.0022769  0.0041640
-0.0026766  0.0040745
-0.0028195  0.0036526
-0.0028629  0.0030314
-0.0029217  0.0025546
-0.0029889  0.0016773
-0.0030872  0.0011504
-0.0030757  0.0004998
-0.0029774 -0.0000059
-0.0026817 -0.0003791
-0.0022666 -0.0005592
-0.0016313 -0.0006714
-0.0011516 -0.0004801
-0.0010537 -0.0003384
-0.0006974 -0.0000981
-0.0007739 -0.0000156
-0.0007640 -0.0000095
-0.0007626 -0.0002831
-0.0008514 -0.0004890
-0.0007382 -0.0006197
-0.0009992 -0.0004953
-0.0012397 -0.0004798
-0.0013909 -0.0002034
-0.0016654 -0.0002032
-0.0017488  0.0000073
-0.0018812 -0.0001209
-0.0016034 -0.0002368
-0.0013832 -0.0001631
-0.0008898  0.0002293
-0.0003266  0.0007758
 0.0000228  0.0011963
 0.0003690  0.0017666
 0.0005782  0.0024096
 0.0004062  0.0026708
-0.0001300  0.0026064
-0.0005915  0.0023163
-0.0010917  0.0020616
-0.0012189  0.0012937
-0.0012966  0.0006037
-0.0010790  0.0001910
-0.0004179 -0.0001503
-0.0000743 -0.0006469
 0.0003694 -0.0005851
 0.0006754 -0.0004573
 0.0008957 -0.0002248
 0.0009423  0.0004520
 0.0006827  0.0009445
 0.0006696  0.0012147
 0.0004285  0.0017537
 0.0003786  0.0019463
 0.0002048  0.0017965
-0.0000677  0.0016094
-0.0004442  0.0013086
-0.0006550  0.0009025
-0.0010971  0.0002628
-0.0014033 -0.0001141
-0.0015941 -0.0001672
-0.0015376 -0.0003046
-0.0017150 -0.0005129
-0.0017372 -0.0007629
-0.0016845 -0.0014981
-0.0014834 -0.0019020
-0.0009844 -0.0026306
-0.0003404 -0.0028248
 0.0002050 -0.0027707
 0.0008151 -0.0026518
 0.0011461 -0.0024361
 0.0012097 -0.0020949
 0.0008342 -0.0020334
 0.0004999 -0.0019228
-0.0002375 -0.0021598
-0.0012433 -0.0020411
-0.0015671 -0.0022749
-0.0022591 -0.0025681
-0.0029618 -0.0024227
-0.0033398 -0.0023953
-0.0034674 -0.0021839
-0.0035673 -0.0019806
-0.0035233 -0.0019681
-0.0031515 -0.0017285
-0.0028162 -0.0019091
-0.0023486 -0.0018318
-0.0020402 -0.0019533
-0.0014761 -0.0018100
-0.0012747 -0.0016741
-0.0011509 -0.0016689
-0.0013528 -0.0012767
-0.0016903 -0.0008285
-0.0022021 -0.0005421
-0.0024252 -0.0002556
-0.0027157 -0.0002265
-0.0026687 -0.0001193
-0.0025369  0.0001823
-0.0022500  0.0003654
-0.0021246  0.0006448
-0.0018093  0.0010300
-0.0020081  0.0011081
-0.0025167  0.0014616
-0.0030553  0.0014630
-0.0035155  0.0014848
-0.0041361  0.0014122
-0.0045525  0.0014053
-0.0046894  0.0014197
-0.0047790  0.0014875
-0.0046481  0.0018834
-0.0047198  0.0020067
-0.0043336  0.0021991
-0.0044060  0.0024846
-0.0044852  0.0025405
-0.0041811  0.0027327
-0.0041236  0.0027042
-0.0042030  0.0022958
-0.0041537  0.0019246
-0.0039282  0.0012073
-0.0039029  0.0003264
-0.0037981 -0.0003099
-0.0036747 -0.0011510
-0.0035249 -0.0017613
-0.0035824 -0.0023363
-0.0032742 -0.0029159
-0.0029908 -0.0033887
-0.0027802 -0.0035045
-0.0024552 -0.0038871
-0.0021391 -0.0036729
-0.0017450 -0.0034203
-0.0016148 -0.0033000
-0.0014327 -0.0029711
-0.0011605 -0.0030341
-0.0010146 -0.0031772
-0.0010168 -0.0029971
-0.0009017 -0.0029414
-0.0009044 -0.0028327
-0.0008008 -0.0023615
-0.0004486 -0.0018630
-0.0003281 -0.0010070
-0.0003331 -0.0001689
-0.0004739  0.0003863
-0.0007462  0.0007908
-0.0009427  0.0010718
-0.0008997  0.0011008
-0.0009601  0.0011252
-0.0007495  0.0008242
-0.0003115  0.0007122
 0.0001864  0.0004415
 0.0006182 -0.0003084
 0.0009186 -0.0009750
 0.0012268 -0.0018283
 0.0012961 -0.0027141
 0.0012828 -0.0034268
 0.0012895 -0.0039155
 0.0009681 -0.0041307
 0.0011054 -0.0043134
 0.0012639 -0.0042658
 0.0012633 -0.0039396
 0.0012540 -0.0035346
 0.0013860 -0.0032614
 0.0011460 -0.0028361
 0.0011238 -0.0024682
 0.0010204 -0.0022361
 0.0005505 -0.0017382
 0.0000075 -0.0012974
-0.0005039 -0.0010014
-0.0014779 -0.0009550
-0.0023459 -0.0007331
-0.0029640 -0.0007234
-0.0035932 -0.0007610
-0.0040319 -0.0008033
-0.0045192 -0.0008102
-0.0046970 -0.0005482
-0.0042139 -0.0007437
-0.0039701 -0.0007831
-0.0036517 -0.0007918
-0.0031193 -0.0007470
-0.0031187 -0.0004898
-0.0033343 -0.0004157
-0.0035935 -0.0005062
-0.0034353 -0.0001457
-0.0035443 -0.0003209
-0.0033288 -0.0002268
-0.0027189 -0.0000678
-0.0024006  0.0002488
-0.0014732  0.0006688
-0.0007448  0.0013387
-0.0002274  0.0018189
 0.0003118  0.0023886
 0.0005444  0.0028218
 0.0009990  0.0032080
 0.0011670  0.0031172
 0.0014012  0.0030833
 0.0013939  0.0029984
 0.0012413  0.0028365
 0.0012026  0.0024993
 0.0011057  0.0023960
 0.0008931  0.0018206
 0.0009589  0.0016428
 0.0013418  0.0016483
 0.0016628  0.0015294
 0.0019088  0.0016463
 0.0024022  0.0016457
 0.0023454  0.0017095
 0.0022516  0.0019824
 0.0022974  0.0025987
 0.0022116  0.0030272
 0.0022005  0.0037049
 0.0020816  0.0043462
 0.0019197  0.0049620
 0.0018972  0.0051899
 0.0018831  0.0055284
 0.0016031  0.0057269
 0.0016491  0.0054386
 0.0011581  0.0052627
 0.0003339  0.0052817
-0.0001654  0.0049040
-0.0007887  0.0044697
-0.0014428  0.0041829
-0.0014150  0.0036818
-0.0016209  0.0033152
-0.0017869  0.0031430
-0.0015969  0.0030075
-0.0017715  0.0029238
-0.0020251  0.0024076
-0.0017216  0.0022116
-0.0017775  0.0017507
-0.0017221  0.0012810
-0.0012636  0.0010466
-0.0010605  0.0007637
-0.0008704  0.0006674
-0.0002193  0.0005039
 0.0000183  0.0007823
 0.0000921  0.0012533
 0.0001997  0.0015775
 0.0001034  0.0019039
-0.0004331  0.0021716
-0.0008752  0.0021887
-0.0015005  0.0021697
-0.0017732  0.0021120
-0.0022268  0.0020091
-0.0021192  0.0019935
-0.0021501  0.0020337
-0.0019636  0.0019851
-0.0019834  0.0019170
-0.0020510  0.0020121
-0.0025785  0.0020408
-0.0029067  0.0021738
-0.0033117  0.0020848
-0.0038021  0.0021116
-0.0041612  0.0021449
-0.0042482  0.0022276
-0.0043742  0.0020237
-0.0043223  0.0017839
-0.0044004  0.0015909
-0.0042833  0.0014290
-0.0042064  0.0014115
-0.0041402  0.0014115
-0.0041398  0.0013844
-0.0040849  0.0015671
-0.0038477  0.0020100
-0.0036289  0.0020286
-0.0035550  0.0021994
-0.0034109  0.0022272
-0.0030933  0.0022252
-0.0032583  0.0024826
-0.0031531  0.0025470
-0.0029688  0.0025623
-0.0031680  0.0023681
-0.0031198  0.0022031
-0.0031965  0.0019239
-0.0032314  0.0014794
-0.0030860  0.0008173
-0.0029227  0.0005173
-0.0026351  0.0000925
-0.0023351  0.0003000
-0.0022905  0.0006125
-0.0022396  0.0011826
-0.0019608  0.0013787
-0.0016612  0.0019187
-0.0011367  0.0020768
-0.0007130  0.0021888
-0.0003492  0.0020117
 0.0000497  0.0019909
 0.0000386  0.0016150
-0.0001149  0.0014725
-0.0002705  0.0010233
-0.0001494  0.0004484
 0.0001197 -0.0000306
 0.0004600 -0.0006435
 0.0009174 -0.0007495
 0.0017120 -0.0011438
 0.0024886 -0.0015919
 0.0031687 -0.0016674
 0.0034191 -0.0015017
 0.0039173 -0.0012299
 0.0035906 -0.0008625
 0.0031978 -0.0003031
 0.0028754 -0.0000695
 0.0023766  0.0002713
 0.0020314  0.0003145
 0.0019359  0.0002715
 0.0019095  0.0000285
 0.0019957 -0.0000357
 0.0018963  0.0000033
 0.0019318 -0.0001683
 0.0016597  0.0000631
 0.0013886  0.0002548
 0.0009259  0.0004749
 0.0005958  0.0008799
 0.0004890  0.0012576
-0.0000975  0.0016535
-0.0001189  0.0022539
-0.0000523  0.0024128
-0.0003181  0.0025123
-0.0004623  0.0027542
-0.0008502  0.0029496
-0.0009025  0.0028906
-0.0012640  0.0030311
-0.0016435  0.0029802
-0.0019035  0.0030898
-0.0020848  0.0031754
-0.0021924  0.0033662
-0.0021696  0.0032538
-0.0021125  0.0035550
-0.0022178  0.0035966
-0.0020016  0.0036566
-0.0019184  0.0038413
-0.0016640  0.0037831
-0.0017360  0.0036870
-0.0015022  0.0035716
-0.0013750  0.0030273
-0.0012103  0.0027393
-0.0008768  0.0025907
-0.0006980  0.0021620
-0.0007111  0.0020619
-0.0004584  0.0018176
-0.0005537  0.0018222
-0.0004922  0.0017037
-0.0000933  0.0015180
 0.0006695  0.0017786
 0.0010709  0.0020947
 0.0016458  0.0023160
 0.0021894  0.0025649
 0.0025697  0.0029321
 0.0028065  0.0031045
 0.0031293  0.0033439
 0.0033651  0.0036641
 0.0033800  0.0041926
 0.0029352  0.0048176
 0.0024538  0.0051166
 0.0017145  0.0050985
 0.0012042  0.0052244
 0.0003878  0.0049357
 0.0000575  0.0046699
-0.0004058  0.0046305
-0.0003021  0.0044523
-0.0001921  0.0042268
-0.0004071  0.0040028
-0.0003241  0.0038849
-0.0000254  0.0035181
-0.0000720  0.0032856
 0.0001212  0.0028968
 0.0001463  0.0027277
 0.0003353  0.0025636
 0.0006181  0.0022248
 0.0004669  0.0016575
 0.0004475  0.0013353
 0.0006966  0.0006873
 0.0009108  0.0002490
 0.0011565 -0.0004457
 0.0009550 -0.0005257
 0.0006776 -0.0003749
 0.0004400 -0.0000824
 0.0000977  0.0001156
 0.0000434  0.0003349
 0.0002551  0.0004968
 0.0004368  0.0007624
 0.0009938  0.0014136
 0.0014070  0.0018267
 0.0015689  0.0021931
 0.0016634  0.0025072
 0.0015290  0.0024569
 0.0012869  0.0021870
 0.0011868  0.0018337
 0.0005137  0.0013335
 0.0008325  0.0009150
 0.0002969  0.0007307
 0.0001074  0.0007503
-0.0000463  0.0009471
 0.0001570  0.0010989
 0.0000656  0.0014013
 0.0005397  0.0013645
 0.0007165  0.0015840
 0.0012583  0.0017503
 0.0015194  0.0016054
 0.0016441  0.0017695
 0.0016603  0.0017000
 0.0017899  0.0017648
 0.0016202  0.0018615
 0.0015528  0.0018502
 0.0014359  0.0018628
 0.0015345  0.0017423
 0.0017717  0.0013989
 0.0020019  0.0012099
 0.0022243  0.0012772
 0.0026083  0.0012953
 0.0027646  0.0013399
 0.0027777  0.0017974
 0.0028750  0.0019867
 0.0023691  0.0023509
 0.0020532  0.0021230
 0.0017373  0.0019373
 0.0017377  0.0015188
 0.0018984  0.0011969
 0.0021255  0.0010826
 0.0025908  0.0012663
 0.0030082  0.0013032
 0.0034656  0.0017066
 0.0034723  0.0018723
 0.0034234  0.0020391
 0.0031446  0.0019877
 0.0029256  0.0017028
 0.0027260  0.0013934
 0.0027205  0.0011607
 0.0027405  0.0009921
 0.0026184  0.0008898
 0.0027557  0.0009691
 0.0027928  0.0011553
 0.0026568  0.0014949
 0.0025671  0.0020989
 0.0023370  0.0024447
 0.0019712  0.0027346
 0.0015190  0.0033093
 0.0010884  0.0033951
 0.0006697  0.0034985
 0.0002347  0.0036183
-0.0003927  0.0034542
-0.0006961  0.0034532
-0.0011517  0.0030900
-0.0016558  0.0026710
-0.0018487  0.0023853
-0.0019226  0.0022051
-0.0019832  0.0016501
-0.0017621  0.0016691
-0.0015532  0.0016420
-0.0011779  0.0016699
-0.0012066  0.0018625
-0.0012037  0.0019590
-0.0012683  0.0018633
-0.0010450  0.0016354
-0.0008989  0.0009442
-0.0006758 -0.0000335
-0.0006702 -0.0007633
-0.0006526 -0.0017801
-0.0005204 -0.0022846
-0.0003133 -0.0031435
-0.0001300 -0.0033952
 0.0003993 -0.0037521
 0.0007559 -0.0037592
 0.0009842 -0.0040432
 0.0012638 -0.0041948
 0.0011142 -0.0039281
 0.0012227 -0.0035976
 0.0009498 -0.0032431
 0.0005507 -0.0026680
 0.0003452 -0.0023593
 0.0001948 -0.0018421
-0.0001772 -0.0017600
-0.0002794 -0.0016447
-0.0008071 -0.0016292
-0.0014304 -0.0021298
-0.0016440 -0.0025459
-0.0019896 -0.0028859
-0.0018556 -0.0027264
-0.0017708 -0.0026647
-0.0018556 -0.0023924
-0.0017226 -0.0017367
-0.0017900 -0.0015769
-0.0018657 -0.0014576
-0.0016844 -0.0011625
-0.0017611 -0.0011156
-0.0018280 -0.0012240
-0.0018847 -0.0012965
-0.0019131 -0.0014718
-0.0016186 -0.0018967
-0.0017077 -0.0022260
-0.0017398 -0.0025351
-0.0015944 -0.0027834
-0.0016063 -0.0026144
-0.0017406 -0.0025967
-0.0015292 -0.0025808
-0.0013875 -0.0024746
-0.0010322 -0.0023127
-0.0007151 -0.0019832
-0.0000087 -0.0016993
 0.0002202 -0.0014066
 0.0007971 -0.0013341
 0.0008999 -0.0011009
 0.0010416 -0.0009943
 0.0011811 -0.0012079
 0.0011861 -0.0011042
 0.0011736 -0.0010606
 0.0010369 -0.0011193
 0.0007482 -0.0009124
 0.0002522 -0.0007915
 0.0002528 -0.0008979
 0.0000221 -0.0012528
 0.0002066 -0.0013297
 0.0003709 -0.0018471
 0.0005282 -0.0021921
 0.0009624 -0.0024313
 0.0013880 -0.0027017
 0.0019947 -0.0028369
 0.0022204 -0.0028981
 0.0024733 -0.0030132
 0.0025224 -0.0028220
 0.0030816 -0.0028456
 0.0034541 -0.0028458
 0.0042202 -0.0029123
 0.0047771 -0.0026636
 0.0051007 -0.0027031
 0.0051189 -0.0022071
 0.0048704 -0.0021492
 0.0044101 -0.0022265
 0.0037500 -0.0018728
 0.0029330 -0.0019029
 0.0019707 -0.0016918
 0.0010745 -0.0016029
 0.0003855 -0.0014459
-0.0001392 -0.0013861
-0.0001936 -0.0011414
 0.0000470 -0.0007824
 0.0005800 -0.0001271
 0.0010860  0.0004119
 0.0019062  0.0015801
 0.0020524  0.0022622
 0.0025706  0.0029316
 0.0022690  0.0035815
 0.0020246  0.0038639
 0.0016715  0.0038864
 0.0015345  0.0040326
 0.0011140  0.0043634
 0.0010508  0.0045705
 0.0007264  0.0049125
 0.0005567  0.0050431
 0.0005987  0.0052047
 0.0009251  0.0049932
 0.0010723  0.0049770
 0.0016979  0.0047184
 0.0024402  0.0045774
 0.0028343  0.0043000
 0.0034143  0.0039806
 0.0037072  0.0038673
 0.0036608  0.0037466
 0.0034052  0.0036910
 0.0030003  0.0035390
 0.0029123  0.0034213
 0.0026849  0.0031457
 0.0021709  0.0027121
 0.0020912  0.0020708
 0.0020883  0.0014687
 0.0021075  0.0009788
 0.0021675  0.0003248
 0.0021124  0.0003546
 0.0020575  0.0004291
 0.0019248  0.0008183
 0.0014638  0.0011931
 0.0015031  0.0019899
 0.0013578  0.0024174
 0.0013547  0.0032170
 0.0014817  0.0038073
 0.0016931  0.0042336
 0.0015052  0.0047203
 0.0009936  0.0048410
 0.0004428  0.0049575
-0.0000074  0.0046049
-0.0004685  0.0047993
-0.0007899  0.0048798
-0.0012373  0.0051530
-0.0011099  0.0056385
-0.0011657  0.0060639
-0.0011900  0.0065185
-0.0009641  0.0069734
-0.0011294  0.0072645
-0.0010055  0.0074391
-0.0007390  0.0074323
-0.0005379  0.0074783
-0.0000785  0.0071391
 0.0006484  0.0068874
 0.0013277  0.0066179
 0.0015268  0.0063680
 0.0018893  0.0059576
 0.0017720  0.0054418
 0.0015145  0.0049256
 0.0010374  0.0044352
 0.0002629  0.0036822
-0.0000529  0.0029781
-0.0007404  0.0023127
-0.0012988  0.0020393
-0.0012910  0.0018358
-0.0013513  0.0015879
-0.0015544  0.0013322
-0.0015453  0.0011142
-0.0011612  0.0004918
-0.0012930 -0.0001237
-0.0012651 -0.0003638
-0.0014573 -0.0007683
-0.0018629 -0.0009448
-0.0023256 -0.0012339
-0.0030675 -0.0013780
-0.0031465 -0.0015839
-0.0032629 -0.0020981
-0.0031277 -0.0022404
-0.0026844 -0.0023060
-0.0025858 -0.0023080
-0.0023789 -0.0020228
-0.0024804 -0.0017394
-0.0028007 -0.0010695
-0.0030482 -0.0007041
-0.0037168 -0.0004478
-0.0037814 -0.0000761
-0.0036573 -0.0004028
-0.0034417 -0.0003114
-0.0031649 -0.0004012
-0.0031014 -0.0006990
-0.0030812 -0.0006855
-0.0032348 -0.0006386
-0.0036749 -0.0007099
-0.0039898 -0.0003672
-0.0042987 -0.0001009
-0.0045312  0.0001185
-0.0043958  0.0001193
-0.0041039  0.0004092
-0.0036844  0.0001993
-0.0030635 -0.0001455
-0.0024027 -0.0001834
-0.0020321 -0.0001679
-0.0016903 -0.0000567
-0.0016342  0.0000664
-0.0014721  0.0005344
-0.0017225  0.0006708
-0.0020368  0.0007990
-0.0024197  0.0006592
-0.0029712  0.0004539
-0.0031145  0.0002183
-0.0038326  0.0002498
-0.0045486 -0.0002278
-0.0049510 -0.0006465
-0.0053071 -0.0011146
-0.0057112 -0.0015652
-0.0059052 -0.0019221
-0.0060120 -0.0020879
-0.0057145 -0.0023975
-0.0055701 -0.0024311
-0.0050424 -0.0022710
-0.0046447 -0.0023300
-0.0042111 -0.0023804
-0.0039026 -0.0022922
-0.0038929 -0.0021681
-0.0039301 -0.0021097
-0.0043726 -0.0020029
-0.0049346 -0.0018679
-0.0054020 -0.0017918
-0.0055270 -0.0017984
-0.0056411 -0.0017229
-0.0057162 -0.0016401
-0.0058005 -0.0012666
-0.0063399 -0.0012427
-0.0063490 -0.0012382
-0.0066191 -0.0010218
-0.0066098 -0.0006552
-0.0064176 -0.0006810
-0.0059850 -0.0006053
-0.0052675 -0.0006832
-0.0044104 -0.0007775
-0.0036895 -0.0013469
-0.0029356 -0.0015924
-0.0025662 -0.0016075
-0.0027053 -0.0021530
-0.0027810 -0.0020456
-0.0028869 -0.0019501
-0.0029287 -0.0016234
-0.0029697 -0.0011793
-0.0030089 -0.0007798
-0.0028262 -0.0005074
-0.0028605 -0.0006168
-0.0024650 -0.0003828
-0.0017613 -0.0007264
-0.0013167 -0.0008293
-0.0005884 -0.0009147
 0.0001882 -0.0012692
 0.0006360 -0.0013853
 0.0009313 -0.0015962
 0.0013322 -0.0018114
 0.0013270 -0.0019257
 0.0012745 -0.0024023
 0.0008306 -0.0024883
 0.0001320 -0.0028281
-0.0001294 -0.0031699
-0.0007806 -0.0033510
-0.0009897 -0.0037729
-0.0011848 -0.0037514
-0.0008907 -0.0039593
-0.0008836 -0.0041354
-0.0005766 -0.0042290
-0.0004738 -0.0042781
 0.0000256 -0.0043132
 0.0001720 -0.0041671
 0.0003274 -0.0041384
 0.0001088 -0.0040784
 0.0000537 -0.0040463
-0.0002585 -0.0041065
-0.0005842 -0.0042514
-0.0007277 -0.0045910
-0.0008149 -0.0049067
-0.0010562 -0.0053985
-0.0007033 -0.0058301
-0.0005798 -0.0060623
-0.0006966 -0.0063937
-0.0003543 -0.0063174
-0.0001910 -0.0059405
 0.0000842 -0.0057634
 0.0002917 -0.0052347
 0.0002493 -0.0048009
 0.0001528 -0.0045465
 0.0001507 -0.0043591
-0.0000007 -0.0042891
-0.0000485 -0.0039511
 0.0001162 -0.0034979
 0.0000401 -0.0028854
-0.0000271 -0.0024554
-0.0000879 -0.0020039
-0.0003124 -0.0019475
-0.0003249 -0.0019665
-0.0009243 -0.0022738
-0.0008337 -0.0026858
-0.0009887 -0.0029434
-0.0010374 -0.0030096
-0.0013186 -0.0030873
-0.0013568 -0.0028854
-0.0009912 -0.0024052
-0.0008383 -0.0020028
-0.0006183 -0.0013946
-0.0005329 -0.0009587
-0.0006678 -0.0008016
-0.0008565 -0.0007972
-0.0009879 -0.0009875
-0.0011831 -0.0014684
-0.0015668 -0.0019796
-0.0013681 -0.0023660
-0.0013489 -0.0028291
-0.0009310 -0.0025533
-0.0001499 -0.0022764
 0.0004470 -0.0020361
 0.0012347 -0.0017404
 0.0017736 -0.0017739
 0.0022365 -0.0020174
 0.0023336 -0.0019865
 0.0023098 -0.0022805
 0.0022646 -0.0023274
 0.0022381 -0.0022477
 0.0020633 -0.0020632
 0.0021218 -0.0021611
 0.0024515 -0.0017483
 0.0023532 -0.0019300
 0.0022825 -0.0020555
 0.0021710 -0.0022744
 0.0020511 -0.0031174
 0.0016901 -0.0037004
 0.0018933 -0.0044243
 0.0016856 -0.0051560
 0.0016805 -0.0056843
 0.0017734 -0.0057812
 0.0019449 -0.0058397
 0.0020328 -0.0057118
 0.0021909 -0.0053139
 0.0022726 -0.0048133
 0.0022309 -0.0045250
 0.0024942 -0.0042470
 0.0023446 -0.0041955
 0.0023573 -0.0037631
 0.0022402 -0.0035598
 0.0019453 -0.0031752
 0.0016653 -0.0026578
 0.0013871 -0.0022955
 0.0010506 -0.0018185
 0.0007631 -0.0014157
 0.0006450 -0.0007841
 0.0004128 -0.0002768
 0.0006119  0.0005477
 0.0008856  0.0010570
 0.0008180  0.0014519
 0.0012286  0.0019610
 0.0016038  0.0021363
 0.0017674  0.0023612
 0.0017785  0.0026812
 0.0021857  0.0024644
 0.0021060  0.0023271
 0.0022917  0.0022962
 0.0024397  0.0020612
 0.0024323  0.0020284
 0.0028073  0.0021112
 0.0029327  0.0020722
 0.0029945  0.0019521
 0.0033543  0.0021001
 0.0034175  0.0022504
 0.0035197  0.0023218
 0.0035173  0.0028604
 0.0030611  0.0032525
 0.0027486  0.0033354
 0.0026935  0.0036824
 0.0026178  0.0035522
 0.0026400  0.0036448
 0.0026295  0.0036414
 0.0025035  0.0035731
 0.0024046  0.0033067
 0.0024987  0.0029140
 0.0026993  0.0022055
 0.0028630  0.0015802
 0.0034321  0.0010705
 0.0039948  0.0005430
 0.0041862  0.0006177
 0.0042649  0.0007485
 0.0046592  0.0006714
 0.0047225  0.0008182
 0.0045939  0.0006460
 0.0042772  0.0004457
 0.0041861  0.0001479
 0.0037836 -0.0001898
 0.0033718 -0.0007759
 0.0030266 -0.0008766
 0.0028647 -0.0011179
 0.0021767 -0.0013516
 0.0021674 -0.0011534
 0.0019964 -0.0011670
 0.0021032 -0.0010529
 0.0022379 -0.0007677
 0.0024563 -0.0007562
 0.0029172 -0.0006681
 0.0032404 -0.0006173
 0.0037103 -0.0005932
 0.0039530 -0.0006957
 0.0041092 -0.0005358
 0.0041404 -0.0004482
 0.0039817 -0.0005247
 0.0042999 -0.0002673
 0.0044349 -0.0003745
 0.0045688 -0.0004628
 0.0044864 -0.0002248
 0.0041744 -0.0001981
 0.0038254  0.0001491
 0.0029606  0.0006607
 0.0024688  0.0008926
 0.0016924  0.0009607
 0.0014608  0.0008975
 0.0012812  0.0006970
 0.0016437  0.0000636
 0.0023051 -0.0004153
 0.0027266 -0.0010986
 0.0032627 -0.0011312
 0.0041078 -0.0011614
 0.0044385 -0.0009762
 0.0043571 -0.0005337
 0.0042738  0.0000243
 0.0039137  0.0008705
 0.0032638  0.0014670
 0.0027083  0.0018731
 0.0022187  0.0019359
 0.0016093  0.0019017
 0.0015830  0.0016908
 0.0015387  0.0013258
 0.0016189  0.0009913
 0.0018821  0.0007444
 0.0016711  0.0006043
 0.0017392  0.0004285
 0.0015797  0.0001562
 0.0013802 -0.0002721
 0.0015008 -0.0006220
 0.0014937 -0.0011464
 0.0016486 -0.0014250
 0.0020750 -0.0014523
 0.0022516 -0.0016731
 0.0025211 -0.0015492
 0.0024281 -0.0014902
 0.0025841 -0.0017541
 0.0024584 -0.0014900
 0.0024582 -0.0015216
 0.0025809 -0.0016052
 0.0024793 -0.0009491
 0.0023360 -0.0005696
 0.0020645 -0.0003415
 0.0020124  0.0003001
 0.0021708  0.0003477
 0.0019382  0.0006442
 0.0024128  0.0006523
 0.0026286  0.0007607
 0.0026845  0.0008271
 0.0027315  0.0011925
 0.0030941  0.0011275
 0.0028833  0.0012941
 0.0028343  0.0017833
 0.0028440  0.0015947
 0.0024818  0.0018220
 0.0023785  0.0019270
 0.0018552  0.0021640
 0.0016576  0.0025342
 0.0013421  0.0024950
 0.0011414  0.0022239
 0.0010348  0.0018950
 0.0011293  0.0013578
 0.0011866  0.0006718
 0.0009765  0.0001807
 0.0012359  0.0000309
 0.0010893  0.0000730
 0.0010011  0.0001049
 0.0011517  0.0001206
 0.0011856  0.0004787
 0.0014545  0.0004698
 0.0017203  0.0002609
 0.0015084  0.0000314
 0.0016345 -0.0002448
 0.0010588 -0.0003960
 0.0005220 -0.0003871
 0.0000589 -0.0004749
-0.0004737 -0.0004160
-0.0008104 -0.0003407
-0.0010460 -0.0000914
-0.0008550  0.0000160
-0.0005688 -0.0002119
-0.0003578 -0.0005871
-0.0001215 -0.0010177
 0.0000431 -0.0016001
 0.0003471 -0.0020961
 0.0005463 -0.0026953
 0.0006592 -0.0029015
 0.0009260 -0.0032590
 0.0009937 -0.0035889
 0.0010363 -0.0038153
 0.0012989 -0.0039597
 0.0015593 -0.0043360
 0.0018573 -0.0041186
 0.0022273 -0.0041010
 0.0021754 -0.0038077
 0.0018453 -0.0034442
 0.0017034 -0.0034686
 0.0013275 -0.0036480
 0.0007782 -0.0035565
 0.0004728 -0.0038565
-0.0000150 -0.0040335
-0.0003188 -0.0039792
-0.0006668 -0.0035064
-0.0009036 -0.0035039
-0.0010871 -0.0030124
-0.0018357 -0.0024742
-0.0024731 -0.0025505
-0.0032681 -0.0024986
-0.0039844 -0.0026631
-0.0047944 -0.0029017
-0.0051025 -0.0032982
-0.0053240 -0.0037649
-0.0049441 -0.0041400
-0.0046140 -0.0044670
-0.0042771 -0.0043895
-0.0040981 -0.0046273
-0.0036148 -0.0046479
-0.0035010 -0.0043556
-0.0032606 -0.0041784
-0.0028108 -0.0037454
-0.0025417 -0.0035704
-0.0028849 -0.0032592
-0.0029600 -0.0030339
-0.0036086 -0.0035923
-0.0041744 -0.0042194
-0.0050996 -0.0050644
-0.0051969 -0.0054645
-0.0052510 -0.0059881
-0.0048981 -0.0059797
-0.0043530 -0.0054398
-0.0038016 -0.0043697
-0.0032898 -0.0032683
-0.0030256 -0.0022966
-0.0028653 -0.0016010
-0.0029239 -0.0012638
-0.0032299 -0.0011352
-0.0033357 -0.0010266
-0.0033466 -0.0010142
-0.0035382 -0.0006085
-0.0037518 -0.0004653
-0.0036666  0.0002921
-0.0039543  0.0005014
-0.0040495  0.0009974
-0.0043182  0.0012931
-0.0040873  0.0013503
-0.0037415  0.0016733
-0.0032620  0.0016516
-0.0032582  0.0017354
-0.0026735  0.0018955
-0.0022512  0.0016015
-0.0018858  0.0015246
-0.0013696  0.0014867
-0.0009624  0.0012224
-0.0006122  0.0008809
-0.0004266  0.0009477
-0.0005092  0.0006181
-0.0007478  0.0005860
-0.0012313  0.0005045
-0.0016936  0.0001813
-0.0023489 -0.0002569
-0.0025102 -0.0006243
-0.0033252 -0.0015358
-0.0031742 -0.0020895
-0.0030789 -0.0028552
-0.0033631 -0.0039195
-0.0033569 -0.0045065
-0.0030878 -0.0049854
-0.0029000 -0.0054460
-0.0025538 -0.0052547
-0.0022348 -0.0051305
-0.0019080 -0.0049894
-0.0012192 -0.0042704
-0.0008993 -0.0040065
-0.0007963 -0.0038125
-0.0006702 -0.0038244
-0.0006997 -0.0039773
-0.0007094 -0.0043546
-0.0004526 -0.0045562
-0.0001241 -0.0049154
-0.0000083 -0.0052059
 0.0005842 -0.0051288
 0.0009193 -0.0053983
 0.0010796 -0.0054716
 0.0012986 -0.0051273
 0.0012110 -0.0048748
 0.0009161 -0.0044276
 0.0008390 -0.0045008
 0.0003805 -0.0046704
-0.0000161 -0.0048135
 0.0003043 -0.0051183
 0.0002141 -0.0054644
 0.0004180 -0.0053449
 0.0007832 -0.0050802
 0.0011855 -0.0047403
 0.0016710 -0.0042201
 0.0020307 -0.0037815
 0.0023609 -0.0032764
 0.0026637 -0.0028155
 0.0027019 -0.0025357
 0.0027277 -0.0025349
 0.0031501 -0.0026477
 0.0038694 -0.0031548
 0.0041831 -0.0034534
 0.0046854 -0.0034811
 0.0050026 -0.0037984
 0.0053207 -0.0039991
 0.0053437 -0.0036508
 0.0052860 -0.0037495
 0.0053778 -0.0032922
 0.0054010 -0.0029973
 0.0052956 -0.0028200
 0.0052199 -0.0025930
 0.0053445 -0.0025758
 0.0051261 -0.0028603
 0.0050514 -0.0028562
 0.0053605 -0.0029842
 0.0051913 -0.0031523
 0.0049261 -0.0036487
 0.0047648 -0.0038098
 0.0044535 -0.0040686
 0.0042248 -0.0039152
 0.0041109 -0.0034268
 0.0040350 -0.0030368
 0.0038465 -0.0021179
 0.0036085 -0.0014697
 0.0031069 -0.0010232
 0.0025830 -0.0007045
 0.0024805 -0.0008487
 0.0016613 -0.0012147
 0.0014661 -0.0011273
 0.0012117 -0.0013644
 0.0008536 -0.0013695
 0.0005184 -0.0012003
 0.0003201 -0.0009811
 0.0003383 -0.0008743
 0.0006780 -0.0005056
 0.0008872 -0.0002046
 0.0011405  0.0000336
 0.0014401  0.0004624
 0.0015534  0.0006696
 0.0013895  0.0005376
 0.0015345  0.0007693
 0.0015247  0.0006440
 0.0014579  0.0009183
 0.0016271  0.0014325
 0.0018044  0.0020837
 0.0018359  0.0026086
 0.0023034  0.0034201
 0.0025596  0.0037428
 0.0030245  0.0040984
 0.0037001  0.0041167
 0.0042795  0.0039421
 0.0047393  0.0036264
 0.0055519  0.0031255
 0.0061353  0.0029210
 0.0065925  0.0026492
 0.0073751  0.0023224
 0.0074849  0.0020919
 0.0076382  0.0021399
 0.0078586  0.0024700
 0.0072284  0.0028772
 0.0068035  0.0030728
 0.0059088  0.0031421
 0.0050073  0.0032416
 0.0040377  0.0031253
 0.0031909  0.0029975
 0.0027702  0.0028701
 0.0026059  0.0030956
 0.0020117  0.0028491
 0.0017540  0.0028588
 0.0016165  0.0027996
 0.0010426  0.0025800
 0.0007648  0.0020927
 0.0005302  0.0018282
 0.0002714  0.0012951
 0.0001165  0.0008785
 0.0002792  0.0004719
 0.0007458  0.0004150
 0.0007585  0.0005484
 0.0011058  0.0008052
 0.0009536  0.0008867
 0.0007162  0.0008752
 0.0008560  0.0007091
 0.0009324  0.0003033
 0.0013906 -0.0000122
 0.0022140 -0.0004733
 0.0029370 -0.0005024
 0.0041553 -0.0001400
 0.0049922  0.0000786
 0.0056015  0.0004880
 0.0057287  0.0007681
 0.0057584  0.0011464
 0.0053660  0.0011589
 0.0050797  0.0010796
 0.0048667  0.0011375
 0.0042536  0.0009471
 0.0039924  0.0008751
 0.0040754  0.0009391
 0.0035761  0.0009518
 0.0034855  0.0009753
 0.0034081  0.0008350
 0.0030230  0.0008021
 0.0030968  0.0006454
 0.0030397  0.0000749
 0.0030278 -0.0003022
 0.0031798 -0.0010241
 0.0032223 -0.0013528
 0.0029248 -0.0016324
 0.0032187 -0.0022536
 0.0031240 -0.0024138
 0.0027094 -0.0024681
 0.0025089 -0.0024913
 0.0020862 -0.0028230
 0.0017402 -0.0027313
 0.0016346 -0.0029297
 0.0013469 -0.0029493
 0.0013368 -0.0029713
 0.0017058 -0.0028312
 0.0018067 -0.0026138
 0.0019246 -0.0022999
 0.0018490 -0.0020516
 0.0013082 -0.0022327
 0.0006983 -0.0018550
 0.0000844 -0.0015259
-0.0005109 -0.0010453
-0.0009023 -0.0004808
-0.0010410  0.0000515
-0.0012158  0.0002681
-0.0012866  0.0008208
-0.0012613  0.0011363
-0.0014854  0.0011862
-0.0016745  0.0013140
-0.0021338  0.0012793
-0.0029774  0.0010211
-0.0036299  0.0011655
-0.0038313  0.0008539
-0.0037904  0.0006008
-0.0032414  0.0007818
-0.0022892  0.0006231
-0.0010979  0.0009231
 0.0000340  0.0012220
 0.0008201  0.0014644
 0.0013064  0.0017941
 0.0014854  0.0017601
 0.0013229  0.0016777
 0.0010914  0.0013860
 0.0011188  0.0011700
 0.0009735  0.0007407
 0.0007897  0.0009462
 0.0005654  0.0010453
 0.0000602  0.0012811
-0.0007556  0.0019632
-0.0012034  0.0024561
-0.0020887  0.0027171
-0.0025357  0.0028991
-0.0024456  0.0029908
-0.0025368  0.0030335
-0.0026111  0.0033949
-0.0024857  0.0033198
-0.0020987  0.0030929
-0.0018567  0.0030429
-0.0015212  0.0029947
-0.0012069  0.0032107
-0.0005942  0.0033807
-0.0004067  0.0036508
-0.0005958  0.0041905
-0.0005333  0.0044961
-0.0009223  0.0047066
-0.0012381  0.0049465
-0.0012563  0.0047272
-0.0013603  0.0043530
-0.0010238  0.0040296
-0.0008585  0.0035136
-0.0003351  0.0029417
-0.0003688  0.0027243
-0.0001966  0.0025838
-0.0003016  0.0025122
-0.0005213  0.0024321
-0.0008154  0.0022031
-0.0014838  0.0019109
-0.0017397  0.0018836
-0.0019535  0.0015970
-0.0023257  0.0014627
-0.0026425  0.0016797
-0.0028918  0.0017919
-0.0028554  0.0016284
-0.0029277  0.0014655
-0.0023290  0.0014368
-0.0023238  0.0013343
-0.0020226  0.0017290
-0.0020331  0.0018691
-0.0023404  0.0021299
-0.0026278  0.0024576
-0.0027734  0.0027347
-0.0029157  0.0028989
-0.0032696  0.0026376
-0.0029997  0.0024999
-0.0031499  0.0021563
-0.0029554  0.0019746
-0.0031034  0.0017225
-0.0034157  0.0015311
-0.0040160  0.0012168
-0.0044672  0.0012923
-0.0048788  0.0011201
-0.0047187  0.0011076
-0.0051260  0.0008237
-0.0050093  0.0008959
-0.0048731  0.0008127
-0.0049825  0.0009433
-0.0049791  0.0010564
-0.0051634  0.0010846
-0.0054899  0.0008378
-0.0054832  0.0006199
-0.0051893  0.0004742
-0.0047391  0.0001103
-0.0042209 -0.0000903
-0.0034112 -0.0000341
-0.0030236  0.0002604
-0.0033934  0.0005124
-0.0032454  0.0007332
-0.0037214  0.0009502
-0.0039673  0.0008707
-0.0039949  0.0005933
-0.0036990  0.0004570
-0.0034783 -0.0001010
-0.0032230 -0.0003379
-0.0027657 -0.0007675
-0.0026723 -0.0015324
-0.0024341 -0.0020661
-0.0022260 -0.0024788
-0.0019389 -0.0026605
-0.0019884 -0.0026720
-0.0019653 -0.0026387
-0.0019443 -0.0024635
-0.0021706 -0.0025558
-0.0023490 -0.0025724
-0.0023959 -0.0025102
-0.0021169 -0.0023637
-0.0019824 -0.0020112
-0.0019578 -0.0017423
-0.0015678 -0.0014304
-0.0014492 -0.0014157
-0.0010051 -0.0013139
-0.0004915 -0.0013245
-0.0000547 -0.0014684
 0.0004766 -0.0013376
 0.0007330 -0.0015130
 0.0008735 -0.0011447
 0.0009078 -0.0007967
 0.0005918 -0.0008649
 0.0004766 -0.0003700
 0.0003696 -0.0004227
 0.0005042 -0.0005985
 0.0005161 -0.0009082
 0.0006704 -0.0011517
 0.0009153 -0.0016305
 0.0008041 -0.0016816
 0.0007207 -0.0019590
 0.0005001 -0.0021663
 0.0000291 -0.0019539
-0.0000787 -0.0022850
-0.0002806 -0.0022833
-0.0004484 -0.0023209
 0.0000367 -0.0023869
 0.0005006 -0.0019634
 0.0004388 -0.0015992
 0.0006045 -0.0011405
 0.0005340 -0.0004015
 0.0000428 -0.0001215
-0.0001275  0.0000996
-0.0004190  0.0004266
-0.0004063  0.0003675
-0.0006594  0.0001503
-0.0006349 -0.0003492
