[PARAMETERS]
DW=1E-007
TAU=0.0001
TD=4096
BS=4096
NS=128
NSC=128
FR=56.030000
GAIN=4.974204
D0=0.05
D1=5E-006
D2=1.05E-005
D3=2.5E-005
D4=1E-005
D5=5E-005
D6=0.001
D7=0.001
D8=0.001
D9=0.05
C0=1
SEGTD=0
SEGOFF=0
SEGNUM=0
[ADDITIONAL]
PPFILE=ZG_two_T2.PC
DATEWR=26.09.2024
TIMEWR=13:49:31
DATESTA=26.09.2024
TIMESTA=13:49:22
DATEEND=26.09.2024
TIMEEND=13:49:31
CURR_Z0=0
CURR_Z1=1
TE=-1
[VARIABLES]
_USER=Measurements
_EMAIL_F=7NMR.NMR-270-ijs.si
_ITC_H=1
_ITC_R0= 70.00
_ITC_R1= 70.06
_ITC_R2= 70.78
_ITC_R3=  0.00
_ITC_R4=  0.06
_ITC_V=  4.98
_ITC_X=X0A1C1S00H1
_FW=100
_ORIENT=?
_THETA=0
_TITLE=?
_DESCR1=?
_DESCR2=?
_FR_LARM=56.03000000
_FR_SYNT=526.03000000
_TRIMLEV=1.728515625
_DATE=26.09.2024
_TIME=13:44:47
_ITC_DIR=M35
[PPFILE]
; pi/2 - pi


DELAY D9
PULSE [GT] 3u
PULSE [PHL1,GT] D1
DELAY TAU-3u
PULSE [GT] 3u
PULSE [PHL2,GT] 2*D1
DELAY TAU-D3
PULSE [TR] 1u+DW
DELAY 1m
STOP

;PHL 1 [+X] [+X] [+Y] [+Y] [-X] [-X] [-Y] [-Y]
;PHL 2 [+Y] [-Y] [-X] [+X] [-Y] [+Y] [+X] [-X]
;!RLS +X+X+Y+Y-X-X-Y-Y

PHL 1 [+X] [+X] [-X] [-X] [+Y] [+Y] [-Y] [-Y] [+X] [+X] [-X] [-X] [+Y] [+Y] [-Y] [-Y]
PHL 2 [+Y] [-Y] [-Y] [+Y] [-X] [+X] [+X] [-X] [+X] [-X] [-X] [+X] [-Y] [+Y] [+Y] [-Y]
!RLS +X+X-X-X+Y+Y-Y-Y-X-X+X+X-Y-Y+Y+Y
[DATA]
 0.0029128  0.0039964
 0.0028159  0.0039972
 0.0030477  0.0039779
 0.0027469  0.0038030
 0.0033647  0.0039738
 0.0034907  0.0043541
 0.0034770  0.0048685
 0.0034282  0.0051507
 0.0038182  0.0054728
 0.0037250  0.0060288
 0.0036725  0.0060082
 0.0035837  0.0060869
 0.0034465  0.0063550
 0.0033346  0.0062593
 0.0031800  0.0062032
 0.0030270  0.0059323
 0.0025857  0.0059101
 0.0025255  0.0054474
 0.0022130  0.0051013
 0.0026106  0.0047561
 0.0027753  0.0045676
 0.0027123  0.0044178
 0.0026917  0.0046492
 0.0026118  0.0049217
 0.0026295  0.0049989
 0.0025887  0.0054963
 0.0023000  0.0061100
 0.0024531  0.0060680
 0.0022407  0.0055709
 0.0024147  0.0051280
 0.0029182  0.0046302
 0.0031730  0.0039584
 0.0036741  0.0039963
 0.0039652  0.0037060
 0.0042002  0.0034335
 0.0042183  0.0034076
 0.0043924  0.0035614
 0.0041408  0.0031149
 0.0042325  0.0028052
 0.0041529  0.0027095
 0.0042809  0.0028613
 0.0048703  0.0025738
 0.0051162  0.0025552
 0.0055946  0.0027054
 0.0060747  0.0027607
 0.0065527  0.0032985
 0.0066298  0.0034879
 0.0066714  0.0036772
 0.0062083  0.0040244
 0.0061312  0.0044072
 0.0054214  0.0038702
 0.0045900  0.0038169
 0.0041673  0.0039381
 0.0038641  0.0037306
 0.0031955  0.0034108
 0.0027530  0.0030515
 0.0027381  0.0025364
 0.0024543  0.0018270
 0.0028972  0.0018476
 0.0030769  0.0016966
 0.0030781  0.0015258
 0.0031585  0.0012351
 0.0025133  0.0012961
 0.0021532  0.0009529
 0.0017745  0.0011689
 0.0015666  0.0011112
 0.0012218  0.0010676
 0.0013954  0.0012008
 0.0009558  0.0015634
 0.0009739  0.0022933
 0.0006085  0.0025013
 0.0005326  0.0027887
 0.0000356  0.0024290
-0.0002276  0.0025853
-0.0006471  0.0023551
-0.0010439  0.0024569
-0.0018688  0.0025110
-0.0025576  0.0019534
-0.0036287  0.0017229
-0.0042392  0.0015674
-0.0046566  0.0012949
-0.0047482  0.0004494
-0.0051132  0.0000779
-0.0048435 -0.0000763
-0.0044265 -0.0003266
-0.0043304 -0.0004219
-0.0036469 -0.0004203
-0.0033990 -0.0006645
-0.0029750 -0.0006048
-0.0031156 -0.0009471
-0.0030178 -0.0011789
-0.0029218 -0.0010622
-0.0035395 -0.0011623
-0.0030805 -0.0013921
-0.0034216 -0.0014518
-0.0032484 -0.0017268
-0.0030389 -0.0019429
-0.0030376 -0.0020454
-0.0028116 -0.0019538
-0.0026787 -0.0018949
-0.0027752 -0.0012634
-0.0032936 -0.0013991
-0.0035246 -0.0008431
-0.0040240 -0.0004604
-0.0040595 -0.0003618
-0.0043284 -0.0001139
-0.0047851 -0.0006077
-0.0047483 -0.0004704
-0.0043050 -0.0005092
-0.0041920 -0.0004284
-0.0037131 -0.0004062
-0.0033279 -0.0004054
-0.0033481 -0.0004837
-0.0032137 -0.0004070
-0.0029093 -0.0005188
-0.0029480 -0.0005927
-0.0030276 -0.0004703
-0.0030680 -0.0003132
-0.0033777 -0.0003822
-0.0029792 -0.0003980
-0.0032744 -0.0001275
-0.0031444 -0.0000903
-0.0029991 -0.0000491
-0.0030984 -0.0002021
-0.0033330 -0.0001258
-0.0032418  0.0005642
-0.0032159  0.0002775
-0.0033883  0.0005262
-0.0034771  0.0005852
-0.0035292  0.0005266
-0.0036571  0.0005315
-0.0039171  0.0003781
-0.0038734  0.0000737
-0.0038924  0.0000175
-0.0037774 -0.0001916
-0.0034515 -0.0002267
-0.0032606 -0.0002461
-0.0029537 -0.0000313
-0.0028580  0.0002344
-0.0027228  0.0002699
-0.0029739 -0.0000357
-0.0029780  0.0002881
-0.0031132  0.0003038
-0.0031269 -0.0001952
-0.0033022 -0.0001428
-0.0033018 -0.0002268
-0.0030312 -0.0003447
-0.0033357 -0.0003298
-0.0031071 -0.0004505
-0.0028237 -0.0006217
-0.0027833 -0.0007380
-0.0028427 -0.0015463
-0.0029965 -0.0018112
-0.0029776 -0.0020796
-0.0027087 -0.0024656
-0.0028803 -0.0026389
-0.0030478 -0.0026631
-0.0029896 -0.0028771
-0.0029335 -0.0028420
-0.0026630 -0.0027508
-0.0026259 -0.0025198
-0.0026299 -0.0023087
-0.0027838 -0.0023272
-0.0028023 -0.0023389
-0.0033430 -0.0022420
-0.0032049 -0.0020316
-0.0030127 -0.0021051
-0.0029351 -0.0020886
-0.0026234 -0.0020559
-0.0021640 -0.0022271
-0.0019544 -0.0023333
-0.0018995 -0.0022199
-0.0018967 -0.0025279
-0.0020723 -0.0025695
-0.0019960 -0.0026281
-0.0020170 -0.0029511
-0.0020744 -0.0029321
-0.0014599 -0.0034117
-0.0010602 -0.0030459
-0.0009080 -0.0026628
 0.0001264 -0.0030039
 0.0007559 -0.0023499
 0.0012359 -0.0019267
 0.0016946 -0.0014983
 0.0019598 -0.0011705
 0.0018613 -0.0010162
 0.0017434 -0.0006480
 0.0019335 -0.0005749
 0.0015290 -0.0001942
 0.0011256 -0.0004454
 0.0010691 -0.0002374
 0.0005503 -0.0000340
 0.0004340  0.0001380
-0.0000259  0.0004243
-0.0001603  0.0008288
-0.0001781  0.0007380
-0.0002927  0.0015681
-0.0000020  0.0018819
 0.0001183  0.0023495
 0.0001785  0.0031170
 0.0002395  0.0037917
 0.0004321  0.0047118
 0.0005092  0.0054583
 0.0006634  0.0066102
 0.0005302  0.0074544
 0.0007773  0.0085474
 0.0011806  0.0093565
 0.0011786  0.0100857
 0.0013901  0.0111027
 0.0018302  0.0117003
 0.0021532  0.0123144
 0.0026518  0.0128530
 0.0034549  0.0138111
 0.0042244  0.0147849
 0.0052229  0.0159299
 0.0061059  0.0175190
 0.0073539  0.0187210
 0.0082732  0.0207490
 0.0091776  0.0222654
 0.0100433  0.0239676
 0.0108136  0.0256318
 0.0117378  0.0266856
 0.0126006  0.0279102
 0.0137925  0.0292889
 0.0153821  0.0304142
 0.0164346  0.0317542
 0.0183318  0.0330550
 0.0201123  0.0343224
 0.0216805  0.0357181
 0.0238041  0.0374111
 0.0260280  0.0389683
 0.0279058  0.0403891
 0.0301482  0.0421390
 0.0323728  0.0438138
 0.0347254  0.0456751
 0.0368693  0.0469824
 0.0393447  0.0482522
 0.0417397  0.0495802
 0.0441763  0.0508281
 0.0467292  0.0520802
 0.0496839  0.0531340
 0.0525816  0.0542277
 0.0555370  0.0552827
 0.0586261  0.0564116
 0.0617123  0.0574674
 0.0646843  0.0588470
 0.0679797  0.0598014
 0.0711822  0.0608164
 0.0743851  0.0616207
 0.0773316  0.0624996
 0.0805123  0.0633632
 0.0834241  0.0643032
 0.0861825  0.0653000
 0.0889627  0.0662811
 0.0916121  0.0669332
 0.0943176  0.0679898
 0.0972690  0.0685635
 0.1000133  0.0689871
 0.1031936  0.0698850
 0.1063376  0.0698668
 0.1089639  0.0700582
 0.1117260  0.0703109
 0.1143535  0.0702908
 0.1172658  0.0703481
 0.1198356  0.0702302
 0.1228468  0.0702661
 0.1261054  0.0710494
 0.1293450  0.0718702
 0.1326190  0.0725747
 0.1358764  0.0736866
 0.1389461  0.0741238
 0.1422613  0.0743980
 0.1451920  0.0749564
 0.1485096  0.0751894
 0.1517352  0.0752899
 0.1553011  0.0757098
 0.1590455  0.0759969
 0.1628201  0.0763833
 0.1669976  0.0767228
 0.1707734  0.0776013
 0.1750079  0.0776570
 0.1791665  0.0782114
 0.1832863  0.0787475
 0.1869871  0.0788606
 0.1913197  0.0792470
 0.1955788  0.0796693
 0.1998585  0.0799011
 0.2042117  0.0800912
 0.2086251  0.0802471
 0.2133655  0.0801502
 0.2180090  0.0799943
 0.2230761  0.0795534
 0.2281774  0.0792070
 0.2331476  0.0789769
 0.2380406  0.0783995
 0.2434096  0.0780539
 0.2483365  0.0777595
 0.2535186  0.0771991
 0.2587132  0.0764432
 0.2638674  0.0756503
 0.2685275  0.0742085
 0.2734104  0.0730545
 0.2779751  0.0718792
 0.2822855  0.0700575
 0.2867303  0.0683133
 0.2915067  0.0662974
 0.2961716  0.0642282
 0.3005244  0.0618130
 0.3056067  0.0590102
 0.3103261  0.0563265
 0.3149309  0.0535285
 0.3194755  0.0504431
 0.3239817  0.0474368
 0.3281403  0.0439852
 0.3324006  0.0404217
 0.3364490  0.0370868
 0.3397468  0.0341532
 0.3428214  0.0305465
 0.3463154  0.0272107
 0.3486596  0.0235637
 0.3511411  0.0193033
 0.3536915  0.0153712
 0.3556291  0.0111908
 0.3577960  0.0067399
 0.3594235  0.0026015
 0.3610130 -0.0015199
 0.3624694 -0.0058303
 0.3632926 -0.0103127
 0.3640573 -0.0146283
 0.3645175 -0.0192076
 0.3648207 -0.0233303
 0.3653161 -0.0280440
 0.3652608 -0.0321263
 0.3649330 -0.0360353
 0.3642260 -0.0405020
 0.3634387 -0.0443553
 0.3624661 -0.0482103
 0.3613179 -0.0523160
 0.3598289 -0.0564238
 0.3581089 -0.0599719
 0.3561956 -0.0639823
 0.3544143 -0.0677610
 0.3526318 -0.0716539
 0.3503494 -0.0755081
 0.3482794 -0.0794955
 0.3456316 -0.0831240
 0.3429422 -0.0866733
 0.3401600 -0.0899348
 0.3372808 -0.0928713
 0.3345192 -0.0958436
 0.3312174 -0.0987550
 0.3280924 -0.1009966
 0.3246779 -0.1029516
 0.3215165 -0.1051322
 0.3181037 -0.1072652
 0.3149997 -0.1093158
 0.3115101 -0.1117331
 0.3081949 -0.1135398
 0.3049763 -0.1154589
 0.3017701 -0.1172047
 0.2980516 -0.1188552
 0.2946581 -0.1204068
 0.2907260 -0.1219188
 0.2865795 -0.1233804
 0.2827819 -0.1246005
 0.2790404 -0.1256409
 0.2755132 -0.1269055
 0.2721956 -0.1279572
 0.2687852 -0.1282253
 0.2652185 -0.1288959
 0.2615775 -0.1291075
 0.2577242 -0.1294555
 0.2541357 -0.1298556
 0.2502807 -0.1303187
 0.2459448 -0.1303753
 0.2419752 -0.1311238
 0.2380411 -0.1318154
 0.2346040 -0.1321784
 0.2313611 -0.1330057
 0.2280406 -0.1338095
 0.2247384 -0.1342698
 0.2216893 -0.1350535
 0.2184431 -0.1352865
 0.2150286 -0.1353809
 0.2113097 -0.1358186
 0.2078956 -0.1357552
 0.2036967 -0.1361173
 0.1997666 -0.1360531
 0.1956076 -0.1359537
 0.1917959 -0.1356965
 0.1880778 -0.1359840
 0.1839018 -0.1361507
 0.1798757 -0.1363255
 0.1759844 -0.1358987
 0.1719186 -0.1358063
 0.1672957 -0.1357490
 0.1630964 -0.1355754
 0.1586442 -0.1353860
 0.1543883 -0.1353505
 0.1497848 -0.1350598
 0.1457760 -0.1349294
 0.1417672 -0.1344473
 0.1378961 -0.1338522
 0.1339232 -0.1331763
 0.1300703 -0.1325626
 0.1261584 -0.1314874
 0.1220951 -0.1300880
 0.1179962 -0.1283830
 0.1137210 -0.1272897
 0.1096157 -0.1255834
 0.1057635 -0.1248728
 0.1016950 -0.1234298
 0.0982845 -0.1226796
 0.0946548 -0.1218527
 0.0912783 -0.1203932
 0.0880951 -0.1193568
 0.0847372 -0.1177236
 0.0814228 -0.1160553
 0.0779526 -0.1146753
 0.0746895 -0.1129093
 0.0708152 -0.1113379
 0.0677043 -0.1100916
 0.0642757 -0.1086687
 0.0610933 -0.1071119
 0.0576425 -0.1054815
 0.0547323 -0.1037329
 0.0517595 -0.1013540
 0.0488910 -0.0990930
 0.0460563 -0.0968571
 0.0429721 -0.0946749
 0.0402298 -0.0924192
 0.0374533 -0.0899709
 0.0350603 -0.0873866
 0.0327807 -0.0848963
 0.0308662 -0.0826167
 0.0284102 -0.0802205
 0.0265449 -0.0779030
 0.0246679 -0.0761196
 0.0226883 -0.0741276
 0.0214391 -0.0724932
 0.0201878 -0.0705568
 0.0190739 -0.0689087
 0.0180528 -0.0669324
 0.0170918 -0.0650117
 0.0158604 -0.0631513
 0.0149007 -0.0613473
 0.0136535 -0.0592765
 0.0125218 -0.0575129
 0.0113138 -0.0557890
 0.0105656 -0.0541982
 0.0100860 -0.0525093
 0.0092430 -0.0509541
 0.0087815 -0.0489971
 0.0085546 -0.0476486
 0.0079974 -0.0459835
 0.0075920 -0.0444283
 0.0069384 -0.0429126
 0.0060735 -0.0411870
 0.0053807 -0.0400359
 0.0044932 -0.0384435
 0.0032873 -0.0371955
 0.0023837 -0.0356989
 0.0019597 -0.0347807
 0.0010779 -0.0335348
 0.0007674 -0.0320571
 0.0005353 -0.0310247
 0.0004178 -0.0298942
 0.0004541 -0.0291089
 0.0003572 -0.0284141
 0.0002268 -0.0277031
-0.0003857 -0.0271051
-0.0002670 -0.0264179
-0.0008023 -0.0262859
-0.0008584 -0.0253662
-0.0006061 -0.0249447
-0.0008560 -0.0242381
-0.0006416 -0.0232990
-0.0009484 -0.0227963
-0.0012928 -0.0218548
-0.0013502 -0.0210828
-0.0013320 -0.0203290
-0.0017531 -0.0194048
-0.0023272 -0.0185771
-0.0024992 -0.0179028
-0.0028840 -0.0174421
-0.0027330 -0.0171333
-0.0021544 -0.0170767
-0.0018670 -0.0171514
-0.0015577 -0.0168454
-0.0010554 -0.0166132
-0.0007922 -0.0162378
-0.0006416 -0.0156088
-0.0003182 -0.0154582
 0.0000803 -0.0149697
 0.0000915 -0.0142070
 0.0006402 -0.0138816
 0.0006349 -0.0132897
 0.0012474 -0.0130233
 0.0014816 -0.0128488
 0.0017097 -0.0126554
 0.0018870 -0.0127552
 0.0024086 -0.0124443
 0.0026210 -0.0118879
 0.0025649 -0.0115443
 0.0028717 -0.0111006
 0.0027942 -0.0107158
 0.0028519 -0.0100609
 0.0032137 -0.0095978
 0.0030623 -0.0091787
 0.0034850 -0.0086079
 0.0036570 -0.0083022
 0.0037955 -0.0081157
 0.0036841 -0.0079482
 0.0043015 -0.0077003
 0.0040738 -0.0073773
 0.0041973 -0.0071670
 0.0042761 -0.0072986
 0.0040121 -0.0072029
 0.0039143 -0.0068751
 0.0036111 -0.0069877
 0.0033212 -0.0065807
 0.0032251 -0.0065238
 0.0033963 -0.0067123
 0.0031270 -0.0062751
 0.0031085 -0.0059282
 0.0032029 -0.0052386
 0.0027963 -0.0048208
 0.0027765 -0.0048353
 0.0029477 -0.0043371
 0.0028460 -0.0040270
 0.0029239 -0.0037573
 0.0031899 -0.0039087
 0.0027293 -0.0035578
 0.0027854 -0.0035368
 0.0026542 -0.0035154
 0.0016928 -0.0034774
 0.0017353 -0.0032040
 0.0015084 -0.0033962
 0.0012972 -0.0033014
 0.0014510 -0.0028027
 0.0012209 -0.0024196
 0.0008559 -0.0018293
 0.0007267 -0.0015843
 0.0008253 -0.0011042
 0.0005620 -0.0004950
 0.0005839 -0.0004760
 0.0003759 -0.0008628
 0.0003000 -0.0012141
 0.0006424 -0.0017115
 0.0007010 -0.0028432
 0.0008313 -0.0030354
 0.0016905 -0.0037415
 0.0019368 -0.0042535
 0.0023195 -0.0041776
 0.0026635 -0.0044456
 0.0033131 -0.0039664
 0.0037363 -0.0034258
 0.0041158 -0.0029865
 0.0043661 -0.0022383
 0.0044012 -0.0021406
 0.0043406 -0.0015059
 0.0042635 -0.0017550
 0.0039675 -0.0016791
 0.0036574 -0.0019097
 0.0035638 -0.0024249
 0.0036744 -0.0022949
 0.0040188 -0.0021580
 0.0043817 -0.0022351
 0.0044621 -0.0015992
 0.0046955 -0.0015431
 0.0049478 -0.0010997
 0.0047577 -0.0008518
 0.0043943 -0.0007768
 0.0042594 -0.0008482
 0.0039893 -0.0006952
 0.0035476 -0.0011712
 0.0033785 -0.0009806
 0.0032049 -0.0012705
 0.0029776 -0.0012346
 0.0027858 -0.0013505
 0.0026925 -0.0012593
 0.0022657 -0.0013953
 0.0020748 -0.0014196
 0.0019003 -0.0016530
 0.0021462 -0.0015040
 0.0022803 -0.0019275
 0.0024090 -0.0016256
 0.0025204 -0.0013979
 0.0026912 -0.0011883
 0.0024393 -0.0012897
 0.0022079 -0.0012118
 0.0021110 -0.0012740
 0.0018805 -0.0014443
 0.0014238 -0.0015602
 0.0015781 -0.0016357
 0.0019483 -0.0014617
 0.0023513 -0.0013244
 0.0026226 -0.0010527
 0.0028519 -0.0006852
 0.0033106 -0.0008738
 0.0034454 -0.0002205
 0.0037345 -0.0002782
 0.0039655  0.0000892
 0.0039590  0.0004570
 0.0040583  0.0007635
 0.0040741  0.0009779
 0.0043074  0.0012682
 0.0045178  0.0013449
 0.0050007  0.0011741
 0.0051949  0.0009815
 0.0053693  0.0009197
 0.0053520  0.0007627
 0.0053899  0.0005458
 0.0052571  0.0001986
 0.0045283  0.0001392
 0.0041440  0.0003702
 0.0036066  0.0004295
 0.0031100  0.0005236
 0.0025157  0.0003730
 0.0024216  0.0006229
 0.0025201  0.0005054
 0.0023675  0.0004824
 0.0024228  0.0005397
 0.0024228  0.0007901
 0.0022113  0.0008445
 0.0022084  0.0008890
 0.0019605  0.0007215
 0.0018854  0.0011842
 0.0022488  0.0008503
 0.0021725  0.0009476
 0.0023489  0.0008346
 0.0023534  0.0007207
 0.0023922  0.0007216
 0.0026615  0.0008515
 0.0028920  0.0010611
 0.0026413  0.0010958
 0.0023518  0.0012988
 0.0022820  0.0011438
 0.0021112  0.0010614
 0.0018896  0.0013605
 0.0017814  0.0013532
 0.0017273  0.0017093
 0.0013866  0.0021812
 0.0017128  0.0029059
 0.0019413  0.0035947
 0.0019446  0.0040376
 0.0022663  0.0046126
 0.0021703  0.0047862
 0.0019389  0.0044624
 0.0019728  0.0042024
 0.0013958  0.0039170
 0.0008548  0.0033457
 0.0005467  0.0030978
 0.0001834  0.0030441
-0.0000331  0.0030110
-0.0000290  0.0033619
 0.0003162  0.0041331
-0.0004085  0.0041747
 0.0001333  0.0043548
-0.0000173  0.0044711
-0.0001884  0.0049152
-0.0006059  0.0044405
-0.0005433  0.0041869
-0.0005207  0.0039572
-0.0002711  0.0034194
 0.0000979  0.0032623
 0.0007903  0.0032829
 0.0011347  0.0036240
 0.0010972  0.0033358
 0.0011707  0.0040427
 0.0012874  0.0041400
 0.0009389  0.0040827
 0.0008206  0.0041582
 0.0006845  0.0041178
 0.0004338  0.0039970
 0.0000284  0.0040721
-0.0002034  0.0041299
-0.0002240  0.0038202
-0.0004141  0.0037019
-0.0000475  0.0036058
 0.0002638  0.0036845
 0.0007055  0.0035117
 0.0005351  0.0031455
 0.0009014  0.0031092
 0.0006086  0.0030930
 0.0007616  0.0029025
 0.0004940  0.0023914
 0.0001475  0.0022973
 0.0000943  0.0020329
-0.0000325  0.0013041
-0.0001447  0.0012149
-0.0000647  0.0011329
 0.0000193  0.0008450
-0.0002860  0.0007824
-0.0001729  0.0012988
-0.0004212  0.0011281
-0.0003473  0.0012799
-0.0002153  0.0012439
-0.0003575  0.0009189
-0.0003038  0.0007086
-0.0005017  0.0007316
-0.0007763  0.0004078
-0.0011065  0.0001983
-0.0013621 -0.0002975
-0.0018055 -0.0003132
-0.0020195 -0.0002519
-0.0021115 -0.0004581
-0.0024959 -0.0004174
-0.0025726 -0.0005724
-0.0027615 -0.0005304
-0.0027607 -0.0003576
-0.0029892 -0.0005530
-0.0030655 -0.0005143
-0.0031241 -0.0003443
-0.0032941 -0.0008639
-0.0033126 -0.0010149
-0.0032153 -0.0011481
-0.0031555 -0.0011473
-0.0029274 -0.0011824
-0.0028071 -0.0009705
-0.0026520 -0.0006309
-0.0027675 -0.0001327
-0.0027841 -0.0000988
-0.0028067 -0.0001408
-0.0031188  0.0000860
-0.0032375 -0.0002818
-0.0030115 -0.0006092
-0.0030357 -0.0009165
-0.0031920 -0.0010517
-0.0026170 -0.0015108
-0.0024273 -0.0014547
-0.0026170 -0.0020874
-0.0027499 -0.0021826
-0.0029420 -0.0023159
-0.0034080 -0.0020527
-0.0035223 -0.0026231
-0.0036394 -0.0029679
-0.0039676 -0.0036163
-0.0034129 -0.0041299
-0.0034936 -0.0047036
-0.0031497 -0.0047920
-0.0029648 -0.0046890
-0.0029224 -0.0046865
-0.0029062 -0.0048577
-0.0031517 -0.0043942
-0.0029195 -0.0044479
-0.0030523 -0.0043691
-0.0032421 -0.0043635
-0.0032054 -0.0042496
-0.0032280 -0.0044038
-0.0035150 -0.0047842
-0.0032672 -0.0046707
-0.0034214 -0.0045831
-0.0031908 -0.0046873
-0.0027326 -0.0042364
-0.0024254 -0.0041452
-0.0018492 -0.0039046
-0.0013700 -0.0036583
-0.0010054 -0.0034880
-0.0004672 -0.0033349
-0.0002354 -0.0029897
-0.0000041 -0.0025307
-0.0000590 -0.0025658
-0.0005176 -0.0024128
-0.0009569 -0.0021418
-0.0016283 -0.0021406
-0.0020700 -0.0019525
-0.0024382 -0.0021225
-0.0023882 -0.0023530
-0.0026983 -0.0021229
-0.0021254 -0.0018915
-0.0019542 -0.0016836
-0.0022199 -0.0016081
-0.0021403 -0.0020119
-0.0024811 -0.0021814
-0.0024960 -0.0025505
-0.0024552 -0.0028181
-0.0026821 -0.0032974
-0.0022751 -0.0036398
-0.0017163 -0.0037326
-0.0014970 -0.0044981
-0.0008954 -0.0050149
-0.0001428 -0.0053431
-0.0000996 -0.0051324
 0.0000753 -0.0047505
 0.0000535 -0.0040249
 0.0004556 -0.0037960
 0.0004964 -0.0034302
 0.0002024 -0.0032578
 0.0007564 -0.0034674
 0.0010785 -0.0032748
 0.0010741 -0.0037173
 0.0012432 -0.0038513
 0.0009694 -0.0037185
 0.0009662 -0.0033172
 0.0006545 -0.0032029
 0.0004752 -0.0026235
 0.0004925 -0.0025856
-0.0000263 -0.0024309
 0.0002192 -0.0021560
 0.0004307 -0.0020578
 0.0007545 -0.0018095
 0.0009649 -0.0017357
 0.0014417 -0.0011809
 0.0015007 -0.0012662
 0.0018854 -0.0008446
 0.0017950 -0.0005435
 0.0018003 -0.0009654
 0.0021834 -0.0012731
 0.0022477 -0.0014087
 0.0022477 -0.0016727
 0.0023450 -0.0020777
 0.0023066 -0.0025235
 0.0023793 -0.0026418
 0.0025751 -0.0026067
 0.0024011 -0.0025550
 0.0027253 -0.0026338
 0.0027839 -0.0022922
 0.0024572 -0.0022575
 0.0023070 -0.0019321
 0.0022469 -0.0019107
 0.0019033 -0.0019490
 0.0014446 -0.0019668
 0.0014850 -0.0014282
 0.0011814 -0.0017944
 0.0009295 -0.0016595
 0.0008915 -0.0017544
 0.0010664 -0.0017859
 0.0017200 -0.0015311
 0.0015282 -0.0016603
 0.0020858 -0.0015791
 0.0024516 -0.0012633
 0.0025263 -0.0013372
 0.0030476 -0.0011821
 0.0036374 -0.0011038
 0.0038869 -0.0005264
 0.0043662 -0.0004291
 0.0048987  0.0000695
 0.0045345  0.0001244
 0.0044813 -0.0001614
 0.0040161 -0.0000315
 0.0032902 -0.0004748
 0.0035401 -0.0011834
 0.0027528 -0.0018374
 0.0025978 -0.0023764
 0.0027912 -0.0032804
 0.0028432 -0.0036870
 0.0029413 -0.0039374
 0.0030552 -0.0041481
 0.0033027 -0.0037694
 0.0033063 -0.0034477
 0.0034440 -0.0031828
 0.0033855 -0.0024953
 0.0035607 -0.0022284
 0.0034658 -0.0017871
 0.0035248 -0.0021517
 0.0036629 -0.0022260
 0.0032777 -0.0024904
 0.0036043 -0.0024884
 0.0037400 -0.0026991
 0.0036588 -0.0026389
 0.0035405 -0.0026171
 0.0032898 -0.0025949
 0.0030552 -0.0023228
 0.0028836 -0.0022081
 0.0027310 -0.0019961
 0.0024060 -0.0021685
 0.0024262 -0.0022279
 0.0024819 -0.0022109
 0.0024423 -0.0021746
 0.0026878 -0.0023313
 0.0031258 -0.0024670
 0.0032627 -0.0024278
 0.0037032 -0.0025098
 0.0036648 -0.0023221
 0.0037032 -0.0018695
 0.0035498 -0.0016038
 0.0031831 -0.0009336
 0.0030697  0.0003915
 0.0026490  0.0002389
 0.0022263  0.0009693
 0.0017705  0.0013326
 0.0016380  0.0014663
 0.0017717  0.0015203
 0.0014802  0.0019741
 0.0014955  0.0020666
 0.0018176  0.0027174
 0.0025246  0.0025619
 0.0026356  0.0026613
 0.0031483  0.0026653
 0.0035860  0.0022858
 0.0037180  0.0022524
 0.0035254  0.0023574
 0.0037951  0.0020009
 0.0036631  0.0021971
 0.0036082  0.0024899
 0.0037302  0.0027616
 0.0036777  0.0027637
 0.0037581  0.0029167
 0.0037419  0.0026833
 0.0033051  0.0027200
 0.0031537  0.0028379
 0.0032345  0.0026252
 0.0031792  0.0027959
 0.0032757  0.0027378
 0.0032963  0.0027939
 0.0032398  0.0029655
 0.0034489  0.0027923
 0.0033306  0.0026772
 0.0033479  0.0030838
 0.0030976  0.0031638
 0.0029211  0.0036051
 0.0025594  0.0039309
 0.0022154  0.0041634
 0.0022320  0.0041578
 0.0020212  0.0042708
 0.0017345  0.0042272
 0.0016566  0.0040128
 0.0018117  0.0035480
 0.0019655  0.0033716
 0.0020418  0.0033114
 0.0021197  0.0025806
 0.0020991  0.0024680
 0.0024823  0.0026057
 0.0030168  0.0029190
 0.0027475  0.0028847
 0.0033035  0.0033535
 0.0033212  0.0035328
 0.0033212  0.0037242
 0.0033790  0.0040322
 0.0032098  0.0037480
 0.0028638  0.0041300
 0.0024786  0.0039568
 0.0020422  0.0040520
 0.0019082  0.0037205
 0.0012537  0.0040241
 0.0012698  0.0037734
 0.0007934  0.0034831
 0.0009472  0.0032489
 0.0006049  0.0026929
 0.0006840  0.0020768
 0.0007809  0.0020389
 0.0008568  0.0016775
 0.0014156  0.0018519
 0.0019336  0.0024871
 0.0017645  0.0028137
 0.0018630  0.0030467
 0.0015800  0.0031634
 0.0010422  0.0030660
 0.0005040  0.0027794
 0.0005803  0.0026837
 0.0005775  0.0020922
 0.0005577  0.0020777
 0.0007652  0.0017345
 0.0007652  0.0017192
 0.0010518  0.0019300
 0.0013579  0.0020244
 0.0011241  0.0027822
 0.0012581  0.0027584
 0.0011386  0.0033252
 0.0007865  0.0036304
 0.0011272  0.0041278
 0.0013307  0.0041638
 0.0014021  0.0048586
 0.0015972  0.0053052
 0.0012338  0.0055721
 0.0014502  0.0058046
 0.0014163  0.0059778
 0.0011156  0.0060348
 0.0009844  0.0063622
 0.0010990  0.0063037
 0.0006816  0.0065928
 0.0006812  0.0068467
 0.0007183  0.0064846
 0.0004518  0.0063703
 0.0003582  0.0057017
 0.0003416  0.0056828
 0.0001305  0.0052609
-0.0002914  0.0050683
-0.0004041  0.0047243
-0.0007315  0.0049936
-0.0012309  0.0047626
-0.0013262  0.0047804
-0.0013456  0.0045511
-0.0017336  0.0042608
-0.0021588  0.0036115
-0.0023344  0.0033390
-0.0025076  0.0030140
-0.0024515  0.0027229
-0.0026457  0.0021794
-0.0026106  0.0020627
-0.0025553  0.0022912
-0.0023284  0.0021382
-0.0020475  0.0023344
-0.0020289  0.0023575
-0.0019126  0.0028032
-0.0018141  0.0028477
-0.0019308  0.0027948
-0.0018739  0.0027993
-0.0020055  0.0027226
-0.0020253  0.0024161
-0.0019073  0.0024730
-0.0017555  0.0023382
-0.0019461  0.0022982
-0.0018500  0.0019914
-0.0018145  0.0019748
-0.0017370  0.0018057
-0.0020640  0.0021166
-0.0020583  0.0022341
-0.0023232  0.0024069
-0.0024738  0.0023661
-0.0027555  0.0023035
-0.0030394  0.0024323
-0.0028476  0.0022570
-0.0029227  0.0015440
-0.0029069  0.0013102
-0.0025803  0.0007147
-0.0023889  0.0001014
-0.0020046  0.0002556
-0.0020046 -0.0000492
-0.0020248 -0.0002975
-0.0019497 -0.0001780
-0.0021633 -0.0005062
-0.0020857 -0.0002741
-0.0020870 -0.0003326
-0.0022061  0.0004139
-0.0025682  0.0005298
-0.0029785  0.0009727
-0.0031913  0.0009961
-0.0034416  0.0010188
-0.0037666  0.0012925
-0.0038231  0.0008706
-0.0039123  0.0009477
-0.0038501  0.0005440
-0.0035033  0.0004834
-0.0039030  0.0001955
-0.0040233  0.0000421
-0.0041763 -0.0003988
-0.0040378 -0.0006451
-0.0043677 -0.0008760
-0.0043471 -0.0012010
-0.0039450 -0.0015010
-0.0039829 -0.0015615
-0.0041000 -0.0014118
-0.0041218 -0.0016374
-0.0041998 -0.0018321
-0.0046411 -0.0019504
-0.0046600 -0.0025080
-0.0044311 -0.0026598
-0.0044525 -0.0032553
-0.0043234 -0.0033530
-0.0035554 -0.0040842
-0.0031590 -0.0040693
-0.0025082 -0.0036894
-0.0022078 -0.0036886
-0.0021150 -0.0034193
-0.0016188 -0.0030579
-0.0015255 -0.0028649
-0.0015816 -0.0031173
-0.0015053 -0.0030983
-0.0014044 -0.0032324
-0.0015182 -0.0036906
-0.0012275 -0.0036304
-0.0012379 -0.0039554
-0.0015197 -0.0043559
-0.0019182 -0.0044149
-0.0023340 -0.0047823
-0.0027935 -0.0046693
-0.0033495 -0.0046742
-0.0038263 -0.0045377
-0.0041396 -0.0047141
-0.0041998 -0.0044573
-0.0046403 -0.0043794
-0.0048337 -0.0044900
-0.0051030 -0.0046785
-0.0050989 -0.0049858
-0.0052899 -0.0051388
-0.0050577 -0.0051796
-0.0047831 -0.0050274
-0.0044577 -0.0046640
-0.0039397 -0.0038799
-0.0038028 -0.0035965
-0.0039401 -0.0034811
-0.0038977 -0.0033276
-0.0041105 -0.0037330
-0.0042276 -0.0037928
-0.0043984 -0.0038340
-0.0047452 -0.0042337
-0.0046874 -0.0046354
-0.0045122 -0.0047064
-0.0043774 -0.0051275
-0.0043180 -0.0050121
-0.0038194 -0.0050859
-0.0037225 -0.0047936
-0.0035909 -0.0043935
-0.0034015 -0.0040120
-0.0033272 -0.0036647
-0.0031908 -0.0030910
-0.0036131 -0.0025140
-0.0035570 -0.0023828
-0.0039034 -0.0024838
-0.0038844 -0.0022759
-0.0037883 -0.0023357
-0.0038481 -0.0024382
-0.0039280 -0.0022905
-0.0036402 -0.0023478
-0.0035659 -0.0020051
-0.0032062 -0.0017402
-0.0030742 -0.0011047
-0.0026143 -0.0009699
-0.0023874 -0.0006032
-0.0018884 -0.0003529
-0.0015440 -0.0005245
-0.0011604 -0.0004272
-0.0011580 -0.0008656
-0.0012367 -0.0005406
-0.0016958 -0.0005955
-0.0020224 -0.0005011
-0.0024464 -0.0002152
-0.0025759 -0.0005378
-0.0030713 -0.0009028
-0.0031513 -0.0006388
-0.0029187 -0.0007926
-0.0028848 -0.0006985
-0.0027354 -0.0008193
-0.0025824 -0.0009727
-0.0027367 -0.0012267
-0.0029644 -0.0014176
-0.0024225 -0.0015150
-0.0023833 -0.0017645
-0.0022650 -0.0017487
-0.0015136 -0.0020677
-0.0014728 -0.0019138
-0.0012790 -0.0020862
-0.0010299 -0.0020587
-0.0006169 -0.0021544
-0.0007143 -0.0025541
-0.0002964 -0.0022667
 0.0000819 -0.0024193
 0.0003141 -0.0022481
 0.0010186 -0.0022105
 0.0010957 -0.0018851
 0.0011756 -0.0019082
 0.0013666 -0.0016380
 0.0014458 -0.0017123
 0.0015620 -0.0018250
 0.0015988 -0.0017224
 0.0018826 -0.0017393
 0.0024006 -0.0020417
 0.0029533 -0.0017914
 0.0032432 -0.0016920
 0.0036276 -0.0016900
 0.0035888 -0.0014776
 0.0037798 -0.0012305
 0.0035154 -0.0009031
 0.0031544 -0.0007105
 0.0027341 -0.0004989
 0.0024442 -0.0004016
 0.0024644 -0.0004965
 0.0023106 -0.0004371
 0.0025016 -0.0007230
 0.0028113 -0.0005683
 0.0028710 -0.0008534
 0.0027810 -0.0007779
 0.0028024 -0.0009709
 0.0029954 -0.0012034
 0.0027257 -0.0010727
 0.0024758 -0.0007085
 0.0023030 -0.0006899
 0.0022077 -0.0006491
 0.0023038 -0.0003988
 0.0023058 -0.0001162
 0.0027689  0.0002278
 0.0027706  0.0002621
 0.0024278  0.0005641
 0.0027153  0.0006977
 0.0026034  0.0007522
 0.0026240  0.0006937
 0.0029503  0.0008899
 0.0027783  0.0007191
 0.0027960  0.0006303
 0.0029305  0.0008843
 0.0027960  0.0005799
 0.0027346  0.0007172
 0.0027487  0.0008686
 0.0026692  0.0009284
 0.0027653  0.0009651
 0.0028573  0.0014835
 0.0027992  0.0017887
 0.0028186  0.0024416
 0.0026441  0.0024000
 0.0025711  0.0025905
 0.0023958  0.0027064
 0.0018193  0.0024008
 0.0015883  0.0023555
 0.0013582  0.0019183
 0.0013400  0.0016308
 0.0011115  0.0013409
 0.0007102  0.0013805
 0.0009811  0.0012497
 0.0009852  0.0012893
 0.0012722  0.0010220
 0.0013098  0.0012699
 0.0016740  0.0009828
 0.0018625  0.0012303
 0.0018415  0.0015392
 0.0020712  0.0014282
 0.0019129  0.0015223
 0.0015294  0.0019991
 0.0012423  0.0022123
 0.0009181  0.0021747
 0.0005543  0.0025550
 0.0006529  0.0024198
 0.0007889  0.0023035
 0.0007756  0.0018226
 0.0011766  0.0018400
 0.0012161  0.0017237
 0.0010203  0.0014132
 0.0010356  0.0016195
 0.0014135  0.0017321
 0.0016230  0.0020555
 0.0019605  0.0021257
 0.0021680  0.0019372
 0.0026452  0.0016658
 0.0031596  0.0017062
 0.0032028  0.0015342
 0.0033571  0.0014398
 0.0036106  0.0013857
 0.0035739  0.0013114
 0.0034839  0.0010870
 0.0036979  0.0010737
 0.0034904  0.0011766
 0.0031856  0.0012929
 0.0028803  0.0011815
 0.0026462  0.0008416
 0.0016663  0.0006874
 0.0015290  0.0007265
 0.0014898  0.0005759
 0.0010509  0.0004237
 0.0007284  0.0006575
 0.0006206  0.0010197
 0.0000328  0.0009087
 0.0000954  0.0007879
-0.0001509  0.0008461
-0.0003003  0.0008085
-0.0002631  0.0008246
-0.0002240  0.0009930
 0.0001984  0.0011484
 0.0002916  0.0013753
-0.0002696  0.0016402
-0.0001182  0.0017177
-0.0009310  0.0018517
-0.0015120  0.0017540
-0.0018447  0.0013196
-0.0022768  0.0012437
-0.0026487  0.0010875
-0.0023422  0.0011097
-0.0023294  0.0012243
-0.0024844  0.0016430
-0.0020596  0.0016257
-0.0018291  0.0020278
-0.0018723  0.0021037
-0.0019664  0.0020229
-0.0012397  0.0017153
-0.0009926  0.0016502
-0.0003001  0.0011524
-0.0003046  0.0009017
 0.0002913  0.0009352
 0.0000434  0.0008189
 0.0003503  0.0012383
 0.0000648  0.0012396
 0.0001206  0.0021775
-0.0002251  0.0021597
-0.0003195  0.0023474
-0.0002658  0.0021750
-0.0005360  0.0020014
-0.0005351  0.0017507
-0.0005557  0.0013267
-0.0004007  0.0010913
-0.0004164  0.0006315
-0.0002626  0.0009944
-0.0003187  0.0008002
-0.0007358  0.0011066
-0.0008888  0.0019064
-0.0010394  0.0022900
-0.0017306  0.0031334
-0.0020019  0.0039187
-0.0024812  0.0043422
-0.0025789  0.0050339
-0.0032701  0.0049996
-0.0034768  0.0051522
-0.0035915  0.0045583
-0.0041078  0.0041945
-0.0041434  0.0032195
-0.0038720  0.0024786
-0.0035474  0.0018908
-0.0035074  0.0017233
-0.0029321  0.0018844
-0.0029660  0.0020254
-0.0024847  0.0022188
-0.0020810  0.0023185
-0.0020999  0.0020327
-0.0021928  0.0021626
-0.0019865  0.0021416
-0.0021758  0.0017363
-0.0021379  0.0012538
-0.0022368  0.0010765
-0.0024294  0.0009045
-0.0026208  0.0006925
-0.0027391  0.0008678
-0.0030468  0.0005544
-0.0030472 -0.0000164
-0.0031081  0.0001572
-0.0033193  0.0001341
-0.0030480  0.0003239
-0.0030129  0.0005540
-0.0032261  0.0008382
-0.0029761  0.0006634
-0.0027913  0.0009694
-0.0027731  0.0010796
-0.0022563  0.0010397
-0.0018566  0.0009072
-0.0018534  0.0004861
-0.0013555 -0.0000092
-0.0012376 -0.0002737
-0.0008694 -0.0005987
-0.0009659 -0.0005199
-0.0007337 -0.0005942
-0.0009969 -0.0006750
-0.0013248 -0.0007888
-0.0018755 -0.0009637
-0.0021428 -0.0009649
-0.0027928 -0.0010012
-0.0029781 -0.0011902
-0.0030463 -0.0015898
-0.0034060 -0.0014316
-0.0033211 -0.0013359
-0.0032169 -0.0017372
-0.0027385 -0.0015482
-0.0026206 -0.0017465
-0.0022399 -0.0014825
-0.0014958 -0.0018116
-0.0010594 -0.0017946
-0.0008123 -0.0017760
-0.0002624 -0.0017748
 0.0000590 -0.0013921
 0.0000941 -0.0013690
-0.0004248 -0.0013101
-0.0007897 -0.0010392
-0.0009226 -0.0009204
-0.0014773 -0.0008595
-0.0021084 -0.0007440
-0.0018758 -0.0009709
-0.0018362 -0.0011041
-0.0018915 -0.0009519
-0.0014865 -0.0004933
-0.0019278 -0.0001682
-0.0022100 -0.0001949
-0.0023820  0.0000921
-0.0030765  0.0000477
-0.0035182  0.0000448
-0.0032138 -0.0000092
-0.0033870 -0.0000670
-0.0033660 -0.0002155
-0.0036341 -0.0006528
-0.0037277 -0.0003851
-0.0037055 -0.0006173
-0.0036825 -0.0013319
-0.0040410 -0.0016824
-0.0035762 -0.0016469
-0.0032347 -0.0015718
-0.0029444 -0.0018072
-0.0027877 -0.0015775
-0.0020840 -0.0018847
-0.0021256 -0.0014995
-0.0013815 -0.0020119
-0.0011740 -0.0021467
-0.0010020 -0.0021843
-0.0002543 -0.0025234
-0.0000649 -0.0026978
-0.0002377 -0.0030632
 0.0000142 -0.0033842
 0.0002625 -0.0032695
 0.0004628 -0.0036951
 0.0006607 -0.0034847
 0.0010293 -0.0032599
 0.0009207 -0.0027843
 0.0009454 -0.0024754
 0.0008695 -0.0025767
 0.0004916 -0.0029224
 0.0006854 -0.0032684
 0.0010504 -0.0037496
 0.0011300 -0.0043625
 0.0016827 -0.0050542
 0.0016229 -0.0056493
 0.0020412 -0.0057034
 0.0021877 -0.0061067
 0.0021251 -0.0057809
 0.0021380 -0.0054530
 0.0021505 -0.0049681
 0.0021460 -0.0045046
 0.0018169 -0.0039462
 0.0017168 -0.0035090
 0.0015815 -0.0034355
 0.0020628 -0.0035489
 0.0024064 -0.0035114
 0.0026757 -0.0035550
 0.0029672 -0.0034989
 0.0035446 -0.0034400
 0.0038183 -0.0031747
 0.0044708 -0.0027318
 0.0042645 -0.0025186
 0.0044196 -0.0020983
 0.0041131 -0.0020224
 0.0037316 -0.0019494
 0.0033646 -0.0017374
 0.0035406 -0.0018117
 0.0033311 -0.0019820
 0.0033170 -0.0019416
 0.0037401 -0.0020337
 0.0040131 -0.0021294
 0.0040688 -0.0024576
 0.0040498 -0.0029567
 0.0037644 -0.0034747
 0.0037434 -0.0034949
 0.0037805 -0.0036120
 0.0034357 -0.0035114
 0.0035112 -0.0029889
 0.0034320 -0.0026546
 0.0031837 -0.0018071
 0.0034329 -0.0013985
 0.0030436 -0.0008978
 0.0031575 -0.0007836
 0.0029431 -0.0007464
 0.0026742 -0.0008962
 0.0028825 -0.0014889
 0.0032652 -0.0017727
 0.0037049 -0.0018914
 0.0033985 -0.0018769
 0.0036827 -0.0020654
 0.0037384 -0.0021252
 0.0033714 -0.0020946
 0.0036943 -0.0022451
 0.0032506 -0.0019597
 0.0030980 -0.0018103
 0.0026192 -0.0016589
 0.0024645 -0.0013433
 0.0020640 -0.0013655
 0.0019877 -0.0013865
 0.0018319 -0.0016001
 0.0017196 -0.0017152
 0.0020995 -0.0018682
 0.0019828 -0.0019651
 0.0023280 -0.0022921
 0.0026482 -0.0019271
 0.0028945 -0.0018876
 0.0032607 -0.0017309
 0.0034508 -0.0016348
 0.0032574 -0.0010380
 0.0036414 -0.0012460
 0.0035429 -0.0013408
 0.0034649 -0.0012060
 0.0036002 -0.0013578
 0.0038671 -0.0016795
 0.0036732 -0.0016028
 0.0038856 -0.0015427
 0.0039785 -0.0013315
 0.0039018 -0.0008292
 0.0040399 -0.0005199
 0.0040988 -0.0002300
 0.0038897  0.0001321
 0.0034908  0.0005395
 0.0030124  0.0008302
 0.0022671  0.0011197
 0.0018113  0.0010067
 0.0017733  0.0009284
 0.0016037  0.0006566
 0.0013760  0.0005569
 0.0011104  0.0002246
 0.0012465  0.0000679
 0.0016337  0.0000448
 0.0017290 -0.0002652
 0.0019781 -0.0006323
 0.0020903 -0.0008430
 0.0023362 -0.0006920
 0.0024686 -0.0008039
 0.0025622 -0.0006096
 0.0030588 -0.0006492
 0.0029426 -0.0003730
 0.0033439 -0.0001990
 0.0034965  0.0002423
 0.0032474  0.0006646
 0.0034218  0.0006836
 0.0027290  0.0010841
 0.0029979  0.0011019
 0.0024984  0.0012961
 0.0025549  0.0015666
 0.0026696  0.0019542
 0.0022267  0.0019736
 0.0020143  0.0022429
 0.0015899  0.0023394
 0.0015492  0.0025114
 0.0012221  0.0026236
 0.0012984  0.0029733
 0.0014288  0.0027597
 0.0017155  0.0030516
 0.0016577  0.0029370
 0.0017769  0.0030553
 0.0017381  0.0027686
 0.0016057  0.0019619
 0.0013166  0.0020391
 0.0011805  0.0016947
 0.0011409  0.0013115
 0.0007562  0.0010236
 0.0007013  0.0011173
 0.0003561  0.0012364
-0.0001813  0.0014447
-0.0004700  0.0016765
-0.0008132  0.0015013
-0.0007530  0.0012315
-0.0009654  0.0012667
-0.0010809  0.0011140
-0.0008305  0.0010737
-0.0007522  0.0012852
-0.0007159  0.0014907
-0.0003323  0.0016058
-0.0001203  0.0016607
 0.0001465  0.0016978
 0.0001457  0.0018855
 0.0005087  0.0016328
 0.0006617  0.0018472
 0.0002975  0.0014022
 0.0005236  0.0013643
 0.0001533  0.0010764
 0.0000560  0.0005180
 0.0000104  0.0004821
-0.0001653 -0.0002648
 0.0002385 -0.0007768
 0.0006826 -0.0010210
 0.0008574 -0.0013258
 0.0008825 -0.0017837
 0.0009043 -0.0017449
 0.0010590 -0.0017667
 0.0009653 -0.0016323
 0.0008680 -0.0009980
 0.0002559 -0.0008074
 0.0000092 -0.0006173
-0.0003727 -0.0007117
-0.0001409 -0.0006189
-0.0003525 -0.0009092
-0.0003690 -0.0011571
-0.0004086 -0.0011999
-0.0002334 -0.0012964
-0.0000989 -0.0011640
 0.0001712 -0.0006286
-0.0000194 -0.0001881
 0.0000581  0.0000767
-0.0002112  0.0007251
-0.0001385  0.0011680
-0.0001232  0.0012044
-0.0004107  0.0018362
-0.0005047  0.0018754
-0.0008669  0.0019327
-0.0008636  0.0022710
-0.0008773  0.0022488
-0.0012960  0.0025689
-0.0012903  0.0024894
-0.0016500  0.0020671
-0.0018426  0.0023186
-0.0015725  0.0021495
-0.0015543  0.0021144
-0.0015737  0.0017922
-0.0013097  0.0015633
-0.0009689  0.0013339
-0.0004534  0.0011995
-0.0000888  0.0012601
 0.0002305  0.0011850
-0.0000190  0.0015286
 0.0004046  0.0021790
 0.0002463  0.0028900
-0.0002136  0.0031948
-0.0005023  0.0033329
-0.0009089  0.0037205
-0.0015048  0.0037589
-0.0014309  0.0038998
-0.0016288  0.0040722
-0.0017439  0.0044219
-0.0014584  0.0048446
-0.0016551  0.0047905
-0.0024218  0.0052855
-0.0021364  0.0054030
-0.0026935  0.0053788
-0.0031901  0.0051317
-0.0032879  0.0049726
-0.0032858  0.0042422
-0.0035503  0.0039882
-0.0034554  0.0030858
-0.0032797  0.0026384
-0.0028154  0.0018879
-0.0023939  0.0016739
-0.0015852  0.0011344
-0.0012032  0.0010880
-0.0005342  0.0009160
 0.0000011  0.0011259
 0.0001150  0.0010896
 0.0002280  0.0010941
-0.0001362  0.0013848
-0.0003275  0.0015951
-0.0003622  0.0017885
-0.0010361  0.0016892
-0.0013640  0.0017106
-0.0015145  0.0013484
-0.0022441  0.0010436
-0.0023196  0.0008014
-0.0027350  0.0001522
-0.0034597 -0.0002132
-0.0040294 -0.0005374
-0.0042559 -0.0010909
-0.0051013 -0.0010962
-0.0051958 -0.0010219
-0.0054449 -0.0010590
-0.0052330 -0.0010631
-0.0047743 -0.0008895
-0.0043895 -0.0005439
-0.0038525 -0.0005257
-0.0035626 -0.0001418
-0.0034653 -0.0002177
-0.0036531  0.0000504
-0.0033930  0.0001106
-0.0036615  0.0004166
-0.0035424  0.0006056
-0.0037321  0.0006233
-0.0038678  0.0006007
-0.0039675  0.0009475
-0.0042062  0.0009096
-0.0044816  0.0008357
-0.0046035  0.0006649
-0.0038998  0.0005556
-0.0037488  0.0006165
-0.0032732  0.0006594
-0.0027395  0.0007575
-0.0028937  0.0008233
-0.0028744  0.0008645
-0.0031037  0.0010232
-0.0032745  0.0006821
-0.0035607  0.0004746
-0.0035413  0.0004964
-0.0040387  0.0006724
-0.0035546  0.0001981
-0.0037250  0.0004480
-0.0039741  0.0005239
-0.0041198  0.0002776
-0.0039846 -0.0000833
-0.0043079 -0.0001649
-0.0040746 -0.0007023
-0.0040738 -0.0006882
-0.0036139 -0.0006123
-0.0035145 -0.0007157
-0.0034944 -0.0004302
-0.0035662 -0.0000503
-0.0038884 -0.0002660
-0.0041952 -0.0002151
-0.0044629 -0.0004477
-0.0047177 -0.0009492
-0.0040136 -0.0011979
-0.0038654 -0.0016165
-0.0035255 -0.0019036
-0.0030301 -0.0022290
-0.0028230 -0.0027131
-0.0024766 -0.0031920
-0.0023781 -0.0033717
-0.0025303 -0.0035292
-0.0022008 -0.0039374
-0.0022730 -0.0040185
-0.0020772 -0.0041175
-0.0019036 -0.0042317
-0.0016331 -0.0042907
-0.0016456 -0.0042895
-0.0014921 -0.0047844
-0.0013548 -0.0043044
-0.0013351 -0.0042854
-0.0014889 -0.0043036
-0.0016641 -0.0042293
-0.0020723 -0.0043993
-0.0021301 -0.0045563
-0.0023812 -0.0049625
-0.0023037 -0.0049415
-0.0025355 -0.0048883
-0.0020921 -0.0052944
-0.0018753 -0.0051220
-0.0017986 -0.0047603
-0.0015050 -0.0047034
-0.0010217 -0.0042835
-0.0007157 -0.0043231
-0.0006753 -0.0041563
-0.0006022 -0.0040223
-0.0005461 -0.0040243
-0.0003766 -0.0038540
 0.0000595 -0.0034474
 0.0002702 -0.0033892
 0.0007846 -0.0030836
 0.0007454 -0.0027355
 0.0003412 -0.0025462
 0.0003202 -0.0022773
 0.0003558 -0.0019478
 0.0005629 -0.0017342
 0.0004866 -0.0015404
 0.0007502 -0.0012489
 0.0014418 -0.0015562
 0.0015230 -0.0015739
 0.0019453 -0.0011916
 0.0019671 -0.0015400
 0.0021056 -0.0015986
 0.0023568 -0.0009461
 0.0021844 -0.0011068
 0.0018012 -0.0010842
 0.0015690 -0.0011036
 0.0012173 -0.0007555
 0.0011959 -0.0011726
 0.0005188 -0.0016252
 0.0003626 -0.0020644
-0.0000783 -0.0023595
-0.0001546 -0.0027947
-0.0005572 -0.0030042
-0.0010360 -0.0034778
-0.0012823 -0.0038824
-0.0012819 -0.0039777
-0.0012060 -0.0041492
-0.0011692 -0.0039974
-0.0006315 -0.0041299
-0.0006726 -0.0038004
-0.0004994 -0.0032844
-0.0001377 -0.0032408
 0.0003020 -0.0030050
 0.0006645 -0.0025818
 0.0007961 -0.0022318
 0.0012164 -0.0021704
 0.0010804 -0.0016495
 0.0012725 -0.0014735
 0.0011373 -0.0015481
 0.0009265 -0.0010665
 0.0010461 -0.0010471
 0.0006233 -0.0009728
 0.0003565 -0.0010168
 0.0003020 -0.0009034
 0.0004784 -0.0009050
 0.0001744 -0.0006963
 0.0003476 -0.0005824
 0.0004445 -0.0001476
 0.0007159  0.0000445
 0.0008342  0.0000776
 0.0011629  0.0000191
 0.0011600 -0.0001037
 0.0013340 -0.0003742
 0.0010998 -0.0005268
 0.0009048 -0.0002814
 0.0005427 -0.0003403
 0.0001962 -0.0003205
-0.0002059 -0.0006666
-0.0001271 -0.0008014
-0.0002426 -0.0010530
-0.0000335 -0.0011862
 0.0005213 -0.0013828
 0.0009004 -0.0015746
 0.0012778 -0.0012109
 0.0016981 -0.0009626
 0.0016553 -0.0013300
 0.0020344 -0.0009089
 0.0018600 -0.0011200
 0.0017400 -0.0012920
 0.0020852 -0.0016950
 0.0020081 -0.0014099
 0.0025059 -0.0016384
 0.0028136 -0.0018121
 0.0026961 -0.0012714
 0.0029436 -0.0013627
 0.0028866 -0.0015702
 0.0027704 -0.0012605
 0.0028463 -0.0014312
 0.0031745 -0.0011470
 0.0033138 -0.0009132
 0.0035440 -0.0001889
 0.0036817 -0.0005366
 0.0039897  0.0003436
 0.0042041  0.0006839
 0.0043196  0.0006625
 0.0044190  0.0004860
 0.0042264  0.0003334
 0.0043818  0.0004093
 0.0043984  0.0001219
 0.0043023 -0.0000320
 0.0043027  0.0001049
 0.0046673 -0.0001062
 0.0044363  0.0003593
 0.0047189  0.0007082
 0.0043951  0.0011503
 0.0043035  0.0013845
 0.0042449  0.0019445
 0.0038654  0.0025004
 0.0035061  0.0027479
 0.0032356  0.0032676
 0.0030487  0.0032260
 0.0026413  0.0028997
 0.0024673  0.0024382
 0.0026405  0.0025541
 0.0023510  0.0020737
 0.0026913  0.0021706
 0.0029206  0.0020728
 0.0030337  0.0024568
 0.0032226  0.0027063
 0.0032008  0.0031109
 0.0026650  0.0033200
 0.0023501  0.0036293
 0.0023493  0.0041481
 0.0020800  0.0043823
 0.0021724  0.0047328
 0.0021934  0.0047373
 0.0021910  0.0052969
 0.0022499  0.0056284
 0.0024651  0.0059162
 0.0021769  0.0059158
 0.0020008  0.0061625
 0.0014840  0.0056994
 0.0010601  0.0055435
 0.0008332  0.0052965
 0.0003523  0.0047191
 0.0003527  0.0047813
 0.0000624  0.0044922
-0.0000304  0.0045177
 0.0001254  0.0046542
-0.0000841  0.0043073
-0.0000272  0.0040380
-0.0002125  0.0035729
-0.0003102  0.0030472
-0.0002137  0.0028315
-0.0002541  0.0025586
-0.0000470  0.0025921
-0.0000696  0.0025137
-0.0001294  0.0024939
 0.0002901  0.0023385
 0.0002893  0.0022065
 0.0002336  0.0022779
 0.0005396  0.0025056
 0.0003652  0.0024087
 0.0006523  0.0025003
 0.0005198  0.0023231
 0.0006922  0.0024793
 0.0008820  0.0026719
 0.0005388  0.0025581
 0.0008053  0.0027894
 0.0008893  0.0027584
 0.0007771  0.0027798
 0.0008389  0.0026805
 0.0010306  0.0027923
 0.0008801  0.0028504
 0.0013008  0.0031367
 0.0012987  0.0027757
 0.0012394  0.0028149
 0.0016015  0.0030487
 0.0014913  0.0029756
 0.0018406  0.0033669
 0.0017143  0.0034844
 0.0013231  0.0031218
 0.0009646  0.0039641
 0.0004127  0.0037731
-0.0001986  0.0038663
-0.0005062  0.0041348
-0.0006399  0.0045790
-0.0010061  0.0047909
-0.0013137  0.0047732
-0.0011623  0.0044869
-0.0015055  0.0039661
-0.0016787  0.0039092
-0.0015406  0.0035284
-0.0021362  0.0032349
-0.0023663  0.0028485
-0.0024261  0.0025820
-0.0031726  0.0026345
-0.0029235  0.0022162
-0.0029986  0.0021036
-0.0028823  0.0021601
-0.0032053  0.0017604
-0.0032432  0.0015315
-0.0033732  0.0011879
-0.0029307  0.0009768
-0.0028128  0.0006901
-0.0025204  0.0009437
-0.0021316  0.0009223
-0.0016685  0.0013305
-0.0014541  0.0019091
-0.0009950  0.0019874
-0.0009757  0.0024881
-0.0009611  0.0028518
-0.0009289  0.0029483
-0.0015022  0.0028853
-0.0017343  0.0026556
-0.0019439  0.0025038
-0.0025184  0.0020378
-0.0024929  0.0017843
-0.0025680  0.0017427
-0.0026629  0.0016046
-0.0022386  0.0019675
-0.0022018  0.0015823
-0.0022047  0.0019053
-0.0019968  0.0018302
-0.0018833  0.0017176
-0.0019261  0.0014999
-0.0022011  0.0013296
-0.0021829  0.0012367
-0.0026291  0.0019429
-0.0026122  0.0020410
-0.0028019  0.0018504
-0.0032226  0.0017733
-0.0033401  0.0016356
-0.0036308  0.0013308
-0.0035553  0.0007114
-0.0034831  0.0004454
-0.0032546 -0.0002240
-0.0035061 -0.0003024
-0.0036583 -0.0003399
-0.0035251 -0.0005907
-0.0037706 -0.0006880
-0.0036934 -0.0010114
-0.0035561 -0.0006100
-0.0038271 -0.0002661
-0.0036926  0.0000614
-0.0035957  0.0000416
-0.0036171  0.0004062
-0.0036938  0.0000053
-0.0032401 -0.0000714
-0.0029708 -0.0004332
-0.0031274 -0.0007784
-0.0027422 -0.0007017
-0.0022251 -0.0007776
-0.0016675 -0.0008345
-0.0017405 -0.0008539
-0.0017365 -0.0007723
-0.0017542 -0.0005954
-0.0019799 -0.0008219
-0.0018377 -0.0006463
-0.0020848 -0.0005078
-0.0020800 -0.0001658
-0.0023048 -0.0000140
-0.0027849  0.0001547
-0.0029775  0.0009174
-0.0029746  0.0008201
-0.0036291  0.0012020
-0.0040684  0.0010825
-0.0041806  0.0011439
-0.0043905  0.0009501
-0.0046550  0.0005273
-0.0044459  0.0004720
-0.0043716  0.0002217
-0.0044709 -0.0002030
-0.0041334 -0.0003940
-0.0045231 -0.0002406
-0.0045889 -0.0003928
-0.0045352 -0.0004885
-0.0044032 -0.0001227
-0.0041323 -0.0004089
-0.0037645 -0.0002180
-0.0035343 -0.0003548
-0.0035707 -0.0004505
-0.0033922 -0.0006015
-0.0033893 -0.0006807
-0.0032896 -0.0012193
-0.0033816 -0.0013146
-0.0032270 -0.0010848
-0.0030348 -0.0010255
-0.0030530 -0.0008486
-0.0030711 -0.0006790
-0.0025890 -0.0002926
-0.0023948 -0.0004828
-0.0023173 -0.0001772
-0.0023722 -0.0004493
-0.0020274 -0.0004517
-0.0021227 -0.0009528
-0.0014928 -0.0015306
-0.0014961 -0.0018221
-0.0013269 -0.0019206
-0.0008897 -0.0021185
-0.0007197 -0.0022546
-0.0006277 -0.0017976
-0.0002704 -0.0017039
 0.0003243 -0.0014354
 0.0006691 -0.0014721
 0.0009892 -0.0013769
 0.0015852 -0.0011059
 0.0014479 -0.0009723
 0.0013712 -0.0005710
 0.0009844 -0.0001264
 0.0005447  0.0002571
 0.0004094  0.0003310
 0.0003731 -0.0000909
 0.0004300 -0.0000748
 0.0005500 -0.0001531
 0.0005140 -0.0003651
 0.0007268 -0.0001745
 0.0009025 -0.0005932
 0.0009009 -0.0001164
 0.0008460  0.0000593
 0.0007341 -0.0003045
 0.0007309 -0.0001168
 0.0005750  0.0000790
 0.0006093 -0.0002686
 0.0003913 -0.0000809
 0.0004042 -0.0002718
 0.0009165 -0.0002884
 0.0011001 -0.0000385
 0.0016186  0.0000585
 0.0020756 -0.0001660
 0.0024789  0.0003330
 0.0028480  0.0001453
 0.0030220  0.0004166
 0.0028500  0.0003573
 0.0024112 -0.0000097
 0.0023187 -0.0004696
 0.0019360 -0.0005467
 0.0016707 -0.0008540
 0.0014858 -0.0010260
 0.0008391 -0.0011588
 0.0007672 -0.0011761
 0.0001164 -0.0007712
 0.0001011 -0.0005608
 0.0000037 -0.0006916
-0.0000003 -0.0005196
 0.0002246 -0.0003827
 0.0001672 -0.0006674
 0.0003137 -0.0007631
 0.0001958 -0.0011886
 0.0005337 -0.0015924
 0.0002245 -0.0015214
-0.0000332 -0.0016174
-0.0000929 -0.0014765
-0.0000938 -0.0013788
-0.0002674 -0.0013545
-0.0004571 -0.0015637
-0.0007079 -0.0014676
-0.0007232 -0.0018511
-0.0006654 -0.0023167
-0.0005516 -0.0023413
-0.0007042 -0.0024403
-0.0002492 -0.0025796
 0.0002115 -0.0023119
 0.0004045 -0.0021811
 0.0008429 -0.0020285
 0.0012273 -0.0018182
 0.0014829 -0.0012618
 0.0014809 -0.0011447
 0.0016731 -0.0010865
 0.0018652 -0.0011402
 0.0021144 -0.0008923
 0.0021527 -0.0006263
 0.0025948 -0.0008528
 0.0028431 -0.0005265
 0.0034786 -0.0005814
 0.0032554 -0.0003892
 0.0033741 -0.0000614
 0.0035493 -0.0001167
 0.0037629  0.0000400
 0.0038005  0.0005394
 0.0038937  0.0009064
 0.0034734  0.0011560
 0.0032187  0.0010405
 0.0029853  0.0008273
 0.0027523  0.0007873
 0.0025601  0.0006129
 0.0027103  0.0006480
 0.0024797  0.0008220
 0.0024257  0.0011115
 0.0022319  0.0012072
 0.0018297  0.0013816
 0.0014300  0.0021706
 0.0012213  0.0024366
 0.0011470  0.0025380
 0.0008806  0.0033757
 0.0010744  0.0037577
 0.0010958  0.0036575
 0.0010179  0.0039232
 0.0012323  0.0038246
 0.0008891  0.0037439
 0.0004107  0.0037975
-0.0001304  0.0032541
-0.0002612  0.0031915
-0.0002846  0.0027853
-0.0000953  0.0021647
 0.0001304  0.0021086
 0.0007231  0.0017081
 0.0012564  0.0018441
 0.0014082  0.0018317
 0.0019868  0.0023921
 0.0020655  0.0020517
 0.0019146  0.0022064
 0.0022049  0.0022645
 0.0021290  0.0019077
 0.0020353  0.0024051
 0.0019376  0.0019480
 0.0017083  0.0018338
 0.0018039  0.0020316
 0.0018221  0.0018233
 0.0019751  0.0013865
 0.0020890  0.0014091
 0.0023781  0.0010845
 0.0023979  0.0007648
 0.0029926  0.0012057
 0.0032825  0.0011496
 0.0033988  0.0015529
 0.0034157  0.0016663
 0.0035094  0.0017608
 0.0031064  0.0016841
 0.0032409  0.0020083
 0.0029554  0.0015287
 0.0028004  0.0016772
 0.0030265  0.0016558
 0.0030834  0.0012484
 0.0030979  0.0016465
 0.0029186  0.0017805
 0.0028597  0.0014733
 0.0026452  0.0016081
 0.0026602  0.0015346
 0.0027401  0.0012859
 0.0031071  0.0013090
 0.0029396  0.0014620
 0.0031952  0.0013873
 0.0031654  0.0012306
 0.0031674  0.0014394
 0.0028263  0.0015528
 0.0023668  0.0014026
 0.0020797  0.0014943
 0.0015791  0.0014975
 0.0011358  0.0016723
 0.0008834  0.0018661
 0.0001203  0.0017131
-0.0000694  0.0019094
-0.0001841  0.0023297
-0.0006419  0.0025227
-0.0008551  0.0031133
-0.0010077  0.0030334
-0.0013598  0.0030673
-0.0007897  0.0029477
-0.0006755  0.0028678
-0.0003121  0.0026792
 0.0002406  0.0028706
 0.0006048  0.0031218
 0.0007578  0.0029728
 0.0009120  0.0032203
 0.0007800  0.0029502
 0.0005321  0.0029308
 0.0006872  0.0026817
 0.0006088  0.0023983
 0.0003383  0.0026849
-0.0000057  0.0024193
-0.0002197  0.0027657
-0.0002374  0.0022852
-0.0007187  0.0024415
-0.0010417  0.0022893
-0.0009646  0.0022505
-0.0006363  0.0022558
-0.0007720  0.0021609
-0.0003117  0.0022974
-0.0000061  0.0022066
 0.0001618  0.0018473
 0.0002514  0.0018477
 0.0000754  0.0012207
-0.0005964  0.0010087
-0.0009416  0.0004330
-0.0015145 -0.0000516
-0.0016094 -0.0000730
-0.0017818  0.0001923
-0.0021650  0.0003994
-0.0019942  0.0005314
-0.0019607  0.0004902
-0.0022539  0.0004107
-0.0021635  0.0005806
-0.0017803  0.0006581
-0.0019386  0.0004651
-0.0018050  0.0008661
-0.0021530  0.0007110
-0.0022660  0.0007102
-0.0026706  0.0010554
-0.0031886  0.0009214
-0.0032080  0.0011907
-0.0035177  0.0015193
-0.0033400  0.0012892
-0.0031631  0.0010631
-0.0029148  0.0017131
-0.0027561  0.0016752
-0.0022898  0.0014834
-0.0024024  0.0019239
-0.0023628  0.0022711
-0.0027403  0.0016562
-0.0029127  0.0020398
-0.0028303  0.0013118
-0.0026947  0.0011063
-0.0026753  0.0007268
-0.0025392  0.0005771
-0.0018666  0.0007143
-0.0017515  0.0011003
-0.0017527  0.0014827
-0.0016542  0.0016341
-0.0016162  0.0018997
-0.0020175  0.0018565
-0.0024407  0.0015424
-0.0027851  0.0016344
-0.0024794  0.0014232
-0.0027653  0.0015173
-0.0025694  0.0015338
-0.0024701  0.0016336
-0.0027374  0.0018100
-0.0029873  0.0018645
-0.0032586  0.0019416
-0.0033427  0.0019263
-0.0031727  0.0017725
-0.0032535  0.0013918
-0.0029511  0.0010676
-0.0027766  0.0007821
-0.0026220  0.0004955
-0.0024633  0.0004575
-0.0023854  0.0005346
-0.0025925  0.0008766
-0.0027059  0.0009747
-0.0028359  0.0014738
-0.0030689  0.0011843
-0.0031690  0.0012379
-0.0030560  0.0012028
-0.0030544  0.0008403
-0.0030019  0.0003202
-0.0026696  0.0000126
-0.0024374  0.0001507
-0.0023389  0.0003202
-0.0021261  0.0004321
-0.0023926  0.0007954
-0.0023942  0.0008164
-0.0029893  0.0010680
-0.0029167  0.0013946
-0.0032433  0.0012860
-0.0029938  0.0008988
-0.0027479  0.0008258
-0.0025351  0.0003445
-0.0021508 -0.0001937
-0.0015993 -0.0005611
-0.0018661 -0.0008527
-0.0014034 -0.0014090
-0.0013659 -0.0013331
-0.0018245 -0.0014918
-0.0020910 -0.0017595
-0.0021685 -0.0019376
-0.0024564 -0.0021314
-0.0019961 -0.0022885
-0.0016231 -0.0023829
-0.0016288 -0.0022703
-0.0013995 -0.0024370
-0.0014588 -0.0023187
-0.0016704 -0.0019258
-0.0021060 -0.0020962
-0.0023894 -0.0018422
-0.0023438 -0.0018192
-0.0017991 -0.0017545
-0.0015871 -0.0014493
-0.0012015 -0.0012999
-0.0007566 -0.0014328
-0.0006241 -0.0013444
-0.0004901 -0.0013093
-0.0006439 -0.0014449
-0.0006670 -0.0016565
-0.0009920 -0.0015047
-0.0010881 -0.0020429
-0.0014386 -0.0015290
-0.0009205 -0.0009936
-0.0010332 -0.0009544
-0.0009016  0.0000618
-0.0007490  0.0003553
-0.0004974  0.0006864
-0.0010364  0.0011104
-0.0011519  0.0010002
-0.0012323  0.0008839
-0.0015561  0.0009219
-0.0014632  0.0007701
-0.0019025  0.0006893
-0.0021681  0.0006049
-0.0026256  0.0003154
-0.0030059  0.0002403
-0.0030979  0.0003154
-0.0031871  0.0000485
-0.0034798  0.0003901
-0.0034733  0.0001773
-0.0031839  0.0002095
-0.0029768  0.0004158
-0.0025371  0.0000864
-0.0022113 -0.0006089
-0.0022957 -0.0013809
-0.0021620 -0.0022058
-0.0020304 -0.0030314
-0.0016877 -0.0034344
-0.0016534 -0.0038959
-0.0014075 -0.0042968
-0.0010074 -0.0044692
-0.0007417 -0.0044882
-0.0006707 -0.0044474
-0.0004592 -0.0046957
-0.0000933 -0.0049225
-0.0000203 -0.0049936
 0.0001715 -0.0049960
 0.0001356 -0.0047441
-0.0002076 -0.0046080
-0.0003804 -0.0041320
-0.0002229 -0.0042854
 0.0001829 -0.0042269
 0.0000327 -0.0039959
 0.0004195 -0.0045333
 0.0008963 -0.0044191
 0.0010715 -0.0044142
 0.0012258 -0.0042038
 0.0010736 -0.0037436
 0.0010517 -0.0033967
 0.0012666 -0.0033588
 0.0009577 -0.0023983
 0.0012096 -0.0023599
 0.0010966 -0.0021834
 0.0012500 -0.0024346
 0.0014220 -0.0024915
 0.0016679 -0.0025278
 0.0018164 -0.0025698
 0.0022177 -0.0025731
 0.0025609 -0.0024564
 0.0028464 -0.0019437
 0.0029206 -0.0018686
 0.0034935 -0.0015787
 0.0034152 -0.0011378
 0.0034758 -0.0010054
 0.0033995 -0.0011196
 0.0038799 -0.0011786
 0.0039167 -0.0011794
 0.0041278 -0.0012339
 0.0043378 -0.0009262
 0.0043988 -0.0006384
 0.0049341 -0.0007704
 0.0050335 -0.0004841
 0.0047686 -0.0000457
 0.0043887 -0.0002403
 0.0041957 -0.0001511
 0.0037766 -0.0005807
 0.0035219 -0.0009667
 0.0031132 -0.0012594
 0.0025132 -0.0012409
 0.0019706 -0.0011032
 0.0019871 -0.0008694
 0.0018729 -0.0010781
 0.0016807 -0.0008670
 0.0017388 -0.0006748
 0.0016456 -0.0006340
 0.0013944 -0.0010620
 0.0018926 -0.0015049
 0.0021587 -0.0018707
 0.0027332 -0.0021037
 0.0030974 -0.0020233
 0.0037886 -0.0019272
 0.0036376 -0.0016547
 0.0045013 -0.0012485
 0.0046543 -0.0006307
 0.0046539 -0.0002472
 0.0053422 -0.0001123
 0.0054322  0.0004865
 0.0052950  0.0006758
 0.0053906  0.0007957
 0.0048743  0.0009338
 0.0045670  0.0009552
 0.0042630  0.0009440
 0.0039606  0.0011907
 0.0036356  0.0011886
 0.0035250  0.0010344
 0.0033518  0.0008022
 0.0037382  0.0007239
 0.0043184  0.0005119
 0.0043406  0.0002608
 0.0046705  0.0006629
 0.0044844  0.0003750
 0.0041404  0.0003783
 0.0041053  0.0005499
 0.0039725 -0.0000226
 0.0037807 -0.0003509
 0.0038199 -0.0004458
 0.0043144 -0.0008406
 0.0047343 -0.0006662
 0.0051764 -0.0007618
 0.0057522 -0.0008708
 0.0063287 -0.0006044
 0.0068064 -0.0007029
 0.0069994 -0.0007421
 0.0070353 -0.0006872
 0.0067462 -0.0007679
 0.0066138 -0.0007494
 0.0061115 -0.0005047
 0.0060537 -0.0003707
 0.0056492  0.0000698
 0.0053650  0.0002987
 0.0050326  0.0013194
 0.0048433  0.0016650
 0.0041158  0.0020857
 0.0041388  0.0020898
 0.0040447  0.0018019
 0.0038380  0.0018778
 0.0039023  0.0015532
 0.0039612  0.0015928
 0.0038324  0.0017478
 0.0036819  0.0018476
 0.0036451  0.0019671
 0.0032801  0.0019494
 0.0032192  0.0020051
 0.0029482  0.0022962
 0.0025759  0.0024274
 0.0024770  0.0018896
 0.0018778  0.0016401
 0.0015830  0.0012573
 0.0014809  0.0004934
 0.0016508  0.0005326
 0.0019577  0.0003610
 0.0024596  0.0004200
 0.0026731  0.0010115
 0.0029841  0.0013926
 0.0032142  0.0018282
 0.0033107  0.0022251
 0.0031758  0.0025860
 0.0030971  0.0023720
 0.0030361  0.0023485
 0.0031903  0.0021394
 0.0028035  0.0017179
 0.0024175  0.0016057
 0.0023602  0.0016287
 0.0019742  0.0013086
 0.0018414  0.0015424
 0.0015144  0.0013760
 0.0018196  0.0012832
 0.0018055  0.0008811
 0.0020009  0.0007333
 0.0020809  0.0003683
 0.0017224  0.0001560
 0.0015367  0.0002937
 0.0014087  0.0000809
 0.0005483 -0.0000362
 0.0005689  0.0001160
 0.0003570  0.0000978
 0.0000332  0.0006219
 0.0005681  0.0009704
 0.0005528  0.0012837
 0.0009566  0.0019398
 0.0011544  0.0024441
 0.0015210  0.0030392
 0.0015622  0.0037519
 0.0014092  0.0039618
 0.0013507  0.0042646
 0.0011783  0.0042626
 0.0009759  0.0043364
 0.0010865  0.0043703
 0.0013082  0.0042133
 0.0009342  0.0042686
 0.0013472  0.0040925
 0.0016743  0.0036702
 0.0014809  0.0035769
 0.0014664  0.0035753
 0.0014882  0.0033823
 0.0015492  0.0028635
 0.0014571  0.0025695
 0.0013485  0.0021444
 0.0012949  0.0015068
 0.0008593  0.0009262
 0.0010939  0.0008491
 0.0011742  0.0002528
 0.0007176  0.0003876
 0.0012336  0.0005261
 0.0013709  0.0005645
 0.0015606  0.0007765
 0.0017330  0.0004462
 0.0017491  0.0007724
 0.0014798 -0.0000392
 0.0016296  0.0004021
 0.0012860  0.0003444
 0.0006946  0.0003605
 0.0006154  0.0003222
 0.0004075  0.0003601
 0.0001790  0.0000508
-0.0000770 -0.0001006
-0.0000972 -0.0002940
-0.0004844 -0.0005410
-0.0007021 -0.0006892
-0.0002991 -0.0008596
-0.0008180 -0.0010856
-0.0002761 -0.0009871
-0.0003471 -0.0009641
-0.0006883 -0.0008490
-0.0005696 -0.0001929
-0.0011396  0.0000776
-0.0012716  0.0005985
-0.0014057  0.0010434
-0.0018086  0.0011428
-0.0021914  0.0015877
-0.0023242  0.0017423
-0.0024324  0.0015134
-0.0021755  0.0018017
-0.0019438  0.0013814
-0.0016131  0.0012486
-0.0014160  0.0011731
-0.0011302  0.0015575
-0.0010333  0.0013245
-0.0012861  0.0015538
-0.0009271  0.0016673
-0.0015623  0.0016083
-0.0014335  0.0014751
-0.0014408  0.0010330
-0.0010435  0.0005933
-0.0013916 -0.0000794
-0.0010161 -0.0003632
-0.0009419 -0.0002299
-0.0011292 -0.0003285
-0.0010133 -0.0005957
-0.0012414 -0.0004823
-0.0014675 -0.0002542
-0.0012684 -0.0004327
-0.0017258 -0.0003027
-0.0017811  0.0001523
-0.0021231 -0.0002543
-0.0023924 -0.0000415
-0.0024889 -0.0000395
-0.0027586 -0.0000572
-0.0027380 -0.0002817
-0.0030816 -0.0005918
-0.0033686 -0.0004771
-0.0032164 -0.0002902
-0.0029318 -0.0003326
-0.0030675 -0.0000327
-0.0026137  0.0001195
-0.0021769  0.0002136
-0.0023133  0.0001687
-0.0022419  0.0004711
-0.0023400  0.0006778
-0.0025924  0.0009806
-0.0025403  0.0015531
-0.0024822  0.0018176
-0.0024055  0.0021587
-0.0022569  0.0023497
-0.0024297  0.0022099
-0.0022751  0.0019229
-0.0023110  0.0017872
-0.0021967  0.0017670
-0.0025989  0.0016544
-0.0020429  0.0015397
-0.0021358  0.0014828
-0.0023061  0.0013459
-0.0021462  0.0010019
-0.0024449  0.0004847
-0.0027340  0.0002558
-0.0025398 -0.0000478
-0.0025624 -0.0002400
-0.0025475 -0.0004318
-0.0026497 -0.0004140
-0.0027874 -0.0005848
-0.0028447 -0.0010063
-0.0029449 -0.0007745
-0.0029182 -0.0009296
-0.0031830 -0.0008327
-0.0027195 -0.0009114
-0.0026557 -0.0010148
-0.0023274 -0.0005784
-0.0017142 -0.0009087
-0.0014477 -0.0008525
-0.0014287 -0.0010274
-0.0014497 -0.0005259
-0.0011631 -0.0008065
-0.0013936 -0.0009724
-0.0016217 -0.0010450
-0.0022185 -0.0015041
-0.0021405 -0.0015982
-0.0020606 -0.0016184
-0.0018680 -0.0018703
-0.0020214 -0.0018723
-0.0019443 -0.0018933
-0.0018857 -0.0016042
-0.0018861 -0.0015841
-0.0020182 -0.0018138
-0.0019055 -0.0018525
-0.0017307 -0.0020451
-0.0017299 -0.0023157
-0.0012123 -0.0029269
-0.0008352 -0.0028200
-0.0005873 -0.0029375
-0.0004182 -0.0029911
-0.0003677 -0.0029968
-0.0005801 -0.0028583
-0.0007000 -0.0028886
-0.0012431 -0.0025946
-0.0015859 -0.0027270
-0.0019141 -0.0028941
-0.0022053 -0.0029878
-0.0022263 -0.0033706
-0.0021867 -0.0036939
-0.0019000 -0.0036548
-0.0016485 -0.0038304
-0.0013421 -0.0038672
-0.0010699 -0.0038308
-0.0008159 -0.0040267
-0.0007541 -0.0040093
-0.0003484 -0.0039726
-0.0004449 -0.0036484
-0.0005595 -0.0036496
-0.0008829 -0.0033238
-0.0003504 -0.0029015
-0.0002192 -0.0029527
 0.0000885 -0.0027577
 0.0001256 -0.0027750
 0.0002621 -0.0028860
 0.0001697 -0.0030237
 0.0002690 -0.0034832
 0.0001927 -0.0035417
-0.0000770 -0.0041607
-0.0001202 -0.0048293
 0.0000328 -0.0049084
 0.0002217 -0.0053138
 0.0006028 -0.0055193
 0.0011031 -0.0058060
 0.0013138 -0.0059400
 0.0017184 -0.0060316
 0.0016805 -0.0062828
 0.0023147 -0.0060155
 0.0028150 -0.0059153
 0.0033516 -0.0054377
 0.0036403 -0.0050134
 0.0040622 -0.0041275
 0.0045410 -0.0036067
 0.0042338 -0.0030862
 0.0040057 -0.0026252
 0.0035672 -0.0028735
 0.0031255 -0.0027035
 0.0025530 -0.0032800
 0.0023269 -0.0036281
 0.0024194 -0.0040698
 0.0025991 -0.0044162
 0.0029261 -0.0043976
 0.0036537 -0.0046722
 0.0039597 -0.0041958
 0.0038240 -0.0039116
 0.0040860 -0.0038559
 0.0040250 -0.0033762
 0.0039851 -0.0036439
 0.0038631 -0.0031424
 0.0036713 -0.0031033
 0.0035970 -0.0030258
 0.0037068 -0.0030419
 0.0034190 -0.0030185
 0.0035546 -0.0030374
 0.0038239 -0.0031093
 0.0038215 -0.0033374
 0.0039778 -0.0036014
 0.0040335 -0.0038263
 0.0042446 -0.0042663
 0.0045164 -0.0042853
 0.0045366 -0.0042268
 0.0050909 -0.0038654
 0.0052241 -0.0033103
 0.0053933 -0.0030434
 0.0055096 -0.0023918
 0.0054663 -0.0018592
 0.0053307 -0.0016324
 0.0052124 -0.0014818
 0.0051130 -0.0014862
 0.0053375 -0.0017596
 0.0054501 -0.0014915
 0.0056374 -0.0013906
 0.0060387 -0.0014879
 0.0063076 -0.0013704
 0.0065184 -0.0009634
 0.0067853 -0.0007748
 0.0066165 -0.0009864
 0.0062519 -0.0009905
 0.0058086 -0.0008996
 0.0051969 -0.0010381
 0.0050403 -0.0010527
 0.0045178 -0.0010696
 0.0042509 -0.0012941
 0.0042921 -0.0010183
 0.0043305 -0.0006496
 0.0044343 -0.0005705
 0.0045477 -0.0003177
 0.0050076  0.0000053
 0.0048542 -0.0004340
 0.0048279 -0.0002592
 0.0049207 -0.0004316
 0.0045186 -0.0008688
 0.0042452 -0.0010363
 0.0036154 -0.0013617
 0.0030170 -0.0013593
 0.0026722 -0.0020497
 0.0024364 -0.0019702
 0.0021349 -0.0025088
 0.0024397 -0.0025471
 0.0027074 -0.0029327
 0.0032290 -0.0024337
 0.0036142 -0.0021091
 0.0034248 -0.0019981
 0.0034317 -0.0013266
 0.0033756 -0.0010404
 0.0027264 -0.0004679
 0.0027119 -0.0004505
 0.0025048  0.0000820
 0.0022375 -0.0000561
 0.0020486  0.0000957
 0.0022214  0.0001530
 0.0024911  0.0001546
 0.0029485 -0.0003836
 0.0030038  0.0000755
 0.0031646 -0.0000169
 0.0034129  0.0004466
 0.0032998  0.0008132
 0.0032453  0.0011019
 0.0032466  0.0016607
 0.0029789  0.0017333
 0.0029797  0.0017139
 0.0027830  0.0019009
 0.0025303  0.0022073
 0.0022452  0.0022844
 0.0019965  0.0025339
 0.0017301  0.0029336
 0.0015432  0.0028383
 0.0010845  0.0034318
 0.0011483  0.0029510
 0.0009198  0.0031791
 0.0013801  0.0032913
 0.0014996  0.0032719
 0.0014354  0.0033652
 0.0013401  0.0031165
 0.0016639  0.0027139
 0.0013328  0.0028455
 0.0013695  0.0025783
 0.0016425  0.0021955
 0.0016611  0.0023853
 0.0016397  0.0025581
 0.0016623  0.0024644
 0.0016607  0.0029477
 0.0016227  0.0026986
 0.0017180  0.0028920
 0.0019288  0.0028379
 0.0016986  0.0028763
 0.0017180  0.0025719
 0.0013130  0.0022126
 0.0012149  0.0019069
 0.0004833  0.0014685
 0.0005592  0.0009545
 0.0007328  0.0007442
 0.0005806  0.0005565
 0.0010280  0.0005444
 0.0010514  0.0003922
 0.0011512  0.0003207
 0.0010587  0.0005529
 0.0008319  0.0002477
 0.0008859  0.0003426
 0.0008274  0.0000930
 0.0004592  0.0002897
 0.0004518  0.0000220
 0.0004870  0.0002187
 0.0005011  0.0000107
 0.0006726  0.0002817
 0.0002661  0.0003047
 0.0000731  0.0001315
-0.0001244  0.0001533
-0.0004300 -0.0001176
-0.0006767 -0.0006930
-0.0002172 -0.0005997
-0.0004292 -0.0004701
-0.0002750 -0.0007249
-0.0000255 -0.0004597
-0.0000993  0.0001112
-0.0003884  0.0002392
-0.0003888  0.0007168
-0.0008285  0.0010373
-0.0009214  0.0008811
-0.0006945  0.0009945
-0.0010058  0.0017176
-0.0010211  0.0018092
-0.0008515  0.0020753
-0.0009876  0.0026845
-0.0009699  0.0029316
-0.0009166  0.0030814
-0.0011826  0.0031940
-0.0015081  0.0033676
-0.0017180  0.0031750
-0.0020188  0.0026768
-0.0019986  0.0020639
-0.0020926  0.0015608
-0.0017426  0.0010577
-0.0016869  0.0008433
-0.0013614  0.0007617
-0.0010707  0.0006624
-0.0006343  0.0006026
-0.0004454  0.0007601
-0.0006573  0.0008150
-0.0007147  0.0012220
-0.0011160  0.0012446
-0.0011894  0.0011700
-0.0011672  0.0014001
-0.0018205  0.0016743
-0.0019925  0.0015976
-0.0024475  0.0019072
-0.0027774  0.0022763
-0.0031036  0.0024519
-0.0035643  0.0027790
-0.0040815  0.0027184
-0.0043863  0.0025658
-0.0045203  0.0024887
-0.0050747  0.0020615
-0.0049451  0.0020998
-0.0051946  0.0021152
-0.0057324  0.0019012
-0.0055208  0.0019754
-0.0054074  0.0019912
-0.0052903  0.0017364
-0.0046742  0.0018284
-0.0042094  0.0015212
-0.0039187  0.0012094
-0.0032598  0.0008461
-0.0030659  0.0005982
-0.0035016  0.0000838
-0.0036950 -0.0001249
-0.0040377 -0.0003760
-0.0044786 -0.0006664
-0.0044790 -0.0011690
-0.0054246 -0.0014561
-0.0054234 -0.0013818
-0.0055950 -0.0014779
-0.0056374 -0.0013443
-0.0055793 -0.0010754
-0.0054069 -0.0009752
-0.0050600 -0.0007830
-0.0050778 -0.0007406
-0.0044984 -0.0008145
-0.0045174 -0.0005860
-0.0042820 -0.0004269
-0.0042065 -0.0003679
-0.0043954 -0.0000817
-0.0044313 -0.0002516
-0.0041851 -0.0002331
-0.0043558 -0.0001935
-0.0041257 -0.0004830
-0.0037777 -0.0008807
-0.0036424 -0.0006901
-0.0036020 -0.0011673
-0.0028531 -0.0012040
-0.0030061 -0.0013789
-0.0028349 -0.0010898
-0.0028357 -0.0013417
-0.0031224 -0.0012840
-0.0032621 -0.0012271
-0.0033243 -0.0017265
-0.0034604 -0.0020152
-0.0029460 -0.0022998
-0.0031984 -0.0031473
-0.0031184 -0.0031659
-0.0028330 -0.0036459
-0.0024288 -0.0037073
-0.0021054 -0.0036112
-0.0016731 -0.0035333
-0.0014082 -0.0035378
-0.0008575 -0.0034033
-0.0004417 -0.0030569
-0.0002156 -0.0029006
-0.0002738 -0.0025114
-0.0003323 -0.0023919
-0.0006771 -0.0022199
-0.0010792 -0.0023955
-0.0015791 -0.0022409
-0.0018302 -0.0024565
-0.0022485 -0.0022470
-0.0021742 -0.0021557
-0.0025570 -0.0018328
-0.0026898 -0.0015849
-0.0030931 -0.0021845
-0.0030342 -0.0026290
-0.0030148 -0.0029540
-0.0031703 -0.0030319
-0.0032066 -0.0038782
-0.0031351 -0.0039129
-0.0031206 -0.0041773
-0.0031977 -0.0040392
-0.0028550 -0.0041700
-0.0028352 -0.0043202
-0.0030423 -0.0043194
-0.0033229 -0.0042762
-0.0034351 -0.0038139
-0.0036212 -0.0036253
-0.0034076 -0.0034760
-0.0032009 -0.0031728
-0.0031852 -0.0032350
-0.0024076 -0.0031417
-0.0021012 -0.0031817
-0.0016070 -0.0032984
-0.0012981 -0.0035471
-0.0011213 -0.0034659
-0.0010413 -0.0034990
-0.0012512 -0.0033213
-0.0013824 -0.0034146
-0.0016634 -0.0039628
-0.0019141 -0.0039588
-0.0016238 -0.0043201
-0.0017199 -0.0045829
-0.0014159 -0.0042389
-0.0012613 -0.0042736
-0.0011301 -0.0042922
-0.0010869 -0.0038844
-0.0012593 -0.0040568
-0.0013925 -0.0040160
-0.0013356 -0.0038432
-0.0009879 -0.0039583
-0.0011801 -0.0041145
-0.0010469 -0.0041561
-0.0010114 -0.0041202
-0.0010299 -0.0040875
-0.0005899 -0.0043407
-0.0003420 -0.0046524
-0.0001752 -0.0046742
-0.0002725 -0.0045451
-0.0000614 -0.0046408
-0.0000275 -0.0045422
-0.0000069 -0.0044260
 0.0000920 -0.0041001
 0.0001502 -0.0040016
 0.0004042 -0.0035995
 0.0011354 -0.0038486
 0.0013837 -0.0039471
 0.0016146 -0.0041038
 0.0021326 -0.0043900
 0.0025711 -0.0043141
 0.0027180 -0.0044930
 0.0032142 -0.0048403
 0.0033821 -0.0047466
 0.0033183 -0.0052101
 0.0034689 -0.0049990
 0.0031023 -0.0052477
 0.0028940 -0.0050538
 0.0028407 -0.0049953
 0.0030543 -0.0051661
 0.0026901 -0.0054931
 0.0029408 -0.0053199
 0.0031116 -0.0049969
 0.0036466 -0.0053982
 0.0039324 -0.0050155
 0.0041775 -0.0048984
 0.0043886 -0.0050873
 0.0044064 -0.0046210
 0.0038690 -0.0042164
 0.0035452 -0.0041340
 0.0034528 -0.0037262
 0.0029747 -0.0032853
 0.0028613 -0.0032429
 0.0027829 -0.0026688
 0.0027583 -0.0024798
 0.0028923 -0.0023874
 0.0032561 -0.0019857
 0.0033151 -0.0016857
 0.0031233 -0.0014003
 0.0030102 -0.0008662
 0.0028617 -0.0004475
 0.0026675 -0.0002173
 0.0022108 -0.0005254
 0.0020421 -0.0004112
 0.0021766 -0.0004067
 0.0022730 -0.0004640
 0.0026982 -0.0006166
 0.0028924 -0.0007672
 0.0027830 -0.0009763
 0.0027471 -0.0010728
 0.0030003 -0.0013760
 0.0026369 -0.0015303
 0.0025214 -0.0015646
 0.0024835 -0.0018323
 0.0026918 -0.0019449
 0.0031129 -0.0017341
 0.0031472 -0.0012892
 0.0033394 -0.0014608
 0.0031262 -0.0009432
 0.0030515 -0.0012484
 0.0027212 -0.0011555
 0.0027031 -0.0012125
 0.0025101 -0.0016134
 0.0021443 -0.0022501
 0.0022214 -0.0027855
 0.0024519 -0.0029777
 0.0026445 -0.0036115
 0.0030475 -0.0030948
 0.0033531 -0.0029001
 0.0033297 -0.0018286
 0.0036757 -0.0009291
 0.0036010 -0.0006214
 0.0033099  0.0002208
 0.0029651  0.0001267
 0.0028323 -0.0000214
 0.0024293 -0.0005774
 0.0023518 -0.0006525
 0.0023494 -0.0011858
 0.0024063 -0.0015112
 0.0025161 -0.0013009
 0.0022027 -0.0012415
 0.0018535 -0.0010316
 0.0016185 -0.0003973
 0.0014263 -0.0001692
 0.0013516  0.0003105
 0.0011837  0.0005071
 0.0009588  0.0006206
 0.0005385  0.0006997
 0.0003895  0.0004886
 0.0002563  0.0003545
 0.0006395  0.0003961
 0.0009665  0.0005706
 0.0010977  0.0008395
 0.0015188  0.0010882
 0.0019424  0.0018206
 0.0020174  0.0021278
 0.0019977  0.0024359
 0.0022080  0.0023435
 0.0018596  0.0028974
 0.0015127  0.0029353
 0.0013730  0.0030516
 0.0006035  0.0033730
 0.0001222  0.0031420
-0.0001883  0.0030443
-0.0005000  0.0026624
-0.0013649  0.0021884
-0.0012119  0.0017475
-0.0013055  0.0014374
-0.0013039  0.0012642
-0.0010931  0.0011851
-0.0014924  0.0013542
-0.0015441  0.0013538
-0.0019829  0.0010437
-0.0023637  0.0008475
-0.0023010  0.0007126
-0.0023992  0.0001155
-0.0028719 -0.0000767
-0.0027419  0.0001353
-0.0025498  0.0002895
-0.0024710  0.0008422
-0.0023212  0.0013025
-0.0021476  0.0014696
-0.0017039  0.0013400
-0.0014915  0.0017591
-0.0013918  0.0015512
-0.0008503  0.0018031
-0.0007663  0.0017652
-0.0003609  0.0019998
-0.0005062  0.0021185
-0.0002143  0.0026918
-0.0000613  0.0025000
 0.0000917  0.0031868
 0.0001858  0.0034335
 0.0000497  0.0036810
 0.0001195  0.0039111
 0.0000202  0.0042393
 0.0001365  0.0039305
 0.0004199  0.0038187
 0.0004033  0.0034545
 0.0005572  0.0032066
 0.0005774  0.0029401
 0.0004466  0.0029409
 0.0006202  0.0028456
 0.0003707  0.0031521
-0.0000496  0.0032502
-0.0002979  0.0033847
-0.0004485  0.0034824
-0.0006399  0.0032288
-0.0008276  0.0029207
-0.0010581  0.0026082
-0.0009237  0.0024322
-0.0011486  0.0023365
-0.0013222  0.0023142
-0.0016121  0.0027160
-0.0015543  0.0030236
-0.0017110  0.0031391
-0.0023243  0.0035965
-0.0028678  0.0033280
-0.0027519  0.0029824
-0.0035000  0.0027297
-0.0039672  0.0024785
-0.0037201  0.0021139
-0.0036450  0.0023017
-0.0033402  0.0023408
-0.0030358  0.0025153
-0.0030338  0.0027842
-0.0030931  0.0028690
-0.0027645  0.0031016
-0.0028024  0.0028165
-0.0029014  0.0027269
-0.0025356  0.0025384
-0.0024766  0.0021379
-0.0024011  0.0020620
-0.0021665  0.0019461
-0.0023728  0.0021791
-0.0027761  0.0020810
-0.0034056  0.0021754
-0.0041525  0.0022711
-0.0046544  0.0025598
-0.0050379  0.0026737
-0.0054090  0.0028654
-0.0055071  0.0029785
-0.0055128  0.0028081
-0.0055532  0.0027714
-0.0055709  0.0024678
-0.0057986  0.0018936
-0.0058774  0.0016441
-0.0059916  0.0014519
-0.0058782  0.0008185
-0.0060300  0.0002007
-0.0058205 -0.0000855
-0.0056489 -0.0004719
-0.0054357 -0.0005309
-0.0051228 -0.0004925
-0.0047953 -0.0005688
-0.0046511 -0.0007961
-0.0045469 -0.0010049
-0.0043507 -0.0010420
-0.0041177 -0.0012536
-0.0043260 -0.0018524
-0.0039053 -0.0019323
-0.0038920 -0.0016110
-0.0036700 -0.0020575
-0.0035025 -0.0015968
-0.0031815 -0.0016130
-0.0032207 -0.0016526
-0.0033325 -0.0013994
-0.0028718 -0.0014345
-0.0030402 -0.0014171
-0.0028492 -0.0012807
-0.0026154 -0.0013017
-0.0024624 -0.0011107
-0.0019209 -0.0009948
-0.0017837 -0.0005572
-0.0017671 -0.0003093
-0.0016310  0.0001336
-0.0017078  0.0002652
-0.0019230  0.0006706
-0.0025548  0.0011281
-0.0026142  0.0007263
-0.0029643  0.0005535
-0.0026457  0.0004381
-0.0025884  0.0000161
-0.0023289 -0.0002923
-0.0024427 -0.0005984
-0.0018884 -0.0008830
-0.0017539 -0.0010570
-0.0016219 -0.0014402
-0.0014915 -0.0013021
-0.0014519 -0.0016493
-0.0012255 -0.0014955
-0.0013615 -0.0022226
-0.0017427 -0.0023042
-0.0018957 -0.0029781
-0.0019926 -0.0033225
-0.0023127 -0.0035772
-0.0024625 -0.0037133
-0.0027136 -0.0036584
-0.0028069 -0.0033540
-0.0031323 -0.0030831
-0.0030952 -0.0029260
-0.0033216 -0.0025590
-0.0032062 -0.0026333
-0.0034359 -0.0028408
-0.0029716 -0.0032611
-0.0025690 -0.0032978
-0.0024507 -0.0034730
-0.0021039 -0.0037831
-0.0019747 -0.0036536
-0.0019198 -0.0035042
-0.0022162 -0.0029103
-0.0022752 -0.0029091
-0.0026261 -0.0026765
-0.0024335 -0.0022542
-0.0026240 -0.0025792
-0.0020620 -0.0023070
-0.0017721 -0.0019643
-0.0014051 -0.0018698
-0.0009238 -0.0018117
-0.0004393 -0.0014483
-0.0003052 -0.0015254
-0.0002071 -0.0014297
-0.0002487 -0.0017172
 0.0000965 -0.0015008
 0.0000743 -0.0018068
 0.0002999 -0.0023413
 0.0004340 -0.0027770
 0.0004893 -0.0027208
 0.0007917 -0.0033329
 0.0011373 -0.0035219
 0.0010178 -0.0035433
 0.0012124 -0.0035804
 0.0012515 -0.0038113
 0.0013283 -0.0037201
 0.0013476 -0.0038937
 0.0013287 -0.0042571
 0.0012730 -0.0047214
 0.0010869 -0.0052184
 0.0007202 -0.0054526
 0.0001679 -0.0057627
-0.0000045 -0.0064338
-0.0004853 -0.0067499
-0.0010994 -0.0071577
-0.0007691 -0.0078845
-0.0011107 -0.0081166
-0.0013178 -0.0083658
-0.0011567 -0.0087820
-0.0014797 -0.0089354
-0.0009564 -0.0087618
-0.0009519 -0.0084892
-0.0006079 -0.0080257
-0.0002797 -0.0073886
 0.0006586 -0.0065564
 0.0008880 -0.0060396
 0.0011589 -0.0056924
 0.0014447 -0.0053658
 0.0013858 -0.0049063
 0.0015618 -0.0051542
 0.0016192 -0.0047476
 0.0010612 -0.0042357
 0.0007935 -0.0040100
 0.0005573 -0.0037783
 0.0001898 -0.0032239
 0.0001692 -0.0032409
 0.0000542 -0.0031835
-0.0002987 -0.0030939
-0.0001453 -0.0034367
-0.0002232 -0.0034400
-0.0003613 -0.0036709
-0.0003291 -0.0041171
 0.0002167 -0.0039451
 0.0003294 -0.0039096
 0.0005357 -0.0041187
 0.0008187 -0.0040185
 0.0008764 -0.0041340
 0.0009688 -0.0041126
 0.0007573 -0.0045317
 0.0009272 -0.0047998
 0.0009277 -0.0053880
 0.0008901 -0.0058632
 0.0007557 -0.0058632
 0.0010003 -0.0059750
 0.0011691 -0.0060856
 0.0013798 -0.0059487
 0.0012817 -0.0056786
 0.0015906 -0.0055801
 0.0017489 -0.0050047
 0.0018078 -0.0046910
 0.0019645 -0.0040265
 0.0021736 -0.0034528
 0.0025620 -0.0032642
 0.0022185 -0.0028867
 0.0019883 -0.0026413
 0.0024720 -0.0023514
 0.0021858 -0.0021249
 0.0020929 -0.0021592
 0.0022113 -0.0019266
 0.0016218 -0.0016589
 0.0020853 -0.0015217
 0.0016683 -0.0013480
 0.0016320 -0.0007941
 0.0014398 -0.0006633
 0.0013986 -0.0004146
 0.0014761 -0.0003981
 0.0019896 -0.0001861
 0.0018560  0.0000767
 0.0018524  0.0002628
 0.0022202  0.0004950
 0.0020256  0.0007219
 0.0023481  0.0009710
 0.0021959  0.0006088
 0.0019856  0.0007812
 0.0020861  0.0011474
 0.0020870  0.0012229
 0.0015920  0.0018140
 0.0011115  0.0020437
 0.0008055  0.0024652
 0.0003823  0.0030583
-0.0003852  0.0032501
-0.0009795  0.0032889
-0.0018100  0.0031153
-0.0018068  0.0028710
-0.0025396  0.0022747
-0.0027693  0.0018931
-0.0025602  0.0022242
-0.0024484  0.0015734
-0.0024524  0.0011890
-0.0023378  0.0013808
-0.0022494  0.0014604
-0.0025179  0.0018117
-0.0025356  0.0021234
-0.0027080  0.0023366
-0.0028570  0.0028372
-0.0028574  0.0030528
-0.0028707  0.0033617
-0.0025982  0.0035135
-0.0021177  0.0034800
-0.0017309  0.0030973
-0.0016675  0.0026003
-0.0012468  0.0021635
-0.0009169  0.0015905
-0.0003416  0.0012280
 0.0002717  0.0005372
 0.0005196  0.0005219
 0.0008822  0.0005210
 0.0009355  0.0005986
 0.0010295  0.0012498
 0.0013909  0.0017505
 0.0016408  0.0020961
 0.0018116  0.0032056
 0.0016210  0.0038003
 0.0020054  0.0041657
 0.0018387  0.0047765
 0.0014175  0.0050995
 0.0012278  0.0049222
 0.0012076  0.0047866
 0.0009020  0.0045952
 0.0009763  0.0043304
 0.0012241  0.0044475
 0.0016526  0.0042206
 0.0018835  0.0046453
 0.0025610  0.0045431
 0.0030988  0.0044487
 0.0035482  0.0040066
 0.0034715  0.0038111
 0.0042980  0.0031050
 0.0047183  0.0028732
 0.0049480  0.0032011
 0.0051802  0.0031099
 0.0051006  0.0033961
 0.0051027  0.0038148
 0.0052553  0.0039101
 0.0049868  0.0041725
 0.0046420  0.0043602
 0.0046448  0.0040517
 0.0039544  0.0040650
 0.0036682  0.0041579
 0.0028623  0.0039636
 0.0026152  0.0040593
 0.0019603  0.0046545
 0.0014980  0.0048677
 0.0009982  0.0047877
 0.0006497  0.0052302
 0.0004171  0.0053271
-0.0000452  0.0049811
 0.0002383  0.0050396
 0.0002564  0.0049617
 0.0002326  0.0051717
 0.0004978  0.0049625
 0.0008180  0.0051176
 0.0007986  0.0048668
 0.0011026  0.0046969
 0.0013343  0.0039128
 0.0015100  0.0037400
 0.0020066  0.0036076
 0.0022004  0.0034966
 0.0022799  0.0036532
 0.0024540  0.0039032
 0.0023567  0.0042924
 0.0021871  0.0046344
 0.0020522  0.0046731
 0.0015363  0.0047296
 0.0013110  0.0047086
 0.0012714  0.0045924
 0.0012331  0.0045693
 0.0013114  0.0041850
 0.0013651  0.0041648
 0.0016134  0.0039140
 0.0016654  0.0038938
 0.0018931  0.0036278
 0.0016779  0.0036669
 0.0013674  0.0033234
 0.0010585  0.0030787
 0.0007158  0.0027925
 0.0000290  0.0026572
 0.0002596  0.0021017
 0.0000331  0.0020560
-0.0002156  0.0015925
-0.0001966  0.0016841
-0.0006565  0.0010603
-0.0002181  0.0007534
-0.0004151  0.0007365
-0.0006650  0.0007744
-0.0003768  0.0004857
-0.0008189  0.0007417
-0.0009694  0.0008717
-0.0009836  0.0009694
-0.0012698  0.0013288
-0.0014967  0.0018031
-0.0015738  0.0021483
-0.0015734  0.0024866
-0.0017833  0.0027874
-0.0013631  0.0026142
-0.0012819  0.0028213
-0.0011087  0.0028366
-0.0005757  0.0026654
-0.0006710  0.0028152
-0.0008055  0.0025847
-0.0013453  0.0027769
-0.0016538  0.0029872
-0.0019590  0.0030853
-0.0024621  0.0035056
-0.0031154  0.0035605
-0.0035946  0.0037749
-0.0039067  0.0038520
-0.0042523  0.0034515
-0.0042301  0.0033187
-0.0041566  0.0029751
-0.0040549  0.0032428
-0.0038578  0.0023957
-0.0034912  0.0023751
-0.0036228  0.0020840
-0.0030677  0.0017582
-0.0030858  0.0016815
-0.0031989  0.0018514
-0.0031044  0.0017994
-0.0030491  0.0022786
-0.0031621  0.0023202
-0.0030305  0.0026126
-0.0030148  0.0026905
-0.0028577  0.0025577
-0.0028432  0.0026199
-0.0024766  0.0026760
-0.0023042  0.0026792
-0.0025158  0.0027559
-0.0028816  0.0025638
-0.0032296  0.0024067
-0.0037476  0.0018116
-0.0039794  0.0015624
-0.0045539  0.0010259
-0.0046480  0.0004146
-0.0049338  0.0003197
-0.0051409  0.0000928
-0.0053505 -0.0004437
-0.0053637 -0.0007094
-0.0054162 -0.0011099
-0.0052212 -0.0013759
-0.0051025 -0.0017434
-0.0045259 -0.0015871
-0.0043709 -0.0017171
-0.0039247 -0.0017550
-0.0035028 -0.0014425
-0.0031212 -0.0013032
-0.0031192 -0.0009766
-0.0032319 -0.0010105
-0.0032957 -0.0009172
-0.0032549 -0.0012087
-0.0035593 -0.0011667
-0.0032928 -0.0010916
-0.0034689 -0.0011752
-0.0032557 -0.0012362
-0.0031455 -0.0010097
-0.0030466 -0.0011289
-0.0024373 -0.0015338
-0.0025758 -0.0014249
-0.0023090 -0.0019663
-0.0020829 -0.0025622
-0.0020849 -0.0025655
-0.0019372 -0.0026826
-0.0018617 -0.0028199
-0.0021746 -0.0025691
-0.0023248 -0.0023790
-0.0024229 -0.0023810
-0.0030201 -0.0020948
-0.0028872 -0.0022502
-0.0025610 -0.0023592
-0.0023482 -0.0024730
-0.0020022 -0.0027371
-0.0012932 -0.0030556
-0.0008697 -0.0026910
-0.0004033 -0.0029195
-0.0000581 -0.0031242
 0.0001385 -0.0032441
 0.0004547 -0.0041869
 0.0006275 -0.0042685
 0.0007216 -0.0044449
 0.0009533 -0.0050986
 0.0012957 -0.0048281
 0.0013481 -0.0047922
 0.0015767 -0.0049633
 0.0015120 -0.0047542
 0.0013743 -0.0047179
 0.0012177 -0.0044882
 0.0010045 -0.0045641
 0.0005236 -0.0044869
 0.0003338 -0.0044817
-0.0001289 -0.0043282
-0.0003974 -0.0046516
-0.0005718 -0.0044550
-0.0006687 -0.0042006
-0.0008427 -0.0044299
-0.0003812 -0.0042110
-0.0006126 -0.0039587
-0.0005326 -0.0036086
-0.0004749 -0.0037386
-0.0007995 -0.0034887
-0.0007636 -0.0033534
-0.0005548 -0.0030845
-0.0004600 -0.0031661
-0.0005375 -0.0030527
-0.0005989 -0.0029994
-0.0003324 -0.0027721
-0.0001620 -0.0031012
-0.0001286 -0.0030277
-0.0005711 -0.0029518
-0.0004564 -0.0035033
-0.0010915 -0.0037843
-0.0013204 -0.0038597
-0.0016822 -0.0045255
-0.0020258 -0.0041968
-0.0024000 -0.0043943
-0.0026257 -0.0041803
-0.0030104 -0.0038004
-0.0030802 -0.0029388
-0.0032882 -0.0027636
-0.0032478 -0.0021111
-0.0036883 -0.0014623
-0.0036305 -0.0014017
-0.0034787 -0.0011143
-0.0032106 -0.0007327
-0.0028852 -0.0008252
-0.0027334 -0.0004428
-0.0019832 -0.0006968
-0.0018690 -0.0004667
-0.0016570 -0.0007013
-0.0019251 -0.0006104
-0.0020014 -0.0009807
-0.0025990 -0.0012739
-0.0021419 -0.0013542
-0.0015335 -0.0015686
-0.0011528 -0.0018371
-0.0005415 -0.0015085
 0.0003572 -0.0016017
 0.0010431 -0.0010223
 0.0015801 -0.0010756
 0.0018252 -0.0006331
 0.0015498 -0.0004417
 0.0018009 -0.0007065
 0.0019749 -0.0001490
 0.0021106 -0.0000537
 0.0021167  0.0002148
 0.0025798  0.0007720
 0.0027171  0.0009557
 0.0027571  0.0009136
 0.0030623  0.0011409
 0.0031414  0.0010804
 0.0033514  0.0013876
 0.0036942  0.0015980
 0.0036183  0.0015241
 0.0030643  0.0013574
 0.0033881  0.0011095
 0.0032396  0.0011531
 0.0033958  0.0008705
 0.0030898  0.0009480
 0.0030741  0.0009315
 0.0033789  0.0012642
 0.0031689  0.0016486
 0.0032040  0.0017665
 0.0032267  0.0015949
 0.0029574  0.0019607
 0.0029174  0.0016098
 0.0029380  0.0015129
 0.0031863  0.0016247
 0.0032828  0.0012767
 0.0033974  0.0012545
 0.0034564  0.0011023
 0.0036268  0.0011786
 0.0036857  0.0014455
 0.0036078  0.0018250
 0.0037814  0.0020890
 0.0036498  0.0021423
 0.0035319  0.0020397
 0.0034176  0.0020546
 0.0033211  0.0015745
 0.0028798  0.0009382
 0.0027660  0.0004630
 0.0024616  0.0004671
 0.0019642  0.0001445
 0.0016412  0.0002091
 0.0016053  0.0006173
 0.0013009  0.0005059
 0.0013400  0.0009158
 0.0013784  0.0005314
 0.0014143  0.0002488
 0.0014733  0.0001127
 0.0016247  0.0003986
 0.0017765  0.0007619
 0.0021253  0.0009347
 0.0019380  0.0016235
 0.0020179  0.0022901
 0.0025033  0.0024782
 0.0025630  0.0030858
 0.0027024  0.0032146
 0.0030863  0.0032727
 0.0024529  0.0036902
 0.0026636  0.0040354
 0.0022187  0.0035372
 0.0017560  0.0038024
 0.0020781  0.0037467
 0.0016303  0.0036325
 0.0017220  0.0036886
 0.0017752  0.0036385
 0.0015972  0.0032534
 0.0019840  0.0034133
 0.0019226  0.0032998
 0.0019642  0.0032445
 0.0016012  0.0033027
 0.0015051  0.0035348
 0.0012378  0.0038037
 0.0011797  0.0041897
 0.0012919  0.0044191
 0.0011724  0.0045721
 0.0014380  0.0051704
 0.0013189  0.0047102
 0.0015139  0.0046738
 0.0016480  0.0045794
 0.0015139  0.0043888
 0.0015543  0.0044058
 0.0016169  0.0043464
 0.0019840  0.0046149
 0.0022153  0.0048059
 0.0022577  0.0047489
 0.0027414  0.0047296
 0.0030322  0.0049956
 0.0031347  0.0050117
 0.0034993  0.0051841
 0.0036140  0.0054684
 0.0037694  0.0054494
 0.0037848  0.0053347
 0.0037440  0.0053162
 0.0035332  0.0054704
 0.0030326  0.0048398
 0.0027200  0.0046867
 0.0023970  0.0044574
 0.0018580  0.0037295
 0.0012241  0.0035579
 0.0009132  0.0029042
 0.0005854  0.0028271
 0.0002555  0.0023252
 0.0002975  0.0022477
 0.0003944  0.0019949
 0.0004768  0.0022383
 0.0008822  0.0021794
 0.0008269  0.0025985
 0.0009650  0.0028064
 0.0013082  0.0030591
 0.0014430  0.0035957
 0.0013267  0.0041557
 0.0012088  0.0043936
 0.0006359  0.0046480
 0.0001801  0.0048252
-0.0001812  0.0048672
-0.0009471  0.0048858
-0.0013105  0.0048870
-0.0014409  0.0046412
-0.0012867  0.0043755
-0.0009023  0.0041837
-0.0005962  0.0043029
-0.0007666  0.0042233
-0.0007242  0.0037973
-0.0005922  0.0031251
-0.0008413  0.0030629
-0.0007638  0.0025033
-0.0009160  0.0024580
-0.0011671  0.0023385
-0.0012220  0.0022210
-0.0013230  0.0022953
-0.0014586  0.0020029
-0.0012152  0.0013105
-0.0010659  0.0010182
-0.0010687  0.0004989
-0.0015895  0.0002502
-0.0019206 -0.0000203
-0.0023583  0.0001558
-0.0030289  0.0000641
-0.0034088 -0.0000485
-0.0037092  0.0000105
-0.0034988 -0.0001171
-0.0034189 -0.0001740
-0.0036494  0.0000339
-0.0033252 -0.0002536
-0.0032501 -0.0006198
-0.0035198 -0.0002403
-0.0031968 -0.0002613
-0.0038138 -0.0004006
-0.0038909 -0.0000009
-0.0039829 -0.0002290
-0.0042918 -0.0005177
-0.0043697 -0.0004571
-0.0044057 -0.0011031
-0.0045966 -0.0010046
-0.0048070 -0.0011362
-0.0046919 -0.0013073
-0.0053864 -0.0011176
-0.0050820 -0.0008879
-0.0045091 -0.0014406
-0.0044719 -0.0015944
-0.0038611 -0.0016465
-0.0035987 -0.0020792
-0.0037162 -0.0021156
-0.0035228 -0.0023792
-0.0034489 -0.0022366
-0.0035825 -0.0021773
-0.0035022 -0.0019633
-0.0032882 -0.0018115
-0.0039131 -0.0015680
-0.0038525 -0.0017663
-0.0039087 -0.0018862
-0.0037532 -0.0015104
-0.0032946 -0.0017970
-0.0032578 -0.0016271
-0.0030866 -0.0017058
-0.0027588 -0.0016852
-0.0025650 -0.0020527
-0.0023510 -0.0022279
-0.0023477 -0.0028275
-0.0021741 -0.0027375
-0.0022100 -0.0029160
-0.0022714 -0.0033564
-0.0024067 -0.0032042
-0.0024257 -0.0032273
-0.0023271 -0.0027234
-0.0022888 -0.0028598
-0.0023425 -0.0025647
-0.0015547 -0.0022550
-0.0017849 -0.0021375
-0.0013609 -0.0020010
-0.0014974 -0.0017256
-0.0015584 -0.0014188
-0.0018491 -0.0014894
-0.0017559 -0.0013166
-0.0020825 -0.0009359
-0.0018346 -0.0009371
-0.0018919 -0.0004433
-0.0019513 -0.0001418
-0.0022392  0.0001635
-0.0020102  0.0002757
-0.0022993  0.0003904
-0.0022210  0.0001618
-0.0023728  0.0001643
-0.0022371 -0.0001624
-0.0019146 -0.0003266
-0.0018213 -0.0003981
-0.0018980 -0.0003734
-0.0019618 -0.0003051
-0.0020394 -0.0006471
-0.0020377 -0.0005502
-0.0018831 -0.0007573
-0.0022667 -0.0009346
-0.0024746 -0.0008732
-0.0020119 -0.0009123
-0.0020498 -0.0010674
-0.0021798 -0.0012600
-0.0014510 -0.0012377
-0.0009875 -0.0014465
-0.0007013 -0.0013088
 0.0002023 -0.0015349
 0.0001632 -0.0012102
 0.0000663 -0.0010754
-0.0001502 -0.0008824
-0.0008188 -0.0012502
-0.0010687 -0.0015393
-0.0014373 -0.0020585
-0.0013796 -0.0024635
-0.0013990 -0.0029193
-0.0014014 -0.0030938
-0.0014147 -0.0031470
-0.0013735 -0.0032956
-0.0012936 -0.0030428
-0.0008292 -0.0025789
-0.0005942 -0.0021541
-0.0003810 -0.0018679
-0.0006261 -0.0015618
-0.0003233 -0.0012534
-0.0004178 -0.0009316
-0.0006273 -0.0012017
-0.0008792 -0.0015469
-0.0008635 -0.0014565
-0.0011906 -0.0017315
-0.0014070 -0.0016750
-0.0017716 -0.0018943
-0.0016549 -0.0017869
-0.0019113 -0.0016161
-0.0021596 -0.0015047
-0.0024866 -0.0019476
-0.0026986 -0.0019646
-0.0029271 -0.0024043
-0.0031718 -0.0025714
-0.0033083 -0.0029360
-0.0034043 -0.0027203
-0.0034588 -0.0029278
-0.0030381 -0.0030054
-0.0027244 -0.0032392
-0.0021672 -0.0035529
-0.0017461 -0.0038872
-0.0012079 -0.0044546
-0.0007715 -0.0047942
-0.0002959 -0.0050757
-0.0001259 -0.0055800
 0.0004244 -0.0057548
 0.0006104 -0.0059139
 0.0005474 -0.0058154
 0.0011760 -0.0056789
 0.0011897 -0.0058319
 0.0014179 -0.0057375
 0.0018373 -0.0054633
 0.0020271 -0.0056567
 0.0019520 -0.0056785
 0.0021240 -0.0052937
 0.0020477 -0.0049711
 0.0022972 -0.0045109
 0.0023832 -0.0041471
 0.0024223 -0.0038407
 0.0026500 -0.0035132
 0.0025268 -0.0028781
 0.0023718 -0.0028026
 0.0024517 -0.0026096
 0.0024081 -0.0026811
 0.0024065 -0.0028708
 0.0025809 -0.0029027
 0.0028317 -0.0030884
 0.0028127 -0.0029842
 0.0030840 -0.0035481
 0.0034143 -0.0034464
 0.0030166 -0.0034201
 0.0031568 -0.0029699
 0.0034322 -0.0027764
 0.0028629 -0.0022403
 0.0030385 -0.0020295
 0.0027180 -0.0016492
 0.0027963 -0.0015023
 0.0029756 -0.0013876
 0.0028206 -0.0010271
 0.0027822 -0.0008777
 0.0027075 -0.0006092
 0.0025101 -0.0001687
 0.0020676  0.0003270
 0.0026429  0.0004825
 0.0021810  0.0005600
 0.0022581  0.0006359
 0.0023344  0.0009678
 0.0022602  0.0006973
 0.0023979  0.0005410
 0.0025166  0.0005677
 0.0020385  0.0002960
 0.0022740  0.0004288
 0.0020640  0.0002815
 0.0019481  0.0002387
 0.0022566  0.0004288
 0.0022150  0.0003703
 0.0022324  0.0006557
 0.0024407  0.0006722
 0.0023627  0.0004925
 0.0017470  0.0002204
 0.0016291  0.0001845
 0.0015149 -0.0000687
 0.0005164  0.0000088
 0.0005890  0.0000508
 0.0001053  0.0001271
 0.0002386  0.0001453
 0.0002733  0.0003557
 0.0003835  0.0005426
 0.0003645  0.0004812
 0.0004606  0.0004816
 0.0003657  0.0007493
 0.0001578  0.0005744
 0.0002575  0.0008466
-0.0000642  0.0005991
-0.0000057  0.0009067
 0.0003758  0.0007929
 0.0006060  0.0005611
 0.0011413  0.0005789
 0.0015782  0.0000819
 0.0017696  0.0001198
 0.0018846  0.0000031
 0.0019638 -0.0003202
 0.0016343 -0.0005108
 0.0017655 -0.0005492
 0.0016698 -0.0004510
 0.0018430 -0.0001454
 0.0017243  0.0000286
 0.0020150  0.0001651
 0.0017490  0.0003932
 0.0020611  0.0007029
 0.0022504  0.0008418
 0.0023704  0.0006323
 0.0027539  0.0009028
 0.0030406  0.0008463
 0.0037108  0.0010199
 0.0040180  0.0011963
 0.0045340  0.0016380
 0.0047803  0.0021379
 0.0050121  0.0027310
 0.0052236  0.0031166
 0.0048594  0.0034828
 0.0045752  0.0035228
 0.0044836  0.0035183
 0.0043318  0.0034028
 0.0042418  0.0032449
 0.0040173  0.0031299
 0.0037921  0.0030931
 0.0033928  0.0029195
 0.0028178  0.0028073
 0.0022062  0.0028852
 0.0016543  0.0027306
 0.0009853  0.0026874
 0.0007180  0.0028593
 0.0009284  0.0029146
 0.0012703  0.0027976
 0.0014407  0.0030442
 0.0021064  0.0030446
 0.0025792  0.0031052
 0.0027912  0.0032041
 0.0027697  0.0028985
 0.0023438  0.0033241
 0.0024403  0.0030976
 0.0020394  0.0030774
 0.0016376  0.0032159
 0.0018694  0.0033330
 0.0018343  0.0032535
 0.0017212  0.0032345
 0.0019563  0.0029228
 0.0021323  0.0024931
 0.0017726  0.0024689
 0.0018126  0.0021963
 0.0016785  0.0017118
 0.0011758  0.0019544
 0.0011375  0.0018184
 0.0008892  0.0017033
 0.0007531  0.0016439
 0.0005444  0.0019161
 0.0004927  0.0020134
 0.0006462  0.0021099
 0.0009918  0.0024644
 0.0010358  0.0027345
 0.0006171  0.0035433
 0.0012119  0.0039329
 0.0010576  0.0043350
 0.0008444  0.0044323
 0.0012433  0.0041497
 0.0008375  0.0037815
 0.0009881  0.0037629
 0.0010220  0.0031880
 0.0013656  0.0031068
 0.0013038  0.0030047
 0.0016825  0.0031016
 0.0015436  0.0031944
 0.0014834  0.0037508
 0.0015003  0.0035227
 0.0008652  0.0032776
 0.0007118  0.0033584
 0.0004437  0.0026333
-0.0000912  0.0021762
 0.0000622  0.0020277
 0.0000650  0.0015315
-0.0000315  0.0020721
 0.0006388  0.0020705
 0.0000642  0.0023955
 0.0001583  0.0033710
 0.0001163  0.0036395
-0.0004586  0.0036762
-0.0005988  0.0038817
-0.0009831  0.0039568
-0.0014430  0.0041861
-0.0018843  0.0043952
-0.0015944  0.0041461
-0.0019590  0.0039305
-0.0017817  0.0040443
-0.0016828  0.0036406
-0.0016238  0.0034266
-0.0012019  0.0033906
-0.0009916  0.0030103
-0.0007784  0.0030124
-0.0003540  0.0029207
-0.0004497  0.0026914
-0.0003508  0.0031949
-0.0003088  0.0034650
 0.0000623  0.0036737
-0.0002966  0.0044768
-0.0002187  0.0048418
-0.0002493  0.0044788
-0.0005578  0.0044598
-0.0005182  0.0044062
-0.0008993  0.0038728
-0.0007124  0.0038106
-0.0003890  0.0034897
-0.0001654  0.0029656
-0.0001364  0.0031913
 0.0005290  0.0027104
 0.0003501  0.0028787
 0.0004599  0.0032825
 0.0006100  0.0035155
 0.0002067  0.0034973
-0.0004280  0.0038635
-0.0007163  0.0036403
-0.0017503  0.0034703
-0.0019037  0.0031873
-0.0015181  0.0026160
-0.0016097  0.0021772
-0.0010307  0.0016987
-0.0003758  0.0015279
-0.0001255  0.0012937
 0.0003154  0.0016741
 0.0005826  0.0016696
 0.0005620  0.0014944
 0.0005543  0.0016276
 0.0001494  0.0013203
-0.0002391  0.0012945
-0.0005673  0.0012731
-0.0013764  0.0013485
-0.0019558  0.0009960
-0.0023963  0.0009617
-0.0028554  0.0002099
-0.0035991  0.0002293
-0.0035962 -0.0003840
-0.0036095 -0.0006125
-0.0041283 -0.0004191
-0.0041849 -0.0003993
-0.0042385 -0.0003779
-0.0045284 -0.0000702
-0.0047392  0.0000481
-0.0049479 -0.0002527
-0.0051781 -0.0001525
-0.0050408 -0.0000112
-0.0052091 -0.0000112
-0.0051287  0.0003328
-0.0050880  0.0006393
-0.0050896  0.0012699
-0.0047819  0.0016143
-0.0044198  0.0020176
-0.0044024  0.0023431
-0.0042498  0.0021872
-0.0039668  0.0023471
-0.0038138  0.0021327
-0.0037387  0.0022106
-0.0036051  0.0017710
-0.0041106  0.0020548
-0.0044001  0.0015158
-0.0041514  0.0014172
-0.0045753  0.0011778
-0.0046537  0.0012516
-0.0046763  0.0009266
-0.0052141  0.0005790
-0.0051782  0.0006008
-0.0053134  0.0005698
-0.0054854  0.0006279
-0.0054067  0.0006340
-0.0054466  0.0005605
-0.0053320  0.0004991
-0.0048491  0.0003090
-0.0050417  0.0000170
-0.0047348  0.0001083
-0.0040795 -0.0004320
-0.0038530 -0.0006843
-0.0035297 -0.0005535
-0.0031251 -0.0007308
-0.0023984 -0.0005455
-0.0024977 -0.0004184
-0.0018118 -0.0002121
-0.0017573 -0.0005420
-0.0014908 -0.0008512
-0.0011654 -0.0010777
-0.0009946 -0.0015570
-0.0008973 -0.0018795
-0.0009130 -0.0019522
-0.0011956 -0.0019877
-0.0013478 -0.0019881
-0.0018622 -0.0017604
-0.0022203 -0.0017616
-0.0023713 -0.0016676
-0.0021968 -0.0013797
-0.0027144 -0.0012073
-0.0027104 -0.0012873
-0.0028658 -0.0012513
-0.0030532 -0.0014221
-0.0032680 -0.0018057
-0.0033261 -0.0023806
-0.0035603 -0.0027629
-0.0032765 -0.0032026
-0.0031094 -0.0035421
-0.0029023 -0.0037682
-0.0029422 -0.0038978
-0.0021174 -0.0040839
-0.0019397 -0.0040811
-0.0013587 -0.0040039
-0.0012783 -0.0040047
-0.0007179 -0.0038364
-0.0002124 -0.0037460
 0.0002520 -0.0035001
 0.0006581 -0.0033322
 0.0010441 -0.0033924
 0.0012961 -0.0033960
 0.0013906 -0.0030706
 0.0015630 -0.0032834
 0.0015799 -0.0036669
 0.0020979 -0.0033346
 0.0023615 -0.0034509
 0.0021818 -0.0028542
