[PARAMETERS]
DW=1E-007
TAU=6E-005
TD=4096
BS=4096
NS=256
NSC=256
FR=56.130000
GAIN=4.974204
D0=0.05
D1=4.5E-006
D2=1E-005
D3=2.5E-005
D4=1E-005
D5=5E-005
D6=0.001
D7=0.001
D8=0.001
D9=0.05
C0=1
SEGTD=0
SEGOFF=0
SEGNUM=0
[ADDITIONAL]
PPFILE=ZG_two_T2.PC
DATEWR=27.09.2024
TIMEWR=09:29:14
DATESTA=27.09.2024
TIMESTA=09:28:55
DATEEND=27.09.2024
TIMEEND=09:29:14
CURR_Z0=0
CURR_Z1=1
TE=-1
[VARIABLES]
_USER=Measurements
_EMAIL_F=7NMR.NMR-270-ijs.si
_ITC_H=1
_ITC_R0= 35.00
_ITC_R1= 35.00
_ITC_R2= 53.10
_ITC_R3=  0.00
_ITC_R4=  0.00
_ITC_V=  2.42
_ITC_X=X0A1C1S00H1
_FW=100
_ORIENT=?
_THETA=0
_TITLE=?
_DESCR1=?
_DESCR2=?
_FR_LARM=56.13000000
_FR_SYNT=526.13000000
_TRIMLEV=1.533203125
_DATE=27.09.2024
_TIME=09:16:34
[PPFILE]
; pi/2 - pi


DELAY D9
PULSE [GT] 3u
PULSE [PHL1,GT] D1
DELAY TAU-3u
PULSE [GT] 3u
PULSE [PHL2,GT] 2*D1
DELAY TAU-D3
PULSE [TR] 1u+DW
DELAY 1m
STOP

;PHL 1 [+X] [+X] [+Y] [+Y] [-X] [-X] [-Y] [-Y]
;PHL 2 [+Y] [-Y] [-X] [+X] [-Y] [+Y] [+X] [-X]
;!RLS +X+X+Y+Y-X-X-Y-Y

PHL 1 [+X] [+X] [-X] [-X] [+Y] [+Y] [-Y] [-Y] [+X] [+X] [-X] [-X] [+Y] [+Y] [-Y] [-Y]
PHL 2 [+Y] [-Y] [-Y] [+Y] [-X] [+X] [+X] [-X] [+X] [-X] [-X] [+X] [-Y] [+Y] [+Y] [-Y]
!RLS +X+X-X-X+Y+Y-Y-Y-X-X+X+X-Y-Y+Y+Y
[DATA]
 0.0000585  0.0000380
 0.0001936  0.0001635
 0.0001048  0.0002691
 0.0000664  0.0001353
-0.0000561  0.0000184
 0.0001048  0.0001825
 0.0001742  0.0001151
-0.0000660  0.0002495
-0.0000287  0.0000357
-0.0000392 -0.0000018
 0.0001514  0.0001147
 0.0000939  0.0000103
 0.0002566  0.0000779
 0.0001528  0.0000757
 0.0000367  0.0001054
-0.0000297  0.0001042
-0.0000783 -0.0001332
 0.0001615  0.0002114
 0.0002305 -0.0000095
-0.0000105  0.0001441
 0.0001609  0.0000957
 0.0000394  0.0000192
 0.0000644  0.0002471
 0.0001427  0.0001330
 0.0000672  0.0002219
 0.0000452  0.0002776
-0.0000016  0.0002877
-0.0000287  0.0001920
 0.0000636  0.0002390
 0.0000741  0.0002114
 0.0001336  0.0001155
 0.0002384  0.0002875
 0.0001506  0.0001815
 0.0000097 -0.0001246
-0.0000299  0.0000662
 0.0001450  0.0000380
-0.0000763  0.0000006
 0.0000489  0.0002312
 0.0000095 -0.0000297
-0.0000757 -0.0001908
 0.0001724  0.0000769
 0.0000662 -0.0000382
 0.0000394 -0.0001728
 0.0000186  0.0001726
-0.0000277 -0.0000004
-0.0000543 -0.0002978
 0.0002095  0.0000777
-0.0000204 -0.0000765
 0.0000583  0.0000113
 0.0001239 -0.0000285
 0.0000581 -0.0000660
-0.0000769  0.0000472
 0.0000953 -0.0001332
 0.0001998  0.0000121
 0.0001437 -0.0000961
 0.0001904  0.0000862
 0.0001518 -0.0000951
 0.0000182  0.0000561
 0.0000289  0.0000283
 0.0002099 -0.0000858
 0.0001910 -0.0002091
 0.0002473  0.0000482
 0.0000658  0.0000658
 0.0003147  0.0001260
 0.0000448 -0.0000204
 0.0000957  0.0000083
 0.0000864  0.0000010
 0.0001029  0.0000588
 0.0001811  0.0001064
 0.0001322 -0.0000285
 0.0001248  0.0001367
-0.0001074  0.0000658
 0.0001534  0.0001050
 0.0000961 -0.0002138
 0.0001233  0.0000186
 0.0001262 -0.0001546
-0.0000767 -0.0000763
 0.0001048 -0.0001048
-0.0000311 -0.0000590
 0.0000880  0.0000305
 0.0002398 -0.0002128
 0.0000937  0.0000299
 0.0000281  0.0001427
-0.0001373  0.0002005
 0.0001504  0.0000113
 0.0000266 -0.0000973
 0.0001036  0.0001736
 0.0001821 -0.0001645
 0.0000371 -0.0001134
 0.0001415  0.0001522
 0.0000182  0.0001355
 0.0002862 -0.0001722
 0.0001419 -0.0000485
 0.0000472  0.0000870
 0.0001817 -0.0002126
 0.0001439  0.0001647
-0.0000878 -0.0001540
-0.0000097 -0.0000097
 0.0000759 -0.0000478
-0.0000014 -0.0000402
-0.0000281  0.0000482
 0.0001036  0.0000097
 0.0000967 -0.0000361
 0.0002303 -0.0001070
 0.0000852  0.0001056
 0.0001355  0.0000293
 0.0000176  0.0001355
 0.0001143 -0.0000973
-0.0001625 -0.0000779
 0.0001072  0.0000668
-0.0000785 -0.0000113
-0.0001340  0.0000270
-0.0000476  0.0000767
-0.0000303 -0.0000297
-0.0001990 -0.0000789
-0.0002499  0.0000087
 0.0001262 -0.0000977
-0.0000691  0.0001435
 0.0000470  0.0001631
 0.0001056  0.0001260
 0.0002194  0.0000491
 0.0001946 -0.0000763
 0.0000955  0.0000769
 0.0000884 -0.0000751
 0.0001526  0.0000688
 0.0000113 -0.0001068
 0.0001149 -0.0000767
 0.0002295  0.0000777
-0.0001506 -0.0003056
 0.0000771 -0.0000836
-0.0000279 -0.0002586
-0.0000008 -0.0000963
 0.0000010 -0.0001072
 0.0002091 -0.0000656
 0.0002572 -0.0001538
 0.0000848 -0.0001542
 0.0000169  0.0000567
-0.0001629 -0.0000297
-0.0000569  0.0001353
 0.0001639 -0.0000204
 0.0001344 -0.0000281
 0.0001732 -0.0000491
 0.0001365 -0.0000113
-0.0000763  0.0001538
 0.0001344  0.0000666
-0.0000287 -0.0000105
 0.0000485 -0.0000083
 0.0001246  0.0000489
 0.0000194 -0.0000939
 0.0001548 -0.0001534
-0.0001922 -0.0001538
 0.0001639 -0.0002299
 0.0000083 -0.0001728
 0.0002879  0.0000109
 0.0000874 -0.0001536
 0.0002005 -0.0000553
 0.0000369  0.0000371
-0.0001048 -0.0001342
 0.0001132  0.0000862
 0.0000279 -0.0001252
 0.0000006 -0.0000293
-0.0000684 -0.0002194
 0.0001423 -0.0000945
 0.0000571  0.0000272
 0.0001165 -0.0002303
-0.0000202 -0.0000002
-0.0000660 -0.0002015
 0.0001914 -0.0000864
 0.0001722  0.0000194
-0.0000686 -0.0000662
-0.0000224  0.0000480
-0.0000947 -0.0002996
 0.0000075 -0.0002108
 0.0001241 -0.0001631
-0.0000953 -0.0002295
-0.0001044 -0.0002869
-0.0001336 -0.0001835
-0.0001046 -0.0001920
-0.0002291 -0.0000406
 0.0000577 -0.0000174
 0.0000020 -0.0001528
 0.0001126 -0.0000194
 0.0000293 -0.0000279
 0.0002400 -0.0000654
 0.0002106 -0.0001443
 0.0002095  0.0000367
 0.0000491 -0.0001421
 0.0000947 -0.0002122
 0.0000967  0.0001730
-0.0000908  0.0000670
 0.0000529  0.0005832
-0.0001053  0.0007946
 0.0000604  0.0010843
 0.0001283  0.0013596
 0.0000134  0.0013699
 0.0001598  0.0015268
 0.0002924  0.0012076
 0.0004129  0.0008927
 0.0006047  0.0007665
 0.0007565  0.0006849
 0.0007666  0.0003542
 0.0002564  0.0005218
-0.0000801  0.0007777
-0.0005333  0.0007493
-0.0012484  0.0012562
-0.0020896  0.0014847
-0.0028769  0.0015115
-0.0033332  0.0020469
-0.0035841  0.0022205
-0.0039558  0.0023669
-0.0039433  0.0027363
-0.0037272  0.0027545
-0.0035477  0.0026645
-0.0033490  0.0028099
-0.0032196  0.0028117
-0.0029699  0.0023884
-0.0026996  0.0020569
-0.0025260  0.0013345
-0.0022317  0.0008413
-0.0018862  0.0005115
-0.0016396  0.0000500
-0.0019777  0.0002684
-0.0022678  0.0000479
-0.0023084  0.0000441
-0.0024061 -0.0001268
-0.0020054 -0.0003420
-0.0013750 -0.0005479
-0.0004157 -0.0007457
 0.0009191 -0.0009849
 0.0018605 -0.0010406
 0.0029736 -0.0011866
 0.0038174 -0.0011626
 0.0045179 -0.0013170
 0.0050574 -0.0011390
 0.0057688 -0.0009291
 0.0061693 -0.0007302
 0.0065617 -0.0002968
 0.0068417  0.0004431
 0.0068219  0.0009524
 0.0069503  0.0013963
 0.0070955  0.0015437
 0.0073008  0.0018558
 0.0075940  0.0017463
 0.0080613  0.0017037
 0.0085749  0.0017172
 0.0094529  0.0013854
 0.0100537  0.0010006
 0.0107560  0.0012285
 0.0112769  0.0008590
 0.0115367  0.0008721
 0.0116687  0.0009413
 0.0118502  0.0004730
 0.0123143  0.0005050
 0.0123502  0.0005086
 0.0125105  0.0004650
 0.0128040  0.0005760
 0.0129267  0.0003770
 0.0132905  0.0006947
 0.0135572  0.0008613
 0.0141416  0.0012215
 0.0146437  0.0012181
 0.0154663  0.0016741
 0.0159663  0.0017731
 0.0163781  0.0019105
 0.0171901  0.0020767
 0.0177403  0.0022320
 0.0184665  0.0018611
 0.0192774  0.0017122
 0.0201741  0.0012244
 0.0211868  0.0008633
 0.0221449  0.0003629
 0.0228700 -0.0000429
 0.0237112 -0.0005044
 0.0243150 -0.0009058
 0.0250079 -0.0011612
 0.0256896 -0.0010964
 0.0265377 -0.0011590
 0.0271183 -0.0009787
 0.0282424 -0.0009870
 0.0292251 -0.0009777
 0.0302989 -0.0012640
 0.0313147 -0.0015084
 0.0325041 -0.0017438
 0.0331721 -0.0021523
 0.0339407 -0.0020393
 0.0346591 -0.0025605
 0.0354418 -0.0027845
 0.0364400 -0.0032389
 0.0376216 -0.0035912
 0.0389853 -0.0038948
 0.0402072 -0.0040389
 0.0408908 -0.0039364
 0.0417045 -0.0034202
 0.0418503 -0.0033857
 0.0415275 -0.0032079
 0.0414768 -0.0031037
 0.0411871 -0.0033672
 0.0411357 -0.0035995
 0.0411043 -0.0037806
 0.0412727 -0.0042994
 0.0417493 -0.0046046
 0.0424698 -0.0049175
 0.0430443 -0.0051495
 0.0438326 -0.0049775
 0.0446938 -0.0046265
 0.0454424 -0.0046059
 0.0465094 -0.0041994
 0.0473153 -0.0040131
 0.0479588 -0.0039574
 0.0487158 -0.0040833
 0.0494381 -0.0044929
 0.0501147 -0.0049429
 0.0509922 -0.0053959
 0.0515171 -0.0057262
 0.0520733 -0.0059814
 0.0528638 -0.0061141
 0.0535992 -0.0062574
 0.0544630 -0.0063013
 0.0551629 -0.0061886
 0.0560530 -0.0060928
 0.0562672 -0.0059498
 0.0565444 -0.0060243
 0.0568959 -0.0060857
 0.0569562 -0.0063144
 0.0571408 -0.0066095
 0.0575278 -0.0070169
 0.0581643 -0.0075114
 0.0588519 -0.0078602
 0.0596707 -0.0084208
 0.0606496 -0.0087040
 0.0617068 -0.0087864
 0.0624253 -0.0085181
 0.0629514 -0.0079789
 0.0635160 -0.0077560
 0.0634028 -0.0072580
 0.0627891 -0.0072749
 0.0621405 -0.0071386
 0.0611491 -0.0071409
 0.0604232 -0.0072063
 0.0595921 -0.0072523
 0.0588738 -0.0072246
 0.0581667 -0.0070898
 0.0577062 -0.0071578
 0.0568737 -0.0069592
 0.0561227 -0.0068385
 0.0551210 -0.0067939
 0.0543038 -0.0068219
 0.0538798 -0.0066735
 0.0535528 -0.0068705
 0.0529421 -0.0068273
 0.0528895 -0.0071386
 0.0528184 -0.0076598
 0.0526767 -0.0082523
 0.0529202 -0.0086590
 0.0527595 -0.0090979
 0.0527795 -0.0091992
 0.0526964 -0.0089271
 0.0524325 -0.0087540
 0.0521970 -0.0086192
 0.0516566 -0.0087579
 0.0509032 -0.0089515
 0.0501884 -0.0092808
 0.0496634 -0.0096926
 0.0484955 -0.0097261
 0.0480187 -0.0093363
 0.0471801 -0.0089455
 0.0463565 -0.0085157
 0.0459420 -0.0081122
 0.0453473 -0.0077532
 0.0448178 -0.0073404
 0.0444047 -0.0072132
 0.0439697 -0.0072592
 0.0434486 -0.0072669
 0.0428862 -0.0070929
 0.0425238 -0.0071177
 0.0422764 -0.0067424
 0.0418932 -0.0063992
 0.0417030 -0.0062117
 0.0411664 -0.0057173
 0.0407768 -0.0053554
 0.0401673 -0.0053477
 0.0394088 -0.0046981
 0.0387469 -0.0045624
 0.0377275 -0.0045641
 0.0367815 -0.0041918
 0.0355128 -0.0041795
 0.0345268 -0.0038341
 0.0334951 -0.0037739
 0.0323892 -0.0037703
 0.0316157 -0.0037289
 0.0310452 -0.0036124
 0.0306861 -0.0034420
 0.0301578 -0.0031606
 0.0299266 -0.0027466
 0.0295138 -0.0024459
 0.0287305 -0.0021857
 0.0283524 -0.0021058
 0.0276779 -0.0022011
 0.0270581 -0.0021252
 0.0268066 -0.0023787
 0.0265901 -0.0029881
 0.0262655 -0.0029669
 0.0260212 -0.0030575
 0.0255207 -0.0031322
 0.0245439 -0.0029519
 0.0235472 -0.0028094
 0.0222282 -0.0029887
 0.0210832 -0.0030719
 0.0198504 -0.0032976
 0.0188176 -0.0038213
 0.0177677 -0.0043450
 0.0169875 -0.0049955
 0.0162581 -0.0054365
 0.0152538 -0.0057622
 0.0145862 -0.0062947
 0.0135407 -0.0066457
 0.0129415 -0.0067683
 0.0125018 -0.0069840
 0.0117693 -0.0067690
 0.0115309 -0.0065635
 0.0113112 -0.0061191
 0.0106828 -0.0058684
 0.0101718 -0.0052735
 0.0098002 -0.0047244
 0.0091524 -0.0046671
 0.0088694 -0.0041860
 0.0085761 -0.0039956
 0.0083508 -0.0036745
 0.0080757 -0.0033529
 0.0080575 -0.0028749
 0.0077383 -0.0026484
 0.0074189 -0.0022166
 0.0072903 -0.0021746
 0.0066470 -0.0023286
 0.0061764 -0.0025392
 0.0060530 -0.0029241
 0.0058342 -0.0032092
 0.0058926 -0.0036031
 0.0060656 -0.0040835
 0.0063082 -0.0045567
 0.0065285 -0.0051719
 0.0065681 -0.0055011
 0.0065818 -0.0059511
 0.0061656 -0.0062928
 0.0060083 -0.0065360
 0.0051884 -0.0068163
 0.0046540 -0.0071239
 0.0039208 -0.0073609
 0.0034044 -0.0074669
 0.0028231 -0.0078383
 0.0024803 -0.0079322
 0.0021545 -0.0077963
 0.0021737 -0.0075841
 0.0023945 -0.0074596
 0.0025778 -0.0069593
 0.0033538 -0.0065606
 0.0038718 -0.0061855
 0.0044752 -0.0055381
 0.0049423 -0.0049663
 0.0048561 -0.0045317
 0.0049153 -0.0042349
 0.0051194 -0.0039483
 0.0052161 -0.0042221
 0.0056130 -0.0040073
 0.0060856 -0.0042681
 0.0062883 -0.0038870
 0.0061684 -0.0037150
 0.0056526 -0.0037253
 0.0049909 -0.0032174
 0.0041594 -0.0032495
 0.0033799 -0.0033179
 0.0030357 -0.0036295
 0.0027254 -0.0035102
 0.0028869 -0.0037262
 0.0030210 -0.0035696
 0.0031627 -0.0034495
 0.0032666 -0.0034412
 0.0032767 -0.0033768
 0.0031411 -0.0033956
 0.0030335 -0.0032357
 0.0028310 -0.0032854
 0.0028413 -0.0035931
 0.0028687 -0.0034219
 0.0028142 -0.0038145
 0.0025996 -0.0037651
 0.0023798 -0.0038389
 0.0022086 -0.0038547
 0.0015543 -0.0036788
 0.0011586 -0.0035595
 0.0007367 -0.0035332
 0.0002082 -0.0034343
-0.0000926 -0.0031827
-0.0002870 -0.0025390
-0.0007031 -0.0021560
-0.0011806 -0.0012954
-0.0011745 -0.0006351
-0.0017228 -0.0000192
-0.0022988  0.0006674
-0.0024136  0.0011953
-0.0028273  0.0014831
-0.0031755  0.0014440
-0.0034180  0.0013374
-0.0034578  0.0010134
-0.0036611  0.0005909
-0.0035087  0.0003656
-0.0035668 -0.0002612
-0.0035856 -0.0006847
-0.0033161 -0.0011117
-0.0033280 -0.0016402
-0.0032107 -0.0016828
-0.0028998 -0.0021051
-0.0022371 -0.0022612
-0.0018351 -0.0022178
-0.0015097 -0.0019431
-0.0008639 -0.0020022
-0.0007876 -0.0021595
-0.0001945 -0.0020660
 0.0001400 -0.0021141
 0.0001985 -0.0018268
 0.0005431 -0.0017677
 0.0006072 -0.0017824
 0.0007493 -0.0013370
 0.0009187 -0.0011701
 0.0010029 -0.0011295
 0.0007973 -0.0012035
 0.0011622 -0.0017024
 0.0012014 -0.0023357
 0.0015256 -0.0030632
 0.0017652 -0.0034825
 0.0015016 -0.0039869
 0.0011302 -0.0042144
 0.0009311 -0.0042193
 0.0003609 -0.0040943
-0.0002766 -0.0042249
-0.0006505 -0.0043868
-0.0006963 -0.0042530
-0.0005992 -0.0043476
-0.0002164 -0.0041657
 0.0000799 -0.0039441
 0.0003878 -0.0036465
 0.0005280 -0.0032472
 0.0005680 -0.0028374
 0.0007400 -0.0021020
 0.0006817 -0.0017780
 0.0004447 -0.0012120
 0.0003781 -0.0007633
 0.0004370 -0.0003844
 0.0003779 -0.0002746
 0.0002787 -0.0000049
 0.0002888  0.0001488
 0.0006756  0.0002894
 0.0009647  0.0004814
 0.0012151  0.0007376
 0.0012258  0.0010238
 0.0014910  0.0011484
 0.0015643  0.0012078
 0.0012812  0.0012938
 0.0008460  0.0012855
 0.0003792  0.0012409
-0.0002844  0.0010162
-0.0008749  0.0003363
-0.0016077 -0.0002134
-0.0024653 -0.0006562
-0.0028896 -0.0012591
-0.0034188 -0.0017186
-0.0040167 -0.0017465
-0.0044291 -0.0017414
-0.0047214 -0.0016959
-0.0050418 -0.0012044
-0.0051289 -0.0013481
-0.0051338 -0.0013194
-0.0050637 -0.0013505
-0.0048899 -0.0011315
-0.0049185 -0.0008558
-0.0048529 -0.0007001
-0.0048560 -0.0004092
-0.0051069 -0.0001245
-0.0050052  0.0000277
-0.0047343 -0.0002355
-0.0043798 -0.0005936
-0.0038475 -0.0007956
-0.0029415 -0.0006614
-0.0020805 -0.0005502
-0.0014642 -0.0004200
-0.0009963  0.0003158
-0.0008633  0.0007355
-0.0008725  0.0012917
-0.0010042  0.0015085
-0.0006559  0.0016790
-0.0005285  0.0017648
-0.0000926  0.0014638
 0.0005907  0.0011761
 0.0014832  0.0012415
 0.0020723  0.0011253
 0.0025919  0.0007021
 0.0031563  0.0004918
 0.0035324  0.0000206
 0.0039756 -0.0004356
 0.0043521 -0.0011426
 0.0050558 -0.0020225
 0.0055375 -0.0025193
 0.0060470 -0.0027860
 0.0066900 -0.0030274
 0.0068598 -0.0032790
 0.0069716 -0.0031304
 0.0070122 -0.0033380
 0.0067715 -0.0031119
 0.0064932 -0.0030588
 0.0059106 -0.0028594
 0.0056637 -0.0023513
 0.0053086 -0.0017436
 0.0049900 -0.0011071
 0.0044062 -0.0005259
 0.0038486  0.0002011
 0.0033387  0.0008098
 0.0030813  0.0010735
 0.0029941  0.0014021
 0.0031873  0.0016527
 0.0034851  0.0015194
 0.0040697  0.0019042
 0.0043507  0.0015124
 0.0045320  0.0017342
 0.0043469  0.0015643
 0.0037264  0.0010755
 0.0029790  0.0006901
 0.0021156  0.0000811
 0.0014112 -0.0003637
 0.0009647 -0.0007684
 0.0004390 -0.0013024
 0.0004038 -0.0013886
 0.0002548 -0.0014664
-0.0000024 -0.0017052
-0.0000999 -0.0017794
-0.0000862 -0.0020570
-0.0002151 -0.0023138
-0.0003346 -0.0024896
-0.0002641 -0.0026673
 0.0000886 -0.0027172
 0.0003094 -0.0029207
 0.0009536 -0.0029043
 0.0014549 -0.0030786
 0.0018007 -0.0031085
 0.0019808 -0.0028049
 0.0023637 -0.0024825
 0.0026128 -0.0021716
 0.0025526 -0.0015337
 0.0024087 -0.0008952
 0.0021939 -0.0005169
 0.0014419 -0.0000111
 0.0006786 -0.0000690
-0.0000161  0.0001133
-0.0005369 -0.0003340
-0.0009138 -0.0005527
-0.0007685 -0.0009208
-0.0006326 -0.0011189
-0.0004380 -0.0016653
-0.0003383 -0.0020677
-0.0003136 -0.0022421
-0.0004755 -0.0025536
-0.0005419 -0.0022775
-0.0009844 -0.0021467
-0.0011421 -0.0017823
-0.0011282 -0.0012118
-0.0011032 -0.0005396
-0.0007746 -0.0002246
-0.0005713 -0.0000553
-0.0001305 -0.0000388
 0.0003021 -0.0002021
 0.0005338 -0.0004986
 0.0008188 -0.0007538
 0.0013381 -0.0012265
 0.0011996 -0.0014441
 0.0013244 -0.0014607
 0.0014490 -0.0012215
 0.0013996 -0.0014455
 0.0013601 -0.0012554
 0.0016861 -0.0008627
 0.0016384 -0.0008353
 0.0017438 -0.0004015
 0.0016635  0.0000520
 0.0015066  0.0004268
 0.0015064  0.0006972
 0.0012970  0.0009772
 0.0009504  0.0010654
 0.0008902  0.0011666
 0.0008298  0.0011785
 0.0008365  0.0011636
 0.0009766  0.0012175
 0.0013946  0.0015391
 0.0015575  0.0019877
 0.0021121  0.0025209
 0.0023360  0.0029111
 0.0021959  0.0031855
 0.0023445  0.0030591
 0.0022615  0.0029731
 0.0022008  0.0031584
 0.0020290  0.0031788
 0.0021952  0.0035449
 0.0020932  0.0038818
 0.0018054  0.0044604
 0.0018056  0.0042728
 0.0014810  0.0040507
 0.0013084  0.0038016
 0.0008578  0.0035719
 0.0005112  0.0032291
 0.0003002  0.0032501
-0.0002255  0.0037413
-0.0005573  0.0039633
-0.0009504  0.0045415
-0.0016072  0.0048760
-0.0022373  0.0048385
-0.0027627  0.0044828
-0.0035107  0.0040098
-0.0041096  0.0030888
-0.0041952  0.0022599
-0.0043103  0.0015539
-0.0036302  0.0011407
-0.0033764  0.0010220
-0.0029749  0.0012781
-0.0024612  0.0011243
-0.0024650  0.0014620
-0.0026770  0.0017412
-0.0029582  0.0015531
-0.0032275  0.0013743
-0.0030261  0.0009257
-0.0027467  0.0006011
-0.0026209  0.0004650
-0.0020813  0.0002256
-0.0015423  0.0004164
-0.0012536  0.0007133
-0.0011060  0.0009627
-0.0004045  0.0011462
-0.0003748  0.0014340
-0.0000477  0.0016842
-0.0000065  0.0019910
-0.0003114  0.0020704
-0.0003964  0.0019745
-0.0006820  0.0016020
-0.0007004  0.0010614
-0.0007985  0.0004564
-0.0005431  0.0000215
-0.0003865 -0.0003057
 0.0000108 -0.0007054
 0.0003909 -0.0009226
 0.0006214 -0.0011093
 0.0007670 -0.0015221
 0.0006566 -0.0015631
 0.0003841 -0.0017871
 0.0001986 -0.0019423
 0.0000018 -0.0021266
-0.0000890 -0.0022687
 0.0001344 -0.0025434
 0.0005457 -0.0025065
 0.0008277 -0.0024718
 0.0014476 -0.0022342
 0.0015219 -0.0016040
 0.0013687 -0.0008352
 0.0008565 -0.0001918
 0.0007087  0.0002632
 0.0001132  0.0007851
 0.0001226  0.0009696
 0.0002893  0.0011576
 0.0002826  0.0012629
 0.0002768  0.0014267
 0.0005616  0.0016756
 0.0003807  0.0022675
 0.0001181  0.0028048
-0.0001263  0.0033089
-0.0003496  0.0036731
-0.0004095  0.0037859
 0.0001051  0.0038313
 0.0001166  0.0040905
 0.0003373  0.0041184
 0.0004324  0.0041242
 0.0006712  0.0040231
 0.0005417  0.0040986
 0.0006631  0.0039035
 0.0005348  0.0039328
 0.0004095  0.0040115
 0.0000620  0.0038585
-0.0001053  0.0038236
-0.0001689  0.0037984
-0.0004857  0.0038658
-0.0005285  0.0038285
-0.0003941  0.0036934
-0.0002118  0.0037710
-0.0000745  0.0031276
-0.0000793  0.0028300
 0.0000003  0.0025490
 0.0000160  0.0025835
-0.0004121  0.0023570
-0.0007852  0.0028580
-0.0012339  0.0032833
-0.0018862  0.0034014
-0.0025368  0.0035136
-0.0028917  0.0037401
-0.0034182  0.0035517
-0.0036388  0.0031946
-0.0038072  0.0032241
-0.0035653  0.0031758
-0.0030332  0.0035309
-0.0023020  0.0035683
-0.0016350  0.0036091
-0.0007697  0.0041879
 0.0001139  0.0044132
 0.0006309  0.0048965
 0.0010144  0.0048628
 0.0013267  0.0048979
 0.0014038  0.0046101
 0.0018413  0.0041522
 0.0020399  0.0035196
 0.0020985  0.0025390
 0.0019055  0.0018670
 0.0020573  0.0009755
 0.0016677  0.0003358
 0.0014751 -0.0000820
 0.0015062 -0.0005459
 0.0016973 -0.0006208
 0.0016370 -0.0006485
 0.0021196 -0.0008558
 0.0022569 -0.0012787
 0.0026587 -0.0014220
 0.0029672 -0.0016909
 0.0032487 -0.0025148
 0.0038774 -0.0029472
 0.0041149 -0.0031224
 0.0045195 -0.0031105
 0.0044690 -0.0024308
 0.0043189 -0.0018704
 0.0036563 -0.0009642
 0.0028222 -0.0009049
 0.0021493 -0.0008066
 0.0015732 -0.0009284
 0.0011944 -0.0012906
 0.0015459 -0.0015902
 0.0013393 -0.0017612
 0.0014842 -0.0013900
 0.0011444 -0.0011986
 0.0009498 -0.0008801
 0.0006409 -0.0004169
 0.0003414 -0.0004145
 0.0003356 -0.0000945
 0.0003528 -0.0001559
 0.0004108 -0.0002972
 0.0003971 -0.0002935
 0.0005095 -0.0003656
 0.0004468 -0.0004497
 0.0004300 -0.0004071
 0.0005570 -0.0003782
 0.0003919 -0.0002708
 0.0005354 -0.0005886
 0.0009145 -0.0010097
 0.0007857 -0.0014427
 0.0015263 -0.0019143
 0.0018798 -0.0023742
 0.0024133 -0.0020691
 0.0024604 -0.0017425
 0.0026128 -0.0016109
 0.0026582 -0.0012477
 0.0024385 -0.0009330
 0.0020629 -0.0007645
 0.0017544 -0.0007177
 0.0015121 -0.0005842
 0.0012158 -0.0005976
 0.0013094 -0.0007522
 0.0014328 -0.0007710
 0.0019029 -0.0009731
 0.0021979 -0.0009718
 0.0027639 -0.0006369
 0.0027298 -0.0004476
 0.0028552 -0.0000955
 0.0026963  0.0002107
 0.0023459  0.0002448
 0.0021804  0.0004628
 0.0019325  0.0006837
 0.0017357  0.0007309
 0.0014464  0.0008660
 0.0017127  0.0009057
 0.0019414  0.0010808
 0.0021384  0.0013781
 0.0023869  0.0014373
 0.0022151  0.0013785
 0.0023027  0.0016456
 0.0024112  0.0019500
 0.0017508  0.0020259
 0.0014747  0.0021327
 0.0010225  0.0020316
 0.0009096  0.0018637
 0.0008410  0.0018401
 0.0007828  0.0016443
 0.0009086  0.0016607
 0.0010699  0.0014445
 0.0009833  0.0013460
 0.0006310  0.0012172
 0.0007649  0.0010774
 0.0005362  0.0005828
 0.0003283  0.0004207
 0.0004567  0.0000089
 0.0004315 -0.0002617
 0.0004854 -0.0004823
 0.0005841 -0.0004759
 0.0003170 -0.0006010
 0.0000736 -0.0003057
 0.0000948 -0.0002387
-0.0002748 -0.0000564
-0.0002847  0.0001760
-0.0002168  0.0002356
-0.0005140  0.0002180
-0.0003022  0.0001215
-0.0001690 -0.0003890
-0.0002833 -0.0004409
-0.0000539 -0.0005225
 0.0003896 -0.0007850
 0.0004275 -0.0006893
 0.0009740 -0.0007398
 0.0017161 -0.0008952
 0.0020318 -0.0006568
 0.0024647 -0.0003530
 0.0026562  0.0001765
 0.0024265  0.0008251
 0.0023678  0.0013511
 0.0022989  0.0016883
 0.0022036  0.0022780
 0.0025105  0.0028570
 0.0025593  0.0033701
 0.0030394  0.0039933
 0.0034030  0.0047399
 0.0033995  0.0052459
 0.0033179  0.0056761
 0.0032293  0.0062688
 0.0029475  0.0064870
 0.0030459  0.0065365
 0.0029553  0.0065202
 0.0028656  0.0060401
 0.0029653  0.0055118
 0.0032316  0.0050231
 0.0029512  0.0042999
 0.0029715  0.0038005
 0.0030890  0.0033408
 0.0028412  0.0025220
 0.0026032  0.0023179
 0.0023746  0.0018003
 0.0022260  0.0016345
 0.0019626  0.0012712
 0.0020875  0.0013656
 0.0020629  0.0012290
 0.0020173  0.0015398
 0.0022438  0.0018545
 0.0019023  0.0017919
 0.0018734  0.0019518
 0.0015474  0.0019314
 0.0013465  0.0019052
 0.0009712  0.0016775
 0.0003581  0.0014481
 0.0001115  0.0013518
-0.0003670  0.0015156
-0.0008222  0.0011883
-0.0009536  0.0011096
-0.0009693  0.0014637
-0.0008314  0.0011166
-0.0008463  0.0012012
-0.0009115  0.0012553
-0.0009268  0.0011047
-0.0012226  0.0008014
-0.0008372  0.0005279
-0.0012484  0.0004180
-0.0011010  0.0001881
-0.0009655  0.0001130
-0.0010370  0.0001705
-0.0008325  0.0001463
-0.0009414  0.0000834
-0.0010196  0.0001922
-0.0006826 -0.0000193
-0.0006814 -0.0005214
-0.0005250 -0.0005027
-0.0000740 -0.0010031
 0.0002668 -0.0010269
 0.0009290 -0.0012421
 0.0015368 -0.0011151
 0.0016739 -0.0011083
 0.0015871 -0.0013600
 0.0017298 -0.0016293
 0.0014403 -0.0023024
 0.0014112 -0.0024885
 0.0012944 -0.0023737
 0.0013075 -0.0022495
 0.0010023 -0.0016931
 0.0010225 -0.0013449
 0.0008438 -0.0006510
 0.0009133 -0.0002273
 0.0009815  0.0001310
 0.0007796  0.0001351
 0.0005776  0.0004619
 0.0002697  0.0005201
 0.0000577  0.0005671
-0.0003218  0.0008055
-0.0009588  0.0011497
-0.0018407  0.0014499
-0.0024407  0.0016549
-0.0026638  0.0022349
-0.0029911  0.0024238
-0.0030872  0.0024038
-0.0028851  0.0025357
-0.0027777  0.0022418
-0.0023822  0.0022842
-0.0021482  0.0018754
-0.0020505  0.0013399
-0.0018960  0.0010403
-0.0012747  0.0005683
-0.0013256  0.0005808
-0.0012121  0.0006500
-0.0011286  0.0008130
-0.0016121  0.0007936
-0.0018945  0.0009488
-0.0023033  0.0007406
-0.0025563  0.0006726
-0.0026185  0.0004903
-0.0028208  0.0001803
-0.0028767  0.0000436
-0.0028656 -0.0001509
-0.0026281 -0.0005686
-0.0023760 -0.0008225
-0.0018549 -0.0009727
-0.0014015 -0.0012226
-0.0009093 -0.0014118
-0.0004573 -0.0013258
-0.0003027 -0.0014097
-0.0004194 -0.0013988
-0.0005561 -0.0015127
-0.0009229 -0.0014057
-0.0012412 -0.0016711
-0.0014552 -0.0020522
-0.0021521 -0.0018786
-0.0021463 -0.0018302
-0.0023785 -0.0020302
-0.0026896 -0.0017306
-0.0024423 -0.0017264
-0.0023934 -0.0014813
-0.0023512 -0.0012515
-0.0021770 -0.0011322
-0.0020809 -0.0015059
-0.0022444 -0.0017833
-0.0019227 -0.0022243
-0.0015890 -0.0026196
-0.0011311 -0.0023524
-0.0007793 -0.0019365
-0.0004838 -0.0014663
-0.0002126 -0.0006568
-0.0001218 -0.0000879
-0.0000315 -0.0000110
-0.0002106  0.0001136
-0.0001940  0.0001421
-0.0004887 -0.0001089
-0.0008277 -0.0002885
-0.0008663 -0.0005449
-0.0014299 -0.0011770
-0.0013435 -0.0015577
-0.0014462 -0.0020632
-0.0013152 -0.0027360
-0.0010442 -0.0030530
-0.0008020 -0.0032393
-0.0007375 -0.0030554
-0.0005934 -0.0026190
-0.0005864 -0.0021186
-0.0006540 -0.0020609
-0.0004271 -0.0017313
-0.0003940 -0.0016108
-0.0000006 -0.0015184
 0.0005806 -0.0014919
 0.0006729 -0.0014552
 0.0003862 -0.0012448
 0.0000272 -0.0007941
-0.0003975 -0.0004624
-0.0008887  0.0000550
-0.0012367  0.0006469
-0.0015817  0.0013151
-0.0015541  0.0021750
-0.0015718  0.0031521
-0.0015266  0.0035056
-0.0011340  0.0040940
-0.0009049  0.0040890
-0.0002906  0.0042746
 0.0003183  0.0041254
 0.0013638  0.0040824
 0.0019292  0.0038158
 0.0027543  0.0038180
 0.0034166  0.0035303
 0.0037243  0.0037306
 0.0042815  0.0037199
 0.0045225  0.0038372
 0.0046103  0.0037124
 0.0048885  0.0036476
 0.0051877  0.0037851
 0.0048974  0.0039293
 0.0047089  0.0039977
 0.0046732  0.0038984
 0.0039903  0.0037048
 0.0039840  0.0032921
 0.0038224  0.0025556
 0.0036522  0.0018713
 0.0036124  0.0012168
 0.0034230  0.0006679
 0.0027836  0.0002833
 0.0025175  0.0000189
 0.0022405 -0.0007260
 0.0019381 -0.0011445
 0.0018493 -0.0014862
 0.0019147 -0.0021322
 0.0018224 -0.0026425
 0.0018230 -0.0030813
 0.0014326 -0.0037523
 0.0013672 -0.0044231
 0.0013658 -0.0046736
 0.0011536 -0.0047415
 0.0012483 -0.0050645
 0.0009417 -0.0050532
 0.0007543 -0.0051275
 0.0008478 -0.0052855
 0.0006916 -0.0055062
 0.0009979 -0.0060056
 0.0012785 -0.0063325
 0.0016728 -0.0064708
 0.0017824 -0.0065572
 0.0023454 -0.0063051
 0.0026436 -0.0057294
 0.0023353 -0.0055562
 0.0027409 -0.0047088
 0.0028989 -0.0041932
 0.0029005 -0.0034937
 0.0028369 -0.0028316
 0.0026701 -0.0026826
 0.0022750 -0.0025522
 0.0024482 -0.0027710
 0.0023857 -0.0028968
 0.0023621 -0.0029951
 0.0021937 -0.0032459
 0.0020846 -0.0034312
 0.0018363 -0.0033058
 0.0014999 -0.0030218
 0.0011251 -0.0027673
 0.0007057 -0.0022488
 0.0005924 -0.0018859
 0.0001931 -0.0016253
 0.0000833 -0.0011557
 0.0000455 -0.0008862
 0.0000597 -0.0007524
 0.0004772 -0.0004080
 0.0009359 -0.0001889
 0.0010387  0.0001070
 0.0012569  0.0002047
 0.0016050  0.0004264
 0.0012846  0.0004878
 0.0012751  0.0007601
 0.0009909  0.0009993
 0.0004652  0.0012587
-0.0000491  0.0015953
-0.0005503  0.0017945
-0.0009276  0.0019830
-0.0008983  0.0024281
-0.0006746  0.0023766
-0.0000867  0.0026435
 0.0003388  0.0023097
 0.0009031  0.0024554
 0.0014195  0.0021807
 0.0020872  0.0021496
 0.0024738  0.0020278
 0.0027941  0.0023068
 0.0028419  0.0025951
 0.0028936  0.0025230
 0.0025843  0.0024225
 0.0020820  0.0022459
 0.0015488  0.0013714
 0.0009048  0.0005068
 0.0006759 -0.0004040
 0.0007431 -0.0011373
 0.0008895 -0.0016644
 0.0011976 -0.0018515
 0.0015244 -0.0021636
 0.0018589 -0.0019809
 0.0019744 -0.0018264
 0.0017459 -0.0018180
 0.0018783 -0.0016008
 0.0017789 -0.0013502
 0.0017018 -0.0012382
 0.0017680 -0.0007771
 0.0019376 -0.0005468
 0.0017648 -0.0002989
 0.0015072  0.0001247
 0.0014921  0.0006580
 0.0009420  0.0006933
 0.0004105  0.0007488
 0.0001007  0.0008229
-0.0003741  0.0007760
-0.0004817  0.0009105
-0.0002900  0.0009527
-0.0004654  0.0010133
-0.0003090  0.0013216
-0.0000528  0.0012735
 0.0000487  0.0014086
 0.0002067  0.0017217
 0.0002683  0.0015949
 0.0001685  0.0016494
 0.0001645  0.0018395
-0.0002665  0.0017699
-0.0006993  0.0018756
-0.0007429  0.0019925
-0.0015659  0.0015799
-0.0015009  0.0015268
-0.0014014  0.0009440
-0.0011756  0.0004083
-0.0007995 -0.0000996
-0.0003102 -0.0007876
-0.0000922 -0.0013910
 0.0001642 -0.0017354
 0.0001195 -0.0021644
-0.0005949 -0.0021335
-0.0008560 -0.0017757
-0.0012504 -0.0015444
-0.0013927 -0.0010145
-0.0012383 -0.0007847
-0.0009478 -0.0008175
-0.0003323 -0.0008879
 0.0006384 -0.0009586
 0.0013205 -0.0012483
 0.0016952 -0.0011173
 0.0018395 -0.0009185
 0.0016461 -0.0008141
 0.0011953 -0.0005343
 0.0003796 -0.0003520
-0.0004259 -0.0003793
-0.0010305 -0.0002906
-0.0016273 -0.0001119
-0.0022509  0.0000367
-0.0029728  0.0001372
-0.0032377  0.0002957
-0.0037072  0.0001468
-0.0036701  0.0006085
-0.0034759  0.0011759
-0.0034801  0.0015155
-0.0034278  0.0017609
-0.0032237  0.0018033
-0.0032873  0.0015889
-0.0028480  0.0014712
-0.0024660  0.0014336
-0.0019941  0.0011092
-0.0013604  0.0010943
-0.0007650  0.0009942
-0.0005086  0.0008018
-0.0005548  0.0008482
-0.0006211  0.0007394
-0.0011554  0.0002143
-0.0011486 -0.0000986
-0.0010089 -0.0004114
-0.0011668 -0.0006878
-0.0008666 -0.0005202
-0.0002796 -0.0003717
-0.0003628  0.0000482
-0.0001989  0.0008046
 0.0000330  0.0009665
-0.0002349  0.0014270
-0.0004157  0.0017167
-0.0005499  0.0015849
-0.0010403  0.0018142
-0.0014418  0.0021303
-0.0019923  0.0020046
-0.0022858  0.0021646
-0.0023005  0.0021164
-0.0024515  0.0022987
-0.0023875  0.0023508
-0.0023656  0.0023371
-0.0025697  0.0021209
-0.0027358  0.0022071
-0.0026144  0.0020267
-0.0029152  0.0017097
-0.0026824  0.0012216
-0.0023243  0.0008954
-0.0022171  0.0006917
-0.0018438  0.0006119
-0.0018360  0.0004189
-0.0019452  0.0006371
-0.0017520  0.0004928
-0.0014975  0.0005091
-0.0012225  0.0007170
-0.0007560  0.0010513
-0.0002041  0.0013558
-0.0000043  0.0018037
 0.0002594  0.0023256
 0.0003563  0.0026817
 0.0002053  0.0030206
 0.0000252  0.0031842
-0.0002186  0.0032425
-0.0008167  0.0032907
-0.0011682  0.0034520
-0.0015627  0.0031131
-0.0020803  0.0032370
-0.0024368  0.0030006
-0.0028710  0.0025315
-0.0031991  0.0025521
-0.0032493  0.0022709
-0.0028087  0.0018537
-0.0024834  0.0014956
-0.0016824  0.0016753
-0.0007752  0.0016535
 0.0000577  0.0018328
 0.0006442  0.0023587
 0.0009085  0.0026599
 0.0010892  0.0031231
 0.0014215  0.0036524
 0.0012572  0.0038912
 0.0013124  0.0038599
 0.0011987  0.0040797
 0.0011660  0.0038235
 0.0006868  0.0039444
 0.0004563  0.0038134
-0.0001292  0.0034245
-0.0003079  0.0034657
-0.0007906  0.0031643
-0.0010254  0.0031431
-0.0007254  0.0029289
-0.0003950  0.0024999
-0.0000258  0.0022328
 0.0003810  0.0022072
 0.0005291  0.0021069
 0.0006226  0.0020342
 0.0007301  0.0023909
 0.0002270  0.0021527
-0.0004701  0.0018509
-0.0009570  0.0013076
-0.0013957  0.0011001
-0.0015847  0.0008871
-0.0015413  0.0010286
-0.0017640  0.0008746
-0.0016990  0.0011061
-0.0015839  0.0012818
-0.0012739  0.0007482
-0.0010163  0.0002801
-0.0005915 -0.0003772
-0.0000065 -0.0010268
 0.0005384 -0.0013912
 0.0007598 -0.0017091
 0.0004944 -0.0016355
-0.0000523 -0.0011887
-0.0005782 -0.0011246
-0.0011862 -0.0009550
-0.0018267 -0.0005006
-0.0021693 -0.0003900
-0.0025425  0.0001439
-0.0027259  0.0000593
-0.0024868 -0.0001422
-0.0022979 -0.0004209
-0.0021073 -0.0005168
-0.0017062 -0.0007720
-0.0013390 -0.0011424
-0.0014038 -0.0014922
-0.0011216 -0.0017641
-0.0014986 -0.0019914
-0.0017249 -0.0018789
-0.0018514 -0.0018070
-0.0021171 -0.0013807
-0.0021318 -0.0008515
-0.0022275 -0.0001585
-0.0025911  0.0000680
-0.0026288 -0.0001650
-0.0024982 -0.0005332
-0.0021074 -0.0013801
-0.0014404 -0.0022367
-0.0008784 -0.0033157
 0.0001271 -0.0038626
 0.0009196 -0.0042560
 0.0014389 -0.0044396
 0.0016964 -0.0043045
 0.0016395 -0.0038818
 0.0011217 -0.0036070
 0.0007297 -0.0033313
 0.0001307 -0.0032935
-0.0000978 -0.0033436
-0.0004148 -0.0033547
-0.0003271 -0.0034972
-0.0003322 -0.0032869
 0.0001404 -0.0027988
 0.0004648 -0.0022592
 0.0006689 -0.0016893
 0.0009816 -0.0009392
 0.0008504 -0.0005420
 0.0005599  0.0001615
 0.0003606  0.0003903
-0.0001231  0.0008299
-0.0002824  0.0010502
-0.0000584  0.0013891
 0.0001073  0.0015545
 0.0005643  0.0013896
 0.0011070  0.0013579
 0.0015844  0.0013317
 0.0017289  0.0011638
 0.0019209  0.0012623
 0.0018547  0.0012588
 0.0017713  0.0014518
 0.0016962  0.0014438
 0.0010693  0.0012260
 0.0011694  0.0011719
 0.0009811  0.0007439
 0.0007849  0.0004962
 0.0006085 -0.0000282
 0.0005241 -0.0003056
 0.0002334 -0.0003736
 0.0000830 -0.0002137
-0.0002043 -0.0002003
-0.0005339  0.0003488
-0.0010554  0.0008434
-0.0011919  0.0013682
-0.0019982  0.0015005
-0.0025757  0.0014534
-0.0029320  0.0009774
-0.0038508  0.0001055
-0.0040989 -0.0006359
-0.0041001 -0.0012100
-0.0042498 -0.0017482
-0.0044473 -0.0015744
-0.0044359 -0.0012773
-0.0043945 -0.0005689
-0.0042817  0.0000747
-0.0042824  0.0006680
-0.0044281  0.0013322
-0.0044168  0.0014289
-0.0045215  0.0014620
-0.0045501  0.0012072
-0.0042370  0.0005986
-0.0037520 -0.0002494
-0.0033879 -0.0006663
-0.0029393 -0.0015026
-0.0025864 -0.0019850
-0.0024609 -0.0021580
-0.0024520 -0.0019628
-0.0028997 -0.0017871
-0.0033854 -0.0016920
-0.0037746 -0.0016380
-0.0040782 -0.0017113
-0.0040391 -0.0018720
-0.0035782 -0.0022887
-0.0027951 -0.0025534
-0.0017935 -0.0027030
-0.0006710 -0.0029523
 0.0002560 -0.0030597
 0.0008313 -0.0029354
 0.0012712 -0.0026275
 0.0013804 -0.0023289
 0.0011850 -0.0018087
 0.0011555 -0.0014495
 0.0006744 -0.0013231
 0.0006700 -0.0008085
 0.0006112 -0.0006690
 0.0002688 -0.0007425
 0.0004600 -0.0007374
 0.0005287 -0.0011672
 0.0002376 -0.0013182
 0.0003625 -0.0014500
 0.0000943 -0.0019690
 0.0004431 -0.0023372
 0.0006518 -0.0022815
 0.0009977 -0.0025644
 0.0012306 -0.0023278
 0.0015375 -0.0021863
 0.0016756 -0.0022592
 0.0014669 -0.0022286
 0.0018397 -0.0025128
 0.0017543 -0.0027499
 0.0018090 -0.0027719
 0.0019033 -0.0029657
 0.0019705 -0.0022432
 0.0018338 -0.0014294
 0.0022400 -0.0004089
 0.0017713  0.0004038
 0.0019392  0.0011699
 0.0017842  0.0012755
 0.0017024  0.0012175
 0.0015142  0.0008108
 0.0017273  0.0003350
 0.0015497  0.0000835
 0.0014081  0.0000716
 0.0011947  0.0000313
 0.0008759  0.0002447
 0.0001161  0.0001371
-0.0008517 -0.0001324
-0.0016638 -0.0005467
-0.0024485 -0.0010778
-0.0029069 -0.0015090
-0.0034885 -0.0018912
-0.0038577 -0.0017430
-0.0039384 -0.0018096
-0.0040381 -0.0014533
-0.0039927 -0.0010893
-0.0044553 -0.0011686
-0.0045361 -0.0011975
-0.0043588 -0.0013439
-0.0042972 -0.0014321
-0.0042661 -0.0017993
-0.0038266 -0.0019067
-0.0035592 -0.0021046
-0.0031568 -0.0023489
-0.0026639 -0.0022377
-0.0025413 -0.0022710
-0.0024580 -0.0019650
-0.0023441 -0.0015732
-0.0023141 -0.0010079
-0.0020922 -0.0006928
-0.0020571 -0.0002539
-0.0019279 -0.0001126
-0.0016166 -0.0000301
-0.0013695 -0.0006537
-0.0008646 -0.0009355
-0.0004482 -0.0015892
 0.0000868 -0.0022372
 0.0002775 -0.0025886
 0.0001146 -0.0025842
 0.0000193 -0.0025026
-0.0001973 -0.0020538
-0.0001993 -0.0017664
-0.0001056 -0.0015691
 0.0003693 -0.0016089
 0.0009495 -0.0015504
 0.0014088 -0.0015974
 0.0017687 -0.0014787
 0.0023767 -0.0014315
 0.0022365 -0.0011838
 0.0020733 -0.0006896
 0.0019189 -0.0006749
 0.0016369 -0.0002269
 0.0013470  0.0000308
 0.0011699 -0.0000626
 0.0010066  0.0000141
 0.0009773 -0.0000384
 0.0010758  0.0001429
 0.0011106  0.0003403
 0.0014399  0.0006629
 0.0014938  0.0006298
 0.0015804  0.0008268
 0.0019943  0.0009965
 0.0025684  0.0009461
 0.0029689  0.0010379
 0.0033094  0.0012668
 0.0034111  0.0015212
 0.0035722  0.0018853
 0.0033665  0.0022743
 0.0032762  0.0025798
 0.0031117  0.0025905
 0.0028818  0.0025339
 0.0025820  0.0021433
 0.0023072  0.0018857
 0.0022969  0.0018708
 0.0018950  0.0017438
 0.0017059  0.0018541
 0.0012625  0.0024801
 0.0007336  0.0029459
 0.0003497  0.0033135
 0.0000812  0.0034831
-0.0001768  0.0033309
-0.0003674  0.0029530
-0.0006157  0.0028091
-0.0008557  0.0022713
-0.0010031  0.0018269
-0.0010703  0.0011926
-0.0012847  0.0005761
-0.0010588 -0.0001541
-0.0008213 -0.0010740
-0.0003410 -0.0017820
 0.0003676 -0.0020941
 0.0009248 -0.0024342
 0.0015150 -0.0024784
 0.0017040 -0.0022242
 0.0021202 -0.0018915
 0.0022312 -0.0017309
 0.0021607 -0.0016494
 0.0020442 -0.0016586
 0.0018409 -0.0016988
 0.0018651 -0.0015842
 0.0015387 -0.0013268
 0.0013433 -0.0009923
 0.0009581 -0.0006881
 0.0007096 -0.0003905
 0.0005657 -0.0001119
 0.0008655  0.0000122
 0.0007340  0.0002619
 0.0009363  0.0005502
 0.0011586  0.0006198
 0.0013347  0.0006083
 0.0017796  0.0002607
 0.0022631 -0.0000409
 0.0025078 -0.0005523
 0.0030416 -0.0008618
 0.0033382 -0.0012104
 0.0033168 -0.0013663
 0.0035052 -0.0010500
 0.0035501 -0.0009304
 0.0033698 -0.0004599
 0.0031914  0.0001395
 0.0030476  0.0005164
 0.0027468  0.0010835
 0.0028180  0.0012870
 0.0028380  0.0015347
 0.0026938  0.0012297
 0.0029566  0.0015097
 0.0028381  0.0015662
 0.0028449  0.0018444
 0.0029917  0.0019689
 0.0026211  0.0023840
 0.0021629  0.0028450
 0.0016461  0.0031268
 0.0011926  0.0036393
 0.0007469  0.0038648
 0.0006663  0.0039794
 0.0007890  0.0041597
 0.0009604  0.0041056
 0.0012386  0.0041444
 0.0016918  0.0042217
 0.0020832  0.0043164
 0.0019460  0.0043805
 0.0019330  0.0040517
 0.0019086  0.0038880
 0.0017810  0.0036774
 0.0017757  0.0032064
 0.0016677  0.0028107
 0.0017943  0.0025580
 0.0018817  0.0020379
 0.0018161  0.0018036
 0.0014352  0.0018597
 0.0012163  0.0021469
 0.0007161  0.0025045
 0.0002193  0.0024895
-0.0004031  0.0024080
-0.0008565  0.0023687
-0.0015063  0.0018499
-0.0018527  0.0013406
-0.0023221  0.0008747
-0.0024355  0.0003822
-0.0026239 -0.0000024
-0.0029634 -0.0005640
-0.0029501 -0.0005695
-0.0030524 -0.0007472
-0.0030782 -0.0009075
-0.0028158 -0.0008781
-0.0029867 -0.0008716
-0.0029108 -0.0010000
-0.0032300 -0.0013939
-0.0030778 -0.0019476
-0.0029837 -0.0023562
-0.0028043 -0.0027264
-0.0026042 -0.0029812
-0.0022429 -0.0032438
-0.0015650 -0.0034038
-0.0010743 -0.0033412
-0.0006992 -0.0032060
-0.0001388 -0.0031020
 0.0003100 -0.0034202
 0.0005832 -0.0036463
 0.0007126 -0.0038583
 0.0011002 -0.0041686
 0.0008814 -0.0041833
 0.0008492 -0.0042675
 0.0007761 -0.0039970
 0.0004578 -0.0038918
 0.0004620 -0.0037456
 0.0004883 -0.0037545
 0.0006383 -0.0037081
 0.0008671 -0.0040442
 0.0009735 -0.0042077
 0.0010440 -0.0045267
 0.0009287 -0.0048029
 0.0004872 -0.0049765
 0.0002181 -0.0053089
-0.0001091 -0.0055835
-0.0003574 -0.0060314
-0.0006025 -0.0063451
-0.0008139 -0.0067545
-0.0004210 -0.0067198
-0.0000762 -0.0067775
 0.0003594 -0.0071631
 0.0007496 -0.0073355
 0.0009779 -0.0072459
 0.0011784 -0.0079167
 0.0009878 -0.0080059
 0.0009951 -0.0082769
 0.0004670 -0.0082230
 0.0002633 -0.0081687
-0.0001827 -0.0077855
-0.0002290 -0.0073840
-0.0004916 -0.0068569
-0.0001830 -0.0060995
-0.0001394 -0.0049036
-0.0000272 -0.0041646
 0.0003735 -0.0030543
 0.0002296 -0.0020419
 0.0003721 -0.0013045
 0.0003028 -0.0009029
 0.0002907 -0.0003205
 0.0004512 -0.0000625
 0.0002652  0.0003668
 0.0000494  0.0010358
-0.0000245  0.0016511
-0.0004684  0.0020079
-0.0005851  0.0021647
-0.0004771  0.0023564
-0.0003614  0.0025365
-0.0001690  0.0027620
 0.0000961  0.0027812
 0.0002090  0.0027391
 0.0003144  0.0026591
 0.0005699  0.0023765
 0.0004805  0.0022191
 0.0005884  0.0021174
 0.0003007  0.0019953
-0.0001719  0.0013562
-0.0004626  0.0010885
-0.0008936  0.0007810
-0.0010121  0.0003779
-0.0011035  0.0001342
-0.0011253  0.0002664
-0.0012532  0.0003992
-0.0011551  0.0005857
-0.0014191  0.0007860
-0.0014728  0.0009291
-0.0016654  0.0009322
-0.0013541  0.0008623
-0.0011479  0.0007055
-0.0009125  0.0007988
-0.0007443  0.0007865
-0.0007942  0.0004739
-0.0007326 -0.0000135
-0.0008819 -0.0003227
-0.0008478 -0.0006625
-0.0005515 -0.0006171
-0.0004840 -0.0007467
-0.0006966 -0.0002544
-0.0007194 -0.0001216
-0.0009889 -0.0000473
-0.0006664 -0.0000867
-0.0001683 -0.0002405
 0.0003589 -0.0005585
 0.0011925 -0.0005345
 0.0019192 -0.0009217
 0.0025194 -0.0012620
 0.0031472 -0.0017827
 0.0034613 -0.0023176
 0.0033714 -0.0025700
 0.0031223 -0.0030129
 0.0025552 -0.0036335
 0.0019306 -0.0037228
 0.0020235 -0.0043752
 0.0018450 -0.0047146
 0.0018597 -0.0051464
 0.0023953 -0.0051805
 0.0024538 -0.0049588
 0.0026848 -0.0044047
 0.0028990 -0.0040112
 0.0027320 -0.0034383
 0.0028990 -0.0028725
 0.0030080 -0.0023369
 0.0029527 -0.0018783
 0.0032467 -0.0016328
 0.0032046 -0.0016322
 0.0032499 -0.0017959
 0.0032250 -0.0022489
 0.0033257 -0.0025849
 0.0032342 -0.0025630
 0.0032500 -0.0024385
 0.0029790 -0.0024387
 0.0027687 -0.0022277
 0.0023773 -0.0017778
 0.0018035 -0.0011578
 0.0014418 -0.0007173
 0.0010201 -0.0003265
 0.0004839 -0.0005514
 0.0000650 -0.0010396
 0.0001508 -0.0016753
 0.0001325 -0.0022490
 0.0000646 -0.0028243
 0.0002946 -0.0030135
 0.0004209 -0.0026521
 0.0004533 -0.0020088
 0.0002637 -0.0016876
-0.0000104 -0.0011242
-0.0003986 -0.0010606
-0.0007062 -0.0010368
-0.0011399 -0.0011454
-0.0013165 -0.0015775
-0.0012288 -0.0021756
-0.0013035 -0.0027648
-0.0013078 -0.0032803
-0.0013546 -0.0034634
-0.0017794 -0.0036166
-0.0020450 -0.0034445
-0.0025707 -0.0034039
-0.0033816 -0.0032184
-0.0040490 -0.0029796
-0.0045270 -0.0028688
-0.0052136 -0.0029504
-0.0056944 -0.0030757
-0.0060126 -0.0030380
-0.0061386 -0.0032578
-0.0062433 -0.0032622
-0.0061856 -0.0031730
-0.0060108 -0.0031554
-0.0057380 -0.0031336
-0.0053537 -0.0027767
-0.0048318 -0.0028681
-0.0040332 -0.0028947
-0.0036585 -0.0025901
-0.0032430 -0.0025913
-0.0026077 -0.0023170
-0.0026244 -0.0019971
-0.0025744 -0.0019943
-0.0025237 -0.0019727
-0.0025051 -0.0016732
-0.0027532 -0.0014380
-0.0028493 -0.0008603
-0.0028101 -0.0007610
-0.0031150 -0.0002555
-0.0029409  0.0000695
-0.0027847  0.0004426
-0.0026379  0.0010418
-0.0022614  0.0016476
-0.0021810  0.0021478
-0.0021192  0.0024737
-0.0023023  0.0025142
-0.0026865  0.0023909
-0.0028902  0.0023063
-0.0034702  0.0017413
-0.0037365  0.0013216
-0.0039436  0.0009292
-0.0040032  0.0003710
-0.0040533 -0.0001341
-0.0033098 -0.0004071
-0.0028754 -0.0003498
-0.0025094 -0.0002969
-0.0017989 -0.0000491
-0.0016459  0.0000731
-0.0011320  0.0002380
-0.0006967  0.0000971
-0.0007478  0.0001080
-0.0008647 -0.0000817
-0.0010206  0.0001228
-0.0011413  0.0003820
-0.0017986  0.0002471
-0.0019286  0.0003519
-0.0019253  0.0006275
-0.0015294  0.0005015
-0.0010433  0.0008638
-0.0002881  0.0008560
 0.0003009  0.0010046
 0.0009663  0.0011088
 0.0014711  0.0011104
 0.0017749  0.0008628
 0.0017894  0.0005679
 0.0015587  0.0004129
 0.0006749  0.0000373
 0.0001330 -0.0003592
-0.0005689 -0.0007966
-0.0013356 -0.0013310
-0.0018623 -0.0015605
-0.0019622 -0.0019313
-0.0020009 -0.0024673
-0.0017338 -0.0027055
-0.0014293 -0.0027543
-0.0011618 -0.0027345
-0.0011192 -0.0027828
-0.0009433 -0.0026399
-0.0007114 -0.0027170
-0.0004818 -0.0024509
-0.0000242 -0.0023431
 0.0000812 -0.0019321
 0.0008033 -0.0018179
 0.0010843 -0.0015619
 0.0012047 -0.0013150
 0.0014689 -0.0013084
 0.0014724 -0.0011760
 0.0018351 -0.0010038
 0.0024494 -0.0009551
 0.0028506 -0.0006309
 0.0030482 -0.0002362
 0.0038522  0.0000109
 0.0037537  0.0004996
 0.0037783  0.0008068
 0.0038736  0.0007784
 0.0037109  0.0012116
 0.0038843  0.0015219
 0.0035508  0.0013984
 0.0031021  0.0016515
 0.0024791  0.0016703
 0.0016548  0.0014884
 0.0010882  0.0012149
 0.0002748  0.0007485
-0.0004915  0.0004894
-0.0009693  0.0002003
-0.0012071  0.0000301
-0.0014568 -0.0001718
-0.0015735 -0.0002868
-0.0013068 -0.0003292
-0.0011056 -0.0006794
-0.0011837 -0.0010675
-0.0009532 -0.0009474
-0.0009487 -0.0011725
-0.0011302 -0.0014553
-0.0013109 -0.0016948
-0.0011734 -0.0019917
-0.0010746 -0.0023450
-0.0008833 -0.0024960
-0.0005084 -0.0024911
-0.0003269 -0.0022113
 0.0000181 -0.0015851
 0.0003363 -0.0012221
 0.0003530 -0.0003284
 0.0006657  0.0000856
 0.0007779  0.0001529
 0.0009838  0.0000001
 0.0007777 -0.0001526
 0.0009345 -0.0001350
 0.0006692 -0.0001164
 0.0001869 -0.0000088
-0.0004389  0.0000384
-0.0010805  0.0005488
-0.0017069  0.0008719
-0.0024297  0.0008237
-0.0028476  0.0007676
-0.0027632  0.0006030
-0.0027588  0.0002134
-0.0021566 -0.0002703
-0.0013689 -0.0007852
-0.0006777 -0.0010327
-0.0000270 -0.0010668
 0.0003773 -0.0017130
 0.0003121 -0.0017242
 0.0003451 -0.0017924
-0.0000964 -0.0015576
-0.0005640 -0.0014100
-0.0008038 -0.0011518
-0.0013016 -0.0009673
-0.0016759 -0.0006528
-0.0019823 -0.0005737
-0.0024434 -0.0006415
-0.0022478 -0.0008621
-0.0022357 -0.0011760
-0.0017061 -0.0019335
-0.0012525 -0.0023445
-0.0008385 -0.0026184
-0.0002976 -0.0028857
-0.0003123 -0.0028885
-0.0005957 -0.0028572
-0.0009942 -0.0030166
-0.0012855 -0.0028921
-0.0013165 -0.0032563
-0.0013028 -0.0036006
-0.0010088 -0.0037920
-0.0004851 -0.0038576
-0.0002235 -0.0041176
-0.0001821 -0.0041453
-0.0003052 -0.0041956
-0.0005919 -0.0041039
-0.0009002 -0.0041338
-0.0009371 -0.0036451
-0.0011804 -0.0032040
-0.0015866 -0.0029256
-0.0014626 -0.0026361
-0.0017230 -0.0020291
-0.0016320 -0.0017703
-0.0017830 -0.0019713
-0.0017436 -0.0022215
-0.0017327 -0.0024724
-0.0015734 -0.0027595
-0.0011509 -0.0029430
-0.0009448 -0.0027350
-0.0006066 -0.0025033
-0.0002230 -0.0016536
-0.0000302 -0.0008134
 0.0002391 -0.0000710
 0.0005348  0.0011118
 0.0008013  0.0021502
 0.0006686  0.0024305
 0.0007766  0.0030969
 0.0007861  0.0036787
 0.0005330  0.0036766
 0.0005231  0.0040997
 0.0002678  0.0044399
-0.0001257  0.0047410
-0.0002694  0.0050212
-0.0004053  0.0051526
-0.0007152  0.0048918
-0.0006343  0.0047028
-0.0003226  0.0042825
 0.0001835  0.0035003
 0.0006561  0.0029113
 0.0012273  0.0024728
 0.0016833  0.0018161
 0.0024629  0.0012987
 0.0024327  0.0009138
 0.0025816  0.0007508
 0.0026054  0.0008267
 0.0022386  0.0008340
 0.0014690  0.0010226
 0.0007760  0.0013533
 0.0000947  0.0012548
-0.0007518  0.0014345
-0.0012724  0.0012395
-0.0017933  0.0012825
-0.0020547  0.0008754
-0.0022076  0.0006376
-0.0024379  0.0000082
-0.0024313 -0.0004420
-0.0021884 -0.0009419
-0.0023120 -0.0017560
-0.0021783 -0.0022185
-0.0020342 -0.0027022
-0.0018987 -0.0033202
-0.0012685 -0.0036381
-0.0004555 -0.0037552
 0.0004794 -0.0036026
 0.0009901 -0.0034651
 0.0014565 -0.0032041
 0.0014753 -0.0028100
 0.0013954 -0.0025108
 0.0008065 -0.0024141
 0.0001283 -0.0019531
-0.0003599 -0.0019541
-0.0007715 -0.0018669
-0.0011185 -0.0018852
-0.0011581 -0.0017605
-0.0009774 -0.0018519
-0.0008535 -0.0019567
-0.0006722 -0.0022104
-0.0003441 -0.0022558
 0.0001563 -0.0024363
 0.0006075 -0.0021845
 0.0008310 -0.0018567
 0.0012840 -0.0014368
 0.0014372 -0.0008364
 0.0015848 -0.0008900
 0.0016787 -0.0006055
 0.0017839 -0.0005725
 0.0017917 -0.0006835
 0.0018642 -0.0006092
 0.0019839 -0.0008289
 0.0017705 -0.0010673
 0.0017460 -0.0008747
 0.0018269 -0.0008182
 0.0014345 -0.0005791
 0.0013364  0.0002412
 0.0011850  0.0006379
 0.0009001  0.0012372
 0.0003656  0.0015654
-0.0001415  0.0019649
-0.0007715  0.0017116
-0.0010889  0.0021024
-0.0015483  0.0017295
-0.0019779  0.0017461
-0.0018245  0.0019445
-0.0018443  0.0018171
-0.0019646  0.0018330
-0.0016386  0.0018076
-0.0015736  0.0015697
-0.0018241  0.0011227
-0.0015223  0.0010613
-0.0014569  0.0009329
-0.0012288  0.0007585
-0.0010889  0.0009289
-0.0009854  0.0009563
-0.0008635  0.0012838
-0.0006240  0.0015628
-0.0004916  0.0016017
-0.0006156  0.0021129
-0.0000233  0.0028049
-0.0000455  0.0032573
-0.0001759  0.0036906
-0.0000585  0.0038767
-0.0003314  0.0038905
-0.0001645  0.0039359
-0.0000232  0.0040100
-0.0001478  0.0038266
-0.0000777  0.0040797
-0.0000361  0.0041250
-0.0002156  0.0040410
-0.0001742  0.0041198
-0.0005105  0.0040538
-0.0005309  0.0039082
-0.0006113  0.0037564
-0.0002980  0.0037366
-0.0002921  0.0037578
 0.0000244  0.0037134
 0.0003228  0.0037163
 0.0003502  0.0039038
 0.0004288  0.0039347
 0.0002471  0.0039479
-0.0002699  0.0039400
-0.0008020  0.0039711
-0.0015209  0.0033487
-0.0022177  0.0029000
-0.0024212  0.0025540
-0.0024613  0.0017866
-0.0023904  0.0013068
-0.0017253  0.0010492
-0.0011709  0.0010201
-0.0006166  0.0011984
-0.0002064  0.0017060
 0.0000375  0.0017426
 0.0002238  0.0018740
 0.0003664  0.0016895
 0.0005904  0.0012049
 0.0007828  0.0010452
 0.0008024  0.0007101
 0.0006561  0.0005280
 0.0003814  0.0002399
-0.0000284  0.0003540
-0.0000625  0.0003005
-0.0002365  0.0001800
-0.0000250  0.0000108
 0.0009533 -0.0003650
 0.0017458 -0.0007984
 0.0025481 -0.0011416
 0.0033380 -0.0014817
 0.0037918 -0.0014936
 0.0039956 -0.0012984
 0.0037804 -0.0011844
 0.0033754 -0.0005805
 0.0030591 -0.0000280
 0.0027569  0.0005753
 0.0025577  0.0012189
 0.0024025  0.0016638
 0.0020791  0.0017578
 0.0016461  0.0018434
 0.0010106  0.0019593
 0.0008615  0.0020271
 0.0004323  0.0018804
 0.0001951  0.0018111
 0.0001566  0.0018922
 0.0002395  0.0019041
 0.0003528  0.0017081
 0.0008090  0.0021459
 0.0010191  0.0021499
 0.0011338  0.0021273
 0.0012682  0.0024402
 0.0013853  0.0024973
 0.0012579  0.0027236
 0.0012854  0.0029166
 0.0012335  0.0029562
 0.0008642  0.0026489
 0.0012116  0.0025264
 0.0012820  0.0022115
 0.0011017  0.0019264
 0.0017079  0.0015368
 0.0021635  0.0011636
 0.0026179  0.0012112
 0.0028492  0.0010190
 0.0027165  0.0009138
 0.0024529  0.0010792
 0.0022560  0.0012256
 0.0015458  0.0012861
 0.0011239  0.0013734
 0.0004995  0.0013653
-0.0000348  0.0011646
-0.0007921  0.0009993
-0.0012633  0.0006399
-0.0017423  0.0002432
-0.0018406 -0.0000095
-0.0017496  0.0001221
-0.0017256  0.0003700
-0.0017838  0.0009754
-0.0020664  0.0012946
-0.0028229  0.0016717
-0.0031855  0.0020966
-0.0036492  0.0020718
-0.0042633  0.0015373
-0.0042072  0.0015008
-0.0045233  0.0011200
-0.0044906  0.0008053
-0.0044006  0.0008935
-0.0043303  0.0008215
-0.0039328  0.0008167
-0.0033825  0.0008672
-0.0024209  0.0009090
-0.0020888  0.0008127
-0.0015674  0.0004099
-0.0011014  0.0000895
-0.0012603 -0.0005082
-0.0012356 -0.0010216
-0.0017029 -0.0014942
-0.0023784 -0.0019914
-0.0029682 -0.0025193
-0.0030794 -0.0028607
-0.0035146 -0.0031931
-0.0033648 -0.0036048
-0.0029275 -0.0042273
-0.0023508 -0.0047247
-0.0014954 -0.0053962
-0.0003526 -0.0060585
 0.0005001 -0.0061552
 0.0013181 -0.0060892
 0.0017521 -0.0060055
 0.0021190 -0.0057400
 0.0020148 -0.0049996
 0.0019327 -0.0047963
 0.0017994 -0.0041786
 0.0013230 -0.0037803
 0.0012003 -0.0033815
 0.0011777 -0.0028057
 0.0013547 -0.0020826
 0.0015688 -0.0017275
 0.0022913 -0.0012369
 0.0026595 -0.0008909
 0.0029437 -0.0008352
 0.0036517 -0.0008080
 0.0037183 -0.0003622
 0.0035731 -0.0003017
 0.0036222  0.0000784
 0.0034034  0.0002582
 0.0034032  0.0003963
 0.0033671  0.0002473
 0.0037430  0.0005299
 0.0042210  0.0007923
 0.0041973  0.0013228
 0.0046001  0.0015699
 0.0045609  0.0021075
 0.0042817  0.0023701
 0.0036083  0.0026221
 0.0028621  0.0024739
 0.0019795  0.0024217
 0.0015584  0.0023518
 0.0011153  0.0023460
 0.0010487  0.0023531
 0.0012185  0.0025790
 0.0014779  0.0028607
 0.0019654  0.0028740
 0.0023170  0.0030018
 0.0021232  0.0030539
 0.0020620  0.0029401
 0.0020390  0.0029050
 0.0015196  0.0029510
 0.0011144  0.0027120
 0.0006287  0.0026516
 0.0004429  0.0022573
 0.0002071  0.0020248
 0.0001738  0.0020120
 0.0002856  0.0021372
 0.0002553  0.0020039
 0.0006782  0.0020415
 0.0006633  0.0022060
 0.0006791  0.0024860
 0.0004775  0.0026011
 0.0001989  0.0026025
-0.0001838  0.0022034
-0.0002243  0.0015147
-0.0001778  0.0005483
 0.0000421 -0.0006575
 0.0003649 -0.0015201
 0.0006895 -0.0024624
 0.0012025 -0.0033442
 0.0017464 -0.0031634
 0.0022812 -0.0034871
 0.0026036 -0.0037948
 0.0028435 -0.0038392
 0.0030199 -0.0039246
 0.0034071 -0.0042764
 0.0033742 -0.0042855
 0.0034465 -0.0043622
 0.0032374 -0.0047369
 0.0030275 -0.0045070
 0.0026853 -0.0045932
 0.0024287 -0.0045909
 0.0025793 -0.0046103
 0.0022341 -0.0044331
 0.0019565 -0.0042586
 0.0016202 -0.0039603
 0.0012272 -0.0037002
 0.0008389 -0.0033090
 0.0009978 -0.0030999
 0.0013202 -0.0027833
 0.0016028 -0.0024200
 0.0019233 -0.0017574
 0.0020824 -0.0010416
 0.0018785 -0.0004186
 0.0011178 -0.0000290
 0.0001014  0.0001266
-0.0008344  0.0003057
-0.0019862  0.0002980
-0.0025869 -0.0000379
-0.0029478 -0.0007848
-0.0033169 -0.0011377
-0.0033494 -0.0016823
-0.0033520 -0.0018004
-0.0034378 -0.0018939
-0.0036449 -0.0021317
-0.0039558 -0.0023160
-0.0040466 -0.0026233
-0.0046352 -0.0030932
-0.0049659 -0.0036175
-0.0052043 -0.0038723
-0.0050529 -0.0039935
-0.0044402 -0.0038018
-0.0038512 -0.0037800
-0.0028283 -0.0032380
-0.0020622 -0.0024551
-0.0012670 -0.0019741
-0.0004723 -0.0012806
-0.0002193 -0.0005161
 0.0002038 -0.0002811
 0.0004651  0.0001704
 0.0006476  0.0004738
 0.0007059  0.0007579
 0.0008682  0.0009658
 0.0006447  0.0009940
 0.0005159  0.0008654
 0.0007143  0.0011204
 0.0004656  0.0013822
 0.0003397  0.0016618
 0.0001309  0.0019388
-0.0000790  0.0020611
-0.0006370  0.0022490
-0.0010258  0.0018515
-0.0011361  0.0015431
-0.0014224  0.0009187
-0.0015367  0.0005609
-0.0017749  0.0005242
-0.0019155  0.0002083
-0.0022581  0.0001663
-0.0024036 -0.0001596
-0.0024353 -0.0005078
-0.0021602 -0.0007812
-0.0019779 -0.0013214
-0.0014849 -0.0014306
-0.0013070 -0.0012879
-0.0008990 -0.0011525
-0.0010550 -0.0007118
-0.0008691 -0.0005313
-0.0009731 -0.0005119
-0.0009300 -0.0006498
-0.0004508 -0.0012569
 0.0000367 -0.0013616
 0.0007290 -0.0017394
 0.0012724 -0.0015417
 0.0019694 -0.0011285
 0.0022089 -0.0006384
 0.0025266  0.0000075
 0.0027291  0.0004445
 0.0029912  0.0011295
 0.0031678  0.0017570
 0.0036660  0.0024236
 0.0037712  0.0027526
 0.0041110  0.0035113
 0.0040438  0.0041076
 0.0037864  0.0044198
 0.0034852  0.0046422
 0.0035276  0.0047404
 0.0034748  0.0047093
 0.0039011  0.0044799
 0.0042926  0.0045179
 0.0042389  0.0046372
 0.0046443  0.0048542
 0.0045097  0.0050096
 0.0042482  0.0056067
 0.0037770  0.0059345
 0.0036305  0.0063014
 0.0033307  0.0062754
 0.0032029  0.0060286
 0.0033472  0.0058120
 0.0034122  0.0056416
 0.0037762  0.0056008
 0.0042920  0.0055521
 0.0045540  0.0056936
 0.0044938  0.0055487
 0.0045703  0.0053949
 0.0043652  0.0052757
 0.0041972  0.0051175
 0.0039735  0.0047658
 0.0040627  0.0045047
 0.0038875  0.0042608
 0.0038259  0.0043133
 0.0035255  0.0046210
 0.0030717  0.0045166
 0.0023962  0.0045764
 0.0018570  0.0044706
 0.0008962  0.0045296
 0.0002977  0.0048952
-0.0006744  0.0050888
-0.0009564  0.0053934
-0.0012599  0.0057091
-0.0014488  0.0060212
-0.0017416  0.0061423
-0.0019231  0.0061207
-0.0020422  0.0059164
-0.0025148  0.0054708
-0.0024896  0.0050683
-0.0025054  0.0046074
-0.0028899  0.0043714
-0.0031659  0.0040880
-0.0032167  0.0036695
-0.0034979  0.0036468
-0.0033743  0.0032273
-0.0029905  0.0029305
-0.0025483  0.0026866
-0.0017341  0.0023834
-0.0012849  0.0024159
-0.0013011  0.0024584
-0.0008232  0.0021968
-0.0012367  0.0021655
-0.0015845  0.0018774
-0.0022654  0.0015328
-0.0026367  0.0014028
-0.0026724  0.0015999
-0.0029126  0.0014681
-0.0030886  0.0016726
-0.0027470  0.0021563
-0.0028755  0.0021392
-0.0028341  0.0018828
-0.0024950  0.0017134
-0.0023119  0.0013515
-0.0022362  0.0012700
-0.0019907  0.0012050
-0.0017723  0.0009973
-0.0013334  0.0009694
-0.0009937  0.0009216
-0.0002272  0.0008061
 0.0005853  0.0007411
 0.0014378  0.0004833
 0.0022312  0.0002146
 0.0028990 -0.0000428
 0.0034482 -0.0000823
 0.0034131 -0.0001015
 0.0035899  0.0003014
 0.0035150  0.0008366
 0.0034534  0.0011428
 0.0036124  0.0017478
 0.0036857  0.0022644
 0.0034081  0.0027418
 0.0033566  0.0027477
 0.0027623  0.0025228
 0.0024736  0.0020792
 0.0017925  0.0013955
 0.0014209  0.0009148
 0.0013754  0.0002603
 0.0012146  0.0000793
 0.0012762 -0.0002651
 0.0009746 -0.0003303
 0.0008325 -0.0003073
 0.0001980 -0.0005938
-0.0003624 -0.0007375
-0.0007554 -0.0010290
-0.0012962 -0.0015688
-0.0015954 -0.0017152
-0.0016997 -0.0016458
-0.0016214 -0.0018031
-0.0017106 -0.0014619
-0.0016341 -0.0011549
-0.0016802 -0.0011668
-0.0018550 -0.0010128
-0.0015877 -0.0013677
-0.0015199 -0.0016630
-0.0015290 -0.0020930
-0.0013382 -0.0022545
-0.0013489 -0.0020736
-0.0011291 -0.0020596
-0.0011127 -0.0017745
-0.0014214 -0.0013080
-0.0012795 -0.0009964
-0.0016469 -0.0006109
-0.0016162 -0.0002152
-0.0017569  0.0003030
-0.0017325  0.0007879
-0.0015269  0.0014070
-0.0014571  0.0018037
-0.0012629  0.0020550
-0.0011222  0.0020396
-0.0008472  0.0019385
-0.0009647  0.0018066
-0.0011798  0.0014527
-0.0012868  0.0013100
-0.0014670  0.0012480
-0.0016192  0.0014007
-0.0018382  0.0013836
-0.0018721  0.0015801
-0.0019188  0.0016668
-0.0021588  0.0017031
-0.0023257  0.0013152
-0.0025823  0.0006653
-0.0027424  0.0003431
-0.0025473 -0.0004545
-0.0021876 -0.0009766
-0.0015413 -0.0007668
-0.0011232 -0.0005845
-0.0003450 -0.0000833
-0.0001130  0.0005781
 0.0002620  0.0011260
 0.0002423  0.0016157
 0.0004841  0.0019195
 0.0002532  0.0020124
 0.0005374  0.0024419
 0.0006894  0.0026317
 0.0008315  0.0023917
 0.0013584  0.0024151
 0.0017201  0.0023483
 0.0022785  0.0021135
 0.0022581  0.0018937
 0.0021943  0.0019294
 0.0016142  0.0020736
 0.0012411  0.0020150
 0.0005566  0.0017631
-0.0001201  0.0018385
-0.0000795  0.0015390
 0.0000015  0.0013050
 0.0004139  0.0009103
 0.0008312  0.0007456
 0.0012866 -0.0000662
 0.0019973 -0.0005251
 0.0027172 -0.0007376
 0.0029903 -0.0009220
 0.0033894 -0.0006821
 0.0038089 -0.0004534
 0.0033411 -0.0003045
 0.0028637  0.0001734
 0.0024723  0.0003730
 0.0023041  0.0004459
 0.0020014  0.0005962
 0.0022682  0.0004775
 0.0021424  0.0003562
 0.0021503  0.0001973
 0.0023011 -0.0000224
 0.0021826 -0.0001252
 0.0024771 -0.0003013
 0.0027083 -0.0007789
 0.0028292 -0.0008752
 0.0031624 -0.0008902
 0.0031519 -0.0011207
 0.0031458 -0.0010238
 0.0029789 -0.0011899
 0.0025061 -0.0013163
 0.0016820 -0.0015490
 0.0012585 -0.0020478
 0.0006926 -0.0025900
 0.0003922 -0.0030474
 0.0002424 -0.0033720
 0.0002349 -0.0035226
 0.0003608 -0.0032935
 0.0007962 -0.0030121
 0.0010778 -0.0027215
 0.0013796 -0.0024674
 0.0015106 -0.0021076
 0.0015362 -0.0020099
 0.0014658 -0.0021334
 0.0017797 -0.0024193
 0.0016714 -0.0029086
 0.0016046 -0.0034793
 0.0017546 -0.0039551
 0.0017278 -0.0046263
 0.0019395 -0.0051320
 0.0018721 -0.0051714
 0.0020376 -0.0054895
 0.0023635 -0.0052229
 0.0020251 -0.0047396
 0.0018232 -0.0040934
 0.0017346 -0.0031285
 0.0013034 -0.0025750
 0.0010077 -0.0021099
 0.0008732 -0.0015923
 0.0009138 -0.0013040
 0.0010224 -0.0011496
 0.0011288 -0.0011150
 0.0014024 -0.0012660
 0.0018558 -0.0015989
 0.0022186 -0.0018872
 0.0025278 -0.0022281
 0.0025484 -0.0025047
 0.0025206 -0.0024461
 0.0024972 -0.0028769
 0.0025223 -0.0030969
 0.0025933 -0.0032377
 0.0028320 -0.0040179
 0.0031526 -0.0041191
 0.0035384 -0.0043704
 0.0040316 -0.0044282
 0.0044097 -0.0043884
 0.0047462 -0.0038762
 0.0049546 -0.0032385
 0.0051159 -0.0027729
 0.0053442 -0.0021447
 0.0055693 -0.0017567
 0.0060953 -0.0011367
 0.0063153 -0.0007979
 0.0064648 -0.0004483
 0.0065427  0.0000629
 0.0067461  0.0001843
 0.0068957  0.0003977
 0.0069692  0.0008448
 0.0070568  0.0011818
 0.0072555  0.0016451
 0.0072927  0.0022015
 0.0072981  0.0029387
 0.0069609  0.0032738
 0.0066354  0.0036052
 0.0060450  0.0037837
 0.0054153  0.0036099
 0.0048771  0.0032895
 0.0045529  0.0030297
 0.0039098  0.0030662
 0.0035434  0.0032765
 0.0029751  0.0036411
 0.0022259  0.0041397
 0.0018298  0.0042064
 0.0012535  0.0041198
 0.0007464  0.0039787
 0.0004484  0.0039048
 0.0003545  0.0035699
 0.0006899  0.0037282
 0.0008099  0.0042026
 0.0011156  0.0046742
 0.0013148  0.0051748
 0.0010756  0.0060952
 0.0007492  0.0067111
 0.0002249  0.0068287
-0.0002828  0.0068210
-0.0009805  0.0065230
-0.0014619  0.0056519
-0.0016194  0.0049094
-0.0019925  0.0039062
-0.0020755  0.0031502
-0.0019426  0.0023728
-0.0021877  0.0020413
-0.0021245  0.0020349
-0.0021315  0.0022564
-0.0022161  0.0020652
-0.0023722  0.0020981
-0.0023512  0.0017739
-0.0024188  0.0013908
-0.0022597  0.0012249
-0.0020676  0.0009027
-0.0024378  0.0005692
-0.0018602  0.0007238
-0.0018834  0.0007131
-0.0015240  0.0007484
-0.0005619  0.0005625
 0.0001760  0.0001347
 0.0009080 -0.0003260
 0.0017528 -0.0007803
 0.0021586 -0.0012173
 0.0023841 -0.0017386
 0.0025351 -0.0017348
 0.0022933 -0.0017467
 0.0021252 -0.0013864
 0.0018973 -0.0014030
 0.0016769 -0.0011089
 0.0016920 -0.0005721
 0.0014838 -0.0005832
 0.0014117 -0.0004059
 0.0016366 -0.0002763
 0.0014694 -0.0002799
 0.0013896 -0.0002528
 0.0011605 -0.0003523
 0.0009904 -0.0003422
 0.0006312 -0.0000958
 0.0005549  0.0000142
 0.0002735 -0.0000096
 0.0005861  0.0003584
 0.0005730  0.0004154
 0.0008671  0.0003279
 0.0011534  0.0001178
 0.0013524 -0.0000647
 0.0013649 -0.0002983
 0.0016728 -0.0004430
 0.0019456 -0.0003353
 0.0019876 -0.0001284
 0.0019424  0.0004710
 0.0017910  0.0007154
 0.0012639  0.0011989
 0.0010727  0.0012620
 0.0007808  0.0012322
 0.0006356  0.0012043
 0.0006889  0.0013103
 0.0008092  0.0013018
 0.0006228  0.0012332
 0.0004171  0.0012429
-0.0004479  0.0011462
-0.0009090  0.0009202
-0.0011045  0.0007632
-0.0011771  0.0003384
-0.0010241  0.0002490
-0.0007608  0.0004189
-0.0004192  0.0002825
-0.0002434  0.0001670
-0.0000984 -0.0002380
-0.0003796 -0.0007940
-0.0003739 -0.0011866
-0.0002828 -0.0013309
-0.0008131 -0.0018572
-0.0010483 -0.0015637
-0.0007384 -0.0012198
-0.0012693 -0.0009148
-0.0013438 -0.0005033
-0.0013985  0.0000137
-0.0014134  0.0005873
-0.0012717  0.0009770
-0.0007042  0.0007838
-0.0003606  0.0006728
 0.0000271  0.0005945
 0.0007494  0.0000422
 0.0009953 -0.0004241
 0.0014244 -0.0007192
 0.0018899 -0.0008815
 0.0019512 -0.0009780
 0.0021806 -0.0003744
 0.0020978 -0.0001968
 0.0018881  0.0003664
 0.0017779  0.0009117
 0.0017850  0.0010546
 0.0016968  0.0008898
 0.0013098  0.0010996
 0.0013686  0.0011953
 0.0011779  0.0013384
 0.0010033  0.0014601
 0.0007811  0.0015812
 0.0005435  0.0015699
 0.0002944  0.0015002
 0.0002157  0.0014415
 0.0003770  0.0011274
 0.0003741  0.0009336
 0.0009973  0.0005651
 0.0013976  0.0002534
 0.0020414  0.0001222
 0.0024932  0.0001675
 0.0030148 -0.0000025
 0.0034063 -0.0004553
 0.0034834 -0.0006619
 0.0035768 -0.0011244
 0.0035800 -0.0014841
 0.0034429 -0.0018543
 0.0032477 -0.0025532
 0.0027170 -0.0026325
 0.0020058 -0.0030192
 0.0014932 -0.0031308
 0.0005894 -0.0033511
-0.0000873 -0.0034500
-0.0003219 -0.0034726
-0.0008260 -0.0032445
-0.0009466 -0.0032088
-0.0010195 -0.0030744
-0.0012936 -0.0027043
-0.0015466 -0.0025336
-0.0013393 -0.0020200
-0.0015319 -0.0016993
-0.0019270 -0.0013222
-0.0018729 -0.0010073
-0.0018620 -0.0009597
-0.0018083 -0.0008908
-0.0016668 -0.0008579
-0.0015740 -0.0013442
-0.0015477 -0.0014259
-0.0015776 -0.0014326
-0.0016531 -0.0015642
-0.0021097 -0.0016603
-0.0024771 -0.0012961
-0.0029027 -0.0012561
-0.0032440 -0.0013496
-0.0032807 -0.0015488
-0.0033245 -0.0016631
-0.0032192 -0.0019493
-0.0031594 -0.0022349
-0.0029898 -0.0021263
-0.0027767 -0.0022038
-0.0026285 -0.0023445
-0.0021956 -0.0019949
-0.0017561 -0.0015689
-0.0017334 -0.0011177
-0.0015850 -0.0007666
-0.0018089 -0.0007916
-0.0021925 -0.0005528
-0.0025748 -0.0003899
-0.0028031 -0.0006303
-0.0034533 -0.0009295
-0.0034666 -0.0009017
-0.0032221 -0.0013642
-0.0029282 -0.0017395
-0.0023922 -0.0016518
-0.0019137 -0.0015398
-0.0016453 -0.0013977
-0.0014450 -0.0009568
-0.0013721 -0.0006098
-0.0013206 -0.0006076
-0.0011042 -0.0004983
-0.0006972 -0.0005885
-0.0003486 -0.0007290
 0.0002787 -0.0008148
 0.0009408 -0.0009226
 0.0012196 -0.0008780
 0.0014485 -0.0008823
 0.0016659 -0.0002060
 0.0017503 -0.0001695
 0.0018365  0.0000208
 0.0022946  0.0003277
 0.0025249  0.0005601
 0.0024704  0.0006707
 0.0026160  0.0005211
 0.0020350  0.0006524
 0.0014641  0.0004673
 0.0008676  0.0002622
 0.0001326  0.0002172
-0.0002910  0.0001801
-0.0009032  0.0002477
-0.0011154  0.0005239
-0.0015575  0.0009139
-0.0018262  0.0012020
-0.0022669  0.0018247
-0.0026888  0.0024322
-0.0034543  0.0025713
-0.0038373  0.0027078
-0.0041274  0.0023450
-0.0041197  0.0018906
-0.0040656  0.0014083
-0.0038985  0.0008772
-0.0039672  0.0002390
-0.0039215 -0.0003140
-0.0036260 -0.0009880
-0.0034794 -0.0015676
-0.0030642 -0.0018079
-0.0027543 -0.0016833
-0.0021834 -0.0020194
-0.0018236 -0.0022217
-0.0014681 -0.0023394
-0.0014158 -0.0024202
-0.0012444 -0.0026045
-0.0009959 -0.0028314
-0.0010724 -0.0029716
-0.0006432 -0.0031597
-0.0003485 -0.0032916
-0.0000526 -0.0032918
 0.0002706 -0.0031935
 0.0004396 -0.0031438
 0.0007642 -0.0027570
 0.0007353 -0.0024354
 0.0005330 -0.0019741
 0.0001293 -0.0015724
-0.0001509 -0.0009698
-0.0005353 -0.0003319
-0.0009427  0.0005503
-0.0013130  0.0007774
-0.0017412  0.0012742
-0.0023656  0.0012851
-0.0025231  0.0010547
-0.0028515  0.0007093
-0.0031885  0.0003167
-0.0034204  0.0001072
-0.0035633 -0.0002756
-0.0033916 -0.0004250
-0.0034138 -0.0005741
-0.0031249 -0.0006456
-0.0032139 -0.0007350
-0.0028940 -0.0005387
-0.0023982 -0.0005532
-0.0019000 -0.0007722
-0.0012035 -0.0008403
-0.0008769 -0.0010886
-0.0002265 -0.0013894
 0.0003416 -0.0018650
 0.0011594 -0.0023544
 0.0018654 -0.0028771
 0.0023953 -0.0029013
 0.0027706 -0.0028658
 0.0029549 -0.0026472
 0.0029345 -0.0020761
 0.0024648 -0.0014830
 0.0021874 -0.0010223
 0.0018935 -0.0004452
 0.0011226 -0.0001462
 0.0005921  0.0003888
 0.0002389  0.0004338
-0.0004350  0.0006397
-0.0007478  0.0010656
-0.0008015  0.0011094
-0.0010500  0.0010395
-0.0012612  0.0011447
-0.0013002  0.0008946
-0.0010434  0.0005036
-0.0005375  0.0001041
-0.0000195 -0.0006699
 0.0008712 -0.0013910
 0.0016724 -0.0017398
 0.0021318 -0.0024435
 0.0025917 -0.0027693
 0.0028004 -0.0029899
 0.0026389 -0.0030107
 0.0025707 -0.0026666
 0.0020303 -0.0019901
 0.0013760 -0.0012825
 0.0008663 -0.0006329
 0.0003169  0.0002563
-0.0003058  0.0005977
-0.0008428  0.0013125
-0.0013951  0.0013756
-0.0016612  0.0014721
-0.0021519  0.0016252
-0.0020361  0.0014530
-0.0022131  0.0018297
-0.0019765  0.0021757
-0.0017560  0.0026945
-0.0016094  0.0032521
-0.0016157  0.0038672
-0.0016668  0.0040600
-0.0021349  0.0038646
-0.0023618  0.0034602
-0.0025809  0.0029182
-0.0030764  0.0024540
-0.0034503  0.0022295
-0.0036720  0.0019322
-0.0039463  0.0017763
-0.0036762  0.0016041
-0.0036939  0.0010768
-0.0036449  0.0007419
-0.0037973  0.0003767
-0.0039594  0.0001474
-0.0041245 -0.0003870
-0.0042806 -0.0005939
-0.0042176 -0.0008060
-0.0041415 -0.0011051
-0.0036272 -0.0012319
-0.0032065 -0.0011386
-0.0025560 -0.0011212
-0.0021862 -0.0008791
-0.0017944 -0.0010634
-0.0014674 -0.0010080
-0.0014647 -0.0009373
-0.0015955 -0.0011659
-0.0012420 -0.0010193
-0.0014244 -0.0007635
-0.0010639 -0.0000972
-0.0012029  0.0001957
-0.0010529 -0.0000116
-0.0008857  0.0000608
-0.0007610 -0.0002787
-0.0003027 -0.0006474
 0.0000183 -0.0015881
 0.0006033 -0.0019358
 0.0011952 -0.0024049
 0.0018660 -0.0024861
 0.0020822 -0.0022332
 0.0023452 -0.0018211
 0.0024259 -0.0011818
 0.0021053 -0.0004799
 0.0016194 -0.0000166
 0.0010325  0.0002364
 0.0009570  0.0001655
 0.0007303 -0.0000472
 0.0007112 -0.0001342
 0.0014298 -0.0004544
 0.0018802 -0.0006973
 0.0024610 -0.0005366
 0.0031599 -0.0003051
 0.0032757  0.0001286
 0.0035988  0.0004865
 0.0033844  0.0008253
 0.0033148  0.0012399
 0.0027849  0.0011684
 0.0027302  0.0010784
 0.0028950  0.0005238
 0.0029525 -0.0000156
 0.0032660 -0.0008003
 0.0034463 -0.0013024
 0.0036475 -0.0013220
 0.0034547 -0.0009510
 0.0029955 -0.0006268
 0.0023129 -0.0004594
 0.0017083 -0.0000944
 0.0009979 -0.0001221
 0.0007649 -0.0005735
 0.0006190 -0.0007194
 0.0005277 -0.0012126
 0.0005644 -0.0013128
 0.0008800 -0.0015014
 0.0009090 -0.0012781
 0.0014244 -0.0010074
 0.0018334 -0.0006106
 0.0021188  0.0000358
 0.0023933  0.0004288
 0.0027056  0.0009398
 0.0027165  0.0012802
 0.0028597  0.0012584
 0.0027836  0.0012171
 0.0026136  0.0007742
 0.0022488  0.0003291
 0.0021422  0.0000382
 0.0020166 -0.0004949
 0.0021377 -0.0004717
 0.0021430 -0.0003988
 0.0022465 -0.0001569
 0.0023672 -0.0000219
 0.0024546  0.0000934
 0.0023529  0.0005718
 0.0022887  0.0007899
 0.0021111  0.0007975
 0.0020673  0.0007416
 0.0018895  0.0007245
 0.0019242  0.0005541
 0.0018338  0.0004895
 0.0018771  0.0007338
 0.0018341  0.0006304
 0.0016666  0.0009516
 0.0015816  0.0011267
 0.0012564  0.0012789
 0.0010333  0.0017224
 0.0008974  0.0020854
 0.0008187  0.0022971
 0.0005917  0.0027756
 0.0005083  0.0031703
 0.0001399  0.0036507
-0.0000023  0.0038528
 0.0000774  0.0039988
 0.0000112  0.0039144
 0.0002614  0.0040040
 0.0006563  0.0036025
 0.0008527  0.0033082
 0.0011843  0.0029850
 0.0014254  0.0026140
 0.0016006  0.0023191
 0.0015219  0.0016827
 0.0013677  0.0010472
 0.0015648  0.0012596
 0.0015697  0.0010112
 0.0014599  0.0009829
 0.0014532  0.0011940
 0.0014250  0.0017031
 0.0010150  0.0020717
 0.0005022  0.0024322
 0.0001978  0.0023900
-0.0002499  0.0020310
-0.0003452  0.0013703
-0.0004263  0.0006403
-0.0003682  0.0000733
-0.0001728 -0.0005408
 0.0000481 -0.0008774
 0.0001491 -0.0012301
 0.0001101 -0.0015658
 0.0002149 -0.0018646
 0.0000114 -0.0024116
 0.0003148 -0.0028862
 0.0005505 -0.0033527
 0.0008188 -0.0035223
 0.0009145 -0.0036519
 0.0014993 -0.0037445
 0.0016845 -0.0035388
 0.0019086 -0.0032709
 0.0021777 -0.0032868
 0.0022463 -0.0034037
 0.0020991 -0.0033656
 0.0020291 -0.0036944
 0.0017488 -0.0040112
 0.0013213 -0.0043887
 0.0007955 -0.0049750
 0.0006425 -0.0052596
 0.0006041 -0.0051617
 0.0001231 -0.0053572
 0.0002408 -0.0049385
 0.0002527 -0.0045737
-0.0002494 -0.0041170
-0.0004216 -0.0039985
-0.0006495 -0.0041279
-0.0008275 -0.0041939
-0.0013782 -0.0043843
-0.0014882 -0.0046447
-0.0015629 -0.0046362
-0.0018952 -0.0045801
-0.0018294 -0.0044668
-0.0016087 -0.0044747
-0.0013990 -0.0044759
-0.0011038 -0.0044333
-0.0009207 -0.0045674
-0.0007178 -0.0046216
-0.0002656 -0.0046876
 0.0003493 -0.0047466
 0.0012739 -0.0046342
 0.0025057 -0.0041935
 0.0036958 -0.0035915
 0.0046664 -0.0027854
 0.0058284 -0.0019212
 0.0064817 -0.0013341
 0.0065580 -0.0008385
 0.0063559 -0.0002020
 0.0060783  0.0002840
 0.0055351  0.0004699
 0.0048954  0.0009916
 0.0048229  0.0013019
 0.0047880  0.0020531
 0.0043155  0.0023886
 0.0042521  0.0026684
 0.0039184  0.0030035
 0.0034044  0.0028105
 0.0031671  0.0025057
 0.0029062  0.0020650
 0.0024670  0.0013849
 0.0021411  0.0010661
 0.0022455  0.0005261
 0.0023321  0.0002265
 0.0026000  0.0000111
 0.0029797  0.0001992
 0.0032670  0.0004630
 0.0036202  0.0006711
 0.0036576  0.0012533
 0.0036250  0.0014114
 0.0034518  0.0011840
 0.0031842  0.0011616
 0.0029908  0.0008565
 0.0025486  0.0005565
 0.0024566  0.0002660
 0.0018792  0.0002430
 0.0012158 -0.0003142
 0.0003601 -0.0006489
-0.0001349 -0.0012509
-0.0005655 -0.0018753
-0.0012345 -0.0024438
-0.0010877 -0.0029335
-0.0006817 -0.0032702
-0.0003763 -0.0037150
-0.0000406 -0.0037065
 0.0008521 -0.0035319
 0.0010732 -0.0033175
 0.0013124 -0.0024735
 0.0013473 -0.0019220
 0.0011319 -0.0013332
 0.0006946 -0.0007611
 0.0000709 -0.0005501
-0.0004338 -0.0007960
-0.0006579 -0.0010606
-0.0011232 -0.0018346
-0.0013055 -0.0026207
-0.0011997 -0.0037449
-0.0012492 -0.0047168
-0.0011634 -0.0054599
-0.0008715 -0.0059179
-0.0010766 -0.0064048
-0.0014102 -0.0062267
-0.0016833 -0.0056984
-0.0018790 -0.0054240
-0.0022633 -0.0049118
-0.0022963 -0.0043787
-0.0019210 -0.0037331
-0.0016579 -0.0028979
-0.0011203 -0.0020432
-0.0011903 -0.0012474
-0.0013619 -0.0007758
-0.0014727 -0.0005041
-0.0017293 -0.0005277
-0.0018573 -0.0007160
-0.0015839 -0.0009134
-0.0017502 -0.0011153
-0.0011902 -0.0006170
-0.0009063 -0.0001101
-0.0008365  0.0002714
-0.0003564  0.0005570
-0.0001737  0.0007177
-0.0001620  0.0008606
 0.0000409  0.0006795
 0.0003591  0.0008166
 0.0005375  0.0008903
 0.0008850  0.0011875
 0.0008596  0.0015640
 0.0007201  0.0016582
 0.0008556  0.0018672
 0.0009428  0.0017383
 0.0005776  0.0017710
 0.0006502  0.0018536
 0.0006583  0.0019924
 0.0009456  0.0018644
 0.0008472  0.0021664
 0.0008216  0.0018779
 0.0009084  0.0017065
 0.0012048  0.0014399
 0.0014543  0.0010002
 0.0015984  0.0006370
 0.0015671  0.0001305
 0.0016806 -0.0004817
 0.0017589 -0.0011695
 0.0018158 -0.0014164
 0.0015584 -0.0016086
 0.0013112 -0.0015876
 0.0009369 -0.0014743
 0.0000196 -0.0012848
-0.0005028 -0.0009614
-0.0013884 -0.0006263
-0.0021596 -0.0002086
-0.0024684  0.0000385
-0.0024344 -0.0000120
-0.0023137 -0.0001356
-0.0018734 -0.0001673
-0.0011879 -0.0003062
-0.0006354 -0.0001470
-0.0002119  0.0003329
 0.0003442  0.0004585
 0.0005794  0.0006133
 0.0006670  0.0006460
 0.0008325  0.0006390
 0.0007232  0.0002976
 0.0009768 -0.0000189
 0.0008195 -0.0004977
 0.0005653 -0.0005106
 0.0001783 -0.0006995
-0.0000795 -0.0008703
-0.0005216 -0.0008618
-0.0007881 -0.0005950
-0.0010709 -0.0004482
-0.0012953 -0.0000195
-0.0012172  0.0001291
-0.0016344  0.0001912
-0.0018403  0.0000473
-0.0019729  0.0004397
-0.0019802  0.0001904
-0.0019128  0.0001787
-0.0019013  0.0002742
-0.0018155  0.0004829
-0.0015752  0.0006761
-0.0011305  0.0010902
-0.0008579  0.0013762
-0.0002313  0.0015296
 0.0000176  0.0016328
 0.0005651  0.0017551
 0.0007748  0.0019737
 0.0009628  0.0020104
 0.0006295  0.0019820
 0.0004666  0.0018407
 0.0000011  0.0019931
-0.0005872  0.0017283
-0.0010331  0.0017868
-0.0011913  0.0017824
-0.0015819  0.0018809
-0.0014267  0.0020019
-0.0011132  0.0021212
-0.0010730  0.0021004
-0.0007692  0.0025900
-0.0002328  0.0026794
-0.0000925  0.0029475
 0.0004410  0.0036270
 0.0004525  0.0036953
 0.0005429  0.0035247
 0.0002875  0.0034910
-0.0001565  0.0030659
-0.0005307  0.0024589
-0.0007869  0.0020808
-0.0009183  0.0019411
-0.0010063  0.0018259
-0.0008472  0.0024117
-0.0012249  0.0027631
-0.0014972  0.0029252
-0.0013157  0.0030472
-0.0017152  0.0026121
-0.0017463  0.0023880
-0.0015577  0.0022025
-0.0017810  0.0018809
-0.0021589  0.0019436
-0.0024808  0.0019725
-0.0028215  0.0021237
-0.0026879  0.0021992
-0.0026708  0.0022765
-0.0022363  0.0021683
-0.0018194  0.0021864
-0.0010482  0.0025972
-0.0006528  0.0028807
-0.0003102  0.0034067
-0.0003582  0.0035701
-0.0003435  0.0039835
-0.0003956  0.0043313
-0.0006094  0.0039775
-0.0006585  0.0035505
-0.0004318  0.0035422
-0.0005640  0.0032948
-0.0010093  0.0031357
-0.0012643  0.0030788
-0.0016603  0.0029538
-0.0022132  0.0027639
-0.0024716  0.0029187
-0.0033235  0.0028739
-0.0037929  0.0027912
-0.0039185  0.0027098
-0.0038272  0.0026782
-0.0038779  0.0024492
-0.0037762  0.0024109
-0.0035749  0.0021049
-0.0033771  0.0019080
-0.0030115  0.0012725
-0.0026558  0.0007793
-0.0023998  0.0003719
-0.0019323 -0.0002939
-0.0016164 -0.0006744
-0.0011307 -0.0010665
-0.0006075 -0.0012344
-0.0004466 -0.0010448
-0.0002651 -0.0005770
 0.0000763 -0.0001888
 0.0002480  0.0000077
 0.0004764  0.0000287
 0.0007739 -0.0000176
 0.0012637 -0.0007257
 0.0017183 -0.0010887
 0.0023752 -0.0010891
 0.0027883 -0.0012972
 0.0030088 -0.0010277
 0.0029229 -0.0006534
 0.0025753 -0.0002987
 0.0025880  0.0000982
 0.0023712  0.0000776
 0.0026569  0.0002126
 0.0030079  0.0003689
 0.0034942  0.0003806
 0.0043025  0.0007018
 0.0050154  0.0013676
 0.0050817  0.0017058
 0.0050992  0.0020678
 0.0047144  0.0024834
 0.0039685  0.0022628
 0.0032973  0.0017256
 0.0026646  0.0014728
 0.0021202  0.0006926
 0.0019575  0.0001340
 0.0016181 -0.0003332
 0.0012059 -0.0007848
 0.0012573 -0.0004134
 0.0012510 -0.0001277
 0.0013166  0.0005518
 0.0010869  0.0013779
 0.0006052  0.0018349
 0.0002828  0.0019409
-0.0002531  0.0017763
-0.0005107  0.0015430
-0.0008420  0.0009390
-0.0009465  0.0006874
-0.0010590  0.0000668
-0.0013079  0.0000347
-0.0012170 -0.0002045
-0.0012835 -0.0004016
-0.0014958 -0.0003422
-0.0014109 -0.0001997
-0.0017334 -0.0001902
-0.0020837  0.0001061
-0.0027405  0.0000076
-0.0031582 -0.0001919
-0.0035672 -0.0006055
-0.0037394 -0.0008496
-0.0037547 -0.0014631
-0.0034850 -0.0019260
-0.0032883 -0.0025884
-0.0031115 -0.0032550
-0.0030152 -0.0039882
-0.0028985 -0.0044586
-0.0029118 -0.0047548
-0.0031390 -0.0048322
-0.0032337 -0.0045187
-0.0033276 -0.0044921
-0.0034209 -0.0041190
-0.0030317 -0.0039070
-0.0022359 -0.0037800
-0.0018447 -0.0035200
-0.0010644 -0.0037122
-0.0008276 -0.0041036
-0.0004337 -0.0040590
-0.0003996 -0.0042900
-0.0005631 -0.0047048
-0.0006168 -0.0047267
-0.0008418 -0.0045363
-0.0007798 -0.0042995
-0.0005875 -0.0038697
-0.0002601 -0.0038146
 0.0003389 -0.0037652
 0.0009186 -0.0035909
 0.0013579 -0.0033963
 0.0016783 -0.0032762
 0.0021497 -0.0028875
 0.0022718 -0.0026057
 0.0025924 -0.0018525
 0.0028533 -0.0015707
 0.0033719 -0.0012402
 0.0036678 -0.0010169
 0.0040851 -0.0010351
 0.0041212 -0.0014120
 0.0039350 -0.0017497
 0.0035559 -0.0021753
 0.0031523 -0.0027179
 0.0026432 -0.0029899
 0.0023751 -0.0037710
 0.0019290 -0.0042161
 0.0019201 -0.0043604
 0.0022129 -0.0045914
 0.0023007 -0.0045724
 0.0024471 -0.0039557
 0.0028024 -0.0032612
 0.0032719 -0.0025865
 0.0037332 -0.0015473
 0.0042609 -0.0010442
 0.0045609 -0.0003031
 0.0048724  0.0001200
 0.0049157 -0.0000225
 0.0042017  0.0000660
 0.0037061 -0.0002772
 0.0030171 -0.0007274
 0.0024842 -0.0010229
 0.0022621 -0.0012904
 0.0020134 -0.0013624
 0.0020382 -0.0012268
 0.0020396 -0.0013235
 0.0021093 -0.0009704
 0.0020814 -0.0004866
 0.0018424 -0.0000818
 0.0015574  0.0003358
 0.0012608  0.0008704
 0.0011381  0.0011181
 0.0007180  0.0013175
 0.0006901  0.0016330
 0.0004816  0.0016803
-0.0001684  0.0019055
-0.0006852  0.0019483
-0.0010447  0.0020207
-0.0015815  0.0019068
-0.0019517  0.0021583
-0.0022670  0.0019708
-0.0026966  0.0016970
-0.0026136  0.0016752
-0.0026829  0.0010530
-0.0023872  0.0008556
-0.0023539  0.0003098
-0.0020608 -0.0001382
-0.0020640 -0.0009029
-0.0020503 -0.0014300
-0.0019849 -0.0024192
-0.0022179 -0.0030938
-0.0022884 -0.0032996
-0.0022914 -0.0036950
-0.0025147 -0.0037086
-0.0024235 -0.0032748
-0.0024713 -0.0031042
-0.0022701 -0.0025392
-0.0019618 -0.0021851
-0.0017659 -0.0017636
-0.0015299 -0.0015950
-0.0013000 -0.0015530
-0.0012182 -0.0016648
-0.0010357 -0.0020124
-0.0010838 -0.0024965
-0.0012471 -0.0028271
-0.0014409 -0.0033407
-0.0016460 -0.0036990
-0.0015830 -0.0041762
-0.0015988 -0.0045740
-0.0011870 -0.0050381
-0.0011113 -0.0050617
-0.0010001 -0.0051535
-0.0009343 -0.0054103
-0.0008598 -0.0052904
-0.0009620 -0.0053327
-0.0013092 -0.0055192
-0.0012208 -0.0059312
-0.0010175 -0.0058658
-0.0007891 -0.0058760
-0.0004298 -0.0057464
 0.0002867 -0.0056574
 0.0006764 -0.0056753
 0.0013678 -0.0057627
 0.0023273 -0.0056348
 0.0027373 -0.0056863
 0.0029848 -0.0054677
 0.0031709 -0.0052036
 0.0031477 -0.0052063
 0.0028637 -0.0049462
 0.0022835 -0.0046695
 0.0019059 -0.0044515
 0.0018281 -0.0040691
 0.0014785 -0.0038113
 0.0009574 -0.0035332
 0.0006449 -0.0033513
 0.0003519 -0.0032168
-0.0001526 -0.0035453
-0.0006615 -0.0033097
-0.0013075 -0.0036174
-0.0018431 -0.0036868
-0.0022266 -0.0038388
-0.0025956 -0.0039933
-0.0028140 -0.0043476
-0.0026120 -0.0045327
-0.0023425 -0.0047544
-0.0022742 -0.0049391
-0.0018186 -0.0048370
-0.0012187 -0.0047128
-0.0011650 -0.0043066
-0.0012767 -0.0036865
-0.0014022 -0.0031570
-0.0013861 -0.0022731
-0.0017715 -0.0014079
-0.0020474 -0.0004496
-0.0023791  0.0001116
-0.0029334  0.0009855
-0.0033125  0.0010933
-0.0035485  0.0014694
-0.0036762  0.0013723
-0.0037673  0.0013730
-0.0031324  0.0010940
-0.0024300  0.0008971
-0.0017103  0.0005032
-0.0008280  0.0005901
-0.0001497  0.0005537
 0.0002361  0.0007772
 0.0004673  0.0007916
 0.0004004  0.0007466
 0.0004786  0.0006566
 0.0002478  0.0006879
 0.0000031  0.0004707
-0.0002690  0.0003385
-0.0005751  0.0001305
-0.0011934 -0.0005104
-0.0014283 -0.0008215
-0.0015841 -0.0014133
-0.0016503 -0.0019190
-0.0014270 -0.0020920
-0.0013497 -0.0024078
-0.0011375 -0.0022362
-0.0015185 -0.0023932
-0.0013489 -0.0023095
-0.0015873 -0.0021698
-0.0012986 -0.0023687
-0.0007831 -0.0023170
-0.0003607 -0.0025581
 0.0002124 -0.0026983
 0.0003789 -0.0025919
 0.0006591 -0.0027674
 0.0007045 -0.0025013
 0.0007235 -0.0024613
 0.0008571 -0.0024712
 0.0009629 -0.0024018
 0.0009621 -0.0021383
 0.0012504 -0.0021322
 0.0013671 -0.0019999
 0.0015179 -0.0018223
 0.0015673 -0.0015976
 0.0016426 -0.0014310
 0.0016903 -0.0012277
 0.0016626 -0.0007095
 0.0016216 -0.0003263
 0.0017379  0.0002399
 0.0017098  0.0004499
 0.0019870  0.0008625
 0.0023338  0.0009489
 0.0023794  0.0012560
 0.0026556  0.0013801
 0.0027789  0.0015148
 0.0023857  0.0017420
 0.0023542  0.0019679
 0.0017716  0.0019166
 0.0012651  0.0021498
 0.0005955  0.0022820
-0.0000678  0.0025422
-0.0004865  0.0027538
-0.0007961  0.0028505
-0.0008886  0.0026393
-0.0007453  0.0025898
-0.0003433  0.0025573
-0.0000593  0.0020542
 0.0001993  0.0018967
 0.0005314  0.0016468
 0.0005536  0.0016672
 0.0004918  0.0014383
 0.0003459  0.0013198
-0.0002013  0.0009571
-0.0002925  0.0006418
-0.0005257  0.0004948
-0.0007919  0.0004942
-0.0007237  0.0004887
-0.0006264  0.0005201
-0.0006062  0.0012218
-0.0002721  0.0014911
-0.0002237  0.0018417
-0.0000046  0.0016186
-0.0000670  0.0014155
-0.0002443  0.0008035
-0.0006138 -0.0001134
-0.0006449 -0.0005563
-0.0010354 -0.0010678
-0.0014632 -0.0016005
-0.0017771 -0.0015388
-0.0025168 -0.0016308
-0.0030164 -0.0014986
-0.0030370 -0.0011546
-0.0032914 -0.0012240
-0.0034922 -0.0013801
-0.0033456 -0.0014764
-0.0031238 -0.0019787
-0.0034589 -0.0022853
-0.0031734 -0.0024959
-0.0032283 -0.0026454
-0.0031537 -0.0025461
-0.0032958 -0.0024066
-0.0034756 -0.0021554
-0.0035067 -0.0020961
-0.0036775 -0.0019505
-0.0037603 -0.0018940
-0.0035596 -0.0018950
-0.0034661 -0.0021657
-0.0035796 -0.0022449
-0.0027808 -0.0022320
-0.0023230 -0.0026300
-0.0015401 -0.0025460
-0.0001630 -0.0023049
 0.0008769 -0.0019288
 0.0016634 -0.0013818
 0.0023241 -0.0004925
 0.0025684  0.0003013
 0.0024780  0.0012030
 0.0022935  0.0015698
 0.0021500  0.0017212
 0.0021732  0.0019498
 0.0020336  0.0018633
 0.0024278  0.0018892
 0.0028990  0.0020789
 0.0035268  0.0023248
 0.0039403  0.0024253
 0.0041817  0.0025696
 0.0045145  0.0025850
 0.0042834  0.0020758
 0.0040772  0.0019129
 0.0040072  0.0015209
 0.0035086  0.0009185
 0.0031220  0.0007455
 0.0025256  0.0002077
 0.0023992 -0.0003305
 0.0022052 -0.0004551
 0.0021160 -0.0006949
 0.0022785 -0.0004918
 0.0028066  0.0000846
 0.0025946  0.0006944
 0.0025797  0.0011430
 0.0019753  0.0020651
 0.0014779  0.0025294
 0.0008105  0.0028889
 0.0004534  0.0032119
-0.0001207  0.0031507
-0.0003791  0.0028141
-0.0007952  0.0026898
-0.0006658  0.0020182
-0.0007208  0.0015379
-0.0004031  0.0012922
-0.0002967  0.0012424
-0.0002881  0.0012930
 0.0000661  0.0016389
-0.0003716  0.0019279
-0.0003278  0.0027187
-0.0007632  0.0033179
-0.0014845  0.0036070
-0.0020804  0.0038670
-0.0028596  0.0039592
-0.0034831  0.0039249
-0.0039196  0.0036097
-0.0042639  0.0033680
-0.0042242  0.0030331
-0.0039654  0.0025088
-0.0036884  0.0022443
-0.0031290  0.0018482
-0.0028942  0.0015424
-0.0030751  0.0009830
-0.0028754  0.0006396
-0.0030199  0.0006739
-0.0032930  0.0006764
-0.0030114  0.0007848
-0.0026749  0.0011252
-0.0023583  0.0015479
-0.0020311  0.0016876
-0.0015085  0.0019285
-0.0013960  0.0019121
-0.0015148  0.0016562
-0.0017934  0.0017317
-0.0020078  0.0016489
-0.0027045  0.0017932
-0.0027186  0.0022053
-0.0029976  0.0025529
-0.0031852  0.0032262
-0.0029963  0.0037557
-0.0026125  0.0041041
-0.0021745  0.0047104
-0.0017669  0.0049615
-0.0012285  0.0049839
-0.0008520  0.0054384
-0.0005066  0.0053554
-0.0001048  0.0047835
 0.0002346  0.0045177
 0.0009220  0.0043469
 0.0012436  0.0040966
 0.0020622  0.0040915
 0.0025071  0.0040356
 0.0026103  0.0040599
 0.0024175  0.0043421
 0.0020025  0.0042699
 0.0017001  0.0040036
 0.0013606  0.0041892
 0.0012250  0.0041516
 0.0009323  0.0042883
 0.0005714  0.0047013
 0.0001782  0.0049444
-0.0004700  0.0049757
-0.0006511  0.0052466
-0.0009169  0.0048177
-0.0011392  0.0049735
-0.0010032  0.0052586
-0.0008322  0.0053656
-0.0007331  0.0057630
-0.0004491  0.0060180
-0.0003120  0.0056235
 0.0000828  0.0057910
 0.0003045  0.0055915
 0.0002153  0.0052418
 0.0001509  0.0050940
 0.0004528  0.0051758
 0.0002961  0.0053915
 0.0002416  0.0056432
 0.0002774  0.0061909
-0.0000697  0.0062698
 0.0000355  0.0065964
-0.0002004  0.0062798
-0.0002058  0.0062458
-0.0000666  0.0061655
 0.0002124  0.0060272
 0.0003687  0.0056323
 0.0008025  0.0058115
 0.0012778  0.0055212
 0.0015695  0.0055759
 0.0018368  0.0056599
 0.0019272  0.0051324
 0.0013820  0.0049780
 0.0011028  0.0044872
 0.0002783  0.0034487
-0.0005217  0.0026406
-0.0007190  0.0020134
-0.0010202  0.0016203
-0.0011038  0.0015263
-0.0010261  0.0016832
-0.0013881  0.0019860
-0.0015961  0.0019939
-0.0016966  0.0018664
-0.0020628  0.0014685
-0.0019397  0.0010890
-0.0019522  0.0005996
-0.0018004  0.0002157
-0.0013878 -0.0003342
-0.0008422 -0.0007175
-0.0009370 -0.0009341
-0.0005603 -0.0009680
-0.0006546 -0.0011644
-0.0008649 -0.0010181
-0.0009618 -0.0010699
-0.0007812 -0.0009758
-0.0011565 -0.0011060
-0.0008630 -0.0012820
-0.0004532 -0.0015240
-0.0003106 -0.0017412
 0.0001028 -0.0018435
 0.0003204 -0.0014747
 0.0003701 -0.0015591
 0.0004950 -0.0010392
 0.0002265 -0.0006048
-0.0000016 -0.0002943
-0.0001649  0.0000366
-0.0004725  0.0004692
-0.0007287  0.0002708
-0.0010888  0.0000512
-0.0010072 -0.0004331
-0.0006079 -0.0008858
-0.0003816 -0.0012919
-0.0002984 -0.0015013
-0.0004552 -0.0014369
-0.0005598 -0.0015076
-0.0010356 -0.0013340
-0.0015509 -0.0015668
-0.0020391 -0.0020182
-0.0025106 -0.0026379
-0.0026380 -0.0032963
-0.0025737 -0.0040606
-0.0023292 -0.0048223
-0.0016530 -0.0053918
-0.0012739 -0.0053928
-0.0008459 -0.0050482
-0.0008576 -0.0046604
-0.0007411 -0.0039647
-0.0008255 -0.0033185
-0.0008784 -0.0023448
-0.0010156 -0.0018718
-0.0010582 -0.0014673
-0.0010545 -0.0012386
-0.0012051 -0.0007026
-0.0013767 -0.0007531
-0.0012713 -0.0001991
-0.0012140  0.0002145
-0.0009397  0.0006055
-0.0004814  0.0010668
 0.0002282  0.0016121
 0.0007274  0.0016869
 0.0015904  0.0017194
 0.0018797  0.0012480
 0.0023991  0.0008307
 0.0025729  0.0005467
 0.0022094  0.0003896
 0.0018926  0.0004818
 0.0012230  0.0007976
 0.0004202  0.0009015
-0.0002862  0.0010999
-0.0011494  0.0012479
-0.0018095  0.0011473
-0.0024434  0.0007129
-0.0030110 -0.0000504
-0.0032943 -0.0006876
-0.0030115 -0.0012052
-0.0025171 -0.0013134
-0.0017413 -0.0015625
-0.0008523 -0.0011042
-0.0000345 -0.0007946
 0.0006765 -0.0004316
 0.0013617 -0.0003430
 0.0018058 -0.0001788
 0.0022948  0.0001666
 0.0027754  0.0002948
 0.0031400  0.0004062
 0.0033740  0.0004995
 0.0034897  0.0007420
 0.0037554  0.0003223
 0.0034837  0.0002416
 0.0032782  0.0002670
 0.0030733 -0.0000944
 0.0027502 -0.0004439
 0.0025771 -0.0002890
 0.0024796 -0.0004204
 0.0025892 -0.0003451
 0.0025478 -0.0003564
 0.0029275 -0.0003220
 0.0029019  0.0000860
 0.0030801  0.0005511
 0.0028241  0.0011128
 0.0029167  0.0017586
 0.0028095  0.0022052
 0.0027427  0.0023420
 0.0031687  0.0024513
 0.0036625  0.0024040
 0.0039831  0.0019446
 0.0047326  0.0015305
 0.0054655  0.0010410
 0.0061462  0.0006243
 0.0067391  0.0006760
 0.0071049  0.0006819
 0.0070294  0.0011085
 0.0066533  0.0017074
 0.0062138  0.0020056
 0.0054651  0.0023155
 0.0046666  0.0024304
 0.0041379  0.0024409
 0.0037225  0.0021411
 0.0034513  0.0024283
 0.0035103  0.0023106
 0.0036472  0.0024410
 0.0038210  0.0028663
 0.0038981  0.0028582
 0.0037628  0.0030651
 0.0032919  0.0030104
 0.0026877  0.0031127
 0.0021109  0.0029611
 0.0014162  0.0028836
 0.0008869  0.0025237
 0.0005597  0.0022388
 0.0002861  0.0019033
 0.0002005  0.0012997
 0.0002074  0.0011689
 0.0005138  0.0008178
 0.0007811  0.0005721
 0.0008697  0.0005260
 0.0013191  0.0007281
 0.0009741  0.0008960
 0.0004262  0.0010235
-0.0001605  0.0008444
-0.0009738  0.0004100
-0.0017050 -0.0002150
-0.0020694 -0.0005578
-0.0022672 -0.0010746
-0.0023683 -0.0013297
-0.0021388 -0.0015110
-0.0020057 -0.0013166
-0.0016356 -0.0012978
-0.0012759 -0.0013473
-0.0010166 -0.0013800
-0.0008909 -0.0014220
-0.0004649 -0.0014894
-0.0006057 -0.0018974
-0.0003269 -0.0023226
-0.0001843 -0.0030740
 0.0002184 -0.0035761
 0.0006389 -0.0038373
 0.0007323 -0.0041928
 0.0010007 -0.0042508
 0.0010852 -0.0039409
 0.0011773 -0.0036582
 0.0010188 -0.0031961
 0.0007289 -0.0025285
 0.0006437 -0.0020835
 0.0004751 -0.0012355
 0.0006811 -0.0003932
 0.0005111  0.0002883
 0.0003682  0.0006991
 0.0001655  0.0008888
-0.0000923  0.0011947
-0.0002374  0.0012520
 0.0001267  0.0016249
-0.0000963  0.0014418
 0.0005519  0.0016093
 0.0008787  0.0016229
 0.0015681  0.0013900
 0.0020776  0.0013415
 0.0020611  0.0011433
 0.0017193  0.0013125
 0.0011083  0.0014300
 0.0004211  0.0020811
-0.0002029  0.0027620
-0.0007264  0.0035188
-0.0012099  0.0039983
-0.0016461  0.0043251
-0.0018864  0.0041527
-0.0021537  0.0037285
-0.0019679  0.0034873
-0.0018455  0.0031754
-0.0014999  0.0031350
-0.0008401  0.0030728
 0.0000700  0.0029943
 0.0008642  0.0028596
 0.0015689  0.0028796
 0.0018988  0.0027470
 0.0022188  0.0021262
 0.0022118  0.0016296
 0.0021247  0.0012953
 0.0019021  0.0007192
 0.0015726  0.0003181
 0.0011567  0.0002143
 0.0005670 -0.0002213
 0.0000195 -0.0007538
-0.0003949 -0.0010548
-0.0007635 -0.0014161
-0.0008525 -0.0018835
-0.0008509 -0.0021360
-0.0006437 -0.0025793
-0.0006950 -0.0029193
-0.0006059 -0.0029904
-0.0009679 -0.0033506
-0.0007842 -0.0034703
-0.0010066 -0.0036112
-0.0008942 -0.0037899
-0.0005727 -0.0039541
-0.0002495 -0.0039953
 0.0000354 -0.0040330
 0.0003285 -0.0039248
 0.0006230 -0.0037810
 0.0004017 -0.0037972
 0.0006199 -0.0033161
 0.0003989 -0.0030668
 0.0004451 -0.0024612
 0.0002791 -0.0021240
 0.0002041 -0.0020667
-0.0001335 -0.0019611
-0.0003741 -0.0017679
-0.0012432 -0.0017853
-0.0017965 -0.0015771
-0.0022208 -0.0017063
-0.0028242 -0.0018930
-0.0027471 -0.0021358
-0.0021811 -0.0026415
-0.0018187 -0.0030681
-0.0013108 -0.0033362
-0.0006281 -0.0035980
-0.0003202 -0.0034280
 0.0001576 -0.0031291
 0.0002352 -0.0029851
 0.0000355 -0.0025987
 0.0002541 -0.0018683
-0.0002047 -0.0016483
-0.0005318 -0.0014121
-0.0006678 -0.0012123
-0.0013415 -0.0013901
-0.0016710 -0.0014683
-0.0019249 -0.0015060
-0.0023029 -0.0017011
-0.0026039 -0.0015515
-0.0025383 -0.0012636
-0.0023946 -0.0007478
-0.0021135 -0.0003649
-0.0015834  0.0000280
-0.0013449  0.0001586
-0.0009266 -0.0000627
-0.0004593 -0.0005977
 0.0000444 -0.0012233
 0.0006034 -0.0019220
 0.0015147 -0.0024357
 0.0023307 -0.0029414
 0.0027528 -0.0035894
 0.0034915 -0.0039107
 0.0034664 -0.0043001
 0.0035848 -0.0047212
 0.0037142 -0.0048322
 0.0036308 -0.0048488
 0.0034623 -0.0047597
 0.0031373 -0.0040883
 0.0025757 -0.0035235
 0.0019531 -0.0029011
 0.0014579 -0.0022727
 0.0007235 -0.0016544
 0.0002290 -0.0014689
-0.0002979 -0.0013464
-0.0002077 -0.0015171
-0.0002180 -0.0016790
-0.0002374 -0.0019994
-0.0001047 -0.0020716
 0.0000739 -0.0017698
 0.0003034 -0.0016345
 0.0005196 -0.0010412
 0.0009266 -0.0002945
 0.0009130  0.0000056
 0.0009958  0.0004346
 0.0009849  0.0006920
 0.0006286  0.0006163
 0.0003540  0.0001080
 0.0003724 -0.0003333
 0.0003359 -0.0009070
 0.0000193 -0.0012240
 0.0001318 -0.0013039
-0.0000348 -0.0016397
-0.0002480 -0.0015440
-0.0000898 -0.0015173
 0.0000118 -0.0013841
-0.0000414 -0.0011387
 0.0003214 -0.0008819
 0.0004633 -0.0008108
 0.0008158 -0.0004992
 0.0010663 -0.0007701
 0.0012149 -0.0006892
 0.0010290 -0.0004058
 0.0010380 -0.0004861
 0.0003757 -0.0006648
-0.0000418 -0.0007634
-0.0007235 -0.0013028
-0.0013302 -0.0017441
-0.0017457 -0.0021353
-0.0021533 -0.0027152
-0.0025487 -0.0032508
-0.0026326 -0.0032746
-0.0025333 -0.0033475
-0.0026459 -0.0031823
-0.0025574 -0.0029401
-0.0025263 -0.0026893
-0.0021829 -0.0024689
-0.0017556 -0.0023623
-0.0012410 -0.0021021
-0.0008207 -0.0016604
 0.0000966 -0.0012096
 0.0006517 -0.0008337
 0.0014174  0.0000780
 0.0022299  0.0005722
 0.0026234  0.0011015
 0.0025766  0.0019222
 0.0025522  0.0024933
 0.0021254  0.0028046
 0.0016351  0.0030844
 0.0012829  0.0031205
 0.0007509  0.0026869
 0.0005061  0.0023867
 0.0006420  0.0020708
 0.0003305  0.0016491
 0.0004288  0.0012108
 0.0005120  0.0005608
 0.0007095  0.0003403
 0.0008246  0.0001956
 0.0006719 -0.0000162
 0.0003562 -0.0001496
-0.0000568 -0.0001098
-0.0006406 -0.0001248
-0.0015476 -0.0002735
-0.0022208 -0.0003199
-0.0030067 -0.0005892
-0.0034150 -0.0003409
-0.0036245  0.0000684
-0.0035473  0.0000365
-0.0035677  0.0001863
-0.0030083  0.0001754
-0.0025248 -0.0000764
-0.0019882 -0.0001046
-0.0009061 -0.0000933
-0.0000264 -0.0002187
 0.0006040 -0.0000158
 0.0011374  0.0003626
 0.0014220  0.0002196
 0.0012956  0.0004900
 0.0011121  0.0003068
 0.0005485 -0.0000293
 0.0002315  0.0000409
 0.0002055  0.0002557
-0.0002475  0.0004897
-0.0005184  0.0013936
-0.0006920  0.0014535
-0.0005528  0.0016965
-0.0006119  0.0016055
-0.0005072  0.0011317
-0.0006537  0.0003082
-0.0005722 -0.0003958
