[PARAMETERS]
DW=1E-007
TAU=0.0001
TD=4096
BS=4096
NS=128
NSC=128
FR=56.270000
GAIN=4.974204
D0=0.05
D1=5E-006
D2=6E-006
D3=2.5E-005
D4=1E-005
D5=0.199999999999988
D6=0.001
D7=0.001
D8=0.001
D9=0.05
C0=1
SEGTD=0
SEGOFF=0
SEGNUM=0
[ADDITIONAL]
PPFILE=ZG_two_T2.PC
DATEWR=26.09.2024
TIMEWR=15:51:04
DATESTA=26.09.2024
TIMESTA=15:50:55
DATEEND=26.09.2024
TIMEEND=15:51:04
CURR_Z0=0
CURR_Z1=1
TE=-1
[VARIABLES]
_USER=Measurements
_EMAIL_F=7NMR.NMR-270-ijs.si
_ITC_H=1
_ITC_R0= 50.00
_ITC_R1= 49.99
_ITC_R2= 53.10
_ITC_R3=  0.00
_ITC_R4= -0.01
_ITC_V=  0.00
_ITC_X=X0A1C1S00H1
_FW=100
_ORIENT=?
_THETA=0
_TITLE=?
_DESCR1=?
_DESCR2=?
_FR_LARM=56.27000000
_FR_SYNT=526.27000000
_TRIMLEV=1.77734375
_DATE=26.09.2024
_TIME=15:34:47
[PPFILE]
; pi/2 - pi


DELAY D9
PULSE [GT] 3u
PULSE [PHL1,GT] D1
DELAY TAU-3u
PULSE [GT] 3u
PULSE [PHL2,GT] 2*D1
DELAY TAU-D3
PULSE [TR] 1u+DW
DELAY 1m
STOP

;PHL 1 [+X] [+X] [+Y] [+Y] [-X] [-X] [-Y] [-Y]
;PHL 2 [+Y] [-Y] [-X] [+X] [-Y] [+Y] [+X] [-X]
;!RLS +X+X+Y+Y-X-X-Y-Y

PHL 1 [+X] [+X] [-X] [-X] [+Y] [+Y] [-Y] [-Y] [+X] [+X] [-X] [-X] [+Y] [+Y] [-Y] [-Y]
PHL 2 [+Y] [-Y] [-Y] [+Y] [-X] [+X] [+X] [-X] [+X] [-X] [-X] [+X] [-Y] [+Y] [+Y] [-Y]
!RLS +X+X-X-X+Y+Y-Y-Y-X-X+X+X-Y-Y+Y+Y
[DATA]
-0.0020665 -0.0010162
-0.0016995 -0.0007950
-0.0011807 -0.0009154
-0.0011036 -0.0007139
-0.0012356 -0.0006231
-0.0006413 -0.0004495
-0.0008690 -0.0003526
-0.0010047  0.0002797
-0.0012723  0.0013024
-0.0016761  0.0017845
-0.0024049  0.0023990
-0.0021909  0.0028790
-0.0025155  0.0029937
-0.0029357  0.0036260
-0.0024323  0.0032432
-0.0024504  0.0032032
-0.0019296  0.0033950
-0.0015840  0.0035093
-0.0014128  0.0037572
-0.0010615  0.0039130
-0.0007930  0.0042231
-0.0008871  0.0045630
-0.0005600  0.0047758
-0.0003501  0.0047770
-0.0004978  0.0049660
-0.0002495  0.0047742
-0.0001542  0.0042776
-0.0003638  0.0038339
-0.0003250  0.0035117
-0.0002520  0.0027074
-0.0007324  0.0022807
-0.0006355  0.0017267
-0.0005204  0.0015951
-0.0006545  0.0013242
-0.0010994  0.0008090
-0.0006388  0.0002357
-0.0007534 -0.0003574
-0.0006408 -0.0005835
-0.0005830 -0.0012113
-0.0006049 -0.0016279
-0.0004700 -0.0020243
-0.0001426 -0.0020760
-0.0002007 -0.0017485
-0.0000299 -0.0017881
 0.0000460 -0.0019956
 0.0006144 -0.0018450
 0.0010504 -0.0018446
 0.0013730 -0.0015358
 0.0015599 -0.0011712
 0.0015187 -0.0007807
 0.0016556 -0.0008401
 0.0015615 -0.0002098
 0.0016984  0.0000235
 0.0013420  0.0002512
 0.0018398  0.0006380
 0.0018826  0.0009090
 0.0018903  0.0007741
 0.0022565  0.0009841
 0.0022202  0.0009837
 0.0025117  0.0009784
 0.0023587  0.0012057
 0.0024334  0.0014293
 0.0022457  0.0012932
 0.0024823  0.0013263
 0.0023890  0.0011676
 0.0023160  0.0010097
 0.0022978  0.0007005
 0.0020301  0.0008458
 0.0018371  0.0008364
 0.0016809  0.0010815
 0.0014681  0.0010968
 0.0013728  0.0010023
 0.0016025  0.0006588
 0.0010066  0.0003354
 0.0011637  0.0002793
 0.0011096  0.0001348
 0.0009978 -0.0003041
 0.0008254  0.0000242
 0.0010579 -0.0001240
 0.0007325  0.0000294
 0.0008104 -0.0001825
 0.0008714 -0.0001619
 0.0005658 -0.0001397
 0.0009481 -0.0001781
 0.0008533 -0.0002524
 0.0003712 -0.0001958
 0.0005177  0.0001881
 0.0005520  0.0003254
 0.0004733  0.0002095
 0.0007344  0.0008608
 0.0008665  0.0006714
 0.0006900  0.0007893
 0.0005923  0.0008487
 0.0002059  0.0009493
-0.0003848  0.0009715
-0.0011507  0.0011257
-0.0013949  0.0011859
-0.0018532  0.0012428
-0.0024826  0.0011835
-0.0023510  0.0011608
-0.0019101  0.0010260
-0.0022028  0.0007332
-0.0017615  0.0004595
-0.0017809 -0.0000602
-0.0014341 -0.0004833
-0.0014518 -0.0013502
-0.0013521 -0.0012718
-0.0009351 -0.0011321
-0.0005317 -0.0010893
-0.0000512 -0.0013154
 0.0004829 -0.0009669
 0.0008108 -0.0006580
 0.0017301 -0.0006048
 0.0023801 -0.0005874
 0.0024003 -0.0004776
 0.0025566 -0.0001910
 0.0029958  0.0002875
 0.0028069  0.0005051
 0.0025033  0.0009703
 0.0021617  0.0011891
 0.0018573  0.0013478
 0.0017798  0.0016769
 0.0012646  0.0017573
 0.0008209  0.0017363
 0.0006093  0.0018695
 0.0003566  0.0014044
 0.0001672  0.0013175
 0.0003033  0.0012359
 0.0000493  0.0015750
-0.0000262  0.0016465
-0.0000835  0.0016985
-0.0003557  0.0019250
-0.0004505  0.0021491
-0.0006044  0.0023841
-0.0006439  0.0025556
-0.0008151  0.0023812
-0.0008514  0.0025726
-0.0010263  0.0023635
-0.0014482  0.0023622
-0.0013501  0.0022617
-0.0016045  0.0021099
-0.0016465  0.0018987
-0.0016840  0.0015354
-0.0014955  0.0010969
-0.0010586  0.0008878
-0.0008467  0.0003936
-0.0007873  0.0000496
-0.0005733 -0.0006000
-0.0004905 -0.0006945
-0.0003149 -0.0015468
 0.0000344 -0.0016070
 0.0009190 -0.0018977
 0.0012255 -0.0020552
 0.0016853 -0.0022139
 0.0020503 -0.0019692
 0.0019538 -0.0014920
 0.0017641 -0.0020129
 0.0014552 -0.0018974
 0.0011043 -0.0017415
 0.0011604 -0.0018748
 0.0013837 -0.0021969
 0.0015730 -0.0022700
 0.0021080 -0.0026111
 0.0025844 -0.0030480
 0.0031968 -0.0028517
 0.0037548 -0.0032526
 0.0038727 -0.0030399
 0.0044271 -0.0027112
 0.0043871 -0.0021928
 0.0042696 -0.0016780
 0.0040592 -0.0010817
 0.0040152 -0.0010409
 0.0036869 -0.0008269
 0.0035707 -0.0008257
 0.0035274 -0.0011821
 0.0034128 -0.0014155
 0.0032953 -0.0013339
 0.0032763 -0.0017175
 0.0030845 -0.0020429
 0.0034091 -0.0019440
 0.0036990 -0.0024047
 0.0036046 -0.0029816
 0.0043737 -0.0030361
 0.0043778 -0.0033817
 0.0048186 -0.0032081
 0.0056447 -0.0032093
 0.0056455 -0.0029610
 0.0055680 -0.0026950
 0.0058951 -0.0025197
 0.0056815 -0.0024640
 0.0052963 -0.0020280
 0.0054493 -0.0016416
 0.0050653 -0.0013759
 0.0045845 -0.0015496
 0.0042178 -0.0014692
 0.0036466 -0.0016804
 0.0036453 -0.0016767
 0.0039155 -0.0014619
 0.0037814 -0.0011377
 0.0035917 -0.0005260
 0.0038989 -0.0006629
 0.0037459 -0.0008773
 0.0035937 -0.0009977
 0.0039603 -0.0016457
 0.0036571 -0.0020906
 0.0036769 -0.0028387
 0.0037375 -0.0031234
 0.0033204 -0.0034129
 0.0033955 -0.0032982
 0.0031501 -0.0033006
 0.0029546 -0.0030160
 0.0028771 -0.0026765
 0.0032970 -0.0024670
 0.0031209 -0.0023378
 0.0036216 -0.0027613
 0.0042930 -0.0030116
 0.0048659 -0.0033217
 0.0061160 -0.0038038
 0.0069941 -0.0039157
 0.0079913 -0.0038971
 0.0089490 -0.0039306
 0.0099249 -0.0034872
 0.0103686 -0.0035405
 0.0109048 -0.0035122
 0.0108983 -0.0036046
 0.0114728 -0.0039462
 0.0115887 -0.0041339
 0.0120267 -0.0044400
 0.0124636 -0.0044404
 0.0132081 -0.0044569
 0.0140297 -0.0047993
 0.0148513 -0.0044545
 0.0157690 -0.0044682
 0.0167218 -0.0047157
 0.0175285 -0.0048513
 0.0185794 -0.0052106
 0.0192678 -0.0054048
 0.0199142 -0.0055248
 0.0206017 -0.0057319
 0.0210579 -0.0061005
 0.0213474 -0.0060852
 0.0215574 -0.0067126
 0.0213491 -0.0071777
 0.0216406 -0.0078290
 0.0222814 -0.0084992
 0.0229205 -0.0087503
 0.0236150 -0.0090406
 0.0250613 -0.0094650
 0.0261550 -0.0092926
 0.0275762 -0.0090859
 0.0287681 -0.0091800
 0.0301364 -0.0090096
 0.0313844 -0.0089853
 0.0325969 -0.0090039
 0.0336979 -0.0091541
 0.0350061 -0.0089450
 0.0361564 -0.0090423
 0.0368856 -0.0088307
 0.0383431 -0.0088089
 0.0394538 -0.0087709
 0.0404688 -0.0090031
 0.0418520 -0.0090019
 0.0429264 -0.0091949
 0.0440747 -0.0090249
 0.0454801 -0.0092534
 0.0463248 -0.0094089
 0.0470539 -0.0097537
 0.0480347 -0.0107646
 0.0486286 -0.0110727
 0.0493928 -0.0111478
 0.0504623 -0.0113577
 0.0517826 -0.0111668
 0.0529490 -0.0106443
 0.0541917 -0.0103944
 0.0555495 -0.0099115
 0.0569271 -0.0096430
 0.0582667 -0.0094681
 0.0594900 -0.0095222
 0.0609286 -0.0093535
 0.0626142 -0.0092441
 0.0638420 -0.0091367
 0.0656653 -0.0088768
 0.0669997 -0.0087472
 0.0682638 -0.0081993
 0.0697403 -0.0082765
 0.0714069 -0.0082559
 0.0727441 -0.0081041
 0.0743886 -0.0081049
 0.0758259 -0.0075655
 0.0777982 -0.0074153
 0.0795040 -0.0071137
 0.0814416 -0.0068658
 0.0831078 -0.0063523
 0.0852574 -0.0061993
 0.0873698 -0.0062764
 0.0897936 -0.0056804
 0.0921333 -0.0056215
 0.0940576 -0.0054091
 0.0962075 -0.0048540
 0.0980119 -0.0041841
 0.0995461 -0.0037849
 0.1006597 -0.0029612
 0.1018103 -0.0028490
 0.1028092 -0.0025846
 0.1039656 -0.0023153
 0.1052568 -0.0020633
 0.1064624 -0.0013135
 0.1080011 -0.0007390
 0.1092083  0.0000697
 0.1106291  0.0011841
 0.1121245  0.0022177
 0.1139091  0.0027567
 0.1153303  0.0039279
 0.1168250  0.0050245
 0.1180362  0.0048901
 0.1191441  0.0054816
 0.1200642  0.0056321
 0.1207966  0.0060169
 0.1216962  0.0067816
 0.1221758  0.0072984
 0.1225986  0.0077013
 0.1230572  0.0080849
 0.1241522  0.0083360
 0.1252035  0.0082961
 0.1266364  0.0084891
 0.1282833  0.0084297
 0.1296200  0.0084123
 0.1307057  0.0083691
 0.1324099  0.0083102
 0.1332484  0.0081563
 0.1339356  0.0080586
 0.1348000  0.0082706
 0.1352623  0.0082500
 0.1356838  0.0089186
 0.1362814  0.0092044
 0.1367647  0.0099340
 0.1371358  0.0104649
 0.1378892  0.0108674
 0.1379744  0.0110959
 0.1383798  0.0117246
 0.1385938  0.0119361
 0.1388466  0.0123156
 0.1390957  0.0127561
 0.1393060  0.0130081
 0.1396847  0.0136997
 0.1393766  0.0140687
 0.1385732  0.0149941
 0.1377463  0.0159228
 0.1368319  0.0160205
 0.1356481  0.0164110
 0.1341530  0.0169855
 0.1332233  0.0171418
 0.1324445  0.0173747
 0.1311948  0.0173739
 0.1302400  0.0172036
 0.1295492  0.0167292
 0.1286295  0.0169242
 0.1276512  0.0165629
 0.1269806  0.0159755
 0.1257875  0.0159383
 0.1247304  0.0158463
 0.1235612  0.0156569
 0.1226390  0.0155584
 0.1216595  0.0155592
 0.1206768  0.0152504
 0.1200611  0.0151720
 0.1191764  0.0152891
 0.1183883  0.0153860
 0.1174282  0.0156355
 0.1165670  0.0155007
 0.1151107  0.0156117
 0.1140759  0.0158014
 0.1130217  0.0159177
 0.1116377  0.0166626
 0.1103740  0.0169404
 0.1090287  0.0169404
 0.1077996  0.0176481
 0.1063582  0.0176255
 0.1052988  0.0174539
 0.1039939  0.0174188
 0.1027504  0.0174434
 0.1015766  0.0175420
 0.1003900  0.0175262
 0.0994315  0.0174895
 0.0982248  0.0174528
 0.0970543  0.0175687
 0.0958632  0.0175517
 0.0944239  0.0173022
 0.0929857  0.0172804
 0.0914919  0.0173389
 0.0898211  0.0168738
 0.0884230  0.0168919
 0.0870026  0.0159347
 0.0854688  0.0158204
 0.0842414  0.0155148
 0.0833414  0.0145163
 0.0820785  0.0144008
 0.0809492  0.0139046
 0.0797267  0.0135033
 0.0784420  0.0133479
 0.0770983  0.0132716
 0.0753537  0.0130447
 0.0740472  0.0129672
 0.0723398  0.0131581
 0.0708237  0.0125045
 0.0698050  0.0123470
 0.0689245  0.0117890
 0.0676349  0.0114203
 0.0668451  0.0113594
 0.0658115  0.0110129
 0.0643669  0.0113004
 0.0633874  0.0117207
 0.0620651  0.0116480
 0.0610860  0.0121160
 0.0595328  0.0121164
 0.0584072  0.0118136
 0.0571637  0.0114160
 0.0559585  0.0114519
 0.0543302  0.0109367
 0.0533164  0.0105483
 0.0517999  0.0106432
 0.0505544  0.0102943
 0.0492842  0.0099838
 0.0478799  0.0101312
 0.0464401  0.0101312
 0.0452277  0.0099559
 0.0439211  0.0093777
 0.0423465  0.0093757
 0.0409657  0.0087798
 0.0391630  0.0085274
 0.0377430  0.0081386
 0.0364389  0.0074461
 0.0351154  0.0068684
 0.0337519  0.0062353
 0.0329238  0.0061198
 0.0319431  0.0056814
 0.0312721  0.0046898
 0.0306539  0.0042154
 0.0302171  0.0028935
 0.0296277  0.0020509
 0.0294334  0.0014025
 0.0290527  0.0008086
 0.0286151  0.0003912
 0.0281936 -0.0000844
 0.0275423  0.0001618
 0.0269513 -0.0005620
 0.0266032 -0.0006379
 0.0265863 -0.0007134
 0.0263719 -0.0007877
 0.0258131 -0.0012084
 0.0253499 -0.0005176
 0.0246042 -0.0008018
 0.0237188 -0.0006892
 0.0228322 -0.0003424
 0.0214316 -0.0005374
 0.0203398 -0.0002665
 0.0191141 -0.0002806
 0.0176408 -0.0000327
 0.0169169 -0.0000464
 0.0159467  0.0001333
 0.0151615  0.0002872
 0.0144921  0.0004797
 0.0141848  0.0003045
 0.0134932  0.0005140
 0.0132004  0.0004914
 0.0125823  0.0002799
 0.0123513 -0.0001994
 0.0117348  0.0000485
 0.0115810 -0.0003722
 0.0111562 -0.0001215
 0.0113072 -0.0000027
 0.0112317 -0.0002906
 0.0109826  0.0001519
 0.0113904  0.0001007
 0.0114696  0.0002302
 0.0116662  0.0003090
 0.0118225  0.0001176
 0.0117502  0.0003425
 0.0119832  0.0004547
 0.0117745  0.0006295
 0.0114309  0.0007224
 0.0107360  0.0011782
 0.0101490  0.0009303
 0.0097634  0.0012928
 0.0089971  0.0013700
 0.0082345  0.0012371
 0.0075994  0.0014479
 0.0070042  0.0010849
 0.0064438  0.0008168
 0.0055394  0.0004700
 0.0052891  0.0003392
 0.0044012  0.0002666
 0.0040532  0.0003469
 0.0039009  0.0000058
 0.0032889 -0.0000863
 0.0028876  0.0003409
 0.0026231  0.0002461
 0.0024144  0.0001899
 0.0020914  0.0004342
 0.0016364  0.0003942
 0.0014677  0.0004116
 0.0012602  0.0006933
 0.0013385  0.0007684
 0.0013240  0.0004563
 0.0010518  0.0004684
 0.0010857  0.0002019
 0.0008923 -0.0000690
 0.0009230 -0.0001486
 0.0008810 -0.0005919
 0.0007074 -0.0009799
 0.0008761 -0.0009218
 0.0009128 -0.0010962
 0.0009859 -0.0013227
 0.0012362 -0.0007873
 0.0014070 -0.0007869
 0.0013521 -0.0009964
 0.0015810 -0.0005208
 0.0014910 -0.0004801
 0.0012976 -0.0006585
 0.0012366 -0.0003146
 0.0014243 -0.0001603
 0.0015543 -0.0003703
 0.0011461 -0.0002362
 0.0017549 -0.0002734
 0.0016972 -0.0003630
 0.0017513 -0.0003440
 0.0025188 -0.0003779
 0.0026182 -0.0000694
 0.0025084  0.0001979
 0.0026242  0.0003339
 0.0021919  0.0005988
 0.0022359  0.0008858
 0.0022945  0.0008652
 0.0019335  0.0012682
 0.0017066  0.0013994
 0.0015895  0.0015346
 0.0013590  0.0021253
 0.0015294  0.0022630
 0.0012762  0.0024326
 0.0010812  0.0026070
 0.0009084  0.0024140
 0.0005958  0.0021459
 0.0004989  0.0016041
 0.0004392  0.0007408
 0.0001352  0.0002426
 0.0003588 -0.0001034
 0.0004735 -0.0004062
 0.0009535 -0.0007130
 0.0010896 -0.0009823
 0.0014344 -0.0011729
 0.0015139 -0.0009634
 0.0016460 -0.0011345
 0.0012600 -0.0013392
 0.0011816 -0.0016469
 0.0007589 -0.0018786
 0.0004476 -0.0019315
 0.0001811 -0.0019562
 0.0001799 -0.0016901
 0.0001828 -0.0014277
-0.0002800 -0.0012404
-0.0001249 -0.0010143
-0.0000853 -0.0007248
-0.0000821 -0.0005738
 0.0002668 -0.0001692
 0.0002935  0.0000831
-0.0002035  0.0006556
 0.0000516  0.0006003
-0.0003311  0.0007743
-0.0007877  0.0006746
-0.0004409  0.0007739
-0.0006294  0.0003742
-0.0008628  0.0008700
-0.0006339  0.0009249
-0.0007671  0.0010012
-0.0004805  0.0010141
-0.0002285  0.0010763
 0.0001159  0.0011542
 0.0003307  0.0006911
 0.0004329  0.0004836
 0.0003582  0.0002757
 0.0004196 -0.0001838
 0.0002694 -0.0006594
-0.0000556 -0.0009266
 0.0000215 -0.0009379
 0.0000405 -0.0012229
-0.0001674 -0.0006597
 0.0001208 -0.0000576
 0.0001225 -0.0000883
 0.0003034 -0.0000822
 0.0000180  0.0004366
 0.0006204  0.0003785
 0.0005849  0.0004128
 0.0009260  0.0010475
 0.0012457  0.0010866
 0.0009897  0.0014331
 0.0006938  0.0020335
 0.0005928  0.0024937
 0.0001285  0.0030529
-0.0001231  0.0037660
-0.0008870  0.0041055
-0.0014227  0.0045815
-0.0015782  0.0048455
-0.0017461  0.0046674
-0.0018608  0.0048564
-0.0016294  0.0047446
-0.0021458  0.0039758
-0.0023376  0.0039399
-0.0022766  0.0035576
-0.0028318  0.0032677
-0.0031898  0.0029568
-0.0030595  0.0032200
-0.0032104  0.0029878
-0.0032843  0.0030746
-0.0028701  0.0030899
-0.0026800  0.0027035
-0.0025483  0.0028177
-0.0023824  0.0025468
-0.0025977  0.0026041
-0.0026966  0.0023563
-0.0023381  0.0024116
-0.0026647  0.0020470
-0.0029352  0.0020595
-0.0025925  0.0014445
-0.0027067  0.0011490
-0.0027996  0.0006863
-0.0028004  0.0001630
-0.0030075 -0.0002856
-0.0031040 -0.0006700
-0.0028549 -0.0011484
-0.0031226 -0.0014549
-0.0027378 -0.0016422
-0.0022000 -0.0024630
-0.0015693 -0.0024057
-0.0010546 -0.0025183
-0.0001938 -0.0024961
-0.0000634 -0.0023071
 0.0003520 -0.0024218
 0.0005373 -0.0014798
 0.0006322 -0.0014584
 0.0006326 -0.0012844
 0.0009988 -0.0012630
 0.0009778 -0.0009566
 0.0013044 -0.0009941
 0.0010371 -0.0006505
 0.0009802 -0.0004212
 0.0013081 -0.0002484
 0.0008260 -0.0001160
 0.0004457  0.0000919
 0.0002547 -0.0000062
-0.0007244  0.0006030
-0.0009133  0.0006810
-0.0014338  0.0003725
-0.0016845  0.0000067
-0.0017071  0.0002001
-0.0016159 -0.0004548
-0.0011383 -0.0005460
-0.0002989 -0.0005654
 0.0001222 -0.0003910
 0.0007553 -0.0005831
 0.0013722 -0.0003700
 0.0012935 -0.0006389
 0.0014897 -0.0001778
 0.0019528 -0.0001382
 0.0019371 -0.0001798
 0.0022827 -0.0000813
 0.0031863 -0.0000005
 0.0032089 -0.0003078
 0.0037314  0.0002341
 0.0040984  0.0003355
 0.0039115  0.0004889
 0.0037258  0.0003577
 0.0034767  0.0002136
 0.0024839  0.0000969
 0.0022174  0.0000634
 0.0019453 -0.0001106
 0.0013897 -0.0000965
 0.0013691  0.0000775
 0.0013061  0.0002665
 0.0007663  0.0005858
 0.0010303  0.0009149
 0.0011971  0.0010671
 0.0006734  0.0014870
 0.0008619  0.0012641
 0.0007250  0.0014842
 0.0004553  0.0015444
 0.0005361  0.0012816
 0.0000568  0.0010741
 0.0000564  0.0010377
 0.0002708  0.0005997
-0.0002113  0.0002953
-0.0004822  0.0004071
-0.0001963  0.0003336
-0.0006360 -0.0000879
-0.0006203 -0.0002050
-0.0001249 -0.0004892
-0.0001459 -0.0004327
 0.0004105 -0.0004714
 0.0006773 -0.0004298
 0.0008873 -0.0003156
 0.0012692 -0.0000499
 0.0016326  0.0000849
 0.0014767  0.0002969
 0.0012074  0.0008327
 0.0009579  0.0012183
 0.0004984  0.0015449
 0.0003458  0.0019486
-0.0000737  0.0022175
-0.0005686  0.0023681
-0.0007479  0.0023253
-0.0008424  0.0021690
-0.0010003  0.0021060
-0.0007144  0.0020152
-0.0009430  0.0016329
-0.0011876  0.0019813
-0.0011436  0.0020023
-0.0010789  0.0019499
-0.0013587  0.0023528
-0.0011794  0.0021404
-0.0007720  0.0022325
-0.0008099  0.0022639
-0.0005398  0.0020285
-0.0003295  0.0013910
-0.0003489  0.0011543
-0.0006577  0.0005976
-0.0005370 -0.0003274
-0.0006178 -0.0006149
-0.0003868 -0.0012431
-0.0003081 -0.0018568
-0.0002083 -0.0024305
 0.0002544 -0.0022561
 0.0002742 -0.0022916
 0.0004482 -0.0020615
 0.0003323 -0.0023845
 0.0002548 -0.0020199
 0.0004268 -0.0019783
 0.0001926 -0.0021111
 0.0000577 -0.0017897
 0.0000392 -0.0016137
 0.0001514 -0.0015419
 0.0000714 -0.0013933
 0.0003399 -0.0015483
 0.0002785 -0.0011870
 0.0000872 -0.0014769
 0.0002047 -0.0012839
 0.0003250 -0.0014547
 0.0001946 -0.0015108
 0.0006977 -0.0015116
 0.0008948 -0.0014704
 0.0012275 -0.0011838
 0.0014988 -0.0009528
 0.0015965 -0.0007824
 0.0015582 -0.0004756
 0.0015004 -0.0004574
 0.0012473 -0.0004033
 0.0015925 -0.0005386
 0.0015529 -0.0003658
 0.0013970 -0.0006367
 0.0019905 -0.0006932
 0.0021972 -0.0010166
 0.0023507 -0.0012092
 0.0024863 -0.0014991
 0.0028877 -0.0013627
 0.0027706 -0.0016687
 0.0026910 -0.0014551
 0.0028828 -0.0012803
 0.0024584 -0.0009698
 0.0020325 -0.0011987
 0.0017446 -0.0012528
 0.0013057 -0.0010791
 0.0011737 -0.0011159
 0.0006549 -0.0011563
 0.0004490 -0.0009871
-0.0000290 -0.0012181
 0.0001458 -0.0015608
-0.0003879 -0.0016408
-0.0006762 -0.0019077
-0.0006895 -0.0020389
-0.0003435 -0.0018850
 0.0001423 -0.0020764
 0.0006817 -0.0018269
 0.0009918 -0.0014054
 0.0013559 -0.0008861
 0.0014537 -0.0005240
 0.0013741  0.0002823
 0.0017771  0.0005306
 0.0014492  0.0007603
 0.0012978  0.0010050
 0.0010495  0.0011798
 0.0007641  0.0013832
 0.0006131  0.0017434
-0.0000579  0.0017389
-0.0004774  0.0012532
-0.0008077  0.0007497
-0.0013843  0.0000040
-0.0019790 -0.0006134
-0.0017856 -0.0010704
-0.0017856 -0.0016845
-0.0019503 -0.0016288
-0.0016592 -0.0018577
-0.0016018 -0.0013760
-0.0013882 -0.0009711
-0.0008084 -0.0006783
-0.0004632 -0.0007559
-0.0004802 -0.0002742
 0.0002268  0.0000933
 0.0002603  0.0003997
 0.0005594  0.0006125
 0.0005117  0.0003670
 0.0002816  0.0001567
 0.0000655 -0.0001853
-0.0000548 -0.0007400
-0.0001344 -0.0012584
 0.0000352 -0.0015483
 0.0004741 -0.0018185
 0.0008217 -0.0019174
 0.0014164 -0.0017672
 0.0017410 -0.0015003
 0.0019954 -0.0011184
 0.0029563 -0.0006945
 0.0033589 -0.0002540
 0.0032891 -0.0000755
 0.0037538  0.0002387
 0.0038115  0.0003965
 0.0036606  0.0010090
 0.0035285  0.0011875
 0.0034329  0.0013401
 0.0033739  0.0016235
 0.0031991  0.0017721
 0.0033727  0.0013857
 0.0031974  0.0017458
 0.0034211  0.0014773
 0.0036859  0.0013586
 0.0036233  0.0012988
 0.0042265  0.0016893
 0.0038905  0.0017462
 0.0038658  0.0021338
 0.0038226  0.0022162
 0.0033001  0.0021569
 0.0031616  0.0019485
 0.0030445  0.0017204
 0.0025830  0.0013559
 0.0027744  0.0011116
 0.0026383  0.0007143
 0.0022181  0.0006223
 0.0021409  0.0000688
 0.0020267 -0.0006567
 0.0017045 -0.0010589
 0.0017433 -0.0014299
 0.0019540 -0.0016811
 0.0021135 -0.0020679
 0.0025177 -0.0019920
 0.0027272 -0.0023578
 0.0027543 -0.0026061
 0.0026809 -0.0029884
 0.0025270 -0.0031971
 0.0018254 -0.0033304
 0.0013312 -0.0031196
 0.0011233 -0.0030668
 0.0004373 -0.0029364
 0.0004200 -0.0029186
 0.0001531 -0.0025972
-0.0005381 -0.0030394
-0.0003641 -0.0032332
-0.0009798 -0.0031964
-0.0006354 -0.0030999
-0.0008849 -0.0032352
-0.0006778 -0.0035598
-0.0006823 -0.0032905
-0.0003012 -0.0034237
-0.0001675 -0.0035772
-0.0001546 -0.0034976
-0.0000779 -0.0034366
-0.0004845 -0.0034007
-0.0006028 -0.0033264
-0.0006816 -0.0034431
-0.0011286 -0.0032723
-0.0009009 -0.0035239
-0.0007672 -0.0037157
-0.0006397 -0.0039215
-0.0002363 -0.0039974
 0.0000112 -0.0039740
 0.0004133 -0.0042615
 0.0006608 -0.0038198
 0.0011582 -0.0033756
 0.0009038 -0.0033207
 0.0008469 -0.0025149
 0.0004032 -0.0022843
 0.0002901 -0.0019920
-0.0001859 -0.0016439
 0.0000891 -0.0016972
 0.0000597 -0.0013306
 0.0004093 -0.0010601
 0.0006892 -0.0009825
 0.0006937 -0.0005280
 0.0006953  0.0000490
 0.0006804 -0.0001456
 0.0002988  0.0001002
 0.0001624 -0.0000318
-0.0005495 -0.0000879
-0.0008527 -0.0003729
-0.0012007 -0.0009458
-0.0015822 -0.0011558
-0.0017546 -0.0015010
-0.0021774 -0.0017690
-0.0026566 -0.0022152
-0.0024261 -0.0021026
-0.0026578 -0.0021446
-0.0024866 -0.0022827
-0.0023155 -0.0019411
-0.0018362 -0.0019460
-0.0018572 -0.0017797
-0.0014151 -0.0016469
-0.0011297 -0.0019013
-0.0008822 -0.0017874
-0.0009218 -0.0018480
-0.0009040 -0.0018302
-0.0009266 -0.0019824
-0.0002923 -0.0024980
-0.0002003 -0.0026865
 0.0002947 -0.0026050
 0.0003508 -0.0031766
 0.0007723 -0.0030381
 0.0008462 -0.0030171
 0.0011336 -0.0028584
 0.0013642 -0.0026457
 0.0015402 -0.0021862
 0.0016751 -0.0023206
 0.0017530 -0.0019338
 0.0018689 -0.0019746
 0.0020631 -0.0016674
 0.0021015 -0.0015168
 0.0021596 -0.0016092
 0.0021398 -0.0012669
 0.0021770 -0.0010186
 0.0022912 -0.0011349
 0.0022104 -0.0009794
 0.0020384 -0.0010198
 0.0016953 -0.0010174
 0.0013117 -0.0008235
 0.0012003 -0.0007852
 0.0008386 -0.0006681
 0.0007631 -0.0005498
 0.0004207 -0.0006108
 0.0004227 -0.0007371
 0.0008846 -0.0008170
 0.0011321 -0.0007597
 0.0015899 -0.0007391
 0.0017018 -0.0007189
 0.0016581 -0.0008667
 0.0016722 -0.0008045
 0.0012656 -0.0010511
 0.0013763 -0.0012946
 0.0009733 -0.0017342
 0.0008950 -0.0017334
 0.0006648 -0.0016369
 0.0003225 -0.0015966
-0.0003279 -0.0013882
-0.0003243 -0.0008476
-0.0005496 -0.0010571
-0.0010078 -0.0008439
-0.0012113 -0.0009182
-0.0014188 -0.0006489
-0.0011260 -0.0006481
-0.0015835  0.0000205
-0.0015067  0.0002486
-0.0013896  0.0010363
-0.0016012  0.0012434
-0.0015253  0.0012644
-0.0015649  0.0014109
-0.0012827  0.0015571
-0.0011115  0.0014004
-0.0010538  0.0009538
-0.0014208  0.0008533
-0.0013635  0.0007204
-0.0016752  0.0004463
-0.0020014  0.0003469
-0.0017309  0.0003094
-0.0021750  0.0003267
-0.0023244  0.0002662
-0.0017838 -0.0002131
-0.0019743 -0.0005281
-0.0019529 -0.0006460
-0.0018350 -0.0011062
-0.0015524 -0.0012649
-0.0017260 -0.0015556
-0.0015387 -0.0014390
-0.0016574 -0.0017878
-0.0020418 -0.0020394
-0.0021391 -0.0021734
-0.0021242 -0.0018476
-0.0022772 -0.0022489
-0.0016668 -0.0027483
-0.0012311 -0.0027463
-0.0004814 -0.0029163
 0.0003237 -0.0032041
 0.0007626 -0.0028408
 0.0021248 -0.0030495
 0.0023311 -0.0028977
 0.0030393 -0.0024948
 0.0036505 -0.0024782
 0.0033792 -0.0022412
 0.0035144 -0.0016469
 0.0034034 -0.0016444
 0.0025798 -0.0009891
 0.0020485 -0.0002604
 0.0013803  0.0000259
 0.0002519  0.0008301
-0.0000513  0.0011980
-0.0007413  0.0012173
-0.0010825  0.0016796
-0.0015189  0.0019691
-0.0018964  0.0021840
-0.0023522  0.0021525
-0.0026029  0.0022716
-0.0029219  0.0020258
-0.0031354  0.0020661
-0.0029408  0.0020468
-0.0028455  0.0020641
-0.0026360  0.0022345
-0.0021192  0.0020774
-0.0020466  0.0020152
-0.0015140  0.0019179
-0.0007118  0.0017031
-0.0001785  0.0012396
 0.0006023  0.0011576
 0.0012677  0.0010017
 0.0013060  0.0014373
 0.0017049  0.0017344
 0.0020893  0.0018850
 0.0018430  0.0023800
 0.0018822  0.0025504
 0.0021333  0.0025891
 0.0018915  0.0023755
 0.0017018  0.0024922
 0.0014204  0.0022439
 0.0017874  0.0022419
 0.0015968  0.0026065
 0.0018686  0.0024547
 0.0015642  0.0023186
 0.0015452  0.0021087
 0.0015711  0.0016484
 0.0012642  0.0013609
 0.0010753  0.0011296
 0.0009239  0.0008042
 0.0004818  0.0009612
 0.0005201  0.0009653
 0.0006311  0.0006807
 0.0004596  0.0006799
 0.0006505  0.0006044
 0.0013595  0.0003355
 0.0014322  0.0002163
 0.0016586  0.0001380
 0.0018674 -0.0002839
 0.0020781 -0.0004357
 0.0019812 -0.0004167
 0.0018133 -0.0006816
 0.0016413 -0.0006816
 0.0010317 -0.0007409
 0.0007636 -0.0008713
 0.0006695 -0.0008120
 0.0006162 -0.0009432
 0.0008855 -0.0005398
 0.0010385 -0.0006149
 0.0014011 -0.0002075
 0.0014725  0.0004845
 0.0015291  0.0012892
 0.0020244  0.0015424
 0.0021560  0.0016954
 0.0023842  0.0019643
 0.0028448  0.0017152
 0.0028622  0.0017713
 0.0030317  0.0016162
 0.0033988  0.0013828
 0.0030523  0.0015730
 0.0028049  0.0016873
 0.0029034  0.0018407
 0.0023499  0.0024350
 0.0026022  0.0022997
 0.0025437  0.0022440
 0.0022727  0.0023434
 0.0022166  0.0022105
 0.0018104  0.0021948
 0.0012541  0.0019098
 0.0006594  0.0019514
 0.0003739  0.0018371
 0.0004107  0.0018169
 0.0005673  0.0012614
 0.0008528  0.0012981
 0.0009626  0.0012577
 0.0018601  0.0007785
 0.0017628  0.0005104
 0.0021992  0.0002250
 0.0023098  0.0000215
 0.0023481 -0.0000879
 0.0020966  0.0000074
 0.0020788 -0.0000136
 0.0018463 -0.0002304
 0.0016953 -0.0000056
 0.0014268 -0.0002571
 0.0010659 -0.0000533
 0.0004905 -0.0002309
 0.0003403 -0.0005019
 0.0001683 -0.0010405
 0.0002467 -0.0012945
 0.0007659 -0.0020648
 0.0006492 -0.0020664
 0.0011430 -0.0025118
 0.0014890 -0.0024912
 0.0015241 -0.0024500
 0.0020792 -0.0025437
 0.0021523 -0.0022513
 0.0022908 -0.0018839
 0.0030220 -0.0014810
 0.0035776 -0.0016679
 0.0035796 -0.0015508
 0.0039821 -0.0015887
 0.0039462 -0.0016008
 0.0039054 -0.0014090
 0.0036942 -0.0015168
 0.0037714 -0.0008219
 0.0033107  0.0001176
 0.0034249  0.0002743
 0.0031952  0.0003518
 0.0030228  0.0001560
 0.0027539 -0.0000932
 0.0022949 -0.0007044
 0.0020639 -0.0005906
 0.0017405 -0.0007185
 0.0017058 -0.0009470
 0.0015342 -0.0006914
 0.0015771 -0.0007871
 0.0015032 -0.0007875
 0.0014091 -0.0008028
 0.0009339 -0.0009381
 0.0005512 -0.0010181
 0.0005714 -0.0007516
 0.0003784 -0.0006579
 0.0003380 -0.0005037
 0.0006856  0.0000300
 0.0011104 -0.0000434
 0.0010522  0.0002283
 0.0015868  0.0005223
 0.0014927  0.0007024
 0.0016025  0.0007848
 0.0017539  0.0007113
 0.0020583  0.0005417
 0.0018427  0.0004820
 0.0018407  0.0003043
 0.0016287  0.0002050
 0.0015120 -0.0003963
 0.0012786 -0.0003244
 0.0008571 -0.0008110
 0.0003601 -0.0010637
 0.0006129 -0.0011400
 0.0002520 -0.0012180
 0.0001199 -0.0010508
 0.0001789 -0.0010710
 0.0000824 -0.0007682
-0.0001292 -0.0005668
 0.0000206 -0.0002798
-0.0002128 -0.0000916
-0.0003686  0.0000004
-0.0004276 -0.0000315
-0.0006242  0.0000255
-0.0007962 -0.0000363
-0.0007401 -0.0002951
-0.0009335 -0.0005438
-0.0007991 -0.0006011
-0.0005096 -0.0006750
-0.0007640 -0.0009096
-0.0007446 -0.0009891
-0.0004612 -0.0009698
-0.0004608 -0.0009326
-0.0003312 -0.0005701
-0.0000458 -0.0006795
 0.0000067 -0.0003908
 0.0001189 -0.0005236
 0.0008449 -0.0000617
 0.0011707  0.0002662
 0.0015716  0.0005185
 0.0016842  0.0006154
 0.0015340  0.0010180
 0.0013023  0.0013301
 0.0008808  0.0013507
 0.0002707  0.0017338
-0.0004750  0.0016955
-0.0012187  0.0019139
-0.0015376  0.0022188
-0.0016490  0.0025236
-0.0011657  0.0025215
-0.0010268  0.0028227
-0.0007756  0.0029139
-0.0006775  0.0028340
-0.0002895  0.0030023
-0.0002487  0.0031323
-0.0007045  0.0031415
-0.0004372  0.0030616
-0.0007069  0.0031516
-0.0008781  0.0027966
-0.0007659  0.0029678
-0.0009201  0.0024090
-0.0013017  0.0019092
-0.0015524  0.0018159
-0.0018770  0.0013411
-0.0022787  0.0009968
-0.0027568  0.0005579
-0.0029655  0.0006164
-0.0030987  0.0002935
-0.0031597  0.0002947
-0.0027745  0.0001049
-0.0026252  0.0001412
-0.0023010  0.0001078
-0.0022057  0.0003436
-0.0021302  0.0006343
-0.0015920  0.0008879
-0.0010526  0.0013328
-0.0011680  0.0014112
-0.0009803  0.0019853
-0.0009799  0.0019808
-0.0011555  0.0016873
-0.0007906  0.0016049
-0.0008338  0.0016202
-0.0012359  0.0016290
-0.0006787  0.0014203
-0.0009872  0.0018757
-0.0011931  0.0018720
-0.0011507  0.0016270
-0.0015483  0.0017421
-0.0020252  0.0016246
-0.0022363  0.0012765
-0.0026933  0.0016774
-0.0031403  0.0016572
-0.0037144  0.0016213
-0.0041408  0.0015648
-0.0046613  0.0014142
-0.0047969  0.0010363
-0.0049528  0.0008268
-0.0047763  0.0003690
-0.0042361 -0.0004906
-0.0040043 -0.0007813
-0.0035800 -0.0010090
-0.0030014 -0.0014293
-0.0030777 -0.0015593
-0.0028129 -0.0016332
-0.0029251 -0.0015916
-0.0027907 -0.0011684
-0.0027087 -0.0014914
-0.0020348 -0.0010291
-0.0012236 -0.0005656
-0.0004937 -0.0006819
 0.0000651 -0.0005842
 0.0002508 -0.0000884
 0.0001139 -0.0000727
 0.0001519 -0.0008455
 0.0001248 -0.0007696
-0.0002018 -0.0012545
-0.0004917 -0.0015072
-0.0007594 -0.0016958
-0.0015847 -0.0016982
-0.0023695 -0.0016809
-0.0028653 -0.0013365
-0.0030418 -0.0014140
-0.0037544 -0.0014915
-0.0037132 -0.0010688
-0.0033882 -0.0011653
-0.0031415 -0.0006695
-0.0028339 -0.0002880
-0.0025682  0.0000795
-0.0026300  0.0003294
-0.0027855  0.0003657
-0.0031654  0.0002894
-0.0031480  0.0003479
-0.0034512  0.0003839
-0.0030846  0.0003827
-0.0034108  0.0006685
-0.0030042  0.0008970
-0.0031948  0.0010274
-0.0035767  0.0006014
-0.0032897  0.0002352
-0.0034266 -0.0003817
-0.0039470 -0.0008630
-0.0035518 -0.0016850
-0.0037488 -0.0023787
-0.0033928 -0.0027812
-0.0024965 -0.0030077
-0.0024824 -0.0024638
-0.0020617 -0.0023665
-0.0017371 -0.0019191
-0.0020060 -0.0016260
-0.0025042 -0.0012997
-0.0025660 -0.0013098
-0.0028547 -0.0013275
-0.0030279 -0.0013622
-0.0033606 -0.0013009
-0.0033008 -0.0015451
-0.0032786 -0.0011950
-0.0031603 -0.0011704
-0.0030250 -0.0008643
-0.0033266 -0.0007109
-0.0028437 -0.0007137
-0.0028368 -0.0006786
-0.0026810 -0.0007368
-0.0028085 -0.0013553
-0.0025013 -0.0015879
-0.0027673 -0.0018968
-0.0018286 -0.0020878
-0.0018710 -0.0020123
-0.0015097 -0.0017817
-0.0007470 -0.0014716
-0.0000809 -0.0007206
 0.0000346 -0.0006601
 0.0003988 -0.0000811
 0.0006475  0.0001309
 0.0006322  0.0001709
 0.0006503 -0.0000003
 0.0006503  0.0002096
 0.0012681  0.0000364
 0.0009067 -0.0002345
 0.0015007 -0.0001186
 0.0013852 -0.0003698
 0.0015588 -0.0007356
 0.0019783 -0.0007905
 0.0020942 -0.0008857
 0.0021697 -0.0011114
 0.0019803 -0.0007840
 0.0016004 -0.0005659
 0.0012536 -0.0002393
 0.0009722 -0.0000414
 0.0003440  0.0004774
 0.0001167  0.0003422
-0.0003964  0.0004758
-0.0002224  0.0002683
-0.0005478 -0.0002518
-0.0003371 -0.0005990
-0.0005087 -0.0009470
-0.0008769 -0.0014695
-0.0005911 -0.0013201
-0.0007122 -0.0012257
-0.0004676 -0.0009649
-0.0003158 -0.0008672
-0.0006093 -0.0005648
-0.0011322 -0.0002785
-0.0014386 -0.0001623
-0.0020935 -0.0007194
-0.0025195 -0.0006121
-0.0025224 -0.0010154
-0.0027868 -0.0014067
-0.0029588 -0.0017418
-0.0023851 -0.0017616
-0.0024049 -0.0016749
-0.0019417 -0.0017560
-0.0020956 -0.0015114
-0.0018283 -0.0013786
-0.0017359 -0.0011468
-0.0015667 -0.0012566
-0.0012417 -0.0014039
-0.0008012 -0.0012295
-0.0006102 -0.0010127
-0.0001851 -0.0007603
 0.0002776 -0.0002593
 0.0007565  0.0002232
 0.0011259  0.0008749
 0.0015127  0.0013735
 0.0014934  0.0017401
 0.0012108  0.0023760
 0.0010981  0.0029583
 0.0005983  0.0033055
 0.0003375  0.0034473
 0.0000702  0.0035841
 0.0001300  0.0031836
 0.0000319  0.0030112
 0.0000315  0.0025832
 0.0001251  0.0022570
 0.0000682  0.0018694
 0.0000670  0.0015977
-0.0000299  0.0013247
-0.0003211  0.0011903
-0.0004325  0.0011099
-0.0006985  0.0011882
-0.0008313  0.0013974
-0.0011927  0.0012076
-0.0015787  0.0011668
-0.0014818  0.0011091
-0.0015928  0.0009004
-0.0012464  0.0009977
-0.0009593  0.0012831
-0.0011680  0.0017422
-0.0009346  0.0018899
-0.0006876  0.0019795
-0.0003472  0.0019981
-0.0000816  0.0015693
 0.0002398  0.0016270
 0.0005462  0.0014925
 0.0004271  0.0013573
 0.0005446  0.0014311
 0.0006221  0.0020663
 0.0003173  0.0021789
-0.0000428  0.0025657
-0.0000573  0.0028778
-0.0009201  0.0027821
-0.0012625  0.0024999
-0.0017615  0.0023498
-0.0021790  0.0020813
-0.0021002  0.0021839
-0.0023865  0.0022036
-0.0028621  0.0019900
-0.0030353  0.0022267
-0.0031112  0.0021330
-0.0033599  0.0016913
-0.0031851  0.0013481
-0.0029776  0.0011390
-0.0031286  0.0005786
-0.0025375 -0.0002620
-0.0020970 -0.0005507
-0.0018858 -0.0008987
-0.0011369 -0.0014939
-0.0007525 -0.0019198
-0.0003904 -0.0019210
-0.0000464 -0.0018657
 0.0002593 -0.0013651
 0.0003343 -0.0013259
 0.0004700 -0.0011927
 0.0007563 -0.0011345
 0.0005492 -0.0009626
 0.0005067 -0.0010966
 0.0002201 -0.0009634
-0.0002785 -0.0010389
-0.0002446 -0.0015375
-0.0005923 -0.0018080
-0.0003864 -0.0021136
-0.0000642 -0.0024597
 0.0001223 -0.0025751
 0.0006762 -0.0025723
 0.0011950 -0.0026110
 0.0015976 -0.0022275
 0.0016800 -0.0018447
 0.0017571 -0.0014797
 0.0016589 -0.0005963
 0.0016194 -0.0002479
 0.0016581 -0.0000924
 0.0015233  0.0005822
 0.0009512  0.0003190
 0.0008414  0.0001111
 0.0004809  0.0001345
 0.0002160  0.0000046
-0.0001243  0.0001076
-0.0006019  0.0000700
-0.0008070  0.0007641
-0.0010961  0.0005759
-0.0017804  0.0009352
-0.0018773  0.0011097
-0.0024951  0.0008371
-0.0027268  0.0013325
-0.0028282  0.0009647
-0.0030951  0.0006954
-0.0030579  0.0006207
-0.0025367  0.0002194
-0.0020546  0.0002173
-0.0017461  0.0002169
-0.0014513  0.0003490
-0.0009313  0.0000401
-0.0005239  0.0005722
-0.0003144  0.0003445
-0.0003709 -0.0001021
-0.0000451 -0.0002159
-0.0002393 -0.0007352
 0.0002577 -0.0011813
 0.0000607 -0.0014482
 0.0006307 -0.0016679
 0.0006057 -0.0012464
 0.0010029 -0.0012080
 0.0011123 -0.0008887
 0.0006896 -0.0005080
 0.0012040 -0.0005286
 0.0012980 -0.0001886
 0.0009112 -0.0001547
 0.0009488  0.0002058
 0.0009855  0.0002760
 0.0007965  0.0005223
 0.0012189  0.0001759
 0.0010852  0.0001185
 0.0009330  0.0000438
 0.0009734 -0.0000490
 0.0009004 -0.0002589
 0.0013683 -0.0003696
 0.0012367 -0.0004810
 0.0012965 -0.0003828
 0.0012093 -0.0006340
 0.0008084 -0.0009231
 0.0005068 -0.0008880
 0.0001100 -0.0012776
-0.0003321 -0.0012643
-0.0004072 -0.0012676
-0.0006539 -0.0008893
-0.0008646 -0.0011206
-0.0009050 -0.0013128
-0.0006777 -0.0015005
-0.0004327 -0.0017254
-0.0001485 -0.0019870
 0.0001007 -0.0019623
 0.0004592 -0.0018045
 0.0007103 -0.0016486
 0.0008601 -0.0009190
 0.0010522 -0.0003094
 0.0012226  0.0005324
 0.0011600  0.0014901
 0.0010582  0.0022742
 0.0008999  0.0031967
 0.0004517  0.0039493
 0.0004114  0.0044137
-0.0006844  0.0049135
-0.0011080  0.0048788
-0.0016603  0.0047835
-0.0021924  0.0041315
-0.0019986  0.0035582
-0.0019352  0.0027886
-0.0023708  0.0022484
-0.0022149  0.0017300
-0.0023102  0.0007695
-0.0027325  0.0005163
-0.0028278  0.0001150
-0.0030224 -0.0002649
-0.0030789 -0.0002827
-0.0028698 -0.0006016
-0.0027902 -0.0006351
-0.0027470 -0.0009573
-0.0029525 -0.0008951
-0.0030825 -0.0014890
-0.0033134 -0.0014474
-0.0039082 -0.0018536
-0.0041936 -0.0026276
-0.0043535 -0.0028024
-0.0041670 -0.0032312
-0.0042058 -0.0034465
-0.0036337 -0.0035607
-0.0034064 -0.0035034
-0.0038263 -0.0037533
-0.0032336 -0.0039996
-0.0032138 -0.0041122
-0.0035033 -0.0040335
-0.0030228 -0.0042955
-0.0027390 -0.0039858
-0.0029832 -0.0038856
-0.0029853 -0.0035763
-0.0027915 -0.0035541
-0.0027478 -0.0033083
-0.0022468 -0.0033474
-0.0014958 -0.0031932
-0.0014517 -0.0030785
-0.0007428 -0.0033458
-0.0003588 -0.0031952
 0.0002581 -0.0030777
 0.0009275 -0.0025209
 0.0010596 -0.0022157
 0.0014601 -0.0021447
 0.0015727 -0.0015359
 0.0017204 -0.0007914
 0.0012186 -0.0003743
 0.0013130 -0.0001321
 0.0008467  0.0001162
 0.0003876  0.0004985
 0.0004635  0.0007101
 0.0002532  0.0010319
 0.0004312  0.0008788
 0.0001385  0.0006665
 0.0000077  0.0011441
 0.0001962  0.0010476
-0.0001328  0.0010645
-0.0002087  0.0010048
-0.0004054  0.0012127
-0.0004998  0.0012248
-0.0004252  0.0013980
-0.0005031  0.0016451
-0.0008507  0.0020658
-0.0008677  0.0021812
-0.0004696  0.0026266
-0.0005835  0.0025672
-0.0004684  0.0030118
-0.0002721  0.0025350
-0.0005959  0.0023395
-0.0006319  0.0021118
-0.0006674  0.0020804
-0.0010134  0.0017545
-0.0009544  0.0018567
-0.0009145  0.0018018
-0.0010663  0.0016165
-0.0010279  0.0020768
-0.0010291  0.0021971
-0.0010816  0.0021971
-0.0012709  0.0023748
-0.0020792  0.0024330
-0.0024377  0.0023001
-0.0026873  0.0024197
-0.0033026  0.0024802
-0.0037810  0.0027088
-0.0035331  0.0026171
-0.0042074  0.0031517
-0.0045901  0.0029042
-0.0044783  0.0028852
-0.0047295  0.0024092
-0.0049418  0.0018335
-0.0046923  0.0011693
-0.0048478  0.0003247
-0.0042745 -0.0007876
-0.0037024 -0.0020885
-0.0027604 -0.0028903
-0.0021697 -0.0035428
-0.0006557 -0.0038249
-0.0002330 -0.0039214
 0.0005551 -0.0036760
 0.0009355 -0.0030272
 0.0014151 -0.0026097
 0.0017752 -0.0017485
 0.0020950 -0.0012701
 0.0023235 -0.0006552
 0.0026844 -0.0004247
 0.0029505 -0.0002082
 0.0030982  0.0000813
 0.0028083  0.0002969
 0.0028281  0.0003413
 0.0026533  0.0008214
 0.0021942  0.0011913
 0.0020610  0.0010144
 0.0018543  0.0014953
 0.0016649  0.0013988
 0.0014207  0.0011670
 0.0011336  0.0011266
 0.0012293  0.0008912
 0.0015192  0.0003332
 0.0013836  0.0006179
 0.0013803  0.0001721
 0.0014703  0.0005169
 0.0011582  0.0004959
 0.0016940  0.0011359
 0.0016709  0.0010628
 0.0019560  0.0017540
 0.0016124  0.0014318
 0.0016689  0.0016595
 0.0015155  0.0015243
 0.0013831  0.0015614
 0.0008243  0.0014084
 0.0001932  0.0009663
 0.0001395  0.0007386
-0.0001282  0.0000119
-0.0002469 -0.0001407
 0.0000014 -0.0003289
 0.0001681 -0.0004847
 0.0004524 -0.0008307
 0.0004701 -0.0011013
 0.0004471 -0.0011251
 0.0005597 -0.0015907
 0.0008807 -0.0014429
 0.0014314 -0.0013905
 0.0021746 -0.0010097
 0.0022118 -0.0009355
 0.0025207 -0.0009367
 0.0027891 -0.0009544
 0.0027875 -0.0008943
 0.0026414 -0.0013990
 0.0027956 -0.0018403
 0.0027444 -0.0020106
 0.0025018 -0.0025331
 0.0022410 -0.0030891
 0.0020178 -0.0031093
 0.0015438 -0.0030564
 0.0014715 -0.0032337
 0.0010718 -0.0030064
 0.0009972 -0.0026987
 0.0007848 -0.0026773
 0.0008364 -0.0024661
 0.0004710 -0.0021960
 0.0003943 -0.0017882
 0.0002990 -0.0016311
-0.0001410 -0.0013792
-0.0002141 -0.0011829
-0.0000364 -0.0006068
-0.0001838  0.0000675
-0.0002548  0.0003154
-0.0002879  0.0008313
 0.0000206  0.0013288
 0.0000997  0.0015952
 0.0001918  0.0019029
-0.0002697  0.0019978
-0.0001567  0.0019021
 0.0000739  0.0025368
 0.0001344  0.0028448
-0.0000533  0.0032869
-0.0004517  0.0035720
-0.0005075  0.0035708
-0.0006205  0.0035094
-0.0005313  0.0030669
-0.0004925  0.0029914
-0.0005225  0.0025101
-0.0005076  0.0024899
-0.0002621  0.0023942
-0.0003957  0.0020514
-0.0004882  0.0020135
-0.0006416  0.0018803
-0.0009658  0.0015928
-0.0006545  0.0013614
-0.0007486  0.0015932
-0.0007267  0.0020304
-0.0007057  0.0021451
-0.0007820  0.0028137
-0.0010348  0.0029445
-0.0014373  0.0031754
-0.0016122  0.0028872
-0.0020567  0.0027874
-0.0023248  0.0023279
-0.0021718  0.0018503
-0.0019804  0.0014115
-0.0016005  0.0010493
-0.0011839  0.0007239
-0.0001870  0.0004570
 0.0003063  0.0004409
 0.0008401  0.0003056
 0.0011263 -0.0000945
 0.0011800  0.0001159
 0.0009483 -0.0000545
 0.0008873 -0.0000916
 0.0011182  0.0000287
 0.0008687  0.0002237
 0.0011174 -0.0001251
 0.0010593 -0.0002014
 0.0014045 -0.0001449
 0.0012749  0.0000832
 0.0011017  0.0000259
 0.0012200  0.0002746
 0.0007977  0.0000243
 0.0005280 -0.0001816
 0.0004718 -0.0007759
 0.0001840 -0.0010049
 0.0002393 -0.0011405
 0.0006104 -0.0013690
 0.0006879 -0.0011760
 0.0009043 -0.0007735
 0.0011801 -0.0008882
 0.0013759 -0.0008131
 0.0021463 -0.0006786
 0.0022489 -0.0009685
 0.0025404 -0.0010283
 0.0028126 -0.0011773
 0.0029894 -0.0013113
 0.0035268 -0.0012156
 0.0037408 -0.0011587
 0.0032789 -0.0003690
 0.0031033 -0.0001376
 0.0032575 -0.0000201
 0.0026381  0.0005387
 0.0024657  0.0004814
 0.0026922  0.0000195
 0.0026498  0.0001285
 0.0032582 -0.0002377
 0.0036793 -0.0001808
 0.0037718  0.0002742
 0.0034988  0.0009420
 0.0031350  0.0010174
 0.0027688  0.0014006
 0.0024636  0.0017688
 0.0017575  0.0016732
 0.0016255  0.0019618
 0.0015120  0.0019102
 0.0010542  0.0017204
 0.0010360  0.0016837
 0.0009387  0.0014160
 0.0009981  0.0009352
 0.0008895  0.0003998
 0.0015246  0.0003986
 0.0007393  0.0003368
 0.0007256  0.0001426
 0.0009021  0.0002540
 0.0011161  0.0006920
 0.0013474  0.0009928
 0.0017128  0.0011983
 0.0021909  0.0015608
 0.0024186  0.0022117
 0.0024569  0.0024034
 0.0020883  0.0027656
 0.0020883  0.0031306
 0.0013744  0.0031330
 0.0008948  0.0030006
 0.0005661  0.0024301
 0.0004107  0.0022400
 0.0000675  0.0015908
-0.0001647  0.0011705
-0.0001276  0.0008834
-0.0002600  0.0003452
-0.0001267 -0.0001575
-0.0000331 -0.0004680
 0.0002507 -0.0005879
 0.0001546 -0.0003784
 0.0000912 -0.0005673
-0.0000073 -0.0002576
-0.0001595 -0.0006759
-0.0002725 -0.0003682
-0.0004421 -0.0006178
-0.0005560 -0.0004611
-0.0009528 -0.0006731
-0.0010110 -0.0004825
-0.0010659 -0.0003872
-0.0013343 -0.0003113
-0.0014111 -0.0000263
-0.0011785 -0.0001216
-0.0011773 -0.0000465
-0.0011340 -0.0002940
-0.0002857 -0.0000283
-0.0003245  0.0002789
-0.0003257  0.0002951
-0.0000976  0.0006415
-0.0006940  0.0009269
-0.0006544  0.0011212
-0.0008825  0.0014135
-0.0014921  0.0017010
-0.0018914  0.0017252
-0.0023125  0.0020914
-0.0029625  0.0023607
-0.0032747  0.0026749
-0.0035613  0.0022397
-0.0034818  0.0022231
-0.0035621  0.0021711
-0.0034665  0.0016175
-0.0034269  0.0017197
-0.0031378  0.0013753
-0.0028269  0.0009934
-0.0024421  0.0008157
-0.0021175  0.0006582
-0.0013859  0.0002480
-0.0010629  0.0001854
-0.0002817 -0.0001824
-0.0001117 -0.0006835
 0.0002080 -0.0010126
 0.0002201 -0.0013142
 0.0000634 -0.0015988
 0.0001777 -0.0018467
 0.0005774 -0.0021127
 0.0003056 -0.0022072
 0.0002099 -0.0021127
 0.0004179 -0.0018240
 0.0005127 -0.0015976
 0.0002947 -0.0013686
-0.0000869 -0.0017369
-0.0001236 -0.0014111
-0.0005479 -0.0013368
-0.0007583 -0.0013574
-0.0010102 -0.0009775
-0.0012977 -0.0010352
-0.0010429 -0.0008245
-0.0013102 -0.0006747
-0.0012682 -0.0005225
-0.0016444 -0.0009270
-0.0014857 -0.0012581
-0.0011712 -0.0012981
-0.0012253 -0.0013147
-0.0010670 -0.0011649
-0.0006588 -0.0013195
-0.0005255 -0.0014160
-0.0003919 -0.0015549
-0.0004735 -0.0019220
-0.0003233 -0.0022280
-0.0001715 -0.0022676
-0.0002684 -0.0025146
-0.0003035 -0.0025073
-0.0004751 -0.0024851
-0.0000907 -0.0023660
-0.0001081 -0.0020212
 0.0001992 -0.0014079
 0.0004455 -0.0007979
 0.0003800 -0.0000332
 0.0006077  0.0005203
 0.0008515  0.0009035
 0.0007332  0.0010598
 0.0013425  0.0011426
 0.0013994  0.0008979
 0.0016130  0.0010748
 0.0017854  0.0009868
 0.0018282  0.0011039
 0.0021189  0.0012569
 0.0026369  0.0015274
 0.0027338  0.0018722
 0.0027136  0.0019679
 0.0027285  0.0018524
 0.0023599  0.0019239
 0.0022593  0.0015936
 0.0026033  0.0010946
 0.0027907  0.0008228
 0.0031153  0.0008592
 0.0033611  0.0010893
 0.0032844  0.0011777
 0.0029186  0.0014603
 0.0026477  0.0013424
 0.0018555  0.0012051
 0.0012987  0.0009156
 0.0004912  0.0003576
 0.0000100  0.0001654
-0.0005085 -0.0003526
-0.0006074 -0.0007135
-0.0008363 -0.0012691
-0.0010826 -0.0017051
-0.0011948 -0.0018771
-0.0009990 -0.0023382
-0.0005928 -0.0031202
-0.0000723 -0.0034053
 0.0003771 -0.0035224
 0.0009161 -0.0035430
 0.0014910 -0.0029725
 0.0019929 -0.0027291
 0.0023987 -0.0026927
 0.0025158 -0.0020068
 0.0024399 -0.0017968
 0.0020793 -0.0018913
 0.0021185 -0.0018521
 0.0021197 -0.0014455
 0.0022138 -0.0011754
 0.0022731 -0.0012130
 0.0022356 -0.0008867
 0.0024027 -0.0007721
 0.0027455 -0.0001980
 0.0024548 -0.0000502
 0.0026260  0.0003729
 0.0029122  0.0004113
 0.0026227  0.0004311
 0.0027931  0.0005708
 0.0026744  0.0005967
 0.0024063  0.0004473
 0.0025185  0.0004352
 0.0024047 -0.0000210
 0.0024257 -0.0006674
 0.0021737 -0.0008563
 0.0021007 -0.0009269
 0.0020050 -0.0010428
 0.0016634 -0.0013291
 0.0013953 -0.0015067
 0.0007259 -0.0013929
 0.0004376 -0.0019129
 0.0004772 -0.0018988
 0.0008063 -0.0018031
 0.0011915 -0.0021298
 0.0015371 -0.0021310
 0.0019816 -0.0015779
 0.0023284 -0.0012133
 0.0021916 -0.0009270
 0.0020810 -0.0007365
 0.0022929 -0.0004898
 0.0020289 -0.0000469
 0.0019365 -0.0002972
 0.0016143 -0.0002964
 0.0017128 -0.0003368
 0.0017520 -0.0002064
 0.0019070  0.0001166
 0.0018642 -0.0000352
 0.0018077  0.0004230
 0.0017310  0.0008086
 0.0013890  0.0005042
 0.0015412  0.0005842
 0.0012748  0.0003375
 0.0007390  0.0001094
 0.0009485 -0.0003073
 0.0002594 -0.0004029
-0.0000075 -0.0004009
-0.0004678 -0.0005148
-0.0009062 -0.0000145
-0.0013261 -0.0005123
-0.0015405 -0.0004954
-0.0018664 -0.0004760
-0.0018684 -0.0005778
-0.0014295 -0.0005253
-0.0011441 -0.0004414
-0.0011445 -0.0004455
-0.0004594 -0.0002808
-0.0002853 -0.0002663
 0.0002912 -0.0003256
 0.0008472 -0.0001177
 0.0011746 -0.0000640
 0.0014876  0.0000442
 0.0011387  0.0005004
 0.0009102  0.0004398
 0.0008100  0.0008391
 0.0005726  0.0008205
 0.0001676  0.0007644
 0.0002193  0.0005791
 0.0002911  0.0006223
 0.0006169  0.0007063
 0.0009440  0.0005190
 0.0016723  0.0005849
 0.0016937  0.0007222
 0.0020624  0.0007101
 0.0026559  0.0008870
 0.0021569  0.0006964
 0.0017684  0.0008894
 0.0012670  0.0009269
 0.0007421  0.0009831
 0.0003726  0.0011563
-0.0004002  0.0012895
-0.0004434  0.0015822
-0.0007761  0.0022343
-0.0009106  0.0023869
-0.0010026  0.0023526
-0.0013074  0.0023167
-0.0018020  0.0024907
-0.0016837  0.0024160
-0.0019873  0.0023736
-0.0019102  0.0021963
-0.0016247  0.0021144
-0.0014750  0.0020154
-0.0015194  0.0018022
-0.0013696  0.0017614
-0.0015283  0.0015487
-0.0017391  0.0012608
-0.0016026  0.0012377
-0.0014500  0.0008348
-0.0015021  0.0006979
-0.0009061  0.0008530
-0.0001996  0.0008093
 0.0004174  0.0007367
 0.0005663  0.0007775
 0.0011198  0.0007222
 0.0011029  0.0004557
 0.0010621  0.0006168
 0.0006616  0.0000807
 0.0003964 -0.0005475
 0.0005324 -0.0009420
 0.0005926 -0.0012100
 0.0009447 -0.0017301
 0.0018624 -0.0015310
 0.0021555 -0.0016110
 0.0023502 -0.0014034
 0.0030616 -0.0008867
 0.0028145 -0.0005483
 0.0029094 -0.0002843
 0.0030244 -0.0001527
 0.0029045  0.0003011
 0.0031330  0.0001093
 0.0033409  0.0002833
 0.0034750  0.0000560
 0.0033797 -0.0000413
 0.0034136 -0.0002262
 0.0033191 -0.0006307
 0.0033736 -0.0007971
 0.0035254 -0.0010094
 0.0032565 -0.0012634
 0.0032545 -0.0013026
 0.0030054 -0.0011726
 0.0021995 -0.0009094
 0.0019104 -0.0008157
 0.0012127 -0.0003970
 0.0007524 -0.0001883
 0.0000624 -0.0002259
 0.0001197 -0.0001867
-0.0005287 -0.0001471
-0.0001208  0.0002397
-0.0001184 -0.0002993
 0.0000160 -0.0000527
 0.0005538 -0.0002820
 0.0006495  0.0000406
 0.0012451  0.0001561
 0.0015123  0.0001165
 0.0018587  0.0002740
 0.0019508  0.0007993
 0.0021042  0.0008029
 0.0018349  0.0008454
 0.0016617  0.0010420
 0.0014509  0.0010101
 0.0011106  0.0009383
 0.0005773  0.0010582
 0.0005809  0.0010631
 0.0003012  0.0008326
 0.0002871  0.0011447
 0.0004046  0.0011822
 0.0003295  0.0014523
 0.0002346  0.0014156
-0.0002410  0.0014144
-0.0004699  0.0013793
-0.0006972  0.0011500
-0.0010024  0.0005128
-0.0013646  0.0000505
-0.0015729 -0.0005075
-0.0018418 -0.0010485
-0.0016480 -0.0018725
-0.0009564 -0.0022339
-0.0007089 -0.0025799
-0.0001562 -0.0029049
 0.0004930 -0.0033632
 0.0006610 -0.0036333
 0.0012678 -0.0038065
 0.0013558 -0.0040968
 0.0013682 -0.0039623
 0.0011918 -0.0035965
 0.0009225 -0.0032897
 0.0008829 -0.0029602
 0.0005240 -0.0025230
 0.0004865 -0.0023671
 0.0000109 -0.0019052
-0.0002326 -0.0019634
-0.0004017 -0.0019048
-0.0006859 -0.0014623
-0.0006270 -0.0015547
-0.0006847 -0.0008603
-0.0011813 -0.0007403
-0.0010856 -0.0005429
-0.0012774  0.0001173
-0.0014304  0.0002158
-0.0010598  0.0000305
-0.0009063 -0.0001188
-0.0013795 -0.0001152
-0.0009547 -0.0004018
-0.0009115 -0.0006320
-0.0008069 -0.0011722
-0.0005372 -0.0012481
-0.0002844 -0.0015796
-0.0002432 -0.0020270
 0.0000971 -0.0019366
-0.0001565 -0.0019374
 0.0000341 -0.0017085
 0.0004503 -0.0019984
 0.0003151 -0.0017497
 0.0003308 -0.0019988
 0.0002537 -0.0021583
 0.0000639 -0.0023937
 0.0001988 -0.0024761
 0.0002347 -0.0028790
 0.0001390 -0.0031169
 0.0002916 -0.0029004
 0.0004624 -0.0029045
 0.0002121 -0.0027515
 0.0003449 -0.0023502
-0.0005740 -0.0026397
-0.0006919 -0.0027543
-0.0012354 -0.0028282
-0.0015976 -0.0033446
-0.0016178 -0.0036655
-0.0012964 -0.0033151
-0.0012794 -0.0033687
-0.0012803 -0.0027534
-0.0013013 -0.0023307
-0.0011470 -0.0020247
-0.0012641 -0.0017978
-0.0009395 -0.0018765
-0.0010736 -0.0020122
-0.0005604 -0.0021107
 0.0001324 -0.0018171
 0.0005931 -0.0015139
 0.0007280 -0.0006309
 0.0012868  0.0004963
 0.0013292  0.0012945
 0.0009678  0.0021342
 0.0008112  0.0024019
 0.0006949  0.0029885
 0.0003501  0.0030446
 0.0003884  0.0026062
 0.0001752  0.0022440
 0.0002297  0.0019961
 0.0002697  0.0015973
-0.0000577  0.0012739
-0.0001292  0.0004321
-0.0000109 -0.0002006
-0.0000488 -0.0007166
-0.0000266 -0.0011628
 0.0002217 -0.0012221
 0.0002964 -0.0014390
 0.0004853 -0.0014995
 0.0004062 -0.0016538
 0.0003476 -0.0014834
 0.0004001 -0.0010635
 0.0005701 -0.0009085
 0.0002947 -0.0003896
 0.0001554 -0.0001962
 0.0002656  0.0003642
 0.0003778  0.0009238
 0.0006232  0.0015630
 0.0005796  0.0020491
 0.0006983  0.0022441
 0.0007706  0.0022304
 0.0007524  0.0020988
 0.0004686  0.0022543
 0.0004286  0.0021396
-0.0000676  0.0019652
-0.0005085  0.0024307
-0.0011766  0.0021461
-0.0018658  0.0021881
-0.0021682  0.0024594
-0.0026652  0.0025741
-0.0028344  0.0024401
-0.0032728  0.0023613
-0.0037888  0.0021453
-0.0034920  0.0018336
-0.0040072  0.0014629
-0.0039478  0.0012820
-0.0040003  0.0007607
-0.0033660  0.0004861
-0.0033115  0.0002095
-0.0033280 -0.0002168
-0.0030047 -0.0001809
-0.0033894 -0.0007244
-0.0035780 -0.0008072
-0.0033692 -0.0008072
-0.0031573 -0.0011153
-0.0029647 -0.0012114
-0.0023340 -0.0011520
-0.0021188 -0.0011677
-0.0017312 -0.0014540
-0.0014998 -0.0013316
-0.0012895 -0.0013082
-0.0014005 -0.0015573
-0.0016165 -0.0011539
-0.0018669 -0.0009650
-0.0020966 -0.0006585
-0.0023324 -0.0003348
-0.0025052  0.0002567
-0.0026574  0.0007211
-0.0026033  0.0011066
-0.0027543  0.0016634
-0.0028278  0.0017252
-0.0025016  0.0018839
-0.0027490  0.0014022
-0.0027850  0.0010760
-0.0020409  0.0004882
-0.0019840  0.0000053
-0.0018689 -0.0005676
-0.0016392 -0.0008547
-0.0019072 -0.0008212
-0.0020982 -0.0008434
-0.0023473 -0.0005543
-0.0027854 -0.0006327
-0.0028819 -0.0004970
-0.0027079 -0.0004768
-0.0031116 -0.0004582
-0.0028597 -0.0007828
-0.0025693 -0.0009532
-0.0024106 -0.0007198
-0.0021377 -0.0005991
-0.0021728 -0.0003855
-0.0022236 -0.0003504
-0.0019180 -0.0000448
-0.0015898 -0.0003577
-0.0016709 -0.0000533
-0.0012131 -0.0002867
-0.0009277 -0.0001769
-0.0009697 -0.0003137
-0.0012216 -0.0004386
-0.0012386 -0.0007297
-0.0010427 -0.0006578
-0.0012725 -0.0006861
-0.0010233 -0.0001702
-0.0007367  0.0003442
-0.0009870  0.0007100
-0.0009144  0.0010984
-0.0007993  0.0014513
-0.0005538  0.0019771
-0.0006277  0.0023655
-0.0004371  0.0028343
-0.0005300  0.0027410
-0.0002599  0.0028775
-0.0002821  0.0029881
-0.0007246  0.0029098
-0.0011078  0.0026405
-0.0013944  0.0026776
-0.0020036  0.0024471
-0.0021756  0.0020239
-0.0028446  0.0016008
-0.0033037  0.0010234
-0.0040184  0.0003120
-0.0043297 -0.0001640
-0.0047718 -0.0008576
-0.0048546 -0.0009137
-0.0042457 -0.0014338
-0.0038848 -0.0016603
-0.0033870 -0.0016082
-0.0028520 -0.0019542
-0.0023365 -0.0021484
-0.0017260 -0.0023043
-0.0010950 -0.0026450
-0.0009201 -0.0031077
-0.0008467 -0.0027209
-0.0004615 -0.0031021
-0.0008220 -0.0032204
-0.0008030 -0.0031429
-0.0005341 -0.0031594
-0.0009016 -0.0033104
-0.0008220 -0.0030584
-0.0005753 -0.0029962
-0.0002681 -0.0025715
 0.0003460 -0.0023950
 0.0004647 -0.0020659
 0.0006993 -0.0016307
 0.0008960 -0.0014769
 0.0011108 -0.0012310
 0.0008617 -0.0007207
 0.0009735 -0.0001438
 0.0007083  0.0000674
 0.0005342  0.0003948
 0.0007099  0.0008184
 0.0005920  0.0010126
 0.0003643  0.0016461
 0.0001547  0.0014882
-0.0000960  0.0013913
-0.0001166  0.0016957
-0.0000217  0.0013093
 0.0002645  0.0013266
 0.0006461  0.0010973
 0.0011071  0.0004869
 0.0015089  0.0000868
 0.0016397 -0.0001199
 0.0017527 -0.0010723
 0.0018468 -0.0010671
 0.0017668 -0.0011975
 0.0012843 -0.0013723
 0.0011070 -0.0011244
 0.0011426 -0.0009351
 0.0009694 -0.0004191
 0.0007949 -0.0000557
 0.0010085  0.0007110
 0.0006460  0.0010756
 0.0006512  0.0011507
 0.0006920  0.0013969
 0.0006916  0.0014349
 0.0008620  0.0013703
 0.0010917  0.0012548
 0.0014123  0.0011571
 0.0009657  0.0011130
 0.0012524  0.0011110
 0.0012673  0.0009217
 0.0007493  0.0007056
 0.0008841  0.0002725
 0.0005195 -0.0005136
 0.0001780 -0.0008221
 0.0004118 -0.0012767
 0.0003593 -0.0017959
 0.0004772 -0.0016243
 0.0003646 -0.0016445
 0.0004805 -0.0014556
 0.0003791 -0.0011677
 0.0006843 -0.0012053
 0.0003367 -0.0009553
 0.0002390 -0.0007846
 0.0004675 -0.0009715
 0.0004077 -0.0005702
-0.0001285 -0.0009501
 0.0000092 -0.0011362
-0.0001454 -0.0011939
-0.0003699 -0.0013219
-0.0004474 -0.0018524
-0.0004445 -0.0017344
-0.0004990 -0.0018471
-0.0006892 -0.0016888
-0.0008450 -0.0011522
-0.0009968 -0.0008655
-0.0011325 -0.0004444
-0.0014067  0.0004716
-0.0013344  0.0005492
-0.0012783  0.0009468
-0.0015282  0.0013231
-0.0013950  0.0009020
-0.0018169  0.0007841
-0.0019151  0.0009338
-0.0018000  0.0008612
-0.0017253  0.0008459
-0.0020140  0.0008628
-0.0019724  0.0007328
-0.0016478  0.0006916
-0.0020281  0.0008067
-0.0021044  0.0009589
-0.0018896  0.0007869
-0.0019606  0.0010316
-0.0018584  0.0009548
-0.0011878  0.0010469
-0.0008769  0.0007780
-0.0004352  0.0001824
 0.0001898  0.0003169
 0.0003283  0.0001816
 0.0004244  0.0004295
 0.0003266  0.0004457
-0.0001720  0.0002361
-0.0005531  0.0001957
-0.0011317 -0.0001692
-0.0016901 -0.0004995
-0.0022699 -0.0008007
-0.0026192 -0.0011261
-0.0027952 -0.0012202
-0.0028093 -0.0015654
-0.0025053 -0.0013736
-0.0023478 -0.0012012
-0.0014265 -0.0013736
-0.0002152 -0.0008411
 0.0007812 -0.0004373
 0.0015273 -0.0004991
 0.0017736 -0.0001919
 0.0019436 -0.0006097
 0.0019403 -0.0003582
 0.0025157 -0.0001850
 0.0025940 -0.0006218
 0.0026130 -0.0009040
 0.0025964 -0.0008273
 0.0026517 -0.0012068
 0.0025363 -0.0012447
 0.0023057 -0.0010909
 0.0021882 -0.0012221
 0.0017873 -0.0009742
 0.0019428 -0.0006686
 0.0018475 -0.0007021
 0.0014809 -0.0006270
 0.0015366 -0.0002257
 0.0016488 -0.0001449
 0.0014162  0.0001385
 0.0012781  0.0004296
 0.0011982  0.0001260
 0.0010052  0.0004098
 0.0008707  0.0005826
 0.0009636  0.0008927
 0.0006006  0.0014810
 0.0008473  0.0020006
 0.0008683  0.0021112
 0.0004637  0.0025109
 0.0006208  0.0022169
 0.0005970  0.0021931
 0.0003890  0.0019758
 0.0008097  0.0014760
 0.0008679  0.0012838
 0.0009999  0.0012253
 0.0012119  0.0007670
 0.0016132  0.0007162
 0.0013265  0.0004065
 0.0015777  0.0004166
 0.0012288  0.0003226
 0.0011129 -0.0000771
 0.0008852 -0.0007457
 0.0005792 -0.0005309
 0.0002530 -0.0007239
-0.0001071 -0.0005325
-0.0002945 -0.0001159
-0.0005226  0.0005503
-0.0011104  0.0010852
-0.0008944  0.0022867
-0.0011011  0.0031067
-0.0013853  0.0036223
-0.0013086  0.0039090
-0.0016707  0.0040814
-0.0017107  0.0040446
-0.0017337  0.0042558
-0.0020616  0.0037414
-0.0024855  0.0031116
-0.0024112  0.0027503
-0.0026414  0.0022755
-0.0023329  0.0017401
-0.0020459  0.0020260
-0.0015517  0.0018519
-0.0009182  0.0018923
-0.0010745  0.0020615
-0.0007935  0.0020619
-0.0007188  0.0022367
-0.0006482  0.0026586
-0.0004588  0.0023328
-0.0007702  0.0028702
-0.0008049  0.0028872
-0.0009373  0.0027111
-0.0011872  0.0028423
-0.0012054  0.0029174
-0.0013225  0.0026646
-0.0016309  0.0029315
-0.0013830  0.0028919
-0.0014020  0.0029315
-0.0013487  0.0031588
-0.0014808  0.0033530
-0.0009611  0.0031818
-0.0014206  0.0031733
-0.0010895  0.0030372
-0.0012570  0.0028038
-0.0012372  0.0021445
-0.0013148  0.0014722
-0.0013074  0.0008824
-0.0015247  0.0004407
-0.0016979 -0.0000704
-0.0017387 -0.0006170
-0.0022357 -0.0009227
-0.0019272 -0.0013308
-0.0023059 -0.0018633
-0.0021909 -0.0018803
-0.0016853 -0.0021851
-0.0012036 -0.0019513
-0.0012400 -0.0014539
-0.0004890 -0.0010295
-0.0006808 -0.0003589
-0.0005451 -0.0000153
-0.0002177  0.0005814
-0.0006977  0.0004829
-0.0007926  0.0003424
-0.0007167 -0.0001748
-0.0008297 -0.0002936
-0.0007369 -0.0004527
-0.0006589 -0.0006065
-0.0001393 -0.0006634
-0.0002952 -0.0003602
-0.0002164 -0.0001842
-0.0001732 -0.0002609
-0.0001336 -0.0000509
-0.0000937  0.0005260
 0.0004062  0.0008939
 0.0005972  0.0010840
 0.0007078  0.0012003
 0.0007845  0.0012617
 0.0008204  0.0012415
 0.0005119  0.0013941
 0.0006229  0.0011083
 0.0001412  0.0011260
 0.0001772  0.0010691
-0.0002435  0.0011656
-0.0003223  0.0012774
-0.0007785  0.0011838
-0.0007183  0.0012435
-0.0008285  0.0012843
-0.0009605  0.0014171
-0.0010732  0.0011615
-0.0009779  0.0011001
-0.0008067  0.0008672
-0.0007873  0.0010371
-0.0007538  0.0001558
-0.0008346 -0.0003243
-0.0006993 -0.0009727
-0.0003949 -0.0016796
-0.0000311 -0.0023123
 0.0001437 -0.0028436
 0.0008135 -0.0031105
 0.0012362 -0.0033212
 0.0013295 -0.0031480
 0.0017304 -0.0028779
 0.0016169 -0.0029526
 0.0017663 -0.0026663
 0.0018390 -0.0023764
 0.0017808 -0.0022618
 0.0020477 -0.0018015
 0.0020118 -0.0017074
 0.0017441 -0.0013215
 0.0016464 -0.0010397
 0.0013230 -0.0008120
 0.0009786 -0.0004321
 0.0007682 -0.0003013
 0.0006164 -0.0000901
 0.0003112 -0.0001664
 0.0003508 -0.0002452
 0.0005825 -0.0002456
 0.0005062 -0.0002888
 0.0000884 -0.0003861
 0.0003165 -0.0005424
-0.0000279 -0.0005460
-0.0004292 -0.0006538
-0.0006589 -0.0002653
-0.0008075  0.0002002
-0.0004784  0.0002212
-0.0007247  0.0004203
-0.0009112  0.0006714
-0.0008308  0.0009185
-0.0004638  0.0005515
-0.0006544  0.0008167
-0.0004808  0.0004869
-0.0002943  0.0002119
-0.0000851  0.0002437
 0.0004664 -0.0000252
 0.0006755  0.0000685
 0.0009981  0.0005869
 0.0011511  0.0011849
 0.0011107  0.0016113
 0.0014757  0.0020740
 0.0017030  0.0025387
 0.0018560  0.0024660
 0.0018919  0.0026425
 0.0024463  0.0022383
 0.0025638  0.0021830
 0.0024487  0.0017442
 0.0023361  0.0010909
 0.0017970  0.0008212
 0.0018786  0.0006456
 0.0014563  0.0000125
 0.0014188 -0.0004700
 0.0012423 -0.0002399
 0.0010917 -0.0000089
 0.0003464  0.0000488
 0.0003295  0.0001425
-0.0001284  0.0001796
-0.0000928  0.0003895
-0.0002846  0.0005619
-0.0003432  0.0007719
-0.0000779  0.0013121
 0.0006121  0.0017954
 0.0009819  0.0022024
 0.0015552  0.0027221
 0.0021149  0.0028008
 0.0021149  0.0028573
 0.0024031  0.0027067
 0.0024435  0.0029207
 0.0018867  0.0029397
 0.0016195  0.0032837
 0.0014907  0.0032268
 0.0006905  0.0030309
 0.0008108  0.0029142
 0.0005440  0.0024709
 0.0002032  0.0022557
 0.0006074  0.0017696
 0.0009312  0.0015923
 0.0012372  0.0012600
 0.0015384  0.0011239
 0.0016712  0.0008715
 0.0019571  0.0009483
 0.0021287  0.0008320
 0.0015497  0.0009438
 0.0011475  0.0008287
 0.0013567  0.0007294
 0.0008168  0.0007096
 0.0008495  0.0002469
 0.0013873 -0.0006720
 0.0014789 -0.0009587
 0.0021487 -0.0014710
 0.0026433 -0.0019030
 0.0030628 -0.0016288
 0.0033911 -0.0016413
 0.0034880 -0.0012920
 0.0037173 -0.0010017
 0.0034157 -0.0009044
 0.0031472 -0.0010385
 0.0028795 -0.0010013
 0.0023087 -0.0007122
 0.0020999 -0.0006698
 0.0015072 -0.0008785
 0.0010906 -0.0011648
 0.0011112 -0.0014845
 0.0006550 -0.0015963
 0.0009457 -0.0014038
 0.0006603 -0.0016339
 0.0000486 -0.0016731
-0.0001779 -0.0017304
-0.0004084 -0.0014458
-0.0008118 -0.0015641
-0.0010601 -0.0013715
-0.0009825 -0.0017377
-0.0011211 -0.0018927
-0.0010233 -0.0019327
-0.0005482 -0.0020474
-0.0003390 -0.0021245
 0.0001007 -0.0017966
 0.0002718 -0.0016873
 0.0008443 -0.0014147
 0.0009978 -0.0012076
 0.0008419 -0.0010179
 0.0010333 -0.0005967
 0.0010955 -0.0003460
 0.0009045 -0.0006165
 0.0010991 -0.0005560
 0.0009094 -0.0004599
 0.0009675 -0.0002116
 0.0010459 -0.0003242
 0.0010047 -0.0001918
 0.0009259 -0.0000985
 0.0012336 -0.0000808
 0.0013050 -0.0001926
 0.0013232  0.0000165
 0.0013777  0.0004038
 0.0014358  0.0006747
 0.0010914  0.0010239
 0.0007458  0.0015630
 0.0001511  0.0012367
-0.0003257  0.0013534
-0.0004198  0.0012573
-0.0011873  0.0008532
-0.0009959  0.0001632
-0.0008397 -0.0002818
-0.0012083 -0.0004554
-0.0008817 -0.0004586
-0.0004375 -0.0012294
-0.0000407 -0.0009444
 0.0002080 -0.0007187
 0.0007046 -0.0005839
 0.0008152 -0.0006436
 0.0006206 -0.0002605
 0.0005423 -0.0004102
 0.0005572 -0.0001434
 0.0000949 -0.0001054
 0.0000178  0.0001692
-0.0000957  0.0004627
-0.0003081  0.0006400
-0.0002657  0.0007195
-0.0001045  0.0006783
 0.0003211  0.0006343
 0.0007482  0.0004227
 0.0014039  0.0004348
 0.0019846  0.0004118
 0.0024452  0.0007517
 0.0021537  0.0012854
 0.0024622  0.0017651
 0.0024763  0.0020162
 0.0019910  0.0024773
 0.0019542  0.0027268
 0.0016647  0.0027870
 0.0014107  0.0031096
 0.0006045  0.0030934
 0.0000650  0.0029219
-0.0004352  0.0028068
-0.0008361  0.0028072
-0.0014135  0.0023518
-0.0012799  0.0016053
-0.0014898  0.0017413
-0.0011825  0.0012076
-0.0006629  0.0013388
-0.0007917  0.0010744
-0.0006584  0.0010332
-0.0006730  0.0008253
-0.0008825  0.0010191
-0.0005922  0.0007546
-0.0006108  0.0010837
-0.0003988  0.0007805
-0.0002801  0.0007236
-0.0000677  0.0003659
-0.0000673 -0.0000730
-0.0001956 -0.0003625
-0.0004839 -0.0005942
-0.0006353 -0.0011284
-0.0009628 -0.0014570
-0.0009846 -0.0014393
-0.0005619 -0.0016121
-0.0002942 -0.0014199
-0.0002187 -0.0011304
 0.0002828 -0.0010121
 0.0003001 -0.0005130
 0.0006833 -0.0001691
 0.0005444  0.0001692
 0.0004838  0.0000703
 0.0006707  0.0004861
 0.0010712  0.0006718
 0.0014313  0.0008377
 0.0013728  0.0012588
 0.0016029  0.0015592
 0.0016203  0.0017106
 0.0020042  0.0019214
 0.0018859  0.0015923
 0.0016958  0.0013415
 0.0022158  0.0011094
 0.0017015  0.0010302
 0.0015472  0.0010443
 0.0013207  0.0009483
 0.0013950  0.0011029
 0.0013748  0.0010819
 0.0013090  0.0009854
 0.0016299  0.0004092
 0.0017207  0.0002925
 0.0022125 -0.0000333
 0.0023061 -0.0002214
 0.0023445 -0.0002573
 0.0026336 -0.0003530
 0.0025222  0.0002999
 0.0024297  0.0008381
 0.0022585  0.0013201
 0.0023381  0.0014558
 0.0019372  0.0017457
 0.0014414  0.0019218
 0.0009452  0.0020005
 0.0003723  0.0015653
 0.0003150  0.0019129
 0.0000869  0.0016263
 0.0000303  0.0015710
-0.0002547  0.0016675
 0.0003631  0.0021318
 0.0002892  0.0019206
 0.0006126  0.0022679
 0.0006166  0.0024027
 0.0005008  0.0021585
 0.0004063  0.0022772
 0.0000809  0.0022401
-0.0003600  0.0017447
-0.0006858  0.0017241
-0.0011461  0.0016094
-0.0012438  0.0011859
-0.0013205  0.0008778
-0.0013189  0.0009162
-0.0013363  0.0005669
-0.0010690  0.0005463
-0.0011255  0.0001744
-0.0007609 -0.0002099
-0.0007222  0.0000933
-0.0007791  0.0002826
-0.0005082 -0.0000049
-0.0002437  0.0001070
 0.0007370  0.0000174
 0.0014294 -0.0003089
 0.0026774 -0.0005148
 0.0036012 -0.0000916
 0.0041559 -0.0003201
 0.0048253  0.0002693
 0.0046517  0.0004990
 0.0045306  0.0004788
 0.0039148  0.0007069
 0.0034315  0.0006525
 0.0031021  0.0006347
 0.0026995  0.0005778
 0.0021617  0.0006161
 0.0017600  0.0005015
 0.0013756  0.0008236
 0.0012642  0.0008232
 0.0010761  0.0009948
 0.0008670  0.0017640
 0.0008900  0.0017066
 0.0007390  0.0023801
 0.0002993  0.0030677
 0.0000333  0.0032466
-0.0000228  0.0031686
-0.0004654  0.0032643
-0.0005812  0.0028444
-0.0005857  0.0027277
-0.0006854  0.0024552
-0.0009176  0.0018976
-0.0011526  0.0012984
-0.0010577  0.0006068
-0.0010767 -0.0004107
-0.0004081 -0.0009666
 0.0002229 -0.0015028
 0.0007357 -0.0022530
 0.0008140 -0.0021367
 0.0008834 -0.0021132
 0.0007627 -0.0017842
 0.0004760 -0.0015330
-0.0000210 -0.0013206
-0.0006351 -0.0006847
-0.0009436 -0.0005091
-0.0012484 -0.0003730
-0.0015536 -0.0004436
-0.0016097 -0.0007505
-0.0015363 -0.0013222
-0.0010522 -0.0014756
-0.0009742 -0.0016298
-0.0003044 -0.0014962
 0.0005410 -0.0014829
 0.0012169 -0.0012984
 0.0015605 -0.0016146
 0.0014455 -0.0016986
 0.0017285 -0.0014960
 0.0018423 -0.0018828
 0.0012431 -0.0016539
 0.0010671 -0.0016732
 0.0008983 -0.0018654
 0.0006294 -0.0012683
 0.0005705 -0.0013244
 0.0008022 -0.0010312
 0.0005572 -0.0011645
 0.0005019 -0.0006840
 0.0002919 -0.0008156
-0.0000351 -0.0012363
-0.0002822 -0.0015452
-0.0004748 -0.0013122
-0.0009532 -0.0015472
-0.0009278 -0.0017576
-0.0008317 -0.0016300
-0.0009641 -0.0011771
-0.0010585 -0.0011020
-0.0011954 -0.0009126
-0.0013142 -0.0006655
-0.0016852 -0.0005703
-0.0018657 -0.0004968
-0.0016595 -0.0005198
-0.0012602 -0.0006325
-0.0013228 -0.0002889
-0.0008480  0.0000353
-0.0005581  0.0000188
-0.0005803  0.0000777
-0.0005036  0.0003115
-0.0001794  0.0002562
-0.0000062 -0.0001637
 0.0001666 -0.0007390
 0.0010476 -0.0007168
 0.0017162 -0.0007547
 0.0019088 -0.0008896
 0.0023682 -0.0009849
 0.0022725 -0.0006566
 0.0026032 -0.0005956
 0.0023727 -0.0007462
 0.0027430 -0.0005342
 0.0024991 -0.0007777
 0.0025222 -0.0006573
 0.0025840 -0.0004861
 0.0023793  0.0000335
 0.0021173  0.0000888
 0.0018198  0.0004340
 0.0016506  0.0006015
 0.0010987  0.0005987
 0.0008351  0.0006875
 0.0008908  0.0002603
 0.0008327 -0.0003393
 0.0004038 -0.0000878
 0.0002290 -0.0002763
 0.0000154 -0.0001988
-0.0003520  0.0000007
-0.0007137  0.0001166
-0.0007901  0.0002910
-0.0009633  0.0004295
-0.0008474  0.0003702
-0.0004481  0.0002559
 0.0000513  0.0005591
 0.0003945  0.0005704
 0.0003303  0.0009333
 0.0009779  0.0013883
 0.0009444  0.0013298
 0.0011172  0.0019782
 0.0014785  0.0022164
 0.0017111  0.0018765
 0.0014410  0.0023747
 0.0018027  0.0027232
 0.0017862  0.0026852
 0.0014781  0.0027970
 0.0014555  0.0029501
 0.0011329  0.0031019
 0.0012476  0.0033506
 0.0011923  0.0036776
 0.0011786  0.0036748
 0.0011414  0.0036360
 0.0014107  0.0037289
 0.0008358  0.0033598
 0.0006618  0.0035710
 0.0003142  0.0033049
-0.0003391  0.0029775
-0.0006088  0.0025572
-0.0004509  0.0021151
-0.0006456  0.0020779
 0.0000049  0.0019063
-0.0000129  0.0012745
 0.0006969  0.0013306
 0.0008887  0.0015030
 0.0009831  0.0013492
 0.0012339  0.0011953
 0.0007506  0.0017670
 0.0007914  0.0014206
 0.0005633  0.0012680
 0.0005629  0.0013415
 0.0003360  0.0012849
-0.0000880  0.0012098
-0.0000500  0.0013072
-0.0002039  0.0017105
-0.0010332  0.0022483
-0.0015520  0.0025568
-0.0020498  0.0026945
-0.0028771  0.0028515
-0.0030111  0.0022588
-0.0033188  0.0014607
-0.0034125  0.0004428
-0.0032586  0.0000464
-0.0029865 -0.0003343
-0.0025799 -0.0001607
-0.0023687 -0.0002923
-0.0018471  0.0000941
-0.0017147 -0.0000804
-0.0014038 -0.0002326
-0.0013258 -0.0006121
-0.0007480 -0.0011495
-0.0009984 -0.0012439
-0.0003633 -0.0016247
-0.0001715 -0.0012374
 0.0000401 -0.0011167
 0.0000784 -0.0013411
 0.0000986 -0.0010319
-0.0002231 -0.0006528
-0.0005659 -0.0005962
-0.0004323 -0.0004654
-0.0005606 -0.0006229
-0.0003466 -0.0008733
-0.0001318 -0.0014321
 0.0001561 -0.0014890
 0.0003648 -0.0014922
 0.0002856 -0.0012221
 0.0004770 -0.0012370
 0.0002020 -0.0007796
-0.0000301 -0.0006996
-0.0000887 -0.0004485
-0.0004351 -0.0002055
-0.0008183 -0.0000581
-0.0014691  0.0000714
-0.0017033  0.0003395
-0.0021595  0.0004126
-0.0026404  0.0006609
-0.0026977  0.0011236
-0.0028318  0.0011854
-0.0029634  0.0014196
-0.0029250  0.0017684
-0.0024207  0.0018250
-0.0021554  0.0025190
-0.0022463  0.0025896
-0.0022265  0.0027043
-0.0024364  0.0024721
-0.0027215  0.0025085
-0.0029710  0.0019909
-0.0031817  0.0018758
-0.0035830  0.0015310
-0.0035633  0.0014753
-0.0033541  0.0011305
-0.0033323  0.0010703
-0.0034094  0.0006637
-0.0030267  0.0007190
-0.0028377  0.0004307
-0.0027998  0.0000847
-0.0025196  0.0001017
-0.0023666 -0.0000336
-0.0020812 -0.0003582
-0.0017986 -0.0001850
-0.0015531 -0.0003759
-0.0013626 -0.0005992
-0.0010424 -0.0003097
-0.0011018 -0.0006702
-0.0012774 -0.0008030
-0.0010126 -0.0006084
-0.0009346 -0.0009714
-0.0006525 -0.0013154
-0.0002520 -0.0010251
-0.0000440 -0.0011801
-0.0000234 -0.0013690
 0.0001473 -0.0015624
 0.0001651 -0.0014680
-0.0000634 -0.0012011
 0.0001328 -0.0009738
 0.0000961 -0.0008426
-0.0001332 -0.0008495
 0.0002911 -0.0003545
 0.0003880 -0.0002217
 0.0008309  0.0001816
 0.0008120  0.0003181
 0.0006408  0.0005515
 0.0006242  0.0007138
 0.0000646  0.0008907
-0.0005701  0.0008168
-0.0008967  0.0006311
-0.0013792  0.0002484
-0.0019182 -0.0000766
-0.0022271 -0.0003851
-0.0026712 -0.0005575
-0.0028444 -0.0010767
-0.0030544 -0.0012862
-0.0032639 -0.0017700
-0.0033935 -0.0016726
-0.0032954 -0.0020994
-0.0032538 -0.0022363
-0.0032324 -0.0024144
-0.0032905 -0.0026490
-0.0032319 -0.0029377
-0.0035214 -0.0033269
-0.0036563 -0.0037513
-0.0035800 -0.0041373
-0.0036579 -0.0039265
-0.0035416 -0.0035381
-0.0033305 -0.0032312
-0.0033143 -0.0028650
-0.0028137 -0.0023276
-0.0026578 -0.0022679
-0.0023861 -0.0019017
-0.0019399 -0.0019396
-0.0016327 -0.0021475
-0.0014578 -0.0019545
-0.0007476 -0.0019311
-0.0002882 -0.0016561
-0.0000811 -0.0019613
 0.0002580 -0.0016880
 0.0005851 -0.0020509
 0.0006392 -0.0023755
 0.0005612 -0.0026065
 0.0002936 -0.0030470
 0.0000114 -0.0032953
 0.0001058 -0.0033142
 0.0001289 -0.0034095
 0.0000348 -0.0034850
 0.0002496 -0.0033324
 0.0004071 -0.0031996
 0.0003700 -0.0028709
 0.0005646 -0.0026787
 0.0007976 -0.0022972
 0.0007947 -0.0025887
 0.0009057 -0.0023832
 0.0009994 -0.0026521
 0.0014729 -0.0025593
 0.0015097 -0.0025399
 0.0020067 -0.0024753
 0.0020454 -0.0022266
 0.0022768 -0.0018369
 0.0022239 -0.0016815
 0.0023035 -0.0017158
 0.0019809 -0.0015062
 0.0020176 -0.0011845
 0.0018473 -0.0009762
 0.0018242 -0.0006346
 0.0020148 -0.0004840
 0.0020132 -0.0004142
 0.0020685 -0.0001284
 0.0020677 -0.0002063
 0.0015497 -0.0002095
 0.0017402 -0.0001930
 0.0012194 -0.0001938
 0.0005863 -0.0000473
 0.0003311  0.0000125
-0.0001538  0.0001227
-0.0005451  0.0000847
-0.0008725 -0.0000295
-0.0010078 -0.0003905
-0.0013687 -0.0008891
-0.0011172 -0.0012343
-0.0014216 -0.0014616
-0.0015532 -0.0016715
-0.0015677 -0.0018968
-0.0015847 -0.0019743
-0.0019488 -0.0025315
-0.0019274 -0.0026058
-0.0019060 -0.0034096
-0.0020405 -0.0037375
-0.0022496 -0.0045442
-0.0026542 -0.0046839
-0.0024051 -0.0050509
-0.0023510 -0.0052092
-0.0022581 -0.0051349
-0.0018225 -0.0048491
-0.0013465 -0.0050994
-0.0013069 -0.0045628
-0.0009028 -0.0042952
-0.0004211 -0.0039265
-0.0008188 -0.0040222
-0.0009338 -0.0035009
-0.0008571 -0.0036939
-0.0009520 -0.0038094
-0.0011054 -0.0045531
-0.0017656 -0.0046698
-0.0019021 -0.0051696
-0.0015807 -0.0054191
-0.0011786 -0.0054530
-0.0007232 -0.0049738
-0.0003416 -0.0044332
-0.0000372 -0.0034108
 0.0001594 -0.0025609
 0.0005628 -0.0020211
 0.0005091 -0.0017534
 0.0004393 -0.0012544
 0.0006561 -0.0011983
 0.0007889 -0.0010065
 0.0005237 -0.0008935
 0.0011406 -0.0008365
 0.0009694 -0.0011305
 0.0011992 -0.0014394
 0.0013110 -0.0017285
 0.0015630 -0.0016526
 0.0014479 -0.0019784
 0.0015452 -0.0015351
 0.0011447 -0.0016736
 0.0007777 -0.0015205
 0.0006820 -0.0013138
 0.0004506 -0.0012186
 0.0006614 -0.0012016
 0.0011410 -0.0010074
 0.0014656 -0.0007365
 0.0020806 -0.0010607
 0.0020987 -0.0011551
 0.0027722 -0.0014014
 0.0026563 -0.0018613
 0.0030386 -0.0016663
 0.0030548 -0.0021871
 0.0030152 -0.0020490
 0.0031274 -0.0014882
 0.0031262 -0.0011450
 0.0025282 -0.0003787
 0.0022783  0.0000618
 0.0016465  0.0005947
 0.0011350  0.0011701
 0.0005059  0.0014159
-0.0001429  0.0013764
-0.0006201  0.0014926
-0.0004663  0.0013990
-0.0005563  0.0012649
-0.0004997  0.0014789
-0.0001747  0.0017866
-0.0001570  0.0018439
 0.0001697  0.0018237
 0.0001297  0.0018176
 0.0003247  0.0017397
 0.0003437  0.0020433
 0.0001301  0.0020158
 0.0001886  0.0020146
 0.0001248  0.0020469
-0.0001930  0.0017682
-0.0004494  0.0015724
-0.0000013  0.0010491
-0.0004095  0.0008367
-0.0004532  0.0003744
-0.0007249 -0.0002166
-0.0008961 -0.0005804
-0.0008593 -0.0007314
-0.0008020 -0.0009050
-0.0003760 -0.0009970
-0.0003563 -0.0012243
 0.0000503 -0.0011646
 0.0006826 -0.0012590
 0.0009858 -0.0010265
 0.0011751 -0.0011020
 0.0017646 -0.0010232
 0.0020686 -0.0004640
 0.0023346 -0.0002109
 0.0022789  0.0001776
 0.0023932  0.0003536
 0.0022983  0.0003557
 0.0023977  0.0005095
 0.0023832  0.0001643
 0.0020804 -0.0000477
 0.0020238 -0.0003376
 0.0017408 -0.0005124
 0.0017598 -0.0004353
 0.0015309 -0.0002447
 0.0012814  0.0000023
 0.0011078  0.0005752
 0.0011486  0.0002527
 0.0008954  0.0007360
 0.0006644  0.0004489
 0.0000475  0.0002047
-0.0002404 -0.0000165
-0.0005484 -0.0004913
-0.0007584 -0.0007925
-0.0005852 -0.0007323
-0.0007572 -0.0013815
-0.0008730 -0.0014623
-0.0003724 -0.0015600
 0.0002385 -0.0020062
 0.0004666 -0.0016642
 0.0006018 -0.0013404
 0.0011198 -0.0011919
 0.0009313 -0.0010433
 0.0009487 -0.0006210
 0.0012034 -0.0004510
 0.0009168 -0.0003194
 0.0012640  0.0003290
 0.0010941  0.0003492
 0.0012095  0.0005950
 0.0015511  0.0005587
 0.0017429  0.0005979
 0.0017021  0.0008494
 0.0017755  0.0010985
 0.0019681  0.0010473
 0.0020061  0.0005890
 0.0017982  0.0002600
 0.0017449 -0.0000057
 0.0018034 -0.0003764
 0.0016290 -0.0004922
 0.0018455 -0.0009121
 0.0015406 -0.0008556
 0.0018475 -0.0008160
 0.0015629 -0.0010445
 0.0014139 -0.0005435
 0.0013764 -0.0004458
 0.0009403 -0.0003905
 0.0005366 -0.0005051
 0.0002128 -0.0000997
-0.0002099 -0.0003501
-0.0006565 -0.0005204
-0.0010207 -0.0005770
-0.0009436 -0.0009968
-0.0009848 -0.0008793
-0.0004688 -0.0008563
-0.0001195 -0.0009120
 0.0003416 -0.0005499
 0.0007647 -0.0004372
 0.0008604  0.0000351
 0.0013219  0.0000092
 0.0014022  0.0001360
 0.0014640 -0.0001600
 0.0015024  0.0002954
 0.0016841  0.0005190
 0.0019534  0.0008012
 0.0024169  0.0010091
 0.0024149  0.0017750
 0.0025716  0.0019462
 0.0023951  0.0022935
 0.0025449  0.0022616
 0.0024839  0.0023787
 0.0023119  0.0023670
 0.0021350  0.0022548
 0.0021334  0.0020864
 0.0022481  0.0019779
 0.0024968  0.0017893
 0.0026284  0.0018891
 0.0022667  0.0018524
 0.0022122  0.0020849
 0.0014891  0.0019864
 0.0011657  0.0018346
 0.0008229  0.0018181
 0.0003437  0.0019497
 0.0002121  0.0017191
 0.0000368  0.0014700
-0.0001755  0.0017450
-0.0003096  0.0016311
-0.0001170  0.0014753
-0.0000988  0.0014212
-0.0003859  0.0013622
-0.0000370  0.0012653
-0.0000754  0.0011870
-0.0001497  0.0006884
-0.0002458  0.0006480
-0.0000524  0.0002995
-0.0000681  0.0002240
-0.0003955  0.0005664
-0.0000709  0.0003932
-0.0001476  0.0009124
-0.0001315  0.0015620
-0.0003096  0.0019605
-0.0004622  0.0020978
-0.0007186  0.0024773
-0.0010493  0.0023441
-0.0012040  0.0020986
-0.0014002  0.0021358
-0.0016348  0.0021592
-0.0014846  0.0019739
-0.0013142  0.0020115
-0.0009892  0.0019347
-0.0011410  0.0018613
-0.0012904  0.0017091
-0.0012270  0.0016368
-0.0017975  0.0016574
-0.0020248  0.0016187
-0.0022888  0.0016372
-0.0025379  0.0020583
-0.0026183  0.0018104
-0.0023477  0.0017152
-0.0023126  0.0012549
-0.0022941  0.0010054
-0.0019654  0.0002964
-0.0018528 -0.0002620
-0.0019646 -0.0005499
-0.0014490 -0.0011829
-0.0008321 -0.0013731
-0.0005615 -0.0018697
-0.0000197 -0.0024047
 0.0004038 -0.0026921
 0.0007276 -0.0024636
 0.0006501 -0.0025387
 0.0008209 -0.0020009
 0.0008766 -0.0014853
 0.0005496 -0.0011971
 0.0002383 -0.0008539
 0.0002560 -0.0007598
 0.0000448 -0.0005886
 0.0000065 -0.0005144
 0.0000230 -0.0006125
-0.0001328 -0.0004615
-0.0002503 -0.0003621
-0.0003468 -0.0002826
-0.0006323  0.0002633
-0.0009234  0.0004212
-0.0010364  0.0010814
-0.0017413  0.0014080
-0.0017179  0.0016030
-0.0015988  0.0017766
-0.0015180  0.0016002
-0.0014566  0.0015029
-0.0014562  0.0012562
-0.0012789  0.0009877
-0.0011239  0.0006070
-0.0009115  0.0003244
-0.0006628  0.0001334
-0.0003758 -0.0001577
-0.0004363  0.0001363
-0.0004206  0.0002727
-0.0002510  0.0002384
-0.0001505  0.0001819
-0.0001921  0.0002340
-0.0005983  0.0002114
-0.0003831 -0.0001936
-0.0008664 -0.0003547
-0.0008070 -0.0007630
-0.0005595 -0.0012273
-0.0004295 -0.0013089
-0.0003920 -0.0012705
-0.0001865 -0.0014062
-0.0003626 -0.0015463
-0.0002701 -0.0014470
-0.0001995 -0.0016767
 0.0001271 -0.0016400
 0.0002765 -0.0014139
 0.0003694 -0.0009561
 0.0009600 -0.0002677
 0.0008813  0.0004998
 0.0008195  0.0016937
 0.0008389  0.0015791
 0.0006487  0.0019126
 0.0005522  0.0018945
 0.0005720  0.0016672
 0.0008252  0.0015884
 0.0010747  0.0016441
 0.0015955  0.0017725
 0.0019230  0.0018294
 0.0023841  0.0019639
 0.0025399  0.0021540
 0.0025787  0.0019832
 0.0029441  0.0019514
 0.0029465  0.0022788
 0.0028165  0.0024912
 0.0031020  0.0026656
 0.0030297  0.0031477
 0.0026655  0.0039128
 0.0022040  0.0041022
 0.0020321  0.0045435
 0.0013429  0.0045814
 0.0006876  0.0041768
 0.0002301  0.0035442
-0.0005625  0.0029115
-0.0007134  0.0024500
-0.0006218  0.0020063
-0.0005818  0.0017398
-0.0000650  0.0015650
 0.0001114  0.0014269
 0.0006472  0.0010380
 0.0008386  0.0010154
 0.0009504  0.0007804
 0.0010000  0.0004715
 0.0012455  0.0003383
 0.0013177 -0.0000469
 0.0013900  0.0000916
 0.0015042 -0.0000796
 0.0016003  0.0000363
 0.0018720  0.0004595
 0.0016423  0.0006500
 0.0021825  0.0007683
 0.0022588  0.0006165
 0.0022060  0.0005382
 0.0024349  0.0003307
 0.0022048  0.0004449
 0.0026279  0.0002915
 0.0023000  0.0003137
 0.0015717  0.0006937
 0.0013626  0.0009589
 0.0008870  0.0009952
 0.0004630  0.0013360
-0.0002254  0.0019246
-0.0006114  0.0016739
-0.0008968  0.0018236
-0.0014964  0.0020933
-0.0018799  0.0021152
-0.0022441  0.0019428
-0.0023402  0.0015818
-0.0018848  0.0013339
-0.0018868  0.0010263
-0.0012191  0.0007284
-0.0008585  0.0007869
-0.0009554  0.0008652
-0.0005351  0.0007744
-0.0005574  0.0004668
-0.0004282  0.0006743
-0.0005214  0.0002362
-0.0003519  0.0001736
-0.0004306 -0.0000573
-0.0001020 -0.0004413
-0.0002183 -0.0007700
 0.0000127 -0.0008648
 0.0000931 -0.0012254
 0.0000790 -0.0010703
 0.0000644 -0.0006064
 0.0000177 -0.0003891
 0.0001933 -0.0000782
 0.0000266  0.0008843
-0.0000457  0.0007002
-0.0001409  0.0009683
 0.0001477  0.0009869
 0.0009508  0.0012170
 0.0011789  0.0013842
 0.0019072  0.0017637
 0.0025161  0.0022970
 0.0024797  0.0027528
 0.0024854  0.0033834
 0.0023142  0.0038449
 0.0016622  0.0046508
 0.0007845  0.0044037
 0.0007457  0.0043117
 0.0003815  0.0039120
 0.0001336  0.0033895
 0.0002103  0.0027222
 0.0002681  0.0022990
-0.0000149  0.0014725
 0.0001426  0.0013422
 0.0000538  0.0008996
-0.0001517 -0.0000213
-0.0002829 -0.0000431
-0.0001085 -0.0004275
 0.0001984 -0.0009035
 0.0004842 -0.0007085
 0.0005407 -0.0009988
 0.0010014 -0.0010529
 0.0009796 -0.0011538
 0.0011116 -0.0011143
 0.0015150 -0.0009233
 0.0017261 -0.0006427
 0.0016106 -0.0005119
 0.0018545 -0.0005927
 0.0019275 -0.0001179
 0.0019639 -0.0006028
 0.0021895 -0.0002168
 0.0023389 -0.0000424
 0.0021826 -0.0001971
 0.0022743  0.0001094
 0.0020974  0.0002261
 0.0023885 -0.0000763
 0.0024628 -0.0002871
 0.0024273 -0.0005394
 0.0023558 -0.0008426
 0.0023546 -0.0011523
 0.0014947 -0.0014430
 0.0015120 -0.0013990
 0.0014175 -0.0017430
 0.0011882 -0.0018774
 0.0011486 -0.0019868
 0.0013841 -0.0018487
 0.0012064 -0.0013129
 0.0012306 -0.0013864
 0.0012496 -0.0008926
 0.0011127 -0.0003028
 0.0011325 -0.0001147
 0.0010158  0.0001659
 0.0009359  0.0005466
 0.0006080  0.0006374
 0.0009120  0.0010206
 0.0011393  0.0008527
 0.0012532  0.0007231
 0.0011946  0.0004934
 0.0020183  0.0002326
 0.0019205 -0.0001837
 0.0018430 -0.0003726
 0.0019016 -0.0012693
 0.0014990 -0.0013621
 0.0008672 -0.0014433
 0.0002720 -0.0013699
-0.0004910 -0.0012931
-0.0011794 -0.0012193
-0.0015973 -0.0012019
-0.0019404 -0.0008930
-0.0020135 -0.0007618
-0.0018782 -0.0009920
-0.0018548 -0.0005515
-0.0018366 -0.0000133
-0.0015492 -0.0000157
-0.0015863  0.0003121
-0.0019303  0.0007155
-0.0019686  0.0009068
-0.0026421  0.0011362
-0.0028694  0.0013263
-0.0033083  0.0011160
-0.0034249  0.0012323
-0.0037879  0.0010356
-0.0037681  0.0007094
-0.0036886  0.0008261
-0.0032642  0.0007118
-0.0031681  0.0004066
-0.0027632  0.0004829
-0.0023368  0.0005774
-0.0019112  0.0004046
-0.0015846  0.0004191
-0.0012939  0.0003185
-0.0007351  0.0003100
-0.0003176  0.0006491
 0.0000070  0.0007557
 0.0003506  0.0009268
 0.0008629  0.0012098
 0.0010716  0.0014622
 0.0013397  0.0012926
 0.0016058  0.0013157
 0.0015699  0.0019112
 0.0016668  0.0016298
 0.0019332  0.0020154
 0.0019126  0.0017469
 0.0022109  0.0019387
 0.0023833  0.0015200
 0.0026502  0.0013715
 0.0029950  0.0013339
 0.0034359  0.0012552
 0.0040351  0.0010432
 0.0040702  0.0011583
 0.0040875  0.0011377
 0.0040661  0.0009984
 0.0040794  0.0010178
 0.0039425  0.0012265
 0.0036655  0.0013964
 0.0029517  0.0015499
 0.0027340  0.0013218
 0.0021349  0.0009382
 0.0020537  0.0006374
 0.0015720  0.0001824
 0.0009987 -0.0006198
 0.0009789 -0.0014167
 0.0006151 -0.0019521
 0.0006394 -0.0027551
 0.0006863 -0.0031565
 0.0004263 -0.0034625
 0.0009548 -0.0035804
 0.0011955 -0.0035243
 0.0011071 -0.0034528
 0.0008678 -0.0032457
 0.0005856 -0.0034375
-0.0000438 -0.0030390
-0.0005202 -0.0030584
-0.0011529 -0.0029111
-0.0015720 -0.0030278
-0.0019955 -0.0024734
-0.0024187 -0.0024795
-0.0030348 -0.0023075
-0.0033239 -0.0022127
-0.0037850 -0.0021767
-0.0038621 -0.0022377
-0.0040975 -0.0024529
-0.0039679 -0.0023742
-0.0033773 -0.0028530
-0.0030369 -0.0028143
-0.0027354 -0.0028333
-0.0022577 -0.0023891
-0.0020458 -0.0018138
-0.0018338 -0.0013911
-0.0016008 -0.0011981
-0.0015778 -0.0007394
-0.0014401 -0.0005137
-0.0013407 -0.0004754
-0.0013775 -0.0004176
-0.0017808 -0.0002626
-0.0016290 -0.0006607
-0.0014946 -0.0008092
-0.0014982 -0.0008633
-0.0012152 -0.0012416
-0.0008563 -0.0018137
-0.0004768 -0.0015625
-0.0000012 -0.0021548
 0.0000702 -0.0024964
 0.0003581 -0.0023558
 0.0002414 -0.0026021
 0.0003638 -0.0025569
 0.0006129 -0.0025920
 0.0005217 -0.0023792
 0.0006384 -0.0023582
 0.0006767 -0.0018430
 0.0008822 -0.0017708
 0.0008600 -0.0019093
 0.0012209 -0.0017987
 0.0013121 -0.0020914
 0.0013489 -0.0016530
 0.0017906 -0.0019804
 0.0018120 -0.0019957
 0.0018342 -0.0015326
 0.0018766 -0.0012044
 0.0019384 -0.0011256
 0.0020579 -0.0008716
 0.0021762 -0.0006819
 0.0020454 -0.0005446
 0.0018945 -0.0002789
 0.0016878 -0.0002628
 0.0014209 -0.0001700
 0.0009182  0.0005164
 0.0005936  0.0000718
 0.0003812 -0.0001038
 0.0000162 -0.0003743
-0.0000984 -0.0010413
-0.0004796 -0.0012351
-0.0008244 -0.0014608
-0.0010109 -0.0020321
-0.0012442 -0.0019929
-0.0012438 -0.0023579
-0.0012862 -0.0029712
-0.0016165 -0.0028981
-0.0015810 -0.0029773
-0.0013723 -0.0034428
-0.0019905 -0.0029470
-0.0020874 -0.0026826
-0.0023434 -0.0028776
-0.0023074 -0.0025340
-0.0022166 -0.0022865
-0.0019518 -0.0020370
-0.0015686 -0.0016724
-0.0008237 -0.0013801
-0.0002863 -0.0009360
 0.0002304 -0.0005863
 0.0008248 -0.0002391
 0.0007654 -0.0002520
 0.0007485 -0.0000032
 0.0008841 -0.0002305
 0.0006721 -0.0001361
 0.0005187  0.0000920
 0.0007311  0.0003803
 0.0008458  0.0003581
 0.0010202  0.0003767
 0.0016351  0.0006468
 0.0019827  0.0006774
 0.0019101  0.0003847
 0.0019484  0.0007828
 0.0016041  0.0006661
 0.0011821  0.0008683
 0.0003593  0.0010778
-0.0005984  0.0012651
-0.0013259  0.0016467
-0.0017087  0.0012853
-0.0024374  0.0012058
-0.0022465  0.0009026
-0.0021746  0.0006971
-0.0021932  0.0003717
-0.0020591  0.0005122
-0.0019590  0.0004553
-0.0021863  0.0006091
-0.0022569  0.0005728
-0.0024059  0.0003455
-0.0029388  0.0001146
-0.0026658 -0.0004038
-0.0023982 -0.0002908
-0.0022298 -0.0002327
-0.0019287  0.0001739
-0.0014115  0.0002296
-0.0010118  0.0007190
-0.0010344  0.0005636
-0.0009940  0.0007788
-0.0011345  0.0013364
-0.0013651  0.0009900
-0.0018241  0.0009508
-0.0021722  0.0008559
-0.0020349  0.0005684
-0.0023442  0.0002951
-0.0022836  0.0002377
-0.0021063 -0.0001619
-0.0020482 -0.0003368
-0.0016832 -0.0002185
-0.0015620 -0.0005031
-0.0015253 -0.0000424
-0.0012378 -0.0003279
-0.0013505 -0.0002895
-0.0013444 -0.0003509
-0.0014397 -0.0004684
-0.0019387 -0.0010865
-0.0028201 -0.0012856
-0.0028742 -0.0016910
-0.0033679 -0.0022535
-0.0036146 -0.0026439
-0.0033800 -0.0027957
-0.0029028 -0.0033578
-0.0017509 -0.0037813
-0.0009466 -0.0039727
-0.0002183 -0.0041092
 0.0005674 -0.0040127
 0.0016369 -0.0039682
 0.0017500 -0.0038023
 0.0020648 -0.0033990
 0.0020373 -0.0032282
 0.0017216 -0.0028454
 0.0015778 -0.0022168
 0.0019334 -0.0016374
 0.0015825 -0.0011190
 0.0014214 -0.0006753
 0.0011343 -0.0003660
 0.0005776 -0.0002707
 0.0004839 -0.0005759
 0.0009313 -0.0004778
 0.0008526 -0.0006131
 0.0013924 -0.0006296
 0.0018773 -0.0005884
 0.0020877 -0.0001261
 0.0023961  0.0005494
 0.0027781  0.0011486
 0.0024312  0.0014946
 0.0028499  0.0022064
 0.0029282  0.0024216
 0.0026581  0.0027462
 0.0028148  0.0030943
 0.0026465  0.0033438
 0.0020744  0.0031726
 0.0019234  0.0031181
 0.0014066  0.0026788
 0.0009637  0.0030244
 0.0004461  0.0023183
 0.0001921  0.0015928
-0.0001737  0.0011915
-0.0002722  0.0004607
-0.0000421  0.0003452
-0.0000586  0.0001332
 0.0001158 -0.0000198
 0.0000786 -0.0002713
 0.0000552  0.0001696
-0.0000033 -0.0000840
-0.0001204  0.0000327
-0.0003348  0.0006254
-0.0006066  0.0005107
-0.0007192  0.0008543
-0.0006615  0.0010073
-0.0005642  0.0013129
-0.0006005  0.0013695
-0.0004644  0.0017522
-0.0002859  0.0014688
-0.0006840  0.0015669
-0.0009295  0.0015298
-0.0011519  0.0010711
-0.0015883  0.0005499
-0.0018721  0.0002999
-0.0021749 -0.0000275
-0.0021539 -0.0000295
-0.0022504 -0.0001991
-0.0023655 -0.0002019
-0.0024422  0.0001441
-0.0024777  0.0001082
-0.0027668  0.0005491
-0.0025730  0.0010073
-0.0024926  0.0010606
-0.0022480  0.0011373
-0.0017918  0.0011906
-0.0014861  0.0011361
-0.0008232  0.0009225
-0.0007357  0.0011353
-0.0002589  0.0010993
-0.0002080  0.0010828
-0.0003663  0.0009479
-0.0000591  0.0009488
 0.0001133  0.0011595
 0.0000358  0.0012519
 0.0007658  0.0016173
 0.0010359  0.0016379
 0.0012087  0.0018095
 0.0014776  0.0019452
 0.0021119  0.0016428
 0.0023788  0.0015839
 0.0029759  0.0017232
 0.0035735  0.0019162
 0.0040532  0.0022598
 0.0041307  0.0024164
 0.0043035  0.0025909
 0.0042264  0.0024043
 0.0035351  0.0023107
 0.0034721  0.0021359
 0.0030894  0.0019655
 0.0029121  0.0021948
 0.0027764  0.0021548
 0.0029509  0.0024807
 0.0027954  0.0032102
 0.0024123  0.0042652
 0.0021652  0.0048987
 0.0015164  0.0053957
 0.0013864  0.0059372
 0.0006645  0.0060369
 0.0001494  0.0058645
-0.0004631  0.0058261
-0.0011741  0.0057321
-0.0020716  0.0049436
-0.0025533  0.0043517
-0.0033580  0.0038720
-0.0041053  0.0034517
-0.0043375  0.0028041
-0.0043564  0.0020189
-0.0042785  0.0017104
-0.0037460  0.0014455
-0.0031682  0.0009251
-0.0027863  0.0005561
-0.0020253  0.0000368
-0.0013183 -0.0002325
-0.0010357  0.0001135
-0.0005989  0.0006142
-0.0004087  0.0005605
-0.0005274  0.0009263
-0.0010644  0.0011585
-0.0009485  0.0012760
-0.0013684  0.0011944
-0.0015978  0.0015025
-0.0017681  0.0013470
-0.0015969  0.0015150
-0.0017322  0.0013030
-0.0017471  0.0014354
-0.0016321  0.0008205
-0.0015715  0.0005346
-0.0015270  0.0002896
-0.0012573  0.0001333
-0.0013720 -0.0000774
-0.0017305 -0.0006734
-0.0020192 -0.0003916
-0.0020175 -0.0007974
-0.0021500 -0.0007461
-0.0023042 -0.0006198
-0.0023413 -0.0009852
-0.0026123 -0.0009905
-0.0026119 -0.0009566
-0.0025945 -0.0009553
-0.0025949 -0.0014027
-0.0029014 -0.0017330
-0.0024245 -0.0015210
-0.0021920 -0.0015594
-0.0021766 -0.0013482
-0.0017749 -0.0012852
-0.0015823 -0.0010527
-0.0015282 -0.0007813
-0.0013385 -0.0009731
-0.0009965 -0.0011128
-0.0008080 -0.0010741
-0.0004438 -0.0014807
-0.0000615 -0.0015957
 0.0000927 -0.0015557
-0.0002557 -0.0014411
-0.0002577 -0.0014798
-0.0002359 -0.0013450
-0.0002379 -0.0012299
-0.0001435 -0.0010353
 0.0001634 -0.0005883
 0.0005885 -0.0007736
 0.0014142  0.0000367
 0.0021858  0.0006977
 0.0026122  0.0010317
 0.0032675  0.0018602
 0.0033850  0.0023802
 0.0034609  0.0027831
 0.0031577  0.0026248
 0.0028698  0.0027787
 0.0022525  0.0026188
 0.0020219  0.0027665
 0.0014054  0.0025121
 0.0009629  0.0025234
 0.0003451  0.0022327
-0.0001915  0.0019973
-0.0008847  0.0012289
-0.0009990  0.0008074
-0.0017822  0.0003500
-0.0018412 -0.0003986
-0.0022409 -0.0008952
-0.0023564 -0.0017006
-0.0022005 -0.0022223
-0.0016647 -0.0024496
-0.0013381 -0.0027985
-0.0008237 -0.0028937
-0.0006905 -0.0030839
-0.0003284 -0.0032337
-0.0001588 -0.0032159
 0.0003378 -0.0035163
 0.0004327 -0.0030342
 0.0006430 -0.0028412
 0.0009346 -0.0026874
 0.0012232 -0.0021685
 0.0013016 -0.0019986
 0.0016246 -0.0019408
 0.0015454 -0.0014628
 0.0017953 -0.0015750
 0.0020210 -0.0013643
 0.0022467 -0.0013251
 0.0027667 -0.0013235
 0.0032237 -0.0011672
 0.0038576 -0.0005140
 0.0036287 -0.0007255
 0.0035338  0.0000210
 0.0032468  0.0003456
 0.0027691  0.0001954
 0.0026113  0.0008871
 0.0024005  0.0008875
 0.0024372  0.0010082
 0.0024966  0.0008576
 0.0024582  0.0004196
 0.0025555  0.0001180
 0.0027696 -0.0006677
 0.0032149 -0.0013746
 0.0034797 -0.0020069
 0.0033316 -0.0024886
 0.0035258 -0.0024180
 0.0035997 -0.0025387
 0.0036356 -0.0022032
 0.0034083 -0.0019009
 0.0034838 -0.0013308
 0.0036784 -0.0009884
 0.0038949 -0.0005835
 0.0037774  0.0000662
 0.0040330  0.0002979
 0.0037681  0.0006233
 0.0036712  0.0006770
 0.0033821  0.0008660
 0.0031879  0.0009390
 0.0029517  0.0010331
 0.0027970  0.0010880
 0.0024445  0.0009003
 0.0020973  0.0007880
 0.0022738  0.0008127
 0.0024684  0.0004154
 0.0023759  0.0004780
 0.0025487  0.0003456
 0.0026279 -0.0000557
 0.0025132  0.0001199
 0.0017445 -0.0001094
 0.0017631  0.0001434
 0.0016278 -0.0001739
 0.0017833 -0.0000544
 0.0017433  0.0001245
 0.0023412 -0.0000067
 0.0025573 -0.0000777
 0.0028847  0.0000596
 0.0029679  0.0003648
 0.0028924  0.0000777
 0.0030261  0.0002885
 0.0027039  0.0002065
 0.0026058  0.0001867
 0.0022012  0.0006421
 0.0017979  0.0005997
 0.0009694  0.0004834
 0.0007743  0.0007672
 0.0004077  0.0004951
 0.0002333  0.0000526
 0.0000423  0.0000134
 0.0000419 -0.0003185
 0.0002188 -0.0010110
 0.0005603 -0.0010889
 0.0010977 -0.0013215
 0.0012140 -0.0014167
 0.0014380 -0.0013421
 0.0017465 -0.0015330
 0.0018583 -0.0015367
 0.0017069 -0.0014455
 0.0016363 -0.0015997
 0.0014502 -0.0015250
 0.0009754 -0.0017628
 0.0010570 -0.0014455
 0.0010082 -0.0019490
 0.0008197 -0.0020092
 0.0011661 -0.0017666
 0.0013970 -0.0014379
 0.0015929 -0.0011448
 0.0014233 -0.0008125
 0.0013919 -0.0003457
 0.0013349 -0.0000675
 0.0010289  0.0005309
 0.0006994  0.0007687
 0.0007370  0.0007122
 0.0003098  0.0008446
-0.0000379  0.0009601
-0.0000370  0.0007457
 0.0000207  0.0007235
 0.0001135  0.0006246
-0.0000011  0.0003924
 0.0001709  0.0002353
 0.0000881  0.0003694
-0.0003754  0.0005006
-0.0006452  0.0003883
-0.0010481  0.0002939
-0.0012976 -0.0003033
-0.0014466 -0.0001527
-0.0013476 -0.0007688
-0.0013819 -0.0011144
-0.0014352 -0.0010353
-0.0013746 -0.0007878
-0.0012579 -0.0011116
-0.0007973 -0.0010119
-0.0008013 -0.0007801
-0.0007836 -0.0009311
-0.0000564 -0.0010837
 0.0000187 -0.0009476
 0.0001495 -0.0007930
 0.0004737 -0.0003497
 0.0005120 -0.0001966
 0.0003788 -0.0000981
 0.0002088  0.0001514
-0.0000403  0.0002273
-0.0003063  0.0003985
-0.0005575  0.0003238
-0.0007093 -0.0001962
-0.0010351 -0.0007155
-0.0009164 -0.0012892
-0.0010533 -0.0014656
-0.0014542 -0.0021209
-0.0015119 -0.0019877
-0.0020356 -0.0015658
-0.0022855 -0.0018186
-0.0025181 -0.0016441
-0.0028678 -0.0010272
-0.0033091 -0.0008717
-0.0038049 -0.0009254
-0.0038214 -0.0007498
-0.0040293 -0.0010748
-0.0040681 -0.0015161
-0.0035105 -0.0017813
-0.0037802 -0.0013945
-0.0030539 -0.0014902
-0.0025322 -0.0013727
-0.0021692 -0.0010436
-0.0016767 -0.0004913
-0.0017312 -0.0004719
-0.0017926  0.0000840
-0.0018972  0.0005976
-0.0020910  0.0009803
-0.0026688  0.0013037
-0.0028828  0.0009375
-0.0027677  0.0010291
-0.0025941  0.0009145
-0.0022130  0.0011034
-0.0014406  0.0010654
-0.0013053  0.0009136
-0.0010570  0.0007392
-0.0010566  0.0005886
-0.0011486  0.0005148
-0.0014741  0.0001498
-0.0016036 -0.0000977
-0.0019876 -0.0005184
-0.0030595 -0.0012686
-0.0032860 -0.0016946
-0.0034807 -0.0018121
-0.0036127 -0.0022570
-0.0033664 -0.0022009
-0.0034278 -0.0017394
-0.0032764 -0.0017427
-0.0034888 -0.0013805
-0.0035510 -0.0010522
-0.0035287 -0.0009360
-0.0032223 -0.0008758
-0.0033943 -0.0005629
-0.0033519 -0.0003909
-0.0033474 -0.0007542
-0.0027915 -0.0007942
-0.0028286 -0.0007393
-0.0026183 -0.0009166
