[PARAMETERS]
DW=1E-007
TAU=0.0001
TD=4096
BS=4096
NS=128
NSC=128
FR=56.290000
GAIN=4.974204
D0=0.05
D1=5E-006
D2=6E-006
D3=2.5E-005
D4=1E-005
D5=0.199999999999988
D6=0.001
D7=0.001
D8=0.001
D9=0.05
C0=1
SEGTD=0
SEGOFF=0
SEGNUM=0
[ADDITIONAL]
PPFILE=ZG_two_T2.PC
DATEWR=26.09.2024
TIMEWR=15:52:13
DATESTA=26.09.2024
TIMESTA=15:52:05
DATEEND=26.09.2024
TIMEEND=15:52:13
CURR_Z0=0
CURR_Z1=1
TE=-1
[VARIABLES]
_USER=Measurements
_EMAIL_F=7NMR.NMR-270-ijs.si
_ITC_H=1
_ITC_R0= 50.00
_ITC_R1= 49.99
_ITC_R2= 53.10
_ITC_R3=  0.00
_ITC_R4= -0.01
_ITC_V=  0.00
_ITC_X=X0A1C1S00H1
_FW=100
_ORIENT=?
_THETA=0
_TITLE=?
_DESCR1=?
_DESCR2=?
_FR_LARM=56.29000000
_FR_SYNT=526.29000000
_TRIMLEV=1.7724609375
_DATE=26.09.2024
_TIME=15:34:47
[PPFILE]
; pi/2 - pi


DELAY D9
PULSE [GT] 3u
PULSE [PHL1,GT] D1
DELAY TAU-3u
PULSE [GT] 3u
PULSE [PHL2,GT] 2*D1
DELAY TAU-D3
PULSE [TR] 1u+DW
DELAY 1m
STOP

;PHL 1 [+X] [+X] [+Y] [+Y] [-X] [-X] [-Y] [-Y]
;PHL 2 [+Y] [-Y] [-X] [+X] [-Y] [+Y] [+X] [-X]
;!RLS +X+X+Y+Y-X-X-Y-Y

PHL 1 [+X] [+X] [-X] [-X] [+Y] [+Y] [-Y] [-Y] [+X] [+X] [-X] [-X] [+Y] [+Y] [-Y] [-Y]
PHL 2 [+Y] [-Y] [-Y] [+Y] [-X] [+X] [+X] [-X] [+X] [-X] [-X] [+X] [-Y] [+Y] [+Y] [-Y]
!RLS +X+X-X-X+Y+Y-Y-Y-X-X+X+X-Y-Y+Y+Y
[DATA]
 0.0014346 -0.0008414
 0.0011867 -0.0008269
 0.0009796 -0.0010417
 0.0010518 -0.0012347
 0.0006877 -0.0016158
 0.0006122 -0.0024713
 0.0003598 -0.0027559
-0.0001755 -0.0031161
-0.0004981 -0.0036312
-0.0008974 -0.0041089
-0.0011849 -0.0043204
-0.0016605 -0.0044181
-0.0020820 -0.0046350
-0.0021179 -0.0044630
-0.0019419 -0.0044816
-0.0015228 -0.0046003
-0.0015809 -0.0046609
-0.0008376 -0.0047747
-0.0006124 -0.0045244
 0.0001551 -0.0042171
 0.0002468 -0.0038517
 0.0008972 -0.0029857
 0.0008395 -0.0024677
 0.0007652 -0.0018871
 0.0009990 -0.0010840
 0.0012505 -0.0006617
 0.0012138 -0.0002806
 0.0013309 -0.0000908
 0.0011577  0.0002734
 0.0013272  0.0002717
 0.0013207  0.0004660
 0.0014293  0.0005273
 0.0014426  0.0006602
 0.0009605  0.0004127
 0.0011087  0.0002415
 0.0009145  0.0000913
 0.0008394 -0.0001945
 0.0009540  0.0000191
 0.0005354 -0.0001509
 0.0006557 -0.0000168
 0.0008899  0.0001911
 0.0007373 -0.0000250
 0.0007022 -0.0004687
 0.0009137 -0.0005491
 0.0007034 -0.0007082
 0.0009747 -0.0012052
 0.0013938 -0.0012092
 0.0012049 -0.0011099
 0.0014540 -0.0012040
 0.0015072 -0.0016444
 0.0011039 -0.0019868
 0.0011826 -0.0025222
 0.0012367 -0.0028225
 0.0010050 -0.0027244
 0.0008867 -0.0027191
 0.0014043 -0.0024123
 0.0010017 -0.0021014
 0.0010829 -0.0017376
 0.0008742 -0.0016052
 0.0011096 -0.0014501
 0.0013607 -0.0007989
 0.0009969 -0.0006261
 0.0009635 -0.0004912
 0.0011007  0.0000784
 0.0011003  0.0003659
 0.0011044  0.0002633
 0.0007006  0.0006457
 0.0004548  0.0002580
 0.0003179  0.0000436
 0.0000890 -0.0001687
-0.0000261 -0.0005350
-0.0001811 -0.0004764
-0.0001646 -0.0002689
 0.0000813 -0.0000581
 0.0002731  0.0001328
-0.0000726  0.0007065
-0.0000750  0.0010715
-0.0004375  0.0010954
-0.0004400  0.0005798
-0.0008611  0.0002576
-0.0003653 -0.0000843
-0.0002478 -0.0002555
-0.0000988 -0.0006185
-0.0001009 -0.0004436
-0.0002547 -0.0004614
-0.0006185 -0.0004198
-0.0007719 -0.0001686
-0.0012309 -0.0002841
-0.0016286  0.0001547
-0.0016868  0.0005706
-0.0013185  0.0011410
-0.0010508  0.0015020
-0.0006495  0.0021112
-0.0000330  0.0020325
 0.0004236  0.0025093
 0.0010377  0.0027737
 0.0010749  0.0029288
 0.0010926  0.0027749
 0.0012061  0.0031783
 0.0012222  0.0026635
 0.0013777  0.0023567
 0.0014883  0.0020143
 0.0014927  0.0015936
 0.0018932  0.0013122
 0.0019308  0.0010841
 0.0019869  0.0004765
 0.0021750  0.0007248
 0.0021399  0.0008447
 0.0022691  0.0013656
 0.0022695  0.0016312
 0.0020547  0.0021262
 0.0017886  0.0026458
 0.0015585  0.0026822
 0.0006561  0.0028877
-0.0001655  0.0028154
-0.0011829  0.0027742
-0.0021390  0.0023713
-0.0031726  0.0016211
-0.0033280  0.0015662
-0.0037096  0.0011463
-0.0034794  0.0008015
-0.0030741  0.0003614
-0.0024180 -0.0000782
-0.0016900 -0.0002692
-0.0014401 -0.0001747
-0.0008268 -0.0005603
-0.0006403 -0.0004069
-0.0003593 -0.0001243
 0.0000957  0.0000505
 0.0003432  0.0005132
 0.0007251  0.0008346
 0.0007449  0.0014309
 0.0006298  0.0016199
 0.0004797  0.0017745
 0.0002673  0.0022187
 0.0000178  0.0021815
-0.0005551  0.0017080
-0.0004817  0.0015008
-0.0008689  0.0016051
-0.0006775  0.0013225
-0.0008895  0.0012659
-0.0010429  0.0016677
-0.0012133  0.0015736
-0.0013631  0.0015142
-0.0020312  0.0018409
-0.0020821  0.0016116
-0.0025391  0.0014234
-0.0026901  0.0015583
-0.0026130  0.0012514
-0.0032287  0.0014436
-0.0027519  0.0011166
-0.0027939  0.0009421
-0.0027810  0.0009195
-0.0026106  0.0007281
-0.0024992  0.0004948
-0.0027665  0.0004956
-0.0030523  0.0002477
-0.0030499 -0.0002703
-0.0036240 -0.0002550
-0.0037411 -0.0005429
-0.0037827 -0.0013900
-0.0035587 -0.0016423
-0.0035466 -0.0017965
-0.0035293 -0.0019286
-0.0029337 -0.0021781
-0.0026648 -0.0021554
-0.0019526 -0.0023460
-0.0017023 -0.0024050
-0.0006820 -0.0021946
-0.0003727 -0.0020787
-0.0004070 -0.0016241
-0.0003109 -0.0015103
-0.0003617 -0.0017033
-0.0006484 -0.0016084
-0.0004150 -0.0017396
-0.0006831 -0.0015507
-0.0005272 -0.0018947
-0.0005809 -0.0012402
-0.0005446 -0.0008364
-0.0003524 -0.0004521
-0.0000859 -0.0000511
-0.0002483  0.0002747
 0.0001300  0.0004410
 0.0001481  0.0004785
 0.0002604  0.0003433
 0.0002253  0.0002839
 0.0001837 -0.0000831
-0.0000420 -0.0000423
 0.0000949 -0.0000060
-0.0004033 -0.0000649
-0.0004207 -0.0000229
-0.0002685 -0.0002159
-0.0003654  0.0003594
-0.0003832  0.0000946
 0.0001130  0.0004995
 0.0001461  0.0010131
 0.0004934  0.0010102
 0.0008155  0.0007203
 0.0010977  0.0005657
 0.0010949  0.0008903
 0.0011671  0.0006206
 0.0011659  0.0006961
 0.0009515  0.0007906
 0.0006838  0.0006198
 0.0008364  0.0005588
 0.0008340  0.0002314
 0.0009115  0.0003493
 0.0013718 -0.0001506
 0.0014291 -0.0003004
 0.0019871 -0.0003928
 0.0020045 -0.0007921
 0.0019104 -0.0008462
 0.0016988 -0.0011473
 0.0021252 -0.0017566
 0.0020691 -0.0022156
 0.0025463 -0.0027288
 0.0029364 -0.0032052
 0.0032622 -0.0040453
 0.0040338 -0.0038305
 0.0048207 -0.0044257
 0.0053997 -0.0046950
 0.0063941 -0.0046017
 0.0073522 -0.0047951
 0.0084488 -0.0043926
 0.0089276 -0.0045460
 0.0097380 -0.0042448
 0.0102980 -0.0038262
 0.0109347 -0.0035456
 0.0113191 -0.0039207
 0.0120240 -0.0037907
 0.0126712 -0.0037407
 0.0137794 -0.0039531
 0.0148590 -0.0037213
 0.0156414 -0.0036652
 0.0163702 -0.0039103
 0.0169047 -0.0038295
 0.0174090 -0.0039252
 0.0178556 -0.0038868
 0.0181411 -0.0040205
 0.0185901 -0.0038295
 0.0190883 -0.0037120
 0.0196830 -0.0037500
 0.0201841 -0.0038671
 0.0211236 -0.0039244
 0.0219670 -0.0041969
 0.0227898 -0.0041998
 0.0235731 -0.0042232
 0.0243151 -0.0036063
 0.0251021 -0.0037803
 0.0260351 -0.0033023
 0.0268171 -0.0029530
 0.0276464 -0.0031032
 0.0288173 -0.0031189
 0.0294912 -0.0031371
 0.0307610 -0.0033309
 0.0318802 -0.0034072
 0.0333196 -0.0032731
 0.0348171 -0.0030414
 0.0363142 -0.0024677
 0.0377931 -0.0020304
 0.0391360 -0.0017805
 0.0400916 -0.0013194
 0.0414300 -0.0009201
 0.0428080 -0.0006920
 0.0440677 -0.0007138
 0.0453435 -0.0006004
 0.0466261 -0.0001628
 0.0477921 -0.0001042
 0.0486715  0.0000294
 0.0492848 -0.0000106
 0.0501315 -0.0001095
 0.0505950 -0.0002225
 0.0512882 -0.0003957
 0.0520953 -0.0007232
 0.0531519 -0.0005629
 0.0539211 -0.0000457
 0.0542550  0.0006452
 0.0548703  0.0014147
 0.0554869  0.0023304
 0.0564095  0.0030987
 0.0573522  0.0036155
 0.0588663  0.0039228
 0.0603440  0.0044775
 0.0620345  0.0048251
 0.0640504  0.0050940
 0.0656311  0.0054235
 0.0671876  0.0060195
 0.0689734  0.0066142
 0.0703982  0.0070567
 0.0713942  0.0077455
 0.0725990  0.0082449
 0.0741151  0.0082453
 0.0754721  0.0083794
 0.0771597  0.0088978
 0.0785401  0.0093040
 0.0801317  0.0098983
 0.0814564  0.0102855
 0.0825502  0.0107482
 0.0837788  0.0114580
 0.0851547  0.0124972
 0.0864374  0.0133229
 0.0879825  0.0149359
 0.0893952  0.0162016
 0.0907142  0.0174282
 0.0923570  0.0189608
 0.0938149  0.0204180
 0.0948065  0.0216058
 0.0961457  0.0223733
 0.0973101  0.0231610
 0.0981786  0.0235841
 0.0992719  0.0244502
 0.1005228  0.0251390
 0.1017199  0.0255476
 0.1030285  0.0266773
 0.1042583  0.0275619
 0.1057405  0.0285987
 0.1068189  0.0298645
 0.1075089  0.0308028
 0.1084686  0.0318235
 0.1093722  0.0333767
 0.1103497  0.0345253
 0.1108665  0.0354443
 0.1113841  0.0367451
 0.1122308  0.0375849
 0.1126741  0.0379144
 0.1131509  0.0385805
 0.1133217  0.0389443
 0.1140682  0.0391332
 0.1142131  0.0392822
 0.1148046  0.0395264
 0.1148574  0.0402927
 0.1152172  0.0409589
 0.1152692  0.0415758
 0.1155906  0.0423046
 0.1158183  0.0430939
 0.1161639  0.0439430
 0.1162031  0.0449484
 0.1166452  0.0456780
 0.1164942  0.0461460
 0.1162487  0.0467270
 0.1159827  0.0474400
 0.1157941  0.0477501
 0.1150488  0.0480009
 0.1144594  0.0480323
 0.1137363  0.0482625
 0.1129518  0.0485810
 0.1121322  0.0488854
 0.1109291  0.0485353
 0.1100477  0.0488595
 0.1090707  0.0489536
 0.1081727  0.0487618
 0.1066752  0.0491058
 0.1060785  0.0493525
 0.1048713  0.0494267
 0.1035474  0.0499378
 0.1026454  0.0503331
 0.1014548  0.0503872
 0.1005500  0.0508801
 0.0998991  0.0506883
 0.0990133  0.0502220
 0.0980467  0.0496603
 0.0975283  0.0490866
 0.0970058  0.0487373
 0.0963868  0.0485032
 0.0959043  0.0482310
 0.0950770  0.0480566
 0.0945962  0.0482463
 0.0938452  0.0480009
 0.0930978  0.0481563
 0.0923505  0.0483279
 0.0916399  0.0480251
 0.0903944  0.0481002
 0.0894395  0.0477158
 0.0879852  0.0474724
 0.0864716  0.0473957
 0.0851687  0.0470150
 0.0834484  0.0464631
 0.0819533  0.0463710
 0.0803432  0.0464898
 0.0788320  0.0459758
 0.0768964  0.0458454
 0.0750359  0.0455010
 0.0735259  0.0453137
 0.0722243  0.0450258
 0.0711313  0.0446035
 0.0702532  0.0441061
 0.0692980  0.0438707
 0.0685502  0.0433301
 0.0677072  0.0427317
 0.0668852  0.0418063
 0.0657353  0.0411320
 0.0648511  0.0401723
 0.0631994  0.0393062
 0.0622453  0.0385755
 0.0606146  0.0375217
 0.0592532  0.0372883
 0.0579693  0.0366334
 0.0562985  0.0361905
 0.0551620  0.0354383
 0.0542426  0.0346671
 0.0530504  0.0341124
 0.0519937  0.0335322
 0.0512093  0.0326504
 0.0499217  0.0325753
 0.0486721  0.0321360
 0.0475602  0.0316741
 0.0461640  0.0317928
 0.0449528  0.0316027
 0.0440484  0.0311856
 0.0425561  0.0306487
 0.0418629  0.0301541
 0.0411386  0.0291056
 0.0402003  0.0285702
 0.0395482  0.0277498
 0.0387299  0.0270255
 0.0375619  0.0265879
 0.0366090  0.0261099
 0.0357160  0.0250722
 0.0345496  0.0246879
 0.0336578  0.0238057
 0.0329133  0.0229041
 0.0319819  0.0222323
 0.0314481  0.0214829
 0.0309297  0.0210804
 0.0304501  0.0209257
 0.0299462  0.0206709
 0.0293821  0.0204355
 0.0287239  0.0196474
 0.0282184  0.0192461
 0.0279806  0.0187256
 0.0273850  0.0180744
 0.0265388  0.0177680
 0.0259792  0.0174570
 0.0254208  0.0174546
 0.0251708  0.0171268
 0.0241098  0.0170299
 0.0238372  0.0169915
 0.0234327  0.0166326
 0.0224879  0.0168236
 0.0222335  0.0167525
 0.0214688  0.0161688
 0.0205430  0.0156532
 0.0198501  0.0152039
 0.0186441  0.0141962
 0.0179352  0.0132219
 0.0175726  0.0123063
 0.0167910  0.0112323
 0.0164478  0.0104656
 0.0159508  0.0100614
 0.0152281  0.0095442
 0.0145200  0.0094441
 0.0133935  0.0092313
 0.0122824  0.0090589
 0.0109622  0.0088841
 0.0100764  0.0084242
 0.0088251  0.0079421
 0.0084153  0.0075973
 0.0079098  0.0070765
 0.0073061  0.0064834
 0.0071313  0.0060392
 0.0069028  0.0055414
 0.0065810  0.0047509
 0.0061813  0.0047125
 0.0068241  0.0040815
 0.0067349  0.0035792
 0.0071023  0.0036341
 0.0074875  0.0030737
 0.0074855  0.0027640
 0.0077132  0.0029537
 0.0075186  0.0030329
 0.0073825  0.0031071
 0.0074007  0.0033760
 0.0071697  0.0029933
 0.0066905  0.0029331
 0.0068972  0.0029690
 0.0072210  0.0028168
 0.0069278  0.0026420
 0.0072120  0.0026606
 0.0071127  0.0027571
 0.0070909  0.0023711
 0.0073586  0.0027328
 0.0071450  0.0022144
 0.0071074  0.0023896
 0.0065470  0.0023368
 0.0059325  0.0019742
 0.0053394  0.0017098
 0.0049344  0.0014243
 0.0048218  0.0009669
 0.0046316  0.0005834
 0.0047689  0.0004877
 0.0043874 -0.0000820
 0.0041617 -0.0004070
 0.0037838 -0.0008450
 0.0034007 -0.0007865
 0.0033854 -0.0012447
 0.0030926 -0.0015548
 0.0026703 -0.0011345
 0.0025544 -0.0017127
 0.0023433 -0.0016170
 0.0025524 -0.0016195
 0.0023961 -0.0019869
 0.0026481 -0.0024690
 0.0023945 -0.0022780
 0.0024712 -0.0023358
 0.0023933 -0.0024108
 0.0021405 -0.0018549
 0.0016964 -0.0016199
 0.0008732 -0.0015985
 0.0007153 -0.0013469
 0.0001383 -0.0014026
 0.0001169 -0.0016893
-0.0001165 -0.0015718
 0.0000951 -0.0017462
 0.0002312 -0.0017280
 0.0006147 -0.0013061
 0.0005017 -0.0012298
 0.0012365 -0.0011890
 0.0007593 -0.0014583
 0.0004198 -0.0016654
 0.0000427 -0.0015116
-0.0001825 -0.0019505
-0.0007110 -0.0022359
-0.0006476 -0.0023316
-0.0005430 -0.0024232
-0.0007711 -0.0022714
-0.0002866 -0.0019646
-0.0004053 -0.0016630
-0.0000387 -0.0014373
-0.0002103 -0.0017083
-0.0002300 -0.0016958
-0.0000580 -0.0019086
 0.0000183 -0.0018767
 0.0004228 -0.0018036
 0.0009400 -0.0017875
 0.0010192 -0.0015045
 0.0012238 -0.0014924
 0.0016994 -0.0015522
 0.0012916 -0.0015207
 0.0013033 -0.0015789
 0.0010110 -0.0017492
 0.0005305 -0.0013818
 0.0003355 -0.0012821
 0.0001276 -0.0012384
-0.0002556 -0.0009865
 0.0000912 -0.0007531
-0.0000787 -0.0008698
-0.0000436 -0.0004495
 0.0007380 -0.0002537
 0.0007170 -0.0002379
 0.0010779 -0.0001790
 0.0018018 -0.0002702
 0.0021087 -0.0004797
 0.0024131 -0.0001123
 0.0025677 -0.0000283
 0.0028544  0.0005676
 0.0027789  0.0008373
 0.0031237  0.0014196
 0.0029549  0.0011733
 0.0028584  0.0011890
 0.0029949  0.0007716
 0.0024171  0.0004833
 0.0017267  0.0001365
 0.0011316 -0.0002446
 0.0009204 -0.0006678
 0.0005595 -0.0007602
 0.0003900 -0.0013558
 0.0003548 -0.0010275
 0.0007635 -0.0007998
 0.0010385 -0.0007631
 0.0013857 -0.0002108
 0.0019251  0.0001712
 0.0023276  0.0005362
 0.0023797  0.0010881
 0.0020680  0.0017373
 0.0023357  0.0021451
 0.0016408  0.0024156
 0.0014490  0.0026268
 0.0015992  0.0025117
 0.0015378  0.0025723
 0.0019173  0.0023652
 0.0020311  0.0020959
 0.0023719  0.0024637
 0.0025245  0.0029050
 0.0024102  0.0027205
 0.0023884  0.0028570
 0.0019726  0.0026269
 0.0016480  0.0019413
 0.0014946  0.0015953
 0.0015963  0.0007495
 0.0017171 -0.0000564
 0.0019060 -0.0004420
 0.0023324 -0.0008470
 0.0026611 -0.0012519
 0.0027402 -0.0012358
 0.0023240 -0.0015092
 0.0019004 -0.0014131
 0.0015330 -0.0010711
 0.0012799 -0.0007857
 0.0010687 -0.0002669
 0.0013319 -0.0005370
 0.0014861 -0.0003832
 0.0021935  0.0000553
 0.0022323  0.0001502
 0.0028274  0.0005115
 0.0029243  0.0011038
 0.0022718  0.0016610
 0.0018887  0.0020668
 0.0016210  0.0022028
 0.0011385  0.0021302
 0.0011587  0.0021722
 0.0006552  0.0016909
 0.0002486  0.0016756
 0.0000370  0.0009993
-0.0003312  0.0010748
-0.0006054  0.0011168
-0.0004528  0.0012892
 0.0000091  0.0015411
 0.0001262  0.0019292
 0.0005320  0.0022780
 0.0007509  0.0025138
 0.0011777  0.0029398
 0.0010130  0.0030606
 0.0005753  0.0026217
-0.0000763  0.0028167
-0.0007065  0.0023932
-0.0016699  0.0022620
-0.0023632  0.0022801
-0.0031295  0.0022394
-0.0037650  0.0019890
-0.0040767  0.0018352
-0.0044409  0.0015049
-0.0044578  0.0007333
-0.0041530  0.0006328
-0.0039055  0.0003800
-0.0034238  0.0003202
-0.0028263  0.0003566
-0.0022505  0.0004333
-0.0023236  0.0004090
-0.0020175  0.0006832
-0.0022105  0.0005439
-0.0021310  0.0006820
-0.0019420  0.0006432
-0.0015977  0.0009909
-0.0013494  0.0011463
-0.0010748  0.0014540
-0.0005927  0.0020887
-0.0007198  0.0024104
-0.0010255  0.0026551
-0.0011579  0.0025000
-0.0014260  0.0023446
-0.0015604  0.0025166
-0.0019840  0.0025311
-0.0016755  0.0027212
-0.0017328  0.0028363
-0.0016953  0.0032170
-0.0015560  0.0031359
-0.0012895  0.0032259
-0.0013832  0.0027054
-0.0011514  0.0023541
-0.0004800  0.0020671
-0.0003677  0.0013573
-0.0003112  0.0008175
-0.0000246  0.0007040
-0.0001953  0.0000156
-0.0001570 -0.0003627
-0.0001574 -0.0001701
-0.0004263 -0.0004971
-0.0009261 -0.0006134
-0.0008935 -0.0003469
-0.0007772 -0.0005787
-0.0005850 -0.0006021
 0.0001155 -0.0005101
 0.0003666 -0.0002985
 0.0005007 -0.0004866
 0.0006327  0.0000560
 0.0004643  0.0002910
 0.0002790  0.0007554
-0.0004267  0.0011611
-0.0013428  0.0015798
-0.0018167  0.0010412
-0.0022597  0.0014405
-0.0028330  0.0011316
-0.0032016  0.0009798
-0.0033195  0.0005628
-0.0033203  0.0003363
-0.0027515  0.0003981
-0.0027172  0.0002648
-0.0023728  0.0001284
-0.0017995  0.0000698
-0.0011656 -0.0000671
-0.0004570 -0.0005439
 0.0000816 -0.0010607
 0.0008087 -0.0009424
 0.0009452 -0.0016279
 0.0013308 -0.0015528
 0.0013122 -0.0015661
 0.0013320 -0.0013768
 0.0011976 -0.0014349
 0.0009109 -0.0012888
 0.0006997 -0.0013514
 0.0006073 -0.0013789
 0.0002613 -0.0012101
 0.0001624 -0.0008876
-0.0004877 -0.0008488
-0.0015039 -0.0005807
-0.0014256 -0.0002702
-0.0018854  0.0000379
-0.0021354 -0.0004236
-0.0018919 -0.0000546
-0.0017203  0.0004222
-0.0014749  0.0002874
-0.0012262  0.0004581
-0.0007106  0.0003443
-0.0008467  0.0000205
-0.0009052  0.0003051
-0.0007530 -0.0002294
-0.0007490 -0.0001870
-0.0008871 -0.0002782
-0.0011547 -0.0003331
-0.0011903 -0.0000247
-0.0005931  0.0001526
-0.0009940  0.0004966
-0.0005894  0.0005721
-0.0002806  0.0006609
-0.0005850  0.0000435
-0.0005083 -0.0000780
-0.0005156 -0.0004236
-0.0008212 -0.0008488
-0.0012472 -0.0012114
-0.0015762 -0.0009965
-0.0017696 -0.0016845
-0.0018451 -0.0017761
-0.0018657 -0.0023911
-0.0018282 -0.0029252
-0.0016372 -0.0031404
-0.0015048 -0.0032389
-0.0011088 -0.0036439
-0.0012238 -0.0035511
-0.0010531 -0.0033440
-0.0007688 -0.0034191
-0.0000599 -0.0029580
 0.0002841 -0.0023814
 0.0005542 -0.0018255
 0.0011138 -0.0014411
 0.0012689 -0.0010535
 0.0011187 -0.0004947
 0.0011962 -0.0001083
 0.0013287  0.0001788
 0.0009806  0.0002773
 0.0011477  0.0007755
 0.0011425  0.0011413
 0.0010815  0.0016032
 0.0012902  0.0017910
 0.0014650  0.0019630
 0.0015075  0.0024802
 0.0014659  0.0029202
 0.0014336  0.0033256
 0.0010533  0.0035953
 0.0007662  0.0041707
 0.0005175  0.0042522
 0.0003124  0.0042535
-0.0000340  0.0045215
-0.0001103  0.0042906
-0.0002435  0.0036531
-0.0004506  0.0033644
-0.0003319  0.0023263
-0.0000416  0.0021144
 0.0001518  0.0017312
 0.0004239  0.0016751
 0.0007312  0.0012576
 0.0014830  0.0009532
 0.0019082  0.0007417
 0.0025776  0.0005123
 0.0030176  0.0006088
 0.0035938  0.0003758
 0.0042785  0.0006250
 0.0046241  0.0005648
 0.0049842  0.0012168
 0.0049079  0.0012725
 0.0043318  0.0011934
 0.0037593  0.0015378
 0.0033794  0.0011332
 0.0026947  0.0009217
 0.0023911  0.0007258
 0.0024557  0.0000746
 0.0022869 -0.0004846
 0.0027650 -0.0005032
 0.0030694 -0.0006207
 0.0031081 -0.0004067
 0.0033177 -0.0001345
 0.0029147 -0.0000183
 0.0024375  0.0000395
 0.0018053 -0.0001176
 0.0013256  0.0000366
 0.0010018 -0.0002504
 0.0003279 -0.0001766
 0.0000986 -0.0004430
-0.0000867 -0.0005149
-0.0002962 -0.0004559
-0.0001960 -0.0005124
-0.0003648 -0.0009513
-0.0002897 -0.0008786
-0.0001185 -0.0013434
-0.0001383 -0.0012727
 0.0000094 -0.0010830
-0.0000495 -0.0011246
-0.0001638 -0.0013152
-0.0005296 -0.0011686
-0.0004718 -0.0009914
-0.0007214 -0.0008961
-0.0007828 -0.0010301
-0.0008599 -0.0012380
-0.0005579 -0.0013870
-0.0003484 -0.0017879
-0.0002204 -0.0017814
 0.0001446 -0.0018165
 0.0001640 -0.0018932
 0.0003170 -0.0013906
 0.0003941 -0.0012690
 0.0003376 -0.0010740
 0.0000542 -0.0011289
-0.0003492 -0.0008596
-0.0001190 -0.0009508
-0.0003706 -0.0010663
-0.0009084 -0.0010275
-0.0008337 -0.0012734
-0.0010461 -0.0012560
-0.0013117 -0.0016008
-0.0006766 -0.0022182
-0.0007513 -0.0025476
-0.0010145 -0.0028602
-0.0008760 -0.0033422
-0.0008158 -0.0037852
-0.0011049 -0.0039431
-0.0012789 -0.0043084
-0.0013544 -0.0037319
-0.0015317 -0.0038098
-0.0018402 -0.0031973
-0.0019407 -0.0027399
-0.0020437 -0.0021048
-0.0023760 -0.0017798
-0.0023030 -0.0016490
-0.0023866 -0.0014919
-0.0025796 -0.0014132
-0.0023519 -0.0014858
-0.0017245 -0.0011753
-0.0015686 -0.0010962
-0.0015048 -0.0009811
-0.0016368 -0.0003699
-0.0015738 -0.0003319
-0.0018391 -0.0007042
-0.0017842 -0.0007289
-0.0018205 -0.0008670
-0.0017890 -0.0010818
-0.0010651 -0.0011989
-0.0008976 -0.0012925
-0.0006877 -0.0014811
-0.0003235 -0.0012295
-0.0003412 -0.0006889
-0.0010894 -0.0004410
-0.0015266 -0.0000946
-0.0020184  0.0005950
-0.0025723  0.0009233
-0.0030612  0.0010400
-0.0034794  0.0007327
-0.0040116  0.0008062
-0.0039134  0.0008454
-0.0045485  0.0006911
-0.0048170  0.0006091
-0.0047593  0.0006108
-0.0046681  0.0008458
-0.0046907  0.0007133
-0.0039837  0.0009076
-0.0034835  0.0012613
-0.0027955  0.0015286
-0.0022388  0.0021310
-0.0023877  0.0024919
-0.0019068  0.0026865
-0.0021023  0.0030305
-0.0020070  0.0027616
-0.0020312  0.0022630
-0.0021871  0.0018233
-0.0019784  0.0014083
-0.0020390  0.0010502
-0.0016970  0.0009215
-0.0018771  0.0003712
-0.0016635  0.0001637
-0.0017204 -0.0004141
-0.0021007 -0.0007811
-0.0021153 -0.0010504
-0.0024019 -0.0015931
-0.0024370 -0.0014974
-0.0026292 -0.0016896
-0.0029138 -0.0017494
-0.0029163 -0.0017365
-0.0031690 -0.0016222
-0.0032102 -0.0016448
-0.0032078 -0.0015887
-0.0030750 -0.0015294
-0.0027455 -0.0013194
-0.0028771 -0.0009544
-0.0028730 -0.0009698
-0.0030261 -0.0009528
-0.0027786 -0.0013743
-0.0025711 -0.0017603
-0.0025747 -0.0020522
-0.0028521 -0.0025917
-0.0022235 -0.0029562
-0.0018275 -0.0030540
-0.0023314 -0.0031755
-0.0024089 -0.0032522
-0.0023342 -0.0031000
-0.0035047 -0.0027985
-0.0036532 -0.0029580
-0.0042645 -0.0030363
-0.0044926 -0.0028453
-0.0044551 -0.0028651
-0.0042403 -0.0028667
-0.0040113 -0.0028651
-0.0037590 -0.0025171
-0.0033326 -0.0021505
-0.0032345 -0.0016890
-0.0029607 -0.0016280
-0.0029554 -0.0017221
-0.0029130 -0.0017402
-0.0027002 -0.0021771
-0.0022936 -0.0020236
-0.0020231 -0.0021783
-0.0019032 -0.0023478
-0.0017655 -0.0023688
-0.0016657 -0.0027157
-0.0020242 -0.0027359
-0.0020392 -0.0027395
-0.0021147 -0.0032018
-0.0025135 -0.0032458
-0.0024203 -0.0030165
-0.0024974 -0.0029406
-0.0024986 -0.0028260
-0.0024260 -0.0025736
-0.0023711 -0.0026507
-0.0021672 -0.0025518
-0.0020340 -0.0021945
-0.0020199 -0.0013317
-0.0019484 -0.0015210
-0.0019517 -0.0009586
-0.0017256 -0.0010906
-0.0020143 -0.0005277
-0.0017652 -0.0007316
-0.0020938 -0.0008067
-0.0021169 -0.0011285
-0.0021742 -0.0012996
-0.0019300 -0.0015282
-0.0020660 -0.0017014
-0.0018537 -0.0017603
-0.0015319 -0.0021063
-0.0014915 -0.0018229
-0.0012230 -0.0014797
-0.0010870 -0.0017511
-0.0007813 -0.0009117
-0.0009541 -0.0005459
-0.0008023 -0.0003384
-0.0009141 -0.0004212
-0.0008176 -0.0003582
-0.0005100 -0.0008568
-0.0005855 -0.0008750
-0.0006210 -0.0008940
-0.0010994 -0.0007385
-0.0018443 -0.0008181
-0.0025933 -0.0006679
-0.0032260 -0.0009429
-0.0036648 -0.0005993
-0.0037189 -0.0010038
-0.0038356 -0.0009877
-0.0033184 -0.0006239
-0.0030289 -0.0005242
-0.0029901 -0.0002961
-0.0022767  0.0002797
-0.0015863  0.0001872
-0.0012819  0.0005559
-0.0008002  0.0004791
-0.0007065  0.0003616
-0.0005560  0.0005740
-0.0004231  0.0007646
-0.0005625  0.0009152
-0.0007962  0.0014138
-0.0007801  0.0014711
-0.0007813  0.0012051
-0.0014148  0.0013375
-0.0010688  0.0014368
-0.0012808  0.0014772
-0.0014330  0.0017259
-0.0012945  0.0017126
-0.0014236  0.0019258
-0.0015161  0.0018313
-0.0015161  0.0013747
-0.0022234  0.0010832
-0.0025052  0.0008123
-0.0027535  0.0003484
-0.0033515 -0.0004616
-0.0033107 -0.0009473
-0.0031032 -0.0011960
-0.0030862 -0.0018122
-0.0028977 -0.0020839
-0.0025170 -0.0023697
-0.0024403 -0.0022341
-0.0021334 -0.0024473
-0.0016752 -0.0025026
-0.0015646 -0.0025793
-0.0012367 -0.0029002
-0.0005920 -0.0028182
-0.0005738 -0.0027795
-0.0002254 -0.0029882
 0.0002317 -0.0031000
 0.0001376 -0.0031182
 0.0005022 -0.0032341
 0.0007905 -0.0034036
 0.0007739 -0.0029615
 0.0005607 -0.0028101
 0.0010416 -0.0021560
 0.0009067 -0.0012747
 0.0006746 -0.0004276
 0.0005002 -0.0001216
 0.0002151  0.0003048
-0.0000037  0.0008014
-0.0003683  0.0005725
-0.0007062  0.0002467
-0.0009166  0.0000755
-0.0009133 -0.0004998
-0.0010813 -0.0010203
-0.0009836 -0.0010179
-0.0014575 -0.0014943
-0.0015153 -0.0015512
-0.0016105 -0.0012839
-0.0012823 -0.0018399
-0.0012060 -0.0017079
-0.0004405 -0.0015787
-0.0000941 -0.0012173
 0.0001724 -0.0008584
 0.0008459 -0.0009545
 0.0011152 -0.0004204
 0.0017325  0.0000976
 0.0020608 -0.0000158
 0.0026995  0.0000019
 0.0025836  0.0004243
 0.0031412  0.0009043
 0.0028723  0.0011381
 0.0026196  0.0019097
 0.0020208  0.0021818
 0.0013748  0.0020696
 0.0008395  0.0022828
 0.0004781  0.0018613
 0.0002282  0.0016505
 0.0003816  0.0012072
 0.0001297  0.0010134
 0.0003368  0.0012807
 0.0006565  0.0012439
 0.0004078  0.0013780
 0.0004029  0.0016085
 0.0001171  0.0019727
-0.0002467  0.0022739
-0.0004393  0.0026792
-0.0011119  0.0028282
-0.0017454  0.0025024
-0.0020381  0.0025452
-0.0018847  0.0018803
-0.0023038  0.0012884
-0.0020196  0.0005208
-0.0018464  0.0001006
-0.0017458 -0.0004199
-0.0017644 -0.0009831
-0.0016550 -0.0011035
-0.0014632 -0.0009376
-0.0012545 -0.0012695
-0.0008544 -0.0010216
-0.0007607 -0.0011920
-0.0004147 -0.0011504
-0.0003582 -0.0014972
-0.0001668 -0.0014960
 0.0005038 -0.0017447
 0.0005999 -0.0022247
 0.0007315 -0.0017996
 0.0009076 -0.0026071
 0.0013266 -0.0023906
 0.0016149 -0.0022315
 0.0018034 -0.0023220
 0.0021119 -0.0020304
 0.0019016 -0.0018176
 0.0014784 -0.0011846
 0.0014227 -0.0009367
 0.0009867 -0.0009548
 0.0006774 -0.0004219
 0.0007949  0.0001155
 0.0005442  0.0006731
 0.0005834  0.0011139
 0.0011381  0.0018108
 0.0014454  0.0020669
 0.0014817  0.0025320
 0.0011744  0.0025712
 0.0012507  0.0020742
 0.0010804  0.0016886
 0.0010444  0.0012077
 0.0011438  0.0002080
 0.0012984  0.0000885
 0.0017232 -0.0001953
 0.0016065 -0.0005409
 0.0019513 -0.0010045
 0.0017785 -0.0008082
 0.0017001 -0.0006374
 0.0021011 -0.0010969
 0.0024257 -0.0007093
 0.0023094 -0.0006548
 0.0027119 -0.0004598
 0.0029202 -0.0006503
 0.0031528 -0.0001154
 0.0035715  0.0001572
 0.0034972  0.0002884
 0.0028411  0.0006142
 0.0026881  0.0004224
 0.0020356 -0.0000637
 0.0016153 -0.0004101
 0.0010178 -0.0008700
 0.0006520 -0.0010775
 0.0001146 -0.0017477
 0.0003859 -0.0024139
 0.0002906 -0.0032953
 0.0003516 -0.0033514
 0.0007117 -0.0036166
 0.0010747 -0.0037850
 0.0009015 -0.0031131
 0.0006532 -0.0028455
 0.0000576 -0.0024833
-0.0004563 -0.0019318
-0.0011673 -0.0017961
-0.0019283 -0.0017990
-0.0020793 -0.0017574
-0.0019557 -0.0018147
-0.0019646 -0.0014336
-0.0012116 -0.0013754
-0.0007064 -0.0013601
-0.0004920 -0.0014429
 0.0001810 -0.0012511
 0.0003361 -0.0015435
 0.0005274 -0.0016985
 0.0006033 -0.0016795
 0.0008206 -0.0019868
 0.0006316 -0.0011991
 0.0007475 -0.0012201
 0.0007681 -0.0007284
 0.0013394 -0.0005204
 0.0010725 -0.0004514
 0.0011089 -0.0001123
 0.0015457 -0.0002718
 0.0014480 -0.0003336
 0.0011936 -0.0005137
 0.0009759 -0.0007459
 0.0010312 -0.0011484
 0.0011249 -0.0010701
 0.0008899 -0.0012796
 0.0006396 -0.0015288
 0.0005620 -0.0016765
 0.0003840 -0.0019305
 0.0004615 -0.0021231
 0.0007288 -0.0018360
 0.0009561 -0.0020439
 0.0010546 -0.0015553
 0.0011531 -0.0016239
 0.0011963 -0.0013708
 0.0009121 -0.0011923
 0.0006271 -0.0013425
 0.0001075 -0.0013033
-0.0003330 -0.0016634
-0.0001408 -0.0015863
-0.0003355 -0.0018152
-0.0004324 -0.0020607
-0.0003230 -0.0020199
 0.0000388 -0.0022508
-0.0000787 -0.0018871
-0.0002144 -0.0019012
-0.0003715 -0.0015584
-0.0005253 -0.0017696
-0.0001595 -0.0013690
-0.0002181 -0.0015600
-0.0001373 -0.0014853
 0.0000169 -0.0010864
-0.0000218 -0.0007990
-0.0000424 -0.0005523
-0.0002948 -0.0003856
-0.0001079 -0.0003658
-0.0001099 -0.0004397
-0.0000558 -0.0002289
 0.0000011 -0.0002842
 0.0001970 -0.0005333
 0.0001780 -0.0004360
 0.0000443 -0.0008781
-0.0001450 -0.0008616
-0.0004131 -0.0006157
-0.0005467 -0.0007106
-0.0005084 -0.0010586
-0.0005455 -0.0007530
-0.0003323 -0.0005196
-0.0003872 -0.0004623
-0.0001950 -0.0004454
-0.0002693 -0.0007679
-0.0003630 -0.0007300
-0.0000920 -0.0007296
 0.0001615 -0.0009052
 0.0001058 -0.0007910
 0.0003421 -0.0009836
-0.0000992 -0.0011188
-0.0001909 -0.0015230
-0.0001739 -0.0016990
-0.0004634 -0.0025457
-0.0004073 -0.0029688
-0.0002588 -0.0029660
-0.0003347 -0.0029676
-0.0001841 -0.0025832
 0.0002132 -0.0024649
 0.0001357 -0.0022558
 0.0003811 -0.0022166
 0.0006637 -0.0020216
 0.0009879 -0.0018839
 0.0012746 -0.0020377
 0.0016533 -0.0016118
 0.0017118 -0.0011119
 0.0016137 -0.0009230
 0.0014603 -0.0007110
 0.0016843 -0.0003283
 0.0012592 -0.0000614
 0.0009705 -0.0004082
 0.0010027 -0.0001926
 0.0005606 -0.0003238
 0.0001981 -0.0002039
 0.0002994 -0.0003181
 0.0000540  0.0002164
 0.0000568  0.0002544
-0.0002250  0.0009968
-0.0005496  0.0011260
-0.0008322  0.0010828
-0.0006598  0.0014474
-0.0000032  0.0014870
 0.0001328  0.0013913
 0.0008245  0.0017199
 0.0013594  0.0016465
 0.0016562  0.0016065
 0.0019142  0.0017995
 0.0017624  0.0021971
 0.0016329  0.0019226
 0.0018073  0.0021091
 0.0016955  0.0021821
 0.0012703  0.0020844
 0.0008092  0.0021934
 0.0005617  0.0018102
 0.0002900  0.0020226
 0.0001313  0.0021999
 0.0002476  0.0021809
 0.0003412  0.0026840
 0.0007760  0.0028948
 0.0006585  0.0032432
 0.0008867  0.0030579
 0.0010938  0.0032760
 0.0010385  0.0029712
 0.0007906  0.0026502
 0.0009638  0.0025360
 0.0002964  0.0023038
 0.0003166  0.0025339
 0.0005080  0.0024956
 0.0001482  0.0023615
-0.0002543  0.0021504
-0.0002571  0.0020575
-0.0005256  0.0016154
-0.0002051  0.0015787
-0.0003056  0.0012739
 0.0000153  0.0011273
 0.0003791  0.0014342
 0.0010804  0.0013046
 0.0018624  0.0009223
 0.0021276  0.0012489
 0.0028487  0.0012671
 0.0031923  0.0012101
 0.0032811  0.0016341
 0.0034333  0.0016345
 0.0033759  0.0013103
 0.0035120  0.0010822
 0.0038245  0.0009542
 0.0038096  0.0011819
 0.0039691  0.0010313
 0.0038977  0.0012776
 0.0039752  0.0016704
 0.0038246  0.0019151
 0.0039571  0.0021972
 0.0035698  0.0026026
 0.0036256  0.0025412
 0.0033744  0.0026410
 0.0029699  0.0025461
 0.0028313  0.0027464
 0.0022996  0.0022167
 0.0018406  0.0020670
 0.0016839  0.0017254
 0.0013411  0.0012878
 0.0007468  0.0006749
 0.0006095  0.0004052
 0.0003192  0.0000402
-0.0001015 -0.0002873
-0.0004297 -0.0006345
-0.0007382 -0.0012696
-0.0004919 -0.0016391
-0.0003817 -0.0018870
 0.0000353 -0.0019269
 0.0004003 -0.0018514
 0.0007463 -0.0020416
 0.0008230 -0.0016976
 0.0005978 -0.0016778
 0.0001544 -0.0018123
-0.0001887 -0.0021401
-0.0008040 -0.0017396
-0.0005364 -0.0025076
-0.0003442 -0.0022584
 0.0002303 -0.0018769
 0.0007673 -0.0018971
 0.0015595 -0.0014038
 0.0018268 -0.0006362
 0.0021559 -0.0004634
 0.0019843  0.0001115
 0.0019810  0.0007829
 0.0016948  0.0007793
 0.0015389  0.0012036
 0.0011905  0.0012828
 0.0009579  0.0014164
 0.0007237  0.0019954
 0.0005109  0.0021266
 0.0001290  0.0020560
-0.0000038  0.0022490
-0.0001157  0.0021933
-0.0005356  0.0016781
-0.0008416  0.0017754
-0.0009558  0.0016063
-0.0014912  0.0017601
-0.0016063  0.0015893
-0.0017552  0.0014569
-0.0022716  0.0013761
-0.0018868  0.0009159
-0.0016918  0.0007600
-0.0014007  0.0008157
-0.0010587  0.0002371
-0.0007503  0.0003881
-0.0004430 -0.0000734
-0.0002315  0.0000562
-0.0001729 -0.0002510
-0.0001374 -0.0005846
-0.0003631 -0.0008341
-0.0000732 -0.0012003
 0.0000633 -0.0015116
 0.0001408 -0.0014587
 0.0000254 -0.0013288
-0.0002229 -0.0009597
-0.0003590 -0.0002314
-0.0004175  0.0000230
-0.0008221  0.0004664
-0.0007272  0.0010833
-0.0005544  0.0014483
-0.0005779  0.0020067
-0.0001794  0.0020664
-0.0000054  0.0021799
 0.0000701  0.0021044
 0.0008352  0.0020879
 0.0010105  0.0018020
 0.0010900  0.0014972
 0.0018257  0.0013260
 0.0020768  0.0011912
 0.0021459  0.0011371
 0.0023632  0.0011597
 0.0025219  0.0008561
 0.0027791  0.0005723
 0.0026689  0.0003858
 0.0028796  0.0000196
 0.0027291  0.0000983
 0.0024198  0.0002901
 0.0021141  0.0004225
 0.0015323  0.0007100
 0.0013595  0.0008775
 0.0010535  0.0007410
 0.0008984  0.0007955
 0.0006646  0.0005283
 0.0001858  0.0001088
 0.0002411  0.0000147
 0.0002201 -0.0003127
 0.0001809 -0.0000644
-0.0001300 -0.0000253
-0.0000327  0.0000502
-0.0003424  0.0002024
-0.0008793  0.0003975
-0.0014745  0.0002820
-0.0019360  0.0002246
-0.0022828 -0.0000810
-0.0026135 -0.0000463
-0.0023289  0.0001076
-0.0022942  0.0002820
-0.0025816  0.0005307
-0.0026636  0.0011460
-0.0025279  0.0013798
-0.0025469  0.0010895
-0.0026822  0.0007443
-0.0026083  0.0004956
-0.0028364 -0.0000091
-0.0029523 -0.0005110
-0.0028909 -0.0007807
-0.0031335 -0.0008792
-0.0023975 -0.0011877
-0.0025081 -0.0012071
-0.0026805 -0.0008882
-0.0022791 -0.0011563
-0.0020167 -0.0013517
-0.0020822 -0.0011240
-0.0022199 -0.0013283
-0.0021650 -0.0013077
-0.0027621 -0.0010363
-0.0025320 -0.0011671
-0.0026826 -0.0011441
-0.0026620 -0.0007960
-0.0022380 -0.0006216
-0.0017830 -0.0010811
-0.0017616 -0.0009277
-0.0008015 -0.0012745
-0.0004518 -0.0015401
-0.0003731 -0.0017327
 0.0000545 -0.0017291
 0.0003287 -0.0015550
 0.0000824 -0.0010738
 0.0004317 -0.0008787
 0.0000146 -0.0003599
 0.0001079  0.0005990
 0.0000316  0.0013088
-0.0004150  0.0019632
-0.0003799  0.0022334
-0.0004195  0.0025196
-0.0010162  0.0025341
-0.0011697  0.0029201
-0.0017107  0.0028414
-0.0020737  0.0029891
-0.0024213  0.0030824
-0.0028816  0.0026960
-0.0034194  0.0026919
-0.0033649  0.0029257
-0.0035554  0.0023298
-0.0034153  0.0023277
-0.0032619  0.0020439
-0.0033939  0.0015235
-0.0029469  0.0011177
-0.0026982  0.0009206
-0.0027394  0.0005916
-0.0024903  0.0004890
-0.0023195  0.0006012
-0.0021883  0.0006133
-0.0021920  0.0010110
-0.0019643  0.0012952
-0.0020422  0.0015814
-0.0020438  0.0016710
-0.0016821  0.0016351
-0.0016247  0.0013279
-0.0015121  0.0007719
-0.0014031  0.0006007
-0.0016583  0.0007586
-0.0014327  0.0003242
-0.0013637  0.0003246
-0.0014028  0.0002528
-0.0017682  0.0002342
-0.0015413  0.0003553
-0.0018643  0.0002403
-0.0017492 -0.0002955
-0.0021102 -0.0006907
-0.0022793 -0.0006887
-0.0022357 -0.0010500
-0.0023830 -0.0007363
-0.0025861 -0.0006002
-0.0022509 -0.0004847
-0.0023575 -0.0004278
-0.0022129 -0.0001472
-0.0025851 -0.0001109
-0.0028673 -0.0000815
-0.0034583  0.0002972
-0.0034692  0.0000073
-0.0038120 -0.0003815
-0.0039464 -0.0002455
-0.0038483 -0.0006460
-0.0036375 -0.0008382
-0.0038140 -0.0005293
-0.0036383 -0.0007348
-0.0036977 -0.0009451
-0.0035257 -0.0009100
-0.0036581 -0.0006976
-0.0041394 -0.0010723
-0.0042145 -0.0010174
-0.0044059 -0.0013110
-0.0049271 -0.0019905
-0.0044895 -0.0024157
-0.0044778 -0.0028461
-0.0043878 -0.0032770
-0.0040673 -0.0034906
-0.0037859 -0.0037995
-0.0035445 -0.0035322
-0.0032990 -0.0033012
-0.0032260 -0.0033808
-0.0029962 -0.0031288
-0.0028259 -0.0028579
-0.0026555 -0.0028959
-0.0025820 -0.0025494
-0.0021395 -0.0027731
-0.0020624 -0.0027537
-0.0016219 -0.0027549
-0.0013122 -0.0022708
-0.0010780 -0.0026374
-0.0010715 -0.0020621
-0.0010316 -0.0017944
-0.0009508 -0.0016402
-0.0013311 -0.0013135
-0.0017922 -0.0011440
-0.0016718 -0.0010652
-0.0015749 -0.0007378
-0.0016843 -0.0004887
-0.0016649 -0.0005262
-0.0012438 -0.0005646
-0.0008849 -0.0007717
-0.0007331 -0.0010600
-0.0005099 -0.0009445
-0.0003779 -0.0012634
-0.0005345 -0.0014318
-0.0012100 -0.0013332
-0.0014765 -0.0014656
-0.0017491 -0.0016586
-0.0020749 -0.0015630
-0.0022909 -0.0016211
-0.0022376 -0.0016776
-0.0023358 -0.0020063
-0.0018771 -0.0022707
-0.0018610 -0.0022881
-0.0016486 -0.0019969
-0.0016631 -0.0022242
-0.0013550 -0.0020106
-0.0017354 -0.0020458
-0.0019312 -0.0019682
-0.0019728 -0.0017906
-0.0019675 -0.0020736
-0.0020442 -0.0021688
-0.0019724 -0.0023429
-0.0018916 -0.0026711
-0.0019073 -0.0023065
-0.0015444 -0.0021329
-0.0017172 -0.0017683
-0.0016562 -0.0012697
-0.0017139 -0.0007154
-0.0018266 -0.0006423
-0.0024734 -0.0003573
-0.0028561 -0.0004219
-0.0027749 -0.0004805
-0.0028916 -0.0005414
-0.0027943 -0.0004680
-0.0027778 -0.0004506
-0.0024346 -0.0001821
-0.0023466 -0.0002415
-0.0020446  0.0000855
-0.0018565  0.0001102
-0.0018779  0.0002871
-0.0017471  0.0005394
-0.0014564  0.0008103
-0.0013991  0.0006226
-0.0016268  0.0006489
-0.0016086  0.0009198
-0.0017976  0.0012122
-0.0017172  0.0012740
-0.0018480  0.0014698
-0.0017721  0.0018146
-0.0017713  0.0020258
-0.0011757  0.0022506
-0.0014669  0.0027262
-0.0012949  0.0027985
-0.0017131  0.0028917
-0.0017890  0.0034250
-0.0023070  0.0035550
-0.0027794  0.0035146
-0.0029090  0.0040908
-0.0030026  0.0036850
-0.0037306  0.0038380
-0.0035166  0.0038954
-0.0034572  0.0036801
-0.0030559  0.0035077
-0.0028233  0.0035877
-0.0026650  0.0034173
-0.0025895  0.0035118
-0.0025863  0.0032292
-0.0026795  0.0031319
-0.0024882  0.0028436
-0.0024325  0.0024395
-0.0021297  0.0026256
-0.0021729  0.0022541
-0.0015588  0.0022202
-0.0018491  0.0019452
-0.0018305  0.0019670
-0.0015047  0.0020074
-0.0015427  0.0019476
-0.0014462  0.0016238
-0.0011026  0.0014535
-0.0009346  0.0013953
-0.0007820  0.0014127
-0.0004235  0.0010097
-0.0001777  0.0012964
 0.0001090  0.0008971
 0.0003189  0.0008777
 0.0004905  0.0007849
 0.0005091  0.0008463
 0.0008196  0.0003085
 0.0007627  0.0005015
 0.0008426  0.0001393
 0.0002099 -0.0002277
 0.0003464 -0.0002838
-0.0006137 -0.0005539
-0.0010958 -0.0006492
-0.0017066 -0.0009355
-0.0020361 -0.0010283
-0.0024386 -0.0012766
-0.0024386 -0.0013670
-0.0022448 -0.0018838
-0.0019380 -0.0018450
-0.0011495 -0.0016533
-0.0007824 -0.0017494
-0.0004385 -0.0012152
-0.0000912 -0.0007541
-0.0001106 -0.0003750
-0.0002228 -0.0001065
-0.0005317  0.0004514
-0.0009351  0.0008766
-0.0012419  0.0011843
-0.0014696  0.0010131
-0.0013715  0.0006530
-0.0014098  0.0009202
-0.0012766  0.0008423
-0.0009673  0.0006469
-0.0009120  0.0001119
-0.0013000  0.0001503
-0.0014757  0.0003061
-0.0019974 -0.0003443
-0.0022505 -0.0003592
-0.0024823 -0.0009511
-0.0027552 -0.0012951
-0.0026220 -0.0013145
-0.0029458 -0.0015648
-0.0027334 -0.0011788
-0.0026579 -0.0010262
-0.0026002 -0.0009297
-0.0025792 -0.0010088
-0.0027887 -0.0012781
-0.0029305 -0.0015091
-0.0026632 -0.0017384
-0.0028005 -0.0021975
-0.0030722 -0.0022528
-0.0031114 -0.0027336
-0.0030722 -0.0028495
-0.0029563 -0.0023356
-0.0025748 -0.0023566
-0.0022712 -0.0021293
-0.0021154 -0.0023255
-0.0017520 -0.0022153
-0.0012550 -0.0021996
-0.0006037 -0.0017397
-0.0000874 -0.0019525
 0.0004278 -0.0019545
 0.0006390 -0.0012645
 0.0008110 -0.0006859
 0.0004266 -0.0002281
-0.0000506  0.0002730
-0.0007753  0.0008673
-0.0014060  0.0007526
-0.0022861  0.0014455
-0.0025457  0.0012920
-0.0028695  0.0013914
-0.0030564  0.0015291
-0.0031835  0.0018347
-0.0029530  0.0017963
-0.0029873  0.0017951
-0.0026627  0.0010659
-0.0025270  0.0011427
-0.0024875  0.0005257
-0.0026397  0.0001991
-0.0027511 -0.0000521
-0.0027466 -0.0005515
-0.0026663 -0.0008240
-0.0030135 -0.0009424
-0.0030123 -0.0009287
-0.0030700 -0.0008528
-0.0030312 -0.0005863
-0.0030676 -0.0003206
-0.0030659 -0.0005883
-0.0029133 -0.0007058
-0.0027785 -0.0004171
-0.0029529 -0.0006291
-0.0025912 -0.0006332
-0.0024999 -0.0007648
-0.0021418 -0.0007046
-0.0020672 -0.0006642
-0.0019239 -0.0004700
-0.0018258 -0.0006771
-0.0018068 -0.0007118
-0.0011886 -0.0006104
-0.0012609 -0.0006807
-0.0010065 -0.0003698
-0.0006173 -0.0001182
-0.0008433 -0.0000758
-0.0005914  0.0003820
-0.0005130  0.0000760
-0.0006854  0.0005689
-0.0010859  0.0007046
-0.0007662  0.0005839
-0.0011869 -0.0001074
-0.0010920 -0.0002434
-0.0010529 -0.0011054
-0.0008425 -0.0012201
-0.0005304 -0.0013768
-0.0004896 -0.0014341
-0.0004702 -0.0011329
-0.0005845 -0.0010389
-0.0006991 -0.0010037
-0.0006818 -0.0013078
-0.0007004 -0.0017688
-0.0004496 -0.0020559
-0.0002740 -0.0023599
 0.0002267 -0.0020272
 0.0003022 -0.0019703
 0.0003752 -0.0014296
 0.0007580 -0.0009669
 0.0005852 -0.0006007
 0.0008653 -0.0001360
 0.0011706  0.0000752
 0.0016115  0.0001935
 0.0022054  0.0007272
 0.0022490  0.0007644
 0.0023035  0.0007264
 0.0020399  0.0006457
 0.0019252  0.0008387
 0.0015590  0.0007018
 0.0013846  0.0003211
 0.0010345  0.0003590
 0.0009174  0.0000933
 0.0007030  0.0002678
 0.0003400 -0.0000988
 0.0002657 -0.0000637
 0.0003485 -0.0000629
 0.0002182 -0.0002757
 0.0000292 -0.0000847
-0.0000636 -0.0000662
-0.0002142  0.0003206
-0.0005045 -0.0000617
-0.0005606 -0.0000786
-0.0002950 -0.0000782
-0.0005820 -0.0002502
 0.0001633 -0.0001957
 0.0002949 -0.0000278
 0.0005407 -0.0000137
 0.0008633  0.0005394
 0.0012097  0.0003266
 0.0014035  0.0003201
 0.0014181  0.0003920
 0.0012844 -0.0002666
 0.0014782  0.0001162
 0.0016684  0.0002103
 0.0018383  0.0001142
 0.0023192  0.0005732
 0.0023988  0.0008647
 0.0024024  0.0007929
 0.0024803  0.0011422
 0.0025801  0.0010707
 0.0023689  0.0013215
 0.0024295  0.0017482
 0.0019507  0.0017503
 0.0017399  0.0021169
 0.0015283  0.0022138
 0.0009704  0.0022550
 0.0005480  0.0017782
 0.0003357  0.0013760
 0.0001286  0.0011043
 0.0004697  0.0010821
 0.0003938  0.0012525
 0.0004891  0.0012666
 0.0005262  0.0011087
 0.0007766  0.0009887
 0.0008520  0.0007380
 0.0007713  0.0006721
 0.0007499 -0.0000380
 0.0008052 -0.0002904
 0.0010147 -0.0004455
 0.0009178 -0.0008104
 0.0008039 -0.0006344
 0.0005153 -0.0005250
-0.0001211 -0.0003914
-0.0002737 -0.0002594
-0.0006403 -0.0002045
-0.0007158  0.0000426
-0.0006972  0.0000196
-0.0008753 -0.0004072
-0.0006880 -0.0002376
-0.0005007 -0.0004274
 0.0002661 -0.0004290
 0.0006678 -0.0006200
 0.0011103  0.0000882
 0.0013558  0.0000143
 0.0019081  0.0004774
 0.0020348  0.0011303
 0.0022229  0.0015514
 0.0022544  0.0019341
 0.0020000  0.0020125
 0.0019419  0.0022661
 0.0018482  0.0020004
 0.0019431  0.0017965
 0.0018111  0.0015709
 0.0021979  0.0012871
 0.0027018  0.0011934
 0.0025887  0.0009467
 0.0027829  0.0012168
 0.0027507  0.0013909
 0.0026546  0.0019848
 0.0024281  0.0023910
 0.0013739  0.0028484
 0.0010316  0.0033305
 0.0002673  0.0032356
-0.0006537  0.0032707
-0.0010913  0.0028294
-0.0012431  0.0024850
-0.0010869  0.0017138
-0.0007061  0.0007937
-0.0007845  0.0006956
-0.0006331  0.0001360
-0.0000077 -0.0001866
-0.0000311 -0.0002996
 0.0000060 -0.0003719
 0.0002910 -0.0005414
-0.0000942 -0.0008640
-0.0001951 -0.0007098
-0.0000801 -0.0004623
-0.0001592 -0.0001373
 0.0001024  0.0000512
 0.0000571  0.0005305
-0.0001185  0.0006645
-0.0005425  0.0007194
-0.0008295  0.0006827
-0.0012502  0.0006221
-0.0017250  0.0001635
-0.0019535  0.0005260
-0.0021424  0.0001978
-0.0023867  0.0005228
-0.0021186  0.0008313
-0.0022268  0.0006015
-0.0020664  0.0005087
-0.0025990  0.0008793
-0.0023058  0.0004994
-0.0022828  0.0000800
-0.0020870 -0.0000670
-0.0017583 -0.0003710
-0.0015423 -0.0005454
-0.0011179 -0.0008171
-0.0008292 -0.0009141
-0.0006972 -0.0011519
-0.0003318 -0.0014228
-0.0002579 -0.0015973
-0.0000888 -0.0015993
 0.0000642 -0.0020010
-0.0001106 -0.0019635
-0.0001490 -0.0019223
 0.0001191 -0.0015044
 0.0004449 -0.0014285
 0.0004853 -0.0009489
 0.0009831 -0.0002613
 0.0012359  0.0000302
 0.0014624  0.0009463
 0.0010970  0.0012919
 0.0009771  0.0014470
 0.0004170  0.0020397
 0.0003424  0.0019621
-0.0000848  0.0017365
-0.0005572  0.0008361
-0.0008846  0.0002628
-0.0006125 -0.0002528
-0.0003153 -0.0007675
-0.0001961 -0.0005398
-0.0001917 -0.0006747
-0.0002643 -0.0007361
-0.0002417 -0.0007034
-0.0000944 -0.0006287
-0.0006128 -0.0008031
-0.0007125 -0.0012634
-0.0009092 -0.0016102
-0.0013307 -0.0023390
-0.0016545 -0.0031824
-0.0018697 -0.0036031
-0.0014611 -0.0039875
-0.0010400 -0.0043747
-0.0004485 -0.0047417
-0.0001776 -0.0048394
 0.0007417 -0.0045940
 0.0009852 -0.0044414
 0.0011410 -0.0043869
 0.0005653 -0.0041786
 0.0003735 -0.0039093
 0.0003174 -0.0042561
 0.0000267 -0.0037215
 0.0000804 -0.0037595
 0.0002318 -0.0033767
 0.0001696 -0.0031656
 0.0003210 -0.0033145
 0.0002971 -0.0026968
 0.0002333 -0.0024032
 0.0007348 -0.0027581
 0.0006972 -0.0022154
 0.0010242 -0.0018613
 0.0011034 -0.0018411
 0.0015653 -0.0014934
 0.0016812 -0.0014789
 0.0017203 -0.0014604
 0.0016198 -0.0014785
 0.0017530 -0.0011345
 0.0014445 -0.0015169
 0.0007695 -0.0014510
 0.0008486 -0.0014074
 0.0005281 -0.0017106
 0.0007594 -0.0018971
 0.0008022 -0.0019948
 0.0007885 -0.0022068
 0.0010364 -0.0018200
 0.0007308 -0.0012140
 0.0005741 -0.0010453
 0.0004364 -0.0004691
 0.0004187  0.0000457
 0.0004336  0.0001014
 0.0002055  0.0002095
 0.0006682 -0.0001365
 0.0007280 -0.0001987
 0.0006698 -0.0001458
 0.0004179 -0.0005132
 0.0004509 -0.0007046
 0.0007186 -0.0006860
 0.0003120 -0.0009892
 0.0003431 -0.0007752
 0.0004880 -0.0004643
 0.0000265 -0.0002305
 0.0000975 -0.0000380
-0.0000514  0.0004050
-0.0004148  0.0004248
-0.0009857  0.0007700
-0.0011548  0.0012464
-0.0015909  0.0009750
-0.0018981  0.0014704
-0.0015896  0.0013150
-0.0017241  0.0011207
-0.0017637  0.0013303
-0.0018202  0.0011975
-0.0022425  0.0009839
-0.0020875  0.0006899
-0.0021036  0.0008211
-0.0022525  0.0006293
-0.0023442  0.0006257
-0.0022032  0.0004888
-0.0017926  0.0003915
-0.0015560  0.0002695
-0.0008042  0.0001334
-0.0010928 -0.0004274
-0.0005781 -0.0001395
-0.0003455 -0.0006591
-0.0001792 -0.0006773
-0.0001053 -0.0003894
 0.0000287 -0.0003684
 0.0001207 -0.0002130
 0.0004623 -0.0003240
 0.0004986 -0.0002824
 0.0004566 -0.0000845
 0.0009875  0.0002454
 0.0007780  0.0001892
 0.0000666  0.0006301
 0.0002172  0.0007262
-0.0002237  0.0005538
-0.0003776  0.0002038
-0.0003263  0.0001485
-0.0003659 -0.0001951
-0.0001596 -0.0002351
 0.0000095 -0.0005964
 0.0002409 -0.0008245
 0.0005271 -0.0009219
 0.0012212 -0.0015364
 0.0011437 -0.0018646
 0.0013367 -0.0014225
 0.0015135 -0.0015360
 0.0010516 -0.0010596
 0.0010343 -0.0004006
 0.0008272 -0.0007987
 0.0007170 -0.0008185
 0.0008176 -0.0007777
 0.0013780 -0.0011225
 0.0014596 -0.0012036
 0.0020406 -0.0013773
 0.0021222 -0.0018234
 0.0019679 -0.0017306
 0.0018714 -0.0019438
 0.0018133 -0.0026939
 0.0012533 -0.0026544
 0.0010558 -0.0030359
 0.0006306 -0.0032252
 0.0009528 -0.0029370
 0.0012177 -0.0029176
 0.0013347 -0.0022466
 0.0021007 -0.0017330
 0.0026962 -0.0010842
 0.0030265 -0.0011460
 0.0037363 -0.0001092
 0.0044085  0.0003895
 0.0043314  0.0007322
 0.0043294  0.0013871
 0.0041323  0.0016778
 0.0035751  0.0018668
 0.0031871  0.0020602
 0.0027450  0.0022354
 0.0023610  0.0025084
 0.0022666  0.0024563
 0.0019003  0.0024289
 0.0013852  0.0022618
 0.0012309  0.0021508
 0.0010045  0.0021540
 0.0005050  0.0019065
 0.0001792  0.0020781
 0.0000072  0.0019017
-0.0003755  0.0020184
-0.0004882  0.0015520
-0.0004651  0.0013808
-0.0010550  0.0009205
-0.0011119  0.0003420
-0.0013784 -0.0001014
-0.0015128 -0.0007195
-0.0012213 -0.0010870
-0.0009532 -0.0012610
-0.0007437 -0.0009210
 0.0002697 -0.0007131
 0.0005217 -0.0003344
 0.0011115  0.0002611
 0.0014934  0.0006479
 0.0015330  0.0002862
 0.0013622  0.0005208
 0.0015569  0.0002002
 0.0016966 -0.0002358
 0.0017951 -0.0003287
 0.0018286 -0.0006731
 0.0018698 -0.0008479
 0.0021189 -0.0007506
 0.0027144 -0.0005972
 0.0026587 -0.0005200
 0.0028336 -0.0003056
 0.0028509  0.0003686
 0.0026600  0.0007526
 0.0026385  0.0010437
 0.0023349  0.0013308
 0.0016631  0.0015254
 0.0017237  0.0018706
 0.0016684  0.0014261
 0.0014443  0.0016191
 0.0014451  0.0022497
 0.0015865  0.0020882
 0.0011464  0.0017377
 0.0009720  0.0018450
 0.0005464  0.0014801
 0.0003910  0.0012309
 0.0003098  0.0012883
 0.0003833  0.0007711
 0.0007636  0.0009641
 0.0011596  0.0014591
 0.0016937  0.0013678
 0.0019747  0.0019819
 0.0025072  0.0024051
 0.0031354  0.0029279
 0.0032860  0.0030442
 0.0030749  0.0035086
 0.0031383  0.0037411
 0.0027564  0.0037819
 0.0022226  0.0042434
 0.0015161  0.0035344
 0.0004833  0.0037254
-0.0001280  0.0035150
-0.0007772  0.0028250
-0.0010453  0.0029587
-0.0009694  0.0030972
-0.0011559  0.0029672
-0.0010347  0.0032967
-0.0008397  0.0036294
-0.0008925  0.0035362
-0.0008687  0.0036141
-0.0006588  0.0033819
-0.0006765  0.0031732
-0.0005037  0.0029818
-0.0003346  0.0025567
-0.0006406  0.0022849
-0.0003531  0.0021698
 0.0000082  0.0017467
 0.0003716  0.0019579
 0.0013862  0.0022825
 0.0015368  0.0023580
 0.0019942  0.0027609
 0.0023588  0.0027036
 0.0024125  0.0026442
 0.0024286  0.0026079
 0.0026337  0.0026107
 0.0022828  0.0022082
 0.0021439  0.0021735
 0.0023901  0.0018267
 0.0023885  0.0016522
 0.0023082  0.0016502
 0.0025710  0.0018040
 0.0022460  0.0018198
 0.0019016  0.0020479
 0.0020752  0.0020079
 0.0017942  0.0025590
 0.0016791  0.0028105
 0.0017979  0.0034218
 0.0017426  0.0040755
 0.0022214  0.0047881
 0.0017615  0.0049003
 0.0019376  0.0049613
 0.0020082  0.0051931
 0.0022775  0.0045576
 0.0018524  0.0043484
 0.0021362  0.0042321
 0.0025201  0.0037158
 0.0023873  0.0035999
 0.0026134  0.0034250
 0.0023828  0.0030427
 0.0016751  0.0025998
 0.0015543  0.0025223
 0.0014199  0.0014273
 0.0007670  0.0006598
 0.0010872  0.0003727
 0.0011082 -0.0009920
 0.0005683 -0.0013674
 0.0007763 -0.0019436
 0.0007226 -0.0028968
 0.0007585 -0.0029085
 0.0005086 -0.0027567
 0.0007622 -0.0031390
 0.0010282 -0.0024853
 0.0010859 -0.0017356
 0.0008397 -0.0013718
 0.0007989 -0.0006067
 0.0002445 -0.0001691
-0.0000962 -0.0002070
-0.0007640 -0.0002292
-0.0012779 -0.0001364
-0.0012379 -0.0001344
-0.0013316  0.0000695
-0.0014220  0.0001438
-0.0013239  0.0002609
-0.0008769  0.0006275
-0.0005862  0.0006679
-0.0003306  0.0005124
-0.0001888  0.0005120
 0.0002928  0.0005512
 0.0003679  0.0005908
 0.0003078  0.0005908
 0.0001152  0.0004547
-0.0001162  0.0005314
-0.0006560  0.0005488
-0.0013654  0.0001640
-0.0015984  0.0003711
-0.0022884  0.0001349
-0.0024983 -0.0003840
-0.0024414 -0.0005770
-0.0023449 -0.0010021
-0.0022447 -0.0014232
-0.0019993 -0.0010405
-0.0014449 -0.0009238
-0.0010590 -0.0006896
-0.0006778 -0.0003779
-0.0001396 -0.0003371
 0.0000122 -0.0000270
 0.0001813  0.0006255
 0.0006444  0.0006230
 0.0007240  0.0008342
 0.0008572  0.0010784
 0.0010321  0.0009993
 0.0011294  0.0008592
 0.0011669  0.0008220
 0.0010724 -0.0000182
 0.0007825 -0.0001873
 0.0006477 -0.0010477
 0.0006836 -0.0015031
 0.0007018 -0.0019415
 0.0004708 -0.0019218
 0.0001434 -0.0017449
-0.0004170 -0.0013646
-0.0008793 -0.0010190
-0.0013582 -0.0009588
-0.0014600 -0.0009988
-0.0011321 -0.0009592
-0.0005564 -0.0013032
 0.0000045 -0.0012232
 0.0000860 -0.0017982
-0.0000391 -0.0017202
-0.0003625 -0.0013960
-0.0004178 -0.0013787
-0.0005465 -0.0012055
-0.0009478 -0.0006652
-0.0009095 -0.0002421
-0.0007722 -0.0000689
-0.0008691  0.0005521
-0.0004896  0.0008828
-0.0005118  0.0008299
-0.0001703  0.0009668
-0.0001319  0.0007977
-0.0002886  0.0003757
-0.0002898 -0.0001072
-0.0006395 -0.0005485
-0.0008914 -0.0009724
-0.0012823 -0.0010104
-0.0017842 -0.0009946
-0.0023962 -0.0010346
-0.0026280 -0.0010548
-0.0027988 -0.0010782
-0.0032813 -0.0009240
-0.0028008 -0.0005017
-0.0028940 -0.0007128
-0.0022763 -0.0001367
-0.0014111  0.0001149
-0.0012750  0.0002856
-0.0011377  0.0005690
-0.0006774  0.0002820
-0.0006378  0.0002444
-0.0008543  0.0002469
-0.0010432  0.0003087
-0.0014466 -0.0002271
-0.0017522 -0.0004560
-0.0017906 -0.0004548
-0.0017308 -0.0011832
-0.0017700 -0.0017807
-0.0015406 -0.0021090
-0.0014441 -0.0029597
-0.0010400 -0.0031333
-0.0007142 -0.0036727
-0.0009015 -0.0039473
-0.0006693 -0.0036768
-0.0003584 -0.0033558
-0.0007040 -0.0032436
-0.0000722 -0.0031322
 0.0000211 -0.0031302
 0.0005157 -0.0033607
 0.0010712 -0.0037774
 0.0013579 -0.0039292
 0.0014144 -0.0039259
 0.0015521 -0.0038794
 0.0014185 -0.0035528
 0.0014762 -0.0029379
 0.0011895 -0.0024586
 0.0007862 -0.0018684
 0.0013797 -0.0014816
 0.0016458 -0.0006547
 0.0017019  0.0000333
 0.0018383  0.0006131
 0.0017059  0.0014977
 0.0020713  0.0018219
 0.0019207  0.0021695
 0.0017661  0.0026035
 0.0014613  0.0025430
 0.0012287  0.0024440
 0.0006517  0.0020596
 0.0004390  0.0019179
 0.0001713  0.0012246
 0.0000768  0.0014342
 0.0002678  0.0013373
 0.0001160  0.0012190
 0.0004244  0.0012577
 0.0002512  0.0013122
-0.0001505  0.0017313
-0.0003822  0.0016526
-0.0006677  0.0016320
-0.0011320  0.0019202
-0.0012455  0.0022303
-0.0020138  0.0022234
-0.0025367  0.0023975
-0.0027148  0.0023211
-0.0024305  0.0023038
-0.0021237  0.0024358
-0.0019174  0.0028210
-0.0015359  0.0029587
-0.0015952  0.0033967
-0.0015218  0.0035150
-0.0012206  0.0031880
-0.0011843  0.0030354
-0.0010333  0.0026708
-0.0009017  0.0026098
-0.0011512  0.0022461
-0.0015904  0.0017886
-0.0020128  0.0019198
-0.0027375  0.0016933
-0.0029050  0.0013324
-0.0032502  0.0011249
-0.0033249  0.0012053
-0.0033410  0.0006885
-0.0031900  0.0005948
-0.0029332  0.0002694
-0.0022408  0.0002464
-0.0018366 -0.0001784
-0.0008935 -0.0006064
-0.0004175 -0.0007445
 0.0002709 -0.0007877
 0.0003670 -0.0006392
 0.0006537 -0.0006795
 0.0008583 -0.0008560
 0.0007961 -0.0004959
 0.0010412 -0.0002080
 0.0011869 -0.0000191
 0.0016649  0.0003455
 0.0014110  0.0006956
 0.0014101  0.0010771
 0.0014291  0.0015011
 0.0012192  0.0019650
 0.0010662  0.0020631
 0.0012006  0.0024491
 0.0014687  0.0029142
 0.0015858  0.0027475
 0.0017206  0.0030794
 0.0018151  0.0031420
 0.0015660  0.0027964
 0.0013944  0.0022772
 0.0014711  0.0018795
 0.0013230  0.0014931
 0.0012128  0.0011047
 0.0012140  0.0006036
 0.0010683  0.0008689
 0.0006512  0.0008253
 0.0008867  0.0012241
 0.0008140  0.0016069
 0.0007785  0.0016808
 0.0013126  0.0017220
 0.0015468  0.0015314
 0.0019473  0.0016658
 0.0023091  0.0014773
 0.0026926  0.0011713
 0.0033100  0.0009226
 0.0035195  0.0008285
 0.0037727  0.0004276
 0.0036996  0.0003509
 0.0039705  0.0001357
 0.0038373  0.0000565
 0.0038975 -0.0000388
 0.0043775  0.0001349
 0.0042035  0.0005753
 0.0046783  0.0007546
 0.0049613  0.0010272
 0.0049367  0.0014523
 0.0051999  0.0014754
 0.0055467  0.0015400
 0.0053755  0.0019272
 0.0051490  0.0018687
 0.0054801  0.0019833
 0.0046614  0.0022898
 0.0043747  0.0027085
 0.0036322  0.0029765
 0.0028135  0.0034727
 0.0023940  0.0036241
 0.0015534  0.0035474
 0.0014614  0.0035503
 0.0009046  0.0036880
 0.0005453  0.0033028
 0.0004698  0.0029782
 0.0007399  0.0028994
 0.0009499  0.0029519
 0.0013334  0.0024682
 0.0016705  0.0025590
 0.0015704  0.0024403
 0.0018332  0.0023829
 0.0022086  0.0021326
 0.0022635  0.0017152
 0.0026228  0.0012916
 0.0031763  0.0011204
 0.0033277  0.0007748
 0.0035179  0.0009093
 0.0035340  0.0012686
 0.0030907  0.0017462
 0.0023805  0.0019202
 0.0018419  0.0025864
 0.0010562  0.0027992
 0.0007122  0.0029934
 0.0009650  0.0030313
 0.0011588  0.0026115
 0.0014883  0.0029159
 0.0022566  0.0024362
 0.0025114  0.0021286
 0.0028158  0.0023405
 0.0032325  0.0019763
 0.0027338  0.0017607
 0.0026700  0.0014373
 0.0028020  0.0013780
 0.0027645  0.0008563
 0.0030124  0.0008377
 0.0030733  0.0006435
 0.0032300  0.0002810
 0.0032466  0.0003581
 0.0035760  0.0002103
 0.0034081  0.0001950
 0.0037368  0.0002528
 0.0034679  0.0002338
 0.0034517  0.0003634
 0.0028966  0.0002253
 0.0028005  0.0002002
 0.0026870 -0.0000501
 0.0023584 -0.0001652
 0.0021666 -0.0005116
 0.0020301 -0.0005277
 0.0018161 -0.0007607
 0.0011641 -0.0008326
 0.0008152 -0.0006416
 0.0006363 -0.0008346
 0.0008867 -0.0011200
 0.0010562 -0.0013659
 0.0015540 -0.0014789
 0.0019000 -0.0014216
 0.0024366 -0.0016509
 0.0030689 -0.0011672
 0.0032821 -0.0009742
 0.0032203 -0.0005111
 0.0032748  0.0002250
 0.0026021  0.0001135
 0.0017906  0.0005977
 0.0016714  0.0004875
 0.0011114  0.0002408
 0.0008950  0.0000094
 0.0007197  0.0000115
 0.0009301 -0.0001262
 0.0010242 -0.0000911
 0.0007908 -0.0001360
 0.0009079  0.0001337
 0.0004492 -0.0000036
 0.0003947 -0.0000807
 0.0002252 -0.0005987
 0.0001921 -0.0009047
 0.0001211 -0.0011752
 0.0002604 -0.0017469
 0.0004566 -0.0018673
 0.0006706 -0.0021394
 0.0005406 -0.0021794
 0.0008661 -0.0021241
 0.0011168 -0.0020147
 0.0014067 -0.0020934
 0.0022711 -0.0017741
 0.0025239 -0.0015909
 0.0029462 -0.0018840
 0.0033487 -0.0015800
 0.0038441 -0.0013717
 0.0034396 -0.0012562
 0.0036248 -0.0008355
 0.0031840 -0.0008141
 0.0026643 -0.0005448
 0.0023010 -0.0002541
 0.0018633 -0.0001959
 0.0013086  0.0001493
 0.0011555  0.0001901
 0.0009674  0.0003786
 0.0007748 -0.0000174
 0.0007954 -0.0001119
 0.0009537 -0.0006663
 0.0008984 -0.0007797
 0.0008843 -0.0008197
 0.0003683 -0.0008395
-0.0001917 -0.0007672
-0.0002123 -0.0008823
-0.0005991 -0.0012114
-0.0007182 -0.0013797
-0.0003783 -0.0013966
-0.0000916 -0.0015674
 0.0001938 -0.0015113
 0.0008240 -0.0012787
 0.0010340 -0.0012614
 0.0016226 -0.0004914
 0.0022343 -0.0004502
 0.0025218 -0.0004482
 0.0029792 -0.0004280
 0.0031326 -0.0005390
 0.0031706 -0.0010138
 0.0033046 -0.0011103
 0.0030188 -0.0013537
 0.0027345 -0.0011789
 0.0019925 -0.0011203
 0.0015936 -0.0004312
 0.0008273 -0.0003189
 0.0003348  0.0000210
 0.0002992  0.0004772
 0.0001350  0.0006246
 0.0003853  0.0010800
 0.0006607  0.0010937
 0.0012021  0.0011692
 0.0020488  0.0013004
 0.0022179  0.0011235
 0.0029079  0.0016031
 0.0031716  0.0018696
 0.0033997  0.0020961
 0.0033985  0.0023468
 0.0032826  0.0025180
 0.0030335  0.0023250
 0.0026656  0.0023609
 0.0027621  0.0021320
 0.0027254  0.0022034
 0.0021723  0.0021412
 0.0023685  0.0018909
 0.0018509  0.0018118
 0.0019523  0.0015239
 0.0015691  0.0008723
 0.0016326  0.0004915
 0.0012119  0.0002808
 0.0009442 -0.0003345
 0.0011356 -0.0006212
 0.0008634 -0.0009696
 0.0010944 -0.0013968
 0.0013431 -0.0016282
 0.0015151 -0.0015559
 0.0014387 -0.0018624
 0.0013047 -0.0021284
 0.0011364 -0.0022641
 0.0009401 -0.0026234
 0.0011488 -0.0027760
 0.0013402 -0.0027546
 0.0015659 -0.0027550
 0.0015998 -0.0024247
 0.0017471 -0.0017860
 0.0017786 -0.0009777
 0.0016550 -0.0001814
 0.0015173  0.0002849
 0.0015552  0.0005805
 0.0014745  0.0005878
 0.0014955  0.0007639
 0.0012306  0.0007110
 0.0011164  0.0005641
 0.0011370  0.0003558
 0.0006012  0.0005277
 0.0004478  0.0003949
-0.0000702  0.0004518
-0.0002612  0.0004276
-0.0002438  0.0005980
-0.0007025  0.0007683
-0.0007009  0.0003218
-0.0004707  0.0004360
-0.0003948  0.0005491
-0.0003932  0.0001074
 0.0000485  0.0001683
 0.0002992  0.0003646
 0.0006053  0.0005378
 0.0007950  0.0006133
 0.0008725  0.0002305
 0.0009081  0.0003456
 0.0013288 -0.0001377
 0.0011972 -0.0000828
 0.0012722 -0.0005847
 0.0016950 -0.0007422
 0.0013918 -0.0009158
 0.0013897 -0.0008964
 0.0013889 -0.0003412
 0.0010454 -0.0001099
 0.0007765  0.0001776
 0.0004700  0.0005607
 0.0001817  0.0010800
 0.0001611  0.0015208
-0.0001659  0.0012144
-0.0002455  0.0011958
-0.0001885  0.0010993
-0.0003081  0.0007194
-0.0001534  0.0003193
-0.0002091  0.0000169
 0.0000222 -0.0004046
 0.0000804 -0.0009758
 0.0002520 -0.0011256
 0.0006565 -0.0014098
 0.0005992 -0.0012693
 0.0004090 -0.0008849
 0.0001987 -0.0009798
-0.0004118 -0.0005389
-0.0008159 -0.0003867
-0.0011034 -0.0004812
-0.0013731 -0.0004234
-0.0015273 -0.0005789
-0.0011276 -0.0007097
-0.0007841 -0.0003818
-0.0003565  0.0000021
 0.0001034  0.0002173
 0.0001236  0.0007713
 0.0000501  0.0011153
-0.0001029  0.0015396
-0.0003371  0.0021517
-0.0008922  0.0019752
-0.0009387  0.0023394
-0.0012529  0.0019526
-0.0014309  0.0016445
-0.0012844  0.0013567
-0.0014980  0.0009945
-0.0013042  0.0007825
-0.0010571  0.0008427
-0.0008456  0.0009331
-0.0004406  0.0011802
-0.0005132  0.0011414
-0.0007083  0.0015581
-0.0008031  0.0015928
-0.0009198  0.0012250
-0.0011677  0.0009734
-0.0009182  0.0008188
-0.0007119  0.0002955
 0.0000193 -0.0001054
 0.0006528 -0.0004910
 0.0016339 -0.0004373
 0.0019068 -0.0004398
 0.0026380 -0.0006893
 0.0025476 -0.0008702
 0.0022032 -0.0007572
 0.0021871 -0.0011270
 0.0018782 -0.0012247
 0.0015483 -0.0013427
 0.0016061 -0.0013753
 0.0013162 -0.0015283
 0.0014874 -0.0017165
 0.0019682 -0.0018489
 0.0019856 -0.0018283
 0.0020982 -0.0020572
 0.0021927 -0.0021484
 0.0020401 -0.0019352
 0.0018838 -0.0018743
 0.0017708 -0.0016195
 0.0012701 -0.0013627
 0.0010190 -0.0010703
 0.0005203 -0.0005422
 0.0002143 -0.0002914
 0.0002159 -0.0001093
-0.0002657  0.0003926
-0.0004951  0.0003240
-0.0000865  0.0002130
-0.0000440  0.0000636
 0.0000384  0.0005384
 0.0004466  0.0005198
 0.0005249  0.0004915
 0.0002576  0.0010838
 0.0005290  0.0011977
 0.0003772  0.0009643
 0.0008395  0.0008104
 0.0008560  0.0008641
 0.0008374  0.0003279
 0.0009703  0.0001547
 0.0008762 -0.0003068
 0.0007293 -0.0004461
 0.0004656 -0.0002922
 0.0001629 -0.0000633
-0.0000628 -0.0002983
-0.0002695 -0.0000880
-0.0003454  0.0002132
-0.0005562  0.0004025
-0.0006333  0.0007441
-0.0009006  0.0004530
-0.0009430  0.0009818
-0.0011206  0.0008857
-0.0011239  0.0002498
-0.0014320  0.0003806
-0.0013214  0.0002098
-0.0012116 -0.0000425
-0.0011010 -0.0000070
-0.0009128  0.0005893
-0.0011442  0.0002025
-0.0015322  0.0002360
-0.0014002 -0.0002973
-0.0014034 -0.0001419
-0.0012529 -0.0003300
-0.0006182 -0.0005532
-0.0007910 -0.0005108
-0.0005011  0.0000718
 0.0000945 -0.0000602
 0.0003258 -0.0000008
 0.0008087 -0.0001344
 0.0008079 -0.0002697
 0.0009004 -0.0004809
 0.0008269 -0.0007667
 0.0009783 -0.0009589
 0.0006678 -0.0010909
 0.0008612 -0.0009012
 0.0007061 -0.0007078
 0.0008798 -0.0005939
 0.0010699 -0.0005560
 0.0012225 -0.0000969
 0.0016287 -0.0003678
 0.0021294 -0.0005382
 0.0023001 -0.0006516
 0.0024960 -0.0004623
 0.0027851 -0.0007106
 0.0024588 -0.0005580
 0.0025335 -0.0004288
 0.0027229 -0.0005669
 0.0027002 -0.0005867
 0.0032380 -0.0007046
 0.0035400 -0.0008225
 0.0035586 -0.0008617
 0.0036942 -0.0008811
 0.0034798 -0.0011867
 0.0035364 -0.0008778
 0.0031153 -0.0008572
 0.0029049 -0.0007607
 0.0022900 -0.0006844
 0.0022137 -0.0004724
 0.0021229 -0.0007422
 0.0013598 -0.0006626
 0.0013247 -0.0007199
 0.0011959 -0.0010268
 0.0013110 -0.0011790
 0.0011572 -0.0013344
 0.0012884 -0.0013138
 0.0010578 -0.0012396
 0.0011474 -0.0010647
 0.0010097 -0.0011588
 0.0008729 -0.0010651
 0.0007755 -0.0007756
 0.0007243 -0.0006432
 0.0010679 -0.0006812
 0.0012019 -0.0007623
 0.0015253 -0.0006303
 0.0018644 -0.0003647
 0.0022588 -0.0003045
 0.0024849 -0.0004002
 0.0027316 -0.0007066
 0.0028083 -0.0012614
 0.0026969 -0.0018698
 0.0025814 -0.0020600
 0.0028762 -0.0027633
 0.0023053 -0.0026268
 0.0021523 -0.0026643
 0.0021531 -0.0025827
 0.0016973 -0.0022747
 0.0011793 -0.0020086
 0.0005890 -0.0020841
 0.0001465 -0.0020998
-0.0004078 -0.0020437
-0.0010570 -0.0020776
-0.0017809 -0.0021511
-0.0022545 -0.0015745
-0.0026554 -0.0015943
-0.0028782 -0.0012685
-0.0028560 -0.0012907
-0.0027918 -0.0014676
-0.0027514 -0.0015451
-0.0021914 -0.0019303
-0.0014767 -0.0023712
-0.0011327 -0.0027358
-0.0010750 -0.0027168
-0.0011133 -0.0027139
-0.0012523 -0.0028141
-0.0014085 -0.0026986
-0.0011437 -0.0027737
-0.0015301 -0.0026627
-0.0014744 -0.0021096
-0.0012656 -0.0015681
-0.0011526 -0.0011680
-0.0010032 -0.0001098
-0.0006807  0.0005835
-0.0007396  0.0009077
-0.0005176  0.0012953
-0.0004998  0.0012198
-0.0004119  0.0012177
-0.0003961  0.0012779
-0.0007066  0.0010486
-0.0012073  0.0008734
-0.0016139  0.0009493
-0.0020019  0.0009307
-0.0024416  0.0013316
-0.0030375  0.0009484
-0.0030759  0.0011023
-0.0030185  0.0013732
-0.0027501  0.0012634
-0.0025005  0.0011346
-0.0017088  0.0011779
-0.0012081  0.0012607
-0.0012020  0.0013431
-0.0006630  0.0012478
-0.0004696  0.0011347
-0.0003945  0.0010362
-0.0002403  0.0014569
 0.0003391  0.0015324
 0.0005491  0.0017012
 0.0007808  0.0019874
 0.0009577  0.0019074
 0.0011087  0.0021355
 0.0008971  0.0019215
 0.0008039  0.0013623
 0.0003803  0.0006501
 0.0003464  0.0001903
 0.0002536  0.0001676
 0.0001232 -0.0004675
 0.0003178 -0.0007029
 0.0003566 -0.0006121
 0.0004098 -0.0008862
 0.0007514 -0.0008862
 0.0006884 -0.0008334
 0.0009282 -0.0005043
 0.0011340 -0.0003319
 0.0013528 -0.0001207
 0.0012914  0.0002249
 0.0014989  0.0001724
 0.0011642  0.0001159
 0.0007980 -0.0000247
 0.0003889 -0.0003299
 0.0000017 -0.0010231
-0.0000782 -0.0016550
-0.0005389 -0.0024807
-0.0003718 -0.0029385
-0.0002522 -0.0035514
-0.0006189 -0.0038199
-0.0008498 -0.0038376
-0.0010375 -0.0039147
-0.0012257 -0.0037367
-0.0014715 -0.0036963
-0.0015809 -0.0038618
-0.0015397 -0.0039728
-0.0014379 -0.0039308
-0.0011856 -0.0041238
-0.0014686 -0.0043168
-0.0017379 -0.0043237
-0.0016204 -0.0041921
-0.0018299 -0.0042914
-0.0017520 -0.0039301
-0.0015610 -0.0035453
-0.0010971 -0.0030099
-0.0005032 -0.0022024
 0.0001146 -0.0015665
 0.0003410 -0.0012383
 0.0003431 -0.0004671
 0.0004586 -0.0001953
 0.0006334 -0.0000439
 0.0005797  0.0003618
 0.0004061  0.0008798
 0.0004497  0.0013579
 0.0004287  0.0017027
 0.0002180  0.0018610
-0.0002209  0.0020164
-0.0005273  0.0021339
-0.0008124  0.0021937
-0.0012868  0.0019442
-0.0017805  0.0016171
-0.0012952  0.0013309
-0.0016533  0.0005948
-0.0011514  0.0003812
-0.0011683 -0.0001586
-0.0009749 -0.0002983
-0.0003629 -0.0005899
-0.0001913 -0.0007227
 0.0000009 -0.0006048
 0.0005960 -0.0013674
 0.0007737 -0.0011183
 0.0009267 -0.0017151
 0.0014807 -0.0021798
 0.0015372 -0.0023769
 0.0016106 -0.0029211
 0.0020301 -0.0028146
 0.0014907 -0.0030104
 0.0017362 -0.0026883
 0.0016558 -0.0029971
 0.0014636 -0.0025611
 0.0016324 -0.0022704
 0.0021891 -0.0017487
 0.0026845 -0.0012501
 0.0035061 -0.0003808
 0.0038497  0.0002361
 0.0044246  0.0011971
 0.0043439  0.0019699
 0.0039405  0.0027366
 0.0036728  0.0036224
 0.0029635  0.0038166
 0.0022040  0.0037976
 0.0020316  0.0041384
 0.0017846  0.0038513
 0.0016332  0.0035994
 0.0016352  0.0038250
 0.0016917  0.0038460
 0.0013663  0.0039752
 0.0017866  0.0039897
 0.0020902  0.0040313
 0.0017640  0.0039542
 0.0016893  0.0043394
 0.0018229  0.0043624
 0.0013251  0.0046317
 0.0006912  0.0049604
 0.0003489  0.0049249
-0.0001687  0.0051373
-0.0003783  0.0047739
-0.0005127  0.0044699
-0.0009900  0.0045074
-0.0012378  0.0041618
-0.0013343  0.0038405
-0.0016222  0.0041227
-0.0018293  0.0033572
-0.0020219  0.0028000
-0.0020417  0.0026599
-0.0019456  0.0021196
-0.0016973  0.0011583
-0.0014155  0.0009810
-0.0008975  0.0005946
-0.0004005  0.0002337
 0.0000243  0.0004097
 0.0007122  0.0003758
 0.0013271  0.0006690
 0.0020737  0.0007881
 0.0023789  0.0009601
 0.0024681  0.0010578
 0.0025456  0.0014785
 0.0021011  0.0016340
 0.0013896  0.0018807
 0.0007808  0.0018250
 0.0003258  0.0016905
-0.0005366  0.0015032
-0.0006880  0.0011584
-0.0007598  0.0007018
-0.0009847  0.0006481
-0.0008288  0.0004010
-0.0003479  0.0001749
-0.0006507  0.0000009
-0.0006532  0.0000405
-0.0005357  0.0001737
-0.0010747  0.0003251
-0.0012862  0.0001333
-0.0014417 -0.0000589
-0.0013686 -0.0002914
-0.0009278 -0.0005389
-0.0008523 -0.0005611
-0.0002543 -0.0008882
 0.0000336 -0.0011244
 0.0001911 -0.0011499
 0.0005940 -0.0008269
 0.0010337 -0.0010001
 0.0009929 -0.0005398
 0.0012190 -0.0000973
 0.0019461  0.0002580
 0.0020022  0.0004749
 0.0022942  0.0005008
 0.0022340  0.0006272
 0.0024488  0.0003417
 0.0022256 -0.0003079
 0.0023984 -0.0002844
 0.0023867 -0.0007463
 0.0025652 -0.0013415
 0.0027990 -0.0016705
 0.0029742 -0.0014602
 0.0028042 -0.0018288
 0.0028050 -0.0021389
 0.0024405 -0.0022031
 0.0024207 -0.0024385
 0.0022673 -0.0026550
 0.0022454 -0.0031230
 0.0024534 -0.0027992
 0.0027428 -0.0030160
 0.0033016 -0.0030423
 0.0037821 -0.0026644
 0.0040522 -0.0023996
 0.0045141 -0.0021319
 0.0044762 -0.0014855
 0.0046288 -0.0012178
 0.0040684 -0.0005129
 0.0036424 -0.0001475
 0.0028300  0.0000802
 0.0022890  0.0001359
 0.0019381  0.0001920
 0.0017980  0.0004795
 0.0020071  0.0000790
 0.0021444  0.0000043
 0.0024722 -0.0001443
 0.0027028 -0.0001382
 0.0029378 -0.0000046
 0.0028590  0.0000568
 0.0029390  0.0003677
 0.0028598  0.0006217
 0.0022643  0.0009738
 0.0018053  0.0012229
 0.0011169  0.0013425
 0.0003300  0.0012092
-0.0004355  0.0017313
-0.0011231  0.0014418
-0.0011784  0.0012892
-0.0016552  0.0010925
-0.0016705  0.0009214
-0.0013378  0.0004776
-0.0009530  0.0002249
-0.0004160  0.0002628
-0.0001488  0.0000888
 0.0002526 -0.0000493
 0.0004019  0.0002047
 0.0000922  0.0003363
 0.0003022  0.0001663
 0.0001479  0.0004719
-0.0002013  0.0005474
-0.0007718  0.0006056
-0.0005441  0.0010642
-0.0008122  0.0012721
-0.0008509  0.0012931
-0.0005461  0.0011918
-0.0000846  0.0016274
 0.0002182  0.0013371
 0.0004999  0.0013165
 0.0006671  0.0011206
 0.0007546  0.0006616
 0.0008616  0.0003705
 0.0011268  0.0001283
 0.0009483  0.0001146
 0.0011777  0.0000197
 0.0010424 -0.0006118
 0.0011179 -0.0008609
 0.0010977 -0.0007632
 0.0010234 -0.0011249
 0.0009810 -0.0011039
 0.0006326 -0.0011035
 0.0007613 -0.0010429
 0.0007193 -0.0011374
 0.0003140 -0.0006420
 0.0001622 -0.0007357
 0.0000277 -0.0006400
-0.0005040 -0.0003735
-0.0003041 -0.0006585
-0.0006824 -0.0007542
-0.0011903 -0.0008899
-0.0007078 -0.0008673
-0.0010667 -0.0010405
-0.0012770 -0.0009699
-0.0011583 -0.0009335
-0.0013113 -0.0011822
-0.0012160 -0.0012004
-0.0012944 -0.0015472
-0.0013558 -0.0022154
-0.0011268 -0.0024443
-0.0012468 -0.0027157
-0.0010554 -0.0026232
-0.0008071 -0.0023139
-0.0008289 -0.0019352
-0.0008318 -0.0016070
-0.0010990 -0.0016805
-0.0011778 -0.0012339
-0.0015795 -0.0015952
-0.0015609 -0.0013606
-0.0019453 -0.0019274
-0.0017894 -0.0019262
-0.0016897 -0.0018281
-0.0017817 -0.0021135
-0.0018358 -0.0017506
-0.0017510 -0.0017724
-0.0018422 -0.0016957
-0.0021680 -0.0014716
-0.0022956 -0.0014402
-0.0022580 -0.0015968
-0.0023000 -0.0015081
-0.0024345 -0.0016663
-0.0019157 -0.0019756
-0.0015164 -0.0017084
-0.0005793 -0.0021670
-0.0003916 -0.0022821
 0.0002601 -0.0017633
 0.0010853 -0.0019724
 0.0009678 -0.0012820
 0.0012928 -0.0012985
 0.0015415 -0.0008318
 0.0014604 -0.0005584
 0.0012500 -0.0004001
 0.0010542 -0.0003132
 0.0009153 -0.0003661
 0.0006872 -0.0007056
 0.0007788 -0.0009705
 0.0007945 -0.0007799
 0.0009459 -0.0008595
 0.0009076 -0.0008029
 0.0011385 -0.0004073
 0.0017357 -0.0000658
 0.0015794  0.0003909
 0.0016981  0.0010570
 0.0018144  0.0014797
 0.0013780  0.0018254
 0.0010913  0.0019364
 0.0009226  0.0018229
 0.0006165  0.0016122
 0.0006771  0.0014192
 0.0004704  0.0008022
 0.0002984  0.0001130
 0.0001890 -0.0003509
 0.0005161 -0.0007902
 0.0005561 -0.0007724
 0.0004269 -0.0008725
 0.0005630 -0.0007744
 0.0009086 -0.0009493
 0.0009292 -0.0009888
 0.0007002 -0.0007401
 0.0006054 -0.0005459
 0.0005711 -0.0005677
-0.0000777 -0.0003388
-0.0000204 -0.0003566
-0.0007059 -0.0007264
-0.0010923 -0.0005322
-0.0010717 -0.0007595
-0.0008961 -0.0007813
-0.0007629 -0.0010853
-0.0002877 -0.0010135
 0.0001698 -0.0012585
 0.0005860 -0.0015262
 0.0007898 -0.0013595
 0.0014754 -0.0017794
 0.0019901 -0.0018367
 0.0019469 -0.0016110
 0.0022380 -0.0018028
 0.0024686 -0.0016708
 0.0025461 -0.0007894
 0.0028727 -0.0003094
 0.0027585  0.0002046
 0.0031017  0.0008958
 0.0030811  0.0010492
 0.0028687  0.0017618
 0.0027912  0.0021854
 0.0026394  0.0023828
 0.0023696  0.0027846
 0.0018726  0.0030308
 0.0018524  0.0030304
 0.0016013  0.0034709
 0.0010441  0.0032561
 0.0012589  0.0028374
 0.0010857  0.0027038
 0.0012771  0.0028948
 0.0014903  0.0021139
 0.0013938  0.0024034
 0.0015686  0.0020909
 0.0016082  0.0018636
 0.0015319  0.0018204
 0.0017439  0.0016504
 0.0018238  0.0009366
 0.0018234  0.0009152
 0.0019785  0.0003798
 0.0024177 -0.0002125
 0.0022845  0.0001117
 0.0020523 -0.0002726
 0.0015488 -0.0004624
 0.0008136 -0.0003918
 0.0007155 -0.0009869
 0.0002895 -0.0011783
-0.0000812 -0.0014484
 0.0000678 -0.0016410
-0.0000707 -0.0018671
 0.0001590 -0.0013095
-0.0001660 -0.0012877
-0.0003772 -0.0009998
-0.0008717 -0.0007119
-0.0014038 -0.0004216
-0.0015185 -0.0000166
-0.0017268  0.0005159
-0.0017050  0.0006887
-0.0018750  0.0008409
-0.0017026  0.0010653
-0.0013553  0.0010278
-0.0008531  0.0009079
-0.0007990  0.0010173
-0.0002232  0.0009781
-0.0002499  0.0006498
 0.0000900  0.0006292
 0.0002232  0.0006688
-0.0000328  0.0003224
-0.0001850  0.0006688
-0.0002229  0.0004019
-0.0001668  0.0007265
-0.0002778  0.0009583
-0.0007365  0.0010411
-0.0007373  0.0017150
-0.0009311  0.0016605
-0.0010841  0.0015248
-0.0014346  0.0016803
-0.0013785  0.0012600
-0.0014374  0.0009778
-0.0011702  0.0008046
-0.0010951  0.0004663
-0.0012691  0.0004671
-0.0012715  0.0006613
-0.0015549  0.0005075
-0.0018036  0.0002014
-0.0019397  0.0003355
-0.0018804 -0.0002201
-0.0019587 -0.0002750
-0.0018057 -0.0002782
-0.0017273 -0.0009682
-0.0018242 -0.0010615
-0.0016906 -0.0012561
-0.0014213 -0.0013869
-0.0011912 -0.0014426
-0.0013442 -0.0011745
-0.0011669 -0.0013449
-0.0013244 -0.0017478
-0.0015347 -0.0014426
-0.0014992 -0.0020018
-0.0018073 -0.0027346
-0.0018263 -0.0032898
-0.0020197 -0.0038813
-0.0019793 -0.0043997
-0.0019571 -0.0049907
-0.0020709 -0.0053133
-0.0022615 -0.0055567
-0.0025082 -0.0053637
-0.0024710 -0.0053230
-0.0028990 -0.0047282
-0.0030355 -0.0045356
-0.0033064 -0.0036518
-0.0035794 -0.0033858
-0.0030432 -0.0030797
-0.0028728 -0.0026356
-0.0026310 -0.0017175
-0.0027457 -0.0017970
-0.0023678 -0.0011442
-0.0023496 -0.0007828
-0.0020585 -0.0003214
-0.0017884  0.0000247
-0.0016144  0.0005200
-0.0015122  0.0009258
-0.0013216  0.0010603
-0.0017040  0.0013647
-0.0019733  0.0013465
-0.0018025  0.0014475
-0.0020339  0.0011786
-0.0019172  0.0011984
-0.0021457  0.0011996
-0.0020314  0.0015840
-0.0025829  0.0016393
-0.0023916  0.0017148
-0.0025058  0.0015424
-0.0024424  0.0014850
-0.0023063  0.0010393
-0.0018642  0.0009468
-0.0016329  0.0002366
-0.0017269  0.0001559
-0.0012469 -0.0001304
-0.0009990 -0.0002798
-0.0010369 -0.0001094
-0.0001313 -0.0005458
 0.0004008 -0.0003738
 0.0004763 -0.0001276
 0.0008227 -0.0002592
 0.0012632  0.0000728
 0.0011812  0.0002605
 0.0010674  0.0007405
 0.0011627  0.0010692
 0.0009321  0.0016562
 0.0009329  0.0018855
 0.0005663  0.0020349
 0.0004302  0.0021645
 0.0003176  0.0019759
 0.0001844  0.0019961
-0.0002941  0.0015722
-0.0008052  0.0011168
-0.0008286  0.0005641
-0.0008460  0.0002019
-0.0011516 -0.0001833
-0.0008266 -0.0000290
-0.0008621 -0.0000472
-0.0004369  0.0000279
-0.0002653  0.0003299
 0.0000847  0.0002507
 0.0004877 -0.0000198
 0.0008119 -0.0001575
 0.0010997 -0.0002948
 0.0015774 -0.0006928
 0.0019787 -0.0003525
 0.0022698 -0.0004143
 0.0019089 -0.0002064
 0.0020025  0.0000803
 0.0015612  0.0002353
 0.0015802  0.0000799
 0.0009136  0.0001239
 0.0009738 -0.0004539
 0.0006080 -0.0005463
 0.0006092 -0.0011830
 0.0006666 -0.0018008
 0.0008559 -0.0018928
 0.0009685 -0.0019155
 0.0009451 -0.0020317
 0.0007113 -0.0023503
 0.0003225 -0.0026938
 0.0000334 -0.0026159
-0.0001237 -0.0026898
-0.0007753 -0.0024415
-0.0007362 -0.0027912
-0.0008710 -0.0029450
-0.0010030 -0.0033088
-0.0006380 -0.0034428
-0.0005799 -0.0036350
 0.0000919 -0.0039576
-0.0000566 -0.0038215
 0.0000617 -0.0037234
 0.0001433 -0.0035473
-0.0002185 -0.0039462
-0.0005237 -0.0043516
-0.0006351 -0.0046003
-0.0009185 -0.0050214
-0.0007853 -0.0050440
-0.0007647 -0.0049867
-0.0011454 -0.0053711
-0.0007974 -0.0050868
-0.0000084 -0.0049899
 0.0001256 -0.0049161
 0.0005306 -0.0044562
 0.0013373 -0.0043221
 0.0013793 -0.0042434
 0.0016466 -0.0038247
 0.0016094 -0.0036697
 0.0013740 -0.0035138
 0.0013728 -0.0031472
 0.0013695 -0.0028759
 0.0013308 -0.0027019
 0.0013049 -0.0026998
 0.0014357 -0.0026570
 0.0017797 -0.0025569
 0.0021645 -0.0021898
 0.0021439 -0.0018616
 0.0019719 -0.0012511
 0.0017656 -0.0006919
 0.0014822 -0.0009241
 0.0011329 -0.0004683
 0.0007324 -0.0003734
 0.0005604 -0.0004723
 0.0002879 -0.0002854
-0.0001155 -0.0001692
-0.0002701 -0.0006327
-0.0003719 -0.0005592
-0.0001769 -0.0008677
-0.0002725 -0.0011192
-0.0001591 -0.0010042
 0.0001151 -0.0011200
-0.0000928 -0.0011043
-0.0003226 -0.0007995
-0.0004534 -0.0009727
-0.0006048 -0.0007252
-0.0007586 -0.0004930
-0.0007215 -0.0009549
-0.0007033 -0.0011641
-0.0001837 -0.0011826
 0.0000489 -0.0016841
 0.0000485 -0.0018997
 0.0005282 -0.0020633
 0.0006828 -0.0022406
 0.0009133 -0.0022261
 0.0015214 -0.0020000
 0.0013897 -0.0020771
 0.0014785 -0.0020371
 0.0015734 -0.0017658
 0.0016118 -0.0018017
 0.0013000 -0.0019696
 0.0010493 -0.0017367
 0.0010291 -0.0018134
 0.0010836 -0.0014302
 0.0006568 -0.0010697
 0.0007133 -0.0010697
 0.0001727 -0.0006684
 0.0002284 -0.0008012
 0.0002078 -0.0008581
 0.0001686 -0.0008177
 0.0002244 -0.0010834
 0.0002062 -0.0015053
 0.0000483 -0.0015053
-0.0001612 -0.0021376
-0.0000523 -0.0021154
-0.0003817 -0.0023212
-0.0005949 -0.0025122
-0.0004588 -0.0027173
-0.0005780 -0.0023107
-0.0008101 -0.0020418
-0.0010613 -0.0022138
-0.0012918 -0.0018936
-0.0010225 -0.0020091
-0.0010807 -0.0020322
-0.0011347 -0.0019768
-0.0008691 -0.0022247
-0.0007673 -0.0021856
-0.0003442 -0.0019159
 0.0000798 -0.0022029
 0.0003874 -0.0017172
 0.0002550 -0.0015101
 0.0003886 -0.0009686
 0.0007149 -0.0008742
 0.0005207 -0.0007454
 0.0007694 -0.0002488
 0.0004936  0.0003394
 0.0007419  0.0006055
 0.0004330  0.0009503
 0.0002359  0.0013585
 0.0002933  0.0010516
 0.0000639  0.0009770
 0.0000462  0.0004251
 0.0003748  0.0003867
 0.0010293  0.0004122
 0.0012256  0.0004703
 0.0013467  0.0006839
 0.0009111  0.0005543
 0.0008013  0.0000791
 0.0008086 -0.0004732
 0.0004909 -0.0012185
 0.0003581 -0.0014470
 0.0001490 -0.0019085
 0.0001490 -0.0021039
 0.0000335 -0.0018023
-0.0003921 -0.0017648
-0.0004353 -0.0018100
-0.0009347 -0.0017398
-0.0011649 -0.0020870
-0.0016227 -0.0024202
-0.0015242 -0.0025575
-0.0019679 -0.0030779
-0.0021193 -0.0036759
-0.0022538 -0.0042892
-0.0024678 -0.0048011
-0.0026051 -0.0050114
-0.0025288 -0.0049492
-0.0024153 -0.0047142
-0.0022300 -0.0043880
-0.0019421 -0.0038667
-0.0020176 -0.0034424
-0.0016688 -0.0030374
-0.0021848 -0.0029470
-0.0021609 -0.0028525
-0.0026394 -0.0025316
-0.0026947 -0.0024965
-0.0029450 -0.0022873
-0.0031557 -0.0023814
-0.0031162 -0.0026503
-0.0028634 -0.0032042
-0.0026886 -0.0035276
-0.0021843 -0.0039895
-0.0018564 -0.0040444
-0.0015637 -0.0041785
-0.0013876 -0.0041446
-0.0011336 -0.0036682
-0.0014732 -0.0033278
-0.0014348 -0.0028704
-0.0018939 -0.0028151
-0.0017263 -0.0029891
-0.0016649 -0.0030424
-0.0014401 -0.0032160
-0.0015196 -0.0029055
-0.0010028 -0.0028998
-0.0008680 -0.0028187
-0.0003714 -0.0028364
-0.0004461 -0.0021044
 0.0006089 -0.0016474
 0.0007446 -0.0013991
 0.0007793 -0.0010902
 0.0011604 -0.0006703
 0.0010998 -0.0005104
 0.0013695 -0.0001983
 0.0012388 -0.0000590
 0.0010163  0.0001971
 0.0008451  0.0001999
 0.0008080  0.0007018
 0.0007156  0.0006691
 0.0007560  0.0008423
 0.0006025  0.0007882
 0.0007757  0.0007652
 0.0012170  0.0002262
 0.0012517  0.0001236
 0.0018069 -0.0002063
 0.0023241 -0.0007700
 0.0025691 -0.0008883
 0.0026042 -0.0012496
 0.0026192 -0.0011333
 0.0025957 -0.0009569
 0.0022332 -0.0008749
 0.0023284 -0.0007909
 0.0018541 -0.0011712
 0.0017963 -0.0008215
 0.0014346 -0.0011288
 0.0015896 -0.0011687
 0.0011088 -0.0015035
 0.0012198 -0.0012584
 0.0008350 -0.0015738
 0.0008524 -0.0016776
 0.0001765 -0.0016054
-0.0001308 -0.0014944
-0.0006137 -0.0016878
-0.0008983 -0.0016094
-0.0011813 -0.0013599
-0.0017369 -0.0013175
-0.0017122 -0.0014205
-0.0014776 -0.0011463
-0.0010178 -0.0010111
-0.0013246 -0.0013607
-0.0015350 -0.0012804
-0.0014441 -0.0015452
-0.0011785 -0.0019279
-0.0011652 -0.0018447
-0.0006537 -0.0019113
-0.0002717 -0.0018309
 0.0000892 -0.0015741
 0.0005470 -0.0011300
 0.0008180 -0.0012224
 0.0010727 -0.0008813
 0.0010389 -0.0006374
 0.0015020 -0.0005091
 0.0013752 -0.0001296
 0.0013842 -0.0002418
 0.0009934  0.0002136
 0.0006765 -0.0000553
 0.0004702  0.0000832
 0.0006334  0.0000981
 0.0004513 -0.0003416
 0.0008159 -0.0001159
 0.0007986 -0.0004417
 0.0011591 -0.0005955
 0.0015135 -0.0006371
 0.0014921 -0.0007163
 0.0017166 -0.0008677
 0.0016317 -0.0009093
 0.0016055 -0.0005059
 0.0015816 -0.0001777
 0.0013409  0.0006278
 0.0007034  0.0008987
 0.0005810  0.0014789
 0.0002059  0.0021573
-0.0000271  0.0023143
-0.0001813  0.0019018
-0.0003917  0.0017730
-0.0002919  0.0014145
-0.0003670  0.0008432
-0.0001918  0.0006906
-0.0004578 -0.0000184
-0.0004764 -0.0006337
-0.0009932 -0.0011711
-0.0009532 -0.0014981
-0.0004336 -0.0022236
-0.0004517 -0.0023601
-0.0004667 -0.0025733
 0.0000901 -0.0024005
-0.0001186 -0.0024066
-0.0005393 -0.0025237
-0.0004255 -0.0025088
-0.0006944 -0.0025879
-0.0011159 -0.0028576
-0.0013101 -0.0030494
-0.0013109 -0.0033966
-0.0010622 -0.0035711
-0.0003799 -0.0036853
 0.0001889 -0.0033611
 0.0009875 -0.0035129
 0.0018616 -0.0031883
 0.0027179 -0.0026852
 0.0033514 -0.0024527
 0.0037486 -0.0019738
 0.0041500 -0.0016872
 0.0042436 -0.0013097
 0.0045299 -0.0009104
 0.0043575 -0.0006666
 0.0040869 -0.0004764
 0.0038536 -0.0000759
 0.0038992 -0.0000174
 0.0037858  0.0002326
 0.0035020  0.0004429
 0.0033546  0.0003279
 0.0035347  0.0000824
 0.0035582 -0.0000545
 0.0036361 -0.0003807
 0.0038101 -0.0006872
 0.0036543 -0.0010546
 0.0038675 -0.0015120
 0.0041323 -0.0016804
 0.0042804 -0.0015427
 0.0045316 -0.0016133
 0.0045340 -0.0016092
 0.0045583 -0.0013807
 0.0047896 -0.0013803
 0.0045607 -0.0014142
 0.0044485 -0.0011481
 0.0040839 -0.0013411
 0.0036200 -0.0010694
 0.0034468 -0.0010157
 0.0027749 -0.0011336
 0.0029065 -0.0012334
 0.0030749 -0.0010650
 0.0030914 -0.0013198
 0.0033744 -0.0013223
 0.0035036 -0.0015585
 0.0035766 -0.0016162
 0.0037268 -0.0017478
 0.0037070 -0.0017119
 0.0038782 -0.0018023
 0.0041633 -0.0014180
 0.0044911 -0.0014918
 0.0046453 -0.0014111
 0.0042259 -0.0012968
 0.0042465 -0.0012911
 0.0035371 -0.0010000
 0.0033065 -0.0008046
 0.0026206 -0.0003947
 0.0021244 -0.0006204
 0.0017639 -0.0004855
 0.0012891 -0.0004011
 0.0009843 -0.0006074
 0.0009875 -0.0002408
 0.0009104 -0.0004112
 0.0009141 -0.0004859
 0.0012221  0.0001282
 0.0009956  0.0002223
 0.0013227  0.0007173
 0.0012896  0.0004815
 0.0011386  0.0006284
 0.0011782  0.0004265
 0.0013304  0.0004620
 0.0012965  0.0003400
 0.0016409  0.0003739
 0.0018743  0.0003101
 0.0017637  0.0001006
 0.0021270  0.0002536
 0.0022223  0.0004421
 0.0025453  0.0000169
 0.0029272  0.0003222
 0.0034396  0.0005144
 0.0033980  0.0012774
 0.0034533  0.0017155
 0.0035118  0.0022319
 0.0033390  0.0030531
 0.0030120  0.0033974
 0.0026094  0.0035372
 0.0022428  0.0036377
 0.0015851  0.0033955
 0.0010860  0.0030180
 0.0004485  0.0027544
-0.0002035  0.0019558
-0.0006626  0.0010583
-0.0006255  0.0007547
-0.0009529 -0.0000487
-0.0007583 -0.0005417
-0.0006448 -0.0008089
-0.0004922 -0.0010956
-0.0000856 -0.0014787
 0.0002026 -0.0011380
 0.0003024 -0.0012188
 0.0006100 -0.0009923
 0.0006694 -0.0008454
 0.0010534 -0.0003702
 0.0009827 -0.0003706
 0.0009238 -0.0003738
 0.0007893 -0.0007182
 0.0006516 -0.0008914
 0.0006690 -0.0009516
 0.0008757 -0.0011228
 0.0007590 -0.0012181
 0.0013323 -0.0008708
 0.0016400 -0.0001586
 0.0015794  0.0002068
 0.0015277  0.0001894
 0.0012799  0.0003255
 0.0011066  0.0001337
 0.0007639  0.0000356
 0.0004526 -0.0001360
 0.0002224 -0.0001961
 0.0003351 -0.0004683
-0.0001244 -0.0000831
-0.0005455  0.0001216
-0.0005435  0.0002132
-0.0006161  0.0002867
-0.0004780  0.0004736
-0.0003226  0.0008737
-0.0005458  0.0008111
-0.0002337  0.0009039
-0.0000758  0.0007121
-0.0000136  0.0007678
 0.0001980  0.0006342
 0.0006033  0.0005579
 0.0011403  0.0005167
 0.0014847  0.0008231
 0.0016741  0.0010306
 0.0016155  0.0011029
 0.0019926  0.0010819
 0.0023890  0.0008715
 0.0023079  0.0005804
 0.0022493  0.0002809
 0.0019965  0.0003011
 0.0022295  0.0002639
 0.0019861 -0.0003300
 0.0020660 -0.0003889
 0.0020850 -0.0005646
 0.0025861 -0.0006017
 0.0029515 -0.0006364
 0.0033169 -0.0004022
 0.0034876 -0.0000517
 0.0039867 -0.0002156
 0.0046214  0.0006508
 0.0048552  0.0006787
 0.0050534  0.0008540
 0.0055157  0.0009352
 0.0051944  0.0008023
 0.0050983  0.0009384
 0.0047733  0.0004236
 0.0043530  0.0004640
 0.0036250 -0.0000495
 0.0027659 -0.0000495
 0.0025196 -0.0002578
 0.0021417 -0.0005598
 0.0017235 -0.0006022
 0.0018063 -0.0006390
 0.0017142 -0.0009483
 0.0015612 -0.0009470
 0.0013295 -0.0009309
 0.0016738 -0.0005655
 0.0013666 -0.0003939
 0.0008445 -0.0000148
 0.0003439  0.0001382
-0.0001568  0.0002743
-0.0002925  0.0000429
-0.0004665 -0.0004000
-0.0002319 -0.0007485
 0.0003043 -0.0011708
 0.0005300 -0.0015188
 0.0007189 -0.0018871
 0.0009054 -0.0017554
 0.0010386 -0.0016032
 0.0012066 -0.0016828
 0.0012772 -0.0014123
 0.0009659 -0.0013360
 0.0012275 -0.0012229
 0.0014511 -0.0010659
 0.0013881 -0.0008745
 0.0014236 -0.0004352
 0.0014777 -0.0004764
 0.0015693 -0.0003254
 0.0017034 -0.0001163
 0.0014143 -0.0001365
 0.0010663  0.0001889
 0.0012411  0.0005192
 0.0010122  0.0008867
 0.0008802  0.0013675
 0.0009577  0.0018892
 0.0009238  0.0023688
 0.0012682  0.0026200
 0.0017131  0.0025223
 0.0016744  0.0025812
 0.0018100  0.0025194
 0.0021766  0.0021710
 0.0024823  0.0022057
 0.0022521  0.0020684
 0.0022723  0.0017756
 0.0026963  0.0020611
 0.0023688  0.0019274
 0.0024831  0.0017756
 0.0023091  0.0018552
 0.0020220  0.0019364
 0.0015856  0.0017139
 0.0009727  0.0017560
 0.0003453  0.0019683
 0.0002941  0.0016582
 0.0001096  0.0020801
-0.0000241  0.0023607
 0.0003781  0.0022457
 0.0005917  0.0022763
 0.0005497  0.0024289
 0.0005638  0.0020659
 0.0002310  0.0019109
 0.0000183  0.0017756
-0.0003479  0.0016424
-0.0001198  0.0014490
 0.0000332  0.0015624
 0.0000316  0.0015451
-0.0000121  0.0015790
-0.0001271  0.0016932
-0.0005337  0.0019226
-0.0010522  0.0016686
-0.0014728  0.0014336
-0.0015100  0.0015079
-0.0019141  0.0011945
-0.0022359  0.0011929
-0.0020248  0.0012292
-0.0020239  0.0012308
-0.0019411  0.0014420
-0.0016537  0.0012527
-0.0018034  0.0013726
-0.0016504  0.0013936
-0.0017094  0.0010811
-0.0018224  0.0014856
-0.0015967  0.0012939
-0.0017902  0.0012918
-0.0017893  0.0014663
-0.0018450  0.0013124
-0.0019214  0.0011578
-0.0014776  0.0006628
-0.0011147  0.0002990
-0.0007319 -0.0003312
-0.0003710 -0.0005428
-0.0003161 -0.0007321
 0.0001991 -0.0010022
 0.0004264 -0.0003328
 0.0001938 -0.0001237
 0.0005007  0.0002978
 0.0004982  0.0005247
 0.0004962  0.0003127
 0.0002075  0.0002558
 0.0004183  0.0000035
-0.0000436 -0.0005678
 0.0001308 -0.0010879
-0.0000206 -0.0011613
-0.0002285 -0.0011799
-0.0006104 -0.0008157
-0.0003363 -0.0005307
-0.0004130 -0.0002424
-0.0008547 -0.0002320
-0.0003201 -0.0001169
-0.0001841 -0.0003713
-0.0003791 -0.0005691
 0.0000440 -0.0012769
 0.0003525 -0.0015083
 0.0002213 -0.0017037
 0.0000489 -0.0020666
-0.0000286 -0.0023723
-0.0005503 -0.0024062
-0.0006884 -0.0025341
-0.0009827 -0.0027029
-0.0011943 -0.0024679
-0.0011967 -0.0022341
-0.0010462 -0.0024040
-0.0012767 -0.0017908
-0.0010486 -0.0017891
-0.0007022 -0.0015065
-0.0003970 -0.0008186
-0.0001866 -0.0008198
-0.0003219 -0.0007653
-0.0001305 -0.0007047
-0.0007087 -0.0006874
-0.0007070 -0.0007204
-0.0012420 -0.0003724
-0.0010474 -0.0000042
-0.0016582 -0.0000558
-0.0016521  0.0004328
-0.0017393  0.0001873
-0.0015665  0.0000755
-0.0014974 -0.0004756
-0.0009963 -0.0004368
-0.0006099 -0.0004522
-0.0002958 -0.0009738
 0.0000733 -0.0008983
 0.0002856 -0.0007263
 0.0003603 -0.0005184
 0.0002049 -0.0004029
-0.0000818 -0.0002883
-0.0002938 -0.0005996
-0.0009115 -0.0009646
-0.0009688 -0.0007030
-0.0013278 -0.0009945
-0.0015773 -0.0008460
-0.0015151 -0.0010612
-0.0012445 -0.0011771
-0.0005537 -0.0011424
-0.0001072 -0.0008392
 0.0004484 -0.0010140
 0.0004092 -0.0001899
 0.0006793 -0.0003111
 0.0004726  0.0001253
 0.0001803  0.0005593
-0.0000939  0.0007874
-0.0002667  0.0006171
-0.0006006  0.0006417
-0.0006253  0.0008202
-0.0004759  0.0007169
-0.0000964  0.0009131
 0.0000736  0.0010351
 0.0004716  0.0007884
 0.0004115  0.0007113
 0.0008289  0.0005409
 0.0009791  0.0006762
 0.0006512  0.0009092
 0.0004732  0.0004114
 0.0000258 -0.0001644
-0.0000728 -0.0004655
 0.0002878 -0.0014600
 0.0004981 -0.0018411
 0.0007642 -0.0022036
 0.0011893 -0.0027971
 0.0012071 -0.0029102
 0.0014619 -0.0029324
 0.0016016 -0.0031218
 0.0011236 -0.0023579
 0.0008616 -0.0027641
 0.0005741 -0.0021487
-0.0000363 -0.0018674
-0.0002822 -0.0010643
-0.0000137 -0.0008334
-0.0000525 -0.0004304
 0.0003129 -0.0001995
 0.0004131  0.0000731
 0.0005908  0.0004158
 0.0010188  0.0008212
 0.0010806  0.0011087
 0.0011972  0.0013198
 0.0015053  0.0016828
 0.0013511  0.0020668
 0.0017540  0.0022755
 0.0021957  0.0025799
 0.0016975  0.0027434
 0.0017120  0.0029905
 0.0016963  0.0031576
 0.0012195  0.0028297
 0.0011787  0.0030607
 0.0010273  0.0027736
 0.0010528  0.0023682
 0.0010487  0.0020795
 0.0010697  0.0013153
 0.0012582  0.0006014
 0.0009453  0.0003346
 0.0008835 -0.0001891
 0.0007272 -0.0008977
 0.0004563 -0.0009554
 0.0005124 -0.0013806
 0.0002246 -0.0011295
-0.0001623 -0.0011129
-0.0003904 -0.0006676
-0.0007574 -0.0000886
-0.0009286  0.0001609
-0.0012782 -0.0001980
-0.0013376 -0.0000401
-0.0013969 -0.0007446
-0.0010130 -0.0007987
-0.0006694 -0.0005463
-0.0002116 -0.0005282
 0.0004191 -0.0000461
 0.0006290  0.0004307
 0.0008188  0.0006346
 0.0013743  0.0010969
 0.0013331  0.0013617
 0.0015830  0.0013799
 0.0017538  0.0014372
 0.0018503  0.0018806
 0.0017183  0.0019726
 0.0011607  0.0018026
 0.0006476  0.0018010
 0.0001502  0.0013040
 0.0002830  0.0013468
 0.0000727  0.0009706
 0.0002095  0.0003589
 0.0004788  0.0001518
 0.0007861 -0.0000182
 0.0010982 -0.0003844
 0.0010574 -0.0003468
 0.0009650 -0.0001765
 0.0013865 -0.0007687
 0.0014059 -0.0005996
 0.0014236 -0.0007889
 0.0015964 -0.0009008
 0.0015403 -0.0010174
 0.0018678 -0.0011692
 0.0015040 -0.0016311
 0.0016393 -0.0017660
 0.0017596 -0.0018657
 0.0013769 -0.0020789
 0.0011702 -0.0022599
 0.0010583 -0.0021303
 0.0008484 -0.0022692
 0.0006942 -0.0022357
 0.0002928 -0.0022571
-0.0000387 -0.0020698
-0.0003290 -0.0021138
-0.0007025 -0.0021287
-0.0013384 -0.0019358
-0.0014999 -0.0018913
-0.0015003 -0.0019777
-0.0019590 -0.0021638
-0.0020716 -0.0020002
-0.0021237 -0.0021108
-0.0023897 -0.0024899
-0.0020615 -0.0024342
-0.0019250 -0.0027939
-0.0021103 -0.0032162
-0.0019371 -0.0033733
-0.0015378 -0.0032982
-0.0012293 -0.0031295
-0.0009996 -0.0027092
-0.0011769 -0.0024609
-0.0012391 -0.0020042
-0.0015302 -0.0015060
-0.0018439 -0.0012375
-0.0021132 -0.0011402
-0.0020555 -0.0014083
-0.0020716 -0.0016562
-0.0021657 -0.0017907
-0.0020441 -0.0022707
-0.0017575 -0.0026377
-0.0014639 -0.0029858
-0.0012338 -0.0032208
-0.0003520 -0.0034146
 0.0000683 -0.0036823
 0.0007736 -0.0035288
 0.0010978 -0.0032389
 0.0014612 -0.0029305
 0.0014406 -0.0024855
 0.0013025 -0.0017168
 0.0014765 -0.0010607
 0.0018370 -0.0007897
 0.0021039 -0.0001130
 0.0024673  0.0003662
 0.0024055  0.0005580
 0.0022294  0.0006932
 0.0020958  0.0004978
 0.0019605  0.0000165
 0.0015382  0.0002451
 0.0017344  0.0002422
 0.0018338  0.0002035
 0.0018027  0.0009314
 0.0018645  0.0012387
 0.0019235  0.0014639
 0.0017761  0.0018063
 0.0016800  0.0017877
 0.0014681  0.0008421
 0.0011019  0.0003980
 0.0009836  0.0000168
 0.0007130 -0.0006732
 0.0004425 -0.0009978
 0.0002459 -0.0015727
-0.0000614 -0.0018392
-0.0002326 -0.0026002
-0.0001825 -0.0028105
-0.0007567 -0.0033641
-0.0006965 -0.0038639
-0.0006561 -0.0040331
-0.0009795 -0.0042297
-0.0006504 -0.0042495
-0.0001349 -0.0037343
-0.0001130 -0.0032963
 0.0000981 -0.0025106
 0.0005180 -0.0023196
 0.0002758 -0.0017071
 0.0005984 -0.0010696
 0.0006198 -0.0008907
 0.0002782 -0.0007683
 0.0002972 -0.0003367
 0.0002152 -0.0001170
 0.0002936 -0.0005926
 0.0002140 -0.0008558
 0.0002099 -0.0009297
 0.0001740 -0.0017521
 0.0007308 -0.0020173
 0.0006206 -0.0023278
 0.0007975 -0.0020783
 0.0007030 -0.0019851
 0.0006477 -0.0017392
 0.0007026 -0.0012261
 0.0007793 -0.0006314
 0.0010647 -0.0003863
 0.0007930  0.0002068
 0.0013461  0.0003965
 0.0011527  0.0006206
 0.0011156  0.0005564
 0.0013998  0.0007635
 0.0012645  0.0006395
 0.0015556  0.0006181
 0.0022210  0.0006164
 0.0020676  0.0007274
 0.0025815  0.0007428
 0.0026913  0.0007407
 0.0027656  0.0006382
 0.0025145  0.0006333
 0.0023521  0.0002804
 0.0021728 -0.0000309
 0.0019733 -0.0003015
 0.0020282 -0.0006083
 0.0017573 -0.0009890
 0.0017891 -0.0010766
 0.0020221 -0.0013959
 0.0019317 -0.0013866
 0.0021223 -0.0013636
 0.0019725 -0.0016643
 0.0021304 -0.0015848
 0.0021554 -0.0013534
 0.0019092 -0.0012351
 0.0018361 -0.0009109
 0.0013359 -0.0006242
 0.0007420 -0.0004365
 0.0004363  0.0000403
-0.0000817  0.0005010
-0.0004656  0.0005216
-0.0006764  0.0007699
-0.0010797  0.0008325
-0.0011730  0.0002822
-0.0015545  0.0001910
-0.0014399 -0.0002067
-0.0017847 -0.0004703
-0.0018981 -0.0006452
-0.0016163 -0.0009141
-0.0018808 -0.0012088
-0.0021513 -0.0013437
-0.0022741 -0.0017935
-0.0023936 -0.0023543
-0.0020088 -0.0027246
-0.0018590 -0.0027662
-0.0019931 -0.0027129
-0.0018380 -0.0022341
-0.0014767 -0.0020980
-0.0017650 -0.0014298
-0.0010168 -0.0008339
-0.0011929  0.0001815
-0.0010003  0.0005049
-0.0007528  0.0011392
-0.0007912  0.0020036
-0.0006167  0.0025839
-0.0004431  0.0030139
-0.0000171  0.0031738
-0.0000074  0.0029275
 0.0002635  0.0027624
 0.0004840  0.0021516
 0.0005309  0.0017462
