[PARAMETERS]
DW=1E-007
TAU=0.0001
TD=4096
BS=4096
NS=128
NSC=128
FR=56.270000
GAIN=4.974204
D0=0.05
D1=5E-006
D2=1.05E-005
D3=2.5E-005
D4=1E-005
D5=5E-005
D6=0.001
D7=0.001
D8=0.001
D9=0.05
C0=1
SEGTD=0
SEGOFF=0
SEGNUM=0
[ADDITIONAL]
PPFILE=ZG_two_T2.PC
DATEWR=26.09.2024
TIMEWR=13:57:08
DATESTA=26.09.2024
TIMESTA=13:56:59
DATEEND=26.09.2024
TIMEEND=13:57:08
CURR_Z0=0
CURR_Z1=1
TE=-1
[VARIABLES]
_USER=Measurements
_EMAIL_F=7NMR.NMR-270-ijs.si
_ITC_H=1
_ITC_R0= 70.00
_ITC_R1= 70.06
_ITC_R2= 70.78
_ITC_R3=  0.00
_ITC_R4=  0.06
_ITC_V=  4.98
_ITC_X=X0A1C1S00H1
_FW=100
_ORIENT=?
_THETA=0
_TITLE=?
_DESCR1=?
_DESCR2=?
_FR_LARM=56.27000000
_FR_SYNT=526.27000000
_TRIMLEV=1.6845703125
_DATE=26.09.2024
_TIME=13:44:47
_ITC_DIR=M35
[PPFILE]
; pi/2 - pi


DELAY D9
PULSE [GT] 3u
PULSE [PHL1,GT] D1
DELAY TAU-3u
PULSE [GT] 3u
PULSE [PHL2,GT] 2*D1
DELAY TAU-D3
PULSE [TR] 1u+DW
DELAY 1m
STOP

;PHL 1 [+X] [+X] [+Y] [+Y] [-X] [-X] [-Y] [-Y]
;PHL 2 [+Y] [-Y] [-X] [+X] [-Y] [+Y] [+X] [-X]
;!RLS +X+X+Y+Y-X-X-Y-Y

PHL 1 [+X] [+X] [-X] [-X] [+Y] [+Y] [-Y] [-Y] [+X] [+X] [-X] [-X] [+Y] [+Y] [-Y] [-Y]
PHL 2 [+Y] [-Y] [-Y] [+Y] [-X] [+X] [+X] [-X] [+X] [-X] [-X] [+X] [-Y] [+Y] [+Y] [-Y]
!RLS +X+X-X-X+Y+Y-Y-Y-X-X+X+X-Y-Y+Y+Y
[DATA]
-0.0026035  0.0027943
-0.0028329  0.0027204
-0.0028127  0.0027834
-0.0026605  0.0024419
-0.0026209  0.0025045
-0.0020847  0.0022558
-0.0021404  0.0020858
-0.0016018  0.0022033
-0.0008916  0.0022809
-0.0008678  0.0022994
-0.0003263  0.0027399
-0.0005359  0.0029115
-0.0005706  0.0030782
-0.0006085  0.0033075
-0.0010470  0.0034012
-0.0013328  0.0033047
-0.0011757  0.0033810
-0.0013857  0.0030907
-0.0012666  0.0027394
-0.0005931  0.0027349
-0.0004788  0.0028250
-0.0002079  0.0032375
 0.0004462  0.0033300
 0.0005011  0.0038976
 0.0003630  0.0047353
 0.0003052  0.0045811
-0.0004033  0.0048245
-0.0009024  0.0047103
-0.0009395  0.0041798
-0.0011882  0.0033905
-0.0011264  0.0025725
-0.0007659  0.0023654
-0.0004389  0.0018337
 0.0000767  0.0014542
-0.0001546  0.0015955
-0.0004203  0.0019642
-0.0007094  0.0018201
-0.0013990  0.0014979
-0.0020102  0.0010013
-0.0020886  0.0006626
-0.0023348  0.0002007
-0.0018734 -0.0001994
-0.0013384 -0.0004642
-0.0007812 -0.0003661
-0.0003779 -0.0004432
 0.0002556 -0.0004626
 0.0002168 -0.0005418
 0.0003929 -0.0005591
 0.0007720 -0.0004808
 0.0006198 -0.0004234
 0.0007575 -0.0008098
 0.0010231 -0.0007525
 0.0009840 -0.0006391
 0.0012327 -0.0006007
 0.0014051 -0.0012350
 0.0018468 -0.0015600
 0.0018653 -0.0018689
 0.0019639 -0.0020380
 0.0021205 -0.0022855
 0.0020669 -0.0021135
 0.0022768 -0.0022286
 0.0022570 -0.0020384
 0.0023143 -0.0016961
 0.0022901 -0.0012040
 0.0022493 -0.0007675
 0.0021677 -0.0002281
 0.0020264  0.0002128
 0.0014494  0.0007893
 0.0010791  0.0011002
 0.0004279  0.0014669
-0.0003788  0.0014281
-0.0008241  0.0014075
-0.0012675  0.0010611
-0.0016312  0.0009085
-0.0017080  0.0002931
-0.0016498  0.0000622
-0.0017080 -0.0003189
-0.0017459 -0.0006217
-0.0014023 -0.0005248
-0.0013619 -0.0008450
-0.0009982 -0.0011312
-0.0007486 -0.0010686
-0.0003691 -0.0009919
-0.0003296 -0.0007613
-0.0004620 -0.0007024
-0.0002678 -0.0004508
-0.0001119 -0.0005061
 0.0001227 -0.0002930
 0.0004509 -0.0001803
 0.0006092 -0.0001605
 0.0008834  0.0001273
 0.0005564  0.0004136
 0.0007663  0.0004277
 0.0005580  0.0006352
 0.0005927  0.0009166
 0.0010727  0.0010304
 0.0011297  0.0013881
 0.0013190  0.0015779
 0.0015330  0.0017866
 0.0013969  0.0018011
 0.0011119  0.0018568
 0.0009012  0.0014402
 0.0002103  0.0016295
-0.0002677  0.0016275
-0.0008951  0.0016630
-0.0013327  0.0014058
-0.0014106  0.0014776
-0.0018721  0.0009333
-0.0017781  0.0008909
-0.0015685  0.0005457
-0.0013045  0.0003188
-0.0007502  0.0002437
 0.0000161  0.0001913
 0.0004780 -0.0000542
 0.0007078 -0.0003388
 0.0012464 -0.0002217
 0.0013857 -0.0004514
 0.0017854 -0.0001240
 0.0021867 -0.0001014
 0.0021673  0.0002689
 0.0027628  0.0009048
 0.0032627  0.0007756
 0.0033608  0.0012190
 0.0036115  0.0014866
 0.0040169  0.0018319
 0.0039822  0.0018876
 0.0041534  0.0020398
 0.0044602  0.0014636
 0.0045224  0.0012520
 0.0047538  0.0014644
 0.0048527  0.0013114
 0.0045112  0.0014983
 0.0046460  0.0020527
 0.0045306  0.0021475
 0.0040517  0.0020692
 0.0042378  0.0023195
 0.0046589  0.0018580
 0.0044062  0.0019545
 0.0041518  0.0018044
 0.0039802  0.0016901
 0.0035401  0.0014665
 0.0036746  0.0010680
 0.0035603  0.0007615
 0.0033277  0.0008750
 0.0037698  0.0007611
 0.0039745  0.0001636
 0.0041626  0.0002023
 0.0045450 -0.0003577
 0.0049798 -0.0005144
 0.0049014 -0.0006710
 0.0054182 -0.0006153
 0.0054380 -0.0006351
 0.0056282 -0.0009989
 0.0059362 -0.0013073
 0.0061507 -0.0013675
 0.0062488 -0.0013494
 0.0062149 -0.0015205
 0.0059908 -0.0016219
 0.0059578 -0.0015597
 0.0061552 -0.0019618
 0.0064871 -0.0021536
 0.0066809 -0.0022130
 0.0068715 -0.0029058
 0.0068162 -0.0026167
 0.0070839 -0.0028654
 0.0070661 -0.0032615
 0.0067395 -0.0030681
 0.0069127 -0.0030838
 0.0071041 -0.0026050
 0.0070092 -0.0023740
 0.0072159 -0.0023554
 0.0072122 -0.0022808
 0.0074024 -0.0026861
 0.0083164 -0.0025484
 0.0081057 -0.0027431
 0.0081638 -0.0025493
 0.0084666 -0.0023906
 0.0085038 -0.0021047
 0.0085244 -0.0016973
 0.0087327 -0.0014252
 0.0085187 -0.0014623
 0.0086564 -0.0014595
 0.0086527 -0.0011526
 0.0082683 -0.0009786
 0.0081153 -0.0007864
 0.0080507 -0.0009019
 0.0074886 -0.0006932
 0.0074660 -0.0006750
 0.0073263 -0.0004303
 0.0069217 -0.0006423
 0.0069548 -0.0009706
 0.0070065 -0.0007978
 0.0073723 -0.0014098
 0.0077897 -0.0014454
 0.0077691 -0.0016928
 0.0082322 -0.0018798
 0.0084418 -0.0020118
 0.0087103 -0.0021842
 0.0087862 -0.0021474
 0.0089230 -0.0019375
 0.0091572 -0.0014437
 0.0092352 -0.0012940
 0.0097213 -0.0013768
 0.0102632 -0.0014022
 0.0107097 -0.0013094
 0.0115713 -0.0008511
 0.0118253 -0.0008313
 0.0123304 -0.0005229
 0.0126736 -0.0001361
 0.0127923  0.0001147
 0.0128909  0.0004425
 0.0130810  0.0005782
 0.0131932  0.0001599
 0.0132873 -0.0000900
 0.0135538 -0.0006670
 0.0144141 -0.0012992
 0.0150242 -0.0020066
 0.0161704 -0.0022165
 0.0173598 -0.0026542
 0.0189312 -0.0028823
 0.0207715 -0.0028415
 0.0222351 -0.0028019
 0.0240790 -0.0023982
 0.0258660 -0.0021911
 0.0276551 -0.0019064
 0.0296657 -0.0013933
 0.0319085 -0.0014749
 0.0340197 -0.0016097
 0.0362456 -0.0011256
 0.0388938 -0.0016045
 0.0415642 -0.0016388
 0.0443076 -0.0017889
 0.0471872 -0.0019428
 0.0499892 -0.0019258
 0.0532539 -0.0020037
 0.0564023 -0.0023142
 0.0594724 -0.0020102
 0.0626790 -0.0018964
 0.0658997 -0.0016658
 0.0691806 -0.0013392
 0.0723270 -0.0010877
 0.0756829 -0.0007417
 0.0792678 -0.0007182
 0.0827158 -0.0003544
 0.0863143  0.0001034
 0.0902222  0.0003146
 0.0944530  0.0007284
 0.0983208  0.0010913
 0.1021714  0.0011438
 0.1059835  0.0014498
 0.1099140  0.0018140
 0.1137496  0.0021418
 0.1178896  0.0026813
 0.1215516  0.0032380
 0.1256734  0.0042002
 0.1296629  0.0046431
 0.1332651  0.0055224
 0.1375234  0.0063671
 0.1417987  0.0066158
 0.1459366  0.0071495
 0.1499006  0.0075710
 0.1542348  0.0077665
 0.1579953  0.0078444
 0.1622532  0.0083467
 0.1665487  0.0086317
 0.1708268  0.0093419
 0.1747779  0.0101119
 0.1791909  0.0106501
 0.1836430  0.0112803
 0.1879788  0.0120293
 0.1924891  0.0124657
 0.1973825  0.0131545
 0.2021415  0.0136890
 0.2066675  0.0141626
 0.2111148  0.0145796
 0.2157014  0.0151126
 0.2205334  0.0155296
 0.2251922  0.0162914
 0.2305588  0.0166568
 0.2357756  0.0174607
 0.2412557  0.0183017
 0.2471164  0.0188795
 0.2530798  0.0197031
 0.2589219  0.0211408
 0.2646535  0.0216439
 0.2702894  0.0228734
 0.2761001  0.0242013
 0.2816061  0.0258720
 0.2874757  0.0267405
 0.2933264  0.0282017
 0.2987907  0.0293297
 0.3046782  0.0310000
 0.3102777  0.0323800
 0.3160303  0.0335460
 0.3218758  0.0350205
 0.3275908  0.0361118
 0.3332836  0.0373513
 0.3394218  0.0383461
 0.3453835  0.0392049
 0.3518071  0.0403374
 0.3579614  0.0415854
 0.3641686  0.0427922
 0.3696725  0.0439679
 0.3752918  0.0454097
 0.3805515  0.0465794
 0.3859786  0.0476396
 0.3916828  0.0483300
 0.3973236  0.0495191
 0.4030431  0.0505135
 0.4094356  0.0512204
 0.4150917  0.0524825
 0.4206913  0.0536275
 0.4261956  0.0547754
 0.4312541  0.0555602
 0.4361939  0.0568797
 0.4407421  0.0574162
 0.4455354  0.0584692
 0.4499435  0.0594495
 0.4539733  0.0606184
 0.4580354  0.0618841
 0.4615439  0.0632274
 0.4651300  0.0640522
 0.4683095  0.0655683
 0.4712782  0.0665821
 0.4739421  0.0672874
 0.4756661  0.0681070
 0.4779428  0.0688362
 0.4796511  0.0690873
 0.4813767  0.0695641
 0.4827349  0.0693526
 0.4841104  0.0697935
 0.4855086  0.0700777
 0.4864465  0.0699449
 0.4875935  0.0705359
 0.4882064  0.0706308
 0.4883231  0.0708367
 0.4884010  0.0711023
 0.4883098  0.0709251
 0.4880074  0.0704781
 0.4876614  0.0699984
 0.4867272  0.0688078
 0.4860396  0.0681743
 0.4851784  0.0676979
 0.4837431  0.0670652
 0.4819210  0.0668706
 0.4801772  0.0665646
 0.4781415  0.0662412
 0.4758410  0.0663373
 0.4739409  0.0662242
 0.4716985  0.0664180
 0.4693976  0.0667851
 0.4672662  0.0667318
 0.4640673  0.0666018
 0.4611386  0.0665102
 0.4573999  0.0658222
 0.4533753  0.0649994
 0.4496552  0.0643881
 0.4455132  0.0634486
 0.4418492  0.0626597
 0.4381658  0.0620662
 0.4339854  0.0613733
 0.4299027  0.0610273
 0.4259145  0.0604334
 0.4219989  0.0603361
 0.4175629  0.0596630
 0.4133434  0.0591430
 0.4091997  0.0585507
 0.4050920  0.0580702
 0.4006960  0.0576524
 0.3965943  0.0571360
 0.3918967  0.0563923
 0.3876408  0.0553192
 0.3831742  0.0547673
 0.3787334  0.0539206
 0.3744016  0.0529015
 0.3697428  0.0524210
 0.3652955  0.0514193
 0.3609427  0.0506534
 0.3562633  0.0501758
 0.3518003  0.0496619
 0.3472170  0.0488382
 0.3427342  0.0484785
 0.3382106  0.0479080
 0.3339931  0.0475777
 0.3295838  0.0470605
 0.3252504  0.0470771
 0.3205730  0.0466911
 0.3159121  0.0462486
 0.3110191  0.0457524
 0.3061293  0.0448290
 0.3008915  0.0435467
 0.2957300  0.0424393
 0.2906460  0.0410819
 0.2855434  0.0399195
 0.2808793  0.0388125
 0.2756052  0.0382577
 0.2705959  0.0374902
 0.2654970  0.0369371
 0.2602422  0.0362277
 0.2554271  0.0355753
 0.2506879  0.0344254
 0.2456076  0.0332549
 0.2406423  0.0319739
 0.2360000  0.0306528
 0.2307695  0.0290390
 0.2258422  0.0276203
 0.2211615  0.0262609
 0.2161409  0.0247638
 0.2115786  0.0235776
 0.2071148  0.0228117
 0.2019812  0.0221753
 0.1963469  0.0215847
 0.1917285  0.0209536
 0.1861903  0.0200872
 0.1810139  0.0197197
 0.1763212  0.0187419
 0.1715695  0.0180519
 0.1669369  0.0168426
 0.1627412  0.0155583
 0.1585657  0.0143854
 0.1545779  0.0134459
 0.1504952  0.0125823
 0.1462728  0.0117187
 0.1423585  0.0107945
 0.1383856  0.0102518
 0.1342246  0.0094051
 0.1306732  0.0088980
 0.1267811  0.0081680
 0.1226003  0.0074743
 0.1189201  0.0068994
 0.1147199  0.0062280
 0.1107124  0.0057265
 0.1065279  0.0050773
 0.1025772  0.0043885
 0.0986496  0.0035847
 0.0951394  0.0030110
 0.0916099  0.0027247
 0.0888152  0.0018825
 0.0858593  0.0014824
 0.0830787  0.0010242
 0.0802593  0.0007581
 0.0777836  0.0004912
 0.0748426 -0.0001761
 0.0719849 -0.0005322
 0.0693149 -0.0011592
 0.0668020 -0.0016929
 0.0641950 -0.0019343
 0.0619138 -0.0023922
 0.0595721 -0.0025230
 0.0573705 -0.0026736
 0.0554692 -0.0024991
 0.0534339 -0.0027838
 0.0515137 -0.0026840
 0.0491909 -0.0027579
 0.0473849 -0.0031398
 0.0456028 -0.0035020
 0.0435292 -0.0040006
 0.0417668 -0.0041524
 0.0402717 -0.0042828
 0.0385877 -0.0042461
 0.0369417 -0.0041560
 0.0356796 -0.0037168
 0.0339907 -0.0033022
 0.0327241 -0.0030373
 0.0311099 -0.0025436
 0.0299927 -0.0024677
 0.0287011 -0.0019315
 0.0277018 -0.0015624
 0.0266085 -0.0014853
 0.0256088 -0.0010287
 0.0250920 -0.0005680
 0.0242296 -0.0000912
 0.0240576  0.0002713
 0.0232881  0.0009403
 0.0223449  0.0016473
 0.0218975  0.0022226
 0.0213008  0.0027370
 0.0203419  0.0026570
 0.0194923  0.0026970
 0.0192602  0.0027527
 0.0186445  0.0023134
 0.0185471  0.0020090
 0.0184717  0.0015916
 0.0180146  0.0013857
 0.0176908  0.0010627
 0.0169120  0.0006481
 0.0156132  0.0002213
 0.0150254  0.0000340
 0.0141295 -0.0004497
 0.0136184 -0.0004901
 0.0136386 -0.0004299
 0.0133725 -0.0004728
 0.0130310  0.0002330
 0.0130532  0.0006500
 0.0127072  0.0008947
 0.0124795  0.0015810
 0.0123850  0.0018144
 0.0122530  0.0025428
 0.0122179  0.0027555
 0.0122595  0.0027826
 0.0122070  0.0029991
 0.0118098  0.0033628
 0.0114844  0.0033075
 0.0109882  0.0031166
 0.0103910  0.0034206
 0.0102772  0.0034218
 0.0095060  0.0032482
 0.0092771  0.0034940
 0.0089706  0.0036858
 0.0083214  0.0039729
 0.0076871  0.0042377
 0.0073415  0.0042159
 0.0065917  0.0037718
 0.0060535  0.0037685
 0.0054544  0.0038259
 0.0048988  0.0036320
 0.0045520  0.0031346
 0.0040723  0.0031544
 0.0037255  0.0025827
 0.0039779  0.0021976
 0.0039976  0.0019307
 0.0040990  0.0014292
 0.0043312  0.0013969
 0.0043909  0.0012237
 0.0041253  0.0009193
 0.0042799  0.0010385
 0.0041503  0.0010776
 0.0037886  0.0008487
 0.0032916  0.0006626
 0.0031794  0.0006622
 0.0029731  0.0006283
 0.0027640 -0.0000811
 0.0029796 -0.0004473
 0.0023994 -0.0001057
 0.0026258 -0.0005862
 0.0021046 -0.0005135
 0.0018514 -0.0004994
 0.0013116 -0.0006694
 0.0008085 -0.0007453
 0.0003858 -0.0009754
 0.0003640 -0.0009698
-0.0002501 -0.0010214
-0.0002844 -0.0011308
-0.0002388 -0.0011284
 0.0002223 -0.0012414
 0.0003588 -0.0007763
 0.0006854 -0.0008166
 0.0010278 -0.0004698
 0.0015046  0.0001096
 0.0016560  0.0005347
 0.0014222  0.0007265
 0.0019204  0.0005400
 0.0015562  0.0006587
 0.0017266  0.0005061
 0.0019426 -0.0000635
 0.0019632 -0.0005832
 0.0020004 -0.0004701
 0.0022511 -0.0007580
 0.0024804 -0.0007976
 0.0024804 -0.0008763
 0.0024409 -0.0007814
 0.0024619 -0.0009365
 0.0025366 -0.0005731
 0.0027485 -0.0008812
 0.0031906 -0.0013027
 0.0035132 -0.0008444
 0.0041241 -0.0009409
 0.0043320 -0.0006337
 0.0044830 -0.0000567
 0.0047684  0.0002485
 0.0042326  0.0006522
 0.0037348  0.0009567
 0.0033121  0.0010556
 0.0028922  0.0007294
 0.0022947  0.0004023
 0.0021998  0.0000914
 0.0021017 -0.0001197
 0.0020819 -0.0005639
 0.0019272 -0.0006810
 0.0019450 -0.0008191
 0.0017483 -0.0005332
 0.0012279 -0.0004977
 0.0004394 -0.0005583
 0.0002431 -0.0005171
-0.0000068 -0.0002672
 0.0000989 -0.0002627
 0.0000735 -0.0001448
-0.0000659 -0.0000039
-0.0001309  0.0000575
-0.0000417  0.0002154
-0.0004075 -0.0000337
-0.0006784  0.0002756
-0.0008735  0.0004282
-0.0012397  0.0003907
-0.0012582  0.0003362
-0.0013535  0.0000511
-0.0015445  0.0000931
-0.0016987  0.0000403
-0.0019632 -0.0001132
-0.0019611 -0.0004777
-0.0017071 -0.0003833
-0.0017600 -0.0006171
-0.0019695 -0.0004842
-0.0022195 -0.0004516
-0.0016800 -0.0002840
-0.0014463 -0.0000588
-0.0009852  0.0000510
-0.0007143  0.0003704
-0.0003266  0.0002286
-0.0000404  0.0000901
 0.0002875 -0.0001033
 0.0004599 -0.0001057
 0.0010542  0.0000860
 0.0011898  0.0002221
 0.0015593  0.0003335
 0.0011192  0.0006234
 0.0012149  0.0009141
 0.0011972  0.0009553
 0.0015205  0.0006501
 0.0013073  0.0008250
 0.0015552  0.0003090
 0.0019009  0.0003094
 0.0014373 -0.0000907
 0.0018189 -0.0001464
 0.0019472 -0.0006567
 0.0017151 -0.0010976
 0.0019456 -0.0012256
 0.0018838 -0.0014694
 0.0018463 -0.0016026
 0.0016178 -0.0018650
 0.0015394 -0.0022304
 0.0009851 -0.0021509
 0.0010457 -0.0019999
 0.0009900 -0.0016394
 0.0009750 -0.0017379
 0.0008814 -0.0016854
 0.0009407 -0.0017262
 0.0009823 -0.0013863
 0.0009476 -0.0012716
 0.0006973 -0.0008162
 0.0006997 -0.0009915
 0.0004272 -0.0007989
 0.0004050 -0.0004573
 0.0004574 -0.0004000
 0.0003787  0.0001233
 0.0001441  0.0002767
 0.0002826  0.0007947
-0.0001700  0.0010822
-0.0006137  0.0014068
-0.0006484  0.0014031
-0.0009391  0.0012832
-0.0011131  0.0016046
-0.0010223  0.0013934
-0.0008358  0.0014705
-0.0008362  0.0009892
-0.0005710  0.0008189
-0.0003429  0.0002839
-0.0002266 -0.0000246
-0.0000340 -0.0007525
 0.0003649 -0.0012136
 0.0008623 -0.0015810
 0.0016072 -0.0018144
 0.0017812 -0.0020280
 0.0018390 -0.0016667
 0.0019714 -0.0016646
 0.0022040 -0.0014163
 0.0020534 -0.0018770
 0.0018220 -0.0019141
 0.0022694 -0.0021802
 0.0023102 -0.0024475
 0.0026736 -0.0025585
 0.0026546 -0.0026937
 0.0028472 -0.0023271
 0.0030571 -0.0021737
 0.0030059 -0.0025783
 0.0033127 -0.0024463
 0.0034500 -0.0027196
 0.0037234 -0.0030713
 0.0035691 -0.0031331
 0.0036499 -0.0035187
 0.0033641 -0.0035567
 0.0032304 -0.0032716
 0.0030605 -0.0033108
 0.0025094 -0.0029462
 0.0023192 -0.0023519
 0.0022841 -0.0025457
 0.0014601 -0.0021868
 0.0015767 -0.0019999
 0.0013285 -0.0020807
 0.0009861 -0.0021049
 0.0008331 -0.0018388
 0.0009518 -0.0017048
 0.0011444 -0.0018239
 0.0013564 -0.0016895
 0.0013002 -0.0018833
 0.0014129 -0.0019588
 0.0016269 -0.0022236
 0.0017609 -0.0021469
 0.0018740 -0.0018207
 0.0019107 -0.0017217
 0.0019636 -0.0016414
 0.0016321 -0.0013333
 0.0019942 -0.0014766
 0.0015129 -0.0016478
 0.0011653 -0.0014713
 0.0009396 -0.0019069
 0.0004987 -0.0017919
-0.0000758 -0.0020422
-0.0002280 -0.0020059
-0.0008025 -0.0019691
-0.0009176 -0.0020107
-0.0007016 -0.0020866
-0.0004315 -0.0018763
-0.0002542 -0.0018634
-0.0001028 -0.0018864
 0.0001904 -0.0017028
-0.0000632 -0.0013592
-0.0001485 -0.0013079
-0.0008437 -0.0012131
-0.0011756 -0.0011767
-0.0016412 -0.0013649
-0.0022004 -0.0018054
-0.0026223 -0.0020145
-0.0028928 -0.0024772
-0.0031197 -0.0030719
-0.0033305 -0.0033630
-0.0029663 -0.0036683
-0.0030595 -0.0036546
-0.0024067 -0.0033473
-0.0020025 -0.0033437
-0.0021568 -0.0029783
-0.0017288 -0.0026459
-0.0018640 -0.0024675
-0.0019827 -0.0020847
-0.0023308 -0.0022906
-0.0021584 -0.0022292
-0.0022408 -0.0022486
-0.0024944 -0.0018646
-0.0026288 -0.0021566
-0.0029538 -0.0019833
-0.0031642 -0.0018279
-0.0030285 -0.0017354
-0.0031775 -0.0017924
-0.0029453 -0.0015210
-0.0030357 -0.0013850
-0.0026340 -0.0013676
-0.0020376 -0.0008867
-0.0017078 -0.0008504
-0.0013020 -0.0007135
-0.0010298 -0.0006191
-0.0012406 -0.0005028
-0.0014336  0.0000491
-0.0010912  0.0000310
-0.0011098  0.0000265
-0.0010920  0.0001775
-0.0009564 -0.0002646
-0.0004783  0.0000410
-0.0004206  0.0003111
-0.0000052  0.0009293
 0.0001075  0.0012575
-0.0000141  0.0014695
-0.0001126  0.0017764
-0.0002875  0.0017937
-0.0004966  0.0015083
-0.0006327  0.0013904
-0.0007663  0.0009309
-0.0010736  0.0002034
-0.0012447 -0.0001576
-0.0013490 -0.0004628
-0.0013869 -0.0007252
-0.0012965 -0.0007220
-0.0011427 -0.0004688
-0.0011406 -0.0006028
-0.0012173 -0.0002383
-0.0009860 -0.0004462
-0.0009295 -0.0006388
-0.0007393 -0.0009807
-0.0005855 -0.0010958
-0.0002040 -0.0016291
-0.0000271 -0.0017038
 0.0001683 -0.0015132
 0.0002644 -0.0018391
 0.0003626 -0.0015783
 0.0006924 -0.0018827
 0.0010356 -0.0017333
 0.0013824 -0.0009081
 0.0019808 -0.0007320
 0.0023813 -0.0002301
 0.0024794  0.0001373
 0.0029829  0.0000299
 0.0030843  0.0000683
 0.0031073  0.0003360
 0.0033827  0.0000295
 0.0038087  0.0002031
 0.0035794  0.0003505
 0.0034692  0.0005551
 0.0033771  0.0005337
 0.0025705  0.0006827
 0.0018582  0.0009500
 0.0013200  0.0010032
 0.0007035  0.0010412
 0.0005291  0.0009955
 0.0004079  0.0014344
 0.0005036  0.0017715
 0.0007684  0.0019221
 0.0008209  0.0027210
 0.0007417  0.0027768
 0.0007918  0.0030650
 0.0007833  0.0029273
 0.0006666  0.0027751
 0.0007909  0.0028139
 0.0007686  0.0025842
 0.0008809  0.0022587
 0.0008033  0.0025268
 0.0004767  0.0025474
 0.0006148  0.0029544
-0.0001079  0.0029338
-0.0004349  0.0031462
-0.0010853  0.0028014
-0.0017370  0.0029391
-0.0019489  0.0025184
-0.0023329  0.0019855
-0.0028530  0.0016447
-0.0030052  0.0011667
-0.0032947  0.0009209
-0.0034675  0.0011332
-0.0036346  0.0015341
-0.0035228  0.0015156
-0.0036160  0.0021866
-0.0035781  0.0027232
-0.0038098  0.0027979
-0.0036560  0.0030098
-0.0036035  0.0028956
-0.0033948  0.0027764
-0.0028021  0.0026222
-0.0026503  0.0021195
-0.0022159  0.0019616
-0.0020472  0.0018449
-0.0015881  0.0017670
-0.0014940  0.0019963
-0.0016895  0.0016334
-0.0014791  0.0015046
-0.0017141  0.0015470
-0.0017896  0.0016831
-0.0018910  0.0013420
-0.0018498  0.0011514
-0.0017202  0.0007554
-0.0015256  0.0007190
-0.0016395  0.0002083
-0.0016605  0.0001704
-0.0013516 -0.0005341
-0.0021571 -0.0005725
-0.0021740 -0.0007029
-0.0019023 -0.0014494
-0.0019931 -0.0020825
-0.0018723 -0.0021992
-0.0014464 -0.0023683
-0.0011714 -0.0026586
-0.0011661 -0.0025621
-0.0008827 -0.0022561
-0.0008290 -0.0022000
-0.0004281 -0.0015830
-0.0000853 -0.0016190
-0.0000317 -0.0014474
 0.0003947 -0.0013460
 0.0006592 -0.0010178
 0.0009256 -0.0012451
 0.0010383 -0.0015470
 0.0008832 -0.0015882
 0.0004766 -0.0013395
 0.0006115 -0.0011849
 0.0001145 -0.0010367
 0.0000765 -0.0008313
-0.0000587 -0.0007590
 0.0000390 -0.0008608
 0.0001730 -0.0007861
 0.0004605 -0.0009754
 0.0005384 -0.0011705
 0.0006378 -0.0009391
 0.0003758 -0.0011115
 0.0001089 -0.0007627
-0.0001503 -0.0008571
-0.0005314 -0.0010097
-0.0006791 -0.0008196
-0.0006573 -0.0010877
-0.0004437 -0.0009193
-0.0001930 -0.0010328
 0.0002479 -0.0009165
 0.0006892 -0.0008390
 0.0004578 -0.0008224
 0.0007869 -0.0008232
 0.0002854 -0.0010142
 0.0003210 -0.0009557
 0.0003012 -0.0006246
 0.0001829 -0.0004885
 0.0003561 -0.0000880
 0.0006782  0.0001644
 0.0009653  0.0008854
 0.0010222  0.0009428
 0.0012911  0.0014345
 0.0014033  0.0020631
 0.0013424  0.0023885
 0.0015515  0.0028104
 0.0015898  0.0034270
 0.0016863  0.0039046
 0.0016657  0.0044291
 0.0016649  0.0046802
 0.0014776  0.0047977
 0.0013403  0.0046875
 0.0007262  0.0048410
 0.0002490  0.0049415
-0.0002480  0.0046973
-0.0005548  0.0046400
-0.0009384  0.0045100
-0.0007103  0.0044200
-0.0006917  0.0044805
-0.0003671  0.0045181
 0.0000366  0.0046166
-0.0001127  0.0042875
-0.0001890  0.0044732
 0.0000597  0.0043784
-0.0004753  0.0043343
-0.0006299  0.0043892
-0.0009945  0.0044845
-0.0015480  0.0044647
-0.0015488  0.0044470
-0.0015044  0.0044433
-0.0015201  0.0043097
-0.0010009  0.0041950
-0.0004021  0.0041740
 0.0001777  0.0039422
 0.0010982  0.0038106
 0.0018258  0.0040048
 0.0024213  0.0036395
 0.0027463  0.0035272
 0.0026090  0.0033762
 0.0029607  0.0032079
 0.0031162  0.0026156
 0.0030262  0.0023673
 0.0025675  0.0022333
 0.0020729  0.0021529
 0.0014597  0.0019607
 0.0006711  0.0022090
 0.0006348  0.0021835
 0.0003029  0.0017967
 0.0004918  0.0016994
 0.0005071  0.0013704
 0.0007022  0.0011749
 0.0010494  0.0009214
 0.0016203  0.0008034
 0.0017200  0.0008575
 0.0020071  0.0009908
 0.0024443  0.0011220
 0.0022662  0.0016735
 0.0024548  0.0015390
 0.0023365  0.0017130
 0.0019315  0.0016190
 0.0017389  0.0014861
 0.0014902  0.0009132
 0.0010279  0.0006504
 0.0007412  0.0000012
 0.0005903 -0.0000908
 0.0003420 -0.0004683
 0.0004235 -0.0008111
 0.0003093 -0.0010085
 0.0003509 -0.0012407
 0.0006004 -0.0011103
 0.0008883 -0.0006549
 0.0009262 -0.0006404
 0.0013073 -0.0001422
 0.0010950  0.0003351
 0.0010324  0.0008337
 0.0012843  0.0009116
 0.0009169  0.0016400
 0.0010736  0.0019674
 0.0014022  0.0023332
 0.0011701  0.0029643
 0.0014047  0.0032736
 0.0017507  0.0037124
 0.0014644  0.0038872
 0.0015811  0.0039664
 0.0013732  0.0033511
 0.0017394  0.0031827
 0.0015311  0.0030660
 0.0017463  0.0028529
 0.0019793  0.0024342
 0.0020378  0.0027192
 0.0025938  0.0027600
 0.0026536  0.0026243
 0.0027109  0.0022783
 0.0026895  0.0021067
 0.0025365  0.0019755
 0.0025106  0.0015956
 0.0025538  0.0011778
 0.0022817  0.0008572
 0.0022841  0.0004002
 0.0018230  0.0000938
 0.0018436 -0.0004465
 0.0019809 -0.0008518
 0.0018198 -0.0010497
 0.0022227 -0.0017611
 0.0025469 -0.0019380
 0.0027738 -0.0021891
 0.0030815 -0.0020749
 0.0033479 -0.0026708
 0.0036737 -0.0025957
 0.0039200 -0.0028311
 0.0042644 -0.0028740
 0.0044348 -0.0028590
 0.0044893 -0.0026503
 0.0040056 -0.0021900
 0.0032744 -0.0022696
 0.0025040 -0.0020346
 0.0021196 -0.0022078
 0.0011966 -0.0018610
 0.0008579 -0.0020544
 0.0007833 -0.0017855
 0.0004962 -0.0016531
 0.0002108 -0.0015796
 0.0003840 -0.0019450
 0.0002689 -0.0018893
 0.0003690 -0.0019668
 0.0005233 -0.0019313
 0.0009056 -0.0016806
 0.0008854 -0.0018715
 0.0010752 -0.0015618
 0.0010954 -0.0017104
 0.0014357 -0.0017645
 0.0018568 -0.0021205
 0.0021955 -0.0022134
 0.0024822 -0.0023991
 0.0028056 -0.0023377
 0.0029759 -0.0024709
 0.0029388 -0.0025076
 0.0031887 -0.0026445
 0.0028460 -0.0024721
 0.0029639 -0.0024899
 0.0032509 -0.0022767
 0.0034278 -0.0022008
 0.0033321 -0.0013686
 0.0034884 -0.0010594
 0.0033216 -0.0004400
 0.0031137  0.0000062
 0.0030217  0.0005048
 0.0027750  0.0003914
 0.0031000  0.0004866
 0.0033479  0.0000094
 0.0034028 -0.0004145
 0.0037831 -0.0006039
 0.0040553 -0.0007056
 0.0042608 -0.0006063
 0.0042446 -0.0008029
 0.0042479 -0.0004586
 0.0039851 -0.0001897
 0.0036003 -0.0001776
 0.0032167  0.0002027
 0.0030851  0.0002952
 0.0027593  0.0000012
 0.0023580 -0.0001938
 0.0020846 -0.0006800
 0.0021605 -0.0007979
 0.0019429 -0.0006110
 0.0017050 -0.0004200
 0.0013315 -0.0004604
 0.0006742 -0.0002686
 0.0005130 -0.0001083
-0.0001624 -0.0002168
-0.0006211 -0.0005208
-0.0004854 -0.0007243
-0.0000792 -0.0010852
 0.0002943 -0.0012936
 0.0007598 -0.0015786
 0.0008600 -0.0016206
 0.0016909 -0.0017183
 0.0017709 -0.0012580
 0.0021771 -0.0009944
 0.0025247 -0.0004982
 0.0025465 -0.0000174
 0.0024512  0.0001151
 0.0021799  0.0004425
 0.0023729  0.0007312
 0.0016405  0.0007857
 0.0013901  0.0010546
 0.0013490  0.0007437
 0.0012525  0.0006056
 0.0014777  0.0001404
 0.0013404 -0.0006513
 0.0011846 -0.0010963
 0.0014478 -0.0015198
 0.0014801 -0.0018877
 0.0016323 -0.0019858
 0.0011679 -0.0020823
 0.0011639 -0.0017173
 0.0010460 -0.0012384
 0.0011966 -0.0014149
 0.0011982 -0.0009207
 0.0013895 -0.0010980
 0.0018151 -0.0012700
 0.0017723 -0.0014642
 0.0015450 -0.0017929
 0.0012382 -0.0022499
 0.0009693 -0.0022111
 0.0010335 -0.0023177
 0.0005765 -0.0025430
 0.0005801 -0.0025183
 0.0002926 -0.0023200
 0.0002733 -0.0023378
 0.0002579 -0.0025061
 0.0001437 -0.0025759
 0.0000884 -0.0028008
-0.0004219 -0.0028190
-0.0005354 -0.0029134
-0.0008963 -0.0029489
-0.0010400 -0.0030414
-0.0011958 -0.0031762
-0.0011361 -0.0028472
-0.0013077 -0.0025634
-0.0009770 -0.0024503
-0.0007864 -0.0024519
-0.0010565 -0.0020288
-0.0012285 -0.0020102
-0.0008684 -0.0023336
-0.0006181 -0.0024858
-0.0003867 -0.0028145
-0.0002725 -0.0027196
 0.0001119 -0.0027992
 0.0001676 -0.0024968
-0.0001211 -0.0023280
 0.0004777 -0.0019469
-0.0001974 -0.0015484
-0.0008882 -0.0013026
-0.0013347 -0.0011492
-0.0019525 -0.0012848
-0.0026090 -0.0016333
-0.0032659 -0.0015929
-0.0034848 -0.0017612
-0.0039071 -0.0021823
-0.0039838 -0.0023684
-0.0041199 -0.0026886
-0.0042273 -0.0028973
-0.0040528 -0.0030438
-0.0038207 -0.0031787
-0.0036042 -0.0031012
-0.0028375 -0.0028173
-0.0026252 -0.0025311
-0.0020308 -0.0022477
-0.0015908 -0.0016017
-0.0012863 -0.0013970
-0.0008842 -0.0013760
-0.0007530 -0.0011104
-0.0007526 -0.0010894
-0.0008446 -0.0013748
-0.0004029 -0.0014269
-0.0004009 -0.0016546
-0.0001304 -0.0013461
 0.0002309 -0.0011894
 0.0004239 -0.0008858
 0.0006125 -0.0010982
 0.0006290 -0.0006932
 0.0008192 -0.0008846
 0.0010420 -0.0009060
 0.0009055 -0.0011148
 0.0009209 -0.0013408
 0.0008445 -0.0013784
 0.0006354 -0.0013380
 0.0007678 -0.0012992
 0.0006552 -0.0008737
 0.0005244 -0.0007751
 0.0003157 -0.0002188
-0.0000836 -0.0005264
-0.0005661 -0.0008543
-0.0002217 -0.0011228
-0.0003792 -0.0018540
-0.0001523 -0.0019917
 0.0001146 -0.0024887
-0.0000643 -0.0025044
 0.0002231 -0.0026166
 0.0002788 -0.0029574
 0.0003350 -0.0028386
 0.0005441 -0.0026856
 0.0005679 -0.0028132
 0.0003935 -0.0025402
 0.0002631 -0.0022931
-0.0000829 -0.0024664
-0.0003901 -0.0027752
-0.0004693 -0.0026024
-0.0003914 -0.0030429
-0.0003534 -0.0031826
-0.0003704 -0.0032634
-0.0003098 -0.0031702
-0.0008827 -0.0027325
-0.0012242 -0.0023889
-0.0018912 -0.0023554
-0.0024274 -0.0025101
-0.0025949 -0.0023975
-0.0028040 -0.0022650
-0.0027055 -0.0022877
-0.0018968 -0.0021734
-0.0016218 -0.0022195
-0.0014256 -0.0018194
-0.0006556 -0.0014980
-0.0007682 -0.0013838
-0.0006944 -0.0010248
-0.0009067 -0.0006776
-0.0013880 -0.0002924
-0.0017203  0.0002296
-0.0020312  0.0006342
-0.0020522  0.0009451
-0.0023187  0.0010856
-0.0024330  0.0009904
-0.0024326  0.0009900
-0.0026227  0.0013315
-0.0027019  0.0011975
-0.0027241  0.0012576
-0.0028634  0.0012597
-0.0031105  0.0010517
-0.0030754  0.0009613
-0.0028061  0.0008940
-0.0025307  0.0006440
-0.0025827  0.0006679
-0.0023667  0.0009957
-0.0016682  0.0006485
-0.0013964  0.0006465
-0.0009341  0.0005459
-0.0003988  0.0001550
-0.0001097 -0.0001155
 0.0006154 -0.0002148
 0.0006864 -0.0001373
 0.0010482 -0.0002705
 0.0012771  0.0000024
 0.0014301  0.0000997
 0.0010841  0.0007122
 0.0011826  0.0006367
 0.0008544  0.0005927
 0.0006977  0.0013178
 0.0006436  0.0013558
 0.0003578  0.0016379
 0.0002452  0.0021317
 0.0003449  0.0022831
-0.0000524  0.0023558
-0.0001105  0.0025830
-0.0005692  0.0029674
-0.0010480  0.0031217
-0.0015071  0.0032440
-0.0022931  0.0030555
-0.0026169  0.0033276
-0.0029799  0.0030426
-0.0030950  0.0028331
-0.0032666  0.0024309
-0.0028228  0.0018919
-0.0029209  0.0016630
-0.0025935  0.0010263
-0.0023218  0.0010683
-0.0019996  0.0004542
-0.0015555  0.0003977
-0.0010354  0.0004195
-0.0007887  0.0003399
-0.0004782  0.0002434
-0.0002683 -0.0000642
 0.0001124 -0.0004906
 0.0004548 -0.0010127
 0.0012974 -0.0014956
 0.0016806 -0.0016861
 0.0025781 -0.0021856
 0.0029200 -0.0025905
 0.0034590 -0.0025905
 0.0036637 -0.0027064
 0.0037339 -0.0028368
 0.0038672 -0.0029539
 0.0033843 -0.0029721
 0.0029744 -0.0031780
 0.0025505 -0.0031170
 0.0023546 -0.0033084
 0.0016226 -0.0031125
 0.0013533 -0.0031101
 0.0009302 -0.0029397
 0.0010618 -0.0024588
 0.0007154 -0.0023450
 0.0003875 -0.0019094
 0.0006346 -0.0018343
 0.0005159 -0.0017031
 0.0003035 -0.0017035
 0.0003205 -0.0014729
 0.0007993 -0.0014289
 0.0008013 -0.0012339
 0.0007803 -0.0011180
 0.0009535 -0.0006888
 0.0011037 -0.0003626
 0.0011061  0.0000602
 0.0011384  0.0003892
 0.0011800  0.0007922
 0.0013524  0.0008301
 0.0009931  0.0011596
 0.0013638  0.0016684
 0.0014280  0.0017067
 0.0013731  0.0022865
 0.0011862  0.0028247
 0.0009238  0.0030528
 0.0006751  0.0033948
 0.0001389  0.0037557
-0.0002265  0.0033140
-0.0007255  0.0031227
-0.0007057  0.0027391
-0.0009887  0.0022219
-0.0013513  0.0016453
-0.0012519  0.0014136
-0.0014191  0.0009856
-0.0016876  0.0009234
-0.0014990  0.0005749
-0.0016949  0.0004183
-0.0014304  0.0001271
-0.0012996  0.0000888
-0.0013780 -0.0001954
-0.0011111 -0.0006375
-0.0007683 -0.0007320
-0.0009387 -0.0012500
-0.0006347 -0.0013639
-0.0004260 -0.0014244
-0.0004288 -0.0014240
-0.0001026 -0.0012149
-0.0000901 -0.0009844
-0.0000925 -0.0008313
 0.0003080 -0.0006916
 0.0006366 -0.0002854
 0.0005979 -0.0002854
 0.0007529 -0.0000141
 0.0010065 -0.0002059
 0.0011850 -0.0004352
 0.0013768 -0.0006710
 0.0016695 -0.0006096
 0.0018403 -0.0006092
 0.0020704 -0.0007824
 0.0024746 -0.0010473
 0.0023018 -0.0009548
 0.0023365 -0.0008571
 0.0023373 -0.0009367
 0.0025650 -0.0009165
 0.0026554 -0.0007663
 0.0033260 -0.0005919
 0.0037455 -0.0007651
 0.0040681 -0.0007828
 0.0043341 -0.0008810
 0.0045610 -0.0009569
 0.0050031 -0.0008394
 0.0051149 -0.0003432
 0.0052316  0.0001147
 0.0056338  0.0000763
 0.0051969  0.0005725
 0.0047726  0.0012233
 0.0044241  0.0011458
 0.0038670  0.0014539
 0.0034079  0.0014353
 0.0027393  0.0012819
 0.0023715  0.0012068
 0.0014938  0.0011131
 0.0009378  0.0007518
 0.0008231  0.0010801
 0.0003649  0.0006448
 0.0000427  0.0008023
 0.0000770  0.0012065
 0.0001001  0.0014427
-0.0001644  0.0014023
 0.0001227  0.0014803
 0.0002208  0.0015557
 0.0001663  0.0012493
-0.0001579  0.0009041
 0.0002071  0.0006340
-0.0001732  0.0002508
-0.0001369 -0.0001113
-0.0000218 -0.0003213
 0.0001130 -0.0001509
 0.0006525  0.0000986
 0.0009391  0.0003659
 0.0010550  0.0002117
 0.0015128  0.0005956
 0.0018564  0.0007911
 0.0022432  0.0007345
 0.0027418  0.0008310
 0.0029369  0.0007943
 0.0030185  0.0009061
 0.0027916  0.0008827
 0.0027136  0.0011475
 0.0021383  0.0012771
 0.0018892  0.0016962
 0.0017523  0.0017111
 0.0018423  0.0020390
 0.0019933  0.0022138
 0.0022242  0.0024661
 0.0020106  0.0021593
 0.0022024  0.0020450
 0.0021261  0.0016041
 0.0020082  0.0010470
 0.0021039  0.0006634
 0.0024887  0.0002015
 0.0025678  0.0000065
 0.0027002  0.0001724
 0.0030652 -0.0000816
 0.0029687  0.0002583
 0.0027774  0.0003363
 0.0031972  0.0002018
 0.0029824 -0.0002080
 0.0031197 -0.0001152
 0.0031766 -0.0002731
 0.0029437  0.0001481
 0.0028637  0.0003543
 0.0027099  0.0005639
 0.0023231  0.0010988
 0.0021632  0.0014255
 0.0019702  0.0012955
 0.0017719  0.0014517
 0.0017574  0.0010569
 0.0013193  0.0009265
 0.0012087  0.0006823
 0.0014215  0.0001898
 0.0014829  0.0002273
 0.0011999  0.0007433
 0.0012754  0.0007974
 0.0010654  0.0013505
 0.0005135  0.0015168
 0.0001865  0.0017610
 0.0000484  0.0016241
 0.0001614  0.0015825
 0.0000831  0.0010641
 0.0001425  0.0009313
 0.0000807  0.0006075
-0.0004006  0.0002066
-0.0004418 -0.0003453
-0.0003687 -0.0007470
-0.0003893 -0.0008766
-0.0007184 -0.0008370
-0.0005666 -0.0010853
-0.0004879 -0.0010825
-0.0003567 -0.0008883
-0.0000639 -0.0007893
-0.0002125 -0.0008628
 0.0000988 -0.0007833
 0.0002918 -0.0004707
 0.0003734 -0.0004093
 0.0007800 -0.0001417
 0.0009351 -0.0001990
 0.0011066 -0.0000270
 0.0013215 -0.0003698
 0.0018572 -0.0008313
 0.0019501 -0.0010642
 0.0020445 -0.0012177
 0.0021188 -0.0017211
 0.0018709 -0.0020062
 0.0015043 -0.0020845
 0.0013537 -0.0023538
 0.0012383 -0.0025493
 0.0008733 -0.0025319
 0.0009895 -0.0025896
 0.0014668 -0.0023426
 0.0012919 -0.0020600
 0.0016400 -0.0019461
 0.0018261 -0.0015452
 0.0018995 -0.0010918
 0.0018002 -0.0007878
 0.0016819 -0.0005981
 0.0013867 -0.0004858
 0.0011541 -0.0010018
 0.0005925 -0.0013482
 0.0004774 -0.0017281
 0.0004778 -0.0025304
 0.0004593 -0.0028187
 0.0006151 -0.0032559
 0.0007738 -0.0032700
 0.0007722 -0.0032074
 0.0012588 -0.0026837
 0.0010702 -0.0026264
 0.0010121 -0.0017607
 0.0004210 -0.0016800
 0.0002676 -0.0012011
-0.0003267 -0.0011401
-0.0008035 -0.0014417
-0.0009925 -0.0013617
-0.0012032 -0.0014723
-0.0013712 -0.0015450
-0.0013365 -0.0016213
-0.0013732 -0.0011037
-0.0013417 -0.0008001
-0.0015210 -0.0008013
-0.0019074 -0.0003427
-0.0021969 -0.0002462
-0.0022575 -0.0000140
-0.0025252 -0.0001315
-0.0028878 -0.0001093
-0.0029616  0.0002545
-0.0029139 -0.0002664
-0.0033867 -0.0005736
-0.0031711 -0.0008833
-0.0031085 -0.0016932
-0.0030297 -0.0020025
-0.0024915 -0.0022916
-0.0026066 -0.0020676
-0.0026082 -0.0018984
-0.0026123 -0.0016921
-0.0024407 -0.0014434
-0.0024468 -0.0013687
-0.0023927 -0.0015981
-0.0025647 -0.0016170
-0.0027222 -0.0017139
-0.0035099 -0.0019651
-0.0039867 -0.0019626
-0.0040642 -0.0021140
-0.0047554 -0.0018661
-0.0048503 -0.0021722
-0.0049710 -0.0016356
-0.0050045 -0.0018302
-0.0049068 -0.0017902
-0.0045241 -0.0012920
-0.0045584 -0.0015262
-0.0037162 -0.0012314
-0.0028711 -0.0011749
-0.0018335 -0.0011874
-0.0012198 -0.0007033
-0.0006230 -0.0001433
-0.0000263 -0.0001227
 0.0000702  0.0000110
 0.0002273 -0.0001804
 0.0003073 -0.0001610
 0.0004029 -0.0001263
 0.0003093  0.0003142
 0.0005600  0.0002597
 0.0010933  0.0005314
 0.0008793  0.0008754
 0.0010893  0.0009562
 0.0012221  0.0014766
 0.0012221  0.0016094
 0.0013541  0.0019905
 0.0010893  0.0019498
 0.0008785  0.0019800
 0.0008567  0.0020728
 0.0003222  0.0024681
 0.0005729  0.0025440
 0.0004809  0.0029425
 0.0001377  0.0029949
-0.0000084  0.0031616
-0.0000254  0.0032573
-0.0003508  0.0030421
-0.0001974  0.0031927
-0.0002006  0.0029807
-0.0005547  0.0029823
-0.0006392  0.0026610
-0.0010074  0.0019944
-0.0014354  0.0019052
-0.0018343  0.0017195
-0.0020438  0.0012803
-0.0024605  0.0009173
-0.0024374  0.0007251
-0.0025501  0.0006096
-0.0020688  0.0006621
-0.0021277  0.0008551
-0.0019174  0.0009689
-0.0016251  0.0011842
-0.0013025  0.0012258
-0.0011672  0.0015367
-0.0009912  0.0015012
-0.0008151  0.0020575
-0.0004832  0.0020971
-0.0004004  0.0018807
-0.0001093  0.0017232
-0.0001040  0.0015076
-0.0001791  0.0011401
-0.0002934  0.0011167
-0.0003341  0.0011134
-0.0001485  0.0018059
-0.0001299  0.0018228
-0.0001707  0.0024184
-0.0001578  0.0030135
-0.0003706  0.0033389
-0.0007941  0.0032610
-0.0013562  0.0027050
-0.0016618  0.0027252
-0.0016069  0.0022880
-0.0013747  0.0018919
-0.0013917  0.0014753
-0.0012762  0.0009197
-0.0007759  0.0010788
-0.0004106  0.0007942
-0.0004275  0.0008899
 0.0001062  0.0006194
 0.0001228  0.0007006
 0.0004874  0.0005104
 0.0002370  0.0001846
 0.0000440  0.0006041
 0.0002560  0.0007567
 0.0002589  0.0006581
 0.0004341  0.0002330
 0.0003755  0.0000739
 0.0006453 -0.0006949
 0.0005496 -0.0011543
 0.0006828 -0.0010401
 0.0012953 -0.0011543
 0.0012602 -0.0010413
 0.0009521 -0.0005439
 0.0010074 -0.0001054
 0.0011229  0.0003920
 0.0010243  0.0006948
 0.0013098  0.0008643
 0.0012876  0.0012665
 0.0016695  0.0014591
 0.0017260  0.0016892
 0.0015730  0.0019214
 0.0014999  0.0021705
 0.0008701  0.0028229
 0.0004833  0.0030498
-0.0001877  0.0033187
-0.0009379  0.0036590
-0.0008830  0.0040208
-0.0011555  0.0042303
-0.0013659  0.0044172
-0.0013861  0.0045525
-0.0013457  0.0043167
-0.0014018  0.0037042
-0.0009589  0.0032274
-0.0007618  0.0027275
 0.0001724  0.0016548
 0.0004631  0.0009115
 0.0009993  0.0002276
 0.0012888 -0.0002088
 0.0018633 -0.0006408
 0.0020224 -0.0006537
 0.0019126 -0.0008245
 0.0015497 -0.0009383
 0.0016659 -0.0009989
 0.0016865 -0.0012892
 0.0016486 -0.0017115
 0.0014358 -0.0016372
 0.0015282 -0.0020002
 0.0016582 -0.0019259
 0.0011984 -0.0019853
 0.0014112 -0.0018722
 0.0012799 -0.0014697
 0.0012610 -0.0012836
 0.0014532 -0.0004939
 0.0014952 -0.0003784
 0.0014439 -0.0004184
 0.0015986 -0.0000901
 0.0011997 -0.0003198
 0.0010467 -0.0003590
 0.0006998 -0.0004741
 0.0001233 -0.0005504
 0.0001980 -0.0002811
-0.0000762 -0.0003590
-0.0004053 -0.0003429
-0.0007307 -0.0001729
-0.0008131 -0.0001600
-0.0007368 -0.0002557
-0.0008300 -0.0002973
-0.0008857 -0.0003954
-0.0007521 -0.0006659
-0.0007109 -0.0002432
-0.0000221 -0.0001273
-0.0000415  0.0001630
 0.0004700  0.0004545
 0.0004449  0.0009164
 0.0007881  0.0011526
 0.0010978  0.0013472
 0.0011164  0.0019424
 0.0014103  0.0023267
 0.0010449  0.0025762
 0.0009327  0.0028855
 0.0007050  0.0028290
 0.0004551  0.0027006
 0.0003400  0.0026058
 0.0001652  0.0022820
 0.0004510  0.0018645
 0.0007769  0.0020200
 0.0012383  0.0019078
 0.0014083  0.0021007
 0.0016599  0.0023705
 0.0019465  0.0025655
 0.0019910  0.0028695
 0.0019756  0.0029672
 0.0020152  0.0029656
 0.0020152  0.0028860
 0.0020738  0.0030358
 0.0023241  0.0028214
 0.0025538  0.0028755
 0.0025728  0.0026405
 0.0025336  0.0024810
 0.0027213  0.0022104
 0.0024137  0.0021495
 0.0023333  0.0016137
 0.0025049  0.0016892
 0.0026749  0.0015172
 0.0025780  0.0013658
 0.0029030  0.0011385
 0.0027273  0.0014518
 0.0023458  0.0014959
 0.0021697  0.0018241
 0.0019202  0.0021355
 0.0015548  0.0020394
 0.0014757  0.0016809
 0.0017603  0.0018743
 0.0019146  0.0021613
 0.0022194  0.0020277
 0.0025686  0.0020309
 0.0022593  0.0021254
 0.0026280  0.0019708
 0.0028028  0.0015089
 0.0026882  0.0011588
 0.0030160  0.0008503
 0.0031908  0.0004660
 0.0030770  0.0003048
 0.0033467  0.0002265
 0.0034820 -0.0001191
 0.0034630 -0.0002415
 0.0032147 -0.0002278
 0.0033084 -0.0002694
 0.0032094 -0.0001172
 0.0031101 -0.0001976
 0.0028396 -0.0001188
 0.0026078  0.0000379
 0.0022844  0.0000609
 0.0019545  0.0007113
 0.0018807  0.0008086
 0.0017091  0.0005946
 0.0013828  0.0004771
 0.0012262  0.0002308
 0.0012439 -0.0001870
 0.0006464 -0.0001458
 0.0002438  0.0000141
-0.0002326 -0.0000557
-0.0004611  0.0004090
-0.0005535  0.0006581
-0.0006492  0.0007385
-0.0006637  0.0011406
-0.0005079  0.0013151
-0.0005426  0.0007817
-0.0000411  0.0007825
-0.0000819  0.0009170
-0.0001719  0.0003429
 0.0002290  0.0001717
-0.0000411  0.0002880
 0.0001684  0.0002500
-0.0000617  0.0005932
-0.0002729  0.0008972
 0.0000340  0.0012230
-0.0000044  0.0015807
-0.0000778  0.0017923
 0.0000942  0.0022658
 0.0005338  0.0025711
 0.0008035  0.0026070
 0.0012073  0.0026433
 0.0010914  0.0025831
 0.0014803  0.0025097
 0.0018049  0.0022957
 0.0021170  0.0020050
 0.0020403  0.0023259
 0.0020774  0.0022286
 0.0021739  0.0024951
 0.0017681  0.0026097
 0.0018210  0.0023832
 0.0016078  0.0020966
 0.0017943  0.0021564
 0.0016768  0.0017134
 0.0013300  0.0011587
 0.0012565  0.0006370
 0.0008536  0.0004012
 0.0005471 -0.0000239
 0.0004527 -0.0002383
 0.0003194 -0.0006070
 0.0000505 -0.0007229
 0.0002019 -0.0010669
 0.0003485 -0.0011985
 0.0002334 -0.0008714
 0.0006310 -0.0009429
 0.0003997 -0.0008423
 0.0005309 -0.0010115
 0.0008349 -0.0012606
 0.0008321 -0.0011818
 0.0009471 -0.0018904
 0.0009269 -0.0018872
 0.0009067 -0.0018867
 0.0013905 -0.0022352
 0.0014086 -0.0018121
 0.0014111 -0.0014871
 0.0016291 -0.0014871
 0.0015904 -0.0012028
 0.0015193 -0.0007034
 0.0016207 -0.0008992
 0.0016239 -0.0004975
 0.0016413 -0.0000429
 0.0018730  0.0000342
 0.0017423  0.0001823
 0.0018924  0.0009135
 0.0015117  0.0010653
 0.0012032  0.0013916
 0.0008407  0.0015111
 0.0007276  0.0010855
 0.0004596  0.0009354
 0.0005540  0.0006261
 0.0005875  0.0008587
 0.0006020  0.0008768
 0.0003642  0.0009915
-0.0001401  0.0011070
-0.0000679  0.0011792
-0.0003768  0.0007783
-0.0004514  0.0003543
-0.0004523  0.0000293
-0.0006808 -0.0000280
-0.0005047 -0.0003288
-0.0005992 -0.0003502
-0.0001336 -0.0002500
-0.0000339 -0.0007660
 0.0000787 -0.0007095
 0.0002128 -0.0008064
 0.0003650 -0.0010939
 0.0006137 -0.0010171
 0.0006113 -0.0009982
 0.0011111 -0.0008443
 0.0017805 -0.0009614
 0.0021257 -0.0004797
 0.0026631  0.0001517
 0.0031634  0.0003843
 0.0032768  0.0010791
 0.0032986  0.0017683
 0.0033168  0.0023518
 0.0032215  0.0027156
 0.0026841  0.0032715
 0.0023756  0.0039018
 0.0017611  0.0037273
 0.0012976  0.0040911
 0.0006819  0.0038008
 0.0003912  0.0037027
 0.0002543  0.0036041
 0.0001186  0.0031229
 0.0000601  0.0030421
 0.0000774  0.0025814
 0.0001121  0.0023319
 0.0002874  0.0019657
 0.0003128  0.0012947
 0.0000290  0.0005692
 0.0001090  0.0004735
 0.0000371  0.0002688
 0.0000412  0.0000233
 0.0000016  0.0001816
 0.0002725  0.0003016
-0.0002063  0.0002846
-0.0004723 -0.0000420
-0.0010303 -0.0001349
-0.0013731 -0.0005737
-0.0016226 -0.0007857
-0.0017389 -0.0013380
-0.0016420 -0.0014728
-0.0016210 -0.0018378
-0.0011962 -0.0023216
-0.0007174 -0.0025776
-0.0003096 -0.0028513
 0.0000554 -0.0024682
 0.0000788 -0.0020507
 0.0000243 -0.0019748
 0.0000466 -0.0016676
-0.0001605 -0.0015917
 0.0001496 -0.0010317
 0.0000737 -0.0012828
 0.0002509 -0.0006844
 0.0003991 -0.0003416
 0.0004205 -0.0001301
-0.0000588  0.0000811
-0.0002905  0.0004057
-0.0005751  0.0003916
-0.0014388  0.0001594
-0.0016944  0.0002333
-0.0020836 -0.0000332
-0.0024353 -0.0000517
-0.0025609  0.0006233
-0.0026772  0.0003581
-0.0025497  0.0001090
-0.0021318  0.0002216
-0.0021169 -0.0002044
-0.0018476 -0.0005726
-0.0012161 -0.0010143
-0.0013675 -0.0013422
-0.0010462 -0.0011706
-0.0011394 -0.0015311
-0.0011007 -0.0017035
-0.0010796 -0.0015711
-0.0008281 -0.0016821
-0.0011931 -0.0016458
-0.0006941 -0.0012040
-0.0006141 -0.0010647
-0.0004413 -0.0005265
-0.0003848 -0.0000077
 0.0000234 -0.0000032
 0.0002318  0.0002842
 0.0006004  0.0005160
 0.0009077  0.0003040
 0.0015003  0.0010150
 0.0017705  0.0013404
 0.0019425  0.0012019
 0.0020793  0.0012193
 0.0019469  0.0012346
 0.0016235  0.0012875
 0.0013195  0.0011114
 0.0013385  0.0010323
 0.0009986  0.0005692
 0.0009618  0.0006987
 0.0006933  0.0002175
 0.0004632  0.0000967
 0.0006187  0.0001763
 0.0003473  0.0003256
-0.0001295  0.0005756
-0.0003253  0.0009232
-0.0007860  0.0010362
-0.0005902  0.0008085
-0.0008631  0.0006802
-0.0012503  0.0005090
-0.0011179  0.0003398
-0.0014106  0.0005603
-0.0012597  0.0003076
-0.0017809  0.0003132
-0.0015334  0.0007376
-0.0015120  0.0008947
-0.0012827  0.0011858
-0.0013364  0.0014171
-0.0013913  0.0013828
-0.0011195  0.0013845
-0.0009455  0.0014426
-0.0011130  0.0008455
-0.0009633  0.0011131
-0.0012156  0.0011470
-0.0012144  0.0011264
-0.0015806  0.0016198
-0.0015439  0.0019395
-0.0019258  0.0023150
-0.0020017  0.0025443
-0.0018293  0.0025733
-0.0022084  0.0021275
-0.0021939  0.0021243
-0.0022920  0.0013152
-0.0024257  0.0008359
-0.0020825  0.0003983
-0.0022961 -0.0000402
-0.0017748 -0.0004584
-0.0017034 -0.0008969
-0.0016101 -0.0010660
-0.0011737 -0.0015416
-0.0004861 -0.0016963
-0.0006783 -0.0018921
-0.0006812 -0.0016777
-0.0007648 -0.0013527
-0.0011665 -0.0008755
-0.0012663 -0.0006413
-0.0013293 -0.0003740
-0.0016510 -0.0002355
-0.0019224 -0.0002331
-0.0017467 -0.0003320
-0.0020289 -0.0003857
-0.0022772 -0.0006909
-0.0026987 -0.0010765
-0.0026930 -0.0013042
-0.0023866 -0.0009965
-0.0023083 -0.0007503
-0.0019473 -0.0005767
-0.0020624 -0.0003288
-0.0021605  0.0001279
-0.0021415  0.0006479
-0.0022235  0.0010092
-0.0019744  0.0010835
-0.0017047  0.0016395
-0.0017604  0.0018102
-0.0016397  0.0015975
-0.0015036  0.0020392
-0.0015597  0.0023295
-0.0013828  0.0019633
-0.0012690  0.0020860
-0.0013069  0.0014728
-0.0013635  0.0015293
-0.0013082  0.0013024
-0.0013247  0.0010653
-0.0015149  0.0010653
-0.0012657  0.0010827
-0.0014200  0.0011554
-0.0013586  0.0006147
-0.0008979  0.0003450
-0.0008010 -0.0001140
-0.0005523 -0.0001928
-0.0005886 -0.0005582
-0.0004142 -0.0008820
-0.0008947 -0.0011303
-0.0010663 -0.0016253
-0.0007400 -0.0018860
-0.0009447 -0.0025934
-0.0004444 -0.0026285
-0.0000379 -0.0027807
 0.0001188 -0.0029576
 0.0007684 -0.0025691
 0.0011165 -0.0026467
 0.0012328 -0.0027621
 0.0014633 -0.0023568
 0.0012909 -0.0020301
 0.0013923 -0.0018371
 0.0015449 -0.0014507
 0.0013927 -0.0011257
 0.0014678 -0.0004930
 0.0014455 -0.0002423
 0.0013458  0.0000117
 0.0008843  0.0002991
 0.0009178  0.0003985
 0.0004757  0.0006504
-0.0000799  0.0008871
-0.0006322  0.0010792
-0.0009152  0.0014265
-0.0004714  0.0017184
-0.0004088  0.0018141
-0.0003079  0.0016796
 0.0001589  0.0017705
 0.0003696  0.0019849
 0.0005998  0.0017866
 0.0006587  0.0021298
 0.0000781  0.0020151
-0.0002861  0.0015487
-0.0004601  0.0013388
-0.0004084  0.0008583
-0.0007428  0.0006653
-0.0004020  0.0003081
 0.0000340  0.0000646
 0.0001075  0.0000901
 0.0001624  0.0004620
-0.0000278  0.0004838
 0.0001644  0.0005411
 0.0000501  0.0009820
 0.0001680  0.0011912
-0.0000572  0.0015553
 0.0000578  0.0016090
 0.0000490  0.0018190
-0.0001222  0.0015884
-0.0000438  0.0015319
-0.0004448  0.0014107
-0.0005400  0.0012783
-0.0006636  0.0012577
-0.0013197  0.0011390
-0.0013593  0.0013889
-0.0017251  0.0014842
-0.0018410  0.0015424
-0.0015680  0.0016752
-0.0014715  0.0020583
-0.0013193  0.0022658
-0.0010690  0.0021851
-0.0011692  0.0022577
-0.0008857  0.0019299
-0.0009112  0.0016045
-0.0011050  0.0012794
-0.0012395  0.0008353
-0.0010869  0.0006653
-0.0009689  0.0003952
-0.0012346  0.0001692
-0.0010453  0.0004187
-0.0012572  0.0001893
-0.0013501  0.0003440
-0.0017187  0.0009173
-0.0019319  0.0010897
-0.0023587  0.0009932
-0.0025949  0.0012617
-0.0028049  0.0015714
-0.0030556  0.0010925
-0.0028061  0.0009609
-0.0024015  0.0009391
-0.0022589  0.0005140
-0.0016081  0.0000311
-0.0008910 -0.0000509
-0.0001384 -0.0004745
 0.0005936 -0.0007054
 0.0013268 -0.0007276
 0.0015255 -0.0009635
 0.0022002 -0.0011395
 0.0029859 -0.0013127
 0.0032540 -0.0011032
 0.0036218 -0.0008549
 0.0038115 -0.0001806
 0.0040235  0.0001678
 0.0039121  0.0003229
 0.0037438  0.0008429
 0.0038035  0.0014042
 0.0037680  0.0013852
 0.0034422  0.0015757
 0.0033481  0.0016686
 0.0031580  0.0012463
 0.0023698  0.0013420
 0.0018337  0.0010933
 0.0014097  0.0005950
 0.0008101  0.0002926
 0.0004645 -0.0003202
 0.0002299 -0.0010845
 0.0000317 -0.0013922
 0.0001633 -0.0011980
-0.0000326 -0.0019849
 0.0000974 -0.0016764
 0.0005346 -0.0016760
 0.0004543 -0.0016772
 0.0007216 -0.0012347
 0.0010655 -0.0010978
 0.0010498 -0.0009573
 0.0012985 -0.0008220
 0.0015933 -0.0009173
 0.0024024 -0.0006649
 0.0030420 -0.0004509
 0.0032996 -0.0000706
 0.0033384  0.0006961
 0.0034930  0.0013845
 0.0031470  0.0016493
 0.0030703  0.0022646
 0.0027776  0.0028961
 0.0026778  0.0032954
 0.0028235  0.0033305
 0.0027577  0.0034262
 0.0028315  0.0035541
 0.0031913  0.0036490
 0.0031097  0.0035868
 0.0026829  0.0035109
 0.0029130  0.0033748
 0.0024305  0.0032993
 0.0019921  0.0032226
 0.0020345  0.0033215
 0.0021887  0.0031883
 0.0017062  0.0029982
 0.0018048  0.0022876
 0.0016848  0.0016557
 0.0017430  0.0012346
 0.0016275  0.0005418
 0.0017825  0.0002353
 0.0013198  0.0000617
 0.0014180 -0.0001874
 0.0009758 -0.0002605
 0.0009936  0.0002426
 0.0008204 -0.0000032
 0.0006859 -0.0000594
 0.0009726 -0.0000892
 0.0010453 -0.0004719
 0.0015257 -0.0003887
 0.0017147 -0.0003116
 0.0017114 -0.0006144
 0.0019399 -0.0007315
 0.0022254 -0.0004210
 0.0020715 -0.0005683
 0.0019548 -0.0002809
 0.0020138 -0.0001246
 0.0022439 -0.0000467
 0.0024733  0.0005072
 0.0028176  0.0011428
 0.0027430  0.0014871
 0.0028217  0.0018283
 0.0028980  0.0021872
 0.0028621  0.0025724
 0.0025944  0.0027981
 0.0022876  0.0033132
 0.0017704  0.0033153
 0.0015996  0.0031437
 0.0013682  0.0032010
 0.0007562  0.0031941
 0.0007541  0.0030782
 0.0004271  0.0030172
 0.0000823  0.0032013
 0.0003088  0.0034884
 0.0002890  0.0035231
 0.0002857  0.0031605
 0.0003955  0.0033341
 0.0005877  0.0027600
 0.0004868  0.0023817
 0.0008852  0.0017890
 0.0010584  0.0012541
 0.0010019  0.0009089
 0.0013249  0.0008705
 0.0017101  0.0001995
 0.0019608  0.0004486
 0.0022346  0.0007409
 0.0027179  0.0008011
 0.0025528  0.0008427
 0.0022516  0.0012457
 0.0018705  0.0012828
 0.0013574  0.0014560
 0.0012815  0.0014374
 0.0012419  0.0012812
 0.0012225  0.0011669
 0.0017385  0.0010547
 0.0022932  0.0009235
 0.0019513  0.0009804
 0.0024301  0.0008480
 0.0022032  0.0007503
 0.0022816  0.0007075
 0.0023789  0.0005116
 0.0022081  0.0002395
 0.0019380  0.0006008
 0.0020390  0.0009032
 0.0020171  0.0010385
 0.0019961  0.0012629
 0.0027294  0.0017050
 0.0027088  0.0017248
 0.0033188  0.0015294
 0.0033147  0.0012233
 0.0038699  0.0012621
 0.0042494  0.0009383
 0.0042821  0.0009016
 0.0040075  0.0007865
 0.0040793  0.0008116
 0.0035032  0.0006804
 0.0033914  0.0008519
 0.0031414  0.0005245
 0.0031620  0.0002992
 0.0026687  0.0003186
 0.0022674  0.0004353
 0.0018903  0.0001911
 0.0018709  0.0001184
 0.0019711  0.0002553
 0.0019699 -0.0003176
 0.0021265 -0.0001960
 0.0022989 -0.0006394
 0.0022214 -0.0009454
 0.0025311 -0.0012733
 0.0023571 -0.0013302
 0.0024548 -0.0011849
 0.0025517 -0.0005405
 0.0026094 -0.0000460
 0.0025925  0.0003497
 0.0025158  0.0010574
 0.0022485  0.0009432
 0.0020781  0.0007292
 0.0017511  0.0001700
 0.0016340 -0.0002087
 0.0009964 -0.0008030
 0.0011511 -0.0010489
 0.0011119 -0.0015047
 0.0012270 -0.0018871
 0.0011345 -0.0016957
 0.0011943 -0.0016569
 0.0014483 -0.0013764
 0.0014479 -0.0012072
 0.0015827 -0.0010546
 0.0010849 -0.0005814
 0.0009489 -0.0006618
 0.0009489 -0.0008544
-0.0001837 -0.0011443
-0.0006076 -0.0012036
-0.0009351 -0.0016054
-0.0014180 -0.0020257
-0.0018625 -0.0023511
-0.0021108 -0.0026571
-0.0018823 -0.0024653
-0.0017301 -0.0028275
-0.0010578 -0.0035171
-0.0003266 -0.0034549
 0.0004025 -0.0033963
 0.0010942 -0.0038166
 0.0011378 -0.0035287
 0.0017325 -0.0038146
 0.0016590 -0.0036038
 0.0016401 -0.0032219
 0.0016215 -0.0032231
 0.0012553 -0.0030709
 0.0011390 -0.0028602
 0.0008144 -0.0029579
 0.0005414 -0.0029773
 0.0002725 -0.0027669
-0.0000565 -0.0026147
-0.0003840 -0.0027875
-0.0004841 -0.0027508
-0.0005237 -0.0027742
-0.0007130 -0.0028299
-0.0005007 -0.0026567
-0.0008620 -0.0029244
-0.0009940 -0.0027895
-0.0010093 -0.0029793
-0.0008906 -0.0029426
-0.0012705 -0.0033665
-0.0011760 -0.0037133
-0.0014672 -0.0037743
-0.0016791 -0.0041013
-0.0017966 -0.0043480
-0.0018972 -0.0041958
-0.0017486 -0.0039859
-0.0016009 -0.0034860
-0.0014087 -0.0031969
-0.0011588 -0.0024278
-0.0011431 -0.0016809
-0.0011027 -0.0009694
-0.0008871 -0.0006610
-0.0004058 -0.0003194
-0.0004821 -0.0001829
-0.0000727 -0.0001834
 0.0002911 -0.0004365
 0.0002944 -0.0003606
 0.0000093 -0.0003643
 0.0002609 -0.0003078
-0.0000641 -0.0000821
-0.0003132 -0.0000518
-0.0003492 -0.0000151
-0.0007937  0.0003087
-0.0008494  0.0006523
-0.0012940  0.0007657
-0.0014106  0.0009195
-0.0012181  0.0011945
-0.0014276  0.0016374
-0.0019864  0.0017408
-0.0019686  0.0018798
-0.0025674  0.0020748
-0.0027620  0.0022916
-0.0026494  0.0025287
-0.0028408  0.0026651
-0.0026861  0.0026809
-0.0023781  0.0029086
-0.0025690  0.0029828
-0.0027637  0.0031697
-0.0026090  0.0030147
-0.0027439  0.0031092
-0.0030107  0.0030869
-0.0032033  0.0031653
-0.0032417  0.0028584
-0.0038162  0.0030106
-0.0040274  0.0023392
-0.0042228  0.0020695
-0.0046262  0.0019351
-0.0047638  0.0016092
-0.0048212  0.0018587
-0.0044405  0.0018822
-0.0042301  0.0020005
-0.0042285  0.0019081
-0.0037080  0.0019727
-0.0034581  0.0019933
-0.0029179  0.0015561
-0.0024548  0.0011992
-0.0023970  0.0011600
-0.0018770  0.0011374
-0.0012443  0.0009609
-0.0012427  0.0008382
-0.0007639  0.0008486
-0.0004990  0.0014954
-0.0005184  0.0009911
-0.0004413  0.0011408
-0.0006916  0.0010468
-0.0011676  0.0006652
-0.0013982  0.0005902
-0.0017632  0.0005365
-0.0022973  0.0006209
-0.0024689  0.0010085
-0.0026207  0.0012019
-0.0029804  0.0013215
-0.0029000  0.0016344
-0.0027462  0.0020228
-0.0024192  0.0019659
-0.0022492  0.0020450
-0.0022920  0.0020277
-0.0023691  0.0023592
-0.0023906  0.0023463
-0.0027725  0.0025219
-0.0031520  0.0023491
-0.0033236  0.0021202
-0.0032622  0.0019874
-0.0035101  0.0020584
-0.0034362  0.0018868
-0.0034584  0.0019421
-0.0035941  0.0021703
-0.0035037  0.0019203
-0.0030277  0.0017100
-0.0026058  0.0017891
-0.0020930  0.0017205
-0.0015520  0.0016426
-0.0013223  0.0015869
-0.0012847  0.0015704
-0.0013812  0.0016010
-0.0012839  0.0013701
-0.0015528  0.0013833
-0.0019215  0.0014552
-0.0018076  0.0015880
-0.0019408  0.0016445
-0.0020567  0.0020244
-0.0015419  0.0023696
-0.0015783  0.0024092
-0.0014644  0.0026539
-0.0011196  0.0029211
-0.0009621  0.0026720
-0.0013465  0.0026724
-0.0016946  0.0023050
-0.0019396  0.0022634
-0.0023038  0.0020498
-0.0023034  0.0016283
-0.0023842  0.0011240
-0.0021387  0.0008922
-0.0018714  0.0008531
-0.0013740  0.0003597
-0.0011871  0.0002963
-0.0007842  0.0000298
-0.0009360 -0.0004135
-0.0011035 -0.0005273
-0.0008322 -0.0007159
-0.0006585 -0.0008665
-0.0009440 -0.0006347
-0.0010154 -0.0004360
-0.0007061  0.0001676
-0.0009738  0.0007103
-0.0010864  0.0011746
-0.0007755  0.0013935
-0.0009302  0.0014169
-0.0007772  0.0015901
-0.0007142  0.0015934
-0.0002349  0.0015542
-0.0001352  0.0011109
 0.0000595  0.0009801
 0.0005787  0.0011929
 0.0005024  0.0011488
 0.0004838  0.0007496
 0.0006570  0.0007512
 0.0006162  0.0006551
 0.0006142  0.0003709
 0.0005948 -0.0002779
 0.0005153 -0.0004911
 0.0004934 -0.0008367
 0.0006436 -0.0012175
 0.0010643 -0.0012982
 0.0011200 -0.0015328
 0.0013651 -0.0016871
 0.0019190 -0.0019184
 0.0018399 -0.0016863
 0.0023885 -0.0018542
 0.0020801 -0.0017561
 0.0019250 -0.0017153
 0.0019456 -0.0020160
 0.0012144 -0.0020584
 0.0007215 -0.0018457
 0.0003726 -0.0021892
-0.0003360 -0.0026528
-0.0006800 -0.0025579
-0.0007934 -0.0032854
-0.0011414 -0.0033476
-0.0010268 -0.0036145
-0.0009052 -0.0042258
-0.0005959 -0.0046485
-0.0001324 -0.0047838
-0.0001292 -0.0046913
-0.0003540 -0.0042537
-0.0000282 -0.0042351
-0.0002563 -0.0037579
-0.0009616 -0.0037421
-0.0010012 -0.0034543
-0.0015362 -0.0030521
-0.0019573 -0.0024643
-0.0016859 -0.0023315
-0.0021478 -0.0018002
-0.0017053 -0.0016500
-0.0011744 -0.0017845
-0.0004065 -0.0015019
-0.0001780 -0.0015976
 0.0004720 -0.0018661
 0.0008730 -0.0016202
 0.0007385 -0.0012552
 0.0012173 -0.0008167
 0.0010405 -0.0004385
 0.0011543  0.0001139
 0.0010376  0.0002293
 0.0009565  0.0004970
 0.0010938  0.0008022
 0.0010881  0.0009012
 0.0003371  0.0009544
 0.0004929  0.0006904
 0.0002781  0.0002152
-0.0000865  0.0000436
 0.0000327 -0.0002588
 0.0001308 -0.0007541
-0.0000771 -0.0011559
 0.0001183 -0.0015002
-0.0000129 -0.0022892
 0.0002354 -0.0023473
 0.0004300 -0.0026356
 0.0006359 -0.0026933
 0.0008495 -0.0025371
 0.0016130 -0.0023029
 0.0017660 -0.0020356
 0.0020510 -0.0020352
 0.0026817 -0.0017833
 0.0027729 -0.0014792
 0.0027131 -0.0012095
 0.0028048 -0.0010359
 0.0022662 -0.0009213
 0.0022117 -0.0010202
 0.0018850 -0.0008651
 0.0015419 -0.0007703
 0.0012572 -0.0006193
 0.0016618 -0.0005765
 0.0015710 -0.0006152
 0.0013227 -0.0005389
 0.0018019 -0.0009192
 0.0013788 -0.0011704
 0.0011838 -0.0015350
 0.0012031 -0.0016480
 0.0012774 -0.0018616
 0.0009887 -0.0019068
 0.0009847 -0.0020380
 0.0007521 -0.0021172
 0.0006911 -0.0020405
 0.0004812 -0.0020174
 0.0003435 -0.0022666
 0.0008405 -0.0022831
 0.0012216 -0.0029678
 0.0011429 -0.0029872
 0.0019269 -0.0035213
 0.0018280 -0.0038464
 0.0019200 -0.0040571
 0.0021094 -0.0041100
 0.0020686 -0.0044556
 0.0019894 -0.0041063
 0.0022943 -0.0038528
 0.0024299 -0.0037542
 0.0024711 -0.0036767
 0.0027792 -0.0033497
 0.0030683 -0.0031438
 0.0030352 -0.0029379
 0.0033449 -0.0025741
 0.0030982 -0.0026973
 0.0029480 -0.0022225
 0.0029493 -0.0024918
 0.0026275 -0.0024539
 0.0026667 -0.0024749
 0.0026736 -0.0023206
 0.0023853 -0.0021119
 0.0025956 -0.0017881
 0.0024802 -0.0014243
 0.0024034 -0.0016020
 0.0027523 -0.0011054
 0.0025399 -0.0013727
 0.0025052 -0.0014119
 0.0022565 -0.0016594
 0.0017748 -0.0015455
 0.0012984 -0.0017579
 0.0008014 -0.0018358
 0.0010513 -0.0014720
 0.0007090 -0.0015879
 0.0006367 -0.0012205
 0.0005439 -0.0010671
 0.0004486 -0.0009920
 0.0004123 -0.0013699
 0.0007765 -0.0015560
 0.0009311 -0.0015111
 0.0013365 -0.0020061
 0.0020664 -0.0019778
 0.0019514 -0.0016883
 0.0026087 -0.0013992
 0.0029188 -0.0012098
 0.0027121 -0.0006918
 0.0030783 -0.0003821
 0.0030848 -0.0005182
 0.0028910 -0.0001379
 0.0030287 -0.0001177
 0.0025280 -0.0007771
 0.0023936 -0.0010521
 0.0023932 -0.0013424
 0.0023936 -0.0017106
 0.0020286 -0.0017704
 0.0020863 -0.0018277
 0.0016471 -0.0015988
 0.0015889 -0.0016186
 0.0015873 -0.0013525
 0.0012380 -0.0010081
 0.0013741 -0.0013335
 0.0011552 -0.0012605
 0.0013220 -0.0015504
 0.0012763 -0.0016440
 0.0014636 -0.0019274
 0.0014741 -0.0018091
 0.0016646 -0.0019020
 0.0017579 -0.0017069
 0.0016630 -0.0011486
 0.0021451 -0.0011437
 0.0018927 -0.0007399
 0.0018209 -0.0004855
 0.0019553 -0.0007153
 0.0017813 -0.0007334
 0.0016267 -0.0004056
 0.0010913 -0.0008497
 0.0008955 -0.0008893
 0.0003383 -0.0010452
-0.0000073 -0.0011982
-0.0002366 -0.0015224
-0.0006904 -0.0017905
-0.0006739 -0.0018090
-0.0008039 -0.0019459
-0.0008777 -0.0017348
-0.0006464 -0.0014291
-0.0004687 -0.0010100
-0.0000855 -0.0003337
-0.0000864 -0.0000677
-0.0001445 -0.0000108
 0.0000659  0.0005852
-0.0002390  0.0006235
-0.0006415  0.0007370
-0.0009092  0.0011758
-0.0014684  0.0009675
-0.0018693  0.0012126
-0.0018738  0.0014249
-0.0017805  0.0015574
-0.0016238  0.0016192
-0.0011252  0.0014447
-0.0008139  0.0010781
-0.0003746  0.0010369
-0.0001610  0.0006110
-0.0003004  0.0001632
-0.0005341  0.0000287
-0.0008232 -0.0003573
-0.0010376 -0.0010461
-0.0007308 -0.0013319
-0.0009985 -0.0014449
-0.0009605 -0.0016916
-0.0009436 -0.0014788
-0.0009242 -0.0016819
-0.0014430 -0.0018337
-0.0016324 -0.0015006
-0.0018431 -0.0015534
-0.0018423 -0.0018195
-0.0016093 -0.0017226
-0.0014959 -0.0016426
-0.0010542 -0.0018356
-0.0004239 -0.0016624
-0.0000404 -0.0014504
 0.0004990 -0.0017012
 0.0008051 -0.0015320
 0.0013804 -0.0014585
 0.0009238 -0.0010229
 0.0008862 -0.0007181
 0.0003464 -0.0003035
-0.0001134 -0.0006701
-0.0002858 -0.0010816
-0.0002875 -0.0009318
-0.0003827 -0.0009561
-0.0003658 -0.0011898
 0.0000198 -0.0008681
-0.0003448 -0.0012186
-0.0004954 -0.0007765
-0.0002289 -0.0007195
-0.0008039 -0.0004720
-0.0012884 -0.0004288
-0.0016348 -0.0006049
-0.0019441 -0.0005096
-0.0021036 -0.0007801
-0.0020326 -0.0010902
-0.0022070 -0.0012448
-0.0023092 -0.0012061
-0.0023302 -0.0013199
-0.0023883 -0.0015077
-0.0025050 -0.0013869
-0.0025809 -0.0016526
-0.0025421 -0.0017426
-0.0024069 -0.0022529
-0.0022873 -0.0022282
-0.0018040 -0.0023198
-0.0018787 -0.0024308
-0.0016647 -0.0023158
-0.0015468 -0.0019265
-0.0015771 -0.0020804
-0.0014612 -0.0017372
-0.0015706 -0.0013355
-0.0013759 -0.0011235
-0.0011656 -0.0007432
-0.0009908 -0.0004928
-0.0007816 -0.0002441
-0.0010477  0.0001002
-0.0008212  0.0004806
-0.0009783  0.0002666
-0.0011511  0.0004575
-0.0013828  0.0004155
-0.0021916  0.0004341
-0.0024960 -0.0000076
-0.0030560 -0.0000690
-0.0035724 -0.0004719
-0.0035897 -0.0006807
-0.0037617 -0.0014090
-0.0037758 -0.0015847
-0.0031020 -0.0019214
-0.0031230 -0.0021486
-0.0033297 -0.0025851
-0.0033503 -0.0023509
-0.0034451 -0.0021332
-0.0040189 -0.0023064
-0.0041541 -0.0027412
-0.0038658 -0.0026609
-0.0041904 -0.0027384
-0.0037871 -0.0032346
-0.0037108 -0.0031962
-0.0035986 -0.0034268
-0.0037742 -0.0035398
-0.0038166 -0.0033650
-0.0039515 -0.0034389
-0.0042200 -0.0034187
-0.0043754 -0.0038583
-0.0043161 -0.0041240
-0.0037823 -0.0044268
-0.0030721 -0.0045418
-0.0026070 -0.0047720
-0.0018580 -0.0044070
-0.0012799 -0.0041797
-0.0011765 -0.0036476
-0.0008086 -0.0031312
-0.0010933 -0.0019507
-0.0013391 -0.0013419
-0.0010476 -0.0009781
-0.0013924 -0.0008852
-0.0013298 -0.0006769
-0.0014469 -0.0008905
-0.0016770 -0.0010690
-0.0014489 -0.0008046
-0.0015878 -0.0010182
-0.0015911 -0.0007776
-0.0016941 -0.0004707
-0.0017756 -0.0004158
-0.0018948 -0.0005882
-0.0017289 -0.0002422
-0.0016570 -0.0000896
-0.0016974  0.0001999
-0.0016611  0.0007397
-0.0013563  0.0012606
-0.0016256  0.0020265
-0.0015072  0.0026842
-0.0013550  0.0028417
-0.0022942  0.0031526
-0.0025259  0.0035265
-0.0026575  0.0031232
-0.0029248  0.0029738
-0.0031553  0.0023795
-0.0030960  0.0015546
-0.0031715  0.0011497
-0.0030992  0.0004968
-0.0029809  0.0001326
-0.0028852  0.0000535
-0.0024976 -0.0001577
-0.0024576 -0.0003131
-0.0020700 -0.0005413
-0.0015273 -0.0004831
-0.0016388 -0.0003358
-0.0008680 -0.0001654
-0.0008870 -0.0002849
-0.0006160 -0.0003269
-0.0001760 -0.0005228
 0.0001866 -0.0010622
-0.0000460 -0.0011999
 0.0003158 -0.0014341
 0.0006791 -0.0011878
 0.0005988 -0.0013490
 0.0005766 -0.0010441
 0.0003395 -0.0008003
-0.0001224 -0.0003614
-0.0003045 -0.0000586
-0.0007478  0.0001707
-0.0009465 -0.0000005
-0.0009098 -0.0003041
-0.0013539 -0.0002641
-0.0015449 -0.0008758
-0.0013519 -0.0009299
-0.0012393 -0.0011176
-0.0013523 -0.0018496
-0.0006776 -0.0018286
-0.0008932 -0.0019780
-0.0009304 -0.0025719
-0.0002961 -0.0028169
-0.0000223 -0.0032384
 0.0002498 -0.0031601
 0.0006923 -0.0034294
 0.0005971 -0.0030693
 0.0009661 -0.0029102
 0.0014672 -0.0026982
 0.0015859 -0.0020841
 0.0016497 -0.0018524
 0.0017337 -0.0017922
 0.0017943 -0.0013311
 0.0019320 -0.0008886
 0.0021831 -0.0010796
 0.0017830 -0.0007755
 0.0018198 -0.0002575
 0.0015129 -0.0003742
 0.0015727 -0.0001477
 0.0013010 -0.0000872
 0.0009933 -0.0003040
 0.0009574 -0.0001155
 0.0007801 -0.0000791
 0.0003360  0.0003185
 0.0001199  0.0003540
-0.0000804  0.0006742
-0.0000865  0.0009402
 0.0001207  0.0008623
-0.0000158  0.0008845
 0.0001133  0.0007880
-0.0000425  0.0007295
-0.0001217  0.0007323
-0.0004322  0.0007178
-0.0006256  0.0006427
-0.0010281  0.0003605
-0.0011428 -0.0001926
-0.0011197 -0.0003779
-0.0014584 -0.0008761
-0.0013724 -0.0009346
-0.0009831 -0.0004748
-0.0005741 -0.0000965
-0.0008200 -0.0003150
-0.0003391  0.0004732
-0.0005862  0.0005495
-0.0007000  0.0006027
-0.0006419  0.0003763
-0.0006580  0.0004101
-0.0005256  0.0000274
 0.0004143  0.0002002
 0.0010066  0.0002955
 0.0012743  0.0005002
 0.0020955  0.0010800
 0.0020781  0.0016157
 0.0023062  0.0019428
 0.0023781  0.0021551
 0.0022242  0.0023885
 0.0018790  0.0023865
 0.0016634  0.0025012
 0.0012617  0.0021725
 0.0009359  0.0019997
 0.0011858  0.0012867
 0.0012241  0.0012661
 0.0014955  0.0008635
 0.0020878  0.0003831
 0.0018758  0.0004408
 0.0017563  0.0005171
 0.0015023  0.0006181
 0.0011134  0.0010416
 0.0004594  0.0012956
 0.0001844  0.0013433
-0.0004148  0.0016320
-0.0005287  0.0019618
-0.0007063  0.0020402
-0.0010713  0.0022332
-0.0010148  0.0022344
-0.0008230  0.0026555
-0.0004181  0.0021771
 0.0000632  0.0021795
 0.0003358  0.0022174
 0.0003968  0.0019340
 0.0006887  0.0017851
 0.0008219  0.0017665
 0.0009782  0.0012311
 0.0011324  0.0014052
 0.0011163  0.0012505
 0.0008276  0.0012526
 0.0008870  0.0014678
 0.0004259  0.0013156
 0.0003338  0.0014682
 0.0004675  0.0012772
-0.0000138  0.0012998
 0.0001198  0.0014508
-0.0001131  0.0015214
-0.0001705  0.0015990
-0.0004624  0.0014468
-0.0011197  0.0015994
-0.0016769  0.0012340
-0.0020403  0.0013139
-0.0022563  0.0011783
-0.0026992  0.0010248
-0.0033835  0.0006994
-0.0037691  0.0007345
-0.0038244  0.0007753
-0.0039948  0.0004713
-0.0040356  0.0004915
-0.0038591  0.0005307
-0.0037073 -0.0000398
-0.0037065 -0.0001948
-0.0036480 -0.0005404
-0.0038612 -0.0010580
-0.0034776 -0.0016972
-0.0038757 -0.0020453
-0.0035095 -0.0022588
-0.0033387 -0.0026473
-0.0031840 -0.0024979
-0.0027997 -0.0022302
-0.0024585 -0.0020409
-0.0022264 -0.0017324
-0.0017116 -0.0013460
-0.0011577 -0.0008898
-0.0008137 -0.0007170
-0.0000074 -0.0004869
 0.0000907 -0.0005329
 0.0006923 -0.0003811
 0.0013707 -0.0004207
 0.0015112 -0.0001595
 0.0014604  0.0001635
 0.0016174  0.0001263
 0.0012416  0.0002628
 0.0010369  0.0002087
 0.0010571  0.0001740
 0.0004055  0.0003311
 0.0000005  0.0004317
-0.0000762  0.0004296
-0.0005765  0.0000828
-0.0009072 -0.0001857
-0.0007554 -0.0006892
-0.0009132 -0.0008632
-0.0003783 -0.0010740
-0.0004017 -0.0013631
-0.0002091 -0.0011519
 0.0004619 -0.0011886
 0.0004611 -0.0010748
 0.0006916 -0.0009807
 0.0012274 -0.0008446
 0.0009750 -0.0006726
 0.0009916 -0.0006690
 0.0012597 -0.0006125
 0.0012019 -0.0012617
 0.0013327 -0.0012766
 0.0014268 -0.0016408
 0.0015608 -0.0017765
 0.0018091 -0.0015233
 0.0014611 -0.0015076
 0.0011232 -0.0013751
 0.0011220 -0.0011434
 0.0008131 -0.0011062
 0.0004659 -0.0013425
 0.0006205 -0.0010950
 0.0008086 -0.0011370
 0.0009612 -0.0011402
 0.0012309 -0.0014099
 0.0014017 -0.0012585
 0.0015818 -0.0014685
 0.0020639 -0.0012198
 0.0025254 -0.0014891
 0.0020676 -0.0011673
 0.0019723 -0.0014132
 0.0018330 -0.0014354
 0.0014696 -0.0019377
 0.0015649 -0.0017855
 0.0013553 -0.0018675
 0.0010654 -0.0016547
 0.0010477 -0.0014262
 0.0009149 -0.0013349
 0.0008567 -0.0006441
 0.0010457 -0.0002791
 0.0011010 -0.0001104
 0.0011942  0.0000236
 0.0014958 -0.0001883
 0.0017562 -0.0004172
 0.0015866 -0.0005884
 0.0019269 -0.0007229
 0.0014642 -0.0008759
 0.0012361 -0.0012199
 0.0010633 -0.0012800
 0.0008695 -0.0017007
 0.0005784 -0.0022381
 0.0011707 -0.0021574
 0.0012486 -0.0023855
 0.0016665 -0.0021533
 0.0018211 -0.0019567
 0.0018780 -0.0017410
 0.0020892 -0.0012953
 0.0023989 -0.0011160
 0.0023081 -0.0009258
 0.0027138 -0.0005410
 0.0028927 -0.0008883
 0.0025726 -0.0010062
 0.0032053 -0.0009493
 0.0026925 -0.0014919
 0.0026534 -0.0015703
 0.0026501 -0.0015513
 0.0022076 -0.0019155
 0.0024967 -0.0016098
 0.0027805 -0.0014523
 0.0024696 -0.0012832
 0.0025084 -0.0007858
 0.0025802 -0.0012630
 0.0020787 -0.0011096
 0.0014618 -0.0007434
 0.0007496 -0.0010861
-0.0000551 -0.0010874
-0.0006696 -0.0012573
-0.0011658 -0.0013344
-0.0012776 -0.0017560
-0.0013160 -0.0012771
-0.0012187 -0.0008935
-0.0012364 -0.0005851
-0.0014112  0.0003734
-0.0010669  0.0007206
-0.0014629  0.0009157
-0.0010995  0.0010130
-0.0010591  0.0005915
-0.0007482  0.0002297
-0.0005359 -0.0005341
-0.0003562 -0.0010885
-0.0000791 -0.0015055
 0.0000791 -0.0017377
 0.0003549 -0.0015657
 0.0005714 -0.0016400
 0.0006542 -0.0011054
 0.0007345 -0.0010711
 0.0009663 -0.0012472
 0.0011403 -0.0017450
 0.0014863 -0.0018035
 0.0020439 -0.0016707
 0.0024634 -0.0016719
 0.0025062 -0.0013288
 0.0024638 -0.0007381
 0.0023649 -0.0005088
 0.0017302 -0.0004373
 0.0014007 -0.0001507
 0.0008811 -0.0000756
 0.0004773 -0.0000809
 0.0004337  0.0000726
-0.0001816  0.0003806
-0.0009116  0.0001913
-0.0012625  0.0004775
-0.0016134  0.0002321
-0.0024245  0.0000988
-0.0022574 -0.0002811
-0.0027856 -0.0004296
-0.0031909 -0.0006186
-0.0034272 -0.0013061
-0.0033908 -0.0014930
-0.0031825 -0.0019137
-0.0031050 -0.0020998
-0.0024089 -0.0026590
-0.0025248 -0.0024293
-0.0018166 -0.0022581
-0.0013366 -0.0023167
-0.0010297 -0.0014951
-0.0008614 -0.0013974
-0.0009151 -0.0012100
-0.0006284 -0.0008822
-0.0003413 -0.0004966
-0.0003022 -0.0004566
 0.0000814 -0.0005281
 0.0006014 -0.0006597
 0.0010859 -0.0004477
 0.0011090 -0.0002349
 0.0012281 -0.0000637
 0.0008292 -0.0000439
 0.0006601  0.0003788
 0.0002455  0.0003933
-0.0001550  0.0001652
-0.0006500  0.0003166
-0.0010901  0.0002197
-0.0013743  0.0001006
-0.0015908  0.0001401
-0.0016832 -0.0001696
-0.0019937 -0.0000161
-0.0020959  0.0000222
-0.0019788 -0.0001086
-0.0020563 -0.0002551
-0.0017491 -0.0002349
-0.0015887 -0.0006685
-0.0009883 -0.0004537
-0.0004865 -0.0003350
-0.0002906 -0.0003011
 0.0003065  0.0000655
 0.0003816 -0.0000318
 0.0003849  0.0001608
 0.0003215  0.0001176
 0.0002274 -0.0000136
 0.0004175 -0.0002304
 0.0007010 -0.0003669
 0.0006073 -0.0002922
 0.0009521 -0.0003940
 0.0009694 -0.0002785
 0.0011225 -0.0001045
 0.0011479 -0.0001215
 0.0012230  0.0004745
 0.0012852  0.0005887
 0.0011379  0.0009529
 0.0011762  0.0014136
 0.0007568  0.0014471
 0.0005840  0.0015214
 0.0004814  0.0014010
 0.0001139  0.0013731
 0.0001305  0.0009875
 0.0000650  0.0006742
 0.0001369  0.0007860
 0.0005188  0.0007468
 0.0007425  0.0007081
 0.0008551  0.0010504
 0.0009867  0.0012991
 0.0010808  0.0011477
 0.0013460  0.0011708
 0.0018620  0.0014586
 0.0025108  0.0013420
 0.0031624  0.0013985
 0.0031455  0.0015688
 0.0037386  0.0017194
 0.0037624  0.0021228
 0.0039348  0.0024659
 0.0034895  0.0028875
 0.0031225  0.0030595
 0.0026400  0.0032137
 0.0021950  0.0032751
 0.0017739  0.0031826
 0.0016790  0.0029545
 0.0016177  0.0026332
 0.0015066  0.0025222
 0.0015285  0.0025440
 0.0013799  0.0024850
 0.0013476  0.0021802
 0.0011413  0.0021649
 0.0013017  0.0020724
 0.0010768  0.0017874
 0.0012351  0.0017915
 0.0011492  0.0013138
 0.0012154  0.0008528
 0.0015683  0.0008560
 0.0015167  0.0007748
 0.0015583  0.0004998
 0.0016697  0.0008249
 0.0014795  0.0006258
 0.0013063  0.0006443
 0.0011117  0.0001623
 0.0007439  0.0001013
 0.0008371 -0.0000946
 0.0010834  0.0007234
 0.0012526  0.0009733
 0.0016704  0.0011853
 0.0019146  0.0013964
 0.0020309  0.0016460
 0.0018157  0.0016145
 0.0022199  0.0013521
 0.0015638  0.0012064
 0.0013110  0.0008301
 0.0009876  0.0005616
 0.0008103  0.0002972
 0.0005757 -0.0003722
 0.0004809 -0.0002172
 0.0004792 -0.0004085
 0.0005907 -0.0001194
 0.0009920 -0.0004650
 0.0009120 -0.0003338
 0.0004687 -0.0005487
 0.0003488 -0.0005337
 0.0004808 -0.0008208
 0.0006124 -0.0011503
 0.0004371 -0.0013647
 0.0007626 -0.0016513
 0.0009915 -0.0018031
 0.0009346 -0.0016271
 0.0013181 -0.0015181
 0.0013177 -0.0010982
 0.0012967 -0.0007344
 0.0013342 -0.0000457
 0.0015789  0.0007780
 0.0012167  0.0013727
 0.0009446  0.0021641
 0.0010225  0.0024548
 0.0007569  0.0028020
 0.0008170  0.0028993
 0.0009148  0.0028997
 0.0002720  0.0029352
-0.0001644  0.0031205
-0.0008725  0.0033495
-0.0014866  0.0029453
-0.0021948  0.0037859
-0.0027552  0.0036696
-0.0034618  0.0036510
-0.0035805  0.0035372
-0.0037145  0.0032679
-0.0037735  0.0030749
-0.0032934  0.0027701
-0.0030633  0.0020187
-0.0025461  0.0021119
-0.0022215  0.0018067
-0.0022425  0.0014005
-0.0020507  0.0016145
-0.0018771  0.0013695
-0.0017410  0.0011042
-0.0017019  0.0007812
-0.0012210  0.0008257
-0.0008334  0.0006751
-0.0002927  0.0007744
 0.0000747  0.0012379
 0.0001575  0.0014257
-0.0001639  0.0016578
-0.0000629  0.0018859
-0.0000960  0.0014604
-0.0002425  0.0015956
-0.0001230  0.0013651
-0.0000798  0.0012468
 0.0002267  0.0011846
 0.0002448  0.0013776
-0.0000273  0.0012972
-0.0002776  0.0014684
-0.0008611  0.0017357
-0.0011332  0.0015273
-0.0014268  0.0014143
-0.0015855  0.0012056
-0.0011309  0.0011317
-0.0007720  0.0010199
-0.0008524  0.0008095
-0.0007397  0.0009230
-0.0008580  0.0010215
-0.0010317  0.0005596
-0.0009731  0.0008083
-0.0010518  0.0010611
-0.0012242  0.0004066
-0.0012594  0.0006202
-0.0013777  0.0002354
-0.0012053  0.0000037
-0.0011851 -0.0004538
-0.0008617 -0.0011042
-0.0009190 -0.0011628
-0.0010761 -0.0015063
-0.0013470 -0.0015229
-0.0011750 -0.0017514
-0.0011722 -0.0017800
-0.0011330 -0.0016237
-0.0013357 -0.0017735
-0.0004874 -0.0015212
-0.0002499 -0.0014598
 0.0004684 -0.0012119
 0.0010312 -0.0011017
 0.0014940 -0.0005675
 0.0016676 -0.0001476
 0.0019018  0.0002928
 0.0023616  0.0005856
 0.0023459  0.0006772
 0.0031575  0.0010018
 0.0037510  0.0013833
 0.0038685  0.0015472
 0.0039609  0.0021924
 0.0038220  0.0024358
 0.0035074  0.0025642
 0.0030831  0.0030026
 0.0028860  0.0029973
 0.0022513  0.0030591
 0.0017596  0.0026005
 0.0014705  0.0021774
 0.0010304  0.0016771
 0.0008015  0.0011199
 0.0003178  0.0008272
 0.0004700 -0.0000154
 0.0001191 -0.0004987
 0.0001006 -0.0009013
-0.0000779 -0.0013587
 0.0001946 -0.0015852
 0.0002144 -0.0015089
 0.0002168 -0.0021209
 0.0000626 -0.0022550
 0.0005645 -0.0022340
 0.0010252 -0.0023115
 0.0010078 -0.0020067
 0.0009097 -0.0013155
 0.0007954 -0.0010514
 0.0007538 -0.0005924
 0.0002334 -0.0001370
 0.0003807 -0.0000631
 0.0001114 -0.0001023
 0.0002240 -0.0002941
 0.0002398 -0.0001980
 0.0005842 -0.0003155
 0.0006395 -0.0004685
 0.0009447 -0.0002424
 0.0011344 -0.0002808
 0.0008115 -0.0003607
 0.0009831 -0.0002646
 0.0007715 -0.0001532
 0.0010775  0.0001351
 0.0015560  0.0002534
 0.0019391  0.0008509
 0.0023610  0.0010807
 0.0026497  0.0013908
 0.0027087  0.0018531
 0.0026921  0.0020428
 0.0022835  0.0024466
 0.0020356  0.0024805
 0.0015886  0.0024792
 0.0012418  0.0024611
 0.0010411  0.0026020
 0.0006357  0.0025120
 0.0009971  0.0024652
 0.0004052  0.0020280
 0.0004641  0.0022634
 0.0002736  0.0021338
 0.0005247  0.0017947
 0.0000091  0.0014103
 0.0003136  0.0016401
 0.0002591  0.0014120
 0.0003535  0.0015044
-0.0001814  0.0014483
-0.0005686  0.0015395
-0.0008755  0.0010542
-0.0009938  0.0005923
-0.0012256  0.0003226
-0.0012066 -0.0003125
-0.0009405 -0.0002936
-0.0007520 -0.0000045
-0.0003825  0.0004126
 0.0001557  0.0010869
 0.0001993  0.0016928
 0.0001630  0.0025524
 0.0003984  0.0024365
 0.0002684  0.0025318
 0.0003108  0.0021672
 0.0002018  0.0015733
 0.0003020  0.0009963
 0.0004166  0.0005542
 0.0003791  0.0000152
 0.0004356  0.0002409
 0.0006076  0.0004161
 0.0001304  0.0004933
 0.0001510  0.0004343
 0.0001469  0.0006867
-0.0002366  0.0003011
-0.0006032  0.0001711
-0.0004127  0.0000383
-0.0010325 -0.0002859
-0.0013773 -0.0000946
-0.0015727 -0.0002807
-0.0021674 -0.0007038
-0.0025699 -0.0007377
-0.0029345 -0.0011568
-0.0037586 -0.0013651
-0.0037549 -0.0018605
-0.0039838 -0.0024172
-0.0040190 -0.0031686
-0.0030378 -0.0038195
-0.0021569 -0.0044780
-0.0014810 -0.0047687
-0.0006206 -0.0049815
 0.0000492 -0.0050962
 0.0000682 -0.0048285
 0.0001610 -0.0044635
-0.0000453 -0.0040775
-0.0002778 -0.0038461
-0.0005867 -0.0031707
-0.0007195 -0.0028271
-0.0007950 -0.0024790
-0.0006618 -0.0018843
-0.0003739 -0.0018670
-0.0002605 -0.0015997
 0.0000637 -0.0014132
 0.0002745 -0.0011076
-0.0001139 -0.0008451
-0.0000239 -0.0010955
-0.0000651 -0.0010377
-0.0004297 -0.0011540
-0.0001092 -0.0006110
-0.0002481 -0.0006513
-0.0002513  0.0000811
-0.0001581  0.0002979
-0.0000043  0.0007566
-0.0001230  0.0009891
 0.0001641  0.0011450
 0.0003757  0.0012040
 0.0003385  0.0012439
 0.0005864  0.0011499
 0.0002239  0.0014184
 0.0004762  0.0013857
 0.0003426  0.0013086
 0.0004064  0.0010429
 0.0008324  0.0007971
 0.0006442  0.0008378
 0.0008421  0.0004737
 0.0006685  0.0001079
 0.0005765  0.0003566
 0.0007711  0.0002629
 0.0014248  0.0008342
 0.0012899  0.0011007
 0.0015427  0.0011007
 0.0021802  0.0015246
 0.0025848  0.0018694
 0.0025291  0.0018476
 0.0029514  0.0016558
 0.0029126  0.0013433
 0.0030261  0.0013784
 0.0029494  0.0011854
 0.0028294  0.0010465
 0.0025032  0.0012552
 0.0024075  0.0008180
 0.0015196  0.0007788
 0.0013250  0.0009504
 0.0005381  0.0004913
 0.0000342  0.0002039
-0.0002957 -0.0001797
-0.0006187 -0.0003517
-0.0010797 -0.0003517
-0.0006590 -0.0004458
-0.0006183 -0.0008124
-0.0003061 -0.0008346
 0.0002886 -0.0008730
 0.0007545 -0.0012004
 0.0009677 -0.0014120
 0.0011644 -0.0012767
 0.0014567 -0.0015888
 0.0013259 -0.0011871
 0.0013296 -0.0014968
 0.0013567 -0.0015904
 0.0011855 -0.0011273
 0.0016692 -0.0011847
 0.0018061 -0.0009856
 0.0018473 -0.0007914
 0.0018097 -0.0002144
 0.0021921 -0.0001934
 0.0020798 -0.0002487
 0.0015392 -0.0004986
 0.0014052 -0.0006884
 0.0010171 -0.0005188
 0.0001354 -0.0003880
-0.0001562 -0.0001966
-0.0004997 -0.0000263
-0.0005010  0.0005773
-0.0008066  0.0010396
-0.0009790  0.0017267
-0.0010339  0.0020311
-0.0010310  0.0022177
-0.0009939  0.0023513
-0.0009135  0.0026726
-0.0013359  0.0026504
-0.0011102  0.0027647
-0.0013634  0.0024591
-0.0016751  0.0022548
-0.0018342  0.0016447
-0.0020861  0.0009959
-0.0021887  0.0004057
-0.0023091 -0.0003772
-0.0026930 -0.0003356
-0.0023870 -0.0005265
-0.0024682 -0.0002144
-0.0020240 -0.0007712
-0.0018743 -0.0007122
-0.0014338 -0.0010768
-0.0014330 -0.0014051
-0.0014366 -0.0019041
-0.0011653 -0.0018258
-0.0008948 -0.0021346
-0.0008766 -0.0018076
-0.0004333 -0.0017672
 0.0000294 -0.0012488
 0.0003952 -0.0010966
 0.0008361 -0.0009036
 0.0009359 -0.0007481
 0.0009981 -0.0008257
 0.0008075 -0.0007671
 0.0003686 -0.0006331
 0.0003348 -0.0002871
-0.0001449 -0.0000045
-0.0003278  0.0002567
-0.0001162  0.0006040
-0.0002433  0.0007319
-0.0003568  0.0004993
-0.0004298  0.0005159
-0.0008126  0.0001880
-0.0012943 -0.0000211
-0.0011025  0.0001170
-0.0012563 -0.0004184
-0.0013290 -0.0003578
-0.0010488 -0.0003715
-0.0005873 -0.0002952
-0.0004400 -0.0005479
 0.0000146 -0.0004296
-0.0002947 -0.0009856
-0.0003189 -0.0008850
 0.0000247 -0.0005980
 0.0000638 -0.0008459
 0.0000416 -0.0005790
 0.0000367 -0.0000791
-0.0001926  0.0002083
-0.0001195  0.0009936
-0.0005027  0.0009008
-0.0006751  0.0009848
-0.0004821  0.0014055
-0.0007510  0.0017560
-0.0011160  0.0021036
-0.0010219  0.0023543
-0.0013865  0.0025841
-0.0015222  0.0028542
-0.0015593  0.0031986
-0.0015722  0.0035627
-0.0017191  0.0032761
-0.0016937  0.0029672
-0.0016125  0.0029846
-0.0016662  0.0024851
-0.0017235  0.0019304
-0.0020303  0.0016380
-0.0019734  0.0016187
-0.0019379  0.0011959
-0.0020558  0.0011911
-0.0019811  0.0012137
-0.0019840  0.0014030
-0.0021414  0.0014204
-0.0021269  0.0013219
-0.0020720  0.0014737
-0.0021169  0.0016061
-0.0022211  0.0013941
-0.0023975  0.0012185
-0.0023984  0.0010873
-0.0024012  0.0006868
-0.0021719  0.0001559
-0.0018614 -0.0002434
-0.0015711 -0.0005587
-0.0009360 -0.0004335
-0.0010829 -0.0004464
-0.0006949 -0.0003087
-0.0007481 -0.0003256
-0.0011470 -0.0001916
-0.0010328 -0.0001900
-0.0009351 -0.0003640
-0.0010679 -0.0004625
-0.0008741 -0.0004258
-0.0007957 -0.0001036
-0.0000633  0.0001620
 0.0005855  0.0005634
 0.0008750  0.0007882
 0.0016352  0.0008278
 0.0021855  0.0008633
 0.0019933  0.0006295
 0.0024112  0.0003937
 0.0025218  0.0006404
 0.0022314  0.0005398
 0.0024418  0.0006932
 0.0021939  0.0009767
 0.0017147  0.0014943
 0.0016020  0.0014793
 0.0010654  0.0018245
 0.0006472  0.0016530
 0.0006496  0.0019610
 0.0004175  0.0021153
 0.0002422  0.0023438
 0.0001812  0.0023648
 0.0001970  0.0024952
-0.0001127  0.0025557
-0.0000950  0.0026959
-0.0003627  0.0028307
-0.0007260  0.0025255
-0.0008391  0.0027601
-0.0014087  0.0025283
-0.0015589  0.0022768
-0.0016885  0.0018924
-0.0014543  0.0016970
-0.0009136  0.0017345
-0.0000541  0.0016760
 0.0001809  0.0016146
 0.0006969  0.0015960
 0.0014253  0.0019635
 0.0019776  0.0023252
 0.0019953  0.0024996
 0.0020357  0.0022525
 0.0024031  0.0021016
 0.0024435  0.0015484
 0.0028658  0.0012598
 0.0027144  0.0010102
 0.0026987  0.0005847
 0.0027157  0.0007550
 0.0027532  0.0009020
 0.0028844  0.0010526
 0.0026518  0.0011563
 0.0027241  0.0013032
 0.0027225  0.0016702
 0.0023357  0.0014566
 0.0020111  0.0014603
 0.0018782  0.0014243
 0.0015948  0.0016565
 0.0013086  0.0016525
 0.0009097  0.0018583
 0.0003319  0.0018729
 0.0002713  0.0020436
 0.0001320  0.0023892
-0.0000642  0.0027744
-0.0000130  0.0032755
-0.0003166  0.0031233
-0.0000138  0.0027438
 0.0001029  0.0026315
 0.0002192  0.0024059
 0.0009875  0.0021955
 0.0011212  0.0016767
 0.0015447  0.0016767
 0.0017522  0.0014074
 0.0022306  0.0009479
 0.0025330  0.0005846
 0.0031487  0.0000480
 0.0031075 -0.0006045
 0.0036058 -0.0008181
 0.0037406 -0.0010086
 0.0042603 -0.0014095
 0.0041278 -0.0012206
 0.0042623 -0.0009319
 0.0042086 -0.0009283
 0.0041311 -0.0008116
 0.0038392 -0.0006912
 0.0037290 -0.0004805
 0.0038275 -0.0004970
 0.0030826 -0.0005757
 0.0028306 -0.0004817
 0.0024244 -0.0004441
 0.0023893 -0.0003460
 0.0020037 -0.0000800
 0.0016569  0.0001918
 0.0015043  0.0005984
 0.0010695  0.0008730
 0.0009956  0.0010264
 0.0007296  0.0013559
 0.0005580  0.0013599
 0.0004466  0.0009170
 0.0000993  0.0005912
 0.0001748  0.0001882
-0.0001712 -0.0004642
 0.0000012 -0.0001360
 0.0002455 -0.0006738
 0.0002273 -0.0009859
 0.0002826 -0.0008527
 0.0006803 -0.0010073
 0.0004885 -0.0010489
 0.0010408 -0.0012758
 0.0009604 -0.0012717
 0.0005212 -0.0015596
 0.0006181 -0.0014211
 0.0007348 -0.0017271
 0.0005297 -0.0019351
 0.0006722 -0.0020126
 0.0004837 -0.0018571
 0.0004523 -0.0018030
 0.0007224 -0.0015539
 0.0007438 -0.0013097
 0.0002266 -0.0012511
 0.0007607 -0.0012293
 0.0006489 -0.0013823
 0.0004934 -0.0017494
 0.0007995 -0.0015560
 0.0009129 -0.0018669
 0.0009339 -0.0014062
 0.0011814 -0.0011373
 0.0007389 -0.0008510
 0.0001075 -0.0005640
-0.0000480 -0.0001207
-0.0005277 -0.0001590
-0.0007376  0.0000311
-0.0002006 -0.0002341
-0.0002236 -0.0000423
 0.0004284 -0.0001554
 0.0007090 -0.0001755
 0.0007849 -0.0004679
 0.0008583 -0.0005434
 0.0006984 -0.0007190
 0.0000448 -0.0009520
-0.0001276 -0.0009916
-0.0004934 -0.0012229
-0.0012226 -0.0008793
-0.0011229 -0.0007655
-0.0016223 -0.0002850
-0.0013518 -0.0003811
-0.0012791 -0.0001922
-0.0012993  0.0000949
-0.0011677  0.0002285
-0.0008258  0.0004009
-0.0006409  0.0003387
-0.0007568  0.0005350
-0.0003405  0.0003617
-0.0001524  0.0003250
-0.0002465  0.0000606
-0.0006886  0.0001975
-0.0008622  0.0000836
-0.0013168  0.0000453
-0.0012356 -0.0004699
-0.0015582 -0.0003399
-0.0021319  0.0000037
-0.0020132 -0.0001683
-0.0019910  0.0000598
-0.0022388  0.0000404
-0.0023143 -0.0001724
-0.0025069 -0.0005019
-0.0024690 -0.0005794
-0.0023515 -0.0007720
-0.0023293 -0.0013336
-0.0027516 -0.0015803
-0.0029644 -0.0019457
-0.0028666 -0.0019300
-0.0031747 -0.0023507
-0.0029276 -0.0027702
-0.0029289 -0.0028816
-0.0026212 -0.0032800
-0.0023127 -0.0029679
-0.0022848 -0.0030442
-0.0020341 -0.0030789
-0.0021661 -0.0026187
-0.0021402 -0.0022347
-0.0023869 -0.0019880
-0.0025222 -0.0020825
-0.0023090 -0.0021233
-0.0024636 -0.0019913
-0.0017938 -0.0019937
-0.0012552 -0.0017297
-0.0006843 -0.0014777
 0.0002520 -0.0009056
 0.0005156 -0.0005229
 0.0009977 -0.0001349
 0.0008579  0.0004235
 0.0005366  0.0006371
 0.0006363  0.0008931
 0.0006359  0.0011245
 0.0011184  0.0007797
 0.0015985  0.0010123
 0.0017902  0.0008552
 0.0019429  0.0009715
 0.0021092  0.0010308
 0.0015891  0.0007765
 0.0016457  0.0007203
 0.0013178  0.0006081
 0.0008567  0.0006654
 0.0003605  0.0008713
 0.0004025  0.0011657
 0.0001183  0.0010651
-0.0004760  0.0009876
-0.0004352  0.0010252
-0.0006464  0.0006384
-0.0007651  0.0008269
-0.0009432  0.0010780
-0.0011160  0.0011507
-0.0013308  0.0014200
-0.0015060  0.0013190
-0.0019292  0.0007978
-0.0016627  0.0007029
-0.0015327  0.0004707
-0.0014564  0.0002547
-0.0009219  0.0003879
-0.0006711  0.0003677
-0.0007874  0.0003282
-0.0007264  0.0003516
-0.0005140  0.0002026
-0.0007046 -0.0000444
-0.0003804 -0.0008669
-0.0005685 -0.0008867
-0.0006448 -0.0012133
-0.0002472 -0.0013828
-0.0004034 -0.0016191
-0.0005185 -0.0016368
-0.0001184 -0.0017127
-0.0003118 -0.0015415
-0.0004002 -0.0011992
-0.0001458 -0.0013526
 0.0001610 -0.0009497
 0.0005688 -0.0010127
 0.0009181 -0.0005157
 0.0011874 -0.0002315
 0.0010154  0.0003584
 0.0009932  0.0004545
 0.0008559  0.0008550
 0.0009294  0.0017033
 0.0006560  0.0020667
 0.0005199  0.0027066
 0.0006544  0.0033087
 0.0007129  0.0033527
 0.0009237  0.0040249
 0.0008716  0.0041808
 0.0009080  0.0039523
 0.0007768  0.0037997
 0.0011615  0.0036458
 0.0013311  0.0035292
 0.0015245  0.0029905
 0.0014449  0.0031222
 0.0018879  0.0032170
 0.0018677  0.0029481
 0.0016795  0.0032958
 0.0016743  0.0031997
 0.0014647  0.0028206
 0.0015229  0.0025747
 0.0019476  0.0019086
 0.0025831  0.0014701
 0.0028302  0.0015105
 0.0033123  0.0008956
 0.0035182  0.0009141
 0.0035780  0.0011410
 0.0035961  0.0009274
 0.0033866  0.0010449
 0.0029671  0.0008915
 0.0033135  0.0005790
 0.0032187  0.0003876
 0.0033337  0.0001756
 0.0033341 -0.0004021
 0.0031218 -0.0008656
 0.0033083 -0.0005955
 0.0028670 -0.0012145
 0.0027672 -0.0009819
 0.0025726 -0.0006145
 0.0019403 -0.0001151
 0.0017994  0.0003670
 0.0016843  0.0008293
 0.0015281  0.0011576
 0.0017368  0.0014862
 0.0015805  0.0013522
 0.0015607  0.0013942
 0.0016391  0.0011673
 0.0020836  0.0007894
 0.0020081  0.0005068
 0.0020554  0.0000111
 0.0021971  0.0000502
 0.0019178 -0.0001052
 0.0022860 -0.0003560
 0.0023066 -0.0002817
 0.0023284 -0.0001303
 0.0026753 -0.0001254
 0.0024880 -0.0000314
 0.0026963  0.0001229
 0.0028122  0.0001451
 0.0029688  0.0000474
 0.0028134 -0.0002970
 0.0028126 -0.0004937
 0.0027189 -0.0009572
 0.0024670 -0.0009572
 0.0026781 -0.0008857
 0.0023943 -0.0003516
 0.0022982 -0.0000621
 0.0023576  0.0003558
 0.0023592  0.0006222
 0.0024537  0.0009670
 0.0025110  0.0010801
 0.0025296  0.0013465
 0.0022986  0.0015375
 0.0022191  0.0019178
 0.0016784  0.0018019
 0.0012747  0.0015895
 0.0009428  0.0016683
 0.0006121  0.0014386
 0.0002257  0.0014810
 0.0004146  0.0012533
 0.0001457  0.0009493
 0.0003791  0.0007571
 0.0003028  0.0011786
 0.0000400  0.0009678
 0.0001571  0.0008883
-0.0000500  0.0006743
-0.0000488  0.0003480
-0.0001986  0.0001336
-0.0003891 -0.0000045
-0.0002002  0.0001696
-0.0005684  0.0003779
-0.0006662  0.0004756
-0.0008418  0.0004009
-0.0009012  0.0007106
-0.0012052  0.0007134
-0.0013917  0.0005988
-0.0014139  0.0006739
-0.0012762  0.0004223
-0.0012915  0.0001163
-0.0011752  0.0001918
-0.0011308  0.0000206
-0.0015878 -0.0001877
-0.0013149 -0.0002224
-0.0017505 -0.0005244
-0.0020347 -0.0006209
-0.0017460 -0.0007941
-0.0015320 -0.0007352
-0.0013015 -0.0008563
-0.0008061 -0.0004562
-0.0005388 -0.0003654
-0.0004064 -0.0002181
-0.0006018 -0.0000069
-0.0005614  0.0000294
-0.0006563  0.0001400
-0.0007928  0.0000395
-0.0005978 -0.0003594
-0.0005263 -0.0002088
-0.0001081 -0.0004765
 0.0001782 -0.0007652
 0.0006130 -0.0008952
 0.0012214 -0.0010300
 0.0015197 -0.0016970
 0.0017462 -0.0020971
 0.0019945 -0.0022275
 0.0022606 -0.0025646
 0.0017999 -0.0022606
 0.0016832 -0.0023889
 0.0013747 -0.0025226
 0.0012588 -0.0026566
 0.0014502 -0.0026752
 0.0016263 -0.0030797
 0.0016973 -0.0032336
 0.0022186 -0.0032756
 0.0023740 -0.0032780
 0.0028137 -0.0028771
 0.0029849 -0.0029328
 0.0028896 -0.0024495
 0.0028339 -0.0018519
 0.0025121 -0.0013484
 0.0020167 -0.0009245
 0.0019037 -0.0001142
 0.0014495  0.0002735
 0.0010716  0.0007148
 0.0007107  0.0013107
 0.0007692  0.0009065
 0.0001907  0.0015557
 0.0004184  0.0015945
 0.0002031  0.0014976
-0.0002277  0.0018214
-0.0005790  0.0019716
-0.0006743  0.0018932
-0.0010219  0.0025820
-0.0012347  0.0025214
-0.0014414  0.0026749
-0.0013994  0.0031925
-0.0012617  0.0028250
-0.0015826  0.0029760
-0.0016949  0.0033604
-0.0018810  0.0029728
-0.0023170  0.0028541
-0.0022770  0.0026017
-0.0026420  0.0021427
-0.0027781  0.0020070
-0.0027801  0.0020260
-0.0029566  0.0017224
-0.0028996  0.0015326
-0.0028674  0.0018443
-0.0025779  0.0017156
-0.0021774  0.0020087
-0.0014449  0.0017414
-0.0013097  0.0013203
-0.0008280  0.0010902
-0.0004428  0.0004563
-0.0000976  0.0001636
 0.0003243 -0.0001049
 0.0004745  0.0000848
 0.0007373  0.0000440
 0.0010421  0.0002201
 0.0010603  0.0008568
 0.0008083  0.0012783
 0.0009436  0.0018747
 0.0006133  0.0021779
 0.0008652  0.0021936
 0.0006698  0.0020955
 0.0006876  0.0020563
 0.0008402  0.0020906
 0.0006658  0.0017446
 0.0009532  0.0017628
 0.0007235  0.0017458
 0.0006250  0.0014765
 0.0011046  0.0011341
 0.0014910  0.0007728
 0.0016626  0.0008544
 0.0017801  0.0001894
 0.0019384  0.0000166
 0.0018088  0.0003837
 0.0017555 -0.0000358
 0.0016470  0.0001192
 0.0018396  0.0003655
 0.0016680  0.0001188
 0.0013567 -0.0000358
 0.0016994 -0.0001299
 0.0017321 -0.0005134
 0.0013098 -0.0010896
 0.0018609 -0.0008352
 0.0018790 -0.0013153
 0.0012649 -0.0011021
 0.0018233 -0.0006022
 0.0015428 -0.0007738
 0.0007623 -0.0003333
 0.0010163  0.0000502
 0.0007362  0.0002016
 0.0004895  0.0008690
 0.0005860  0.0014205
 0.0003587  0.0015339
 0.0004140  0.0024149
 0.0003167  0.0024496
-0.0001872  0.0031045
-0.0004202  0.0033762
-0.0003839  0.0036855
-0.0004024  0.0035527
-0.0008276  0.0039552
-0.0007133  0.0042992
-0.0006726  0.0041813
-0.0010759  0.0043904
-0.0011724  0.0042552
-0.0016884  0.0041982
-0.0021939  0.0043715
-0.0018681  0.0044506
-0.0023901  0.0044159
-0.0020506  0.0047050
-0.0022428  0.0047091
-0.0027839  0.0044402
-0.0025400  0.0045754
-0.0027318  0.0038079
-0.0028501  0.0032939
-0.0027560  0.0028535
-0.0029696  0.0021279
-0.0029882  0.0013980
-0.0027387  0.0007286
-0.0030415  0.0004221
-0.0031004 -0.0001557
-0.0029078 -0.0002146
-0.0027689 -0.0004912
-0.0022493 -0.0005712
-0.0017854 -0.0005716
-0.0012282 -0.0006932
-0.0005313 -0.0007501
 0.0000275 -0.0008490
 0.0005153 -0.0006923
 0.0006146 -0.0007509
 0.0009610 -0.0002733
 0.0005085  0.0000893
 0.0002779  0.0004894
 0.0000865  0.0004837
-0.0000463  0.0003436
-0.0001832  0.0003981
-0.0002425  0.0006827
-0.0006467  0.0005260
-0.0003035  0.0002918
-0.0004351  0.0001562
-0.0005324 -0.0004567
-0.0002527 -0.0006093
-0.0000980 -0.0009888
-0.0003690 -0.0014309
-0.0001829 -0.0012508
-0.0001796 -0.0012488
-0.0005079 -0.0013824
-0.0001659 -0.0011499
-0.0002196 -0.0009004
-0.0004723 -0.0004966
-0.0005091 -0.0002495
-0.0009294 -0.0003613
-0.0010453 -0.0001110
-0.0016775 -0.0002236
-0.0017296 -0.0003141
-0.0018240 -0.0003520
-0.0018810 -0.0001142
-0.0018979 -0.0001315
-0.0014546  0.0001398
-0.0006087  0.0005056
-0.0001113  0.0007535
 0.0004624  0.0012311
 0.0007446  0.0013652
 0.0006303  0.0015351
 0.0004765  0.0017665
 0.0004539  0.0019615
-0.0001376  0.0016922
-0.0002712  0.0018291
-0.0003096  0.0015626
-0.0002886  0.0014827
-0.0006140  0.0017144
-0.0006738  0.0015541
-0.0010763  0.0015727
-0.0015431  0.0020128
-0.0017001  0.0017616
-0.0019347  0.0018541
-0.0022255  0.0020277
-0.0025949  0.0019691
-0.0025425  0.0017608
-0.0025865  0.0020523
-0.0024767  0.0018634
-0.0025179  0.0016175
-0.0023071  0.0018764
-0.0021150  0.0015296
-0.0017859  0.0012474
-0.0010559  0.0014218
-0.0011047  0.0013790
-0.0012149  0.0011472
-0.0008814  0.0009736
-0.0012015  0.0005501
-0.0009096  0.0000349
-0.0006774 -0.0003313
-0.0006984 -0.0005013
-0.0003771 -0.0001948
-0.0002422 -0.0000430
-0.0000771 -0.0000471
 0.0001134  0.0007418
 0.0003020  0.0010471
 0.0009185  0.0010479
 0.0011058  0.0013160
 0.0015859  0.0012615
 0.0021855  0.0011682
 0.0025537  0.0008222
 0.0027483  0.0005896
 0.0029607  0.0001306
 0.0032902  0.0001088
 0.0035030  0.0000643
 0.0035611  0.0000482
 0.0033871  0.0003134
 0.0034820  0.0003683
 0.0033875  0.0006546
 0.0030778  0.0008415
 0.0026385  0.0008597
 0.0023333  0.0008976
 0.0020628  0.0008935
 0.0015848  0.0006032
 0.0011967  0.0004712
 0.0016372  0.0002007
 0.0017495  0.0001491
 0.0015936 -0.0002127
 0.0016299  0.0000421
 0.0019000 -0.0000322
 0.0012496  0.0002969
 0.0011915  0.0002041
 0.0010158  0.0000171
 0.0004982  0.0000390
 0.0006888 -0.0004774
 0.0001910 -0.0005303
 0.0001498 -0.0007612
 0.0002850 -0.0006054
 0.0001324 -0.0005646
-0.0000791 -0.0005819
 0.0000371 -0.0002953
-0.0002293 -0.0001201
-0.0000751 -0.0002008
-0.0000702  0.0001008
 0.0004325 -0.0002299
 0.0007026 -0.0000608
 0.0013583 -0.0003725
 0.0015553 -0.0002429
 0.0017689 -0.0002437
 0.0016365 -0.0002454
 0.0012711 -0.0004957
 0.0012481 -0.0004355
 0.0009347 -0.0003451
 0.0008948 -0.0004581
 0.0011350 -0.0005946
 0.0008793 -0.0005571
 0.0011491 -0.0007848
 0.0010097 -0.0009939
