[PARAMETERS]
DW=1E-007
TAU=0.0001
TD=4096
BS=4096
NS=128
NSC=128
FR=56.390000
GAIN=4.974204
D0=0.05
D1=5E-006
D2=1.05E-005
D3=2.5E-005
D4=1E-005
D5=5E-005
D6=0.001
D7=0.001
D8=0.001
D9=0.05
C0=1
SEGTD=0
SEGOFF=0
SEGNUM=0
[ADDITIONAL]
PPFILE=ZG_two_T2.PC
DATEWR=26.09.2024
TIMEWR=14:01:15
DATESTA=26.09.2024
TIMESTA=14:01:06
DATEEND=26.09.2024
TIMEEND=14:01:15
CURR_Z0=0
CURR_Z1=1
TE=-1
[VARIABLES]
_USER=Measurements
_EMAIL_F=7NMR.NMR-270-ijs.si
_ITC_H=1
_ITC_R0= 70.00
_ITC_R1= 70.06
_ITC_R2= 70.78
_ITC_R3=  0.00
_ITC_R4=  0.06
_ITC_V=  4.98
_ITC_X=X0A1C1S00H1
_FW=100
_ORIENT=?
_THETA=0
_TITLE=?
_DESCR1=?
_DESCR2=?
_FR_LARM=56.39000000
_FR_SYNT=526.39000000
_TRIMLEV=1.6943359375
_DATE=26.09.2024
_TIME=13:44:47
_ITC_DIR=M35
[PPFILE]
; pi/2 - pi


DELAY D9
PULSE [GT] 3u
PULSE [PHL1,GT] D1
DELAY TAU-3u
PULSE [GT] 3u
PULSE [PHL2,GT] 2*D1
DELAY TAU-D3
PULSE [TR] 1u+DW
DELAY 1m
STOP

;PHL 1 [+X] [+X] [+Y] [+Y] [-X] [-X] [-Y] [-Y]
;PHL 2 [+Y] [-Y] [-X] [+X] [-Y] [+Y] [+X] [-X]
;!RLS +X+X+Y+Y-X-X-Y-Y

PHL 1 [+X] [+X] [-X] [-X] [+Y] [+Y] [-Y] [-Y] [+X] [+X] [-X] [-X] [+Y] [+Y] [-Y] [-Y]
PHL 2 [+Y] [-Y] [-Y] [+Y] [-X] [+X] [+X] [-X] [+X] [-X] [-X] [+X] [-Y] [+Y] [+Y] [-Y]
!RLS +X+X-X-X+Y+Y-Y-Y-X-X+X+X-Y-Y+Y+Y
[DATA]
-0.0027157  0.0015898
-0.0022982  0.0010347
-0.0023006  0.0010145
-0.0023225  0.0003802
-0.0024795  0.0008986
-0.0023645  0.0008450
-0.0025724  0.0014158
-0.0029979  0.0013779
-0.0028203  0.0016698
-0.0033560  0.0018834
-0.0030266  0.0016000
-0.0026220  0.0013764
-0.0018884  0.0010328
-0.0015448  0.0010356
-0.0005463  0.0006339
-0.0000836  0.0001010
 0.0000460  0.0005547
 0.0000464  0.0003097
 0.0004134  0.0000428
-0.0001401 -0.0000174
-0.0000190 -0.0000896
-0.0000355 -0.0001090
-0.0002224  0.0001607
-0.0001408  0.0001607
-0.0004238  0.0000659
-0.0004453  0.0000222
-0.0004469  0.0003884
-0.0002765  0.0001736
-0.0000286  0.0003068
 0.0002927 -0.0000384
 0.0004841  0.0004805
 0.0003860  0.0004268
 0.0006363  0.0006557
 0.0007514  0.0010413
 0.0005600  0.0011612
 0.0004994  0.0013732
 0.0005790  0.0014766
 0.0006763  0.0014209
 0.0010760  0.0012307
 0.0011911  0.0014815
 0.0012314  0.0010934
 0.0011188  0.0006538
 0.0015775  0.0007466
 0.0017576  0.0003000
 0.0016041  0.0000299
 0.0020858  0.0001228
 0.0023967 -0.0005725
 0.0020870 -0.0003028
 0.0026261 -0.0004760
 0.0026446 -0.0007982
 0.0026430 -0.0006270
 0.0025102 -0.0003540
 0.0021468  0.0001058
 0.0015917  0.0002572
 0.0009570  0.0003864
 0.0008972  0.0005770
 0.0003566  0.0004974
 0.0001817  0.0001857
 0.0006049 -0.0005023
 0.0003372 -0.0008911
 0.0000752 -0.0008382
 0.0002298 -0.0006840
 0.0003885 -0.0000340
 0.0002779  0.0004420
-0.0000091  0.0017106
-0.0001622  0.0024604
-0.0008897  0.0030547
-0.0011755  0.0031908
-0.0011941  0.0033813
-0.0012333  0.0032679
-0.0012733  0.0033248
-0.0008724  0.0031891
-0.0006636  0.0032893
-0.0006479  0.0036571
-0.0005575  0.0040201
-0.0002143  0.0047529
-0.0004307  0.0053327
-0.0006658  0.0056069
-0.0005741  0.0057288
-0.0005556  0.0053263
-0.0005217  0.0050005
-0.0001595  0.0044445
-0.0001317  0.0039088
 0.0000580  0.0032522
-0.0002157  0.0025643
-0.0005214  0.0022025
-0.0003877  0.0018565
-0.0004446  0.0015505
-0.0002137  0.0018177
-0.0002904  0.0019695
-0.0001959  0.0020079
-0.0005008  0.0023692
-0.0002541  0.0025602
-0.0005218  0.0024241
-0.0007111  0.0027693
-0.0009755  0.0027096
-0.0012032  0.0028638
-0.0012565  0.0027281
-0.0010578  0.0024592
-0.0011862  0.0022885
-0.0011640  0.0021540
-0.0010877  0.0015775
-0.0012003  0.0010562
-0.0009504  0.0009040
-0.0006233  0.0002907
-0.0002438 -0.0001155
 0.0002730 -0.0003428
 0.0007397 -0.0007098
 0.0010607 -0.0008095
 0.0014281 -0.0006800
 0.0018492 -0.0008730
 0.0019037 -0.0011092
 0.0023207 -0.0010567
 0.0023534 -0.0009227
 0.0027886 -0.0002298
 0.0032049 -0.0003582
 0.0032808 -0.0001087
 0.0032383  0.0002002
 0.0038129  0.0007206
 0.0034685  0.0004732
 0.0035089  0.0005717
 0.0034140  0.0005753
 0.0028605  0.0008112
 0.0020801  0.0007910
 0.0019662  0.0009654
 0.0015096  0.0009678
 0.0012580  0.0011822
 0.0013562  0.0011451
 0.0014276  0.0007070
 0.0011567  0.0009004
 0.0018079  0.0003498
 0.0021705  0.0001790
 0.0026683 -0.0001262
 0.0031112 -0.0006418
 0.0033636 -0.0008921
 0.0038428 -0.0008405
 0.0041307 -0.0008764
 0.0043079 -0.0009741
 0.0044383 -0.0006681
 0.0051118 -0.0009321
 0.0051332 -0.0010064
 0.0051514 -0.0010052
 0.0054186 -0.0009256
 0.0053617 -0.0005861
 0.0050335 -0.0004339
 0.0044734 -0.0000536
 0.0043047 -0.0002107
 0.0039022  0.0000179
 0.0037096  0.0000707
 0.0036914  0.0004894
 0.0039409  0.0005035
 0.0034988  0.0004239
 0.0037483  0.0003460
 0.0043237  0.0001534
 0.0045918  0.0000169
 0.0048982  0.0005684
 0.0050730  0.0004897
 0.0055902  0.0012560
 0.0056451  0.0017720
 0.0059173  0.0020558
 0.0061862  0.0027087
 0.0057965  0.0034164
 0.0053536  0.0037402
 0.0048150  0.0042247
 0.0048307  0.0040717
 0.0045630  0.0035957
 0.0039873  0.0036333
 0.0042009  0.0032105
 0.0041629  0.0030806
 0.0041036  0.0028476
 0.0044322  0.0029271
 0.0044755  0.0025476
 0.0042817  0.0026978
 0.0041860  0.0027559
 0.0041537  0.0024689
 0.0037165  0.0024866
 0.0037540  0.0028520
 0.0036051  0.0026966
 0.0032058  0.0028104
 0.0029183  0.0032130
 0.0023615  0.0034617
 0.0020716  0.0033837
 0.0014341  0.0035767
 0.0010864  0.0034395
 0.0002172  0.0035194
-0.0002084  0.0030394
-0.0006913  0.0026558
-0.0009065  0.0025440
-0.0011577  0.0029469
-0.0010616  0.0028585
-0.0012183  0.0034549
-0.0010858  0.0035134
-0.0011250  0.0036850
-0.0011868  0.0043189
-0.0011085  0.0042495
-0.0011105  0.0044990
-0.0010160  0.0047142
-0.0008251  0.0042972
-0.0008638  0.0041236
-0.0007722  0.0039681
-0.0007916  0.0035074
-0.0007875  0.0033281
-0.0011909  0.0027483
-0.0010903  0.0022271
-0.0007955  0.0015338
-0.0004665  0.0011636
-0.0003457  0.0006060
 0.0000383  0.0000121
 0.0000395 -0.0001405
 0.0004259 -0.0008644
 0.0009414 -0.0008030
 0.0012903 -0.0013009
 0.0019040 -0.0020284
 0.0025193 -0.0025852
 0.0030426 -0.0032425
 0.0033309 -0.0035518
 0.0039111 -0.0039620
 0.0047606 -0.0035446
 0.0058164 -0.0037763
 0.0066978 -0.0030153
 0.0081371 -0.0022123
 0.0093044 -0.0015994
 0.0106093 -0.0009147
 0.0118161 -0.0006882
 0.0126171 -0.0004003
 0.0135158 -0.0002901
 0.0143750 -0.0004096
 0.0151937 -0.0003337
 0.0162051 -0.0003374
 0.0171410 -0.0007597
 0.0182117 -0.0009325
 0.0189929 -0.0009115
 0.0205082 -0.0014226
 0.0213883 -0.0019386
 0.0229407 -0.0023161
 0.0248779 -0.0029015
 0.0268720 -0.0031077
 0.0290389 -0.0035224
 0.0313262 -0.0036495
 0.0334568 -0.0029962
 0.0356047 -0.0024915
 0.0377357 -0.0018164
 0.0391367 -0.0008979
 0.0410355  0.0000243
 0.0427837  0.0005855
 0.0441270  0.0015993
 0.0460674  0.0020067
 0.0471100  0.0020285
 0.0491077  0.0025857
 0.0504962  0.0024924
 0.0519413  0.0026059
 0.0532837  0.0029446
 0.0550308  0.0032300
 0.0566793  0.0036273
 0.0584941  0.0041065
 0.0605200  0.0047190
 0.0622828  0.0046443
 0.0642716  0.0051232
 0.0664963  0.0053574
 0.0688364  0.0049318
 0.0712136  0.0051013
 0.0736519  0.0051982
 0.0761434  0.0053513
 0.0784637  0.0056355
 0.0808273  0.0062463
 0.0826090  0.0068951
 0.0845841  0.0075839
 0.0866372  0.0086777
 0.0883592  0.0098276
 0.0899128  0.0105325
 0.0908309  0.0114934
 0.0921790  0.0120849
 0.0937661  0.0129836
 0.0950743  0.0135424
 0.0965306  0.0139837
 0.0984662  0.0147500
 0.1004982  0.0155192
 0.1027233  0.0160973
 0.1049859  0.0166335
 0.1077814  0.0172682
 0.1101243  0.0179413
 0.1126712  0.0186131
 0.1155854  0.0193835
 0.1180184  0.0200743
 0.1206225  0.0211511
 0.1232675  0.0220894
 0.1258579  0.0237540
 0.1281601  0.0250545
 0.1307097  0.0262919
 0.1334540  0.0278831
 0.1359088  0.0295626
 0.1386708  0.0312850
 0.1416396  0.0328770
 0.1442259  0.0349316
 0.1472706  0.0366778
 0.1498578  0.0386978
 0.1529222  0.0405046
 0.1556790  0.0425960
 0.1586659  0.0443435
 0.1617751  0.0463590
 0.1646655  0.0484879
 0.1674486  0.0499463
 0.1696922  0.0518843
 0.1720351  0.0533002
 0.1740914  0.0544666
 0.1756632  0.0556165
 0.1776590  0.0569375
 0.1798448  0.0581843
 0.1820889  0.0596810
 0.1841811  0.0614086
 0.1865608  0.0635953
 0.1890366  0.0655918
 0.1916101  0.0677963
 0.1938981  0.0699244
 0.1963162  0.0717062
 0.1986357  0.0738521
 0.2004223  0.0754832
 0.2021475  0.0772435
 0.2040225  0.0792760
 0.2054755  0.0810989
 0.2068786  0.0828411
 0.2084830  0.0848768
 0.2098069  0.0870465
 0.2109943  0.0889058
 0.2121612  0.0909197
 0.2130797  0.0927616
 0.2139057  0.0940471
 0.2146329  0.0953839
 0.2152272  0.0965338
 0.2155744  0.0973348
 0.2162426  0.0986017
 0.2165293  0.0995953
 0.2166476  0.1007856
 0.2173549  0.1020344
 0.2171066  0.1031326
 0.2169730  0.1041149
 0.2168906  0.1050811
 0.2165842  0.1056420
 0.2157407  0.1059178
 0.2152793  0.1059016
 0.2147806  0.1063433
 0.2139376  0.1065306
 0.2132650  0.1073321
 0.2124781  0.1079252
 0.2115450  0.1088061
 0.2105704  0.1098793
 0.2095009  0.1103808
 0.2083369  0.1106670
 0.2070195  0.1112250
 0.2056617  0.1118371
 0.2041275  0.1121072
 0.2019412  0.1125077
 0.2001381  0.1129086
 0.1986596  0.1131763
 0.1965141  0.1126595
 0.1948833  0.1124734
 0.1931375  0.1121294
 0.1916590  0.1114241
 0.1901260  0.1107728
 0.1885723  0.1102197
 0.1870575  0.1095095
 0.1851421  0.1090456
 0.1834908  0.1084533
 0.1816501  0.1076446
 0.1798123  0.1068210
 0.1783564  0.1056876
 0.1767858  0.1046359
 0.1747001  0.1031622
 0.1736277  0.1027040
 0.1721145  0.1018803
 0.1702197  0.1015884
 0.1685312  0.1014144
 0.1665545  0.1012000
 0.1647142  0.1011765
 0.1625445  0.1008475
 0.1600489  0.1006149
 0.1575182  0.1005143
 0.1546379  0.1001300
 0.1518956  0.0990144
 0.1494004  0.0982695
 0.1467180  0.0970587
 0.1442995  0.0961426
 0.1419973  0.0949741
 0.1396653  0.0938622
 0.1375129  0.0925400
 0.1356347  0.0913497
 0.1332970  0.0898708
 0.1313756  0.0886199
 0.1291275  0.0875435
 0.1271132  0.0862213
 0.1253290  0.0854154
 0.1232586  0.0844222
 0.1216703  0.0835057
 0.1198531  0.0825900
 0.1179151  0.0815972
 0.1159073  0.0806024
 0.1142600  0.0796666
 0.1121896  0.0786919
 0.1100659  0.0780403
 0.1078796  0.0769037
 0.1058112  0.0758063
 0.1037214  0.0749750
 0.1012699  0.0739337
 0.0989883  0.0725884
 0.0964932  0.0715156
 0.0942479  0.0698902
 0.0916171  0.0688731
 0.0893323  0.0674003
 0.0870483  0.0658903
 0.0851309  0.0641853
 0.0828452  0.0625977
 0.0811568  0.0612569
 0.0794089  0.0594590
 0.0776066  0.0579268
 0.0760138  0.0564318
 0.0747876  0.0548047
 0.0733713  0.0531703
 0.0725049  0.0516768
 0.0711402  0.0498515
 0.0702576  0.0485474
 0.0691969  0.0472037
 0.0677773  0.0460292
 0.0662621  0.0448930
 0.0645942  0.0438590
 0.0625811  0.0423785
 0.0603197  0.0408648
 0.0583454  0.0393290
 0.0561850  0.0374104
 0.0541739  0.0359100
 0.0526224  0.0340867
 0.0511116  0.0328189
 0.0494239  0.0314583
 0.0485470  0.0304639
 0.0471076  0.0292599
 0.0455911  0.0284597
 0.0443819  0.0275243
 0.0427714  0.0261302
 0.0414636  0.0250388
 0.0402322  0.0235813
 0.0393245  0.0221032
 0.0379966  0.0210841
 0.0371862  0.0195680
 0.0360513  0.0188154
 0.0352050  0.0178747
 0.0343196  0.0170292
 0.0331083  0.0162024
 0.0321478  0.0158555
 0.0312083  0.0150307
 0.0303293  0.0143411
 0.0293515  0.0138037
 0.0283934  0.0131379
 0.0272633  0.0121205
 0.0266751  0.0113340
 0.0256621  0.0104587
 0.0247856  0.0098422
 0.0239026  0.0090016
 0.0228153  0.0080758
 0.0219525  0.0074996
 0.0210134  0.0066121
 0.0204356  0.0058430
 0.0201861  0.0050759
 0.0196071  0.0048110
 0.0187617  0.0041998
 0.0183410  0.0036644
 0.0175165  0.0031081
 0.0167688  0.0025735
 0.0161777  0.0019957
 0.0153936  0.0016699
 0.0148530  0.0015944
 0.0140826  0.0016683
 0.0138880  0.0015391
 0.0131568  0.0017725
 0.0127535  0.0016437
 0.0122569  0.0016668
 0.0115887  0.0016123
 0.0112822  0.0012295
 0.0107283  0.0012799
 0.0105402  0.0011653
 0.0101962  0.0010260
 0.0097182  0.0010849
 0.0093314  0.0013320
 0.0090282  0.0010821
 0.0080556  0.0009827
 0.0075376  0.0011099
 0.0067927  0.0007074
 0.0059929  0.0004526
 0.0052641  0.0005256
 0.0050344  0.0002943
 0.0043621  0.0006399
 0.0037642  0.0008700
 0.0033632  0.0009694
 0.0030733  0.0010489
 0.0028997  0.0012019
 0.0027435  0.0014951
 0.0027059  0.0013275
 0.0029522  0.0014850
 0.0032393  0.0012791
 0.0034908  0.0018779
 0.0037060  0.0018989
 0.0037068  0.0018804
 0.0036919  0.0018049
 0.0036378  0.0012469
 0.0030125  0.0010341
 0.0030169  0.0006505
 0.0027509  0.0003772
 0.0026742 -0.0000084
 0.0022672 -0.0002716
 0.0027093 -0.0002163
 0.0027484 -0.0004828
 0.0027089 -0.0005397
 0.0022663 -0.0008107
 0.0021909 -0.0010028
 0.0025336 -0.0011777
 0.0026656 -0.0015770
 0.0026483 -0.0018616
 0.0028376 -0.0018579
 0.0029103 -0.0016839
 0.0026781 -0.0015870
 0.0028521 -0.0014901
 0.0023503 -0.0013532
 0.0021993 -0.0012955
 0.0020640 -0.0017594
 0.0017778 -0.0020110
 0.0020075 -0.0022613
 0.0020640 -0.0026105
 0.0023111 -0.0026513
 0.0023692 -0.0024640
 0.0026506 -0.0027709
 0.0028206 -0.0021410
 0.0025093 -0.0016028
 0.0021475 -0.0015996
 0.0019315 -0.0011130
 0.0012823 -0.0012846
 0.0012443 -0.0016694
 0.0006484 -0.0016241
 0.0000137 -0.0020085
-0.0004898 -0.0021781
-0.0008015 -0.0025447
-0.0012630 -0.0027187
-0.0016082 -0.0028713
-0.0018036 -0.0028935
-0.0015125 -0.0029315
-0.0009933 -0.0027220
-0.0007228 -0.0025718
-0.0001095 -0.0021099
 0.0006835 -0.0016868
 0.0010122 -0.0013044
 0.0010509 -0.0009406
 0.0015334 -0.0004214
 0.0014753 -0.0000346
 0.0017458  0.0004265
 0.0018407  0.0003534
 0.0019953  0.0007184
 0.0022473  0.0004148
 0.0027088  0.0003958
 0.0025392 -0.0000475
 0.0030007 -0.0002994
 0.0026337 -0.0005542
 0.0027290 -0.0003827
 0.0028416 -0.0006387
 0.0024807 -0.0005640
 0.0019602 -0.0007796
 0.0017495 -0.0003832
 0.0010001 -0.0003674
 0.0003617 -0.0001563
-0.0003323 -0.0000577
-0.0008540  0.0001332
-0.0009529  0.0001139
-0.0008811 -0.0002059
-0.0004773 -0.0000157
-0.0001903 -0.0000933
 0.0006124 -0.0003399
 0.0009423 -0.0002116
 0.0014554  0.0000408
 0.0019710  0.0004776
 0.0020654  0.0006088
 0.0026404  0.0011062
 0.0028734  0.0012823
 0.0032606  0.0019888
 0.0031867  0.0023373
 0.0030531  0.0023199
 0.0027676  0.0022190
 0.0028835  0.0020143
 0.0026889  0.0016517
 0.0023457  0.0014006
 0.0023425  0.0015040
 0.0023210  0.0013098
 0.0017849  0.0012343
 0.0018418  0.0010643
 0.0017485  0.0011233
 0.0013856  0.0011580
 0.0012903  0.0009060
 0.0012568  0.0005374
 0.0014518  0.0005135
 0.0012980  0.0006678
 0.0018160  0.0008333
 0.0020066  0.0009136
 0.0021737  0.0008188
 0.0021547  0.0005111
 0.0020582  0.0011070
 0.0021349  0.0010942
 0.0016186  0.0010328
 0.0013085  0.0010921
 0.0008474  0.0014010
 0.0002716  0.0017478
-0.0003824  0.0026861
-0.0006917  0.0028981
-0.0014205  0.0030322
-0.0019760  0.0033600
-0.0022821  0.0030515
-0.0025514  0.0028585
-0.0026305  0.0026268
-0.0021719  0.0024548
-0.0022486  0.0018584
-0.0015925  0.0017821
-0.0010930  0.0011321
-0.0009792  0.0007687
-0.0006917  0.0003307
-0.0000029 -0.0000133
 0.0001880 -0.0003044
 0.0003863 -0.0006859
 0.0003241 -0.0010703
 0.0002720 -0.0011321
 0.0004626 -0.0009201
 0.0002107 -0.0013243
 0.0000181 -0.0011923
 0.0000923 -0.0012653
-0.0000796 -0.0011123
-0.0001737 -0.0009371
-0.0000179 -0.0007408
-0.0001886 -0.0008151
 0.0000100 -0.0007554
 0.0001675 -0.0007368
-0.0002552 -0.0004691
-0.0002915 -0.0005240
-0.0005770 -0.0005409
-0.0013461 -0.0004489
-0.0018056 -0.0003302
-0.0024403 -0.0003900
-0.0028812 -0.0004303
-0.0029413 -0.0006262
-0.0029825 -0.0009351
-0.0024653 -0.0014555
-0.0016219 -0.0016493
-0.0012969 -0.0016142
-0.0012049 -0.0016199
-0.0005750 -0.0016772
-0.0006740 -0.0017737
-0.0009049 -0.0018169
-0.0007688 -0.0018310
-0.0009061 -0.0020398
-0.0008876 -0.0019990
-0.0003881 -0.0020284
-0.0003304 -0.0017336
-0.0004305 -0.0011744
-0.0006025 -0.0012648
-0.0012517 -0.0009551
-0.0016329 -0.0008978
-0.0022393 -0.0008021
-0.0027738 -0.0010404
-0.0028626 -0.0012564
-0.0031674 -0.0016820
-0.0034129 -0.0019723
-0.0031044 -0.0019170
-0.0028363 -0.0018556
-0.0028545 -0.0016465
-0.0025254 -0.0017183
-0.0021641 -0.0013945
-0.0021616 -0.0006641
-0.0016424 -0.0002826
-0.0013695  0.0000577
-0.0013501  0.0008587
-0.0009330  0.0016808
-0.0010485  0.0018544
-0.0009132  0.0022961
-0.0008979  0.0021075
-0.0008228  0.0017797
-0.0003993  0.0016222
 0.0004462  0.0011632
 0.0004054  0.0008094
 0.0005806  0.0007307
 0.0005221  0.0004981
 0.0003472  0.0001731
 0.0001187  0.0001780
-0.0001110  0.0002834
-0.0007990 -0.0001357
-0.0013146 -0.0002830
-0.0014042 -0.0009076
-0.0019008 -0.0013888
-0.0025350 -0.0018499
-0.0024781 -0.0022343
-0.0024600 -0.0024532
-0.0026562 -0.0025331
-0.0018774 -0.0024011
-0.0014192 -0.0023305
-0.0011341 -0.0022530
-0.0006408 -0.0022752
-0.0006989 -0.0024310
-0.0002786 -0.0022788
-0.0000106 -0.0024137
-0.0001075 -0.0024739
 0.0000653 -0.0022046
-0.0002754 -0.0018985
-0.0002338 -0.0015953
-0.0001942 -0.0011314
-0.0000400 -0.0006505
-0.0002124 -0.0003841
 0.0000182 -0.0004357
 0.0000396 -0.0005698
 0.0002120 -0.0006606
 0.0003686 -0.0005600
 0.0005778 -0.0006355
 0.0004809 -0.0006339
 0.0005996 -0.0009238
 0.0006371 -0.0004090
 0.0005972 -0.0003404
 0.0005770 -0.0004051
 0.0004235 -0.0009808
 0.0006751 -0.0007543
 0.0004462 -0.0014625
 0.0002948 -0.0018448
 0.0002572 -0.0021121
 0.0004737 -0.0021501
 0.0003812 -0.0023015
 0.0007062 -0.0017414
 0.0007668 -0.0016466
 0.0011863 -0.0009711
 0.0010143 -0.0006077
 0.0011318 -0.0003501
 0.0007466  0.0002499
 0.0001289  0.0008281
-0.0000847  0.0008338
-0.0012031  0.0008713
-0.0015302  0.0008556
-0.0017058  0.0006238
-0.0024152  0.0005859
-0.0021552  0.0002370
-0.0013922  0.0000214
-0.0008584 -0.0002697
-0.0002104 -0.0002976
 0.0004037 -0.0002766
 0.0008203  0.0001017
 0.0012592  0.0001190
 0.0017013  0.0004271
 0.0018898  0.0007142
 0.0020230  0.0005216
 0.0029287  0.0006160
 0.0030631  0.0007497
 0.0036405  0.0012491
 0.0037164  0.0017651
 0.0037002  0.0024757
 0.0036562  0.0027393
 0.0031782  0.0030333
 0.0026343  0.0032473
 0.0023242  0.0032917
 0.0021861  0.0031197
 0.0019543  0.0028702
 0.0015114  0.0028743
 0.0012462  0.0022469
 0.0009983  0.0023486
 0.0006200  0.0023507
 0.0000669  0.0019324
-0.0002791  0.0022276
-0.0008706  0.0020746
-0.0012364  0.0017899
-0.0009078  0.0020241
-0.0014460  0.0014855
-0.0014880  0.0014027
-0.0011234  0.0013644
-0.0010277  0.0012650
-0.0011787  0.0008605
-0.0014262  0.0008217
-0.0014992  0.0006352
-0.0016494  0.0003853
-0.0016445  0.0000676
-0.0017535 -0.0001036
-0.0013498 -0.0002102
-0.0016513 -0.0000163
-0.0013202 -0.0004173
-0.0014724 -0.0001116
-0.0012766 -0.0000571
-0.0017175  0.0001645
-0.0019097  0.0006796
-0.0018116  0.0008137
-0.0023675  0.0011940
-0.0023457  0.0009655
-0.0025956  0.0007374
-0.0028980  0.0003126
-0.0029347  0.0001608
-0.0026428  0.0003304
-0.0026957  0.0005956
-0.0024070  0.0005565
-0.0024033  0.0010184
-0.0026516  0.0012045
-0.0022495  0.0011277
-0.0021918  0.0012057
-0.0022301  0.0012226
-0.0014671  0.0011443
-0.0016794  0.0009319
-0.0016250  0.0009501
-0.0016092  0.0007595
-0.0012846  0.0010631
-0.0011687  0.0008948
-0.0009431  0.0011455
-0.0008292  0.0008342
-0.0000831  0.0012392
 0.0002431  0.0014685
 0.0001838  0.0012173
 0.0005132  0.0011955
 0.0007866  0.0005826
 0.0006550 -0.0000331
 0.0008472 -0.0005337
 0.0007713 -0.0015326
 0.0007301 -0.0018007
 0.0007850 -0.0022989
 0.0011814 -0.0025472
 0.0009707 -0.0023599
 0.0013534 -0.0023777
 0.0014701 -0.0022457
 0.0017790 -0.0021710
 0.0021076 -0.0016703
 0.0023765 -0.0013057
 0.0027419 -0.0007292
 0.0029507 -0.0002479
 0.0034876  0.0001966
 0.0034799  0.0007760
 0.0040920  0.0011822
 0.0039753  0.0016861
 0.0040686  0.0022114
 0.0042232  0.0027739
 0.0042810  0.0027235
 0.0043799  0.0026476
 0.0046302  0.0024150
 0.0049944  0.0021614
 0.0052588  0.0019297
 0.0052427  0.0016724
 0.0051833  0.0011726
 0.0053537  0.0008395
 0.0055136  0.0002670
 0.0053784  0.0001511
 0.0050336 -0.0001162
 0.0051313 -0.0006838
 0.0048067 -0.0008929
 0.0049589 -0.0015083
 0.0048422 -0.0015276
 0.0049383 -0.0013605
 0.0048765 -0.0013440
 0.0046443 -0.0012556
 0.0044893 -0.0010844
 0.0043354 -0.0010085
 0.0043152 -0.0013146
 0.0041227 -0.0015124
 0.0036834 -0.0017607
 0.0040294 -0.0021818
 0.0038748 -0.0018431
 0.0036454 -0.0013639
 0.0035639 -0.0009448
 0.0030079  0.0001296
 0.0026054  0.0005878
 0.0017422  0.0010267
 0.0009928  0.0014062
 0.0004381  0.0015927
-0.0004033  0.0012406
-0.0010001  0.0010419
-0.0012694  0.0006543
-0.0015222  0.0002469
-0.0015609  0.0002663
-0.0011047  0.0002049
-0.0006465  0.0007241
-0.0002031  0.0008586
 0.0001974  0.0012627
 0.0006948  0.0017407
 0.0005971  0.0018170
 0.0006560  0.0021037
 0.0006919  0.0017989
 0.0002292  0.0014706
 0.0002094  0.0013209
 0.0001529  0.0007851
-0.0001176  0.0006127
-0.0002129  0.0009599
-0.0003275  0.0008642
-0.0006485  0.0007891
-0.0006675  0.0013351
-0.0005132  0.0013524
-0.0007409  0.0012830
-0.0009133  0.0014179
-0.0012020  0.0013448
-0.0011229  0.0016319
-0.0012771  0.0014760
-0.0012206  0.0008058
-0.0007773  0.0005369
-0.0004914  0.0001682
-0.0001829 -0.0001798
 0.0004114 -0.0001588
 0.0005426 -0.0001980
 0.0005781 -0.0000861
 0.0006730 -0.0005060
 0.0008797 -0.0004507
 0.0006669 -0.0001443
 0.0008542 -0.0003175
 0.0007367 -0.0003147
 0.0005053  0.0002825
 0.0005231  0.0004412
 0.0006931  0.0010416
 0.0007912  0.0016041
 0.0002538  0.0023975
-0.0001904  0.0028234
-0.0006869  0.0035538
-0.0014161  0.0036358
-0.0024711  0.0035595
-0.0030291  0.0033326
-0.0033396  0.0033354
-0.0036868  0.0027823
-0.0041108  0.0026911
-0.0042456  0.0026354
-0.0048553  0.0025470
-0.0046978  0.0028357
-0.0052860  0.0025293
-0.0055500  0.0024868
-0.0055468  0.0024901
-0.0055048  0.0023956
-0.0054612  0.0021626
-0.0049032  0.0018582
-0.0046262  0.0014928
-0.0046609  0.0013907
-0.0043189  0.0014088
-0.0038005  0.0015788
-0.0037432  0.0015008
-0.0036939  0.0018671
-0.0036209  0.0021364
-0.0034517  0.0022167
-0.0028264  0.0022971
-0.0024044  0.0021469
-0.0019446  0.0018950
-0.0013107  0.0013588
-0.0009808  0.0007200
-0.0002912  0.0004095
 0.0001287 -0.0003386
 0.0001146 -0.0003233
 0.0004630 -0.0008393
 0.0006027 -0.0011829
 0.0004397 -0.0013779
 0.0008099 -0.0011833
 0.0008717 -0.0013210
 0.0011414 -0.0010347
 0.0012775 -0.0003492
 0.0011455 -0.0000015
 0.0009545  0.0003021
 0.0006287  0.0004155
 0.0003570  0.0003408
 0.0005883  0.0005124
 0.0007191 -0.0000855
 0.0013502  0.0001014
 0.0018080  0.0002136
 0.0023280 -0.0000408
 0.0030386 -0.0000783
 0.0030399  0.0001332
 0.0032381 -0.0000598
 0.0029713  0.0000198
 0.0031849 -0.0001898
 0.0029786 -0.0003004
 0.0032879  0.0001232
 0.0032467  0.0004506
 0.0029628  0.0006053
 0.0030589  0.0008717
 0.0024836  0.0011208
 0.0019001  0.0012165
 0.0014366  0.0011588
 0.0011475  0.0008330
 0.0008209  0.0005653
 0.0009759  0.0003368
 0.0007907  0.0001377
 0.0005836 -0.0002903
 0.0003357 -0.0006808
 0.0002069 -0.0011100
 0.0001899 -0.0015772
 0.0002457 -0.0012348
 0.0001859 -0.0018864
-0.0001036 -0.0016357
 0.0000147 -0.0013991
-0.0003305 -0.0011277
-0.0003689 -0.0007781
-0.0006939 -0.0002007
-0.0007479  0.0001663
-0.0008234  0.0004728
-0.0009954  0.0007158
-0.0011468  0.0006713
-0.0007621  0.0009911
-0.0004936  0.0011929
-0.0005348  0.0014569
-0.0004427  0.0016814
-0.0007173  0.0019652
-0.0009119  0.0019264
-0.0013016  0.0019272
-0.0017700  0.0018348
-0.0016388  0.0017274
-0.0026974  0.0009260
-0.0025791  0.0006459
-0.0029061 -0.0000611
-0.0029029 -0.0005734
-0.0024979 -0.0008023
-0.0022080 -0.0011088
-0.0022617 -0.0013409
-0.0017578 -0.0013248
-0.0014526 -0.0014193
-0.0014134 -0.0012756
-0.0013375 -0.0007935
-0.0006475 -0.0005646
-0.0004945 -0.0004334
-0.0004137 -0.0000874
-0.0005623  0.0000640
-0.0005005  0.0000628
-0.0007286  0.0000996
-0.0009349  0.0000216
-0.0012978 -0.0005562
-0.0016228 -0.0007439
-0.0017432 -0.0007596
-0.0020282 -0.0010297
-0.0019951 -0.0014839
-0.0022656 -0.0011189
-0.0021147 -0.0010991
-0.0015212 -0.0012069
-0.0017549 -0.0010131
-0.0016044 -0.0011281
-0.0008607 -0.0012795
-0.0006358 -0.0009929
-0.0006040 -0.0007252
 0.0000610 -0.0007216
-0.0001740 -0.0003211
-0.0002931  0.0002349
-0.0004296  0.0001437
-0.0005080  0.0001276
-0.0007216 -0.0001563
-0.0006897 -0.0004599
-0.0005371 -0.0003234
-0.0004014 -0.0004138
-0.0003833 -0.0001182
-0.0002472 -0.0000189
-0.0004575 -0.0001060
-0.0006634 -0.0002368
-0.0006812 -0.0004452
-0.0006961 -0.0007108
-0.0009064 -0.0009571
-0.0009270 -0.0013963
-0.0005608 -0.0023116
-0.0004651 -0.0024634
-0.0000626 -0.0027521
-0.0000089 -0.0030049
 0.0005430 -0.0028163
 0.0009976 -0.0024397
 0.0010068 -0.0022322
 0.0013677 -0.0020848
 0.0014371 -0.0016476
 0.0017391 -0.0011873
 0.0016810 -0.0010149
 0.0015284 -0.0002837
 0.0016657 -0.0002203
 0.0016887 -0.0000471
 0.0017133  0.0002820
 0.0018502  0.0007971
 0.0016815  0.0009671
 0.0014146  0.0011811
 0.0013189  0.0015582
 0.0005724  0.0018069
 0.0004243  0.0019203
 0.0001182  0.0020358
-0.0004724  0.0022219
-0.0009719  0.0021016
-0.0011027  0.0017560
-0.0015472  0.0017749
-0.0019130  0.0012004
-0.0019938  0.0012436
-0.0021674  0.0009978
-0.0019401  0.0006154
-0.0022280  0.0007902
-0.0021303  0.0005536
-0.0018424  0.0006085
-0.0014984  0.0003953
-0.0014015  0.0007349
-0.0007886  0.0004235
-0.0010987  0.0006327
-0.0010636  0.0006747
-0.0006974  0.0005419
-0.0005638  0.0010066
-0.0005238  0.0007413
-0.0001378  0.0012820
 0.0005732  0.0018387
 0.0008070  0.0020301
 0.0010392  0.0023745
 0.0010408  0.0027972
 0.0007759  0.0027007
 0.0004517  0.0023935
 0.0002051  0.0022921
-0.0004211  0.0014273
-0.0005115  0.0012129
-0.0006472  0.0011890
-0.0010622  0.0007094
-0.0011216  0.0004021
-0.0011809  0.0004788
-0.0011825 -0.0000779
-0.0013380 -0.0000565
-0.0010929  0.0000796
-0.0013231 -0.0000690
-0.0014175 -0.0005854
-0.0012233 -0.0009310
-0.0008930 -0.0010024
-0.0008115 -0.0015051
-0.0007711 -0.0015629
-0.0004796 -0.0011216
-0.0007452 -0.0011252
-0.0011292 -0.0003977
-0.0009556  0.0000263
-0.0014324  0.0003319
-0.0016819  0.0002148
-0.0017384  0.0002515
-0.0018918 -0.0000577
-0.0015656 -0.0001752
-0.0013944 -0.0005810
-0.0013787 -0.0005390
-0.0010565 -0.0007696
-0.0009814 -0.0006161
-0.0009100 -0.0007696
-0.0005491 -0.0006900
 0.0000453 -0.0008418
 0.0003509 -0.0009561
 0.0007744 -0.0009956
 0.0013320 -0.0012633
 0.0011814 -0.0016736
 0.0014846 -0.0018294
 0.0014091 -0.0017345
 0.0014660 -0.0018537
 0.0017301 -0.0017374
 0.0019364 -0.0016570
 0.0020865 -0.0015048
 0.0026191 -0.0014030
 0.0023889 -0.0012447
 0.0024463 -0.0013404
 0.0024091 -0.0012593
 0.0022194 -0.0012048
 0.0021859 -0.0010546
 0.0022328 -0.0007061
 0.0019247 -0.0007284
 0.0021601 -0.0001332
 0.0019683 -0.0002099
 0.0016627  0.0000981
 0.0008560  0.0005406
 0.0006210  0.0003093
 0.0002605  0.0005245
 0.0005241  0.0006190
 0.0004631  0.0005633
 0.0001014  0.0001430
 0.0004062  0.0002762
 0.0010974 -0.0001614
 0.0011943 -0.0006100
 0.0017701 -0.0007255
 0.0025170 -0.0005737
 0.0029583 -0.0003529
 0.0031468 -0.0000461
 0.0035836  0.0001045
 0.0029275  0.0004646
 0.0030430  0.0008886
 0.0031791  0.0006601
 0.0026586  0.0010828
 0.0028755  0.0013133
 0.0029179  0.0012185
 0.0027075  0.0014833
 0.0027859  0.0019056
 0.0026127  0.0019424
 0.0024205  0.0023437
 0.0018629  0.0019597
 0.0018035  0.0018095
 0.0012451  0.0014272
 0.0009346  0.0011587
 0.0007412  0.0003363
 0.0007784  0.0001481
 0.0003912 -0.0001175
 0.0004271 -0.0003274
 0.0006387 -0.0003682
 0.0007929 -0.0003840
 0.0004485 -0.0002342
 0.0009100 -0.0002342
 0.0012568 -0.0003670
 0.0010856 -0.0003678
 0.0008402 -0.0006561
 0.0009371 -0.0007481
 0.0000234 -0.0008079
-0.0000694 -0.0003662
-0.0002794 -0.0004833
-0.0000803 -0.0005455
 0.0002464 -0.0003137
 0.0007264 -0.0004284
 0.0010139 -0.0003880
 0.0011104 -0.0004248
 0.0012804 -0.0004017
 0.0011080 -0.0006726
 0.0008940 -0.0005180
 0.0008528 -0.0004454
 0.0005023 -0.0006388
 0.0007090 -0.0002762
 0.0005091 -0.0006408
 0.0004671 -0.0005265
 0.0008304 -0.0005406
 0.0011001 -0.0006186
 0.0013707 -0.0000800
 0.0018548 -0.0002540
 0.0022755 -0.0000626
 0.0026046  0.0006823
 0.0026029  0.0009544
 0.0025262  0.0012056
 0.0021200  0.0011454
 0.0018725  0.0007861
 0.0010683  0.0011697
 0.0004538  0.0010929
 0.0000924  0.0010760
-0.0007118  0.0012306
-0.0010603  0.0012492
-0.0016138  0.0012722
-0.0021153  0.0010474
-0.0023264  0.0004708
-0.0021520  0.0001499
-0.0019004 -0.0002264
-0.0018027 -0.0008013
-0.0019372 -0.0010306
-0.0020527 -0.0014595
-0.0020329 -0.0016892
-0.0018617 -0.0019403
-0.0020192 -0.0020772
-0.0020026 -0.0020974
-0.0012908 -0.0026348
-0.0014277 -0.0027894
-0.0009125 -0.0028843
-0.0007179 -0.0027656
-0.0003884 -0.0031722
 0.0000145 -0.0026699
 0.0002887 -0.0026291
 0.0005043 -0.0023429
 0.0006816 -0.0021842
 0.0011447 -0.0021470
 0.0014956 -0.0018200
 0.0019760 -0.0014909
 0.0021662 -0.0013754
 0.0024726 -0.0007836
 0.0031618  0.0001576
 0.0025853  0.0003663
 0.0025824  0.0010308
 0.0027912  0.0013752
 0.0029426  0.0016780
 0.0029793  0.0017285
 0.0032284  0.0019021
 0.0029850  0.0019117
 0.0031227  0.0019097
 0.0033742  0.0022735
 0.0034752  0.0018083
 0.0031098  0.0014994
 0.0032232  0.0010561
 0.0031239  0.0008280
 0.0031582  0.0003076
 0.0031933 -0.0000324
 0.0033265 -0.0005273
 0.0038817 -0.0008108
 0.0039951 -0.0010954
 0.0040169 -0.0011321
 0.0039596 -0.0010711
 0.0037670 -0.0011087
 0.0030923 -0.0009528
 0.0031286 -0.0012419
 0.0025533 -0.0008596
 0.0022642 -0.0010505
 0.0021681 -0.0008406
 0.0019202 -0.0007074
 0.0018670 -0.0008830
 0.0016170 -0.0010042
 0.0014818 -0.0006626
 0.0010401 -0.0007268
 0.0010372 -0.0010757
 0.0005333 -0.0013232
 0.0002842 -0.0017826
 0.0008200 -0.0025049
 0.0010687 -0.0026963
 0.0013215 -0.0030544
 0.0017668 -0.0034359
 0.0020951 -0.0034533
 0.0022897 -0.0035485
 0.0024043 -0.0034912
 0.0020995 -0.0032623
 0.0020608 -0.0028602
 0.0016946 -0.0024939
 0.0012347 -0.0017854
 0.0010643 -0.0014386
 0.0008730 -0.0012653
 0.0007026 -0.0010574
 0.0002088 -0.0009363
 0.0000191 -0.0006310
-0.0005906 -0.0004780
-0.0008211 -0.0001885
-0.0013512 -0.0003448
-0.0021765 -0.0004792
-0.0024243 -0.0004211
-0.0027118 -0.0005423
-0.0030033 -0.0005423
-0.0032351 -0.0009844
-0.0032606 -0.0011588
-0.0031710 -0.0010664
-0.0027774 -0.0011608
-0.0027237 -0.0013155
-0.0023284 -0.0011188
-0.0019098 -0.0010970
-0.0021411 -0.0010586
-0.0022340 -0.0009795
-0.0014644 -0.0010397
-0.0015387 -0.0004272
-0.0016134  0.0004703
-0.0011317  0.0010473
-0.0017417  0.0017365
-0.0016428  0.0021382
-0.0012968  0.0023889
-0.0018330  0.0026913
-0.0016097  0.0023792
-0.0017858  0.0020715
-0.0017705  0.0021491
-0.0013365  0.0020183
-0.0014136  0.0018632
-0.0020834  0.0016343
-0.0020883  0.0019634
-0.0018791  0.0016210
-0.0020923  0.0015273
-0.0015933  0.0013013
-0.0011342  0.0014757
-0.0005968  0.0012803
 0.0002857  0.0018370
 0.0007432  0.0022549
 0.0010480  0.0023837
 0.0014860  0.0023445
 0.0018082  0.0029372
 0.0015575  0.0026501
 0.0024364  0.0030353
 0.0025107  0.0031149
 0.0025923  0.0032146
 0.0028604  0.0036571
 0.0026186  0.0035845
 0.0020448  0.0037916
 0.0013371  0.0035206
 0.0010682  0.0031338
 0.0006249  0.0026929
 0.0004654  0.0027123
 0.0004464  0.0022706
 0.0006382  0.0020243
 0.0006531  0.0019117
 0.0007690  0.0013541
 0.0008255  0.0013969
 0.0007637  0.0008228
 0.0009777  0.0004029
 0.0009062  0.0005992
 0.0010617  0.0006412
 0.0007750  0.0007946
 0.0006455  0.0011572
 0.0008021  0.0013288
 0.0006919  0.0017478
 0.0007876  0.0021120
 0.0011086  0.0021834
 0.0008950  0.0020870
 0.0011198  0.0023187
 0.0007310  0.0021281
 0.0004427  0.0020139
 0.0002134  0.0015997
 0.0001722  0.0013526
-0.0005129  0.0013361
-0.0011387  0.0014972
-0.0015219  0.0012703
-0.0022078  0.0013482
-0.0021101  0.0011630
-0.0027201  0.0009332
-0.0034860  0.0005505
-0.0036390  0.0005553
-0.0036935  0.0002864
-0.0040355  0.0000951
-0.0038429  0.0001165
-0.0038122  0.0000797
-0.0034811 -0.0000373
-0.0028488  0.0003268
-0.0028468  0.0000571
-0.0022549  0.0003030
-0.0017381  0.0001483
-0.0016085 -0.0000293
-0.0011313  0.0000668
-0.0006791 -0.0002966
-0.0005067 -0.0002744
-0.0002944 -0.0001544
-0.0001595 -0.0000398
 0.0001679  0.0002469
 0.0003609  0.0004532
 0.0003012  0.0006603
 0.0003581  0.0008104
 0.0005281  0.0010406
 0.0004901  0.0009768
 0.0006044  0.0010716
 0.0008514  0.0010535
 0.0008482  0.0010959
 0.0008849  0.0010802
 0.0008866  0.0005678
 0.0007339  0.0002473
 0.0003904 -0.0002077
 0.0001215 -0.0005493
 0.0003169 -0.0009114
-0.0001587 -0.0012376
-0.0002919 -0.0014876
-0.0005382 -0.0013325
-0.0005539 -0.0014294
-0.0001667 -0.0014311
-0.0002971 -0.0012962
-0.0002563 -0.0012574
-0.0002163 -0.0010051
 0.0000558 -0.0011532
 0.0000978 -0.0011120
 0.0000627 -0.0009017
-0.0001262 -0.0010559
-0.0003535 -0.0011359
-0.0006624 -0.0010665
-0.0007008 -0.0012017
-0.0012579 -0.0016515
-0.0013742 -0.0018111
-0.0015632 -0.0016040
-0.0011235 -0.0014158
-0.0011421 -0.0020311
-0.0010831 -0.0016476
-0.0015809 -0.0018034
-0.0011227 -0.0023796
-0.0013306 -0.0023255
-0.0011259 -0.0024253
-0.0008817 -0.0026421
-0.0006576 -0.0024919
-0.0002216 -0.0015528
 0.0001958 -0.0012447
 0.0006496 -0.0005668
 0.0007417 -0.0000649
 0.0010307  0.0002080
 0.0012617  0.0006864
 0.0012649  0.0009574
 0.0014741  0.0007672
 0.0014999  0.0008060
 0.0014236  0.0006073
 0.0016162  0.0005241
 0.0010990  0.0005560
 0.0007575  0.0005894
 0.0007975  0.0003322
 0.0001446  0.0004844
-0.0005256  0.0001368
-0.0007727 -0.0000578
-0.0014062 -0.0002541
-0.0017712 -0.0005613
-0.0020401 -0.0011387
-0.0022694 -0.0010854
-0.0023865 -0.0014314
-0.0028488 -0.0019680
-0.0028896 -0.0022353
-0.0029324 -0.0023084
-0.0030099 -0.0027852
-0.0026098 -0.0029345
-0.0022860 -0.0029672
-0.0019788 -0.0030778
-0.0013300 -0.0029046
-0.0006977 -0.0026514
-0.0004837 -0.0027253
 0.0000149 -0.0021346
 0.0000731 -0.0016780
 0.0008406 -0.0009723
 0.0008167 -0.0004616
 0.0011216  0.0000734
 0.0013113  0.0006459
 0.0011171  0.0013371
 0.0014591  0.0012648
 0.0011902  0.0012479
 0.0015705  0.0015386
 0.0018418  0.0017712
 0.0018184  0.0022718
 0.0017182  0.0028851
 0.0017553  0.0034629
 0.0013912  0.0036930
 0.0011408  0.0034827
 0.0003552  0.0038909
 0.0004731  0.0035316
 0.0000520  0.0033253
-0.0001939  0.0032712
-0.0003259  0.0031626
-0.0003639  0.0029143
-0.0006695  0.0030533
-0.0005185  0.0032087
-0.0007503  0.0033097
-0.0012509  0.0034041
-0.0015953  0.0032895
-0.0018230  0.0027525
-0.0020754  0.0024214
-0.0023859  0.0025332
-0.0024069  0.0020717
-0.0025438  0.0021089
-0.0028183  0.0021117
-0.0027982  0.0018226
-0.0030876  0.0017290
-0.0027412  0.0015376
-0.0023124  0.0010600
-0.0023532  0.0007099
-0.0017379  0.0003251
-0.0016430  0.0000166
-0.0016248 -0.0002716
-0.0014318 -0.0006948
-0.0017407 -0.0005199
-0.0015651 -0.0006948
-0.0013317 -0.0010787
-0.0014580 -0.0013303
-0.0014140 -0.0010824
-0.0011774 -0.0008377
-0.0011749 -0.0005717
-0.0015399  0.0002108
-0.0011915  0.0009973
-0.0010595  0.0013057
-0.0009299  0.0023817
-0.0008338  0.0031888
-0.0007583  0.0035542
-0.0010470  0.0039778
-0.0013340  0.0041489
-0.0015411  0.0042801
-0.0015605  0.0042426
-0.0015177  0.0039729
-0.0015540  0.0038417
-0.0017825  0.0039955
-0.0018003  0.0037121
-0.0022012  0.0030415
-0.0024120  0.0028328
-0.0027374  0.0022017
-0.0031403  0.0019889
-0.0032711  0.0017366
-0.0027919  0.0016393
-0.0028290  0.0017099
-0.0022730  0.0016848
-0.0018305  0.0017930
-0.0016722  0.0016731
-0.0013642  0.0021260
-0.0010214  0.0018155
-0.0011720  0.0018312
-0.0009249  0.0018304
-0.0009608  0.0017319
-0.0013626  0.0015014
-0.0016682  0.0018676
-0.0022270  0.0020783
-0.0026230  0.0020408
-0.0029670  0.0020444
-0.0033304  0.0021187
-0.0030615  0.0019112
-0.0033679  0.0019326
-0.0028491  0.0016992
-0.0026577  0.0015664
-0.0021619  0.0017000
-0.0018208  0.0012002
-0.0014772  0.0015285
-0.0008494  0.0014901
-0.0006011  0.0013585
-0.0003924  0.0009366
-0.0002975  0.0008470
-0.0002022  0.0008272
-0.0000880  0.0006790
 0.0001260  0.0007170
-0.0000686  0.0004138
-0.0003024 -0.0001995
 0.0004445 -0.0006561
 0.0004635 -0.0008875
 0.0009646 -0.0006928
 0.0010978 -0.0004603
 0.0013518  0.0003250
 0.0015831  0.0008430
 0.0016627  0.0013788
 0.0015513  0.0022561
 0.0017657  0.0025213
 0.0011750  0.0032428
 0.0011306  0.0037547
 0.0009747  0.0038092
 0.0005104  0.0039759
 0.0001769  0.0042662
-0.0000945  0.0043793
-0.0002087  0.0037664
-0.0002289  0.0040296
-0.0000718  0.0036489
-0.0004517  0.0033974
-0.0001610  0.0033961
 0.0002241  0.0030368
-0.0000980  0.0025076
 0.0004026  0.0020481
 0.0007095  0.0013270
 0.0007264  0.0010242
 0.0014919  0.0007622
 0.0019897  0.0006310
 0.0018730  0.0007086
 0.0025041  0.0009997
 0.0023466  0.0012827
 0.0024415  0.0015689
 0.0022618  0.0022028
 0.0021116  0.0019703
 0.0016118  0.0021015
 0.0015359  0.0016238
 0.0009258  0.0016032
 0.0005435  0.0009330
 0.0006238  0.0003420
 0.0002447 -0.0003460
 0.0003227 -0.0010513
 0.0003211 -0.0015302
 0.0003631 -0.0021988
 0.0000732 -0.0024091
 0.0000126 -0.0026405
-0.0004493 -0.0026372
-0.0010061 -0.0025403
-0.0014882 -0.0024838
-0.0021015 -0.0027131
-0.0021431 -0.0024204
-0.0017995 -0.0024596
-0.0018807 -0.0023857
-0.0014656 -0.0021325
-0.0008185 -0.0014998
-0.0004523 -0.0011914
-0.0000509 -0.0005393
 0.0001586 -0.0001574
-0.0000691  0.0001870
 0.0001029  0.0001644
 0.0001429 -0.0001841
 0.0002200  0.0002903
 0.0001966  0.0001134
 0.0001211  0.0007263
-0.0003643  0.0010073
-0.0004624  0.0008155
-0.0010402  0.0001833
-0.0014843  0.0001824
-0.0014670 -0.0003545
-0.0011403 -0.0007765
-0.0013329 -0.0009287
-0.0008165 -0.0009509
-0.0005036 -0.0008750
-0.0004822 -0.0001070
-0.0001115  0.0000500
-0.0000311  0.0002414
 0.0002632  0.0002438
 0.0010324  0.0003844
 0.0009234  0.0000771
 0.0013469  0.0003884
 0.0019614  0.0002387
 0.0017495  0.0005402
 0.0016344  0.0005616
 0.0015169  0.0007869
 0.0015181  0.0007622
 0.0014963  0.0009145
 0.0017438  0.0010638
 0.0017062  0.0012362
 0.0016085  0.0012536
 0.0016816  0.0011418
 0.0013747  0.0009508
 0.0009734  0.0007828
 0.0004566  0.0003246
 0.0004409  0.0002709
-0.0001538  0.0000679
-0.0000759 -0.0003677
-0.0000165 -0.0003814
 0.0000206 -0.0010335
 0.0001328 -0.0013767
 0.0004591 -0.0014385
 0.0008212 -0.0014623
 0.0009008 -0.0016577
 0.0012682 -0.0012799
 0.0013061 -0.0011276
 0.0011749 -0.0009004
 0.0006985 -0.0005043
 0.0002411  0.0000133
-0.0005058  0.0004130
-0.0010654  0.0007982
-0.0013735  0.0011066
-0.0015479  0.0009359
-0.0022791  0.0008826
-0.0018762  0.0004998
-0.0022779  0.0002322
-0.0023130  0.0001312
-0.0025771 -0.0000796
-0.0026521 -0.0004098
-0.0026868  0.0000658
-0.0028164  0.0002196
-0.0028132  0.0004081
-0.0025245  0.0001755
-0.0026957 -0.0001144
-0.0026210 -0.0001560
-0.0022964 -0.0006179
-0.0025314 -0.0011948
-0.0023041 -0.0014859
-0.0019424 -0.0019805
-0.0020974 -0.0022288
-0.0017700 -0.0023447
-0.0016771 -0.0024020
-0.0011030 -0.0028219
-0.0010263 -0.0027634
-0.0005688 -0.0027432
-0.0001687 -0.0030492
-0.0000957 -0.0030520
 0.0002289 -0.0031659
 0.0002043 -0.0030920
-0.0000848 -0.0028231
-0.0002189 -0.0023810
-0.0003174 -0.0019583
-0.0007760 -0.0018218
-0.0009621 -0.0013203
-0.0013490 -0.0018743
-0.0012335 -0.0015266
-0.0013336 -0.0015254
-0.0010280 -0.0014249
-0.0008011 -0.0010001
-0.0006699 -0.0007069
-0.0007652 -0.0001292
-0.0008415  0.0000481
-0.0009198  0.0002589
-0.0008811  0.0003731
-0.0009961  0.0006408
-0.0010139  0.0007175
-0.0012057  0.0009456
-0.0009376  0.0012698
-0.0009945  0.0009848
-0.0009965  0.0012133
-0.0006897  0.0011806
-0.0010720  0.0008366
-0.0009352  0.0008354
-0.0012436 -0.0002365
-0.0010066 -0.0005208
-0.0009209 -0.0011361
-0.0009375 -0.0017461
-0.0005466 -0.0020368
-0.0004234 -0.0024030
-0.0000374 -0.0021992
-0.0001142 -0.0019497
 0.0001164 -0.0017640
 0.0001733 -0.0016538
-0.0000354 -0.0015020
-0.0000750 -0.0012747
 0.0002323 -0.0013518
 0.0004180 -0.0009480
 0.0010853 -0.0005302
 0.0013304 -0.0002980
 0.0017491 -0.0000877
 0.0021681  0.0000521
 0.0022000  0.0001861
 0.0023357  0.0001498
 0.0024467  0.0004797
 0.0025432  0.0006113
 0.0023861  0.0006912
 0.0026913  0.0011688
 0.0024277  0.0016469
 0.0026784  0.0019715
 0.0025242  0.0021649
 0.0020886  0.0021608
 0.0019360  0.0018313
 0.0019727  0.0017353
 0.0017644  0.0017720
 0.0018572  0.0013283
 0.0019719  0.0013448
 0.0014147  0.0017243
 0.0012597  0.0017231
 0.0011066  0.0020436
 0.0007425  0.0018898
-0.0000283  0.0018619
-0.0002823  0.0015761
-0.0006134  0.0014973
-0.0006546  0.0010754
-0.0009421  0.0009228
-0.0007507  0.0006551
-0.0004253  0.0005594
-0.0005205  0.0003103
-0.0003651  0.0000624
-0.0005193 -0.0002024
-0.0002161 -0.0002404
-0.0000805  0.0000923
 0.0003027  0.0006120
 0.0006277  0.0012887
 0.0000536  0.0020574
 0.0004149  0.0022516
 0.0004545  0.0026538
 0.0004541  0.0025411
 0.0003996  0.0026970
 0.0004371  0.0025258
 0.0002070  0.0022795
 0.0001489  0.0021100
 0.0003196  0.0018633
 0.0002078  0.0015391
 0.0004198  0.0010445
 0.0003245  0.0007062
 0.0004969  0.0006517
 0.0005971  0.0003498
 0.0006956  0.0003163
 0.0005248  0.0004350
 0.0007602  0.0006239
 0.0011446  0.0006845
 0.0014571  0.0008343
 0.0015375  0.0010430
 0.0017297  0.0015961
 0.0019800  0.0015537
 0.0020938  0.0021278
 0.0021338  0.0018775
 0.0016534  0.0021254
 0.0017079  0.0021003
 0.0013037  0.0018666
 0.0011680  0.0017842
 0.0009924  0.0013994
 0.0008163  0.0009185
 0.0007961  0.0007069
 0.0010267  0.0005208
 0.0009504  0.0004425
 0.0008192  0.0002560
 0.0010130  0.0003489
 0.0004768  0.0005984
 0.0003085  0.0006351
 0.0003448  0.0008273
 0.0003068  0.0008293
 0.0001728  0.0005818
 0.0004376  0.0003937
 0.0006710 -0.0000811
 0.0010958 -0.0002462
 0.0016162 -0.0007056
 0.0020797 -0.0007214
 0.0022364 -0.0007036
 0.0025445 -0.0002046
 0.0025824  0.0002355
 0.0024863  0.0006768
 0.0024306  0.0005403
 0.0019546  0.0008468
 0.0019942  0.0014233
 0.0021335  0.0015017
 0.0016955  0.0019365
 0.0018509  0.0024383
 0.0016991  0.0027629
 0.0016814  0.0025126
 0.0017189  0.0022264
 0.0016244  0.0018198
 0.0018372  0.0012606
 0.0017758  0.0011980
 0.0016583  0.0005992
 0.0014084  0.0004470
 0.0015614  0.0003686
 0.0010608 -0.0004360
 0.0008427 -0.0003997
 0.0007870 -0.0009104
 0.0006126 -0.0011022
 0.0008015 -0.0014106
 0.0009913 -0.0016004
 0.0009699 -0.0016594
 0.0012735 -0.0018156
 0.0009246 -0.0019137
 0.0005822 -0.0021092
 0.0006392 -0.0017652
 0.0002189 -0.0019372
-0.0001412 -0.0018270
 0.0002827 -0.0013837
 0.0003247 -0.0010929
-0.0000782 -0.0006569
 0.0001725 -0.0005588
-0.0001162 -0.0007498
-0.0004032 -0.0006888
-0.0007069 -0.0010877
-0.0012632 -0.0014733
-0.0015309 -0.0016824
-0.0016827 -0.0022924
-0.0021050 -0.0026037
-0.0022023 -0.0030475
-0.0018628 -0.0027980
-0.0018095 -0.0029175
-0.0014700 -0.0027463
-0.0009177 -0.0025372
-0.0004809 -0.0018480
-0.0000747 -0.0012755
 0.0000953 -0.0009493
 0.0001720 -0.0006638
-0.0001740 -0.0004325
 0.0001320 -0.0007567
 0.0000347 -0.0007607
 0.0004356 -0.0009513
 0.0008184 -0.0012351
 0.0009496 -0.0009848
 0.0014272 -0.0010756
 0.0011050 -0.0010174
 0.0009367 -0.0011111
 0.0011870 -0.0010703
 0.0010001 -0.0009181
 0.0005374 -0.0006331
 0.0005543 -0.0004017
 0.0003428 -0.0003279
 0.0000339  0.0002257
-0.0000436  0.0000351
-0.0003917  0.0002753
-0.0004635  0.0003859
-0.0002927  0.0003447
-0.0001575  0.0005320
 0.0005188  0.0006665
 0.0006157  0.0009160
 0.0012153  0.0010310
 0.0016788  0.0013779
 0.0021032  0.0010347
 0.0023543  0.0009439
 0.0029458  0.0007533
 0.0030185  0.0005309
 0.0026720  0.0006452
 0.0022667  0.0008030
 0.0019396  0.0008273
 0.0012694  0.0008620
 0.0008236  0.0005762
 0.0002879  0.0007477
-0.0001550  0.0006121
-0.0001563  0.0004635
-0.0002721  0.0000226
-0.0005733  0.0000251
-0.0000504 -0.0003173
 0.0001232 -0.0007961
 0.0002819 -0.0008212
 0.0004963 -0.0008579
 0.0006675 -0.0007481
 0.0008609 -0.0006961
 0.0011035 -0.0007922
 0.0013086 -0.0003788
 0.0012843 -0.0002290
 0.0016049  0.0000189
 0.0018491  0.0001545
 0.0016339  0.0001901
 0.0024628  0.0001566
 0.0026521  0.0001376
 0.0024822  0.0001566
 0.0025989  0.0001009
 0.0027349  0.0001961
 0.0028726  0.0007501
 0.0030479  0.0014385
 0.0028945  0.0020126
 0.0026712  0.0025693
 0.0023046  0.0031830
 0.0015157  0.0033155
 0.0008895  0.0031241
 0.0003896  0.0030486
-0.0002789  0.0020740
-0.0004110  0.0011163
-0.0006996  0.0007529
-0.0006774 -0.0000259
-0.0008664 -0.0006141
-0.0010416 -0.0007267
-0.0013444 -0.0009944
-0.0012899 -0.0010675
-0.0016577 -0.0003977
-0.0013695 -0.0005741
-0.0011842  0.0000024
-0.0011499  0.0001934
-0.0009197  0.0005329
-0.0007473  0.0009956
-0.0004409  0.0012827
-0.0005919  0.0012213
-0.0008410  0.0015237
-0.0010118  0.0013295
-0.0012407  0.0014409
-0.0013949  0.0014784
-0.0016198  0.0015709
-0.0018293  0.0014574
-0.0017902  0.0015135
-0.0021345  0.0016855
-0.0024051  0.0018147
-0.0024677  0.0020614
-0.0024887  0.0016831
-0.0026025  0.0019080
-0.0021637  0.0017941
-0.0024528  0.0011627
-0.0022045  0.0014509
-0.0017636  0.0013205
-0.0010938  0.0011481
-0.0005140  0.0011692
-0.0001126  0.0012112
 0.0001195  0.0007137
 0.0004866  0.0004856
 0.0010025  0.0000456
 0.0008515 -0.0001462
 0.0009638  0.0001033
 0.0008330  0.0002014
 0.0002593  0.0001202
-0.0004110  0.0009294
-0.0012944  0.0011393
-0.0018265  0.0011983
-0.0020376  0.0010255
-0.0022690  0.0007784
-0.0024830  0.0002394
-0.0020042  0.0000169
-0.0018156 -0.0000384
-0.0016287 -0.0003779
-0.0015330 -0.0002737
-0.0017397 -0.0002716
-0.0018742 -0.0001764
-0.0016848 -0.0003879
-0.0017781 -0.0006197
-0.0019537 -0.0003577
-0.0017850 -0.0004517
-0.0018633 -0.0007792
-0.0016372 -0.0010473
-0.0016021 -0.0014268
-0.0016784 -0.0013658
-0.0017939 -0.0018600
-0.0015476 -0.0017618
-0.0013502 -0.0019928
-0.0011790 -0.0020324
-0.0007357 -0.0018414
-0.0003905 -0.0017506
-0.0003888 -0.0010832
-0.0003884 -0.0004744
-0.0004074 -0.0001486
-0.0005410  0.0004627
-0.0006194  0.0007518
-0.0007563  0.0010195
-0.0008132  0.0011741
-0.0011249  0.0009678
-0.0015081  0.0009727
-0.0018508  0.0008633
-0.0023854  0.0005952
-0.0029179  0.0003284
-0.0030499  0.0004624
-0.0033692  0.0004596
-0.0035029  0.0003235
-0.0034778  0.0000942
-0.0035574  0.0000138
-0.0035961  0.0004163
-0.0034068  0.0001676
-0.0034484  0.0007385
-0.0033753  0.0008564
-0.0034763  0.0010292
-0.0038829  0.0013720
-0.0039220  0.0014273
-0.0038910  0.0014612
-0.0041413  0.0014822
-0.0039916  0.0015197
-0.0037033  0.0013853
-0.0039920  0.0009274
-0.0034142  0.0006763
-0.0035248  0.0003682
-0.0038276 -0.0001704
-0.0040379 -0.0006859
-0.0041518 -0.0011075
-0.0045927 -0.0015177
-0.0043246 -0.0019174
-0.0042515 -0.0021867
-0.0041970 -0.0024770
-0.0038353 -0.0024023
-0.0037428 -0.0024019
-0.0033217 -0.0023842
-0.0032273 -0.0025735
-0.0030202 -0.0027665
-0.0023867 -0.0029558
-0.0016777 -0.0031682
-0.0010858 -0.0033418
-0.0006058 -0.0031650
-0.0000523 -0.0033297
 0.0000483 -0.0029077
 0.0002825 -0.0029045
 0.0001331 -0.0024575
-0.0000368 -0.0022100
-0.0000687 -0.0017490
-0.0001599 -0.0016508
-0.0005972 -0.0016121
-0.0007114 -0.0015911
-0.0009411 -0.0021866
-0.0006698 -0.0024175
-0.0003085 -0.0026699
-0.0002314 -0.0031443
-0.0000194 -0.0033970
 0.0004021 -0.0035327
 0.0005131 -0.0036478
 0.0009540 -0.0038049
 0.0013170 -0.0040148
 0.0017026 -0.0038581
 0.0014943 -0.0039142
 0.0020123 -0.0040681
 0.0018423 -0.0044896
 0.0020365 -0.0045489
 0.0024778 -0.0045897
 0.0030548 -0.0045150
 0.0032231 -0.0042716
 0.0033370 -0.0040790
 0.0035408 -0.0034835
 0.0032126 -0.0034076
 0.0028996 -0.0032634
 0.0024333 -0.0028221
 0.0019544 -0.0023739
 0.0014905 -0.0022540
 0.0008611 -0.0016407
 0.0003843 -0.0012543
-0.0000340 -0.0007387
-0.0005108 -0.0004521
-0.0005277 -0.0000709
-0.0006226  0.0001002
-0.0008176  0.0006389
-0.0001058  0.0004507
-0.0000106  0.0004532
-0.0001462  0.0007435
-0.0000291  0.0007120
 0.0001082  0.0007290
-0.0002205  0.0008246
-0.0002387  0.0007702
 0.0000109  0.0008053
-0.0000461  0.0009207
 0.0000516  0.0008646
 0.0001106  0.0007492
-0.0002116  0.0012619
-0.0000767  0.0010148
-0.0005919  0.0008936
-0.0008939  0.0011556
-0.0011999  0.0006719
-0.0015051  0.0007975
-0.0016004  0.0002931
-0.0015612  0.0000606
-0.0018875 -0.0005717
-0.0020558 -0.0007627
-0.0016739 -0.0008975
-0.0017873 -0.0012250
-0.0016145 -0.0013796
-0.0016912 -0.0014753
-0.0017485 -0.0015779
-0.0016739 -0.0016917
-0.0014655 -0.0020377
-0.0013501 -0.0020571
-0.0006996 -0.0022844
-0.0002022 -0.0022816
-0.0000876 -0.0017260
 0.0003133 -0.0012229
 0.0007320 -0.0009561
 0.0008446 -0.0009508
 0.0011688 -0.0003718
 0.0017450 -0.0001953
 0.0015714  0.0003384
 0.0023732  0.0010317
 0.0026021  0.0015472
 0.0022512  0.0025792
 0.0022863  0.0034436
 0.0016306  0.0041720
 0.0004791  0.0043980
-0.0004253  0.0043993
-0.0010192  0.0046120
-0.0018452  0.0044966
-0.0017843  0.0039225
-0.0020725  0.0039951
-0.0023027  0.0036438
-0.0020911  0.0033898
-0.0024392  0.0032332
-0.0023010  0.0033615
-0.0022809  0.0032840
-0.0023988  0.0035282
-0.0023588  0.0039691
-0.0024940  0.0041391
-0.0028594  0.0043446
-0.0028623  0.0042667
-0.0026507  0.0040333
-0.0031312  0.0038625
-0.0029188  0.0029989
-0.0031114  0.0027151
-0.0031861  0.0022374
-0.0027670  0.0019157
-0.0027072  0.0012124
-0.0021864  0.0013287
-0.0017818  0.0009871
-0.0011318  0.0010695
-0.0008786  0.0015859
-0.0004963  0.0022569
-0.0002637  0.0030063
-0.0002411  0.0033466
-0.0008156  0.0038238
-0.0009295  0.0040087
-0.0014228  0.0036534
-0.0013869  0.0034159
-0.0010752  0.0030077
-0.0011499  0.0026940
-0.0011115  0.0018259
-0.0011894  0.0014799
-0.0012847  0.0011847
-0.0013457  0.0008811
-0.0011721  0.0004580
-0.0010005  0.0003816
-0.0013126  0.0002670
-0.0011253  0.0003251
-0.0012844  0.0007515
-0.0013474  0.0010854
-0.0014641  0.0009769
-0.0012756  0.0019011
-0.0012150  0.0021183
-0.0010793  0.0022334
-0.0009610  0.0019863
-0.0008641  0.0019092
-0.0012271  0.0016589
-0.0010506  0.0015640
-0.0011435  0.0009886
-0.0018508  0.0006822
-0.0021924  0.0005065
-0.0024411  0.0003721
-0.0029631  0.0002187
-0.0030415 -0.0001229
-0.0029631 -0.0002953
-0.0032551 -0.0007006
-0.0030039 -0.0008512
-0.0026426 -0.0011536
-0.0024896 -0.0010967
-0.0019094 -0.0015925
-0.0018924 -0.0015735
-0.0015436 -0.0012905
-0.0010643 -0.0013862
-0.0010474 -0.0012578
-0.0009311 -0.0006688
-0.0003747 -0.0001334
-0.0003170  0.0003232
-0.0004902  0.0009748
-0.0000295  0.0013790
-0.0002936  0.0018603
-0.0003274  0.0021906
-0.0003621  0.0026331
-0.0001465  0.0027494
-0.0005462  0.0031168
-0.0005038  0.0030978
-0.0005595  0.0031164
-0.0006318  0.0029819
-0.0006879  0.0027769
-0.0010125  0.0026028
-0.0009713  0.0026832
-0.0008554  0.0026283
-0.0011651  0.0023965
-0.0009745  0.0024531
-0.0009580  0.0017857
-0.0004800  0.0018838
-0.0000984  0.0016388
 0.0003392  0.0011434
 0.0004357  0.0012023
 0.0008011  0.0013053
 0.0011092  0.0014030
 0.0008831  0.0015565
 0.0006101  0.0021560
 0.0002262  0.0026349
-0.0004440  0.0032490
-0.0010105  0.0039979
-0.0015891  0.0040396
-0.0020143  0.0046549
-0.0019804  0.0046932
-0.0020777  0.0045567
-0.0019320  0.0045902
-0.0016886  0.0042228
-0.0015400  0.0037213
-0.0012211  0.0032937
-0.0005331  0.0032913
-0.0004948  0.0034443
-0.0001318  0.0035400
 0.0002582  0.0035045
-0.0000025  0.0033515
 0.0000193  0.0033923
 0.0005430  0.0034500
 0.0001429  0.0029905
 0.0004356  0.0027031
 0.0004401  0.0025707
 0.0008681  0.0022053
 0.0010001  0.0025517
 0.0013279  0.0026457
 0.0011192  0.0029308
 0.0012920  0.0029708
 0.0009270  0.0034488
 0.0005810  0.0034884
 0.0005055  0.0037342
 0.0000077  0.0037310
-0.0000492  0.0035186
-0.0004332  0.0028480
-0.0005482  0.0022165
-0.0008535  0.0020046
-0.0010053  0.0017623
-0.0012887  0.0012443
-0.0017494  0.0011289
-0.0021280  0.0009613
-0.0023400  0.0008120
-0.0025883  0.0006755
-0.0023425  0.0006198
-0.0020586  0.0002221
-0.0016598  0.0001139
-0.0011615  0.0003223
-0.0006835 -0.0000383
-0.0003218  0.0002306
-0.0001635 -0.0002074
 0.0001248  0.0000058
 0.0003586  0.0000219
 0.0006271  0.0005589
 0.0002835  0.0008080
-0.0000601  0.0016502
-0.0003492  0.0023612
-0.0005987  0.0027964
-0.0010775  0.0032183
-0.0013068  0.0033391
-0.0012511  0.0034917
-0.0013844  0.0035119
-0.0013113  0.0035151
-0.0012948  0.0034154
-0.0006072  0.0033597
-0.0003819  0.0030367
-0.0001744  0.0030169
-0.0000416  0.0031889
-0.0000024  0.0029794
-0.0002342  0.0030545
-0.0001983  0.0028268
-0.0006384  0.0029418
-0.0011996  0.0027319
-0.0015068  0.0028659
-0.0018941  0.0024597
-0.0020326  0.0024379
-0.0017980  0.0021113
-0.0018775  0.0018020
-0.0020669  0.0016062
-0.0017560  0.0011479
-0.0022150  0.0007079
-0.0015581  0.0004818
-0.0015149  0.0001770
-0.0014922 -0.0002062
-0.0013368 -0.0001489
-0.0011599 -0.0002817
-0.0015096 -0.0000754
-0.0014918  0.0003416
-0.0015508  0.0005504
-0.0021467  0.0005459
-0.0024172  0.0008322
-0.0027221  0.0006392
-0.0028969  0.0005015
-0.0033002  0.0002891
-0.0032445 -0.0000985
-0.0028420 -0.0003723
-0.0025784 -0.0007401
-0.0022542 -0.0007256
-0.0016017 -0.0011871
-0.0009501 -0.0014411
-0.0008528 -0.0014407
-0.0006400 -0.0010987
-0.0004874 -0.0005852
-0.0004506 -0.0004713
-0.0005706  0.0002356
-0.0003804  0.0003325
-0.0004071  0.0004698
-0.0003554  0.0008376
-0.0002057  0.0004941
-0.0003220  0.0003112
-0.0002877  0.0003528
-0.0006163  0.0003916
-0.0005578  0.0002075
-0.0007504  0.0003799
-0.0008868  0.0006682
-0.0008089  0.0006690
-0.0006390  0.0006670
-0.0010035  0.0005899
-0.0014852  0.0007614
-0.0013689  0.0004946
-0.0014069  0.0004385
-0.0011788  0.0001118
-0.0010455  0.0001659
-0.0001440 -0.0000247
 0.0003559  0.0000670
 0.0008686  0.0001796
 0.0010390  0.0002196
 0.0008864  0.0002176
 0.0007705  0.0005850
 0.0007689  0.0002075
 0.0006530  0.0000961
 0.0007313  0.0006731
 0.0008464  0.0005641
 0.0008896  0.0011794
 0.0009675  0.0014459
 0.0007835  0.0016376
 0.0005570  0.0019832
 0.0002401  0.0020192
 0.0000160  0.0016711
-0.0005726  0.0015008
-0.0009929  0.0011737
-0.0010074  0.0006787
-0.0016021  0.0004321
-0.0014858 -0.0003128
-0.0010243 -0.0006766
-0.0005859 -0.0007731
 0.0000912 -0.0008284
 0.0006682 -0.0009059
 0.0012048 -0.0008672
 0.0016457 -0.0005426
 0.0022759 -0.0004259
 0.0025424 -0.0000996
 0.0030010  0.0003784
 0.0030167  0.0004171
 0.0031088  0.0008944
 0.0028427  0.0010470
 0.0022674  0.0006057
 0.0019613  0.0003937
 0.0012132 -0.0000282
 0.0005636 -0.0001477
 0.0001013 -0.0004954
-0.0007805 -0.0005551
-0.0012432 -0.0006904
-0.0016441 -0.0005741
-0.0018016 -0.0005131
-0.0023362 -0.0006092
-0.0021634 -0.0008729
-0.0021415 -0.0009471
-0.0020467 -0.0013121
-0.0018755 -0.0013315
-0.0017249 -0.0016783
-0.0014419 -0.0017769
-0.0016200 -0.0015463
-0.0011666 -0.0016024
-0.0009987 -0.0015843
-0.0010176 -0.0016594
-0.0004686 -0.0014106
-0.0003135 -0.0011623
-0.0003305 -0.0007206
 0.0001072 -0.0002022
 0.0001043  0.0000077
-0.0001646  0.0003368
-0.0008933  0.0006384
-0.0013895  0.0010841
-0.0015768  0.0011253
-0.0023213  0.0007377
-0.0025882  0.0004680
-0.0027586  0.0000093
-0.0026831 -0.0004574
-0.0025082 -0.0008450
-0.0018182 -0.0011527
-0.0013301 -0.0012133
-0.0007697 -0.0011798
-0.0001676 -0.0011592
 0.0000443 -0.0013901
 0.0003585 -0.0012751
 0.0003048 -0.0017555
 0.0004586 -0.0012969
 0.0003690 -0.0016643
 0.0004478 -0.0014540
 0.0003497 -0.0011492
 0.0003133 -0.0008815
 0.0002152 -0.0006360
 0.0003662  0.0002078
 0.0002148  0.0004561
 0.0004809  0.0007036
 0.0004235  0.0011453
 0.0005196  0.0012959
 0.0002309  0.0015418
 0.0001910  0.0019455
 0.0000779  0.0014255
 0.0004437  0.0016580
 0.0000997  0.0014865
 0.0002181  0.0008348
 0.0001813  0.0003180
-0.0000117  0.0002074
 0.0000081 -0.0003263
-0.0000488 -0.0005758
-0.0001239 -0.0006299
-0.0004489 -0.0005883
-0.0002943 -0.0003974
-0.0001933 -0.0005124
-0.0001892 -0.0002266
-0.0000322 -0.0000772
 0.0000296 -0.0000651
-0.0000249 -0.0005872
 0.0005072 -0.0009583
 0.0004850 -0.0011896
 0.0005367 -0.0019382
 0.0010082 -0.0021279
 0.0011152 -0.0021263
 0.0015157 -0.0024634
 0.0013251 -0.0020762
 0.0011870 -0.0016280
 0.0014604 -0.0015484
 0.0012678 -0.0015711
 0.0012787 -0.0014556
 0.0013022 -0.0018775
 0.0012812 -0.0019554
 0.0011108 -0.0021117
 0.0013797 -0.0022264
 0.0012864 -0.0019401
 0.0017269 -0.0018416
 0.0014564 -0.0013285
 0.0014358 -0.0015590
 0.0011645 -0.0015986
 0.0010243 -0.0016732
 0.0007134 -0.0022127
 0.0005766 -0.0024404
 0.0004356 -0.0027428
 0.0006815 -0.0028566
 0.0009314 -0.0027597
 0.0009314 -0.0025671
 0.0012378 -0.0024121
 0.0014882 -0.0023353
 0.0017583 -0.0018949
 0.0014902 -0.0019292
 0.0015875 -0.0013893
 0.0016065 -0.0009646
 0.0013582 -0.0007288
 0.0009387 -0.0005693
 0.0004784 -0.0001227
 0.0004066 -0.0001739
-0.0000492  0.0000405
-0.0003516  0.0004834
-0.0000697  0.0005060
-0.0002990  0.0003518
 0.0001290  0.0002133
 0.0000761  0.0001963
-0.0000010 -0.0002094
-0.0003062 -0.0003298
-0.0009971 -0.0007941
-0.0011146 -0.0011446
-0.0012922 -0.0016481
-0.0014877 -0.0019412
-0.0011671 -0.0021512
-0.0006540 -0.0022081
-0.0000452 -0.0018637
 0.0008144 -0.0021851
 0.0007373 -0.0016885
 0.0009497 -0.0015702
 0.0008717 -0.0008414
 0.0006618 -0.0006319
 0.0006808 -0.0003052
 0.0005633  0.0001332
 0.0005794  0.0002301
 0.0006581  0.0007086
 0.0010566  0.0010199
 0.0008475  0.0016336
 0.0006412  0.0020175
 0.0000477  0.0021350
-0.0003141  0.0025372
-0.0009055  0.0023079
-0.0012701  0.0020188
-0.0013852  0.0018027
-0.0015616  0.0011672
-0.0012750  0.0007033
-0.0013343  0.0000641
-0.0008943  0.0000072
-0.0005729 -0.0001119
-0.0001902 -0.0001741
 0.0004591 -0.0002109
 0.0006274 -0.0000570
 0.0009871  0.0001513
 0.0011167  0.0001125
 0.0014611  0.0004157
 0.0015911  0.0010084
 0.0017429  0.0012204
 0.0017820  0.0020069
 0.0019544  0.0022891
 0.0021309  0.0023484
 0.0023849  0.0023440
 0.0024063  0.0018248
 0.0024862  0.0014037
 0.0022392  0.0008279
 0.0025226  0.0008097
 0.0022327  0.0004282
 0.0021935  0.0007173
 0.0019242  0.0010851
 0.0017885  0.0010512
 0.0017712  0.0013730
 0.0016932  0.0012043
 0.0017292  0.0007819
 0.0018587  0.0005683
 0.0022580 -0.0001423
 0.0029234 -0.0004301
 0.0029605 -0.0008048
 0.0033239 -0.0007244
 0.0033651 -0.0005055
 0.0032182 -0.0002524
 0.0029166  0.0004405
 0.0022298  0.0007897
 0.0017554  0.0014765
 0.0011854  0.0016085
 0.0009375  0.0019719
 0.0009593  0.0015096
 0.0009754  0.0013521
 0.0008620  0.0010848
 0.0010166  0.0008991
 0.0013239  0.0006339
 0.0009823  0.0008277
 0.0010401  0.0005039
 0.0012141  0.0005104
 0.0010401  0.0003013
 0.0012302  0.0003445
 0.0015758  0.0001976
 0.0017688 -0.0000104
 0.0019457 -0.0000410
 0.0020648 -0.0002320
 0.0023749 -0.0001540
 0.0024194 -0.0004456
 0.0023633 -0.0003192
 0.0026519 -0.0001917
 0.0028817 -0.0001239
 0.0035866 -0.0001877
 0.0036754  0.0001542
 0.0041918  0.0005786
 0.0045588  0.0006989
 0.0046738  0.0010441
 0.0046040  0.0013353
 0.0046250  0.0014705
 0.0042827  0.0014495
 0.0037655  0.0013712
 0.0032454  0.0011196
 0.0025522  0.0009077
 0.0019369  0.0005612
 0.0013563  0.0000392
 0.0010890 -0.0000032
 0.0007026 -0.0002156
 0.0006101 -0.0001991
 0.0002637 -0.0000106
 0.0004547 -0.0001075
 0.0002431 -0.0000142
 0.0003182 -0.0001354
 0.0005136 -0.0000397
 0.0008532  0.0004153
 0.0011406  0.0003156
 0.0014204  0.0006030
 0.0016114  0.0007165
 0.0017817  0.0006765
 0.0019529  0.0005623
 0.0020478  0.0005408
 0.0024532  0.0002150
 0.0023199 -0.0000543
 0.0023979  0.0000414
 0.0027834 -0.0002251
 0.0024403 -0.0006300
 0.0024617 -0.0007265
 0.0024641 -0.0009542
 0.0021762 -0.0012429
 0.0019489 -0.0015361
 0.0015089 -0.0019753
 0.0010700 -0.0022850
 0.0012440 -0.0023048
 0.0002876 -0.0024594
 0.0003057 -0.0023864
-0.0000976 -0.0022952
 0.0000356 -0.0022790
-0.0000415 -0.0023400
-0.0001219 -0.0021523
 0.0000860 -0.0019968
 0.0002399 -0.0024034
 0.0006549 -0.0025104
 0.0003864 -0.0023525
 0.0003844 -0.0024631
 0.0008269 -0.0022608
 0.0003129 -0.0019713
 0.0000444 -0.0015808
-0.0002035 -0.0010394
-0.0006015 -0.0008266
-0.0012201 -0.0009206
-0.0016271 -0.0006905
-0.0020692 -0.0008044
-0.0025299 -0.0004991
-0.0025727 -0.0007697
-0.0029732 -0.0008060
-0.0031456 -0.0005807
-0.0031044 -0.0006191
-0.0033366 -0.0008129
-0.0029369 -0.0007337
-0.0027120 -0.0012699
-0.0023688 -0.0014592
-0.0017645 -0.0019357
-0.0011879 -0.0023898
-0.0007640 -0.0027116
-0.0001911 -0.0028089
 0.0004255 -0.0031154
 0.0011954 -0.0030754
 0.0015955 -0.0028885
 0.0025540 -0.0029599
 0.0028048 -0.0024811
 0.0031447 -0.0019021
 0.0035707 -0.0015161
 0.0037039 -0.0007833
 0.0039567 -0.0000323
 0.0037847  0.0010776
 0.0039014  0.0014830
 0.0039220  0.0020373
 0.0037516  0.0022481
 0.0034064  0.0026490
 0.0036769  0.0026272
 0.0031658  0.0025117
 0.0029881  0.0026631
 0.0030697  0.0025121
 0.0026531  0.0022226
 0.0026890  0.0022230
 0.0027714  0.0019864
 0.0021936  0.0017724
 0.0021742  0.0020558
 0.0019626  0.0017469
 0.0016946  0.0016113
 0.0017688  0.0015697
 0.0017878  0.0011312
 0.0017470  0.0010581
 0.0023417  0.0004473
 0.0030548  0.0006044
 0.0036281  0.0003197
 0.0046237  0.0003399
 0.0047561  0.0003783
 0.0050408  0.0008373
 0.0051510  0.0013598
 0.0045138  0.0013182
 0.0040903  0.0017413
 0.0037253  0.0019533
 0.0030749  0.0015165
 0.0025952  0.0015593
 0.0020550  0.0017882
 0.0020929  0.0011184
 0.0019561  0.0008709
 0.0019767  0.0002589
 0.0017639  0.0000683
 0.0021660 -0.0002926
 0.0018983 -0.0003871
 0.0018398 -0.0001356
 0.0018789 -0.0004953
 0.0016161 -0.0002450
 0.0014655 -0.0004165
 0.0011991 -0.0007222
 0.0010873 -0.0005885
 0.0008793 -0.0006091
 0.0011701 -0.0006891
 0.0016727 -0.0004783
 0.0022679 -0.0005954
 0.0029215 -0.0001194
 0.0036742 -0.0000605
 0.0034271 -0.0000258
 0.0033903  0.0002201
 0.0034711  0.0002237
 0.0030100  0.0004175
 0.0024339  0.0005540
 0.0019183  0.0005916
 0.0014601  0.0005177
 0.0007882  0.0004967
 0.0004273  0.0002282
 0.0002722  0.0001164
 0.0000627  0.0003069
-0.0000322 -0.0001315
 0.0000627 -0.0000370
 0.0005977  0.0002702
 0.0008464 -0.0000391
 0.0014386  0.0003655
 0.0017080  0.0002831
 0.0022437  0.0005310
 0.0026632  0.0008944
 0.0025865  0.0011241
 0.0026438  0.0013526
 0.0024133  0.0015819
 0.0019700  0.0017531
 0.0022570  0.0017919
 0.0019853  0.0021948
 0.0019279  0.0022566
 0.0017745  0.0022413
 0.0018900  0.0021831
 0.0016005  0.0021432
 0.0012945  0.0020850
 0.0010409  0.0021848
 0.0005778  0.0018771
 0.0002495  0.0016102
-0.0003630  0.0015570
-0.0004195  0.0015973
-0.0008018  0.0017120
-0.0007461  0.0016724
-0.0006266  0.0018630
-0.0005511  0.0017855
-0.0003395  0.0016635
-0.0001271  0.0017382
-0.0000678  0.0018298
-0.0004146  0.0014406
-0.0004509  0.0014151
-0.0008171  0.0010307
-0.0010663  0.0006225
-0.0011854  0.0002390
-0.0013235 -0.0002052
-0.0010445 -0.0000138
-0.0008362 -0.0000517
-0.0004414  0.0001219
-0.0003465  0.0002741
-0.0000264  0.0007549
 0.0003943  0.0012960
 0.0003229  0.0014696
 0.0004791  0.0012374
 0.0002700  0.0014058
 0.0002559  0.0010424
 0.0001280  0.0010751
-0.0003703  0.0009774
-0.0004021  0.0006657
-0.0007037  0.0002215
-0.0005099  0.0002724
-0.0004481  0.0000006
-0.0000027 -0.0000785
-0.0000593  0.0001827
-0.0000168  0.0004520
-0.0002086  0.0005618
-0.0004622  0.0004071
-0.0011357  0.0006789
-0.0013137  0.0009296
-0.0014304  0.0010305
-0.0013784  0.0007520
-0.0014381  0.0009878
-0.0011305  0.0013016
-0.0013606  0.0012293
-0.0013227  0.0011910
-0.0006863  0.0010012
-0.0010053  0.0005442
-0.0009859  0.0007723
-0.0005842  0.0006589
-0.0005801  0.0004671
-0.0007162  0.0007166
-0.0008345  0.0005091
-0.0007788  0.0004126
-0.0006464  0.0000888
-0.0003783 -0.0005249
-0.0000920 -0.0014483
 0.0001732 -0.0023701
 0.0007530 -0.0034222
 0.0009448 -0.0041905
 0.0014797 -0.0044191
 0.0018451 -0.0047251
 0.0020559 -0.0043020
 0.0021883 -0.0042446
 0.0019598 -0.0042616
 0.0019784 -0.0040504
 0.0019017 -0.0037803
 0.0020741 -0.0041012
 0.0021899 -0.0042749
 0.0022469 -0.0043314
 0.0023817 -0.0042826
 0.0021467 -0.0040665
 0.0017922 -0.0032817
 0.0011579 -0.0031827
 0.0005958 -0.0025634
 0.0000350 -0.0022367
-0.0005605 -0.0018467
-0.0009259 -0.0017663
-0.0012727 -0.0014425
-0.0021755 -0.0010771
-0.0017718 -0.0008635
-0.0021933 -0.0007142
-0.0019240 -0.0004057
-0.0019611 -0.0003681
-0.0015780 -0.0002167
-0.0010814 -0.0002200
-0.0009259 -0.0001804
-0.0003320 -0.0005987
-0.0001039 -0.0006544
 0.0003568 -0.0005579
 0.0013157 -0.0009127
 0.0018159 -0.0006995
 0.0022205 -0.0005445
 0.0027175 -0.0005590
 0.0028511 -0.0004997
 0.0032702  0.0000167
 0.0031737  0.0004754
 0.0031915  0.0004940
 0.0029973  0.0007766
 0.0029948  0.0005250
 0.0028026  0.0008298
 0.0029419  0.0005573
 0.0028620  0.0002100
 0.0027837 -0.0000237
 0.0027618 -0.0004065
 0.0027837 -0.0004989
 0.0025919 -0.0005349
 0.0024813 -0.0006685
 0.0025843 -0.0009148
 0.0020513 -0.0011518
 0.0022327 -0.0013860
 0.0019699 -0.0019299
 0.0019909 -0.0018580
 0.0021471 -0.0023018
 0.0017470 -0.0027447
 0.0019384 -0.0028618
 0.0018476 -0.0032796
 0.0019053 -0.0035655
 0.0020822 -0.0033143
 0.0024451 -0.0029594
 0.0025994 -0.0028798
 0.0030229 -0.0026089
 0.0027153 -0.0025483
 0.0022130 -0.0019363
 0.0016744 -0.0016904
 0.0010050 -0.0009435
 0.0003186 -0.0011389
-0.0003161 -0.0009722
-0.0013840 -0.0011462
-0.0016549 -0.0014127
-0.0019250 -0.0015092
-0.0017522 -0.0016004
-0.0019876 -0.0016941
-0.0018164 -0.0018434
-0.0021092 -0.0025891
-0.0018811 -0.0028750
-0.0018258 -0.0031055
-0.0020381 -0.0034717
-0.0018084 -0.0034144
-0.0013102 -0.0030127
-0.0009856 -0.0027660
-0.0007207 -0.0021168
-0.0002366 -0.0016577
-0.0002584 -0.0017018
-0.0004684 -0.0007861
-0.0002350 -0.0007679
-0.0007167 -0.0006396
-0.0009827 -0.0007797
-0.0012076 -0.0011290
-0.0015706 -0.0012238
-0.0020102 -0.0014944
-0.0020449 -0.0021646
-0.0023546 -0.0026232
-0.0026074 -0.0027007
-0.0027204 -0.0033883
-0.0027261 -0.0034654
-0.0028828 -0.0030048
-0.0027092 -0.0037517
-0.0033257 -0.0034876
-0.0033043 -0.0034146
-0.0038376 -0.0037792
-0.0036834 -0.0039532
-0.0036317 -0.0037485
-0.0034254 -0.0037647
-0.0034727 -0.0032252
-0.0030396 -0.0026269
-0.0030965 -0.0023490
-0.0029830 -0.0017470
-0.0029596 -0.0013231
-0.0029733 -0.0010856
-0.0030108 -0.0000516
-0.0029284 -0.0000141
-0.0029268  0.0004449
-0.0027532  0.0009783
-0.0022719  0.0009799
-0.0025429  0.0013255
-0.0023341  0.0021322
-0.0018157  0.0022719
-0.0018141  0.0025186
-0.0016788  0.0030003
-0.0015613  0.0029825
-0.0017103  0.0032320
-0.0014773  0.0030382
-0.0014733  0.0025396
-0.0012790  0.0021012
-0.0009702  0.0019808
-0.0007759  0.0013473
-0.0001049  0.0011782
 0.0000852  0.0011168
 0.0005830  0.0006182
 0.0006949  0.0005390
 0.0009561  0.0004025
 0.0011293  0.0000933
 0.0011268  0.0002273
 0.0016791  0.0004950
 0.0014268  0.0005564
 0.0013460  0.0009581
 0.0012495  0.0008999
 0.0009572  0.0007691
 0.0008958  0.0012476
 0.0005477  0.0012270
 0.0002748  0.0008273
 0.0006147  0.0010385
 0.0005792  0.0006916
 0.0004048  0.0006561
 0.0004027  0.0005071
 0.0002477  0.0002383
-0.0001310  0.0000444
-0.0002852  0.0000485
-0.0007217 -0.0001606
-0.0013547 -0.0006003
-0.0012352 -0.0008668
-0.0017859 -0.0016104
-0.0018016 -0.0020299
-0.0016490 -0.0021042
-0.0018004 -0.0026985
-0.0013207 -0.0026032
-0.0009529 -0.0027348
-0.0008015 -0.0031019
-0.0007640 -0.0031967
-0.0003231 -0.0033151
 0.0002519 -0.0033910
 0.0003649 -0.0033159
 0.0007081 -0.0031653
 0.0008082 -0.0027426
 0.0009972 -0.0022621
 0.0006507 -0.0017275
 0.0004218 -0.0015600
 0.0002313 -0.0009116
-0.0003251 -0.0012419
-0.0007075 -0.0013194
-0.0008605 -0.0017995
-0.0009533 -0.0022622
-0.0010861 -0.0020179
-0.0012804 -0.0025351
-0.0006820 -0.0025772
-0.0007369 -0.0026115
-0.0004264 -0.0021149
-0.0000041 -0.0018443
 0.0002285 -0.0014006
 0.0005935 -0.0006149
 0.0004586 -0.0001748
 0.0005160  0.0001708
 0.0006294  0.0004352
 0.0009710  0.0008592
 0.0013937  0.0008587
 0.0014639  0.0010316
 0.0015204  0.0011289
 0.0015757  0.0009226
 0.0014760  0.0010986
 0.0013646  0.0011217
 0.0011563  0.0010696
 0.0009265  0.0013825
 0.0004897  0.0013470
 0.0002975  0.0014823
-0.0000602  0.0014831
-0.0003279  0.0012481
-0.0007473  0.0009594
-0.0010646  0.0006477
-0.0013113  0.0002460
-0.0017118 -0.0004287
-0.0017861 -0.0011550
-0.0018095 -0.0014437
-0.0015604 -0.0017477
-0.0017748 -0.0017296
-0.0015310 -0.0013670
-0.0010877 -0.0010997
-0.0013570 -0.0009108
-0.0012996 -0.0007784
-0.0010291 -0.0000512
-0.0007764 -0.0002442
-0.0005503  0.0001332
-0.0003383  0.0005160
 0.0002378  0.0006319
 0.0002552  0.0013384
 0.0005972  0.0019356
 0.0009997  0.0023991
 0.0006912  0.0028779
 0.0008620  0.0027814
 0.0011091  0.0025703
 0.0008826  0.0020341
 0.0010554  0.0017833
 0.0008875  0.0012597
 0.0006771  0.0007614
 0.0007550  0.0006145
 0.0003759  0.0001877
 0.0005326  0.0001159
 0.0004765 -0.0001300
 0.0003037 -0.0001469
 0.0002690 -0.0003746
 0.0002484 -0.0006262
 0.0002868 -0.0010077
 0.0005702 -0.0013129
 0.0008172 -0.0013860
 0.0009117 -0.0016896
 0.0011568 -0.0015358
 0.0017325 -0.0013210
 0.0013147 -0.0007658
 0.0013716 -0.0004222
 0.0012783 -0.0005191
 0.0005899 -0.0002317
 0.0001450  0.0001684
-0.0000480  0.0004777
-0.0003540  0.0007507
-0.0006988  0.0008500
-0.0007727  0.0013317
-0.0011340  0.0017165
-0.0011696  0.0024803
-0.0018208  0.0029547
-0.0018377  0.0036613
-0.0021438  0.0036770
-0.0020477  0.0040371
-0.0019496  0.0035558
-0.0017356  0.0035401
-0.0016035  0.0031525
-0.0016246  0.0025812
-0.0014526  0.0019845
-0.0013960  0.0015803
-0.0012685  0.0013914
-0.0008692  0.0007542
-0.0006447  0.0007716
-0.0002665  0.0010986
 0.0000359  0.0011753
 0.0004417  0.0010792
 0.0004154  0.0017523
 0.0003969  0.0018113
 0.0003807  0.0020442
 0.0000545  0.0019506
-0.0001179  0.0021807
 0.0001175  0.0021428
 0.0000779  0.0022796
-0.0003048  0.0023523
-0.0003605  0.0020257
-0.0002277  0.0023543
-0.0001308  0.0023531
 0.0000812  0.0021432
 0.0003331  0.0020685
 0.0003747  0.0019357
 0.0007983  0.0015686
 0.0012638  0.0012279
 0.0015133  0.0012469
 0.0014156  0.0013050
 0.0013906  0.0011302
 0.0014450  0.0014181
 0.0011305  0.0013966
 0.0012378  0.0017600
 0.0013295  0.0014334
 0.0012503  0.0013999
 0.0011893  0.0012275
 0.0014934  0.0007495
 0.0015907  0.0006187
 0.0015927  0.0005214
 0.0013428  0.0004257
 0.0012289  0.0004636
 0.0010743  0.0008068
 0.0009616  0.0009739
 0.0007670  0.0012367
 0.0012075  0.0016501
 0.0012793  0.0019541
 0.0016580  0.0021059
 0.0020400  0.0025282
 0.0017384  0.0023550
 0.0021034  0.0020874
 0.0017025  0.0018048
 0.0015729  0.0015185
 0.0017304  0.0010603
 0.0018075  0.0007559
 0.0020393  0.0006028
 0.0023053  0.0004300
 0.0028782  0.0005649
 0.0031879  0.0004510
 0.0034729  0.0007417
 0.0039352  0.0011055
 0.0038400  0.0013183
 0.0042251  0.0018961
 0.0038016  0.0020083
 0.0038993  0.0024706
 0.0037108  0.0024722
 0.0034811  0.0025667
 0.0030442  0.0026220
 0.0031262  0.0022756
 0.0028949  0.0022736
 0.0021689  0.0021977
 0.0018039  0.0016764
 0.0016521  0.0013167
 0.0010179  0.0011657
 0.0005414  0.0002464
 0.0003162 -0.0007323
 0.0004700 -0.0012459
 0.0006110 -0.0016561
 0.0004559 -0.0022908
 0.0010680 -0.0020397
 0.0012375 -0.0022743
 0.0016174 -0.0021047
 0.0022852 -0.0015265
 0.0024552 -0.0011099
 0.0026829 -0.0008269
 0.0030604 -0.0002354
 0.0036732  0.0005866
 0.0039962  0.0009136
 0.0044157  0.0016432
 0.0045667  0.0019323
 0.0043794  0.0022424
 0.0042619  0.0027100
 0.0042284  0.0027140
 0.0040580  0.0028497
 0.0042300  0.0029519
 0.0041376  0.0030674
 0.0037783  0.0028937
 0.0032429  0.0028546
 0.0028614  0.0025251
 0.0024625  0.0020261
 0.0022736  0.0016199
 0.0017192  0.0009646
 0.0015109  0.0003682
 0.0014511  0.0003295
 0.0016441 -0.0001328
 0.0019736 -0.0003811
 0.0024516  0.0001203
 0.0023588  0.0001991
 0.0029337  0.0003525
 0.0031081  0.0008721
 0.0032656  0.0005249
 0.0035572  0.0009266
 0.0037300  0.0010740
 0.0037130  0.0008155
 0.0036706  0.0010646
 0.0034966  0.0010206
 0.0028970  0.0008094
 0.0026600  0.0006738
 0.0023531  0.0006762
 0.0021246  0.0007941
 0.0025279  0.0006786
 0.0020301  0.0009625
 0.0017867  0.0009951
 0.0019018  0.0011643
 0.0019829  0.0008691
 0.0019474  0.0006975
 0.0021739  0.0007157
 0.0026156  0.0008138
 0.0027578  0.0004747
 0.0030206  0.0001731
 0.0029418  0.0003169
 0.0025567 -0.0000267
 0.0030730 -0.0003060
 0.0028021 -0.0002091
 0.0026705 -0.0002297
 0.0029002 -0.0001106
 0.0029010 -0.0002322
 0.0027464  0.0003642
 0.0025978  0.0000896
 0.0024230  0.0005329
 0.0023665  0.0003395
 0.0021553  0.0005899
 0.0018695  0.0007433
 0.0017132  0.0011131
 0.0012134  0.0013049
 0.0006393  0.0015762
-0.0000524  0.0020192
-0.0007960  0.0019057
-0.0013516  0.0020365
-0.0019851  0.0022118
-0.0024433  0.0022848
-0.0029222  0.0022424
-0.0029254  0.0023187
-0.0029254  0.0023744
-0.0026226  0.0022375
-0.0022270  0.0023324
-0.0021923  0.0021766
-0.0018677  0.0022525
-0.0018891  0.0024600
-0.0019488  0.0024971
-0.0015669  0.0026699
-0.0014753  0.0025714
-0.0017058  0.0025742
-0.0013069  0.0021935
-0.0009464  0.0025811
-0.0007389  0.0022791
-0.0005463  0.0021310
-0.0007236  0.0024011
-0.0008887  0.0018145
-0.0008112  0.0016235
-0.0007332  0.0010498
-0.0007090  0.0008189
-0.0007849  0.0006218
-0.0004990  0.0005814
-0.0005204  0.0006182
-0.0005843  0.0011903
-0.0007623  0.0014002
-0.0008588  0.0012060
-0.0015000  0.0013202
-0.0012497  0.0009924
-0.0013248  0.0004732
-0.0009606  0.0002228
-0.0006356 -0.0003541
-0.0001814 -0.0007728
 0.0003370 -0.0007930
 0.0007783 -0.0009056
 0.0007605 -0.0008814
 0.0011614 -0.0009012
 0.0013895 -0.0002293
 0.0014646 -0.0000775
 0.0018074  0.0005168
 0.0014469  0.0008793
 0.0008538  0.0008377
 0.0012583  0.0008345
 0.0008050  0.0011042
 0.0005559  0.0013549
 0.0002155  0.0010105
-0.0002044  0.0006096
-0.0004151  0.0008257
-0.0004527  0.0006800
-0.0006222  0.0000691
-0.0007583  0.0005104
-0.0010664  0.0000311
-0.0008172 -0.0002414
-0.0008770 -0.0006109
-0.0011891 -0.0011564
-0.0011463 -0.0017963
-0.0012622 -0.0017798
-0.0014350 -0.0019030
-0.0012428 -0.0020592
-0.0007474 -0.0017326
-0.0006324 -0.0016155
-0.0005383 -0.0012663
-0.0004236 -0.0007422
-0.0005193 -0.0007405
-0.0006901 -0.0008152
-0.0007656 -0.0008875
-0.0007079 -0.0009799
-0.0009921 -0.0013824
-0.0010882 -0.0016473
-0.0012920 -0.0017648
-0.0012133 -0.0012593
-0.0010401 -0.0009916
-0.0011268 -0.0008373
-0.0009359 -0.0003803
-0.0005676  0.0000008
-0.0006609  0.0000969
-0.0004114  0.0004013
-0.0001792 -0.0001785
 0.0001103 -0.0002568
 0.0000522 -0.0008140
 0.0006667 -0.0016582
 0.0005540 -0.0020257
 0.0012981 -0.0021181
 0.0017770 -0.0022146
 0.0018520 -0.0021795
 0.0026155 -0.0017390
 0.0033810 -0.0014713
 0.0032990 -0.0012997
 0.0036947 -0.0006634
 0.0039215 -0.0004304
 0.0036639 -0.0000836
 0.0035428  0.0004954
 0.0028866  0.0009767
 0.0025992  0.0010154
 0.0021785  0.0011684
 0.0015660  0.0007651
 0.0008627  0.0007114
 0.0009378  0.0001216
 0.0004271 -0.0003916
-0.0000707 -0.0006391
-0.0000695 -0.0007307
-0.0005471 -0.0008070
-0.0012565 -0.0012083
-0.0013720 -0.0010169
-0.0015815 -0.0014760
-0.0018892 -0.0011134
-0.0018137 -0.0011538
-0.0019114 -0.0014033
-0.0017580 -0.0011546
-0.0016837 -0.0014046
-0.0016284 -0.0013468
-0.0018755 -0.0008131
-0.0019324 -0.0008123
-0.0020858 -0.0003738
-0.0021089  0.0000271
-0.0018387  0.0000238
-0.0019151  0.0000247
-0.0012671  0.0004272
-0.0010151  0.0005423
-0.0009364  0.0008152
-0.0008419  0.0010672
-0.0011088  0.0010498
-0.0011431  0.0006340
-0.0009517  0.0006925
-0.0010029  0.0006348
-0.0010207  0.0005338
-0.0006388  0.0008019
-0.0005406  0.0009295
-0.0002172  0.0015209
-0.0000279  0.0020329
 0.0000662  0.0020518
 0.0003100  0.0028565
 0.0003996  0.0032013
 0.0004969  0.0028008
 0.0006067  0.0029434
 0.0006228  0.0028291
 0.0006794  0.0023874
 0.0006987  0.0020628
 0.0013488  0.0017923
 0.0014444  0.0013853
 0.0018256  0.0014406
 0.0018829  0.0014757
 0.0016948  0.0013808
 0.0012935  0.0014781
 0.0010839  0.0013271
 0.0005494  0.0013082
 0.0004129  0.0015787
-0.0000462  0.0010950
 0.0002793  0.0010203
 0.0001189  0.0008249
 0.0005247  0.0007639
 0.0002546  0.0004348
 0.0003305  0.0003165
 0.0002158 -0.0004684
 0.0004533 -0.0008313
 0.0003564 -0.0009250
 0.0006301 -0.0014987
 0.0010375 -0.0016699
 0.0013662 -0.0011680
 0.0013715 -0.0011301
 0.0015496 -0.0012427
 0.0015096 -0.0012855
 0.0015116 -0.0014369
 0.0012976 -0.0012270
 0.0014700 -0.0014939
 0.0014874 -0.0014418
 0.0017134 -0.0013255
 0.0018273 -0.0008095
 0.0018434 -0.0006024
 0.0017449 -0.0003711
 0.0017820 -0.0000453
 0.0012071 -0.0002003
 0.0007654  0.0000880
 0.0001739 -0.0001607
-0.0002229 -0.0006020
-0.0007207 -0.0005641
-0.0006783 -0.0010421
-0.0009630 -0.0012355
-0.0011180 -0.0012698
-0.0012702 -0.0012096
-0.0013671 -0.0011474
-0.0014289 -0.0007227
-0.0016421 -0.0006044
-0.0020083 -0.0009681
-0.0020935 -0.0002959
-0.0020189 -0.0007202
-0.0015832 -0.0006088
-0.0012623 -0.0004772
-0.0007039 -0.0004570
-0.0000668 -0.0004990
 0.0005873  0.0000775
 0.0009200 -0.0000210
 0.0011708  0.0000218
 0.0015007  0.0004223
 0.0017728  0.0005362
 0.0018103  0.0006726
 0.0017538  0.0013045
 0.0013743  0.0012084
 0.0007618  0.0017070
 0.0004776  0.0020724
 0.0000384  0.0023220
-0.0002265  0.0026861
-0.0002297  0.0027229
 0.0001563  0.0025117
 0.0006169  0.0021706
 0.0013651  0.0019574
 0.0014455  0.0015767
 0.0019885  0.0019251
 0.0018335  0.0017539
 0.0017971  0.0016772
 0.0015646  0.0014446
 0.0016356  0.0014628
 0.0012868  0.0011398
 0.0017389  0.0011386
 0.0018305  0.0010486
 0.0016371  0.0013365
 0.0020562  0.0016268
 0.0016347  0.0016070
 0.0013686  0.0016453
 0.0016731  0.0020669
 0.0013299  0.0016813
 0.0008857  0.0017608
 0.0012108  0.0017208
 0.0006919  0.0016256
 0.0003294  0.0016421
 0.0004230  0.0016041
 0.0001558  0.0013575
 0.0005216  0.0012202
 0.0006342  0.0010115
 0.0005587  0.0009690
 0.0005014  0.0005835
 0.0007360  0.0003489
 0.0012564 -0.0001720
 0.0015088 -0.0005213
 0.0019929 -0.0008112
 0.0023450 -0.0012525
 0.0027310 -0.0010590
 0.0029276 -0.0008624
 0.0026632 -0.0004405
 0.0027056 -0.0001130
 0.0025134  0.0002528
 0.0021900  0.0005915
 0.0022041  0.0012044
 0.0016284  0.0012378
 0.0013175  0.0016036
 0.0011180  0.0012972
 0.0006928  0.0013562
 0.0006916  0.0011676
 0.0001267  0.0012109
-0.0000077  0.0010417
-0.0006606  0.0009513
-0.0009105  0.0007991
-0.0010974  0.0001668
-0.0014438 -0.0003528
-0.0016740 -0.0009286
-0.0018645 -0.0014098
-0.0016348 -0.0021212
-0.0017143 -0.0023567
-0.0015613 -0.0023769
-0.0013514 -0.0024511
-0.0014075 -0.0019953
-0.0007357 -0.0020696
-0.0005616 -0.0018313
-0.0003150 -0.0015608
-0.0004025 -0.0013799
-0.0003024 -0.0011659
-0.0006617 -0.0003410
-0.0011942 -0.0004586
-0.0014393  0.0001002
-0.0019193 -0.0000052
-0.0023194 -0.0004852
-0.0022657 -0.0008288
-0.0021919 -0.0010630
-0.0018471 -0.0016537
-0.0015447 -0.0014821
-0.0013715 -0.0013646
-0.0014272 -0.0015168
-0.0011046 -0.0010763
-0.0011422 -0.0011736
-0.0010303 -0.0009217
-0.0008608 -0.0008264
-0.0009557 -0.0005991
-0.0009185 -0.0004057
-0.0008802  0.0000744
-0.0007392  0.0000744
-0.0011409  0.0002060
-0.0012544 -0.0000621
-0.0012734 -0.0001215
-0.0013654 -0.0002882
-0.0011159 -0.0009406
-0.0013436 -0.0015007
-0.0005958 -0.0015213
-0.0000003 -0.0019250
 0.0000756 -0.0016626
 0.0004373 -0.0015689
 0.0008786 -0.0016287
 0.0011302 -0.0015718
 0.0016280 -0.0013986
 0.0014382 -0.0016691
 0.0017455 -0.0016295
 0.0018053 -0.0015128
 0.0014798 -0.0015916
 0.0014427 -0.0014910
 0.0009271 -0.0009726
 0.0007019 -0.0005172
 0.0000325 -0.0006121
-0.0004101 -0.0003073
-0.0006527 -0.0006141
-0.0004613 -0.0007336
-0.0002514 -0.0012088
-0.0002514 -0.0014051
 0.0003434 -0.0014047
 0.0005719 -0.0013065
 0.0007794 -0.0014043
 0.0009873 -0.0010590
 0.0011738 -0.0008677
 0.0012299 -0.0009052
 0.0012251 -0.0009799
 0.0014515 -0.0011672
 0.0014681 -0.0012964
 0.0018076 -0.0013129
 0.0020975 -0.0011571
 0.0023127 -0.0011555
 0.0029619 -0.0003479
 0.0028666  0.0001285
 0.0024884  0.0007950
 0.0018202  0.0010425
 0.0011269  0.0018039
 0.0002835  0.0015649
-0.0000585  0.0018148
-0.0005002  0.0013093
-0.0006903  0.0005967
-0.0006742 -0.0000380
-0.0010400 -0.0011310
-0.0010214 -0.0021472
-0.0009092 -0.0027964
-0.0011571 -0.0034852
-0.0011010 -0.0037917
-0.0004889 -0.0038268
-0.0005668 -0.0037945
 0.0000073 -0.0031816
 0.0004066 -0.0026463
 0.0008503 -0.0022663
 0.0011959 -0.0017269
 0.0015218 -0.0011120
 0.0011774 -0.0007466
 0.0011027 -0.0003215
 0.0007175 -0.0001697
 0.0002576  0.0003088
 0.0000448  0.0004989
-0.0004356  0.0004816
-0.0011636  0.0003471
-0.0008761  0.0004081
-0.0007178  0.0001473
-0.0008490 -0.0000981
-0.0003310 -0.0002644
-0.0000189 -0.0007021
 0.0000574 -0.0009492
 0.0002113 -0.0011987
 0.0006929 -0.0016791
 0.0004995 -0.0016598
 0.0010390 -0.0014902
 0.0013244 -0.0014910
 0.0013615 -0.0013202
 0.0017427 -0.0013998
 0.0016078 -0.0011874
 0.0019901 -0.0010901
 0.0022946 -0.0007820
 0.0027565 -0.0010550
 0.0032886 -0.0003827
 0.0034012  0.0001732
 0.0031307  0.0006096
 0.0028598  0.0009169
 0.0024705  0.0012790
 0.0018923  0.0016247
 0.0012144  0.0018176
 0.0008684  0.0020692
 0.0002902  0.0018209
 0.0001372  0.0016493
-0.0000174  0.0012451
 0.0002353  0.0010154
 0.0003831  0.0005547
 0.0007497  0.0006670
 0.0010339  0.0004934
 0.0014199  0.0004530
 0.0017017  0.0003746
 0.0019132  0.0000258
 0.0022254 -0.0003437
 0.0022254 -0.0005585
 0.0022113 -0.0003542
 0.0022125 -0.0008804
 0.0023130 -0.0008469
 0.0023110 -0.0009450
 0.0020227 -0.0008736
 0.0021943 -0.0004904
 0.0019258 -0.0005832
 0.0016190 -0.0002311
 0.0012927  0.0000987
 0.0008914  0.0004529
 0.0004889  0.0005930
 0.0000109  0.0006391
-0.0003901  0.0006056
-0.0006371  0.0009750
-0.0010562  0.0009008
-0.0011486  0.0008814
-0.0014381  0.0013416
-0.0016126  0.0010526
-0.0014422  0.0010287
-0.0016962  0.0007021
-0.0018298  0.0005438
-0.0017523 -0.0001462
-0.0017696 -0.0005504
-0.0013853 -0.0008790
-0.0008281 -0.0013195
-0.0001975 -0.0013046
-0.0001821 -0.0012683
 0.0006597 -0.0010377
 0.0009835 -0.0005391
 0.0006770  0.0001727
 0.0005450  0.0007864
-0.0002391  0.0014768
-0.0008318  0.0014760
-0.0013841  0.0013617
-0.0019570  0.0010598
-0.0022045  0.0008082
-0.0020123  0.0003512
-0.0017430  0.0002596
-0.0019125 -0.0002976
-0.0016485 -0.0004147
-0.0013808 -0.0002225
-0.0012662 -0.0003933
-0.0007922 -0.0005657
-0.0006210 -0.0004094
-0.0003315 -0.0004494
-0.0000630 -0.0005794
 0.0002479 -0.0008087
 0.0002112 -0.0001542
 0.0003452 -0.0000553
 0.0002503 -0.0003064
 0.0001595 -0.0002297
 0.0000202 -0.0000791
-0.0000141 -0.0001769
-0.0001675 -0.0004062
 0.0006186 -0.0004494
 0.0007554 -0.0005830
 0.0012577 -0.0006989
 0.0014342 -0.0013292
 0.0013026 -0.0012928
 0.0013652 -0.0016550
 0.0011205 -0.0020026
 0.0007410 -0.0018314
 0.0009740 -0.0019477
 0.0011101 -0.0020483
 0.0008271 -0.0018985
 0.0008093 -0.0016337
 0.0011525 -0.0010967
 0.0012490 -0.0007515
 0.0013414 -0.0001358
 0.0012594  0.0003479
 0.0011807  0.0009261
 0.0013701  0.0012948
 0.0014455  0.0010142
 0.0012114  0.0009569
 0.0013821  0.0005225
 0.0018993 -0.0000327
 0.0019385 -0.0001259
 0.0020721 -0.0005062
 0.0021291 -0.0007541
 0.0023192 -0.0005862
 0.0025288 -0.0003436
 0.0025073 -0.0003658
 0.0023317 -0.0001619
 0.0025618  0.0000290
 0.0025800  0.0002159
 0.0025800  0.0006976
 0.0026567  0.0006980
 0.0025804  0.0012734
 0.0026608  0.0017389
 0.0028158  0.0019541
 0.0022982  0.0022440
 0.0022025  0.0024370
 0.0024747  0.0021883
 0.0022066  0.0018443
 0.0025885  0.0017325
 0.0031998  0.0014083
 0.0032551  0.0009840
 0.0035772  0.0010243
 0.0040537  0.0001854
 0.0038001  0.0001083
 0.0039078  0.0000162
 0.0038881 -0.0005732
 0.0034031 -0.0008025
 0.0039619 -0.0011445
 0.0039236 -0.0015071
 0.0039425 -0.0013512
 0.0041186 -0.0012769
 0.0042232 -0.0015991
 0.0038647 -0.0010443
 0.0038518 -0.0006979
 0.0033052 -0.0006051
 0.0028526  0.0003534
 0.0027965  0.0006809
 0.0024166  0.0014084
 0.0017097  0.0017903
 0.0018235  0.0019854
 0.0010326  0.0018844
 0.0005133  0.0018638
 0.0000454  0.0018085
-0.0002478  0.0017677
-0.0007133  0.0014427
-0.0007380  0.0014439
-0.0009483  0.0011173
-0.0005487  0.0012352
-0.0003218  0.0006183
-0.0001692  0.0004055
 0.0000594  0.0002735
 0.0003678 -0.0007617
 0.0010009 -0.0007803
 0.0016356 -0.0011263
 0.0023260 -0.0011824
 0.0025037 -0.0011631
 0.0030003 -0.0004694
 0.0032938 -0.0003543
 0.0033128 -0.0000665
 0.0034638  0.0007362
 0.0037517  0.0013313
 0.0031986  0.0016724
 0.0033084  0.0020532
 0.0027508  0.0021048
 0.0025800  0.0020459
 0.0025025  0.0015658
 0.0024254  0.0010643
 0.0024637  0.0006251
 0.0025416  0.0005451
 0.0023119  0.0003905
 0.0024625  0.0005031
 0.0025784  0.0002705
 0.0025400  0.0001918
 0.0028428 -0.0001534
 0.0031040 -0.0004013
 0.0032578 -0.0003662
 0.0033862 -0.0002867
 0.0034790 -0.0005547
 0.0034423 -0.0004235
 0.0031560 -0.0005221
 0.0030979 -0.0001979
 0.0025864  0.0000452
 0.0021455  0.0000988
 0.0017991  0.0004816
 0.0010852  0.0006499
 0.0010663  0.0010351
 0.0005293  0.0013270
-0.0001619  0.0013662
-0.0001026  0.0013933
-0.0003525  0.0009161
-0.0006932  0.0008616
-0.0005790  0.0003501
-0.0004817 -0.0002640
-0.0004615 -0.0003730
-0.0004780 -0.0004836
-0.0006803 -0.0009980
-0.0010174 -0.0009951
-0.0010896 -0.0008437
-0.0011396 -0.0013601
-0.0009995 -0.0014805
-0.0010193 -0.0013836
-0.0008626 -0.0017328
-0.0005953 -0.0016182
-0.0000628 -0.0014829
 0.0000539 -0.0014256
 0.0006853 -0.0010028
 0.0008912 -0.0009286
 0.0009881 -0.0006439
 0.0008557 -0.0005462
 0.0005303 -0.0006254
 0.0003636 -0.0008377
 0.0004617 -0.0004711
 0.0004843 -0.0005087
-0.0002796 -0.0003189
-0.0000906 -0.0002039
-0.0003030 -0.0003569
-0.0005521 -0.0011668
-0.0005339 -0.0012435
 0.0000579 -0.0016291
 0.0001932 -0.0018839
 0.0002881 -0.0019065
 0.0006902 -0.0019045
 0.0004766 -0.0017070
 0.0007043 -0.0016085
 0.0005274 -0.0014688
 0.0002997 -0.0015761
 0.0004124 -0.0017675
 0.0000466 -0.0016129
-0.0002780 -0.0015907
-0.0004105 -0.0015709
-0.0006567 -0.0014328
-0.0003911 -0.0013322
-0.0000285 -0.0009285
-0.0000467 -0.0006018
-0.0000269 -0.0004670
 0.0005658  0.0001875
 0.0001798  0.0003207
-0.0001868  0.0006680
-0.0001707  0.0008238
-0.0006507  0.0006308
-0.0007335  0.0006894
-0.0002769  0.0006522
-0.0002620  0.0000155
 0.0000448  0.0000777
 0.0007893  0.0000002
 0.0008467 -0.0004811
 0.0011592 -0.0006167
 0.0016021 -0.0006753
 0.0012383 -0.0008481
 0.0016211 -0.0010383
 0.0015642 -0.0008259
 0.0013914 -0.0008238
 0.0017753 -0.0005352
 0.0017967 -0.0001871
 0.0018359  0.0000995
 0.0021480 -0.0001141
 0.0019397  0.0000369
 0.0016761 -0.0001799
 0.0018340 -0.0002813
 0.0019636  0.0000809
 0.0020807  0.0003990
 0.0021174  0.0006481
 0.0018816  0.0012057
 0.0018638  0.0016082
 0.0018275  0.0015174
 0.0017661  0.0014815
 0.0016135  0.0016159
 0.0020366  0.0015396
 0.0019215  0.0014605
 0.0015380  0.0014168
 0.0011693  0.0009888
 0.0005286  0.0011152
 0.0001232  0.0010142
-0.0000161  0.0009132
-0.0004038  0.0008329
-0.0003315  0.0006189
-0.0002580  0.0007348
-0.0001567  0.0007315
 0.0000363  0.0004800
 0.0006512  0.0007832
 0.0008818 -0.0000021
 0.0016336  0.0001105
 0.0018225  0.0001113
 0.0018847  0.0000528
 0.0026510  0.0001327
 0.0023268  0.0005559
 0.0022711  0.0008256
 0.0022320  0.0014405
 0.0019986  0.0018422
 0.0018666  0.0020772
 0.0020955  0.0024814
 0.0017470  0.0027717
 0.0014838  0.0026227
 0.0013918  0.0027164
 0.0008944  0.0026174
 0.0003776  0.0023255
 0.0002403  0.0018390
 0.0003521  0.0017743
 0.0000222  0.0015995
-0.0000169  0.0012890
-0.0001522  0.0010726
-0.0002495  0.0009938
-0.0003472  0.0009938
-0.0002116  0.0008775
-0.0001732  0.0013011
 0.0001930  0.0014957
 0.0005386  0.0018599
 0.0012129  0.0022648
 0.0014608  0.0024974
 0.0020002  0.0029581
 0.0027459  0.0027696
 0.0030907  0.0027756
 0.0028783  0.0025463
 0.0029320  0.0025730
 0.0026054  0.0023869
 0.0020874  0.0025197
 0.0020090  0.0022908
 0.0018148  0.0027333
 0.0012019  0.0024999
 0.0012931  0.0023700
 0.0015629  0.0016396
 0.0016045  0.0013699
 0.0018734  0.0009669
 0.0021257  0.0003359
 0.0023353  0.0000347
 0.0024112 -0.0004058
 0.0024895 -0.0007526
 0.0025060 -0.0005564
 0.0024273 -0.0005362
 0.0021770 -0.0002862
 0.0019993 -0.0004360
 0.0019948  0.0003888
 0.0015676  0.0010801
 0.0016584  0.0020273
 0.0015773  0.0024657
 0.0012890  0.0027903
 0.0016108  0.0032094
 0.0012974  0.0032449
 0.0013135  0.0033212
 0.0011730  0.0031121
 0.0010490  0.0029232
 0.0009917  0.0024843
 0.0003780  0.0024339
 0.0000707  0.0020322
-0.0004016  0.0016292
-0.0003608  0.0012481
-0.0004339  0.0007075
-0.0006741 -0.0000229
-0.0004649 -0.0001816
-0.0005759 -0.0006819
-0.0006700 -0.0011405
-0.0005776 -0.0010242
-0.0008856 -0.0010392
-0.0014375 -0.0010529
-0.0015910 -0.0014497
-0.0015279 -0.0011227
-0.0013882 -0.0012188
-0.0015743 -0.0010823
-0.0015307 -0.0008227
-0.0011451 -0.0004581
-0.0006630 -0.0001537
-0.0005088 -0.0000629
-0.0003380  0.0003215
-0.0001487  0.0003037
-0.0002621  0.0007054
-0.0002508  0.0011298
-0.0005383  0.0011475
-0.0009631  0.0015315
-0.0013079  0.0015145
-0.0015372  0.0014576
-0.0020713  0.0013999
-0.0018182  0.0012654
-0.0018524  0.0008609
-0.0015044  0.0005302
-0.0010578  0.0008164
-0.0006153  0.0002374
-0.0004195  0.0004078
 0.0004046  0.0003081
 0.0002350  0.0001151
 0.0006598  0.0002091
 0.0010042  0.0003464
 0.0008944  0.0004401
 0.0009921  0.0009791
 0.0011431  0.0013251
 0.0007212  0.0014406
 0.0003735  0.0014030
 0.0001983  0.0014438
 0.0001413  0.0011382
-0.0001494  0.0007006
-0.0000153  0.0002427
-0.0000492 -0.0000383
 0.0002040  0.0000248
 0.0003553 -0.0000083
 0.0000723  0.0003611
 0.0004789  0.0009599
 0.0001168  0.0012466
 0.0001394  0.0018384
 0.0002355  0.0018776
 0.0001568  0.0022579
 0.0004240  0.0022930
 0.0003425  0.0021743
 0.0006630  0.0021735
 0.0007159  0.0016696
 0.0012686  0.0016865
 0.0016687  0.0009776
 0.0020139  0.0007478
 0.0021814  0.0007668
 0.0027778  0.0002880
 0.0027596  0.0005149
 0.0030648  0.0010527
 0.0035065  0.0011277
 0.0038901  0.0013777
 0.0040245  0.0017761
 0.0044077  0.0020414
 0.0044646  0.0020192
 0.0044824  0.0022457
 0.0043471  0.0022610
 0.0041137  0.0022234
 0.0041307  0.0024116
 0.0039958  0.0020123
 0.0034774  0.0022469
 0.0030741  0.0022469
 0.0028984  0.0021516
 0.0023271  0.0018872
 0.0019048  0.0016958
 0.0015051  0.0010376
 0.0013658  0.0003876
 0.0013266 -0.0000549
 0.0014046 -0.0006125
 0.0011752 -0.0009004
 0.0013678 -0.0014579
 0.0014684 -0.0016485
 0.0015427 -0.0018847
 0.0017583 -0.0019618
 0.0021443 -0.0018694
 0.0022214 -0.0018396
 0.0028747 -0.0015488
 0.0031501 -0.0017067
 0.0029983 -0.0010914
 0.0031747 -0.0011342
 0.0030827 -0.0011758
 0.0027436 -0.0011144
 0.0023398 -0.0005068
 0.0018836 -0.0004854
 0.0014609 -0.0004107
 0.0012324  0.0002381
 0.0010596  0.0002744
 0.0008331  0.0003895
 0.0006037  0.0003684
 0.0001637  0.0003277
-0.0002966 -0.0000204
-0.0007367 -0.0002542
-0.0011049 -0.0001803
-0.0013738 -0.0006596
-0.0011667 -0.0008299
-0.0006717 -0.0014057
-0.0004449 -0.0013310
 0.0001458 -0.0016386
 0.0007781 -0.0018058
 0.0011612 -0.0020161
 0.0013130 -0.0020900
 0.0015072 -0.0021271
 0.0013522 -0.0022612
 0.0007942 -0.0021073
 0.0005649 -0.0023116
 0.0006820 -0.0023859
 0.0003121 -0.0024432
 0.0001385 -0.0026721
 0.0001902 -0.0027835
 0.0002858 -0.0026673
-0.0003279 -0.0021295
-0.0002923 -0.0016522
-0.0009081 -0.0014584
-0.0011757 -0.0006727
-0.0015960 -0.0004212
-0.0018241 -0.0007870
-0.0018972 -0.0010304
-0.0014583 -0.0013534
-0.0017446 -0.0019441
-0.0014769 -0.0023417
-0.0004272 -0.0024891
 0.0002463 -0.0032909
 0.0006492 -0.0031903
 0.0012988 -0.0027862
 0.0016634 -0.0023626
 0.0017983 -0.0018632
 0.0020647 -0.0012483
 0.0017417 -0.0007896
 0.0013610 -0.0005579
 0.0010933  0.0000534
 0.0003436  0.0003772
-0.0002140  0.0004874
-0.0005233  0.0007942
-0.0012957  0.0003868
-0.0016449  0.0004268
-0.0019385  0.0000671
-0.0020762  0.0000146
-0.0024246 -0.0000019
-0.0024622 -0.0006059
-0.0025970 -0.0007387
-0.0025970 -0.0010799
-0.0023451 -0.0013435
-0.0021654 -0.0011682
-0.0015258 -0.0012619
-0.0009420 -0.0010854
-0.0007457 -0.0010285
-0.0002991 -0.0008384
-0.0000694 -0.0007996
-0.0001490 -0.0007080
 0.0001559 -0.0008989
 0.0000375 -0.0010503
-0.0002136 -0.0009930
-0.0004054 -0.0011275
-0.0007490 -0.0014141
-0.0006553 -0.0009373
-0.0010760 -0.0010015
-0.0014244 -0.0009487
-0.0012565 -0.0005643
-0.0015848 -0.0008925
-0.0017988 -0.0011053
-0.0021682 -0.0015297
-0.0020693 -0.0020687
-0.0023353 -0.0026650
-0.0020862 -0.0027664
-0.0018912 -0.0030167
-0.0019877 -0.0030591
-0.0016239 -0.0028153
