[PARAMETERS]
DW=1E-007
TAU=0.0001
TD=4096
BS=4096
NS=128
NSC=128
FR=56.190000
GAIN=4.974204
D0=0.05
D1=5E-006
D2=1.05E-005
D3=2.5E-005
D4=1E-005
D5=5E-005
D6=0.001
D7=0.001
D8=0.001
D9=0.05
C0=1
SEGTD=0
SEGOFF=0
SEGNUM=0
[ADDITIONAL]
PPFILE=ZG_two_T2.PC
DATEWR=26.09.2024
TIMEWR=13:54:44
DATESTA=26.09.2024
TIMESTA=13:54:35
DATEEND=26.09.2024
TIMEEND=13:54:44
CURR_Z0=0
CURR_Z1=1
TE=-1
[VARIABLES]
_USER=Measurements
_EMAIL_F=7NMR.NMR-270-ijs.si
_ITC_H=1
_ITC_R0= 70.00
_ITC_R1= 70.06
_ITC_R2= 70.78
_ITC_R3=  0.00
_ITC_R4=  0.06
_ITC_V=  4.98
_ITC_X=X0A1C1S00H1
_FW=100
_ORIENT=?
_THETA=0
_TITLE=?
_DESCR1=?
_DESCR2=?
_FR_LARM=56.19000000
_FR_SYNT=526.19000000
_TRIMLEV=1.85546875
_DATE=26.09.2024
_TIME=13:44:47
_ITC_DIR=M35
[PPFILE]
; pi/2 - pi


DELAY D9
PULSE [GT] 3u
PULSE [PHL1,GT] D1
DELAY TAU-3u
PULSE [GT] 3u
PULSE [PHL2,GT] 2*D1
DELAY TAU-D3
PULSE [TR] 1u+DW
DELAY 1m
STOP

;PHL 1 [+X] [+X] [+Y] [+Y] [-X] [-X] [-Y] [-Y]
;PHL 2 [+Y] [-Y] [-X] [+X] [-Y] [+Y] [+X] [-X]
;!RLS +X+X+Y+Y-X-X-Y-Y

PHL 1 [+X] [+X] [-X] [-X] [+Y] [+Y] [-Y] [-Y] [+X] [+X] [-X] [-X] [+Y] [+Y] [-Y] [-Y]
PHL 2 [+Y] [-Y] [-Y] [+Y] [-X] [+X] [+X] [-X] [+X] [-X] [-X] [+X] [-Y] [+Y] [+Y] [-Y]
!RLS +X+X-X-X+Y+Y-Y-Y-X-X+X+X-Y-Y+Y+Y
[DATA]
 0.0003093  0.0013203
 0.0001171  0.0011830
 0.0003044  0.0016178
 0.0007994  0.0014644
 0.0008337  0.0012310
 0.0011740  0.0012104
 0.0015943  0.0006125
 0.0018398  0.0007667
 0.0017808  0.0004578
 0.0021644  0.0001353
 0.0020485  0.0005931
 0.0019754  0.0007696
 0.0019363  0.0005431
 0.0018236  0.0009836
 0.0013238  0.0011963
 0.0010565  0.0012363
 0.0005389  0.0013348
 0.0000786  0.0010680
-0.0000166  0.0010514
-0.0003990  0.0012638
-0.0006873  0.0009421
-0.0008019  0.0005815
-0.0007054  0.0005262
-0.0003396  0.0001443
-0.0003990 -0.0003136
-0.0003982 -0.0005082
-0.0001087 -0.0007512
 0.0000625 -0.0009038
 0.0001429 -0.0008267
 0.0001453 -0.0007867
-0.0001228 -0.0007867
-0.0002556 -0.0008449
-0.0005604 -0.0014178
-0.0011947 -0.0013616
-0.0012331 -0.0014388
-0.0012884 -0.0016273
-0.0017143 -0.0013753
-0.0022667 -0.0010717
-0.0020369 -0.0006478
-0.0020906 -0.0006498
-0.0023183 -0.0003624
-0.0022945 -0.0000563
-0.0023134  0.0005162
-0.0022735  0.0008222
-0.0022714  0.0005517
-0.0023114  0.0005707
-0.0019283  0.0006272
-0.0018940  0.0005444
-0.0019150  0.0009614
-0.0016675  0.0009170
-0.0014394  0.0007797
-0.0015948  0.0011035
-0.0015944  0.0012202
-0.0014967  0.0008738
-0.0020502  0.0010865
-0.0020886  0.0010845
-0.0022630  0.0009699
-0.0026070  0.0005023
-0.0026676  0.0004631
-0.0027257  0.0004413
-0.0029983  0.0004005
-0.0030382  0.0004958
-0.0036572  0.0007639
-0.0035224  0.0009173
-0.0036943  0.0003593
-0.0036439  0.0003626
-0.0034529  0.0001728
-0.0026830  0.0004651
-0.0025118  0.0005637
-0.0022251  0.0008911
-0.0018585  0.0013155
-0.0016474  0.0018714
-0.0014342  0.0020240
-0.0013760  0.0018335
-0.0016821  0.0020018
-0.0016046  0.0018294
-0.0012379  0.0014499
-0.0015840  0.0010074
-0.0013914  0.0005859
-0.0009335  0.0003206
-0.0010704  0.0006291
-0.0008944  0.0009004
-0.0011608  0.0011346
-0.0012932  0.0014193
-0.0016521  0.0011887
-0.0014002  0.0011710
-0.0013174  0.0015137
-0.0011793  0.0009723
-0.0008535  0.0008633
-0.0005821  0.0006089
-0.0004622  0.0007846
-0.0000786  0.0010539
-0.0001517  0.0015311
-0.0000160  0.0019579
 0.0000094  0.0022288
-0.0002171  0.0024589
-0.0003676  0.0025748
-0.0004213  0.0024606
-0.0002037  0.0023665
-0.0001011  0.0017399
 0.0002490  0.0012191
 0.0004699  0.0007370
 0.0008757  0.0004455
 0.0005874  0.0002092
 0.0004328  0.0002576
 0.0005434  0.0000444
 0.0001529  0.0005923
 0.0001497  0.0005135
 0.0003160  0.0007602
 0.0002142  0.0010573
 0.0002461  0.0011502
 0.0004717  0.0013024
 0.0004838  0.0020638
 0.0002892  0.0024449
 0.0002464  0.0026206
 0.0000295  0.0029694
 0.0001789  0.0033147
 0.0001946  0.0032036
 0.0000416  0.0031693
 0.0001349  0.0030353
 0.0002681  0.0027309
 0.0006916  0.0025758
 0.0009827  0.0020776
 0.0011135  0.0014009
 0.0012855  0.0011667
 0.0017442  0.0006099
 0.0015830  0.0004549
 0.0018858 -0.0001596
 0.0018624 -0.0005589
 0.0020691 -0.0006711
 0.0022782 -0.0008601
 0.0021297 -0.0010894
 0.0022811 -0.0010631
 0.0026287 -0.0009771
 0.0029178 -0.0011454
 0.0032852 -0.0004869
 0.0034209 -0.0002510
 0.0038715 -0.0003398
 0.0042377 -0.0001073
 0.0044162  0.0002444
 0.0044392 -0.0007306
 0.0047683 -0.0004036
 0.0045204 -0.0003878
 0.0047897 -0.0007165
 0.0051725 -0.0004714
 0.0054426 -0.0004985
 0.0058467 -0.0008870
 0.0064390 -0.0010073
 0.0069995 -0.0011268
 0.0079600 -0.0011535
 0.0085200 -0.0012145
 0.0089419 -0.0014071
 0.0093626 -0.0009331
 0.0096343 -0.0009384
 0.0097470 -0.0006913
 0.0097631 -0.0002331
 0.0096428 -0.0000833
 0.0097522  0.0000346
 0.0099613  0.0003443
 0.0099399  0.0004016
 0.0106682  0.0003068
 0.0111438  0.0002664
 0.0115121  0.0006491
 0.0120878  0.0004577
 0.0121076  0.0008546
 0.0123377  0.0008909
 0.0125101  0.0014057
 0.0122982  0.0013992
 0.0123716  0.0017605
 0.0125593  0.0019329
 0.0127891  0.0022422
 0.0126526  0.0030311
 0.0128076  0.0030372
 0.0126494  0.0036372
 0.0127301  0.0037023
 0.0127515  0.0041105
 0.0125573  0.0039966
 0.0127301  0.0043838
 0.0126171  0.0045554
 0.0127693  0.0047456
 0.0123861  0.0047452
 0.0119089  0.0048974
 0.0120813  0.0047666
 0.0115108  0.0048433
 0.0109751  0.0047698
 0.0109961  0.0042547
 0.0112254  0.0038946
 0.0107833  0.0034355
 0.0105734  0.0033830
 0.0102673  0.0031549
 0.0099782  0.0030835
 0.0098846  0.0029858
 0.0095422  0.0029297
 0.0090892  0.0026979
 0.0088046  0.0024282
 0.0085063  0.0019279
 0.0083129  0.0015077
 0.0086489  0.0014083
 0.0084966  0.0006230
 0.0089008  0.0007930
 0.0090014  0.0005204
 0.0094257  0.0006327
 0.0098848  0.0004166
 0.0103426  0.0008135
 0.0109749  0.0007892
 0.0112777  0.0009172
 0.0119091  0.0011845
 0.0124651  0.0015482
 0.0133844  0.0025641
 0.0141156  0.0031786
 0.0145395  0.0038520
 0.0152724  0.0048311
 0.0154860  0.0053475
 0.0162939  0.0060242
 0.0166923  0.0068668
 0.0173424  0.0074389
 0.0183719  0.0081112
 0.0188430  0.0091654
 0.0197979  0.0092800
 0.0207305  0.0103181
 0.0220677  0.0109515
 0.0233746  0.0111994
 0.0252129  0.0118188
 0.0271448  0.0124370
 0.0286770  0.0130919
 0.0308568  0.0143060
 0.0328286  0.0148446
 0.0347820  0.0156145
 0.0365604  0.0164071
 0.0383236  0.0168121
 0.0402600  0.0166821
 0.0424624  0.0169122
 0.0446124  0.0169748
 0.0469125  0.0169975
 0.0493709  0.0173059
 0.0514995  0.0175518
 0.0540152  0.0180521
 0.0568152  0.0183185
 0.0593867  0.0188761
 0.0621338  0.0193921
 0.0654914  0.0201555
 0.0686072  0.0207058
 0.0721949  0.0211814
 0.0759921  0.0219820
 0.0798669  0.0220498
 0.0836427  0.0224261
 0.0877625  0.0228637
 0.0917115  0.0231483
 0.0958726  0.0232057
 0.0999330  0.0236498
 0.1035809  0.0240189
 0.1074738  0.0245562
 0.1110236  0.0252495
 0.1151519  0.0262847
 0.1188547  0.0271306
 0.1222708  0.0283745
 0.1265683  0.0290822
 0.1304963  0.0293108
 0.1345035  0.0300964
 0.1389136  0.0307279
 0.1430706  0.0312253
 0.1475166  0.0316242
 0.1521581  0.0327119
 0.1572134  0.0335912
 0.1616186  0.0347148
 0.1661616  0.0356160
 0.1710247  0.0370715
 0.1755866  0.0380626
 0.1797670  0.0389884
 0.1842122  0.0399845
 0.1883753  0.0411380
 0.1929348  0.0424441
 0.1974030  0.0434789
 0.2018846  0.0445331
 0.2071963  0.0460512
 0.2121591  0.0474704
 0.2169516  0.0486776
 0.2226258  0.0501718
 0.2274563  0.0513556
 0.2329779  0.0521401
 0.2384785  0.0528551
 0.2436578  0.0538330
 0.2493914  0.0545666
 0.2552203  0.0555163
 0.2611853  0.0566529
 0.2671402  0.0575420
 0.2734326  0.0584686
 0.2796140  0.0599096
 0.2861204  0.0611192
 0.2926425  0.0621379
 0.2993915  0.0638837
 0.3062007  0.0650933
 0.3126788  0.0663744
 0.3197557  0.0677330
 0.3267192  0.0687880
 0.3334290  0.0699116
 0.3407381  0.0710800
 0.3479284  0.0718887
 0.3551801  0.0728811
 0.3621815  0.0738437
 0.3694720  0.0747242
 0.3764968  0.0754732
 0.3839205  0.0766828
 0.3907111  0.0776595
 0.3974048  0.0788097
 0.4040933  0.0798252
 0.4107450  0.0809956
 0.4168783  0.0819109
 0.4233395  0.0826013
 0.4294958  0.0833450
 0.4352504  0.0842259
 0.4419090  0.0850266
 0.4478417  0.0854295
 0.4537122  0.0862293
 0.4596982  0.0868293
 0.4653349  0.0873210
 0.4707406  0.0878196
 0.4759005  0.0880143
 0.4805783  0.0887583
 0.4853696  0.0891411
 0.4899323  0.0891411
 0.4939589  0.0891968
 0.4983452  0.0891576
 0.5028530  0.0886990
 0.5065533  0.0886614
 0.5100615  0.0880292
 0.5133952  0.0872621
 0.5158476  0.0867049
 0.5182450  0.0858045
 0.5201196  0.0847697
 0.5217095  0.0840975
 0.5230689  0.0833703
 0.5242382  0.0821228
 0.5250065  0.0813383
 0.5258136  0.0801836
 0.5259456  0.0791710
 0.5260595  0.0780966
 0.5258483  0.0769047
 0.5254660  0.0757004
 0.5248309  0.0746054
 0.5239301  0.0733231
 0.5230326  0.0718119
 0.5221327  0.0705276
 0.5209610  0.0695711
 0.5194082  0.0685222
 0.5174492  0.0673966
 0.5152992  0.0665750
 0.5126700  0.0655967
 0.5097182  0.0647376
 0.5065718  0.0633353
 0.5032720  0.0619937
 0.4998817  0.0607457
 0.4966615  0.0589418
 0.4929833  0.0573631
 0.4899754  0.0558309
 0.4866570  0.0544625
 0.4832054  0.0532170
 0.4797736  0.0519245
 0.4763974  0.0509297
 0.4723503  0.0500600
 0.4683027  0.0490842
 0.4642188  0.0475116
 0.4595438  0.0462616
 0.4549609  0.0453370
 0.4504757  0.0438617
 0.4451418  0.0431696
 0.4403251  0.0425882
 0.4355673  0.0412321
 0.4308099  0.0405045
 0.4259149  0.0399853
 0.4212528  0.0386844
 0.4165334  0.0383590
 0.4119089  0.0378616
 0.4069807  0.0369802
 0.4017861  0.0363439
 0.3967228  0.0354993
 0.3917958  0.0343482
 0.3864817  0.0334640
 0.3817656  0.0320650
 0.3765487  0.0311069
 0.3716000  0.0301682
 0.3668047  0.0288802
 0.3614526  0.0280009
 0.3561385  0.0267178
 0.3505748  0.0258917
 0.3451291  0.0245149
 0.3395865  0.0236376
 0.3341565  0.0223690
 0.3282690  0.0212559
 0.3228051  0.0203148
 0.3173978  0.0191467
 0.3115309  0.0180711
 0.3056443  0.0173593
 0.3001029  0.0161521
 0.2941028  0.0152885
 0.2885436  0.0142125
 0.2832339  0.0127736
 0.2777890  0.0116984
 0.2727858  0.0103180
 0.2676881  0.0086109
 0.2625303  0.0074009
 0.2576643  0.0061682
 0.2526099  0.0048060
 0.2471278  0.0039181
 0.2420325  0.0028038
 0.2365525  0.0015323
 0.2309372  0.0003404
 0.2261048 -0.0007376
 0.2210397 -0.0019097
 0.2161084 -0.0026821
 0.2114851 -0.0033151
 0.2065363 -0.0036208
 0.2016086 -0.0039652
 0.1968731 -0.0042684
 0.1920285 -0.0050326
 0.1870661 -0.0053960
 0.1827182 -0.0065620
 0.1779818 -0.0074413
 0.1733815 -0.0084196
 0.1687603 -0.0093188
 0.1644042 -0.0102365
 0.1601208 -0.0107149
 0.1556687 -0.0113859
 0.1511382 -0.0117550
 0.1471258 -0.0119088
 0.1430548 -0.0120445
 0.1387928 -0.0121414
 0.1348179 -0.0120639
 0.1303278 -0.0121385
 0.1266597 -0.0122144
 0.1224385 -0.0119225
 0.1185230 -0.0123759
 0.1145958 -0.0125136
 0.1112204 -0.0129092
 0.1079420 -0.0130808
 0.1043398 -0.0132581
 0.1013686 -0.0139073
 0.0981108 -0.0137155
 0.0947928 -0.0141407
 0.0918753 -0.0142929
 0.0887297 -0.0146001
 0.0856782 -0.0147346
 0.0830333 -0.0149231
 0.0803286 -0.0149392
 0.0773421 -0.0150692
 0.0746992 -0.0150429
 0.0721754 -0.0148834
 0.0689192 -0.0150844
 0.0665658 -0.0149819
 0.0643646 -0.0155677
 0.0621456 -0.0158333
 0.0602302 -0.0159068
 0.0581828 -0.0157481
 0.0565372 -0.0156689
 0.0549541 -0.0154392
 0.0534017 -0.0149450
 0.0517371 -0.0147549
 0.0502073 -0.0141073
 0.0487090 -0.0134205
 0.0468490 -0.0129796
 0.0455998 -0.0126373
 0.0440982 -0.0121770
 0.0428680 -0.0123321
 0.0415392 -0.0124124
 0.0406170 -0.0123959
 0.0394672 -0.0121121
 0.0381990 -0.0119800
 0.0370685 -0.0117742
 0.0358262 -0.0117027
 0.0343897 -0.0114379
 0.0332624 -0.0111884
 0.0321756 -0.0110890
 0.0310843 -0.0109191
 0.0302836 -0.0106142
 0.0294967 -0.0102303
 0.0292464 -0.0098677
 0.0284199 -0.0095060
 0.0278252 -0.0090494
 0.0268606 -0.0083993
 0.0261843 -0.0074267
 0.0251653 -0.0074078
 0.0240311 -0.0065486
 0.0231017 -0.0061073
 0.0218876 -0.0060088
 0.0207683 -0.0057358
 0.0197056 -0.0053086
 0.0191695 -0.0059179
 0.0186317 -0.0057233
 0.0182481 -0.0057794
 0.0176784 -0.0061427
 0.0175283 -0.0058896
 0.0169138 -0.0056203
 0.0161475 -0.0058843
 0.0155762 -0.0055911
 0.0148462 -0.0054918
 0.0141954 -0.0057534
 0.0132014 -0.0061147
 0.0129902 -0.0061741
 0.0125138 -0.0067155
 0.0116869 -0.0066465
 0.0113974 -0.0066308
 0.0110845 -0.0064568
 0.0106969 -0.0065961
 0.0106326 -0.0063833
 0.0102628 -0.0068799
 0.0099510 -0.0071823
 0.0101428 -0.0074657
 0.0105317 -0.0081517
 0.0104970 -0.0083620
 0.0108878 -0.0084779
 0.0107825 -0.0086325
 0.0108273 -0.0080798
 0.0108338 -0.0076834
 0.0109554 -0.0072243
 0.0106865 -0.0068856
 0.0108218 -0.0064867
 0.0107806 -0.0062764
 0.0106816 -0.0060479
 0.0107329 -0.0058367
 0.0103465 -0.0055032
 0.0101329 -0.0052879
 0.0099560 -0.0049015
 0.0096326 -0.0041526
 0.0096351 -0.0033798
 0.0094057 -0.0029615
 0.0090432 -0.0023721
 0.0083003 -0.0020685
 0.0080730 -0.0015194
 0.0075005 -0.0008553
 0.0069470 -0.0007084
 0.0066624 -0.0007903
 0.0062017 -0.0007952
 0.0055097 -0.0007924
 0.0050886 -0.0005837
 0.0047712 -0.0002554
 0.0042540  0.0001879
 0.0039172  0.0004932
 0.0033729  0.0007669
 0.0032740  0.0010790
 0.0026905  0.0010625
 0.0020760  0.0013548
 0.0019981  0.0010174
 0.0017138  0.0005838
 0.0015959  0.0006863
 0.0016392  0.0006157
 0.0012447  0.0003133
 0.0015706  0.0008515
 0.0015016  0.0006573
 0.0012553  0.0005031
 0.0009900  0.0007090
 0.0006638  0.0005511
 0.0002859  0.0002575
 0.0002327  0.0002192
 0.0000025 -0.0002872
-0.0003592 -0.0008415
-0.0004327 -0.0009194
-0.0006051 -0.0012303
-0.0008893 -0.0014843
-0.0009244 -0.0016353
-0.0008836 -0.0019627
-0.0010778 -0.0023645
-0.0007904 -0.0028405
-0.0004847 -0.0031069
-0.0003495 -0.0040420
 0.0003248 -0.0038813
 0.0007294 -0.0042240
 0.0007908 -0.0041965
 0.0012320 -0.0037689
 0.0013479 -0.0033462
 0.0012926 -0.0029231
 0.0016132 -0.0029206
 0.0017452 -0.0025556
 0.0020335 -0.0024414
 0.0023552 -0.0024083
 0.0025248 -0.0024552
 0.0028490 -0.0024609
 0.0029814 -0.0023753
 0.0030751 -0.0020948
 0.0030177 -0.0017516
 0.0026115 -0.0015816
 0.0020870 -0.0011597
 0.0019728 -0.0012493
 0.0014318 -0.0010708
 0.0015250 -0.0008576
 0.0011984 -0.0007159
 0.0010998 -0.0005584
 0.0010825 -0.0003674
 0.0011213  0.0002689
 0.0011269  0.0001377
 0.0012028  0.0003101
 0.0014903  0.0000045
 0.0020810 -0.0002022
 0.0020571 -0.0002628
 0.0020943  0.0000267
 0.0022065 -0.0003136
 0.0019990 -0.0007158
 0.0021149 -0.0010367
 0.0019708 -0.0016827
 0.0019571 -0.0022144
 0.0020427 -0.0028802
 0.0021469 -0.0031850
 0.0023011 -0.0033784
 0.0024368 -0.0032996
 0.0023415 -0.0031054
 0.0024590 -0.0028163
 0.0024392 -0.0022943
 0.0024066 -0.0017351
 0.0022164 -0.0008731
 0.0021817 -0.0007770
 0.0023957 -0.0004507
 0.0022629  0.0000253
 0.0026271  0.0002352
 0.0023755  0.0004968
 0.0021833  0.0003954
 0.0023888  0.0003748
 0.0024025  0.0004257
 0.0021667  0.0006081
 0.0020447  0.0004094
 0.0023487 -0.0001336
 0.0019272 -0.0001785
 0.0023604 -0.0000465
 0.0022058  0.0001953
 0.0022788  0.0003867
 0.0018735  0.0003657
 0.0016021  0.0008672
 0.0012783  0.0007372
 0.0008705  0.0009879
 0.0004894  0.0011805
 0.0003941  0.0012593
 0.0005116  0.0015092
 0.0008762  0.0015685
 0.0013748  0.0018172
 0.0009517  0.0019295
 0.0012989  0.0018240
 0.0016796  0.0019762
 0.0016582  0.0017215
 0.0019449  0.0015268
 0.0016356  0.0014077
 0.0018464  0.0010072
 0.0014277  0.0008397
 0.0010623  0.0008070
 0.0006440  0.0002745
 0.0004761 -0.0001599
 0.0003457 -0.0004086
 0.0000033 -0.0009093
-0.0003374 -0.0010098
-0.0005122 -0.0012202
-0.0007480 -0.0014705
-0.0011316 -0.0021383
-0.0012326 -0.0025776
-0.0017922 -0.0026304
-0.0021798 -0.0029885
-0.0023934 -0.0031762
-0.0028928 -0.0031363
-0.0030458 -0.0030143
-0.0031246 -0.0031706
-0.0030289 -0.0028427
-0.0028989 -0.0024983
-0.0024778 -0.0024620
-0.0023268 -0.0022743
-0.0018690 -0.0025234
-0.0014879 -0.0025246
-0.0014552 -0.0025213
-0.0011479 -0.0028835
-0.0011471 -0.0030898
-0.0010865 -0.0032428
-0.0007010 -0.0030119
-0.0008697 -0.0028621
-0.0006178 -0.0028294
-0.0009593 -0.0025682
-0.0013788 -0.0023260
-0.0011834 -0.0021993
-0.0015084 -0.0025841
-0.0017962 -0.0026079
-0.0018701 -0.0027646
-0.0017744 -0.0028215
-0.0012944 -0.0025591
-0.0010118 -0.0023273
-0.0006537 -0.0019442
-0.0004627 -0.0012744
-0.0006779 -0.0005432
-0.0003957 -0.0000227
-0.0012202  0.0004371
-0.0013550  0.0003031
-0.0017176 -0.0000211
-0.0019057 -0.0004818
-0.0013622 -0.0010559
-0.0014959 -0.0015715
-0.0013545 -0.0018981
-0.0010126 -0.0021819
-0.0009177 -0.0019126
-0.0008955 -0.0016651
-0.0006904 -0.0015060
-0.0006198 -0.0012787
-0.0007987 -0.0008362
-0.0007034 -0.0008475
-0.0003049 -0.0001942
-0.0004979 -0.0003646
-0.0004196 -0.0003246
-0.0006526 -0.0001357
-0.0004959 -0.0000416
-0.0003845 -0.0001401
-0.0000413  0.0004489
 0.0001739  0.0008321
 0.0002660  0.0013319
 0.0000580  0.0020203
 0.0001194  0.0021963
 0.0002382  0.0023110
 0.0003544  0.0024220
 0.0006298  0.0022323
 0.0009775  0.0017691
 0.0009593  0.0020505
 0.0011688  0.0014744
 0.0010909  0.0012406
 0.0009552  0.0012163
 0.0008398  0.0007932
 0.0004170  0.0008530
 0.0003383  0.0011437
 0.0004748  0.0013977
 0.0004752  0.0015152
 0.0004611  0.0018640
 0.0011709  0.0023877
 0.0015948  0.0025028
 0.0017870  0.0031528
 0.0020196  0.0028060
 0.0019053  0.0024959
 0.0018096  0.0026832
 0.0019853  0.0021075
 0.0020140  0.0016225
 0.0014019  0.0014824
 0.0015239  0.0009660
 0.0008936  0.0006902
 0.0005678  0.0007047
 0.0005052  0.0003620
 0.0000203  0.0003385
-0.0000423  0.0005472
-0.0001614  0.0001665
-0.0004179  0.0000708
-0.0001567  0.0004164
-0.0004300  0.0003983
-0.0004119  0.0007253
-0.0006795  0.0008993
-0.0005237  0.0008832
-0.0006153  0.0005945
-0.0007324  0.0008057
-0.0008022  0.0004839
-0.0013788  0.0001367
-0.0014959 -0.0000749
-0.0016905 -0.0006325
-0.0019994 -0.0007665
-0.0024451 -0.0006692
-0.0026555 -0.0008795
-0.0023668 -0.0012615
-0.0017507 -0.0013907
-0.0017858 -0.0009312
-0.0015516 -0.0006187
-0.0007772 -0.0002100
-0.0005797 -0.0002044
-0.0004590 -0.0001817
 0.0000191 -0.0004042
 0.0003284 -0.0010122
 0.0007362 -0.0010969
 0.0012336 -0.0012055
 0.0012562 -0.0010250
 0.0015312 -0.0007326
 0.0017654 -0.0005784
 0.0019249 -0.0001573
 0.0019855 -0.0001973
 0.0027962 -0.0006220
 0.0031616 -0.0002248
 0.0034891 -0.0004928
 0.0033344 -0.0007452
 0.0031988 -0.0003867
 0.0030074 -0.0007711
 0.0027550 -0.0008514
 0.0027922 -0.0010824
 0.0023464 -0.0012960
 0.0022273 -0.0006109
 0.0017464 -0.0005394
 0.0013798 -0.0000436
 0.0007794  0.0005071
 0.0003171  0.0011542
-0.0002058  0.0015523
-0.0002514  0.0016072
-0.0001174  0.0019467
 0.0001511  0.0021369
 0.0006683  0.0026872
 0.0009755  0.0027198
 0.0015307  0.0029855
 0.0012848  0.0034801
 0.0011269  0.0035959
 0.0012045  0.0036379
 0.0006509  0.0031422
 0.0009227  0.0029375
 0.0008609  0.0027324
 0.0009594  0.0026594
 0.0007858  0.0028746
 0.0009380  0.0029735
 0.0008790  0.0031261
 0.0004951  0.0030720
 0.0002044  0.0031520
-0.0001013  0.0023889
-0.0003334  0.0019174
-0.0003334  0.0011911
-0.0004869  0.0003476
-0.0004073 -0.0000137
-0.0005042 -0.0007618
-0.0005046 -0.0013396
-0.0005987 -0.0016828
-0.0009814 -0.0017587
-0.0009410 -0.0023571
-0.0005381 -0.0025274
-0.0003706 -0.0024927
-0.0008115 -0.0026482
-0.0003310 -0.0027233
-0.0003298 -0.0025174
-0.0004238 -0.0026171
 0.0002096 -0.0030164
 0.0006146 -0.0029983
 0.0009659 -0.0030176
 0.0013911 -0.0033806
 0.0019490 -0.0033023
 0.0023948 -0.0033592
 0.0024768 -0.0032223
 0.0023997 -0.0030475
 0.0025386 -0.0028908
 0.0026181 -0.0029671
 0.0029480 -0.0024858
 0.0029917 -0.0019868
 0.0035533 -0.0015847
 0.0036716 -0.0011079
 0.0042288 -0.0008196
 0.0044726 -0.0005519
 0.0042178 -0.0004219
 0.0040757 -0.0002717
 0.0039719 -0.0006731
 0.0035079 -0.0009884
 0.0030396 -0.0012375
 0.0027638 -0.0015811
 0.0023374 -0.0020228
 0.0022009 -0.0021359
 0.0021807 -0.0025743
 0.0018153 -0.0027855
 0.0016235 -0.0026700
 0.0012775 -0.0022707
 0.0007010 -0.0020616
 0.0008511 -0.0016566
 0.0005406 -0.0011806
 0.0000020 -0.0010272
-0.0000028 -0.0008083
 0.0000456 -0.0006500
 0.0002341 -0.0008818
 0.0006140 -0.0009694
 0.0006734 -0.0010057
 0.0009055 -0.0009084
 0.0010791 -0.0006572
 0.0009096 -0.0000064
 0.0012766  0.0000142
 0.0011418  0.0004939
 0.0010893  0.0007228
 0.0013053  0.0010478
 0.0011547  0.0012573
 0.0005629  0.0009497
 0.0002633  0.0004894
-0.0000181  0.0004910
-0.0006022  0.0001187
-0.0010976 -0.0003605
-0.0013621 -0.0001530
-0.0016681 -0.0003678
-0.0013410 -0.0002734
-0.0013641  0.0000521
-0.0015748  0.0001477
-0.0010391  0.0003424
-0.0010362  0.0005721
-0.0008618  0.0007486
-0.0006458  0.0005980
-0.0006235  0.0003266
-0.0003486  0.0002128
 0.0001933  0.0002879
 0.0002869 -0.0000020
 0.0008264  0.0001494
 0.0009535  0.0002826
 0.0010245  0.0003706
 0.0009781  0.0006589
 0.0011609  0.0007376
 0.0010002  0.0007953
 0.0012436  0.0008971
 0.0009917  0.0008604
 0.0008205  0.0011317
 0.0005157  0.0013255
 0.0001684  0.0018637
-0.0003843  0.0022444
-0.0007937  0.0027088
-0.0013352  0.0031492
-0.0011842  0.0037262
-0.0012682  0.0042644
-0.0012553  0.0044001
-0.0011608  0.0049738
-0.0010131  0.0044529
-0.0013232  0.0043895
-0.0014976  0.0039450
-0.0015356  0.0033244
-0.0017661  0.0023437
-0.0019199  0.0017239
-0.0020738  0.0012656
-0.0021715  0.0010735
-0.0019809  0.0008288
-0.0015227  0.0008724
-0.0013091  0.0006464
-0.0009210  0.0002636
-0.0002500  0.0001502
 0.0000246 -0.0001426
 0.0007598 -0.0006053
 0.0010461 -0.0009690
 0.0013154 -0.0012747
 0.0013331 -0.0010627
 0.0014894 -0.0009436
 0.0016654 -0.0007324
 0.0016885 -0.0008616
 0.0020902 -0.0003020
 0.0018884 -0.0002196
 0.0020289 -0.0001845
 0.0022288 -0.0000092
 0.0022728 -0.0002091
 0.0024456 -0.0000581
 0.0025034 -0.0003327
 0.0024646 -0.0002653
 0.0026346 -0.0000732
 0.0023427  0.0000003
 0.0022494  0.0001323
 0.0020584  0.0000770
 0.0018319 -0.0000736
 0.0017407 -0.0000885
 0.0016467  0.0000080
 0.0014351  0.0000100
 0.0011105  0.0000096
 0.0010322 -0.0000032
 0.0009114  0.0002232
 0.0005209  0.0003141
 0.0008956  0.0003165
 0.0007728  0.0007182
 0.0010142  0.0008857
 0.0012209  0.0009229
 0.0012172  0.0013403
 0.0011769  0.0012220
 0.0014582  0.0013944
 0.0013214  0.0016056
 0.0009358  0.0014687
 0.0007763  0.0012434
 0.0006188  0.0011546
 0.0004084  0.0007994
 0.0005400  0.0006920
 0.0002893  0.0008524
 0.0000010  0.0008221
-0.0004213  0.0005601
-0.0010766  0.0003179
-0.0010939  0.0000014
-0.0015732 -0.0004177
-0.0018025 -0.0007386
-0.0020149 -0.0009869
-0.0021077 -0.0009647
-0.0019341 -0.0010806
-0.0016204 -0.0008904
-0.0012740 -0.0006974
-0.0011136 -0.0002779
-0.0013216 -0.0004173
-0.0008940 -0.0001544
-0.0008935  0.0002408
-0.0005629  0.0000433
-0.0009319 -0.0001614
-0.0007752 -0.0002648
-0.0008766 -0.0002322
-0.0010878 -0.0004668
-0.0011245 -0.0007220
-0.0009913 -0.0009335
-0.0008358 -0.0007809
-0.0007340 -0.0010139
-0.0004607 -0.0008601
-0.0003250 -0.0007640
-0.0003008 -0.0006691
-0.0002257 -0.0004761
-0.0003573 -0.0002048
-0.0005095 -0.0004006
-0.0007994 -0.0005754
-0.0003795 -0.0005609
-0.0002455 -0.0002396
-0.0000396 -0.0001241
 0.0002051  0.0004876
 0.0006019  0.0007338
 0.0005563  0.0008671
 0.0008570  0.0008312
 0.0008526  0.0008905
 0.0005994  0.0009668
 0.0003140  0.0005477
 0.0003923  0.0005704
-0.0002190  0.0003406
-0.0002702  0.0001715
-0.0004761 -0.0001123
-0.0007224 -0.0004377
-0.0008172 -0.0008052
-0.0003396 -0.0008221
-0.0004749 -0.0012820
-0.0001894 -0.0016252
 0.0002696 -0.0016986
 0.0004763 -0.0014136
 0.0006285 -0.0014112
 0.0008748 -0.0014503
 0.0011824 -0.0010498
 0.0007605 -0.0007236
 0.0007428 -0.0005492
 0.0004747  0.0000823
 0.0006128  0.0002922
 0.0005587  0.0005401
 0.0009241  0.0008688
 0.0011397  0.0010800
 0.0014474  0.0015967
 0.0014664  0.0019012
 0.0013957  0.0023812
 0.0014143  0.0023045
 0.0010376  0.0021729
 0.0003081  0.0018112
 0.0001813  0.0017138
 0.0002613  0.0013654
 0.0002072  0.0009217
 0.0005520  0.0009192
 0.0011859  0.0004577
 0.0018182  0.0004775
 0.0021415  0.0006301
 0.0027750  0.0006701
 0.0031965  0.0005813
 0.0035385  0.0006952
 0.0032526  0.0005038
 0.0033455  0.0005765
 0.0031521  0.0003059
 0.0024815  0.0000499
 0.0019974 -0.0002812
 0.0017079 -0.0006680
 0.0013404 -0.0004407
 0.0012031 -0.0007104
 0.0011240 -0.0009801
 0.0010440 -0.0010039
 0.0010590 -0.0003313
 0.0012120 -0.0004443
 0.0011175  0.0003058
 0.0009826  0.0011372
 0.0006774  0.0014828
-0.0000707  0.0020840
-0.0005302  0.0031257
-0.0010243  0.0030878
-0.0013510  0.0035347
-0.0012343  0.0034790
-0.0011584  0.0033135
-0.0010603  0.0028949
-0.0006206  0.0026700
-0.0008540  0.0023297
-0.0009852  0.0020442
-0.0010639  0.0016639
-0.0009880  0.0016050
-0.0009497  0.0010111
-0.0007191  0.0006432
-0.0005071  0.0003372
 0.0000290  0.0000901
 0.0007796 -0.0002741
 0.0008930 -0.0002337
 0.0012956 -0.0000205
 0.0015479 -0.0003302
 0.0013937 -0.0003298
 0.0016658 -0.0000835
 0.0021398 -0.0001978
 0.0020203 -0.0001824
 0.0022859 -0.0002406
 0.0027211 -0.0002365
 0.0024506 -0.0002749
 0.0023941 -0.0001001
 0.0023311 -0.0000209
 0.0021587 -0.0003096
 0.0023513 -0.0001146
 0.0025439 -0.0002535
 0.0026602 -0.0002345
 0.0029533 -0.0004497
 0.0032424 -0.0002991
 0.0036478 -0.0001550
 0.0034770  0.0002628
 0.0035788  0.0002377
 0.0032756  0.0002922
 0.0034104  0.0006366
 0.0029881  0.0008994
 0.0026845  0.0011881
 0.0026470  0.0015341
 0.0018415  0.0018398
 0.0014987  0.0020154
 0.0014450  0.0024414
 0.0012973  0.0021782
 0.0011286  0.0025266
 0.0011689  0.0025327
 0.0007075  0.0024721
 0.0008851  0.0024326
 0.0011169  0.0021080
 0.0010192  0.0022751
 0.0011899  0.0023239
 0.0016252  0.0025669
 0.0020842  0.0026177
 0.0021552  0.0029968
 0.0022283  0.0028826
 0.0020106  0.0034555
 0.0016383  0.0035952
 0.0013489  0.0034652
 0.0008478  0.0030869
 0.0007154  0.0031157
 0.0004097  0.0026796
 0.0000145  0.0022045
-0.0001720  0.0016303
-0.0004946  0.0009420
-0.0008180  0.0001922
-0.0006056 -0.0003440
-0.0007219 -0.0005390
-0.0004158 -0.0007700
-0.0003609 -0.0011329
-0.0001724 -0.0015492
-0.0002475 -0.0017357
-0.0000928 -0.0020348
-0.0002818 -0.0019762
 0.0003166 -0.0016839
 0.0005161 -0.0016076
 0.0006905 -0.0013827
 0.0009828 -0.0010400
 0.0013499 -0.0014074
 0.0012736 -0.0016981
 0.0013733 -0.0017361
 0.0018558 -0.0019658
 0.0015316 -0.0023122
 0.0018062 -0.0022722
 0.0019055 -0.0021588
 0.0020234 -0.0019352
 0.0023719 -0.0019929
 0.0021833 -0.0019578
 0.0019701 -0.0017345
 0.0021244 -0.0012577
 0.0022717 -0.0012045
 0.0022313 -0.0010123
 0.0029911 -0.0011867
 0.0034062 -0.0013022
 0.0038187 -0.0011653
 0.0042330 -0.0014709
 0.0045765 -0.0018375
 0.0041857 -0.0017431
 0.0041433 -0.0014528
 0.0039894 -0.0015299
 0.0031803 -0.0010712
 0.0031218 -0.0014172
 0.0028387 -0.0012808
 0.0023966 -0.0012461
 0.0020494 -0.0015731
 0.0018952 -0.0014633
 0.0013364 -0.0012530
 0.0009278 -0.0015836
 0.0007562 -0.0019717
 0.0002745 -0.0021106
 0.0005224 -0.0023981
 0.0001949 -0.0025317
 0.0002870 -0.0026682
 0.0004767 -0.0030885
 0.0002986 -0.0028736
 0.0001226 -0.0030238
 0.0003346 -0.0029612
 0.0003507 -0.0028829
 0.0004060 -0.0027238
 0.0000253 -0.0026830
 0.0000640 -0.0026604
 0.0001634 -0.0023507
 0.0001497 -0.0024043
 0.0004004 -0.0025739
 0.0003863 -0.0022255
 0.0003132 -0.0021843
 0.0006258 -0.0017809
 0.0007461 -0.0015524
 0.0005402 -0.0015928
 0.0007930 -0.0013082
 0.0010845 -0.0011794
 0.0009513 -0.0013377
 0.0013163 -0.0012246
 0.0015254 -0.0014960
 0.0017745 -0.0013636
 0.0021536 -0.0011124
 0.0023636 -0.0010930
 0.0025743 -0.0011483
 0.0026482 -0.0008407
 0.0028783 -0.0008964
 0.0025319 -0.0006683
 0.0025097 -0.0004051
 0.0023575 -0.0003057
 0.0018358 -0.0000586
 0.0012229  0.0002094
 0.0006302  0.0003039
-0.0001765  0.0005340
-0.0008083  0.0006483
-0.0012912  0.0009915
-0.0015246  0.0011065
-0.0019687  0.0012604
-0.0019518  0.0015123
-0.0024335  0.0009790
-0.0023596  0.0008454
-0.0023988  0.0011679
-0.0022466  0.0013464
-0.0020519  0.0016367
-0.0020148  0.0020962
-0.0017867  0.0026178
-0.0013454  0.0027778
-0.0013636  0.0028783
-0.0014609  0.0025957
-0.0011132  0.0027750
-0.0011128  0.0022421
-0.0009000  0.0020564
-0.0009751  0.0014068
-0.0012461  0.0012344
-0.0008262  0.0010818
-0.0009021  0.0008508
-0.0008100  0.0006635
-0.0008331  0.0006462
-0.0004120  0.0003248
-0.0004309  0.0001924
-0.0000078 -0.0004968
 0.0003814 -0.0006029
 0.0005187 -0.0008541
 0.0010238 -0.0012938
 0.0013343 -0.0011577
 0.0013182 -0.0011008
 0.0012819 -0.0015618
 0.0012839 -0.0019389
 0.0011923 -0.0023616
 0.0013324 -0.0026475
 0.0017770 -0.0030294
 0.0017431 -0.0032769
 0.0020503 -0.0032220
 0.0019942 -0.0028805
 0.0020330 -0.0023249
 0.0021076 -0.0016579
 0.0015295 -0.0014674
 0.0014515 -0.0012191
 0.0010865 -0.0013337
 0.0007591 -0.0010459
 0.0008176 -0.0011258
 0.0008948 -0.0007831
 0.0009113 -0.0006325
 0.0011035 -0.0005215
 0.0008322 -0.0005469
 0.0003844 -0.0001476
 0.0004021  0.0001196
 0.0004723  0.0001943
 0.0002543 -0.0000548
 0.0005026  0.0000449
 0.0004465 -0.0001892
 0.0005773 -0.0000346
 0.0004251 -0.0001711
 0.0002474 -0.0001009
-0.0000591 -0.0006270
-0.0001233 -0.0006096
-0.0003559 -0.0007098
-0.0002206 -0.0006178
 0.0000265 -0.0009973
 0.0000612 -0.0009771
 0.0001218 -0.0009205
 0.0005829 -0.0007457
 0.0002372 -0.0005123
 0.0004674 -0.0003205
 0.0006398  0.0000299
 0.0002191  0.0002613
-0.0003946  0.0003021
-0.0005093  0.0003057
-0.0012764  0.0001172
-0.0022345  0.0000050
-0.0026164 -0.0004512
-0.0032640 -0.0008970
-0.0037037 -0.0009160
-0.0037630 -0.0012624
-0.0041866 -0.0015325
-0.0044502 -0.0016859
-0.0046238 -0.0019565
-0.0045455 -0.0019024
-0.0040860 -0.0018253
-0.0037574 -0.0018204
-0.0036625 -0.0016084
-0.0034299 -0.0017441
-0.0029272 -0.0016246
-0.0031521 -0.0016794
-0.0030144 -0.0017986
-0.0027592 -0.0022172
-0.0027713 -0.0025290
-0.0026150 -0.0024151
-0.0025706 -0.0023449
-0.0027155 -0.0019299
-0.0031580 -0.0016695
-0.0031967 -0.0015581
-0.0033086 -0.0017321
-0.0033893 -0.0018092
-0.0030623 -0.0021556
-0.0026557 -0.0027899
-0.0021958 -0.0030762
-0.0014860 -0.0034065
-0.0013322 -0.0036580
-0.0007177 -0.0036193
-0.0007036 -0.0042960
-0.0004363 -0.0039887
-0.0000379 -0.0041450
-0.0000795 -0.0038801
 0.0001087 -0.0035737
 0.0001607 -0.0032693
 0.0000638 -0.0028724
-0.0002418 -0.0031962
-0.0003403 -0.0029487
-0.0004364 -0.0030840
-0.0006476 -0.0031607
-0.0005890 -0.0033707
-0.0008592 -0.0034829
-0.0008192 -0.0034982
-0.0007408 -0.0037408
-0.0006423 -0.0040004
-0.0004307 -0.0041433
 0.0000501 -0.0041594
 0.0006061 -0.0038638
 0.0007567 -0.0034952
 0.0006969 -0.0029335
 0.0006614 -0.0026513
 0.0006977 -0.0019205
 0.0004502 -0.0013840
 0.0002992 -0.0012116
 0.0005887 -0.0010553
 0.0008213 -0.0005365
 0.0006715 -0.0002862
 0.0007135 -0.0000132
 0.0008468  0.0001782
 0.0006974  0.0001225
 0.0008682  0.0002557
 0.0010196  0.0004442
 0.0010765  0.0004430
 0.0013434  0.0006534
 0.0016110  0.0006336
 0.0020717  0.0010934
 0.0024012  0.0011326
 0.0025946  0.0013829
 0.0020778  0.0013260
 0.0021913  0.0005981
 0.0021521  0.0002710
 0.0016139 -0.0009011
 0.0020532 -0.0016537
 0.0018440 -0.0023506
 0.0018271 -0.0031428
 0.0019409 -0.0032837
 0.0020419 -0.0033067
 0.0019842 -0.0030431
 0.0019066 -0.0022607
 0.0016236 -0.0014911
 0.0018933 -0.0011092
 0.0021186 -0.0001636
 0.0018154  0.0003750
 0.0018525  0.0005899
 0.0017334  0.0011866
 0.0017483  0.0019521
 0.0011492  0.0019578
 0.0006864  0.0021653
 0.0000287  0.0018782
-0.0004732  0.0021673
-0.0008818  0.0021475
-0.0013041  0.0017474
-0.0012480  0.0019029
-0.0015375  0.0020200
-0.0015124  0.0016029
-0.0017171  0.0018557
-0.0020413  0.0018222
-0.0021697  0.0017281
-0.0024151  0.0021299
-0.0022790  0.0018250
-0.0023949  0.0017483
-0.0022984  0.0011916
-0.0017800  0.0011338
-0.0017788  0.0008104
-0.0015289  0.0008286
-0.0016617  0.0004038
-0.0016258  0.0003473
-0.0017957 -0.0001537
-0.0022568 -0.0008441
-0.0020816 -0.0012830
-0.0021777 -0.0019552
-0.0019600 -0.0017255
-0.0015377 -0.0017412
-0.0014190 -0.0015164
-0.0018017 -0.0014611
-0.0014549 -0.0012326
-0.0013423 -0.0009689
-0.0014392 -0.0014918
-0.0012074 -0.0015698
-0.0010197 -0.0016081
-0.0010976 -0.0017854
-0.0005041 -0.0018403
-0.0003697 -0.0014830
 0.0001298 -0.0011168
 0.0003377 -0.0008519
 0.0002791 -0.0004357
 0.0004519  0.0004840
 0.0006776  0.0007307
 0.0006809  0.0012640
 0.0009069  0.0012983
 0.0006752  0.0015809
 0.0011758  0.0017521
 0.0011706  0.0011166
 0.0013187  0.0016128
 0.0014281  0.0017456
 0.0012355  0.0017864
 0.0014026  0.0015761
 0.0012104  0.0016899
 0.0010748  0.0018425
 0.0008967  0.0021873
 0.0004909  0.0020710
 0.0004526  0.0022034
 0.0005281  0.0024881
 0.0006964  0.0022224
 0.0009847  0.0019733
 0.0011567  0.0019547
 0.0012673  0.0018211
 0.0014837  0.0014485
 0.0016206  0.0013540
 0.0016110  0.0015907
 0.0015008  0.0015778
 0.0010437  0.0016173
 0.0007628  0.0018257
 0.0006093  0.0017094
 0.0004761  0.0014013
 0.0004971  0.0007432
 0.0004345  0.0005385
 0.0005875  0.0004618
 0.0005298 -0.0000913
 0.0001636 -0.0002984
-0.0004869 -0.0003574
-0.0006387 -0.0005479
-0.0008688 -0.0008568
-0.0011377 -0.0010659
-0.0008470 -0.0015460
-0.0004820 -0.0016009
-0.0001760 -0.0012375
-0.0000589 -0.0014826
 0.0005928 -0.0011637
 0.0009013 -0.0006089
 0.0011693 -0.0004018
 0.0012452  0.0000927
 0.0013607  0.0004182
 0.0010922  0.0007989
 0.0009574  0.0006657
 0.0004038  0.0007840
 0.0001935  0.0010763
-0.0003827  0.0010157
-0.0004791  0.0008470
-0.0006560  0.0006007
-0.0005208 -0.0000142
-0.0005825 -0.0001882
-0.0009278 -0.0004967
-0.0011256 -0.0008407
-0.0011462 -0.0008427
-0.0014390 -0.0009949
-0.0014612 -0.0011269
-0.0015016 -0.0006844
-0.0011967 -0.0005104
-0.0006577 -0.0001228
-0.0004672  0.0002620
-0.0000218  0.0008983
 0.0001534  0.0013380
 0.0002318  0.0017979
 0.0006747  0.0022755
 0.0007902  0.0025787
 0.0007122  0.0026723
 0.0009149  0.0025795
 0.0007425  0.0024059
 0.0005293  0.0019686
 0.0004255  0.0015330
 0.0003088  0.0013243
 0.0002296  0.0006355
 0.0001860  0.0006008
 0.0001085  0.0001966
 0.0002458 -0.0001284
 0.0001311 -0.0004719
-0.0001321 -0.0004707
-0.0001482 -0.0009657
-0.0002980 -0.0007348
-0.0006569 -0.0007715
-0.0000775 -0.0008086
-0.0000747 -0.0008102
-0.0001477 -0.0006185
-0.0002406 -0.0004069
-0.0004687 -0.0003612
-0.0003100 -0.0003439
-0.0000572 -0.0005700
 0.0001002 -0.0008437
 0.0006368 -0.0010178
 0.0009223 -0.0012701
 0.0017063 -0.0010646
 0.0017208 -0.0010283
 0.0021218 -0.0007949
 0.0018290 -0.0002216
 0.0019069  0.0001413
 0.0018657  0.0011802
 0.0016114  0.0015185
 0.0017825  0.0015577
 0.0017401  0.0015524
 0.0017769  0.0010942
 0.0020445  0.0007486
 0.0018148  0.0005762
 0.0015835  0.0001563
 0.0013969  0.0000852
 0.0011850  0.0000642
 0.0005939  0.0001756
 0.0004797  0.0000581
 0.0004570  0.0005152
 0.0000113  0.0007170
 0.0005813  0.0003524
 0.0002676  0.0007319
 0.0003778  0.0011361
 0.0000245  0.0011975
-0.0000200  0.0014486
-0.0003866  0.0013929
-0.0005812  0.0014737
-0.0005651  0.0015932
-0.0007230  0.0015173
-0.0008570  0.0014459
-0.0008550  0.0018149
-0.0007609  0.0015848
-0.0009507  0.0015541
-0.0013895  0.0011677
-0.0013653  0.0009392
-0.0012659  0.0003881
-0.0016265  0.0001543
-0.0013539 -0.0004388
-0.0009102 -0.0009713
-0.0006558 -0.0012394
-0.0006889 -0.0012757
-0.0008593 -0.0012406
-0.0010619 -0.0014267
-0.0012121 -0.0016027
-0.0013049 -0.0015656
-0.0012290 -0.0021422
-0.0012439 -0.0022597
-0.0010126 -0.0027785
-0.0008369 -0.0030147
-0.0004493 -0.0034172
-0.0000431 -0.0034217
-0.0000419 -0.0035961
 0.0003663 -0.0036942
 0.0002351 -0.0037148
 0.0003704 -0.0036830
 0.0000288 -0.0034161
 0.0002016 -0.0030754
 0.0000143 -0.0027314
 0.0000955 -0.0023894
-0.0000188 -0.0020313
-0.0000773 -0.0017257
 0.0002864 -0.0012703
 0.0004338 -0.0010834
 0.0004144 -0.0003748
 0.0003675 -0.0002251
 0.0005528  0.0001189
 0.0007979 -0.0001136
 0.0008334  0.0000547
 0.0010187  0.0003204
 0.0013267  0.0004936
 0.0012415  0.0005456
 0.0011446  0.0004314
 0.0010816  0.0002783
 0.0006213 -0.0001258
 0.0007150  0.0000111
 0.0005805 -0.0001020
 0.0007509 -0.0000842
 0.0010545  0.0001278
 0.0012091 -0.0000999
 0.0015499 -0.0000034
 0.0019867  0.0003656
 0.0026589  0.0002740
 0.0026008  0.0008934
 0.0028935  0.0006104
 0.0030890  0.0010969
 0.0024802  0.0013695
 0.0021576  0.0011603
 0.0015334  0.0010097
 0.0008450  0.0011079
 0.0001603  0.0004962
-0.0000803 -0.0001716
-0.0001554 -0.0001857
-0.0001125 -0.0006811
-0.0001138 -0.0008494
 0.0000784 -0.0007743
 0.0000033 -0.0012120
-0.0002313 -0.0010388
-0.0002527 -0.0008857
-0.0001372 -0.0007513
 0.0000183 -0.0010194
-0.0000770 -0.0007529
-0.0000144 -0.0004638
 0.0003328 -0.0005583
 0.0004499 -0.0001788
 0.0002585 -0.0001372
 0.0011964 -0.0002329
 0.0008743 -0.0001800
 0.0010454 -0.0004485
 0.0012764 -0.0004711
 0.0011440 -0.0004183
 0.0014512 -0.0008265
 0.0010806 -0.0008540
 0.0011750 -0.0006287
 0.0008880 -0.0010369
 0.0008662 -0.0009235
 0.0007519 -0.0013466
 0.0005650 -0.0010959
 0.0002367 -0.0010018
 0.0002977 -0.0008092
-0.0000883 -0.0002731
-0.0003988 -0.0001039
-0.0004363  0.0005300
-0.0009576  0.0005098
-0.0009786  0.0006051
-0.0013254  0.0010096
-0.0014078  0.0012414
-0.0016194  0.0011271
-0.0015616  0.0007662
-0.0017542  0.0009762
-0.0021382  0.0006318
-0.0021386  0.0003702
-0.0023926 -0.0002447
-0.0022981 -0.0004337
-0.0023381 -0.0009283
-0.0022045 -0.0013086
-0.0021322 -0.0015145
-0.0018839 -0.0014296
-0.0016942 -0.0011401
-0.0015024 -0.0011179
-0.0013643 -0.0009031
-0.0012294 -0.0009633
-0.0013275 -0.0005846
-0.0010360 -0.0006662
-0.0012286 -0.0002297
-0.0010748 -0.0000247
-0.0011127  0.0000755
-0.0007090  0.0007069
-0.0004801  0.0009024
-0.0002895  0.0012953
-0.0001736  0.0014540
-0.0006088  0.0021909
-0.0007776  0.0016938
-0.0010614  0.0018489
-0.0011902  0.0019450
-0.0013218  0.0017855
-0.0010310  0.0016857
-0.0007287  0.0020220
-0.0007121  0.0019202
-0.0004840  0.0019929
-0.0008111  0.0017789
-0.0008559  0.0018597
-0.0010234  0.0014745
-0.0012923  0.0010901
-0.0012544  0.0008220
-0.0012479  0.0001094
-0.0012665 -0.0002944
-0.0009972 -0.0007518
-0.0008401 -0.0010962
-0.0008256 -0.0013433
-0.0012487 -0.0015193
-0.0010771 -0.0018468
-0.0008898 -0.0016348
-0.0012584 -0.0016421
-0.0014151 -0.0016845
-0.0014963 -0.0019558
-0.0012900 -0.0019203
-0.0017131 -0.0024036
-0.0018710 -0.0023843
-0.0022574 -0.0021553
-0.0020870 -0.0020350
-0.0022813 -0.0018214
-0.0024569 -0.0015125
-0.0023088 -0.0009905
-0.0025446 -0.0005427
-0.0024691 -0.0000783
-0.0021429 -0.0000949
-0.0021635  0.0004470
-0.0020496  0.0006989
-0.0018562  0.0007224
-0.0016047  0.0007829
-0.0014686  0.0009178
-0.0008310  0.0006711
-0.0006752  0.0004575
-0.0005028  0.0002488
-0.0000215 -0.0001315
 0.0002264 -0.0000120
 0.0000782 -0.0006095
 0.0002555 -0.0012935
 0.0004501 -0.0015413
 0.0006835 -0.0016721
 0.0007841 -0.0023452
 0.0007053 -0.0021736
 0.0010517 -0.0023880
 0.0012835 -0.0023723
 0.0015706 -0.0020844
 0.0018782 -0.0016460
 0.0021504 -0.0018947
 0.0025529 -0.0016666
 0.0025561 -0.0014009
 0.0026369 -0.0015580
 0.0025784 -0.0014676
 0.0025021 -0.0015920
 0.0025380 -0.0014034
 0.0024964 -0.0009343
 0.0024750 -0.0008007
 0.0023760 -0.0002447
 0.0021277  0.0003128
 0.0018613  0.0008127
 0.0017660  0.0013327
 0.0014204  0.0017554
 0.0010376  0.0019852
 0.0008430  0.0026913
 0.0004570  0.0028786
 0.0004175  0.0032242
-0.0000812  0.0033732
-0.0001365  0.0029097
-0.0001130  0.0028491
 0.0000045  0.0029040
-0.0000525  0.0026549
 0.0003117  0.0028051
 0.0004454  0.0030550
 0.0006908  0.0032690
 0.0003428  0.0030768
 0.0000145  0.0030986
-0.0000101  0.0027155
-0.0001111  0.0023929
 0.0000213  0.0020869
-0.0001568  0.0014925
-0.0000603  0.0017069
-0.0000421  0.0016662
-0.0004999  0.0016484
-0.0007478  0.0018810
-0.0012469  0.0019003
-0.0019538  0.0015943
-0.0022260  0.0019630
-0.0028166  0.0013356
-0.0028744  0.0012258
-0.0027944  0.0009981
-0.0030241  0.0010570
-0.0025251  0.0014055
-0.0018880  0.0013453
-0.0020196  0.0016719
-0.0015548  0.0019768
-0.0010962  0.0020861
-0.0010562  0.0023340
-0.0009428  0.0023740
-0.0009468  0.0024483
-0.0008152  0.0022941
-0.0012594  0.0021637
-0.0017386  0.0020333
-0.0020822  0.0015775
-0.0023284  0.0010643
-0.0025533  0.0005730
-0.0021641  0.0000780
-0.0019666 -0.0002635
-0.0013876 -0.0004953
-0.0006746 -0.0006887
-0.0004251 -0.0007896
 0.0004010 -0.0002216
 0.0003215 -0.0000541
 0.0001660  0.0001898
 0.0002403  0.0002579
 0.0001438  0.0007755
-0.0000161  0.0006944
 0.0000420  0.0009637
-0.0002669  0.0011006
-0.0000594  0.0012152
 0.0002257  0.0012734
 0.0003197  0.0012528
 0.0001994  0.0016949
 0.0002725  0.0018257
-0.0000154  0.0020756
 0.0001541  0.0022084
 0.0003241  0.0018471
 0.0004614  0.0015810
 0.0004206  0.0016937
 0.0005595  0.0017510
 0.0003116  0.0019646
-0.0001858  0.0017563
-0.0007026  0.0019864
-0.0006650  0.0020280
-0.0008964  0.0021883
-0.0011063  0.0022868
-0.0007066  0.0023482
-0.0007478  0.0022570
-0.0006748  0.0020838
-0.0008649  0.0018706
-0.0006558  0.0017580
-0.0002141  0.0011031
-0.0000013  0.0011847
-0.0001923  0.0011467
 0.0000625  0.0011463
 0.0003132  0.0014185
 0.0005903  0.0013970
 0.0007235  0.0011096
 0.0010493  0.0011281
 0.0013041  0.0011504
 0.0017842  0.0014366
 0.0020394  0.0018387
 0.0023074  0.0019118
 0.0022231  0.0021972
 0.0020915  0.0027306
 0.0021137  0.0029373
 0.0019054  0.0033572
 0.0014682  0.0032776
 0.0006796  0.0038336
 0.0002190  0.0036991
-0.0005263  0.0036757
-0.0009729  0.0037500
-0.0012999  0.0033091
-0.0015503  0.0030567
-0.0014764  0.0028831
-0.0011926  0.0025573
-0.0012148  0.0023631
-0.0008579  0.0021725
-0.0003956  0.0023659
-0.0004433  0.0023885
-0.0002326  0.0024648
-0.0004486  0.0025064
-0.0002960  0.0026962
-0.0000134  0.0030038
 0.0003653  0.0027164
 0.0003076  0.0023869
 0.0001170  0.0024616
 0.0001331  0.0020780
 0.0001686  0.0019819
-0.0001200  0.0016961
-0.0003163  0.0016779
-0.0001298  0.0017393
 0.0001193  0.0013009
 0.0002114  0.0013416
 0.0003826  0.0011923
 0.0001904  0.0011564
 0.0002259  0.0007789
 0.0000390  0.0007595
-0.0003054  0.0004781
-0.0003942  0.0000009
-0.0004648 -0.0003023
-0.0007854 -0.0005663
-0.0003780 -0.0012006
-0.0005261 -0.0011982
-0.0002277 -0.0015442
-0.0001477 -0.0017000
 0.0001066 -0.0018402
 0.0000364 -0.0015947
 0.0001192 -0.0018075
 0.0002937 -0.0016186
 0.0005650 -0.0018875
 0.0006784 -0.0019072
 0.0011807 -0.0019472
 0.0016822 -0.0016016
 0.0021614 -0.0017559
 0.0028938 -0.0015669
 0.0026468 -0.0014708
 0.0027469 -0.0009528
 0.0025596 -0.0008014
 0.0023133 -0.0004546
 0.0020432 -0.0000133
 0.0015842 -0.0000690
 0.0010241  0.0002189
 0.0005227  0.0001018
 0.0004568  0.0000106
 0.0001084 -0.0001647
 0.0001002 -0.0002826
 0.0002868 -0.0001288
 0.0003780 -0.0003028
 0.0003905 -0.0001300
 0.0004094 -0.0001849
 0.0003707  0.0001583
 0.0004664  0.0002927
 0.0003723  0.0001203
 0.0003517  0.0002536
 0.0000638  0.0000993
 0.0002318 -0.0002451
 0.0002681  0.0001761
 0.0000751  0.0001918
 0.0004175 -0.0000606
 0.0003585  0.0001094
 0.0010291  0.0000916
 0.0011438 -0.0002354
 0.0012597 -0.0005822
 0.0016238 -0.0006182
 0.0019117 -0.0009436
 0.0021023 -0.0008261
 0.0019699 -0.0002499
 0.0018758 -0.0003068
 0.0011688  0.0001716
 0.0011317  0.0003836
 0.0004425  0.0004025
 0.0005972  0.0003270
 0.0000646  0.0005233
-0.0002665  0.0005298
-0.0006888  0.0005355
-0.0004607  0.0002537
-0.0007897  0.0002973
-0.0010978  0.0003975
-0.0011131  0.0002114
-0.0011660 -0.0000931
-0.0012552 -0.0003826
-0.0009410 -0.0002275
-0.0008788 -0.0002905
-0.0003160 -0.0004682
-0.0002974 -0.0003584
-0.0001618 -0.0004949
 0.0001641 -0.0004045
-0.0001069 -0.0005603
-0.0000891 -0.0007146
-0.0002034 -0.0006411
-0.0003007 -0.0010065
 0.0000042 -0.0003593
 0.0000054 -0.0010336
 0.0003106 -0.0011309
 0.0008044 -0.0010417
 0.0011132 -0.0015201
 0.0016813 -0.0016905
 0.0016215 -0.0020555
 0.0018476 -0.0023018
 0.0015024 -0.0025896
 0.0014212 -0.0028779
 0.0014995 -0.0028739
 0.0014959 -0.0026441
 0.0014955 -0.0027019
 0.0020882 -0.0025448
 0.0021273 -0.0022747
 0.0024738 -0.0019860
 0.0028606 -0.0016585
 0.0033834 -0.0010828
 0.0032167 -0.0009141
 0.0033165 -0.0004307
 0.0027432 -0.0001457
 0.0025728  0.0000828
 0.0025962 -0.0000933
 0.0021145  0.0004413
 0.0013297  0.0004385
 0.0013091  0.0004336
 0.0007131  0.0005240
 0.0006183  0.0008894
 0.0002735  0.0004901
 0.0002731  0.0004695
 0.0005012 -0.0001413
 0.0008121 -0.0004801
 0.0008706 -0.0009016
 0.0013907 -0.0014753
 0.0016777 -0.0021427
 0.0013139 -0.0026070
 0.0012195 -0.0027019
 0.0013490 -0.0026788
 0.0009267 -0.0028537
 0.0007535 -0.0026809
 0.0007701 -0.0027354
 0.0002092 -0.0024128
 0.0003792 -0.0026821
 0.0000938 -0.0027410
 0.0003239 -0.0024160
 0.0002670 -0.0023001
 0.0002512 -0.0023987
-0.0000750 -0.0019602
-0.0006701 -0.0014043
-0.0009972 -0.0009621
-0.0011704 -0.0007018
-0.0020978 -0.0002980
-0.0023845 -0.0000913
-0.0029243  0.0000778
-0.0028254 -0.0000958
-0.0031706 -0.0000231
-0.0028225  0.0000940
-0.0027260  0.0001719
-0.0026291  0.0000552
-0.0023614  0.0001917
-0.0021898  0.0003669
-0.0019819  0.0007113
-0.0022751  0.0006556
-0.0022182  0.0008466
-0.0022977  0.0010775
-0.0022755  0.0010137
-0.0023950  0.0009931
-0.0024120  0.0009483
-0.0027378  0.0009676
-0.0027471  0.0011037
-0.0034198  0.0012967
-0.0037121  0.0013952
-0.0038535  0.0012249
-0.0039310  0.0013993
-0.0035135  0.0013864
-0.0032269  0.0011026
-0.0028227  0.0013186
-0.0024759  0.0012125
-0.0022833  0.0008891
-0.0025502  0.0008891
-0.0026365  0.0001462
-0.0026959  0.0000913
-0.0030798 -0.0003298
-0.0029846 -0.0008425
-0.0029684 -0.0013008
-0.0028154 -0.0013989
-0.0027011 -0.0019310
-0.0024331 -0.0023162
-0.0021799 -0.0023356
-0.0017923 -0.0027756
-0.0019804 -0.0028189
-0.0017644 -0.0027470
-0.0014741 -0.0026942
-0.0010138 -0.0025658
-0.0004942 -0.0025541
-0.0000182 -0.0020979
 0.0007235 -0.0015335
 0.0012241 -0.0016700
 0.0020260 -0.0014019
 0.0025242 -0.0009635
 0.0027378 -0.0007511
 0.0029687 -0.0007813
 0.0027418 -0.0004967
 0.0028000 -0.0004559
 0.0028565 -0.0001676
 0.0026623  0.0006108
 0.0028153  0.0008417
 0.0029275  0.0012802
 0.0031742  0.0016456
 0.0032118  0.0023533
 0.0033256  0.0026428
 0.0035917  0.0031778
 0.0033966  0.0035097
 0.0030720  0.0037027
 0.0026303  0.0039308
 0.0021285  0.0042211
 0.0014187  0.0040281
 0.0007287  0.0041419
 0.0003068  0.0038892
-0.0004991  0.0039065
-0.0011516  0.0040224
-0.0014374  0.0041363
-0.0021089  0.0039590
-0.0023358  0.0039969
-0.0024529  0.0042073
-0.0027040  0.0042069
-0.0024177  0.0039590
-0.0026479  0.0041136
-0.0026297  0.0036744
-0.0025930  0.0035048
-0.0027085  0.0030696
-0.0028449  0.0028629
-0.0028990  0.0028117
-0.0032257  0.0023558
-0.0031506  0.0024972
-0.0032826  0.0024039
-0.0030314  0.0022372
-0.0027411  0.0019534
-0.0023362  0.0020523
-0.0017765  0.0021509
-0.0016256  0.0018634
-0.0015480  0.0020193
-0.0016849  0.0019999
-0.0014935  0.0021570
-0.0019098  0.0019284
-0.0019469  0.0017306
-0.0016372  0.0017532
-0.0015363  0.0018061
-0.0010909  0.0017661
-0.0008010  0.0019163
-0.0005680  0.0018928
-0.0005140  0.0020244
-0.0001308  0.0019227
 0.0002140  0.0015132
 0.0000218  0.0009916
 0.0000957  0.0009492
 0.0003468  0.0001586
 0.0002891 -0.0000162
 0.0009012  0.0000625
 0.0011152 -0.0000946
 0.0010421 -0.0000037
 0.0008693  0.0000475
 0.0008899 -0.0002024
 0.0007756 -0.0001912
 0.0008487 -0.0000749
 0.0008269 -0.0003264
 0.0011539 -0.0002683
 0.0011293 -0.0004027
 0.0015899 -0.0003603
 0.0013368 -0.0000131
 0.0015084 -0.0004132
 0.0016775 -0.0001180
 0.0020183  0.0002692
 0.0018289  0.0001618
 0.0019662  0.0003630
 0.0019505  0.0005596
 0.0015536  0.0004486
 0.0011547  0.0005088
 0.0010058  0.0005859
 0.0006049  0.0008116
 0.0001668  0.0007700
-0.0000629  0.0006310
-0.0001961  0.0003646
-0.0004667 -0.0001575
-0.0000084 -0.0003295
 0.0003533 -0.0004433
 0.0004680 -0.0004837
 0.0010982 -0.0005213
 0.0018080 -0.0003109
 0.0021355  0.0000141
 0.0019800  0.0003593
 0.0025162  0.0004744
 0.0021322  0.0006278
 0.0022489  0.0007639
 0.0025198  0.0004574
 0.0024221  0.0004409
 0.0029813  0.0005394
 0.0027903  0.0000408
 0.0033479  0.0002124
 0.0037525 -0.0001906
 0.0036992  0.0000182
 0.0037243  0.0000161
 0.0038818  0.0003783
 0.0032176  0.0007909
 0.0030711  0.0011357
 0.0030772  0.0013307
 0.0025269  0.0017914
 0.0019855  0.0020376
 0.0017723  0.0020619
 0.0016213  0.0019440
 0.0011351  0.0020389
 0.0010172  0.0020752
 0.0006123  0.0019371
 0.0005682  0.0019516
 0.0006062  0.0017578
 0.0006058  0.0014873
 0.0007927  0.0016778
 0.0010204  0.0012369
 0.0012097  0.0008893
 0.0011459  0.0009644
 0.0010821  0.0006204
 0.0010760  0.0010254
 0.0005721  0.0014477
 0.0000476  0.0011986
-0.0005548  0.0009676
-0.0006929  0.0007795
-0.0006384  0.0003019
-0.0006256  0.0005114
-0.0003983  0.0003241
-0.0002448  0.0003859
-0.0003232  0.0007331
-0.0002057  0.0008696
-0.0001673  0.0009463
-0.0001604  0.0007768
-0.0005214  0.0009112
-0.0007478  0.0008559
-0.0007430  0.0007259
-0.0007393  0.0004203
-0.0009085  0.0002515
-0.0012896  0.0001930
-0.0014236  0.0003146
-0.0021096 -0.0000266
-0.0023938  0.0001470
-0.0023167  0.0001866
-0.0021188 -0.0000645
-0.0018087 -0.0000645
-0.0011769  0.0000715
-0.0007872 -0.0000258
-0.0004214  0.0002048
-0.0004663  0.0007615
-0.0004243  0.0009517
-0.0010004  0.0011843
-0.0006362  0.0011245
-0.0013064  0.0014503
-0.0011897  0.0012173
-0.0012228  0.0008095
-0.0010859  0.0006743
-0.0009846  0.0000731
-0.0007108 -0.0003723
-0.0002344 -0.0008915
 0.0001689 -0.0010680
 0.0007802 -0.0007648
 0.0010434 -0.0003982
 0.0011565 -0.0001644
 0.0015158 -0.0000860
 0.0012981  0.0001486
 0.0012202  0.0003040
 0.0017329  0.0002051
 0.0017882  0.0000496
 0.0020304  0.0000092
 0.0025278 -0.0000307
 0.0025456 -0.0000166
 0.0027115 -0.0001692
 0.0025367  0.0003092
 0.0022653  0.0003294
 0.0022456  0.0005793
 0.0021293  0.0005240
 0.0017259  0.0010989
 0.0011490  0.0011353
 0.0007642  0.0010565
 0.0002668  0.0009011
 0.0002651  0.0003273
-0.0001745  0.0000738
-0.0001374 -0.0000417
-0.0004995 -0.0005779
-0.0007474 -0.0007886
-0.0010741 -0.0002343
-0.0011128 -0.0000578
-0.0018799  0.0004243
-0.0018820  0.0009629
-0.0021117  0.0013291
-0.0019781  0.0017873
-0.0020338  0.0022839
-0.0018416  0.0020732
-0.0015101  0.0018789
-0.0011976  0.0018612
-0.0009036  0.0012624
-0.0006504  0.0009770
-0.0002216  0.0005389
 0.0002580  0.0000641
 0.0005677 -0.0003558
 0.0010684 -0.0006989
 0.0013571 -0.0008318
 0.0013567 -0.0008181
 0.0017265 -0.0005508
 0.0019724  0.0000205
 0.0017427  0.0003406
 0.0014713  0.0006854
 0.0008189  0.0006241
 0.0004119  0.0008336
-0.0001643  0.0005490
-0.0002382  0.0002801
-0.0009847 -0.0003159
-0.0008123 -0.0005860
-0.0008058 -0.0012433
-0.0006318 -0.0013657
-0.0009963 -0.0012175
-0.0012438 -0.0013213
-0.0019334 -0.0011316
-0.0020295 -0.0010912
-0.0025455 -0.0015252
-0.0026416 -0.0014638
-0.0026020 -0.0016083
-0.0027744 -0.0019664
-0.0027340 -0.0019195
-0.0023529 -0.0015739
-0.0021075 -0.0013422
-0.0018579 -0.0012279
-0.0012685 -0.0010934
-0.0013856 -0.0006154
-0.0011167 -0.0006489
-0.0010804 -0.0002456
-0.0012556 -0.0002407
-0.0012709 -0.0002395
-0.0012524 -0.0005625
-0.0012891 -0.0007950
-0.0009584 -0.0004458
-0.0003217 -0.0007518
-0.0000540 -0.0009068
 0.0005593 -0.0008491
 0.0012118 -0.0007522
 0.0008876 -0.0004482
 0.0009279 -0.0001987
 0.0005613  0.0002240
 0.0004656  0.0004183
-0.0001283  0.0007025
-0.0004916  0.0006847
-0.0007407  0.0005874
-0.0004335  0.0003068
-0.0002223 -0.0000371
 0.0002153 -0.0002673
 0.0008682 -0.0008010
 0.0013676 -0.0012241
 0.0018057 -0.0018782
 0.0024565 -0.0022226
 0.0030867 -0.0024927
 0.0037408 -0.0029348
 0.0042168 -0.0026449
 0.0045818 -0.0019933
 0.0047752 -0.0018597
 0.0048325 -0.0014200
 0.0046177 -0.0006767
 0.0048297 -0.0002786
 0.0049020  0.0001578
 0.0050327  0.0006132
 0.0049556  0.0006293
 0.0045515  0.0006014
 0.0042418  0.0006172
 0.0040100  0.0008998
 0.0034710  0.0006309
 0.0033923  0.0007641
 0.0033337  0.0010907
 0.0029102  0.0007455
 0.0029073  0.0008796
 0.0028863  0.0004621
 0.0028270  0.0002126
 0.0024385  0.0001524
 0.0019714  0.0000410
 0.0013032 -0.0004197
 0.0007642 -0.0007055
 0.0006677 -0.0007633
 0.0000362 -0.0010358
 0.0001864 -0.0009817
 0.0002821 -0.0007108
 0.0004751 -0.0003103
 0.0003576  0.0002287
 0.0008344  0.0006547
 0.0008360  0.0010447
 0.0008736  0.0014239
 0.0007940  0.0014914
 0.0003184  0.0011358
 0.0000891  0.0013946
-0.0006534  0.0011528
-0.0012065  0.0009857
-0.0015287  0.0008161
-0.0022966  0.0001249
-0.0025069 -0.0001444
-0.0022550 -0.0004096
-0.0022942 -0.0004892
-0.0025166 -0.0007763
-0.0022691 -0.0008332
-0.0023991 -0.0009156
-0.0027027 -0.0007634
-0.0025904 -0.0007622
-0.0023962 -0.0008385
-0.0023167 -0.0007420
-0.0024152 -0.0005126
-0.0024350 -0.0003774
-0.0026966 -0.0004957
-0.0026380 -0.0004537
-0.0022541 -0.0009943
-0.0017716 -0.0012055
-0.0008935 -0.0012406
-0.0002991 -0.0014728
 0.0002697 -0.0013391
 0.0008047 -0.0012459
 0.0013590 -0.0009059
 0.0010324 -0.0006403
 0.0009282 -0.0004150
 0.0007327 -0.0003775
 0.0003471 -0.0002640
 0.0002094 -0.0004191
 0.0002308 -0.0003444
-0.0003441 -0.0006896
-0.0001156 -0.0008095
-0.0002488 -0.0012153
-0.0004426 -0.0012145
-0.0000562 -0.0014479
 0.0000233 -0.0014067
-0.0000101 -0.0012541
-0.0002168 -0.0006981
-0.0005217 -0.0002330
-0.0004235  0.0002281
-0.0004574  0.0008014
-0.0005107  0.0012427
-0.0008765  0.0015706
-0.0007614  0.0016465
-0.0005854  0.0013227
-0.0004925  0.0008022
-0.0001065  0.0003617
-0.0000690  0.0005515
-0.0000508  0.0009351
-0.0002426  0.0008971
-0.0001053  0.0012823
-0.0002563  0.0015145
-0.0003084  0.0014390
-0.0001521  0.0012504
-0.0000144  0.0010788
 0.0002763  0.0006016
 0.0004693  0.0002548
 0.0002953  0.0004317
 0.0001963  0.0004458
 0.0000421  0.0008132
-0.0001533  0.0012541
-0.0003088  0.0009848
-0.0001215  0.0012747
-0.0000270  0.0012012
 0.0004745  0.0011665
 0.0007619  0.0009772
 0.0012634  0.0012667
 0.0013615  0.0010337
 0.0014011  0.0013430
 0.0011944  0.0014346
 0.0010418  0.0011427
 0.0010999  0.0006404
 0.0010987 -0.0001288
 0.0011912 -0.0006331
 0.0017653 -0.0011305
 0.0019377 -0.0016348
 0.0023721 -0.0017705
 0.0027161 -0.0017923
 0.0025965 -0.0018319
 0.0023087 -0.0015415
 0.0023079 -0.0013114
 0.0021379 -0.0008903
 0.0019061 -0.0006961
 0.0012787 -0.0003501
 0.0011051 -0.0003521
 0.0009307 -0.0001401
 0.0010817 -0.0000267
 0.0011770 -0.0000299
 0.0017305  0.0000096
 0.0019562  0.0000403
 0.0018911  0.0002337
 0.0021200  0.0001784
 0.0018656  0.0000847
 0.0017833 -0.0001550
 0.0014550 -0.0001292
 0.0013044 -0.0003100
 0.0011284 -0.0003225
 0.0006346 -0.0003346
 0.0005619 -0.0004868
 0.0000262 -0.0002501
-0.0003182 -0.0000991
-0.0004094 -0.0006188
-0.0003291 -0.0005994
-0.0002717 -0.0005804
-0.0002273 -0.0008856
-0.0001271 -0.0009058
 0.0001644 -0.0009809
 0.0005528 -0.0012123
 0.0012675 -0.0009478
 0.0014601 -0.0009099
 0.0018255 -0.0006838
 0.0017067 -0.0005526
 0.0016300 -0.0003225
 0.0017035 -0.0004408
 0.0017988 -0.0005756
 0.0018581 -0.0007497
 0.0018787 -0.0011736
 0.0023039 -0.0010787
 0.0028607 -0.0014038
 0.0034397 -0.0012326
 0.0040554 -0.0012342
 0.0046327 -0.0007747
 0.0049453 -0.0000872
 0.0051411  0.0002564
 0.0050503  0.0005019
 0.0051311  0.0005604
 0.0049187  0.0008455
 0.0045929  0.0007304
 0.0043660  0.0006521
 0.0038843  0.0013239
 0.0033069  0.0018052
 0.0029629  0.0020518
 0.0025935  0.0023571
 0.0021340  0.0022432
 0.0020516  0.0024560
 0.0015724  0.0025125
 0.0015300  0.0025525
 0.0013733  0.0029716
 0.0013725  0.0032215
 0.0013337  0.0033362
 0.0009841  0.0038187
 0.0012925  0.0040492
 0.0010402  0.0042038
 0.0007688  0.0042983
 0.0009590  0.0041069
 0.0007817  0.0037597
 0.0007413  0.0034173
 0.0007760  0.0028044
 0.0008297  0.0024815
 0.0005406  0.0019263
 0.0009795  0.0012973
 0.0008636  0.0011677
 0.0004166  0.0008601
 0.0008188  0.0004571
 0.0009681  0.0001697
 0.0007965 -0.0001170
 0.0010287 -0.0004432
 0.0009153 -0.0007085
 0.0013416 -0.0008054
 0.0015181 -0.0009616
 0.0020377 -0.0008256
 0.0017386 -0.0007678
 0.0016865 -0.0006350
 0.0017491 -0.0006511
 0.0009881 -0.0004606
 0.0005509 -0.0004004
 0.0003058  0.0000942
 0.0001197  0.0003029
-0.0001124  0.0004720
-0.0002651  0.0005055
-0.0004201  0.0005398
-0.0002715  0.0002281
 0.0001096 -0.0001595
 0.0003591 -0.0005419
 0.0005291 -0.0007958
 0.0010459 -0.0009739
 0.0011213 -0.0009376
 0.0010248 -0.0011718
 0.0009449 -0.0011762
 0.0006740 -0.0014056
 0.0008270 -0.0013882
 0.0003598 -0.0015004
 0.0001438 -0.0016308
 0.0002387 -0.0019554
-0.0000933 -0.0021896
-0.0001365 -0.0024779
-0.0005633 -0.0026911
-0.0006832 -0.0031914
-0.0009929 -0.0029992
-0.0011269 -0.0031687
-0.0012977 -0.0034525
-0.0010292 -0.0035825
-0.0011443 -0.0035615
-0.0007212 -0.0034061
-0.0002819 -0.0033657
 0.0002119 -0.0030027
 0.0004808 -0.0030835
 0.0008235 -0.0028364
 0.0011618 -0.0032612
 0.0016770 -0.0035143
 0.0018866 -0.0040134
 0.0017662 -0.0039944
 0.0021465 -0.0036823
 0.0020868 -0.0033903
 0.0017997 -0.0027940
 0.0010120 -0.0019061
 0.0006498 -0.0010925
 0.0005772 -0.0004578
 0.0001775 -0.0000327
-0.0000296  0.0006626
-0.0000647  0.0004337
-0.0001208  0.0007991
-0.0003130  0.0007001
-0.0001931  0.0009521
-0.0003065  0.0006844
-0.0001519  0.0006869
-0.0003231  0.0008039
-0.0002233  0.0009392
-0.0001636  0.0010567
-0.0004692  0.0011500
-0.0004825  0.0011173
-0.0008446  0.0011779
-0.0009730  0.0011956
-0.0014874  0.0011771
-0.0021749  0.0011964
-0.0024047  0.0009651
-0.0029610  0.0007915
-0.0033268  0.0005016
-0.0034592  0.0002480
-0.0032069  0.0000768
-0.0031286 -0.0004424
-0.0029933 -0.0008882
-0.0023513 -0.0007747
-0.0021817 -0.0004340
-0.0019104 -0.0002305
-0.0021018  0.0000133
-0.0024527  0.0004715
-0.0025153  0.0005224
-0.0028298  0.0006932
-0.0034092  0.0008252
-0.0034375  0.0010727
-0.0038260  0.0005962
-0.0039616  0.0005777
-0.0039063  0.0007755
-0.0039818  0.0003763
-0.0040718  0.0001679
-0.0036083  0.0000367
-0.0037783 -0.0003460
-0.0039688 -0.0004385
-0.0038929 -0.0005717
-0.0041610 -0.0007243
-0.0046411 -0.0005721
-0.0045656 -0.0005474
-0.0045446 -0.0008539
-0.0047961 -0.0008159
-0.0045341 -0.0008523
-0.0042673 -0.0010057
-0.0044078 -0.0005846
-0.0041982 -0.0006605
-0.0041078 -0.0006734
-0.0041099 -0.0009180
-0.0039956 -0.0010286
-0.0038034 -0.0011392
-0.0036298 -0.0007355
-0.0035833 -0.0005820
-0.0033859 -0.0007750
-0.0034763 -0.0010872
-0.0035639 -0.0014191
-0.0033107 -0.0022876
-0.0031544 -0.0025424
-0.0025391 -0.0031569
-0.0021745 -0.0036616
-0.0020372 -0.0040859
-0.0016714 -0.0043693
-0.0016714 -0.0042518
-0.0010355 -0.0040237
-0.0009568 -0.0038675
-0.0005906 -0.0035400
-0.0001481 -0.0031581
 0.0004277 -0.0029065
 0.0007943 -0.0021402
 0.0009275 -0.0018172
 0.0008888 -0.0017413
 0.0006207 -0.0015565
 0.0004677 -0.0013300
 0.0003126 -0.0012549
 0.0000074 -0.0012408
-0.0001307 -0.0008976
-0.0001250 -0.0009146
 0.0000474 -0.0010333
 0.0001641 -0.0005415
 0.0004944 -0.0005420
 0.0003591 -0.0000672
 0.0005844  0.0003523
 0.0004685  0.0004799
 0.0001007  0.0009228
-0.0002313  0.0009830
-0.0006750  0.0007565
-0.0012132  0.0003778
-0.0011563  0.0001703
-0.0011611 -0.0002500
-0.0012233  0.0000770
-0.0010005  0.0001150
-0.0013538  0.0002115
-0.0012634  0.0008861
-0.0016700  0.0004634
-0.0020528  0.0007501
-0.0021501  0.0005038
-0.0023939  0.0004848
-0.0025832  0.0003528
-0.0025416  0.0001041
-0.0026365  0.0003932
-0.0030564  0.0005676
-0.0027277  0.0008555
-0.0028271  0.0008555
-0.0027552  0.0011821
-0.0026216  0.0008571
-0.0026018  0.0004356
-0.0028134  0.0001049
-0.0027912 -0.0006230
-0.0027124 -0.0008528
-0.0030738 -0.0010676
-0.0029550 -0.0010094
-0.0028710 -0.0009888
-0.0029610 -0.0007644
-0.0026513 -0.0003033
-0.0025726  0.0000181
-0.0021878  0.0000915
-0.0018228  0.0002050
-0.0015015 -0.0000668
-0.0012911 -0.0000074
-0.0010844 -0.0001794
-0.0007953 -0.0005617
-0.0005107 -0.0007874
-0.0004929 -0.0013773
-0.0004175 -0.0016046
-0.0003424 -0.0021569
-0.0004397 -0.0026147
-0.0001902 -0.0026280
-0.0002693 -0.0024576
-0.0001324 -0.0026296
-0.0001692 -0.0029018
 0.0000796 -0.0027677
-0.0000702 -0.0030205
-0.0000912 -0.0025053
 0.0001353 -0.0024133
 0.0002862 -0.0023786
 0.0001086 -0.0020540
 0.0001005 -0.0018852
 0.0000593 -0.0018658
 0.0000528 -0.0019979
 0.0005074 -0.0020948
 0.0007726 -0.0021299
 0.0009414 -0.0023180
 0.0013200 -0.0022542
 0.0015324 -0.0026353
 0.0017609 -0.0024588
 0.0018530 -0.0023995
 0.0021271 -0.0024140
 0.0019729 -0.0021649
 0.0018805 -0.0020102
 0.0018482 -0.0020453
 0.0016205 -0.0014127
 0.0016653 -0.0011983
 0.0011534 -0.0012144
 0.0005797 -0.0010767
 0.0003367 -0.0010690
 0.0001889 -0.0012188
-0.0001756 -0.0011982
-0.0003860 -0.0010229
-0.0004627 -0.0010411
-0.0004635 -0.0003664
-0.0005390 -0.0002146
-0.0007720  0.0000341
-0.0004845  0.0006655
-0.0004841  0.0009514
-0.0008495  0.0010591
-0.0011180  0.0008048
-0.0009662  0.0004325
-0.0013651  0.0002750
-0.0015754  0.0001550
-0.0018996  0.0001490
-0.0019719 -0.0000828
-0.0017397 -0.0001611
-0.0018713 -0.0001515
-0.0016400 -0.0003437
-0.0013412 -0.0003069
-0.0013267 -0.0000825
-0.0015815  0.0000297
-0.0013781  0.0002768
-0.0016135  0.0004654
-0.0019438  0.0010387
-0.0021013  0.0008489
-0.0023342  0.0011364
-0.0027162  0.0010003
-0.0024666  0.0005800
-0.0025038  0.0004964
-0.0022514  0.0004625
-0.0021372  0.0001734
-0.0025224  0.0003248
-0.0025813  0.0004048
-0.0027202  0.0005772
-0.0029338  0.0006006
-0.0029020  0.0011235
-0.0033441  0.0010323
-0.0032096  0.0013626
-0.0031349  0.0019411
-0.0031923  0.0018883
-0.0031151  0.0019428
-0.0032282  0.0021568
-0.0036509  0.0020223
-0.0038015  0.0018669
-0.0038411  0.0017502
-0.0040264  0.0019791
-0.0045641  0.0015770
-0.0046635  0.0019601
-0.0047914  0.0013113
-0.0045568  0.0013162
-0.0046121  0.0009016
-0.0045100  0.0005616
-0.0041215  0.0001648
-0.0034263 -0.0000593
-0.0028230 -0.0002325
-0.0025129 -0.0000007
-0.0020551  0.0001281
-0.0018056  0.0002246
-0.0018076  0.0000840
-0.0017878 -0.0001861
-0.0017280 -0.0002095
-0.0015746 -0.0002487
-0.0012674 -0.0006351
-0.0011272 -0.0008075
-0.0008579 -0.0001595
-0.0005693 -0.0001979
-0.0003181 -0.0000646
 0.0000061  0.0001481
 0.0000993  0.0006298
 0.0000416  0.0007998
 0.0002487  0.0010118
 0.0003815  0.0015479
 0.0003638  0.0017014
 0.0012298  0.0017587
 0.0015189  0.0021047
 0.0019626  0.0024701
 0.0028057  0.0023389
 0.0027447  0.0021879
 0.0031282  0.0025311
 0.0034133  0.0024584
 0.0035271  0.0023014
 0.0032760  0.0024172
 0.0034266  0.0024366
 0.0026784  0.0028020
 0.0019844  0.0029897
 0.0015818  0.0027963
 0.0014523  0.0028884
 0.0012976  0.0027721
 0.0016436  0.0028872
 0.0014845  0.0031734
 0.0015774  0.0033252
 0.0018047  0.0034064
 0.0014001  0.0036402
 0.0011873  0.0035909
 0.0008038  0.0034803
 0.0002729  0.0031186
-0.0001058  0.0031602
-0.0006012  0.0026797
-0.0009787  0.0026579
-0.0012040  0.0022187
-0.0011256  0.0021613
-0.0014531  0.0026402
-0.0013533  0.0027581
-0.0013170  0.0028768
-0.0016816  0.0028578
-0.0016473  0.0031918
-0.0021075  0.0031361
-0.0023558  0.0031207
-0.0021394  0.0029512
-0.0024240  0.0027441
-0.0022290  0.0025103
-0.0018059  0.0026084
-0.0016892  0.0025672
-0.0017639  0.0025417
-0.0010920  0.0026241
-0.0010710  0.0021223
-0.0013561  0.0022930
-0.0007593  0.0019668
-0.0007330  0.0015198
-0.0009426  0.0014237
-0.0007936  0.0007898
-0.0008683  0.0007866
-0.0008336  0.0005581
-0.0004912  0.0004592
-0.0009152  0.0008597
-0.0007868  0.0012436
-0.0007888  0.0012420
-0.0009633  0.0011253
-0.0010077  0.0012210
-0.0007602  0.0009166
-0.0007841  0.0007430
-0.0006557  0.0012053
-0.0005273  0.0006497
-0.0005871  0.0005718
-0.0001527  0.0004979
-0.0000211 -0.0000391
 0.0000544 -0.0002098
 0.0002829 -0.0004763
 0.0000334 -0.0005514
 0.0000726 -0.0010298
-0.0003183 -0.0009297
-0.0002755 -0.0008752
-0.0002161 -0.0009341
-0.0001588 -0.0014368
 0.0001856 -0.0014050
 0.0003168 -0.0013888
 0.0002530 -0.0013343
 0.0002905 -0.0012778
 0.0003281 -0.0013909
 0.0001904 -0.0015406
-0.0001350 -0.0016916
-0.0002077 -0.0021486
 0.0000604 -0.0022588
 0.0001436 -0.0026808
 0.0004109 -0.0027966
 0.0005296 -0.0024527
 0.0006677 -0.0020134
 0.0005571 -0.0017877
 0.0003298 -0.0009483
-0.0001482 -0.0008349
-0.0003166 -0.0006233
-0.0006573 -0.0008547
-0.0004813 -0.0012346
-0.0002301 -0.0016710
 0.0001773 -0.0021091
 0.0004510 -0.0025508
 0.0008515 -0.0025116
 0.0007962 -0.0022662
 0.0010651 -0.0021741
 0.0011564 -0.0015427
 0.0011778 -0.0012040
 0.0013494 -0.0007998
 0.0009997 -0.0004946
 0.0009989 -0.0006892
 0.0013404 -0.0010340
 0.0013953 -0.0013772
 0.0017970 -0.0013639
 0.0018927 -0.0015944
 0.0027559 -0.0016372
 0.0025262 -0.0018359
 0.0023716 -0.0016494
 0.0025415 -0.0012893
 0.0020078 -0.0010240
 0.0023284 -0.0008670
 0.0018479 -0.0004842
 0.0016561 -0.0005012
 0.0014655 -0.0007664
 0.0012144 -0.0010741
 0.0008498 -0.0011540
 0.0008631 -0.0011520
 0.0003818 -0.0013970
-0.0001390 -0.0013389
-0.0002581 -0.0019626
-0.0006062 -0.0018625
-0.0008388 -0.0018750
-0.0012062 -0.0020029
-0.0010544 -0.0016371
-0.0010128 -0.0020788
-0.0009914 -0.0021543
-0.0007221 -0.0017769
-0.0009061 -0.0015871
-0.0005593 -0.0016077
-0.0003074 -0.0013231
-0.0003622 -0.0008224
 0.0000819 -0.0008018
-0.0001075 -0.0007465
 0.0000452 -0.0006076
 0.0003355 -0.0005882
 0.0006036 -0.0005672
 0.0008143 -0.0006104
 0.0010037 -0.0010364
 0.0012895 -0.0011491
 0.0017098 -0.0014365
 0.0018644 -0.0018205
 0.0019371 -0.0016667
 0.0019585 -0.0014741
 0.0017643 -0.0016073
 0.0018459 -0.0019501
 0.0019254 -0.0018887
 0.0020252 -0.0018669
 0.0026833 -0.0020409
 0.0031844 -0.0020805
 0.0032256 -0.0019464
 0.0035934 -0.0022598
 0.0038615 -0.0022973
 0.0035550 -0.0025319
 0.0034036 -0.0027285
 0.0032304 -0.0028634
 0.0032127 -0.0032902
 0.0033637 -0.0030988
 0.0033600 -0.0030447
 0.0034961 -0.0030831
 0.0037646 -0.0029280
 0.0037024 -0.0026793
 0.0036063 -0.0031190
 0.0039894 -0.0031166
 0.0038868 -0.0027326
 0.0035545 -0.0028897
 0.0037233 -0.0027936
 0.0040463 -0.0022578
 0.0035456 -0.0022651
 0.0035835 -0.0017447
 0.0029258 -0.0016361
 0.0026157 -0.0018695
 0.0024990 -0.0013148
 0.0023815 -0.0016987
 0.0026496 -0.0018138
 0.0031615 -0.0016551
 0.0036404 -0.0017479
 0.0040025 -0.0015327
 0.0042512 -0.0008935
 0.0039101 -0.0006424
 0.0034102 -0.0002725
 0.0032544 -0.0000008
 0.0027816  0.0000210
 0.0022075  0.0001942
 0.0019047  0.0001393
 0.0017529  0.0003485
 0.0015830  0.0004788
 0.0015413  0.0009569
 0.0015821  0.0009149
 0.0018902  0.0010283
 0.0019492  0.0010791
 0.0017219  0.0010804
 0.0018018  0.0009406
 0.0018253  0.0009600
 0.0013941  0.0008780
 0.0011656  0.0009543
 0.0008608  0.0010290
 0.0002330  0.0012579
-0.0000504  0.0014691
-0.0001824  0.0012188
-0.0003706  0.0015438
-0.0002523  0.0017360
-0.0006164  0.0013467
-0.0007715  0.0017901
-0.0008672  0.0013112
-0.0011926  0.0012535
-0.0010977  0.0011590
-0.0007541  0.0012947
-0.0010045  0.0012034
-0.0007162  0.0013407
-0.0004267  0.0013864
-0.0003516  0.0016388
-0.0006564  0.0016388
-0.0002898  0.0015245
-0.0002886  0.0018524
-0.0000556  0.0016804
 0.0001370  0.0014728
 0.0000776  0.0011656
 0.0001139  0.0015871
 0.0003610  0.0014531
 0.0003146  0.0016654
 0.0005023  0.0020749
 0.0005329  0.0020402
 0.0001090  0.0018302
-0.0001619  0.0015238
-0.0003396  0.0011035
-0.0007636  0.0002770
-0.0009751 -0.0005309
-0.0010022 -0.0012423
-0.0013107 -0.0013994
-0.0013317 -0.0016695
-0.0012760 -0.0012092
-0.0014492 -0.0007708
-0.0015073 -0.0006298
-0.0015061 -0.0002410
-0.0018154  0.0001640
-0.0015828 -0.0002700
-0.0009481  0.0001196
-0.0011536  0.0005052
-0.0006675  0.0003938
-0.0003331  0.0006082
-0.0004074  0.0006829
-0.0003185  0.0006070
-0.0001788  0.0005888
-0.0002680  0.0007212
-0.0002429  0.0006890
-0.0002191  0.0004790
-0.0002554  0.0007903
-0.0001759  0.0007722
-0.0004242  0.0008287
-0.0000596  0.0005763
 0.0002432  0.0005755
 0.0002594  0.0004552
 0.0006792  0.0007753
 0.0009094  0.0005032
 0.0012868  0.0005528
 0.0015368  0.0007353
 0.0014156  0.0004417
 0.0015250  0.0006258
 0.0019978  0.0005850
 0.0017979  0.0005983
 0.0013917  0.0004977
 0.0015406  0.0004020
 0.0010408  0.0006697
 0.0007323  0.0004174
 0.0002563  0.0002098
-0.0000489  0.0003213
-0.0003905  0.0000342
-0.0006759 -0.0000570
-0.0008091 -0.0001115
-0.0009420  0.0000464
-0.0005184  0.0001692
-0.0003287  0.0005568
-0.0004660  0.0011923
-0.0005443  0.0014313
-0.0007599  0.0020830
-0.0012283  0.0025106
-0.0015388  0.0027072
-0.0021949  0.0027521
-0.0027711  0.0027368
-0.0029229  0.0025474
-0.0035713  0.0022967
-0.0035276  0.0020657
-0.0031231  0.0017024
-0.0036600  0.0013915
-0.0034254  0.0009865
-0.0034126  0.0009469
-0.0032789  0.0007850
-0.0028388  0.0007228
-0.0024561  0.0005859
-0.0019987  0.0005596
-0.0013434  0.0002156
-0.0009425 -0.0000888
-0.0011132 -0.0001086
-0.0009570 -0.0005450
-0.0012787 -0.0005769
-0.0021185 -0.0005785
-0.0023490 -0.0011546
-0.0028481 -0.0014284
-0.0036128 -0.0017038
-0.0032857 -0.0020543
-0.0034771 -0.0017135
-0.0031166 -0.0015868
-0.0027512 -0.0013987
-0.0022554 -0.0015141
-0.0016037 -0.0015772
-0.0010449 -0.0019793
-0.0008709 -0.0021335
-0.0006024 -0.0019825
-0.0004470 -0.0019268
-0.0006965 -0.0018307
-0.0004417 -0.0013305
-0.0005741 -0.0013446
-0.0002842 -0.0009957
-0.0001700 -0.0010329
 0.0001308 -0.0014148
 0.0005688 -0.0013583
 0.0007525 -0.0010353
 0.0006540 -0.0012315
 0.0005494 -0.0008516
 0.0001234 -0.0006458
 0.0001181 -0.0008977
-0.0005788 -0.0009781
-0.0006188 -0.0007661
-0.0008114 -0.0007071
-0.0009454 -0.0006284
-0.0003499 -0.0002598
-0.0005747 -0.0002739
-0.0004382 -0.0001023
-0.0001475  0.0001344
-0.0001653  0.0005781
-0.0001467  0.0010424
 0.0001618  0.0011846
-0.0000857  0.0014446
-0.0000643  0.0018306
-0.0005973  0.0017608
-0.0005181  0.0017298
-0.0008181  0.0016716
-0.0006969  0.0011012
-0.0006173  0.0007208
-0.0003436  0.0008569
 0.0002350  0.0004382
-0.0000323  0.0004387
 0.0003493  0.0005174
 0.0003093  0.0002691
 0.0003444  0.0001326
 0.0006496  0.0000910
 0.0007469  0.0004536
 0.0004397  0.0004232
 0.0007679  0.0002831
 0.0007651  0.0002435
 0.0008200  0.0002936
 0.0008394  0.0006759
 0.0005487  0.0005798
 0.0001267  0.0011894
 0.0000735  0.0012516
-0.0000969  0.0012302
-0.0004603  0.0012896
-0.0004199  0.0013078
-0.0001102  0.0013453
-0.0002648  0.0015710
-0.0002644  0.0018972
-0.0004376  0.0016667
-0.0004974  0.0022730
-0.0007441  0.0022351
-0.0007849  0.0022892
-0.0009585  0.0026307
-0.0010340  0.0027603
-0.0006855  0.0025063
-0.0007982  0.0030586
-0.0005470  0.0029981
-0.0010602  0.0028596
-0.0008914  0.0028543
-0.0008696  0.0021215
-0.0011405  0.0021417
-0.0013142  0.0018130
-0.0014930  0.0017222
-0.0016885  0.0013011
-0.0015762  0.0011109
-0.0016990  0.0008275
-0.0012222  0.0007557
-0.0011645  0.0007940
-0.0008011  0.0003955
-0.0005096  0.0006677
-0.0000316  0.0008595
-0.0000707  0.0010912
-0.0001289  0.0013056
-0.0000897  0.0013666
-0.0004724  0.0015023
-0.0000917  0.0015830
-0.0002476  0.0012399
-0.0000962  0.0013215
 0.0000197  0.0014220
 0.0004804  0.0009331
 0.0005191  0.0009360
 0.0007150  0.0011479
 0.0010247  0.0008633
 0.0009516  0.0009174
 0.0009916  0.0009719
 0.0011466  0.0008774
 0.0012819  0.0009489
 0.0008208  0.0010796
 0.0007049  0.0008099
 0.0008963  0.0006569
 0.0007408  0.0005035
 0.0006278  0.0002903
 0.0006064  0.0004474
 0.0009124  0.0004098
 0.0013005  0.0004635
 0.0010501  0.0006868
 0.0015871  0.0011397
 0.0014478  0.0010577
 0.0014115  0.0013985
 0.0019254  0.0016274
 0.0018479  0.0015297
 0.0017873  0.0015268
 0.0017910  0.0010694
 0.0020021  0.0009951
 0.0017155  0.0012661
 0.0018548  0.0011147
 0.0016271  0.0015782
 0.0015928  0.0017122
 0.0014228  0.0019072
 0.0013049  0.0019876
 0.0010170  0.0020470
 0.0008297  0.0018588
 0.0007930  0.0018233
 0.0007001  0.0016320
 0.0006057  0.0011184
 0.0005653  0.0007958
 0.0005843  0.0011007
 0.0009064  0.0007793
 0.0010929  0.0009505
 0.0008390  0.0016389
 0.0008353  0.0016978
 0.0006036  0.0019429
-0.0002052  0.0019602
-0.0008241  0.0013082
-0.0012255  0.0005939
-0.0015513 -0.0000016
-0.0019142 -0.0007332
-0.0017390 -0.0011350
-0.0018516 -0.0011761
-0.0019275 -0.0013490
-0.0021932 -0.0016776
-0.0020922 -0.0019057
-0.0019541 -0.0023252
-0.0017183 -0.0028803
-0.0014070 -0.0032417
-0.0015394 -0.0034121
-0.0016904 -0.0038154
-0.0012669 -0.0037020
-0.0018789 -0.0040335
-0.0019012 -0.0038021
-0.0020736 -0.0033661
-0.0024014 -0.0030435
-0.0026562 -0.0023963
-0.0028117 -0.0020689
-0.0029853 -0.0018012
-0.0029494 -0.0016272
-0.0029251 -0.0018347
-0.0028702 -0.0017931
-0.0030806 -0.0021375
-0.0031177 -0.0022328
-0.0032150 -0.0025590
-0.0033070 -0.0028509
-0.0033850 -0.0028352
-0.0031952 -0.0025485
-0.0028117 -0.0025942
-0.0022920 -0.0025542
-0.0021624 -0.0017722
-0.0018391 -0.0016200
-0.0017272 -0.0011411
-0.0016833 -0.0008941
-0.0014395 -0.0006833
-0.0012562 -0.0000058
-0.0013967  0.0002111
-0.0015393  0.0005401
-0.0009660  0.0011050
-0.0010657  0.0013360
-0.0011841  0.0018758
-0.0010472  0.0018391
-0.0014122  0.0020316
-0.0013395  0.0020531
-0.0015357  0.0017272
-0.0016339  0.0017054
-0.0016944  0.0013631
-0.0016961  0.0009840
-0.0013674  0.0011007
-0.0014437  0.0007446
-0.0013642  0.0006521
-0.0012075  0.0010192
-0.0006265  0.0009267
-0.0010782  0.0010398
-0.0012482  0.0015582
-0.0014549  0.0015223
-0.0019135  0.0018307
-0.0024105  0.0021166
-0.0022947  0.0017577
-0.0027347  0.0018162
-0.0024654  0.0018360
-0.0019276  0.0013786
-0.0019846  0.0015102
-0.0015239  0.0017775
-0.0011779  0.0016067
-0.0009990  0.0015857
-0.0003861  0.0015618
-0.0001127  0.0015214
 0.0000282  0.0015513
 0.0002999  0.0015694
 0.0003638  0.0014491
 0.0004231  0.0012392
 0.0003109  0.0010849
-0.0001518  0.0007563
-0.0003440  0.0007983
-0.0001312  0.0008552
-0.0004211  0.0007971
-0.0005568  0.0011778
-0.0003311  0.0011963
-0.0001756  0.0013506
-0.0003727  0.0015997
-0.0001785  0.0014285
-0.0001563  0.0015270
-0.0002185  0.0016639
 0.0001683  0.0017427
-0.0001546  0.0017047
 0.0003295  0.0017039
 0.0005059  0.0017092
 0.0005608  0.0014391
 0.0011782  0.0015780
 0.0017511  0.0015590
 0.0015561  0.0015739
 0.0017486  0.0019587
 0.0015928  0.0024371
 0.0011898  0.0026277
 0.0007506  0.0029725
 0.0003480  0.0028021
-0.0003416  0.0027044
-0.0004513  0.0023229
-0.0009314  0.0020762
-0.0011199  0.0020378
-0.0011950  0.0018267
-0.0013476  0.0014464
-0.0018519  0.0010991
-0.0018342  0.0005634
-0.0017001  0.0000651
-0.0017426 -0.0000100
-0.0013627 -0.0003366
-0.0010187 -0.0003725
-0.0007691 -0.0000318
-0.0002499  0.0002928
 0.0000161  0.0005201
 0.0002079  0.0010171
 0.0004599  0.0009751
 0.0004239  0.0008403
 0.0003868  0.0010280
 0.0005447  0.0004523
 0.0004272  0.0003150
 0.0006194  0.0000606
 0.0008471 -0.0000525
 0.0008842 -0.0001328
 0.0007639 -0.0000594
 0.0012027  0.0001340
 0.0007453  0.0006282
 0.0010130  0.0008935
 0.0009799  0.0013901
 0.0009432  0.0016908
 0.0010029  0.0021272
 0.0010861  0.0019685
 0.0012226  0.0024231
 0.0013975  0.0019398
 0.0014705  0.0018445
 0.0018480  0.0018429
 0.0020204  0.0016915
 0.0024003  0.0011372
 0.0022255  0.0011755
 0.0024136  0.0011227
 0.0020894  0.0006830
 0.0018956  0.0002413
 0.0021641  0.0003205
 0.0019864  0.0001311
 0.0025270  0.0003649
 0.0028908  0.0004097
 0.0031766  0.0009306
 0.0036002  0.0007078
 0.0036385  0.0009234
 0.0037116  0.0007797
 0.0035763  0.0008580
 0.0034366  0.0009227
 0.0029594  0.0008690
 0.0027486  0.0013337
 0.0025581  0.0015683
 0.0020021  0.0017436
 0.0017195  0.0022438
 0.0012031  0.0024966
 0.0011838  0.0026335
 0.0007445  0.0030041
 0.0009968  0.0027320
 0.0010550  0.0030586
 0.0010796  0.0032879
 0.0010849  0.0032096
 0.0009541  0.0034179
 0.0005193  0.0034934
 0.0003716  0.0030352
-0.0000442  0.0033239
-0.0005211  0.0028030
-0.0005158  0.0027263
-0.0006111  0.0023738
-0.0008226  0.0018901
-0.0000519  0.0017306
 0.0000608  0.0014903
 0.0007504  0.0008858
 0.0013208  0.0006525
 0.0015498  0.0006076
 0.0017007  0.0003916
 0.0017387  0.0005087
 0.0016410  0.0009657
 0.0013196  0.0010057
 0.0008569  0.0011240
 0.0009748  0.0012411
 0.0006696  0.0014394
 0.0003583  0.0016546
 0.0003385  0.0015617
 0.0008747  0.0015036
 0.0011020  0.0016707
 0.0014605  0.0019129
 0.0020140  0.0020813
 0.0021440  0.0022447
 0.0023503  0.0022766
 0.0023442  0.0025055
 0.0023365  0.0029238
 0.0024301  0.0030207
 0.0021031  0.0031519
 0.0016436  0.0036493
 0.0015924  0.0032294
 0.0012286  0.0032670
 0.0010756  0.0030921
 0.0009815  0.0024256
 0.0007134  0.0019875
 0.0006924  0.0018171
 0.0007147  0.0010690
 0.0009395  0.0009576
 0.0008039  0.0009584
 0.0009561  0.0008664
 0.0009540  0.0010573
 0.0009112  0.0013529
 0.0003330  0.0012584
 0.0000443  0.0013764
-0.0002229  0.0015346
-0.0005265  0.0013647
-0.0007385  0.0015787
-0.0009670  0.0012920
-0.0009064  0.0010280
-0.0010401  0.0011410
-0.0011931  0.0010086
-0.0008862  0.0011402
-0.0007308  0.0015601
-0.0006977  0.0020745
-0.0010025  0.0025880
-0.0011402  0.0024883
-0.0013861  0.0025654
-0.0016905  0.0022957
-0.0017648  0.0020788
-0.0019525  0.0017344
-0.0022194  0.0012148
-0.0020421  0.0013270
-0.0019270  0.0011942
-0.0021148  0.0009451
-0.0022480  0.0011885
-0.0020990  0.0015551
-0.0022722  0.0017263
-0.0022577  0.0022601
-0.0026284  0.0019726
-0.0021330  0.0018773
-0.0022901  0.0016872
-0.0022562  0.0017147
-0.0020834  0.0012415
-0.0021997  0.0009730
-0.0017976  0.0010562
-0.0015621  0.0006920
-0.0017111  0.0005527
-0.0010982  0.0007465
-0.0012880  0.0008757
-0.0012847  0.0011426
-0.0014575  0.0012205
-0.0016069  0.0012968
-0.0015286  0.0013537
-0.0015273  0.0015653
-0.0012415  0.0017979
-0.0013558  0.0024305
-0.0011668  0.0027027
-0.0013408  0.0030091
-0.0015330  0.0029522
-0.0018064  0.0028339
-0.0020563  0.0026978
-0.0021548  0.0019888
-0.0022146  0.0017575
-0.0023139  0.0010307
-0.0020459  0.0002071
-0.0020289 -0.0008083
-0.0018565 -0.0013837
-0.0015303 -0.0017652
-0.0015686 -0.0023462
-0.0010708 -0.0023325
-0.0008944 -0.0025275
-0.0009678 -0.0026136
-0.0007361 -0.0025554
-0.0006557 -0.0026132
-0.0010538 -0.0032462
-0.0010489 -0.0037416
-0.0008531 -0.0043706
-0.0008651 -0.0047126
-0.0006091 -0.0049980
-0.0000297 -0.0054228
-0.0001060 -0.0052326
-0.0000830 -0.0048733
-0.0000422 -0.0046485
 0.0001459 -0.0040933
 0.0000474 -0.0032701
-0.0000673 -0.0028926
 0.0001972 -0.0024897
 0.0001959 -0.0021849
 0.0003857 -0.0019984
 0.0007285 -0.0019435
 0.0009537 -0.0017929
 0.0009670 -0.0015474
 0.0006924 -0.0015886
 0.0007618 -0.0013165
 0.0005111 -0.0012204
 0.0005842 -0.0015236
 0.0004295 -0.0012518
 0.0003112 -0.0011529
 0.0007917 -0.0009595
 0.0006358 -0.0005772
 0.0005567 -0.0004221
 0.0003774 -0.0001944
 0.0004109  0.0001500
 0.0003899  0.0000971
 0.0002905  0.0004084
 0.0000636  0.0008942
 0.0000310  0.0007081
-0.0000037  0.0006790
 0.0000366  0.0004719
-0.0000776  0.0006698
-0.0000203  0.0006920
 0.0001339  0.0002536
-0.0001580 -0.0000521
 0.0001876 -0.0001853
 0.0000520 -0.0003944
-0.0000417  0.0000509
-0.0004620 -0.0002555
-0.0009025 -0.0002725
-0.0011875  0.0006481
-0.0013199  0.0007813
-0.0012218  0.0007087
-0.0011406  0.0005371
-0.0013700  0.0008431
-0.0009472  0.0006727
-0.0011237  0.0006393
-0.0013498  0.0004079
-0.0013881 -0.0000689
-0.0019441 -0.0000875
-0.0019219 -0.0001052
-0.0019982 -0.0001052
-0.0025339 -0.0002437
-0.0022618  0.0001382
-0.0019525  0.0003086
-0.0019464  0.0003069
-0.0011567  0.0005371
-0.0007666  0.0003986
-0.0005885  0.0003965
 0.0000688  0.0001632
 0.0002283 -0.0002830
 0.0006914 -0.0008450
 0.0012296 -0.0014244
 0.0013225 -0.0018335
 0.0014351 -0.0020087
 0.0016579 -0.0024940
 0.0013442 -0.0024961
 0.0012271 -0.0027080
 0.0009566 -0.0031344
 0.0009182 -0.0033295
 0.0005157 -0.0034865
 0.0005932 -0.0034882
 0.0004930 -0.0033929
 0.0002254 -0.0035326
 0.0000715 -0.0030513
 0.0000485 -0.0029391
-0.0004526 -0.0027114
-0.0005281 -0.0024833
-0.0008180 -0.0022584
-0.0008798 -0.0022584
-0.0011503 -0.0020069
-0.0008673 -0.0022956
-0.0011015 -0.0022531
-0.0012053 -0.0024574
-0.0010345 -0.0027788
-0.0009949 -0.0027957
-0.0004999 -0.0026943
-0.0004967 -0.0026334
-0.0003219 -0.0024016
-0.0001470 -0.0021343
-0.0000740 -0.0018683
-0.0000134 -0.0016773
-0.0001301 -0.0016600
-0.0002868 -0.0016785
-0.0006356 -0.0011371
-0.0009251 -0.0010563
-0.0011573 -0.0009743
-0.0013878 -0.0007983
-0.0016127 -0.0008366
-0.0014205 -0.0006053
-0.0012251 -0.0003739
-0.0011414 -0.0003739
-0.0009432 -0.0001244
-0.0008422 -0.0005249
-0.0009483 -0.0005084
-0.0008994 -0.0010462
-0.0008356 -0.0014628
-0.0005986 -0.0016764
-0.0006708 -0.0019618
-0.0002097 -0.0022114
-0.0001771 -0.0020955
 0.0002844 -0.0022299
 0.0003526 -0.0020987
 0.0005399 -0.0016405
 0.0004212 -0.0012763
 0.0003416 -0.0014132
 0.0001268 -0.0011249
 0.0001660 -0.0010062
 0.0001260 -0.0012739
-0.0003347 -0.0010631
-0.0000472 -0.0008313
-0.0003589 -0.0007550
-0.0003807 -0.0005612
-0.0004199 -0.0004288
-0.0003234 -0.0004272
-0.0004603 -0.0000061
-0.0006153  0.0001094
-0.0000985  0.0000339
 0.0000174  0.0002652
 0.0001280  0.0002451
 0.0002418  0.0004962
-0.0001434  0.0004974
-0.0002431  0.0005325
-0.0006287  0.0007037
-0.0011891  0.0002975
-0.0011722  0.0001679
-0.0015953 -0.0000614
-0.0018671 -0.0000997
-0.0019228 -0.0003452
-0.0019220 -0.0010138
-0.0017822 -0.0011632
-0.0011277 -0.0012556
-0.0007975 -0.0015419
-0.0004494 -0.0013634
-0.0003553 -0.0010541
-0.0005851 -0.0007230
-0.0005479 -0.0005704
-0.0003372 -0.0003164
-0.0004716 -0.0005824
-0.0000489 -0.0009119
 0.0004909 -0.0010641
 0.0007982 -0.0014671
 0.0014002 -0.0013714
 0.0014002 -0.0014901
 0.0012686 -0.0010714
 0.0009052 -0.0007872
 0.0005233 -0.0007909
 0.0001006 -0.0009508
-0.0000141 -0.0012052
 0.0000828 -0.0012666
 0.0004090 -0.0015638
 0.0009678 -0.0017608
 0.0014281 -0.0017685
 0.0016962 -0.0013152
 0.0016776 -0.0010144
 0.0020200 -0.0002114
 0.0017305  0.0001859
 0.0014043  0.0006082
 0.0013639  0.0011064
 0.0013416  0.0012635
 0.0012645  0.0010556
 0.0013017  0.0008089
 0.0013009  0.0001428
 0.0009532 -0.0004899
 0.0010065 -0.0006970
 0.0011006 -0.0011286
 0.0008878 -0.0010482
 0.0005409 -0.0014689
 0.0009463 -0.0017527
 0.0008357 -0.0016360
 0.0011054 -0.0015642
 0.0008918 -0.0014883
 0.0007206 -0.0012222
 0.0006819 -0.0012416
 0.0004574 -0.0009117
 0.0002253 -0.0007946
-0.0001365 -0.0001559
-0.0004013  0.0001930
-0.0005907  0.0009464
-0.0009565  0.0013167
-0.0012262  0.0015921
-0.0016085  0.0018271
-0.0017640  0.0014145
-0.0018233  0.0008812
-0.0017664  0.0002699
-0.0017260 -0.0001690
-0.0015153 -0.0007439
-0.0014918 -0.0008973
-0.0014276 -0.0012025
-0.0016957 -0.0010483
-0.0019012 -0.0011815
-0.0021680 -0.0015061
-0.0025451 -0.0015074
-0.0030050 -0.0013152
-0.0029415 -0.0017763
-0.0031119 -0.0016459
-0.0028842 -0.0017626
-0.0022693 -0.0014598
-0.0021526 -0.0016383
-0.0017888 -0.0016205
-0.0012349 -0.0012026
-0.0008312 -0.0010904
-0.0006967 -0.0011550
-0.0005074 -0.0011805
-0.0003907 -0.0008963
-0.0003947 -0.0008034
-0.0004735 -0.0009775
-0.0005526 -0.0012104
-0.0003059 -0.0014038
-0.0003092 -0.0015758
-0.0004663 -0.0016356
-0.0004465 -0.0015989
-0.0001610 -0.0015605
-0.0002172 -0.0016021
 0.0000671 -0.0008766
 0.0002572 -0.0008193
 0.0004886 -0.0006521
 0.0008697 -0.0004244
 0.0013639 -0.0002157
 0.0015351 -0.0002529
 0.0020115  0.0001319
 0.0018944  0.0003633
 0.0022767  0.0006507
 0.0022355  0.0011926
 0.0020841  0.0013666
 0.0015059  0.0017300
 0.0013323  0.0018656
 0.0009677  0.0019799
 0.0007743  0.0022859
 0.0005579  0.0025581
 0.0002094  0.0023279
 0.0002647  0.0023344
 0.0003980  0.0021427
 0.0001888  0.0019529
 0.0000370  0.0017438
 0.0001691  0.0016699
 0.0001909  0.0014640
 0.0001097  0.0018319
 0.0002841  0.0020075
 0.0000503  0.0023176
-0.0001629  0.0028776
-0.0004524  0.0027852
-0.0006078  0.0026532
-0.0005501  0.0021747
-0.0007641  0.0017879
-0.0003199  0.0011367
 0.0001214  0.0007099
 0.0004637  0.0002839
 0.0009636  0.0001050
 0.0015207  0.0003686
 0.0019471  0.0005213
 0.0019483  0.0007078
 0.0016290  0.0007074
 0.0015935  0.0005725
 0.0008292  0.0004893
 0.0009136  0.0001461
 0.0003597 -0.0000089
 0.0003569  0.0001029
 0.0006464  0.0001776
 0.0008200 -0.0001329
 0.0011765  0.0001901
 0.0014243  0.0001299
 0.0016916  0.0003810
 0.0018814  0.0000487
 0.0017889  0.0003031
 0.0016137  0.0008191
 0.0015019  0.0009535
 0.0014066  0.0012995
 0.0012503  0.0016282
 0.0009043  0.0018943
 0.0006944  0.0023590
 0.0005587  0.0022064
 0.0006556  0.0023219
 0.0010590  0.0027272
 0.0010371  0.0025932
 0.0010759  0.0025355
 0.0015503  0.0027337
 0.0015301  0.0027717
 0.0015216  0.0030042
 0.0019031  0.0031827
 0.0018050  0.0029958
 0.0017032  0.0029615
 0.0015918  0.0026789
 0.0012470  0.0026636
 0.0008659  0.0024177
 0.0005796  0.0025958
 0.0003374  0.0028821
-0.0002327  0.0029765
-0.0007829  0.0030327
-0.0012379  0.0025134
-0.0013869  0.0027613
-0.0012504  0.0023596
-0.0009626  0.0025296
-0.0008842  0.0021642
-0.0004417  0.0019473
 0.0001716  0.0019073
 0.0009226  0.0015424
 0.0011325  0.0013296
 0.0013469  0.0010235
 0.0017127  0.0004494
 0.0020063  0.0000707
 0.0020079 -0.0003904
 0.0022235 -0.0010412
 0.0024169 -0.0011736
 0.0026313 -0.0010981
 0.0026907 -0.0011458
 0.0027856 -0.0006880
 0.0023628 -0.0006561
 0.0021517 -0.0008919
 0.0022647 -0.0006679
 0.0017665 -0.0007111
 0.0011520 -0.0011407
 0.0008827 -0.0009114
 0.0009562 -0.0012264
 0.0009129 -0.0016729
 0.0008858 -0.0014889
 0.0011850 -0.0021652
 0.0013541 -0.0019173
 0.0016327 -0.0018591
 0.0010916 -0.0018628
 0.0008950 -0.0016896
 0.0009491 -0.0013633
 0.0006563 -0.0012660
 0.0004052 -0.0012830
 0.0004576 -0.0012806
 0.0004544 -0.0014109
 0.0008929 -0.0016180
 0.0009122 -0.0019620
 0.0007947 -0.0022075
 0.0007604 -0.0026625
 0.0007802 -0.0033331
 0.0006313 -0.0038297
 0.0002344 -0.0040190
 0.0002752 -0.0041006
 0.0003753 -0.0039464
 0.0008768 -0.0040619
 0.0010141 -0.0038132
 0.0014170 -0.0036375
 0.0015180 -0.0037675
 0.0011538 -0.0037824
 0.0013666 -0.0039859
 0.0012334 -0.0042673
 0.0010667 -0.0044744
 0.0011846 -0.0047780
 0.0014951 -0.0046782
 0.0016893 -0.0047751
 0.0020212 -0.0051591
 0.0022081 -0.0047986
 0.0027451 -0.0050299
 0.0032045 -0.0048373
 0.0035675 -0.0049362
 0.0036612 -0.0044525
 0.0037920 -0.0043157
 0.0038650 -0.0039087
 0.0033652 -0.0039248
 0.0035404 -0.0039018
 0.0031920 -0.0036861
 0.0031399 -0.0034742
 0.0028157 -0.0036260
 0.0030111 -0.0038779
 0.0030742 -0.0037427
 0.0029005 -0.0033999
 0.0029211 -0.0030014
 0.0023632 -0.0023510
 0.0024043 -0.0017954
 0.0018031 -0.0011256
 0.0012451 -0.0006496
 0.0008939 -0.0001336
 0.0005289 -0.0000659
 0.0000799 -0.0002625
-0.0004616 -0.0000166
-0.0004648 -0.0000962
-0.0004644 -0.0003469
-0.0006227 -0.0003708
-0.0008319 -0.0003340
-0.0009078 -0.0004887
-0.0004281 -0.0005291
-0.0009832 -0.0008565
-0.0009457 -0.0015069
-0.0010632 -0.0011989
-0.0011597 -0.0015812
-0.0012570 -0.0015978
-0.0011432 -0.0013211
-0.0012756 -0.0010046
-0.0014819 -0.0009601
-0.0018194 -0.0009153
-0.0018298 -0.0010473
-0.0021706 -0.0017179
-0.0022024 -0.0022533
-0.0019097 -0.0026958
-0.0015269 -0.0032538
-0.0015084 -0.0036991
-0.0010671 -0.0037972
-0.0010368 -0.0037395
-0.0009052 -0.0035130
-0.0010264 -0.0033580
-0.0007438 -0.0032615
-0.0006707 -0.0032041
-0.0004204 -0.0034508
 0.0002325 -0.0033906
 0.0004828 -0.0033329
 0.0007945 -0.0036947
 0.0007941 -0.0034056
 0.0006460 -0.0035368
 0.0008741 -0.0036696
 0.0005624 -0.0033837
 0.0007392 -0.0034952
 0.0007335 -0.0033240
-0.0000832 -0.0032283
-0.0002172 -0.0028613
-0.0004627 -0.0029000
-0.0008051 -0.0025593
-0.0008798 -0.0023316
-0.0009383 -0.0021418
-0.0012310 -0.0018972
-0.0010603 -0.0018185
-0.0005463 -0.0019900
-0.0004696 -0.0020522
-0.0000485 -0.0021326
 0.0005071 -0.0022873
 0.0005111 -0.0023284
 0.0007631 -0.0020071
 0.0007029 -0.0017039
 0.0003621 -0.0016260
 0.0008793 -0.0013970
 0.0007251 -0.0009541
 0.0007029 -0.0009133
 0.0013388 -0.0007756
 0.0016049 -0.0002580
 0.0016795  0.0004413
 0.0021184  0.0004651
 0.0020170  0.0012202
 0.0016327  0.0014572
 0.0014950  0.0016975
 0.0011518  0.0013890
 0.0006536  0.0015853
 0.0005446  0.0013539
 0.0004089  0.0012380
 0.0002418  0.0013103
-0.0002205  0.0013648
-0.0004486  0.0014358
-0.0007571  0.0015868
-0.0009513  0.0018298
-0.0010106  0.0019804
-0.0009900  0.0016170
-0.0010135  0.0017272
-0.0007995  0.0014571
-0.0005855  0.0011325
-0.0002742  0.0007065
-0.0001147  0.0002289
 0.0004462 -0.0001914
 0.0009141 -0.0003646
 0.0005887 -0.0007275
 0.0007688 -0.0011866
 0.0004846 -0.0016832
 0.0002949 -0.0021237
 0.0004923 -0.0023885
 0.0007976 -0.0023700
 0.0013907 -0.0025250
 0.0015404 -0.0021576
 0.0022825 -0.0020037
 0.0027209 -0.0019836
 0.0029672 -0.0020042
 0.0031994 -0.0020227
 0.0034117 -0.0015839
 0.0036976 -0.0017785
 0.0036076 -0.0018241
 0.0029753 -0.0014450
 0.0029362 -0.0013914
 0.0027246 -0.0016809
 0.0023212 -0.0017229
 0.0024726 -0.0018214
 0.0025836 -0.0023212
 0.0023321 -0.0024718
 0.0022097 -0.0023200
 0.0018976 -0.0027803
 0.0016032 -0.0026850
 0.0014050 -0.0027605
 0.0010735 -0.0028356
 0.0010315 -0.0030847
 0.0009684 -0.0032942
 0.0010447 -0.0035599
 0.0011586 -0.0032930
 0.0012361 -0.0031957
 0.0015664 -0.0029829
 0.0019108 -0.0029232
 0.0019290 -0.0027302
 0.0020255 -0.0022889
 0.0022960 -0.0019961
 0.0025665 -0.0015140
 0.0023154 -0.0011676
 0.0022221 -0.0011450
 0.0021478 -0.0012177
 0.0021701 -0.0015229
 0.0021676 -0.0015931
 0.0021495 -0.0021890
 0.0019742 -0.0023602
 0.0017647 -0.0025116
 0.0017683 -0.0028713
 0.0014441 -0.0028887
 0.0013686 -0.0028136
 0.0010667 -0.0031988
 0.0015471 -0.0035452
 0.0017825 -0.0038920
 0.0018613 -0.0038710
 0.0019416 -0.0034507
 0.0020377 -0.0036207
 0.0022897 -0.0035613
 0.0022461 -0.0034479
 0.0023224 -0.0030437
 0.0026700 -0.0028689
 0.0026857 -0.0022387
 0.0027237 -0.0025629
 0.0030738 -0.0021426
 0.0031933 -0.0024870
 0.0033318 -0.0022552
 0.0033016 -0.0022580
 0.0034768 -0.0024385
 0.0032487 -0.0020578
 0.0030614 -0.0019505
 0.0027492 -0.0015762
 0.0024218 -0.0018666
 0.0023192 -0.0014515
 0.0016639 -0.0016494
 0.0014047 -0.0013268
 0.0011115 -0.0009053
 0.0012237 -0.0004463
 0.0009883  0.0003019
 0.0006217  0.0009515
 0.0004110  0.0017190
 0.0002184  0.0019479
-0.0004163  0.0021732
-0.0010894  0.0022487
-0.0014185  0.0021712
-0.0016918  0.0020537
-0.0020588  0.0019576
-0.0022329  0.0017101
-0.0022361  0.0014255
-0.0020976  0.0011441
-0.0020827  0.0011280
-0.0019272  0.0008837
-0.0016773  0.0005054
-0.0017940  0.0002608
-0.0017548 -0.0001926
-0.0015283 -0.0008382
-0.0016426 -0.0010824
-0.0019317 -0.0009608
-0.0021792 -0.0011296
-0.0025652 -0.0012236
-0.0028878 -0.0012620
-0.0031764 -0.0009927
-0.0032705 -0.0009180
-0.0029774 -0.0008578
-0.0026866 -0.0007819
-0.0024537 -0.0006491
-0.0017604 -0.0000370
-0.0009727  0.0002113
-0.0005653  0.0006509
-0.0002544  0.0009182
-0.0001777  0.0010498
 0.0001490  0.0010119
 0.0003803  0.0011455
 0.0007441  0.0011822
 0.0004376  0.0012383
 0.0007267  0.0010672
 0.0006500  0.0010680
 0.0004582  0.0009529
 0.0006323  0.0007417
 0.0006149  0.0008136
 0.0007486  0.0006763
 0.0005184  0.0007865
 0.0007857  0.0007457
 0.0004033  0.0004138
 0.0005967  0.0006399
 0.0002911  0.0002935
-0.0001473 -0.0000154
-0.0001667 -0.0001099
-0.0002188 -0.0003017
-0.0003330 -0.0002452
-0.0001614 -0.0002407
 0.0001413 -0.0005557
 0.0003311 -0.0004575
 0.0003613 -0.0003651
 0.0006294 -0.0003082
 0.0008918 -0.0001955
 0.0010791 -0.0000582
 0.0009596  0.0001574
 0.0009741  0.0007727
 0.0010262  0.0006653
 0.0009317  0.0009185
 0.0013500  0.0012100
 0.0017521  0.0016538
 0.0015793  0.0019626
 0.0017929  0.0024423
 0.0015983  0.0024584
 0.0011215  0.0023785
 0.0006241  0.0025694
-0.0001241  0.0020111
-0.0002549  0.0013566
-0.0002141  0.0007202
-0.0003441  0.0003989
-0.0001474 -0.0001979
-0.0003150 -0.0009056
-0.0003303 -0.0014083
-0.0004990 -0.0016574
-0.0005915 -0.0022501
-0.0009936 -0.0022477
-0.0011264 -0.0019049
-0.0012027 -0.0017329
-0.0014700 -0.0012771
-0.0016783 -0.0007809
-0.0019303 -0.0007503
-0.0018503 -0.0006372
-0.0018491 -0.0006732
-0.0020380 -0.0006352
-0.0017861 -0.0008052
-0.0016035 -0.0008786
-0.0015591 -0.0010692
-0.0018635 -0.0010741
-0.0018615 -0.0011714
-0.0017840 -0.0006881
-0.0019325 -0.0005977
-0.0013394 -0.0007168
-0.0016487 -0.0004132
-0.0012317 -0.0005497
-0.0011974 -0.0008751
-0.0010682 -0.0010326
-0.0008821 -0.0012966
-0.0007093 -0.0014843
-0.0008841 -0.0012295
