[PARAMETERS]
DW=1E-007
TAU=0.0001
TD=4096
BS=4096
NS=128
NSC=128
FR=56.210000
GAIN=4.974204
D0=0.05
D1=5E-006
D2=6E-006
D3=2.5E-005
D4=1E-005
D5=0.199999999999988
D6=0.001
D7=0.001
D8=0.001
D9=0.05
C0=1
SEGTD=0
SEGOFF=0
SEGNUM=0
[ADDITIONAL]
PPFILE=ZG_two_T2.PC
DATEWR=26.09.2024
TIMEWR=15:49:44
DATESTA=26.09.2024
TIMESTA=15:49:35
DATEEND=26.09.2024
TIMEEND=15:49:44
CURR_Z0=0
CURR_Z1=1
TE=-1
[VARIABLES]
_USER=Measurements
_EMAIL_F=7NMR.NMR-270-ijs.si
_ITC_H=1
_ITC_R0= 50.00
_ITC_R1= 49.99
_ITC_R2= 53.10
_ITC_R3=  0.00
_ITC_R4= -0.01
_ITC_V=  0.00
_ITC_X=X0A1C1S00H1
_FW=100
_ORIENT=?
_THETA=0
_TITLE=?
_DESCR1=?
_DESCR2=?
_FR_LARM=56.21000000
_FR_SYNT=526.21000000
_TRIMLEV=1.93359375
_DATE=26.09.2024
_TIME=15:34:47
[PPFILE]
; pi/2 - pi


DELAY D9
PULSE [GT] 3u
PULSE [PHL1,GT] D1
DELAY TAU-3u
PULSE [GT] 3u
PULSE [PHL2,GT] 2*D1
DELAY TAU-D3
PULSE [TR] 1u+DW
DELAY 1m
STOP

;PHL 1 [+X] [+X] [+Y] [+Y] [-X] [-X] [-Y] [-Y]
;PHL 2 [+Y] [-Y] [-X] [+X] [-Y] [+Y] [+X] [-X]
;!RLS +X+X+Y+Y-X-X-Y-Y

PHL 1 [+X] [+X] [-X] [-X] [+Y] [+Y] [-Y] [-Y] [+X] [+X] [-X] [-X] [+Y] [+Y] [-Y] [-Y]
PHL 2 [+Y] [-Y] [-Y] [+Y] [-X] [+X] [+X] [-X] [+X] [-X] [-X] [+X] [-Y] [+Y] [+Y] [-Y]
!RLS +X+X-X-X+Y+Y-Y-Y-X-X+X+X-Y-Y+Y+Y
[DATA]
 0.0027019  0.0008317
 0.0020390  0.0005838
 0.0019437  0.0001873
 0.0014616  0.0000791
 0.0016727 -0.0002446
 0.0017717 -0.0006104
 0.0018670 -0.0005313
 0.0019639 -0.0003969
 0.0023107 -0.0003799
 0.0024427 -0.0002471
 0.0022166 -0.0000787
 0.0025767  0.0002318
 0.0022142  0.0000388
 0.0020773 -0.0001118
 0.0025772 -0.0005688
 0.0022142 -0.0006052
 0.0019502 -0.0010820
 0.0017794 -0.0016755
 0.0016102 -0.0021927
 0.0015731 -0.0025432
 0.0017620 -0.0036801
 0.0014342 -0.0037250
 0.0012581 -0.0041348
 0.0014604 -0.0045188
 0.0013796 -0.0050796
 0.0016973 -0.0048854
 0.0018253 -0.0046500
 0.0013436 -0.0042975
 0.0013767 -0.0032731
 0.0012422 -0.0031697
 0.0008801 -0.0028342
 0.0005361 -0.0024849
 0.0003096 -0.0027671
 0.0003879 -0.0023218
 0.0000427 -0.0021824
-0.0000691 -0.0018481
-0.0001454 -0.0015170
-0.0001264 -0.0013401
-0.0007954 -0.0011863
-0.0004272 -0.0010268
-0.0002309 -0.0008366
-0.0005523 -0.0006469
-0.0001296 -0.0001483
 0.0002362  0.0003863
 0.0000299  0.0010763
-0.0000468  0.0016871
-0.0000217  0.0018393
-0.0003063  0.0026387
-0.0003410  0.0030396
-0.0002445  0.0030958
-0.0003423  0.0028975
-0.0000015  0.0028002
 0.0004939  0.0024186
 0.0005302  0.0021098
 0.0009060  0.0016454
 0.0008091  0.0007459
 0.0005519 -0.0003119
 0.0006819 -0.0010439
-0.0000340 -0.0015789
-0.0001333 -0.0021026
-0.0000607 -0.0022552
-0.0001067 -0.0023339
 0.0000657 -0.0018014
 0.0005764 -0.0016718
 0.0009006 -0.0012903
 0.0008985 -0.0006241
 0.0011032 -0.0004130
 0.0009465 -0.0002035
 0.0007725 -0.0001328
 0.0014233  0.0004070
 0.0010422  0.0002136
 0.0015219  0.0002499
 0.0022107  0.0004643
 0.0025575  0.0003258
 0.0030775  0.0000565
 0.0034796 -0.0003783
 0.0036149 -0.0003613
 0.0038305 -0.0006839
 0.0042710 -0.0006217
 0.0040272 -0.0003153
 0.0040458  0.0000255
 0.0038168  0.0001199
 0.0034143  0.0007122
 0.0026843  0.0013837
 0.0020133  0.0013861
 0.0010358  0.0016736
 0.0002852  0.0020587
-0.0003474  0.0019255
-0.0006535  0.0020244
-0.0009260  0.0019300
-0.0007346  0.0021072
-0.0005982  0.0019571
-0.0002324  0.0022284
-0.0001128  0.0018642
-0.0000127  0.0018081
 0.0002574  0.0014044
 0.0000875  0.0010167
 0.0005926  0.0007482
 0.0005983  0.0000925
 0.0006968  0.0001648
 0.0007780  0.0004841
 0.0007429  0.0001922
 0.0003642  0.0004974
 0.0000416  0.0010352
-0.0002616  0.0007486
-0.0001800  0.0005935
-0.0002349  0.0007102
-0.0000415  0.0008777
-0.0000225  0.0004736
 0.0004390  0.0008406
 0.0011463  0.0009548
 0.0014362  0.0010501
 0.0022950  0.0010736
 0.0024888  0.0010376
 0.0025978  0.0013292
 0.0025541  0.0012932
 0.0026102  0.0008387
 0.0025694  0.0006505
 0.0026380  0.0007107
 0.0027902  0.0003296
 0.0027325  0.0003288
 0.0028649  0.0003704
 0.0034572  0.0001782
 0.0030551  0.0004826
 0.0031475  0.0003332
 0.0027458  0.0003336
 0.0023437  0.0005064
 0.0019973  0.0007584
 0.0014797  0.0004911
 0.0009398  0.0004330
 0.0006104  0.0003777
 0.0003007  0.0000914
 0.0000100 -0.0000265
-0.0001282  0.0001092
-0.0002404  0.0002400
-0.0002012  0.0002404
 0.0002825  0.0001080
 0.0006346  0.0002428
 0.0011361  0.0004911
 0.0015249  0.0002626
 0.0020139  0.0002598
 0.0020583  0.0004079
 0.0019465 -0.0000136
 0.0017221 -0.0004424
 0.0016078 -0.0001384
 0.0012081 -0.0001215
 0.0012093  0.0003776
 0.0005795  0.0007587
 0.0001572  0.0008499
 0.0001200  0.0011321
 0.0003122  0.0010901
 0.0006942  0.0013339
 0.0012085  0.0010069
 0.0014923  0.0011724
 0.0016809  0.0009616
 0.0018492  0.0012875
 0.0021161  0.0015184
 0.0022868  0.0016880
 0.0022053  0.0019552
 0.0025876  0.0021636
 0.0026050  0.0022580
 0.0024709  0.0024119
 0.0021814  0.0022423
 0.0021221  0.0022443
 0.0016053  0.0018426
 0.0016828  0.0020352
 0.0016053  0.0019973
 0.0014284  0.0019815
 0.0016565  0.0022714
 0.0012293  0.0022117
 0.0011853  0.0025189
 0.0014513  0.0021354
 0.0016617  0.0019625
 0.0021054  0.0020187
 0.0024861  0.0018309
 0.0025273  0.0017304
 0.0025863  0.0016561
 0.0032589  0.0013517
 0.0028770  0.0014454
 0.0039522  0.0014833
 0.0040503  0.0011022
 0.0042817  0.0010977
 0.0047056  0.0011769
 0.0048796  0.0008510
 0.0047262  0.0011151
 0.0046511  0.0007335
 0.0044226  0.0008708
 0.0039070  0.0012540
 0.0037556  0.0011644
 0.0028747  0.0012956
 0.0023026  0.0011462
 0.0020147  0.0013974
 0.0017079  0.0014414
 0.0016299  0.0015593
 0.0016881  0.0017180
 0.0017907  0.0017023
 0.0019457  0.0018161
 0.0021993  0.0016635
 0.0022025  0.0020079
 0.0024343  0.0021924
 0.0022029  0.0021508
 0.0020301  0.0022779
 0.0022780  0.0021217
 0.0024306  0.0018511
 0.0025502  0.0013497
 0.0032030  0.0010820
 0.0041462  0.0004663
 0.0047046 -0.0000909
 0.0058763 -0.0000340
 0.0068533 -0.0002439
 0.0078700  0.0000811
 0.0082107  0.0002531
 0.0086859  0.0004622
 0.0089887  0.0007872
 0.0091029  0.0007472
 0.0098285  0.0009976
 0.0100421  0.0005761
 0.0108681  0.0007852
 0.0110575  0.0009398
 0.0120168  0.0010957
 0.0127266  0.0008696
 0.0129955  0.0008115
 0.0133935  0.0010840
 0.0140605  0.0007598
 0.0144981  0.0007392
 0.0148797  0.0003742
 0.0153953  0.0003165
 0.0160437  0.0001829
 0.0166162 -0.0001850
 0.0173441 -0.0003768
 0.0180361 -0.0005879
 0.0180551 -0.0005427
 0.0188396 -0.0001397
 0.0188457 -0.0001918
 0.0193310 -0.0000735
 0.0199100  0.0001022
 0.0202427  0.0002374
 0.0211508  0.0003311
 0.0223216  0.0002128
 0.0231316  0.0003205
 0.0243412  0.0005507
 0.0258549  0.0006411
 0.0266442  0.0003673
 0.0281942 -0.0000946
 0.0298657 -0.0000417
 0.0309792 -0.0005795
 0.0326851 -0.0007345
 0.0339702 -0.0011544
 0.0348156 -0.0015057
 0.0359631 -0.0021408
 0.0370181 -0.0024073
 0.0378211 -0.0024513
 0.0391611 -0.0024828
 0.0402686 -0.0026027
 0.0416474 -0.0022785
 0.0433463 -0.0021586
 0.0446270 -0.0021788
 0.0460986 -0.0012324
 0.0476643 -0.0006893
 0.0485251 -0.0007417
 0.0497884 -0.0002366
 0.0512225  0.0002903
 0.0524139  0.0004837
 0.0538376  0.0008330
 0.0554122  0.0012779
 0.0564878  0.0012400
 0.0578521  0.0019687
 0.0593673  0.0018347
 0.0603860  0.0021726
 0.0619755  0.0021359
 0.0636967  0.0022723
 0.0651926  0.0025408
 0.0671826  0.0028679
 0.0686765  0.0031780
 0.0705167  0.0035095
 0.0719726  0.0043380
 0.0731657  0.0045742
 0.0746273  0.0050018
 0.0762007  0.0051984
 0.0776809  0.0056026
 0.0792200  0.0058340
 0.0809117  0.0061981
 0.0828327  0.0063104
 0.0847550  0.0062506
 0.0866571  0.0062057
 0.0884243  0.0062768
 0.0904023  0.0067673
 0.0925316  0.0068532
 0.0941813  0.0070963
 0.0959255  0.0073558
 0.0981477  0.0075185
 0.0995245  0.0071850
 0.1014742  0.0071038
 0.1034291  0.0069677
 0.1053049  0.0067917
 0.1071831  0.0069665
 0.1093657  0.0069277
 0.1113207  0.0074045
 0.1135259  0.0074945
 0.1162827  0.0077655
 0.1185618  0.0077287
 0.1213590  0.0076884
 0.1242724  0.0079399
 0.1265887  0.0083287
 0.1293467  0.0093643
 0.1318370  0.0099611
 0.1344040  0.0103108
 0.1368349  0.0109673
 0.1395396  0.0115063
 0.1421091  0.0120069
 0.1446777  0.0127018
 0.1474034  0.0126651
 0.1494589  0.0135101
 0.1520840  0.0139147
 0.1541614  0.0148199
 0.1561361  0.0155495
 0.1582424  0.0167757
 0.1602773  0.0172735
 0.1619839  0.0185780
 0.1637467  0.0192656
 0.1651308  0.0199568
 0.1660715  0.0207049
 0.1671083  0.0211491
 0.1682982  0.0214208
 0.1693172  0.0218052
 0.1706234  0.0223462
 0.1719142  0.0226329
 0.1732768  0.0236548
 0.1742996  0.0240141
 0.1751676  0.0248208
 0.1755690  0.0254873
 0.1761261  0.0258301
 0.1759364  0.0262108
 0.1760688  0.0268192
 0.1757426  0.0267772
 0.1749750  0.0267752
 0.1751046  0.0270255
 0.1746670  0.0271249
 0.1742261  0.0271237
 0.1739749  0.0273603
 0.1734788  0.0273062
 0.1724496  0.0270979
 0.1721638  0.0275602
 0.1717439  0.0274843
 0.1711375  0.0273325
 0.1709663  0.0274633
 0.1708347  0.0274633
 0.1707188  0.0276336
 0.1701992  0.0277285
 0.1700583  0.0279793
 0.1694215  0.0281500
 0.1688038  0.0279942
 0.1679757  0.0277257
 0.1668589  0.0277790
 0.1658992  0.0280636
 0.1646343  0.0281160
 0.1635227  0.0285735
 0.1621577  0.0287636
 0.1607013  0.0288210
 0.1590496  0.0291101
 0.1579126  0.0293665
 0.1560889  0.0293899
 0.1544000  0.0298926
 0.1533026  0.0299197
 0.1515770  0.0301506
 0.1500424  0.0303791
 0.1488489  0.0304163
 0.1467405  0.0300856
 0.1452038  0.0302439
 0.1435162  0.0296689
 0.1415023  0.0297089
 0.1397928  0.0296714
 0.1381269  0.0294465
 0.1358074  0.0298482
 0.1342191  0.0298499
 0.1327434  0.0293512
 0.1306169  0.0296177
 0.1291444  0.0295196
 0.1276498  0.0295785
 0.1258685  0.0302483
 0.1243960  0.0307647
 0.1222889  0.0313974
 0.1205100  0.0318754
 0.1183269  0.0320478
 0.1161249  0.0321411
 0.1139782  0.0315803
 0.1124266  0.0309068
 0.1106045  0.0301950
 0.1093375  0.0295615
 0.1079906  0.0284269
 0.1070115  0.0279081
 0.1053598  0.0279610
 0.1039741  0.0269778
 0.1024378  0.0264182
 0.1011503  0.0262265
 0.0996318  0.0258041
 0.0977305  0.0255389
 0.0962160  0.0248707
 0.0942845  0.0241101
 0.0924971  0.0232881
 0.0906128  0.0226731
 0.0889623  0.0216973
 0.0872718  0.0211991
 0.0858049  0.0209132
 0.0843256  0.0203944
 0.0827889  0.0199374
 0.0814804  0.0197133
 0.0803519  0.0194303
 0.0793571  0.0191094
 0.0781140  0.0189810
 0.0769653  0.0188886
 0.0753031  0.0186407
 0.0740769  0.0186552
 0.0722581  0.0183843
 0.0705733  0.0179018
 0.0687713  0.0175166
 0.0673175  0.0172655
 0.0655927  0.0170725
 0.0642316  0.0167874
 0.0627010  0.0157890
 0.0609758  0.0152750
 0.0599249  0.0145079
 0.0584888  0.0137177
 0.0569537  0.0127964
 0.0556694  0.0123184
 0.0538134  0.0114119
 0.0523381  0.0107352
 0.0510385  0.0101042
 0.0494151  0.0093140
 0.0474601  0.0090964
 0.0464261  0.0085371
 0.0446246  0.0078964
 0.0432369  0.0072786
 0.0424278  0.0065082
 0.0411749  0.0056987
 0.0405164  0.0052707
 0.0397803  0.0047947
 0.0389345  0.0046005
 0.0380090  0.0045601
 0.0373005  0.0043732
 0.0356302  0.0041628
 0.0347157  0.0042242
 0.0340657  0.0038617
 0.0328016  0.0036893
 0.0320361  0.0036146
 0.0315225  0.0028830
 0.0305261  0.0028192
 0.0298502  0.0025850
 0.0291577  0.0020048
 0.0281383  0.0022094
 0.0278467  0.0019385
 0.0274422  0.0021109
 0.0267493  0.0026051
 0.0263068  0.0029757
 0.0256588  0.0032867
 0.0249737  0.0036533
 0.0241476  0.0045024
 0.0231532  0.0044846
 0.0226966  0.0047774
 0.0222589  0.0048440
 0.0213437  0.0042917
 0.0206747  0.0041415
 0.0197364  0.0034742
 0.0192026  0.0026530
 0.0186047  0.0024236
 0.0178412  0.0019896
 0.0170353  0.0019739
 0.0159985  0.0019590
 0.0155176  0.0019445
 0.0152092  0.0017721
 0.0150158  0.0017568
 0.0145320  0.0015291
 0.0143988  0.0015497
 0.0138041  0.0012452
 0.0127717  0.0012246
 0.0121358  0.0009198
 0.0118273  0.0012061
 0.0108676  0.0010930
 0.0105802  0.0007470
 0.0100246  0.0006526
 0.0096822  0.0001955
 0.0091154 -0.0002433
 0.0090823 -0.0007205
 0.0086665 -0.0009713
 0.0082301 -0.0010864
 0.0080815 -0.0012451
 0.0079871 -0.0013642
 0.0076047 -0.0013270
 0.0077957 -0.0013872
 0.0077408 -0.0015035
 0.0073564 -0.0016222
 0.0077565 -0.0016295
 0.0073342 -0.0019562
 0.0075760 -0.0022513
 0.0073463 -0.0020975
 0.0075312 -0.0023660
 0.0080818 -0.0018678
 0.0079215 -0.0014442
 0.0082861 -0.0015342
 0.0084908 -0.0012205
 0.0087932 -0.0011232
 0.0083176 -0.0017288
 0.0084698 -0.0014001
 0.0082190 -0.0019145
 0.0078399 -0.0026420
 0.0075900 -0.0027926
 0.0070320 -0.0031576
 0.0068411 -0.0032343
 0.0067223 -0.0033300
 0.0067017 -0.0030780
 0.0064147 -0.0028483
 0.0064320 -0.0026674
 0.0061466 -0.0021098
 0.0053868 -0.0015704
 0.0048696 -0.0010516
 0.0042240 -0.0012264
 0.0035881 -0.0013217
 0.0035328 -0.0011707
 0.0037060 -0.0017844
 0.0037415 -0.0019047
 0.0038546 -0.0020465
 0.0038303 -0.0018353
 0.0036494 -0.0020154
 0.0033175 -0.0018636
 0.0033712 -0.0022104
 0.0030590 -0.0019214
 0.0034769 -0.0019161
 0.0032674 -0.0021280
 0.0034963 -0.0021054
 0.0037272 -0.0018176
 0.0031543 -0.0019302
 0.0030417 -0.0019871
 0.0028112 -0.0015878
 0.0023137 -0.0013593
 0.0022201 -0.0010755
 0.0020432 -0.0011014
 0.0021591 -0.0015698
 0.0025790 -0.0017042
 0.0028644 -0.0017628
 0.0031301 -0.0019751
 0.0037034 -0.0020623
 0.0039896 -0.0020425
 0.0038382 -0.0021329
 0.0035734 -0.0018196
 0.0038633 -0.0016815
 0.0032557 -0.0014675
 0.0030316 -0.0011360
 0.0029158 -0.0008513
 0.0024212 -0.0009337
 0.0023300 -0.0006818
 0.0024309 -0.0005122
 0.0022012 -0.0006495
 0.0025307 -0.0007485
 0.0026510 -0.0002196
 0.0025425  0.0001413
 0.0029862  0.0005172
 0.0028393  0.0009318
 0.0028619  0.0014074
 0.0031909  0.0016396
 0.0029761  0.0021572
 0.0027609  0.0024487
 0.0022958  0.0022069
 0.0020785  0.0024952
 0.0014608  0.0021363
 0.0014918  0.0019498
 0.0013360  0.0017023
 0.0012758  0.0012808
 0.0012548  0.0016037
 0.0012758  0.0018694
 0.0008712  0.0019837
 0.0005071  0.0018496
 0.0001013  0.0020979
-0.0002278  0.0017329
-0.0004971  0.0013296
-0.0003663  0.0008483
-0.0005205  0.0000561
-0.0003659 -0.0005192
-0.0001507 -0.0007340
 0.0002506 -0.0012525
 0.0004436 -0.0014079
 0.0010024 -0.0015209
 0.0012871 -0.0014656
 0.0012095 -0.0015807
 0.0014934 -0.0010813
 0.0017796 -0.0009283
 0.0019904 -0.0007922
 0.0018922 -0.0000255
 0.0020448  0.0002781
 0.0018184  0.0008555
 0.0017986  0.0012617
 0.0012467  0.0016452
 0.0010371  0.0017809
 0.0013411  0.0017046
 0.0011687  0.0014761
 0.0009144  0.0014926
 0.0008542  0.0015161
 0.0005619  0.0014398
 0.0004851  0.0013485
 0.0005949  0.0011241
 0.0004254  0.0011649
 0.0001738  0.0008080
 0.0002110  0.0004887
 0.0001956 -0.0001242
 0.0003527 -0.0002546
 0.0008683 -0.0006729
 0.0010270 -0.0006926
 0.0009721 -0.0013451
 0.0010698 -0.0017105
 0.0007069 -0.0022281
 0.0006899 -0.0023597
 0.0006108 -0.0027578
-0.0001757 -0.0029294
-0.0002743 -0.0031401
-0.0008319 -0.0030226
-0.0013143 -0.0028349
-0.0015461 -0.0024158
-0.0020629 -0.0020000
-0.0021953 -0.0018729
-0.0024448 -0.0019569
-0.0017944 -0.0023651
-0.0012752 -0.0028904
-0.0012017 -0.0037153
-0.0004156 -0.0044856
-0.0005905 -0.0051736
-0.0004193 -0.0053448
-0.0006906 -0.0060517
-0.0010366 -0.0059338
-0.0010382 -0.0061837
-0.0012329 -0.0058167
-0.0015244 -0.0056831
-0.0012014 -0.0056419
-0.0012797 -0.0053556
-0.0014130 -0.0049890
-0.0010504 -0.0050052
-0.0013189 -0.0042405
-0.0011037 -0.0038432
-0.0007419 -0.0031520
-0.0003761 -0.0026937
 0.0000825 -0.0019432
 0.0007136 -0.0011191
 0.0008319 -0.0006968
 0.0014213 -0.0002918
 0.0021101 -0.0000786
 0.0022268 -0.0004432
 0.0027254 -0.0003427
 0.0025361 -0.0003011
 0.0025624 -0.0004137
 0.0025450 -0.0002958
 0.0020864 -0.0001836
 0.0018009  0.0000619
 0.0023201 -0.0000503
 0.0022039 -0.0001751
 0.0023460  0.0001070
 0.0026541  0.0004486
 0.0025633  0.0005200
 0.0024345  0.0008987
 0.0023013  0.0018560
 0.0016553  0.0021418
 0.0010642  0.0029494
 0.0002571  0.0032360
-0.0004300  0.0036575
-0.0009440  0.0035239
-0.0015218  0.0039018
-0.0018629  0.0034754
-0.0017842  0.0029900
-0.0017850  0.0027542
-0.0019586  0.0018029
-0.0014063  0.0013402
-0.0016397  0.0010305
-0.0016260  0.0007822
-0.0015525  0.0008283
-0.0016494  0.0004839
-0.0018456  0.0009281
-0.0017108  0.0004165
-0.0019244  0.0004973
-0.0021364  0.0003633
-0.0018283  0.0001364
-0.0017132 -0.0004010
-0.0014794 -0.0006283
-0.0010987 -0.0008536
-0.0008100 -0.0009311
-0.0003700 -0.0012347
-0.0003138 -0.0010417
 0.0002417 -0.0011103
 0.0005861 -0.0005156
 0.0008893 -0.0004707
 0.0011743 -0.0000859
 0.0012300  0.0003780
 0.0015393  0.0006723
 0.0014065  0.0008213
 0.0015062  0.0013385
 0.0013032  0.0011600
 0.0007541  0.0011176
 0.0008939  0.0011329
 0.0002834  0.0012992
 0.0000206  0.0015261
-0.0002245  0.0012552
-0.0003008  0.0012705
-0.0005705  0.0012471
-0.0008196  0.0008441
-0.0004574  0.0005748
-0.0005572  0.0001682
-0.0000041 -0.0002686
 0.0004574 -0.0003465
 0.0007833 -0.0004608
 0.0015706 -0.0002464
 0.0018209 -0.0002427
 0.0019396 -0.0002362
 0.0025925 -0.0001336
 0.0025727 -0.0005337
 0.0031505 -0.0009875
 0.0032672 -0.0012903
 0.0034057 -0.0011732
 0.0033851 -0.0010379
 0.0035970 -0.0010533
 0.0030403 -0.0006932
 0.0028452 -0.0005022
 0.0025566 -0.0002361
 0.0011172 -0.0000904
 0.0006512 -0.0000710
 0.0004211  0.0000218
-0.0007716 -0.0002673
-0.0008891 -0.0006686
-0.0007571 -0.0008983
-0.0008677 -0.0010929
-0.0006186 -0.0010590
-0.0003125 -0.0008834
-0.0002903 -0.0007756
-0.0001748 -0.0004861
-0.0004248 -0.0002770
-0.0009044 -0.0000654
-0.0009642 -0.0000222
-0.0010611  0.0003073
-0.0012791  0.0005386
-0.0013611  0.0004308
-0.0013668  0.0002601
-0.0014104  0.0004753
-0.0011258  0.0002678
-0.0015098  0.0000174
-0.0019503  0.0000526
-0.0017569 -0.0001945
-0.0018279 -0.0001029
-0.0018808 -0.0002394
-0.0016123 -0.0008143
-0.0016688 -0.0008761
-0.0014568 -0.0007631
-0.0009210 -0.0007804
-0.0006509 -0.0008369
-0.0004814 -0.0001441
-0.0007301  0.0000497
-0.0008984  0.0003009
-0.0010882  0.0006824
-0.0010474  0.0006626
-0.0009497  0.0007316
-0.0012577  0.0007247
-0.0012622  0.0006064
-0.0020459  0.0005030
-0.0020862  0.0003633
-0.0023168  0.0002086
-0.0027920  0.0000297
-0.0029854  0.0001250
-0.0029858 -0.0005113
-0.0030592 -0.0004729
-0.0024633 -0.0010454
-0.0019429 -0.0014880
-0.0016744 -0.0019450
-0.0010409 -0.0025034
-0.0009476 -0.0031781
-0.0007611 -0.0035600
-0.0003255 -0.0037712
-0.0003304 -0.0039831
-0.0000882 -0.0038269
 0.0000232 -0.0034598
-0.0001544 -0.0033601
 0.0000031 -0.0030678
 0.0002534 -0.0028703
 0.0004145 -0.0025275
 0.0005942 -0.0024661
 0.0007517 -0.0018290
 0.0004267 -0.0017729
 0.0005789 -0.0018847
 0.0005377 -0.0019000
 0.0002300 -0.0019739
 0.0003410 -0.0018568
 0.0005486 -0.0019291
 0.0001819 -0.0019077
 0.0000463 -0.0014853
 0.0001250 -0.0015414
-0.0001204 -0.0015410
-0.0000994 -0.0007121
 0.0001142 -0.0006152
-0.0000158 -0.0003839
 0.0004489 -0.0000185
 0.0002442  0.0001321
-0.0001926  0.0002476
-0.0005515  0.0003602
-0.0012750  0.0001660
-0.0020805  0.0001789
-0.0029243  0.0003719
-0.0039038  0.0003093
-0.0046362  0.0007700
-0.0048316  0.0007720
-0.0051013  0.0008297
-0.0053339  0.0006178
-0.0048765  0.0003472
-0.0046645 -0.0003391
-0.0046092 -0.0005135
-0.0039406 -0.0010493
-0.0038272 -0.0016024
-0.0034065 -0.0015455
-0.0030447 -0.0015419
-0.0030839 -0.0016339
-0.0027193 -0.0016714
-0.0024331 -0.0015156
-0.0024314 -0.0013230
-0.0022046 -0.0013056
-0.0022825 -0.0016129
-0.0023769 -0.0017893
-0.0023427 -0.0022335
-0.0024210 -0.0022157
-0.0023641 -0.0024475
-0.0024020 -0.0021592
-0.0026685 -0.0022928
-0.0027823 -0.0022912
-0.0027213 -0.0028670
-0.0025853 -0.0031936
-0.0021613 -0.0034976
-0.0018161 -0.0035703
-0.0013777 -0.0030894
-0.0011633 -0.0031035
-0.0009339 -0.0019843
-0.0012198 -0.0012725
-0.0011418 -0.0005182
-0.0009117  0.0001754
-0.0009105  0.0007277
-0.0003970  0.0014375
 0.0000250  0.0017601
-0.0001321  0.0018336
 0.0000011  0.0018489
 0.0000201  0.0017920
-0.0003800  0.0014568
-0.0007070  0.0015125
-0.0011685  0.0015819
-0.0014980  0.0013279
-0.0019809  0.0010566
-0.0023108  0.0005903
-0.0027533  0.0004513
-0.0023948  0.0001618
-0.0023350 -0.0000340
-0.0022002  0.0002345
-0.0019289  0.0005866
-0.0017722  0.0007227
-0.0016922  0.0012290
-0.0014548  0.0016122
-0.0013481  0.0011135
-0.0015128  0.0010748
-0.0014102  0.0008200
-0.0014643  0.0005248
-0.0015390  0.0001760
-0.0010796 -0.0002698
-0.0012221 -0.0004099
-0.0003819 -0.0007741
-0.0000569 -0.0008331
 0.0003630 -0.0011230
 0.0001671 -0.0011064
-0.0001842 -0.0013564
-0.0008613 -0.0011048
-0.0013046 -0.0009518
-0.0011548 -0.0010414
-0.0016192 -0.0008872
-0.0013515 -0.0005767
-0.0009340 -0.0003053
-0.0005909 -0.0000905
-0.0000806  0.0002608
 0.0003357  0.0008450
 0.0008912  0.0010619
 0.0007878  0.0016805
 0.0008654  0.0022578
 0.0005391  0.0023769
 0.0005799  0.0025514
 0.0003143  0.0028405
 0.0001471  0.0025122
-0.0002360  0.0024363
-0.0010411  0.0024908
-0.0004609  0.0020669
-0.0006676  0.0021625
-0.0002981  0.0021795
-0.0001770  0.0019296
 0.0003023  0.0023490
 0.0000374  0.0023474
 0.0000980  0.0022905
 0.0002692  0.0022324
 0.0001178  0.0022675
 0.0002514  0.0020987
 0.0002333  0.0016954
 0.0002987  0.0015371
 0.0003569  0.0010788
 0.0002467  0.0009399
-0.0001134  0.0005119
-0.0000796  0.0003758
 0.0001659  0.0000658
-0.0001434 -0.0002096
 0.0001368 -0.0003271
 0.0004380 -0.0007042
 0.0010092 -0.0009768
 0.0016774 -0.0009549
 0.0020012 -0.0008415
 0.0024054 -0.0009323
 0.0027691 -0.0008273
 0.0031341 -0.0004821
 0.0031535 -0.0004368
 0.0035173  0.0000881
 0.0036352 -0.0000819
 0.0038245  0.0001156
 0.0042428  0.0003691
 0.0043599  0.0004834
 0.0041895  0.0005823
 0.0047851  0.0007572
 0.0046591  0.0005630
 0.0047354  0.0005811
 0.0047173  0.0002735
 0.0047775 -0.0002280
 0.0046179  0.0000174
 0.0044052  0.0002468
 0.0041569 -0.0000209
 0.0034422 -0.0000237
 0.0029246 -0.0000613
 0.0027187 -0.0002696
 0.0022580 -0.0005385
 0.0019008 -0.0007880
 0.0019064 -0.0011332
 0.0018354 -0.0011114
 0.0019670 -0.0009168
 0.0018003 -0.0009713
 0.0018378 -0.0006967
 0.0017018 -0.0004593
 0.0012617 -0.0002412
 0.0008793  0.0003196
 0.0000182  0.0003358
-0.0003973  0.0002017
-0.0010489  0.0004088
-0.0013529  0.0004019
-0.0017530  0.0002795
-0.0019646  0.0002949
-0.0021745  0.0001757
-0.0024406  0.0001943
-0.0022545 -0.0001315
-0.0024277 -0.0003685
-0.0022763 -0.0007658
-0.0020902 -0.0006285
-0.0019590 -0.0006661
-0.0018290 -0.0008336
-0.0014834 -0.0005643
-0.0013885 -0.0005065
-0.0006779 -0.0001775
-0.0001224 -0.0002740
 0.0001631 -0.0000665
 0.0005075  0.0000284
 0.0010032  0.0000660
 0.0011332  0.0004240
 0.0013008  0.0006154
 0.0013973  0.0012832
 0.0009152  0.0011455
 0.0008017  0.0016033
 0.0007044  0.0020244
 0.0004384  0.0025000
 0.0000722  0.0022481
 0.0000132  0.0025860
-0.0006542  0.0024330
-0.0008621  0.0023542
-0.0014742  0.0022961
-0.0015488  0.0022771
-0.0012404  0.0025835
-0.0010841  0.0025056
-0.0004490  0.0026380
 0.0000851  0.0028113
 0.0003565  0.0030047
 0.0000658  0.0026994
 0.0001150  0.0028367
-0.0000021  0.0026078
-0.0001568  0.0022868
-0.0005060  0.0019078
-0.0007168  0.0016203
-0.0007709  0.0013922
-0.0009021  0.0010284
-0.0004547  0.0005088
-0.0000509  0.0002766
 0.0002975  0.0001785
 0.0007429 -0.0001877
 0.0011337 -0.0002322
 0.0012484  0.0000767
 0.0008693 -0.0002314
 0.0005471 -0.0002734
 0.0007203 -0.0004639
 0.0006646 -0.0011176
 0.0005047 -0.0011176
 0.0010998 -0.0015226
 0.0012371 -0.0022505
 0.0014083 -0.0021972
 0.0014116 -0.0022191
 0.0013147 -0.0022558
 0.0011451 -0.0021993
 0.0008237 -0.0019695
 0.0005387 -0.0022070
 0.0003485 -0.0024198
 0.0003316 -0.0025026
 0.0004059 -0.0027537
 0.0008035 -0.0028155
 0.0012783 -0.0030279
 0.0018500 -0.0030852
 0.0025525 -0.0027598
 0.0032990 -0.0026241
 0.0036963 -0.0024529
 0.0041755 -0.0023144
 0.0039054 -0.0024675
 0.0040390 -0.0027315
 0.0041307 -0.0027076
 0.0036462 -0.0026479
 0.0033554 -0.0027528
 0.0031217 -0.0019182
 0.0030986 -0.0020316
 0.0032537 -0.0017018
 0.0033526 -0.0015277
 0.0035415 -0.0013376
 0.0036986 -0.0011644
 0.0038347 -0.0009904
 0.0037398 -0.0016614
 0.0035117 -0.0015443
 0.0032271 -0.0018099
 0.0028290 -0.0019787
 0.0025844 -0.0023812
 0.0019945 -0.0021499
 0.0016913 -0.0024971
 0.0015044 -0.0027260
 0.0014895 -0.0026740
 0.0014931 -0.0027337
 0.0015880 -0.0025791
 0.0017786 -0.0020441
 0.0019332 -0.0017167
 0.0017410 -0.0010291
 0.0017027 -0.0004671
 0.0010704 -0.0002979
 0.0005351 -0.0001280
 0.0003392 -0.0003956
-0.0001215 -0.0005152
-0.0005248 -0.0005188
-0.0007174 -0.0010938
-0.0011430 -0.0020131
-0.0015149 -0.0022812
-0.0014596 -0.0026445
-0.0016360 -0.0031605
-0.0012759 -0.0030034
-0.0011249 -0.0030616
-0.0010720 -0.0024709
-0.0007511 -0.0022222
-0.0007148 -0.0022783
-0.0005827 -0.0017825
-0.0000284 -0.0019493
 0.0001105 -0.0019254
 0.0006342 -0.0013634
 0.0008729 -0.0015866
 0.0016481 -0.0016807
 0.0016146 -0.0013767
 0.0018241 -0.0013799
 0.0019206 -0.0015572
 0.0018443 -0.0013945
 0.0018019 -0.0011486
 0.0015883 -0.0010324
 0.0018774 -0.0010530
 0.0019945 -0.0011087
 0.0018629 -0.0011713
 0.0017486 -0.0014394
 0.0017672 -0.0014583
 0.0015177 -0.0012694
 0.0013231 -0.0012121
 0.0011252 -0.0006343
 0.0007074 -0.0000008
 0.0007425  0.0007090
 0.0004372  0.0014216
 0.0001481  0.0018056
 0.0000541  0.0023413
-0.0004607  0.0021512
-0.0011894  0.0023042
-0.0014749  0.0022101
-0.0018366  0.0019614
-0.0023914  0.0019998
-0.0024116  0.0019659
-0.0026772  0.0014862
-0.0026683  0.0015597
-0.0023425  0.0014846
-0.0022637  0.0012735
-0.0018983  0.0009040
-0.0013234  0.0008838
-0.0012112  0.0004162
-0.0011163  0.0001639
-0.0008733 -0.0002197
-0.0008212 -0.0006457
-0.0005770 -0.0009525
 0.0001861 -0.0009299
 0.0005091 -0.0006779
 0.0010045 -0.0004792
 0.0017353 -0.0001893
 0.0013929  0.0000448
 0.0016638  0.0006222
 0.0016699  0.0008923
 0.0012698  0.0010821
 0.0015993  0.0008681
 0.0015944  0.0006121
 0.0020583  0.0004191
 0.0020733  0.0001643
 0.0023813 -0.0005100
 0.0022816 -0.0001470
 0.0024491  0.0000076
 0.0024301 -0.0002423
 0.0019517 -0.0000299
 0.0018964  0.0000298
 0.0014757 -0.0003311
 0.0012670 -0.0000012
 0.0012266 -0.0000392
 0.0008051 -0.0001683
 0.0005313 -0.0002596
 0.0005882 -0.0000213
 0.0006815  0.0000966
 0.0006996  0.0004059
 0.0010263  0.0005844
 0.0013356  0.0008157
 0.0013949  0.0009271
 0.0017644  0.0010406
 0.0020188  0.0008464
 0.0021024  0.0006110
 0.0022558  0.0004922
 0.0025667  0.0003376
 0.0023765  0.0003743
 0.0024347  0.0002040
 0.0022078  0.0003142
 0.0022106  0.0006202
 0.0018820  0.0006400
 0.0015392  0.0006945
 0.0012715  0.0008103
 0.0011928  0.0010449
 0.0014229  0.0011204
 0.0013603  0.0015230
 0.0019542  0.0014087
 0.0018194  0.0016372
 0.0018904  0.0017886
 0.0020483  0.0011935
 0.0020846  0.0008854
 0.0020055  0.0011341
 0.0018908  0.0004631
 0.0012949  0.0002293
 0.0013889  0.0003416
 0.0011354 -0.0003105
 0.0009032 -0.0004131
 0.0010913 -0.0005261
 0.0010291 -0.0005447
 0.0010000 -0.0008293
 0.0012463 -0.0006516
 0.0013589 -0.0010122
 0.0013573 -0.0008107
 0.0016060 -0.0006342
 0.0015313 -0.0002050
 0.0017853  0.0007366
 0.0019856  0.0012994
 0.0017785  0.0016600
 0.0016324  0.0023096
 0.0016360  0.0028429
 0.0011774  0.0033701
 0.0012557  0.0038425
 0.0011943  0.0039535
 0.0006339  0.0036220
 0.0006080  0.0038731
 0.0006403  0.0035065
 0.0007339  0.0034298
 0.0008821  0.0031444
 0.0007901  0.0026470
 0.0008111  0.0023005
 0.0005256  0.0022432
-0.0001244  0.0017062
-0.0003319  0.0020090
-0.0011366  0.0014345
-0.0012666  0.0013384
-0.0015330  0.0013941
-0.0015883  0.0012952
-0.0016049  0.0012548
-0.0020090  0.0013654
-0.0021233  0.0016294
-0.0017575  0.0015729
-0.0019146  0.0016863
-0.0019913  0.0014925
-0.0018988  0.0012612
-0.0015145  0.0010690
-0.0011495  0.0004714
-0.0007679 -0.0000680
-0.0008665 -0.0001904
-0.0002532 -0.0006518
-0.0000412 -0.0010399
-0.0003142 -0.0011545
 0.0002579 -0.0014593
-0.0000134 -0.0018958
 0.0005821 -0.0019886
 0.0012301 -0.0019272
 0.0016694 -0.0016700
 0.0017308 -0.0011088
 0.0022088 -0.0011213
 0.0020946 -0.0000663
 0.0019278  0.0005664
 0.0015414  0.0011252
 0.0017373  0.0012645
 0.0015669  0.0017280
 0.0013937  0.0017099
 0.0015116  0.0014414
 0.0017026  0.0017729
 0.0019715  0.0013546
 0.0021447  0.0012234
 0.0022787  0.0014540
 0.0023558  0.0016700
 0.0020890  0.0020536
 0.0021326  0.0023027
 0.0021144  0.0026685
 0.0018161  0.0024367
 0.0012804  0.0029576
 0.0011334  0.0025905
 0.0010188  0.0026705
 0.0007931  0.0024638
 0.0002028  0.0020831
-0.0000475  0.0022018
-0.0001452  0.0019761
-0.0005857  0.0017634
-0.0009878  0.0017609
-0.0013120  0.0016652
-0.0017517  0.0016600
-0.0018829  0.0018481
-0.0019019  0.0017742
-0.0020165  0.0012493
-0.0017888  0.0011136
-0.0015628  0.0007474
-0.0014711  0.0004006
-0.0013028 -0.0001582
-0.0010961 -0.0005999
-0.0009031 -0.0015374
-0.0006952 -0.0021898
-0.0006173 -0.0029957
-0.0005785 -0.0035743
-0.0006697 -0.0036930
-0.0005332 -0.0039644
-0.0004182 -0.0034928
-0.0001283 -0.0035224
 0.0006938 -0.0032212
 0.0010951 -0.0029410
 0.0016268 -0.0028510
 0.0018549 -0.0025882
 0.0017741 -0.0027214
 0.0014269 -0.0025672
 0.0012936 -0.0023161
 0.0013061 -0.0020815
 0.0014204 -0.0019825
 0.0017668 -0.0018634
 0.0019949 -0.0011746
 0.0024386 -0.0006364
 0.0025033 -0.0000958
 0.0024266  0.0003814
 0.0022195  0.0008841
 0.0013385  0.0014243
 0.0010151  0.0019072
 0.0003453  0.0021241
-0.0001897  0.0019343
-0.0004169  0.0020514
-0.0002974  0.0017842
-0.0007573  0.0017628
-0.0007540  0.0017220
-0.0009058  0.0016275
-0.0012180  0.0018136
-0.0015062  0.0016242
-0.0019116  0.0012633
-0.0021430  0.0007820
-0.0021224  0.0005172
-0.0020242  0.0002479
-0.0019443 -0.0001567
-0.0016354 -0.0005976
-0.0017327 -0.0009444
-0.0020384 -0.0008305
-0.0020041 -0.0010950
-0.0027514 -0.0015355
-0.0027946 -0.0014575
-0.0028370 -0.0013566
-0.0031080 -0.0013961
-0.0028262 -0.0008236
-0.0023675 -0.0008810
-0.0021984 -0.0012145
-0.0021847 -0.0012743
-0.0015973 -0.0015456
-0.0015391 -0.0019857
-0.0011188 -0.0019420
-0.0007914 -0.0017438
-0.0008995 -0.0015839
-0.0004582 -0.0011744
 0.0000110 -0.0008421
-0.0001021 -0.0007391
 0.0002266 -0.0004133
 0.0000711 -0.0004682
 0.0003231 -0.0005437
 0.0001454 -0.0005824
 0.0002742 -0.0006971
 0.0001607 -0.0007581
 0.0001769 -0.0008558
-0.0001857 -0.0010504
-0.0001667 -0.0009725
 0.0001950 -0.0006636
 0.0001187 -0.0005667
 0.0002524  0.0000272
-0.0000763  0.0004313
-0.0001292  0.0003138
-0.0005745  0.0003098
-0.0007857  0.0000219
-0.0012843 -0.0003257
-0.0011850 -0.0007493
-0.0012790 -0.0014413
-0.0014111 -0.0016161
-0.0008490 -0.0017328
-0.0012717 -0.0017118
-0.0011732 -0.0017175
-0.0012846 -0.0011418
-0.0009556 -0.0010497
-0.0013153 -0.0012282
-0.0011772 -0.0008346
-0.0010233 -0.0009335
-0.0013447 -0.0014193
-0.0010609 -0.0017306
-0.0009911 -0.0016155
-0.0009580 -0.0015231
-0.0011563 -0.0010995
-0.0006282 -0.0009618
-0.0012072 -0.0006942
-0.0009234  0.0000407
-0.0006743  0.0003710
-0.0010042  0.0009294
-0.0007910  0.0010053
-0.0006020  0.0012160
-0.0002944  0.0013295
 0.0003577  0.0015406
 0.0007772  0.0016161
 0.0011385  0.0017675
 0.0014664  0.0018124
 0.0016961  0.0020805
 0.0018915  0.0023106
 0.0020619  0.0025242
 0.0016989  0.0024660
 0.0014135  0.0026401
 0.0015475  0.0025056
 0.0010287  0.0023950
 0.0007998  0.0021059
 0.0008571  0.0015714
 0.0006319  0.0012080
 0.0006900  0.0009028
 0.0007708  0.0005604
 0.0008297  0.0001179
 0.0005649 -0.0005317
 0.0005984 -0.0005450
 0.0002778 -0.0009843
 0.0001434 -0.0008235
-0.0000674 -0.0008393
-0.0003900 -0.0008877
-0.0008482 -0.0010778
-0.0008417 -0.0010318
-0.0013981 -0.0009361
-0.0017223 -0.0009942
-0.0017227 -0.0008796
-0.0016237 -0.0007524
-0.0019298 -0.0006261
-0.0014118 -0.0007254
-0.0017154 -0.0006395
-0.0014061 -0.0004873
-0.0010201 -0.0006447
-0.0009595 -0.0004558
-0.0011356 -0.0001902
-0.0011715 -0.0003811
-0.0015761 -0.0002095
-0.0016152  0.0001546
-0.0020041 -0.0004393
-0.0019488 -0.0003601
-0.0019512 -0.0008200
-0.0019181 -0.0009552
-0.0018685 -0.0011503
-0.0014151 -0.0014947
-0.0013400 -0.0018044
-0.0008903 -0.0019392
-0.0008007 -0.0022093
-0.0007458 -0.0025937
-0.0003837 -0.0023668
-0.0000776 -0.0022889
-0.0000582 -0.0027120
-0.0000260 -0.0022093
 0.0001291 -0.0020906
-0.0003522 -0.0019497
-0.0003344 -0.0013666
-0.0007572 -0.0010343
-0.0012101 -0.0005853
-0.0013595 -0.0001012
-0.0017588  0.0002642
-0.0019065  0.0001528
-0.0016542  0.0002634
-0.0015379  0.0001455
-0.0009779 -0.0000483
-0.0009617 -0.0003398
-0.0010191 -0.0003681
-0.0008269 -0.0002769
-0.0014426 -0.0003977
-0.0020175  0.0000012
-0.0023405 -0.0005023
-0.0026260 -0.0002560
-0.0030664 -0.0003202
-0.0031036 -0.0005302
-0.0028012  0.0000609
-0.0028194 -0.0000938
-0.0025347  0.0002090
-0.0026341  0.0003608
-0.0024802  0.0007613
-0.0020418  0.0006588
-0.0019861  0.0006402
-0.0017535  0.0005021
-0.0015605  0.0007722
-0.0014099  0.0005041
-0.0013304  0.0006987
-0.0015762  0.0008389
-0.0013820  0.0011098
-0.0013792  0.0011700
-0.0010105  0.0009213
-0.0005474  0.0010771
-0.0001239  0.0012338
 0.0008148  0.0012576
 0.0016195  0.0014369
 0.0021710  0.0013118
 0.0027330  0.0013203
 0.0029966  0.0016090
 0.0032260  0.0017257
 0.0033551  0.0019022
 0.0036381  0.0023039
 0.0039979  0.0025679
 0.0040923  0.0031808
 0.0044161  0.0034113
 0.0042655  0.0036931
 0.0043221  0.0042479
 0.0037290  0.0046108
 0.0038412  0.0048055
 0.0034588  0.0050158
 0.0034576  0.0048067
 0.0038541  0.0049234
 0.0038194  0.0046383
 0.0038181  0.0046573
 0.0038565  0.0047889
 0.0032824  0.0047098
 0.0023106  0.0046104
 0.0016045  0.0052229
 0.0003626  0.0052043
-0.0008789  0.0052794
-0.0012031  0.0054506
-0.0015504  0.0054337
-0.0020264  0.0053004
-0.0016065  0.0052815
-0.0015294  0.0046496
-0.0013421  0.0041510
-0.0009367  0.0037848
-0.0007627  0.0031101
-0.0007655  0.0023627
-0.0008773  0.0022238
-0.0012225  0.0015120
-0.0015047  0.0012803
-0.0018875  0.0012992
-0.0019811  0.0009718
-0.0023622  0.0005676
-0.0020183  0.0003734
-0.0018071  0.0000040
-0.0012027 -0.0002113
-0.0005341 -0.0001366
 0.0001300  0.0002074
 0.0009141  0.0001674
 0.0014684 -0.0000570
 0.0019283  0.0001945
 0.0021596  0.0002910
 0.0021988  0.0002939
 0.0021790  0.0003318
 0.0019682  0.0007735
 0.0019880  0.0011756
 0.0022537  0.0013093
 0.0025718  0.0017667
 0.0028746  0.0020699
 0.0030635  0.0023194
 0.0034228  0.0025706
 0.0034991  0.0025153
 0.0036905  0.0023271
 0.0036146  0.0021386
 0.0034463  0.0020256
 0.0034915  0.0019929
 0.0033987  0.0022085
 0.0033244  0.0023397
 0.0027902  0.0025896
 0.0028104  0.0027612
 0.0022916  0.0026288
 0.0017926  0.0027233
 0.0018120  0.0023434
 0.0017563  0.0021944
 0.0011615  0.0023511
 0.0004958  0.0019142
 0.0002326  0.0018040
-0.0004925  0.0015937
-0.0010844  0.0013248
-0.0015600  0.0009231
-0.0018850  0.0005581
-0.0016363  0.0003469
-0.0022286  0.0003861
-0.0017526  0.0005968
-0.0016924  0.0009013
-0.0015172  0.0007684
-0.0012483  0.0013632
-0.0011708  0.0008863
-0.0011918  0.0005940
-0.0009031  0.0001692
-0.0004860 -0.0003524
-0.0004526 -0.0009912
 0.0001014 -0.0008587
 0.0001748 -0.0010122
 0.0003436 -0.0008196
 0.0005886 -0.0006625
 0.0004522 -0.0000262
 0.0003771  0.0002266
 0.0003936  0.0007466
-0.0000251  0.0009990
-0.0000388  0.0012097
-0.0002644  0.0011144
-0.0003569  0.0013232
-0.0005066  0.0016672
-0.0005438  0.0017241
-0.0003322  0.0019542
-0.0004461  0.0021109
-0.0003544  0.0028029
-0.0005842  0.0031881
-0.0007828  0.0030759
-0.0007118  0.0031978
-0.0007312  0.0034316
-0.0005786  0.0032988
-0.0004425  0.0034345
-0.0003997  0.0036622
-0.0006645  0.0037344
-0.0010812  0.0039823
-0.0013872  0.0038809
-0.0019387  0.0038608
-0.0019181  0.0039581
-0.0019193  0.0037663
-0.0016872  0.0036932
-0.0011708  0.0035927
-0.0012083  0.0041527
-0.0009584  0.0039246
-0.0008203  0.0037663
-0.0012975  0.0037041
-0.0010892  0.0032434
-0.0012030  0.0028150
-0.0009564  0.0028864
-0.0008231  0.0027714
-0.0004626  0.0024237
 0.0000303  0.0025356
 0.0006977  0.0021487
 0.0013457  0.0022089
 0.0015540  0.0022251
 0.0017058  0.0021116
 0.0016097  0.0015544
 0.0019731  0.0012125
 0.0015936  0.0009646
 0.0018096  0.0003529
 0.0016772 -0.0000294
 0.0017971 -0.0001267
 0.0012263 -0.0002067
 0.0013793  0.0000783
 0.0011088  0.0005164
 0.0009711  0.0004368
 0.0006824  0.0007606
 0.0007344  0.0007776
 0.0005414  0.0009677
 0.0006161  0.0007772
 0.0005515  0.0010852
 0.0003177  0.0005095
 0.0002006  0.0007614
-0.0000299  0.0008459
-0.0007018  0.0008673
-0.0008746  0.0003743
-0.0011951  0.0003215
-0.0013667  0.0001305
-0.0009787  0.0003445
-0.0003420  0.0006703
-0.0001498  0.0011895
-0.0002063  0.0017414
-0.0003020  0.0022599
-0.0006839  0.0027395
-0.0010291  0.0025469
-0.0013723  0.0022421
-0.0015419  0.0017624
-0.0018838  0.0013813
-0.0017700  0.0012065
-0.0017639  0.0005318
-0.0019936  0.0003602
-0.0021482  0.0001018
-0.0024918 -0.0001696
-0.0025689 -0.0004797
-0.0027579 -0.0008834
-0.0027203 -0.0012714
-0.0025229 -0.0017927
-0.0021575 -0.0019481
-0.0017909 -0.0021609
-0.0015628 -0.0020887
-0.0010237 -0.0029531
-0.0004484 -0.0029717
-0.0003915 -0.0032632
-0.0000834 -0.0035131
-0.0001565 -0.0042613
-0.0007132 -0.0039189
-0.0011125 -0.0040348
-0.0018029 -0.0041276
-0.0023246 -0.0043073
-0.0026900 -0.0041374
-0.0029424 -0.0041353
-0.0028952 -0.0036198
-0.0025544 -0.0035418
-0.0019892 -0.0032132
-0.0014030 -0.0030206
-0.0010284 -0.0024654
-0.0008278 -0.0026952
-0.0002771 -0.0024073
 0.0000043 -0.0021759
 0.0004399 -0.0020023
 0.0006103 -0.0018416
 0.0007221 -0.0014160
 0.0006046 -0.0009154
 0.0005101 -0.0005488
 0.0004903  0.0001481
 0.0002606  0.0007590
-0.0000232  0.0011083
-0.0003172  0.0016320
-0.0006830  0.0019566
-0.0011618  0.0027649
-0.0015615  0.0026551
-0.0017133  0.0027972
-0.0019984  0.0028372
-0.0024529  0.0023269
-0.0020827  0.0020403
-0.0023294  0.0017140
-0.0019962  0.0013701
-0.0022397  0.0010979
-0.0025610  0.0011346
-0.0027326  0.0009763
-0.0031884  0.0007954
-0.0033806  0.0010433
-0.0036891  0.0009823
-0.0040751  0.0008047
-0.0041901  0.0008261
-0.0043856  0.0007159
-0.0045782  0.0004227
-0.0044239 -0.0000735
-0.0043678 -0.0001712
-0.0041405 -0.0003493
-0.0040828 -0.0006392
-0.0038147 -0.0006808
-0.0036815 -0.0002754
-0.0032034 -0.0000311
-0.0028760  0.0000876
-0.0030472  0.0002794
-0.0027189  0.0003783
-0.0024831  0.0006286
-0.0021181  0.0010711
-0.0020034  0.0012399
-0.0015230  0.0014349
-0.0011770  0.0015277
-0.0004514  0.0013743
-0.0002439  0.0015241
-0.0001507  0.0013690
 0.0001142  0.0014449
 0.0004594  0.0014660
 0.0001933  0.0019678
 0.0000996  0.0023954
-0.0001870  0.0032441
-0.0007805  0.0037093
-0.0011600  0.0039641
-0.0017551  0.0041991
-0.0017931  0.0039726
-0.0020600  0.0036108
-0.0020261  0.0031918
-0.0018359  0.0028510
-0.0022599  0.0022963
-0.0019522  0.0017209
-0.0021044  0.0014541
-0.0017370  0.0009881
-0.0016744  0.0001988
-0.0008628  0.0001890
-0.0007053  0.0005673
-0.0003141  0.0008326
-0.0006370  0.0009189
-0.0007109  0.0011450
-0.0010985  0.0013093
-0.0013888  0.0010722
-0.0012403  0.0010516
-0.0013219  0.0003786
-0.0013259  0.0004380
-0.0012359  0.0002672
-0.0012202  0.0000544
-0.0010943 -0.0000946
-0.0010591 -0.0004430
-0.0013886 -0.0009998
-0.0011597 -0.0015202
-0.0010265 -0.0019979
-0.0008726 -0.0017883
-0.0002767 -0.0015929
 0.0004565 -0.0011903
 0.0008450 -0.0006877
 0.0013226  0.0002531
 0.0020352  0.0006774
 0.0022108  0.0007982
 0.0030930  0.0012976
 0.0033615  0.0006888
 0.0037298  0.0005931
 0.0038840  0.0002524
 0.0038255  0.0000061
 0.0040544  0.0002956
 0.0037701  0.0003764
 0.0032679  0.0007587
 0.0030353  0.0009719
 0.0026699  0.0008334
 0.0022666  0.0009868
 0.0018806  0.0005830
 0.0019338  0.0003509
 0.0017792 -0.0003020
 0.0022576 -0.0003791
 0.0029864 -0.0009185
 0.0033267 -0.0008822
 0.0039751 -0.0004623
 0.0039949 -0.0001761
 0.0040708  0.0004582
 0.0039961  0.0005362
 0.0039037  0.0002289
 0.0034309  0.0003283
 0.0029929  0.0000057
 0.0025746 -0.0003403
 0.0019658 -0.0005741
 0.0018391 -0.0003040
 0.0013990 -0.0003436
 0.0010792 -0.0000565
 0.0006230  0.0000969
 0.0002633  0.0007720
 0.0002653  0.0007712
 0.0001584  0.0007950
-0.0001056  0.0009525
-0.0000838  0.0012969
-0.0002110  0.0004523
-0.0002638  0.0002948
-0.0007431  0.0002083
-0.0003591 -0.0006206
-0.0001088 -0.0011092
-0.0001524 -0.0012852
 0.0004992 -0.0017693
 0.0004217 -0.0019454
 0.0005146 -0.0019660
 0.0008755 -0.0018509
 0.0009534 -0.0019280
 0.0015614 -0.0014706
 0.0022506 -0.0011468
 0.0025502 -0.0003619
 0.0030411  0.0000188
 0.0035134  0.0008683
 0.0028327  0.0013512
 0.0025387  0.0020767
 0.0022278  0.0023254
 0.0018269  0.0026541
 0.0019359  0.0027312
 0.0020174  0.0024086
 0.0023202  0.0022552
 0.0026864  0.0021434
 0.0029517  0.0019375
 0.0034156  0.0020982
 0.0034103  0.0023865
 0.0032198  0.0022351
 0.0030308  0.0023357
 0.0027434  0.0026821
 0.0025548  0.0023704
 0.0024979  0.0023061
 0.0026109  0.0026109
 0.0018034  0.0026650
 0.0016500  0.0026877
 0.0012471  0.0025940
 0.0008458  0.0028714
 0.0007703  0.0029361
 0.0007554  0.0029026
 0.0008939  0.0026963
 0.0012831  0.0030423
 0.0014999  0.0030476
 0.0014281  0.0028513
 0.0014107  0.0029805
 0.0012246  0.0026268
 0.0008641  0.0019335
 0.0007119  0.0021576
 0.0006360  0.0014405
 0.0001390  0.0009568
-0.0000007  0.0005296
 0.0000162  0.0001634
-0.0006564 -0.0003607
-0.0006843 -0.0005896
-0.0009581 -0.0009159
-0.0010050 -0.0011093
-0.0007373 -0.0014880
-0.0004737 -0.0016212
-0.0005140 -0.0013915
-0.0002298 -0.0012360
-0.0002863 -0.0008549
-0.0001680 -0.0007568
 0.0002527 -0.0007939
-0.0000303 -0.0005836
 0.0002196 -0.0008735
 0.0001618 -0.0008653
 0.0002765 -0.0009594
 0.0004287 -0.0007434
 0.0006988 -0.0006610
 0.0008329 -0.0001183
 0.0009891  0.0006351
 0.0007598  0.0009642
 0.0006278  0.0012549
 0.0001267  0.0014479
-0.0005104  0.0020979
-0.0011806  0.0020063
-0.0012222  0.0019106
-0.0018791  0.0016235
-0.0022672  0.0014346
-0.0023859  0.0011076
-0.0025183  0.0005924
-0.0022349  0.0006513
-0.0023157  0.0002670
-0.0022398  0.0004785
-0.0024130  0.0004167
-0.0024323  0.0004163
-0.0025825  0.0003400
-0.0027533  0.0003558
-0.0027545  0.0003727
-0.0026948  0.0003703
-0.0025042 -0.0000718
-0.0019906  0.0000202
-0.0018344 -0.0005749
-0.0016079 -0.0008087
-0.0016450 -0.0013901
-0.0017250 -0.0021020
-0.0019761 -0.0022994
-0.0024748 -0.0026834
-0.0024925 -0.0027811
-0.0029916 -0.0028950
-0.0024909 -0.0032175
-0.0024711 -0.0036976
-0.0018340 -0.0042111
-0.0013301 -0.0044397
-0.0006384 -0.0045721
-0.0001543 -0.0048563
 0.0008445 -0.0047986
 0.0009980 -0.0044533
 0.0013981 -0.0040104
 0.0018959 -0.0038950
 0.0018345 -0.0033196
 0.0022168 -0.0026086
 0.0026194 -0.0028965
 0.0028652 -0.0024972
 0.0029803 -0.0023627
 0.0032900 -0.0027702
 0.0035972 -0.0029046
 0.0037139 -0.0028440
 0.0031572 -0.0026688
 0.0027526 -0.0025274
 0.0021607 -0.0023308
 0.0013746 -0.0021313
 0.0008744 -0.0019932
 0.0005494 -0.0018163
-0.0000643 -0.0012753
-0.0001564 -0.0012563
-0.0005601 -0.0004904
-0.0006130  0.0000478
-0.0008035  0.0003130
-0.0011830  0.0012114
-0.0013510  0.0012873
-0.0014608  0.0012687
-0.0015475  0.0017645
-0.0015761  0.0011149
-0.0017602  0.0013979
-0.0018300  0.0012787
-0.0018817  0.0015852
-0.0022612  0.0016013
-0.0023932  0.0015775
-0.0025676  0.0012492
-0.0025297  0.0013635
-0.0025713  0.0012306
-0.0023811  0.0009940
-0.0024058  0.0008410
-0.0021991  0.0007453
-0.0023945  0.0009936
-0.0023412  0.0008773
-0.0023990  0.0004756
-0.0021309  0.0003052
-0.0019436 -0.0000453
-0.0011789 -0.0006388
-0.0009916 -0.0006808
-0.0001118 -0.0005508
 0.0003819 -0.0007252
 0.0009924 -0.0007838
 0.0014696 -0.0004414
 0.0015637 -0.0002468
 0.0015213  0.0000048
 0.0021131  0.0003088
 0.0020356  0.0004860
 0.0020921  0.0006960
 0.0022048  0.0005962
 0.0019779  0.0007876
 0.0020538  0.0008813
 0.0021325  0.0009770
 0.0016137  0.0013210
 0.0014405  0.0014195
 0.0011126  0.0018039
 0.0010751  0.0017881
 0.0006326  0.0020962
 0.0007674  0.0021200
 0.0003690  0.0016981
 0.0005054  0.0016004
 0.0003197  0.0012919
 0.0004223  0.0008280
 0.0002148  0.0006903
 0.0002003  0.0000932
 0.0002246 -0.0002932
 0.0003021 -0.0004628
 0.0001499 -0.0007870
-0.0002308 -0.0010385
 0.0001903 -0.0008847
 0.0002831 -0.0010394
 0.0001301 -0.0010814
 0.0003929 -0.0010257
 0.0003747 -0.0011209
 0.0004078 -0.0011201
 0.0002520 -0.0015102
 0.0004227 -0.0016067
 0.0000714 -0.0014379
 0.0003132 -0.0017311
-0.0000013 -0.0020622
 0.0003160 -0.0017396
 0.0005202 -0.0017360
 0.0005582 -0.0020085
 0.0009559 -0.0016447
 0.0014153 -0.0018329
 0.0016099 -0.0023080
 0.0019733 -0.0025151
 0.0021280 -0.0026641
 0.0021869 -0.0032899
 0.0028390 -0.0030545
 0.0028406 -0.0034319
 0.0029165 -0.0033673
 0.0028034 -0.0029430
 0.0029585 -0.0031505
 0.0030695 -0.0024386
 0.0035467 -0.0017062
 0.0034498 -0.0014704
 0.0034147 -0.0006996
 0.0033763 -0.0004654
 0.0029597 -0.0002147
 0.0030405 -0.0001339
 0.0029699 -0.0000019
 0.0030188  0.0001882
 0.0029865  0.0008544
 0.0032970  0.0008673
 0.0030507  0.0014184
 0.0030124  0.0020248
 0.0028581  0.0020970
 0.0027645  0.0027103
 0.0028428  0.0028823
 0.0024972  0.0034189
 0.0021363  0.0035137
 0.0020034  0.0038573
 0.0020051  0.0034742
 0.0018306  0.0037208
 0.0016017  0.0035638
 0.0015052  0.0036191
 0.0014862  0.0037337
 0.0014087  0.0035569
 0.0010805  0.0034991
 0.0010635  0.0030946
 0.0011382  0.0026682
 0.0014249  0.0024970
 0.0013065  0.0015889
 0.0017858  0.0012034
 0.0021104  0.0005893
 0.0023030  0.0002239
 0.0022799  0.0001072
 0.0023187 -0.0003733
 0.0018790 -0.0005045
 0.0020308 -0.0008275
 0.0021681 -0.0012611
 0.0019990 -0.0014633
 0.0019820 -0.0017612
 0.0021968 -0.0019957
 0.0020632 -0.0021508
 0.0021193 -0.0018568
 0.0019473 -0.0015496
 0.0017729 -0.0010715
 0.0018621 -0.0008818
 0.0016311 -0.0008624
 0.0018197  0.0000371
 0.0021612  0.0001538
 0.0023708  0.0003048
 0.0027095  0.0008729
 0.0028011  0.0011006
 0.0028580  0.0011373
 0.0028107  0.0014817
 0.0022907  0.0013315
 0.0016193  0.0012774
 0.0007383  0.0015641
 0.0006035  0.0009367
 0.0000083  0.0004530
-0.0002832  0.0004699
-0.0003050  0.0002410
-0.0005017 -0.0001454
-0.0001032 -0.0000485
 0.0001451 -0.0000275
 0.0001677  0.0003444
 0.0002667  0.0012141
 0.0001387  0.0012400
-0.0003914  0.0019700
-0.0009210  0.0025275
-0.0012763  0.0025098
-0.0018847  0.0024657
-0.0018476  0.0024629
-0.0020522  0.0018451
-0.0021508  0.0017462
-0.0016360  0.0010517
-0.0014608  0.0007655
-0.0009064  0.0006331
-0.0005580  0.0003250
-0.0009758  0.0001732
-0.0006504  0.0006165
-0.0009734  0.0004845
-0.0014704  0.0007752
-0.0013376  0.0005677
-0.0008115  0.0007648
-0.0005401  0.0007260
-0.0001897  0.0011298
 0.0008888  0.0010518
 0.0017132  0.0015509
 0.0026087  0.0018182
 0.0030665  0.0017027
 0.0036374  0.0020467
 0.0037811  0.0024504
 0.0038384  0.0020652
 0.0039244  0.0018343
 0.0039777  0.0016586
 0.0046305  0.0011431
 0.0047254  0.0011204
 0.0050520  0.0008378
 0.0053238  0.0003755
 0.0053662  0.0001079
 0.0052531 -0.0000076
 0.0054054 -0.0006209
 0.0051744 -0.0009076
 0.0047295 -0.0011571
 0.0046544 -0.0014635
 0.0043806 -0.0014833
 0.0040766 -0.0015427
 0.0036414 -0.0016565
 0.0027616 -0.0008563
 0.0021367 -0.0003395
 0.0019332  0.0000783
 0.0012267  0.0007510
 0.0009978  0.0008689
 0.0008831  0.0008709
 0.0007511  0.0006812
 0.0004826  0.0006812
 0.0004047  0.0006271
 0.0004196  0.0006828
 0.0000183  0.0008572
 0.0000324  0.0008172
-0.0003904  0.0011204
-0.0005470  0.0009654
-0.0007190  0.0006557
-0.0012193  0.0001938
-0.0015492 -0.0001906
-0.0018774 -0.0003056
-0.0023962 -0.0004421
-0.0026276 -0.0004631
-0.0024944 -0.0003283
-0.0025533 -0.0001216
-0.0022275  0.0005995
-0.0019445  0.0013279
-0.0020253  0.0018442
-0.0018177  0.0021099
-0.0012497  0.0024171
-0.0011754  0.0018616
-0.0009522  0.0012717
-0.0007290  0.0014631
-0.0004621  0.0010178
-0.0006151  0.0009455
-0.0004056  0.0013105
-0.0004435  0.0012152
 0.0000184  0.0013917
 0.0001767  0.0019347
 0.0004508  0.0023426
 0.0003600  0.0026696
 0.0006358  0.0031509
 0.0001881  0.0034759
-0.0001175  0.0039111
-0.0005729  0.0040819
-0.0006443  0.0037879
-0.0005821  0.0040511
-0.0006015  0.0042792
-0.0004659  0.0040697
-0.0004089  0.0039942
-0.0004469  0.0040560
-0.0007896  0.0043128
-0.0013634  0.0040649
-0.0018055  0.0042381
-0.0023772  0.0035502
-0.0026622  0.0035312
-0.0030655  0.0033733
-0.0033740  0.0030471
-0.0035113  0.0029704
-0.0036127  0.0034258
-0.0036155  0.0032909
-0.0039430  0.0033705
-0.0041949  0.0031209
-0.0039070  0.0029130
-0.0037928  0.0025299
-0.0030830  0.0025493
-0.0031779  0.0024322
-0.0027431  0.0026817
-0.0022448  0.0026247
-0.0022259  0.0023958
-0.0020745  0.0027947
-0.0016699  0.0026037
-0.0014810  0.0023506
-0.0018294  0.0022512
-0.0013288  0.0013901
-0.0014620  0.0007529
-0.0012739  0.0003294
-0.0011766 -0.0000671
-0.0011955 -0.0008584
-0.0006961 -0.0010098
-0.0006759 -0.0012783
-0.0002564 -0.0012561
 0.0000141 -0.0012222
 0.0004752 -0.0013514
 0.0006246 -0.0010025
 0.0012972 -0.0005382
 0.0013125 -0.0005140
 0.0014058  0.0002580
 0.0011344  0.0005665
 0.0013279  0.0009101
 0.0010928  0.0012953
 0.0013056  0.0015205
 0.0014829  0.0016352
 0.0019266  0.0021524
 0.0020042  0.0027657
 0.0023558  0.0028832
 0.0023748  0.0033810
 0.0022428  0.0031158
 0.0018580  0.0026402
 0.0020688  0.0021844
 0.0017446  0.0014592
 0.0018552  0.0012307
 0.0017426  0.0007931
 0.0023232  0.0004471
 0.0020773  0.0006921
 0.0024480  0.0007668
 0.0029894  0.0010910
 0.0029753  0.0016252
 0.0032095  0.0018367
 0.0029253  0.0019744
 0.0022765  0.0021448
 0.0023912  0.0020124
 0.0020468  0.0017043
 0.0019495  0.0016074
 0.0015235  0.0016037
 0.0016732  0.0013695
 0.0015772  0.0011354
 0.0013377  0.0007449
 0.0012965  0.0006290
 0.0011996  0.0005531
 0.0013881  0.0005192
 0.0012702  0.0000404
 0.0009040  0.0002318
 0.0010162  0.0001542
 0.0008055  0.0005350
 0.0005152  0.0004699
 0.0005919  0.0006560
 0.0005491  0.0012095
 0.0001417  0.0014517
 0.0004848  0.0017622
 0.0007472  0.0021079
 0.0007436  0.0025157
 0.0015095  0.0025750
 0.0015830  0.0027511
 0.0014791  0.0032324
 0.0019980  0.0030418
 0.0017452  0.0032768
 0.0017997  0.0034920
 0.0018938  0.0032086
 0.0017956  0.0030172
 0.0016422  0.0028687
 0.0017561  0.0020442
 0.0017205  0.0016800
 0.0013935  0.0011596
 0.0010830  0.0010437
 0.0005876  0.0008515
 0.0000523  0.0008919
-0.0007693  0.0013687
-0.0011089  0.0019469
-0.0015429  0.0016619
-0.0015388  0.0020664
-0.0015323  0.0019691
-0.0013365  0.0019328
-0.0011798  0.0015505
-0.0010231  0.0015287
-0.0011927  0.0015101
-0.0013049  0.0013756
-0.0018617  0.0012747
-0.0018403  0.0012186
-0.0025856  0.0012004
-0.0028533  0.0007934
-0.0029437  0.0007526
-0.0031750  0.0004582
-0.0027309  0.0000141
-0.0024644  0.0000484
-0.0023502 -0.0000703
-0.0018524 -0.0005310
-0.0012189 -0.0005698
-0.0010291 -0.0004716
-0.0006795 -0.0002790
-0.0004489  0.0000516
-0.0006395  0.0003444
-0.0005805  0.0004607
-0.0004457  0.0004994
-0.0003508  0.0008648
 0.0000675  0.0008838
 0.0002387  0.0005996
 0.0001183  0.0007316
 0.0001530  0.0008665
 0.0000775  0.0004700
 0.0000375  0.0002576
-0.0001155 -0.0001396
-0.0000186 -0.0005761
-0.0002834 -0.0009762
 0.0001785 -0.0016023
 0.0004280 -0.0021171
 0.0008709 -0.0021716
 0.0014495 -0.0025874
 0.0014701 -0.0029722
 0.0016078 -0.0027166
 0.0017200 -0.0025220
 0.0011620 -0.0023839
 0.0007212 -0.0021925
 0.0004527 -0.0023588
-0.0000476 -0.0024718
-0.0008898 -0.0025926
-0.0003775 -0.0026713
-0.0006633 -0.0026019
-0.0005466 -0.0023601
-0.0001639 -0.0019241
 0.0000897 -0.0017562
 0.0000526 -0.0013605
 0.0003978 -0.0016516
 0.0002052 -0.0015753
 0.0003437 -0.0019625
 0.0007054 -0.0024253
 0.0008378 -0.0029453
 0.0011641 -0.0030083
 0.0017564 -0.0033156
 0.0024847 -0.0035716
 0.0030015 -0.0036297
 0.0036164 -0.0033576
 0.0034650 -0.0030132
 0.0035293 -0.0025315
 0.0034562 -0.0025864
 0.0032095 -0.0021859
 0.0029616 -0.0020688
 0.0025405 -0.0022589
 0.0023810 -0.0020672
 0.0018973 -0.0024923
 0.0020870 -0.0025089
 0.0022546 -0.0030870
 0.0021710 -0.0036463
 0.0023785 -0.0036862
 0.0024342 -0.0036471
 0.0025254 -0.0035881
 0.0021584 -0.0031629
 0.0021527 -0.0031771
 0.0019819 -0.0028492
 0.0013274 -0.0026530
 0.0012087 -0.0021923
 0.0012487 -0.0020340
 0.0007085 -0.0015172
 0.0009366 -0.0011494
 0.0006499 -0.0012216
 0.0003592 -0.0007391
-0.0000805 -0.0006979
-0.0005040 -0.0010399
-0.0009873 -0.0010766
-0.0015841 -0.0010399
-0.0014730 -0.0013459
-0.0021453 -0.0007944
-0.0019725 -0.0007924
-0.0020694 -0.0003115
-0.0019280 -0.0002546
-0.0021767  0.0002073
-0.0021162  0.0002860
-0.0026693  0.0004750
-0.0031836  0.0004362
-0.0036819  0.0000902
-0.0043335 -0.0001250
-0.0043339 -0.0005276
-0.0044123 -0.0005679
-0.0045253 -0.0004759
-0.0037784 -0.0001699
-0.0033783 -0.0002317
-0.0031271  0.0001858
-0.0023967  0.0002035
-0.0017261  0.0000707
-0.0013070  0.0000101
-0.0007107 -0.0005640
 0.0000362 -0.0010436
 0.0001703 -0.0016255
 0.0005700 -0.0019509
 0.0009337 -0.0024701
 0.0009087 -0.0027390
 0.0010173 -0.0026631
 0.0007694 -0.0029635
 0.0006498 -0.0025779
 0.0004003 -0.0020901
 0.0003503 -0.0022189
-0.0000861 -0.0018700
 0.0001117 -0.0015789
-0.0006897 -0.0009825
-0.0013147 -0.0009466
-0.0013094 -0.0009858
-0.0018294 -0.0009140
-0.0016513 -0.0008982
-0.0016328 -0.0009959
-0.0014975 -0.0006503
-0.0013033 -0.0005893
-0.0007053 -0.0009123
-0.0007029 -0.0010023
-0.0007174 -0.0012866
-0.0004626 -0.0017250
-0.0004957 -0.0017638
-0.0007024 -0.0016293
-0.0005425 -0.0019527
-0.0007104 -0.0016103
-0.0005311 -0.0013451
-0.0001068 -0.0010044
 0.0000879 -0.0009911
 0.0002788 -0.0008974
 0.0002029 -0.0009588
 0.0001985 -0.0011159
 0.0003664 -0.0015543
 0.0003216 -0.0021148
 0.0004673 -0.0019436
 0.0008456 -0.0023106
 0.0016066 -0.0025044
 0.0019832 -0.0021257
 0.0029591 -0.0020502
 0.0036265 -0.0015779
 0.0039103 -0.0011237
 0.0041598 -0.0005516
 0.0037552 -0.0004604
 0.0034855 -0.0001192
 0.0031811 -0.0001943
 0.0025315 -0.0001992
 0.0024519 -0.0000635
 0.0022404  0.0000491
 0.0016816 -0.0000486
 0.0016634 -0.0001479
 0.0022335  0.0000075
 0.0022928  0.0003148
 0.0024879  0.0007032
 0.0027753  0.0011841
 0.0025909  0.0018369
 0.0027318  0.0020538
 0.0028113  0.0022896
 0.0026660  0.0022961
 0.0025781  0.0023340
 0.0024864  0.0017644
 0.0024105  0.0022242
 0.0017428  0.0018637
 0.0013802  0.0022251
 0.0009744  0.0026119
 0.0006115  0.0023095
 0.0002658  0.0025804
-0.0004254  0.0025416
-0.0004435  0.0022009
-0.0006749  0.0021209
-0.0011360  0.0019651
-0.0014804  0.0015605
-0.0019221  0.0015177
-0.0020577  0.0013998
-0.0022495  0.0014959
-0.0028846  0.0014559
-0.0029387  0.0015112
-0.0029601  0.0012262
-0.0033288  0.0011268
-0.0034430  0.0005474
-0.0033151  0.0000698
-0.0035650 -0.0001264
-0.0038928 -0.0002645
-0.0039934 -0.0003388
-0.0043015 -0.0007450
-0.0045159 -0.0005330
-0.0047496 -0.0008027
-0.0047368 -0.0006526
-0.0047574 -0.0003910
-0.0043177 -0.0002149
-0.0041845  0.0000516
-0.0041077 -0.0003292
-0.0040682 -0.0002880
-0.0043140  0.0002292
-0.0037371  0.0001723
-0.0033358  0.0003261
-0.0033761  0.0006281
-0.0024750  0.0015119
-0.0025892  0.0016855
-0.0022242  0.0021289
-0.0021326  0.0022496
-0.0020159  0.0022751
-0.0019784  0.0021863
-0.0018770  0.0016183
-0.0022028  0.0015411
-0.0024503  0.0014083
-0.0019678  0.0012169
-0.0018326  0.0009844
-0.0011344  0.0013312
-0.0005583  0.0017499
-0.0004953  0.0018980
-0.0002203  0.0020139
-0.0001073  0.0028129
-0.0000104  0.0028884
-0.0004496  0.0032122
-0.0003923  0.0031738
-0.0010431  0.0030184
-0.0012898  0.0029247
-0.0009862  0.0026384
-0.0012102  0.0028690
-0.0010189  0.0028161
-0.0007883  0.0025860
-0.0006700  0.0026050
-0.0002497  0.0024338
 0.0000192  0.0021633
-0.0003487  0.0016028
-0.0003140  0.0011603
-0.0003313  0.0004542
-0.0006604  0.0001057
-0.0005255 -0.0006222
-0.0005820 -0.0009468
-0.0003281 -0.0011237
-0.0001581 -0.0015658
-0.0000418 -0.0013991
-0.0001750 -0.0011318
 0.0003220 -0.0014342
-0.0000467 -0.0015731
 0.0000870 -0.0015929
 0.0002400 -0.0019328
 0.0004475 -0.0020479
 0.0007083 -0.0017402
 0.0013344 -0.0013526
 0.0015750 -0.0004692
 0.0021277 -0.0000650
 0.0023175  0.0009165
 0.0025488  0.0013594
 0.0030677  0.0013005
 0.0032655  0.0009028
 0.0035183  0.0009371
 0.0038684  0.0006270
 0.0042693  0.0003585
 0.0044788  0.0005454
 0.0049358  0.0008490
 0.0052213  0.0011966
 0.0048506  0.0017514
 0.0048873  0.0021172
 0.0045999  0.0020433
 0.0042930  0.0024850
 0.0042402  0.0024491
 0.0036487  0.0017942
 0.0033067  0.0020611
 0.0025820  0.0018689
 0.0021981  0.0020801
 0.0018763  0.0016404
 0.0017778  0.0015859
 0.0015501  0.0015875
 0.0016861  0.0016816
 0.0020156  0.0013961
 0.0018242  0.0010671
 0.0020185  0.0008345
 0.0022882  0.0005640
 0.0019442  0.0003887
 0.0019272  0.0005595
 0.0021162  0.0004267
 0.0020031  0.0002119
 0.0020609  0.0001929
 0.0021145  0.0003043
 0.0020738  0.0001836
 0.0019558  0.0001073
 0.0019655  0.0000459
 0.0017668 -0.0001649
 0.0018172  0.0000301
 0.0017381 -0.0002739
 0.0011587 -0.0002262
 0.0009488 -0.0002027
 0.0005862 -0.0004664
-0.0000877 -0.0006565
-0.0004466 -0.0010744
-0.0006396 -0.0013647
-0.0006961 -0.0013098
-0.0003121 -0.0016736
-0.0001369 -0.0017927
 0.0003593 -0.0017015
 0.0008369 -0.0017390
 0.0011862 -0.0013930
 0.0010824 -0.0010865
 0.0015810 -0.0005463
 0.0011983 -0.0000650
 0.0011232  0.0003193
 0.0009673  0.0008785
 0.0005854  0.0011850
 0.0003532  0.0018168
 0.0004122  0.0020486
 0.0000121  0.0020284
-0.0001038  0.0019719
 0.0002842  0.0017426
-0.0002334  0.0017199
-0.0002709  0.0014090
 0.0001538  0.0008527
 0.0004413  0.0008163
 0.0004183  0.0007945
 0.0006278  0.0006076
 0.0006662  0.0008200
 0.0009165  0.0004013
 0.0007284 -0.0002483
 0.0008628 -0.0003254
 0.0007357 -0.0008071
 0.0008140 -0.0013267
 0.0006791 -0.0012714
 0.0007756 -0.0013716
 0.0010272 -0.0012795
 0.0011245 -0.0011459
 0.0012226 -0.0003808
 0.0011855 -0.0001701
 0.0011706 -0.0000570
 0.0010167  0.0000629
 0.0009566  0.0000900
 0.0008803 -0.0001583
 0.0007405 -0.0005354
 0.0009509 -0.0010889
 0.0011564 -0.0017026
 0.0013812 -0.0016691
 0.0015330 -0.0020567
 0.0014333 -0.0017539
 0.0014321 -0.0016998
 0.0011426 -0.0020285
 0.0012370 -0.0019522
 0.0007743 -0.0022776
 0.0008886 -0.0023902
 0.0010573 -0.0020422
 0.0009831 -0.0018266
 0.0009055 -0.0014806
 0.0003875 -0.0007469
 0.0002115 -0.0001336
-0.0001119  0.0003493
 0.0000221  0.0005851
 0.0000052  0.0007405
 0.0000649  0.0010486
 0.0005289  0.0011616
 0.0007441  0.0013538
 0.0009750  0.0014511
 0.0011099  0.0013340
 0.0014204  0.0014318
 0.0014030  0.0013510
 0.0013098  0.0009484
 0.0012726  0.0011959
 0.0009690  0.0010223
 0.0003925  0.0007906
 0.0002774  0.0006537
-0.0002955 -0.0000218
-0.0004465 -0.0001930
-0.0012652 -0.0004660
-0.0013981 -0.0009909
-0.0012955 -0.0012610
-0.0016532 -0.0017055
-0.0014577 -0.0020168
-0.0007786 -0.0025897
-0.0005287 -0.0025930
-0.0006074 -0.0029547
 0.0001222 -0.0028752
 0.0001375 -0.0030302
 0.0000930 -0.0025271
 0.0003583 -0.0026769
-0.0000322 -0.0021407
-0.0003423 -0.0017963
-0.0003653 -0.0018714
-0.0002894 -0.0019877
-0.0003908 -0.0016611
-0.0006052 -0.0016821
-0.0004558 -0.0014507
-0.0005923 -0.0009121
-0.0005394 -0.0007744
-0.0007122 -0.0005237
-0.0008661 -0.0005423
-0.0010619 -0.0011019
-0.0010672 -0.0011766
-0.0007644 -0.0015036
-0.0008662 -0.0019239
-0.0007935 -0.0023070
-0.0006260 -0.0024415
-0.0004944 -0.0028255
-0.0005364 -0.0028836
-0.0004980 -0.0028840
-0.0007504 -0.0027100
-0.0005198 -0.0026535
-0.0003115 -0.0024605
-0.0004625 -0.0028226
-0.0003268 -0.0025860
-0.0002812 -0.0027911
-0.0002957 -0.0031124
-0.0003510 -0.0033134
-0.0004232 -0.0033086
-0.0007252 -0.0035185
-0.0007607 -0.0031915
-0.0007050 -0.0031156
-0.0006247 -0.0029036
-0.0005334 -0.0026314
-0.0004523 -0.0025394
 0.0000113 -0.0021720
-0.0000271 -0.0021308
 0.0000464 -0.0021546
 0.0002769 -0.0019257
 0.0005422 -0.0018498
 0.0007739 -0.0020065
 0.0008506 -0.0025277
 0.0013311 -0.0025100
 0.0015612 -0.0026097
 0.0020647 -0.0026917
 0.0026401 -0.0026599
 0.0029510 -0.0021875
 0.0029712 -0.0019069
 0.0028383 -0.0016421
 0.0021528 -0.0019744
 0.0018504 -0.0018267
 0.0012226 -0.0024400
 0.0008443 -0.0024634
 0.0008516 -0.0029439
 0.0010463 -0.0031546
 0.0011101 -0.0030105
 0.0011295 -0.0024542
 0.0012078 -0.0020569
 0.0010386 -0.0017311
 0.0013435 -0.0010649
 0.0015708 -0.0009293
 0.0012256 -0.0010472
 0.0014092 -0.0004682
 0.0014411 -0.0004056
 0.0011092  0.0001532
 0.0011423  0.0001634
 0.0009864  0.0004743
 0.0007175  0.0006322
 0.0005633  0.0011207
 0.0008164  0.0012584
 0.0001838  0.0014757
 0.0008168  0.0018859
 0.0004345  0.0020071
 0.0004712  0.0022954
 0.0003970  0.0026091
-0.0000435  0.0032681
-0.0000815  0.0039040
-0.0004061  0.0045375
-0.0008445  0.0045564
-0.0012305  0.0051491
-0.0015406  0.0051891
-0.0020784  0.0048568
-0.0024079  0.0045055
-0.0027943  0.0040198
-0.0030640  0.0033624
-0.0036793  0.0027443
-0.0036818  0.0021471
-0.0040802  0.0013965
-0.0041133  0.0013590
-0.0043015  0.0009936
-0.0047762  0.0010263
-0.0047132  0.0011542
-0.0045376  0.0011877
-0.0048658  0.0012531
-0.0045029  0.0010968
-0.0042982  0.0006894
-0.0043023  0.0005344
-0.0033268  0.0001173
-0.0027382 -0.0001084
-0.0024322 -0.0002767
-0.0020147 -0.0003485
-0.0017103 -0.0009029
-0.0013126 -0.0011908
-0.0011023 -0.0014984
-0.0006247 -0.0016692
-0.0006110 -0.0016716
-0.0002092 -0.0018238
 0.0002284 -0.0019393
 0.0005122 -0.0021295
 0.0013561 -0.0018383
 0.0016968 -0.0013340
 0.0012725 -0.0006977
 0.0015805 -0.0003287
 0.0014089  0.0001518
 0.0010403  0.0003270
 0.0008497  0.0000238
 0.0006951  0.0001083
 0.0004056  0.0000736
 0.0003152 -0.0004783
-0.0000119 -0.0003059
-0.0005052  0.0001551
-0.0006550 -0.0001105
-0.0007252  0.0000417
-0.0009949  0.0002298
-0.0009186  0.0003433
-0.0011067  0.0004539
-0.0008548  0.0008378
-0.0004861  0.0005714
-0.0005390  0.0008948
 0.0001353  0.0006085
 0.0001962  0.0001115
 0.0000683  0.0000893
 0.0000118 -0.0001461
-0.0001025  0.0001385
-0.0003904  0.0004017
-0.0003520  0.0004950
-0.0008935  0.0011628
-0.0008789  0.0017966
-0.0008232  0.0015689
-0.0006851  0.0013215
-0.0005204  0.0013000
-0.0000965  0.0007849
 0.0000174  0.0002693
 0.0004344  0.0002511
 0.0007594  0.0000065
 0.0009536 -0.0001655
 0.0012778 -0.0001659
 0.0014312  0.0000993
 0.0007412 -0.0001881
 0.0006662  0.0000787
 0.0003403 -0.0002665
-0.0002112 -0.0004986
-0.0004413 -0.0003048
-0.0006851 -0.0004025
-0.0010485 -0.0003852
-0.0011697  0.0000953
-0.0013259  0.0002495
-0.0015387  0.0001720
-0.0011955  0.0006549
-0.0011810  0.0005225
-0.0014265  0.0008887
-0.0007349  0.0004102
-0.0004272  0.0005237
 0.0000928  0.0006012
 0.0004780  0.0004111
 0.0011168  0.0009105
 0.0011963  0.0011418
 0.0014660  0.0014156
 0.0012755  0.0015553
 0.0010878  0.0020758
 0.0010345  0.0026483
 0.0004797  0.0027464
 0.0000005  0.0033185
-0.0002676  0.0035482
-0.0006907  0.0034703
-0.0014413  0.0032389
-0.0016722  0.0034295
-0.0021692  0.0032930
-0.0022629  0.0030213
-0.0021470  0.0028872
-0.0022617  0.0030988
-0.0027413  0.0033277
-0.0026667  0.0031586
-0.0027648  0.0030847
-0.0033409  0.0029297
-0.0030732  0.0024557
-0.0027668  0.0019514
-0.0025185  0.0012404
-0.0016416  0.0003005
-0.0009883  0.0001268
-0.0004768 -0.0005850
-0.0000573 -0.0007388
 0.0003097 -0.0010663
 0.0003295 -0.0013755
 0.0003917 -0.0013029
 0.0004676 -0.0012468
 0.0003368 -0.0009621
 0.0001478 -0.0010994
 0.0002246 -0.0011749
-0.0001957 -0.0013667
 0.0000921 -0.0020587
 0.0002819 -0.0023499
 0.0005641 -0.0025537
 0.0009097 -0.0029001
 0.0012706 -0.0027225
 0.0016909 -0.0025081
 0.0019796 -0.0025448
 0.0022279 -0.0019436
 0.0023979 -0.0017098
 0.0020002 -0.0016516
 0.0021750 -0.0011530
 0.0022150 -0.0012673
 0.0018137 -0.0017477
 0.0014503 -0.0017675
 0.0012008 -0.0018410
 0.0005326 -0.0019532
 0.0004402 -0.0024474
-0.0000185 -0.0027490
-0.0002425 -0.0031507
-0.0005061 -0.0035879
-0.0002162 -0.0037591
-0.0000006 -0.0040878
-0.0003660 -0.0040708
-0.0001544 -0.0042089
 0.0000002 -0.0039853
-0.0001767 -0.0036239
 0.0000696 -0.0030522
-0.0000689 -0.0027866
-0.0001864 -0.0024365
-0.0002845 -0.0021293
-0.0004153 -0.0024910
-0.0002240 -0.0020909
 0.0001677 -0.0019230
 0.0000939 -0.0019048
 0.0005021 -0.0013541
 0.0003313 -0.0012601
 0.0007722 -0.0008026
 0.0008501 -0.0009149
 0.0007875 -0.0006262
 0.0006894 -0.0003189
 0.0011109 -0.0002983
 0.0009147 -0.0001627
 0.0009489  0.0001220
 0.0008706  0.0000234
 0.0004030 -0.0000533
 0.0006093 -0.0001889
 0.0002443 -0.0008200
 0.0003566 -0.0012580
 0.0002156 -0.0016234
 0.0003642 -0.0024656
 0.0007284 -0.0026534
 0.0008369 -0.0027305
 0.0005095 -0.0026509
 0.0008171 -0.0025189
 0.0005470 -0.0023659
 0.0003565 -0.0025573
 0.0004711 -0.0024022
 0.0001833 -0.0024212
 0.0000452 -0.0022876
 0.0003895 -0.0020748
 0.0001388 -0.0017679
-0.0000376 -0.0012277
-0.0002282 -0.0005789
-0.0002682  0.0000199
-0.0007248  0.0009998
-0.0006255  0.0015949
-0.0010058  0.0023039
-0.0004470  0.0030896
-0.0000444  0.0037570
 0.0000924  0.0040597
 0.0002652  0.0041514
 0.0001130  0.0045337
-0.0005168  0.0042196
-0.0005850  0.0040439
-0.0008543  0.0036406
-0.0011801  0.0031359
-0.0013073  0.0024087
-0.0012495  0.0018903
-0.0011728  0.0016771
-0.0012136  0.0018862
-0.0012346  0.0018467
-0.0014086  0.0018293
-0.0015463  0.0024059
-0.0018972  0.0025242
-0.0020002  0.0026566
-0.0022727  0.0024471
-0.0021230  0.0022569
-0.0019760  0.0021002
-0.0015965  0.0016800
-0.0010059  0.0014498
-0.0002977  0.0012217
 0.0006394  0.0013223
 0.0009107  0.0012500
 0.0011376  0.0015197
 0.0012882  0.0022748
 0.0010370  0.0023329
 0.0008440  0.0028699
 0.0007096  0.0031594
 0.0006127  0.0032543
 0.0003995  0.0030778
 0.0002655  0.0030427
 0.0004229  0.0025404
 0.0002695  0.0024629
-0.0001548  0.0024056
-0.0001718  0.0021375
-0.0003046  0.0019065
-0.0003276  0.0019853
-0.0000361  0.0021799
 0.0001928  0.0024351
 0.0002130  0.0024387
 0.0002509  0.0027456
 0.0004306  0.0029996
 0.0002788  0.0030000
 0.0003402  0.0030730
 0.0006362  0.0027331
 0.0004865  0.0027690
 0.0004958  0.0024795
 0.0006533  0.0026733
 0.0001397  0.0025764
-0.0000306  0.0027852
-0.0001263  0.0020746
-0.0001041  0.0014803
-0.0001276  0.0007644
 0.0000985 -0.0004489
 0.0003589 -0.0012338
 0.0003924 -0.0021011
 0.0006576 -0.0027770
 0.0008074 -0.0033172
 0.0005365 -0.0034367
 0.0004137 -0.0035356
 0.0001028 -0.0031012
-0.0003797 -0.0029353
-0.0006741 -0.0027044
-0.0014242 -0.0027896
-0.0013673 -0.0025817
-0.0012700 -0.0032160
-0.0015938 -0.0031579
-0.0013221 -0.0035043
-0.0006478 -0.0037901
-0.0004935 -0.0034045
-0.0002379 -0.0034401
 0.0005631 -0.0031836
 0.0004286 -0.0026636
 0.0004456 -0.0024665
 0.0004791 -0.0022105
 0.0002865 -0.0019194
 0.0000353 -0.0020680
-0.0002332 -0.0015467
-0.0002340 -0.0017006
-0.0005057 -0.0009879
-0.0003176 -0.0006766
-0.0001048 -0.0001429
 0.0001831  0.0003833
 0.0002590  0.0009824
 0.0004342  0.0013680
 0.0002287  0.0015808
 0.0002118  0.0016329
-0.0000696  0.0011302
-0.0001612  0.0007611
-0.0002541  0.0005414
-0.0000792 -0.0001377
 0.0002325 -0.0003287
-0.0001301 -0.0003533
-0.0004139 -0.0006077
-0.0006222 -0.0005286
-0.0009694 -0.0008407
-0.0012351 -0.0010131
-0.0013538 -0.0009755
-0.0013889 -0.0007676
-0.0013110 -0.0010220
-0.0007401 -0.0005262
-0.0001434 -0.0001310
 0.0003932  0.0001181
 0.0007311  0.0009555
 0.0010404  0.0016091
 0.0008127  0.0018025
 0.0000827  0.0019984
-0.0000097  0.0014230
-0.0006388  0.0007597
-0.0005939 -0.0001410
-0.0005919 -0.0008088
-0.0002039 -0.0014976
 0.0003331 -0.0020297
 0.0006259 -0.0019526
 0.0009929 -0.0022191
 0.0013001 -0.0016106
 0.0014148 -0.0015513
 0.0018161 -0.0009368
 0.0020438 -0.0004196
 0.0020216 -0.0001499
 0.0023797 -0.0001123
 0.0019929 -0.0001325
 0.0021859 -0.0001474
 0.0022779 -0.0001248
 0.0022775  0.0000306
 0.0024721  0.0001700
 0.0026227  0.0004619
 0.0022210  0.0007691
 0.0020712  0.0010042
 0.0018391  0.0009900
 0.0013202  0.0011140
 0.0006121  0.0014023
 0.0001906  0.0009251
-0.0001494  0.0007741
-0.0005931  0.0002573
-0.0008430 -0.0002264
-0.0002689 -0.0007472
-0.0003040 -0.0009382
 0.0001946 -0.0012483
 0.0005790 -0.0012907
 0.0007546 -0.0016759
 0.0011027 -0.0019501
 0.0013958 -0.0023344
 0.0011451 -0.0024556
 0.0017402 -0.0024407
 0.0016243 -0.0024621
 0.0015634 -0.0020507
 0.0008669 -0.0017108
 0.0006121 -0.0011556
-0.0001563 -0.0011169
-0.0007724 -0.0008319
-0.0011560 -0.0013458
-0.0019174 -0.0016066
-0.0024734 -0.0022356
-0.0030640 -0.0025525
-0.0032740 -0.0028177
-0.0033531 -0.0027576
-0.0034863 -0.0032744
-0.0037940 -0.0032138
-0.0038332 -0.0031960
-0.0037976 -0.0032691
-0.0035090 -0.0031532
-0.0027088 -0.0033280
-0.0020010 -0.0033442
-0.0015662 -0.0032307
-0.0006481 -0.0028690
-0.0000191 -0.0029841
 0.0003794 -0.0026199
 0.0010872 -0.0028327
 0.0012636 -0.0029102
 0.0016476 -0.0028549
 0.0019379 -0.0029849
 0.0023255 -0.0029841
 0.0023647 -0.0027127
 0.0025952 -0.0026324
 0.0028250 -0.0022104
 0.0030531 -0.0021507
 0.0029376 -0.0020719
 0.0030163 -0.0017800
 0.0029412 -0.0011049
 0.0028298 -0.0004767
 0.0025791 -0.0002619
 0.0027894  0.0001980
 0.0022755  0.0002900
 0.0020078  0.0008451
 0.0021834  0.0005997
 0.0020539  0.0011512
 0.0018084  0.0012469
 0.0018859  0.0009784
 0.0018524  0.0009392
 0.0017414  0.0004543
 0.0014346  0.0002754
 0.0012671 -0.0003593
 0.0008476 -0.0011293
 0.0003312 -0.0013425
 0.0004709 -0.0021653
 0.0003995 -0.0022589
 0.0005549 -0.0024350
 0.0010007 -0.0023393
 0.0011913 -0.0020119
 0.0016467 -0.0011878
 0.0018005 -0.0009428
 0.0018158 -0.0004458
 0.0019409  0.0002446
 0.0020572  0.0005264
 0.0025167  0.0009851
 0.0024371  0.0014219
 0.0023608  0.0017643
 0.0025308  0.0018535
 0.0022417  0.0019088
 0.0022001  0.0021324
 0.0020838  0.0023634
 0.0023152  0.0022862
 0.0021750  0.0024029
 0.0024233  0.0025959
 0.0025739  0.0023303
 0.0024455  0.0021995
 0.0026329  0.0021272
 0.0024237  0.0023017
 0.0024262  0.0022714
 0.0025259  0.0027721
 0.0022009  0.0033362
 0.0023160  0.0038005
 0.0016490  0.0048826
 0.0013490  0.0052484
 0.0014133  0.0053489
 0.0010156  0.0050021
 0.0014973  0.0048664
 0.0014791  0.0048079
 0.0015542  0.0045305
 0.0015130  0.0046621
 0.0013535  0.0045446
 0.0008310  0.0046374
 0.0006946  0.0045046
 0.0000179  0.0044634
-0.0005603  0.0041784
-0.0004852  0.0039293
-0.0008127  0.0035626
-0.0009245  0.0029082
-0.0008906  0.0022718
-0.0007554  0.0021907
-0.0009488  0.0019003
-0.0005632  0.0018587
-0.0003548  0.0018022
-0.0003169  0.0020493
-0.0002571  0.0019754
-0.0001025  0.0017263
-0.0001602  0.0014768
-0.0004481  0.0011510
-0.0000468  0.0002829
-0.0000262 -0.0000490
-0.0002006 -0.0005501
-0.0002180 -0.0007863
-0.0002777 -0.0013233
-0.0005511 -0.0010156
-0.0009342 -0.0014206
-0.0013780 -0.0013980
-0.0013005 -0.0020048
-0.0012464 -0.0018872
-0.0013949 -0.0021145
-0.0008361 -0.0022050
-0.0006229 -0.0021860
-0.0000064 -0.0023584
 0.0000925 -0.0021872
 0.0003796 -0.0023225
 0.0003965 -0.0022280
 0.0003343 -0.0022688
 0.0005814 -0.0026519
 0.0005213 -0.0023216
 0.0007469 -0.0017059
 0.0008212 -0.0016865
 0.0006500 -0.0014770
 0.0007453 -0.0008798
 0.0007869 -0.0002863
 0.0009028  0.0000968
 0.0005818  0.0003661
 0.0007385  0.0003557
 0.0003578  0.0005551
 0.0003788  0.0006589
 0.0002859  0.0002007
 0.0007878  0.0005334
 0.0006530  0.0004769
 0.0011350  0.0008031
 0.0010797  0.0005128
 0.0013684  0.0006057
 0.0010995  0.0008108
 0.0013507  0.0002895
 0.0015618 -0.0001030
 0.0020827 -0.0007760
 0.0024267 -0.0008730
 0.0026960 -0.0012965
 0.0028821 -0.0016639
 0.0031275 -0.0017200
 0.0029737 -0.0016021
 0.0026926 -0.0014503
 0.0027067 -0.0016437
 0.0023966 -0.0020523
 0.0021039 -0.0020976
 0.0018899 -0.0023641
 0.0015879 -0.0030646
 0.0020082 -0.0030662
 0.0017203 -0.0030872
 0.0017438 -0.0029714
 0.0015496 -0.0022604
 0.0019888 -0.0016055
 0.0017958 -0.0013168
 0.0019844 -0.0004128
 0.0015951 -0.0001273
 0.0013246 -0.0000321
 0.0008740  0.0001807
 0.0001960 -0.0001455
-0.0005174  0.0000079
-0.0008881  0.0002825
-0.0013540  0.0002647
-0.0020679  0.0009031
-0.0022201  0.0008712
-0.0023202  0.0012040
-0.0023727  0.0017462
-0.0022334  0.0018302
-0.0022693  0.0022950
-0.0020508  0.0029886
-0.0020839  0.0029293
-0.0023104  0.0034666
-0.0023657  0.0034259
-0.0027848  0.0034267
-0.0029127  0.0035603
-0.0027940  0.0034493
-0.0029789  0.0030706
-0.0026708  0.0028619
-0.0026078  0.0027670
-0.0023010  0.0024028
-0.0025674  0.0021880
-0.0024956  0.0025312
-0.0028783  0.0025437
-0.0032429  0.0022962
-0.0034157  0.0020801
-0.0041214  0.0021024
-0.0045817  0.0018557
-0.0050395  0.0014172
-0.0053848  0.0008855
-0.0057481  0.0001927
-0.0058458 -0.0007444
-0.0051926 -0.0010735
-0.0049451 -0.0012503
-0.0041788 -0.0015261
-0.0036414 -0.0015330
-0.0032590 -0.0010368
-0.0029893 -0.0006937
-0.0025089 -0.0003884
-0.0029695 -0.0000416
-0.0031629 -0.0000028
-0.0028145 -0.0003060
-0.0028545 -0.0003997
-0.0027584 -0.0005858
-0.0023950 -0.0006807
-0.0018370 -0.0009269
-0.0010687 -0.0008660
-0.0004760 -0.0010028
 0.0002346 -0.0008853
 0.0006767 -0.0009374
 0.0008301 -0.0004569
 0.0011414 -0.0006426
 0.0012412 -0.0002930
 0.0011084  0.0000430
 0.0015145  0.0004541
 0.0017677  0.0005942
 0.0013228  0.0013654
 0.0013995  0.0014054
 0.0012122  0.0013125
 0.0006869  0.0018495
 0.0007260  0.0022339
 0.0007409  0.0023122
 0.0006004  0.0027684
 0.0007320  0.0031318
 0.0007316  0.0035545
 0.0003480  0.0039760
 0.0001369  0.0041040
-0.0003032  0.0042166
-0.0008204  0.0042703
-0.0013372  0.0040163
-0.0016671  0.0037599
-0.0016448  0.0035814
-0.0014131  0.0029451
-0.0011042  0.0030404
-0.0005660  0.0028445
-0.0004271  0.0028809
-0.0001780  0.0028970
 0.0000966  0.0027011
 0.0003267  0.0022525
 0.0004838  0.0019788
 0.0008529  0.0019186
 0.0012025  0.0013416
 0.0014141  0.0009165
 0.0015288  0.0006500
 0.0017964  0.0000400
 0.0021162  0.0001191
 0.0023786 -0.0003948
 0.0020047 -0.0005599
 0.0025117 -0.0006923
 0.0025585 -0.0012245
 0.0030470 -0.0016815
 0.0033683 -0.0014889
 0.0040902 -0.0016770
 0.0043995 -0.0014230
 0.0048198 -0.0013124
 0.0051089 -0.0009466
 0.0055881 -0.0007553
 0.0056301  0.0001500
 0.0056899  0.0000914
 0.0055179  0.0005666
 0.0053855  0.0011363
 0.0046769  0.0012287
 0.0041003  0.0015456
 0.0034797  0.0020361
 0.0027873  0.0021685
 0.0017860  0.0019352
 0.0008449  0.0019166
 0.0006712  0.0015981
-0.0003211  0.0012783
-0.0001390  0.0010733
-0.0005536  0.0003098
-0.0008665  0.0000393
-0.0008943 -0.0003859
-0.0008325 -0.0007170
-0.0008829 -0.0008414
-0.0006673 -0.0007667
-0.0003794 -0.0004833
-0.0004573 -0.0005071
-0.0008001 -0.0004333
-0.0007016 -0.0002952
-0.0010443 -0.0004716
-0.0011198 -0.0000513
-0.0007960 -0.0006271
-0.0006071 -0.0003651
-0.0008046 -0.0005625
-0.0000044 -0.0008936
 0.0000295 -0.0009946
 0.0001397 -0.0007661
 0.0000182 -0.0008226
-0.0004639 -0.0007669
-0.0006577 -0.0006724
-0.0009129 -0.0008824
-0.0010498 -0.0013943
-0.0007466 -0.0012760
-0.0008633 -0.0018675
-0.0010232 -0.0017306
-0.0008722 -0.0018093
-0.0003789 -0.0017088
-0.0002275 -0.0013099
-0.0001649 -0.0008104
-0.0002045 -0.0003126
-0.0002408  0.0000927
-0.0001043  0.0004243
-0.0001572  0.0006601
-0.0003857  0.0011095
 0.0000209  0.0013627
-0.0001656  0.0017309
-0.0003602  0.0021734
-0.0005920  0.0020430
-0.0008052  0.0018520
-0.0007062  0.0014713
-0.0011467  0.0011237
-0.0015880  0.0007938
-0.0017584  0.0005406
-0.0020269  0.0004001
-0.0021415  0.0007812
-0.0020797  0.0008349
-0.0014806  0.0010061
-0.0012464  0.0013505
-0.0008026  0.0011599
-0.0006649  0.0015447
-0.0011632  0.0018903
-0.0010275  0.0018144
-0.0011825  0.0016997
-0.0013574  0.0019666
-0.0018972  0.0016928
-0.0017680  0.0013266
-0.0019316  0.0017065
-0.0017096  0.0011893
-0.0018477  0.0009241
-0.0019890  0.0008115
-0.0017976  0.0006976
-0.0021214  0.0001017
-0.0019862  0.0000237
-0.0016232 -0.0001111
-0.0013519 -0.0003433
-0.0009893 -0.0001721
-0.0000853 -0.0002880
 0.0006438  0.0000383
 0.0013112  0.0007060
 0.0018062  0.0006734
 0.0022911  0.0011708
 0.0027336  0.0015761
 0.0031386  0.0013525
 0.0030837  0.0021055
 0.0029925  0.0024709
 0.0027636  0.0025497
 0.0025383  0.0026292
 0.0018269  0.0031113
 0.0016016  0.0027104
 0.0009124  0.0024823
 0.0009500  0.0023325
 0.0006229  0.0022809
 0.0007929  0.0021670
 0.0008474  0.0021856
 0.0011098  0.0022841
 0.0009378  0.0026850
 0.0009721  0.0026652
 0.0012026  0.0027407
 0.0010920  0.0025832
 0.0005022  0.0026600
 0.0006015  0.0023919
 0.0008361  0.0022954
 0.0008773  0.0016978
 0.0009722  0.0015258
 0.0008386  0.0010998
 0.0009136  0.0006367
 0.0005656  0.0003403
 0.0007549  0.0004901
 0.0002708  0.0003116
-0.0003247  0.0000984
-0.0009376 -0.0001551
-0.0009186 -0.0004390
-0.0016861 -0.0010753
-0.0017790 -0.0014750
-0.0017188 -0.0022013
-0.0015048 -0.0027411
-0.0017095 -0.0032793
-0.0011289 -0.0034897
-0.0009112 -0.0035894
-0.0003904 -0.0036706
-0.0001368 -0.0034235
 0.0003614 -0.0028898
 0.0009501 -0.0022959
 0.0015823 -0.0014722
 0.0017107 -0.0004164
 0.0021290  0.0000075
 0.0022218  0.0003176
 0.0021463  0.0009313
 0.0025868  0.0010327
 0.0025311  0.0009217
 0.0020123  0.0007315
 0.0022226  0.0008745
 0.0019945  0.0003262
 0.0018395  0.0007143
 0.0016473  0.0002031
 0.0011680  0.0003352
 0.0011846  0.0006008
 0.0009710  0.0002580
 0.0007372  0.0000049
 0.0004630 -0.0001893
 0.0008276 -0.0006872
 0.0012673 -0.0008608
 0.0018075 -0.0008010
 0.0020578 -0.0009334
 0.0023704 -0.0007223
 0.0023489 -0.0003940
 0.0024911 -0.0002039
 0.0023781  0.0007514
 0.0018270  0.0010376
 0.0016348  0.0015536
 0.0009836  0.0015742
 0.0003699  0.0016707
-0.0003197  0.0013328
-0.0010860  0.0009731
-0.0014284  0.0002988
-0.0020227 -0.0002745
-0.0024830 -0.0007739
-0.0027846 -0.0012597
-0.0029973 -0.0015879
-0.0027458 -0.0019719
-0.0022803 -0.0023393
-0.0019145 -0.0025513
-0.0015640 -0.0024386
-0.0010851 -0.0026139
-0.0011037 -0.0020248
-0.0007218 -0.0017011
-0.0005506 -0.0014778
-0.0004380 -0.0011916
-0.0004586 -0.0014056
-0.0002935 -0.0017669
-0.0001251 -0.0018820
-0.0000759 -0.0018981
 0.0001687 -0.0021638
 0.0000698 -0.0020652
-0.0001975 -0.0023923
 0.0000888 -0.0023337
 0.0001308 -0.0026604
 0.0004352 -0.0024896
 0.0004381 -0.0027213
 0.0007808 -0.0026652
 0.0010073 -0.0023984
 0.0010412 -0.0024355
 0.0011147 -0.0022276
 0.0016282 -0.0016082
 0.0016068 -0.0015682
 0.0017982 -0.0014491
 0.0017263 -0.0008446
 0.0013262 -0.0006100
 0.0007364 -0.0000702
 0.0004530 -0.0000658
 0.0001712  0.0000538
-0.0003811 -0.0000387
-0.0004146 -0.0002474
-0.0005062 -0.0004586
-0.0003116 -0.0007113
 0.0000162 -0.0008123
 0.0002310 -0.0010226
 0.0006723 -0.0006411
 0.0009025 -0.0007425
 0.0013652 -0.0007259
 0.0012299 -0.0003827
 0.0011165 -0.0003823
 0.0014035 -0.0003436
 0.0009986 -0.0000028
 0.0010365 -0.0000590
 0.0007139 -0.0005184
 0.0006744 -0.0004599
 0.0005581 -0.0009420
 0.0005008 -0.0014030
 0.0003639 -0.0017515
 0.0003994 -0.0017123
 0.0000311 -0.0019982
-0.0004154 -0.0025525
-0.0005725 -0.0028351
-0.0007259 -0.0031395
-0.0007069 -0.0035355
-0.0008652 -0.0035941
-0.0007857 -0.0036115
-0.0002467 -0.0036680
 0.0002713 -0.0032251
 0.0007518 -0.0035117
 0.0014608 -0.0032852
 0.0019412 -0.0029259
 0.0027439 -0.0030624
 0.0029167 -0.0022997
 0.0029877 -0.0018960
 0.0032913 -0.0013215
 0.0034403 -0.0006310
 0.0033038 -0.0000545
 0.0034519  0.0000057
 0.0035064  0.0000877
 0.0036760 -0.0000254
 0.0036570 -0.0003253
 0.0036029 -0.0005336
 0.0038347 -0.0007205
 0.0033987 -0.0008893
 0.0031350 -0.0011150
 0.0029853 -0.0014028
 0.0027192 -0.0016120
 0.0026441 -0.0014396
 0.0024136 -0.0012462
 0.0024317 -0.0008852
 0.0017393 -0.0007669
 0.0015092 -0.0006729
 0.0012193 -0.0004791
 0.0011632 -0.0003450
 0.0008696  0.0000797
 0.0003702 -0.0000963
 0.0001614  0.0002130
-0.0002209  0.0000906
-0.0007361 -0.0004149
-0.0011551 -0.0005744
-0.0016187 -0.0011167
-0.0021334 -0.0013566
-0.0022485 -0.0014704
-0.0025392 -0.0014163
-0.0027669 -0.0016457
-0.0023842 -0.0019872
-0.0022477 -0.0019464
-0.0019194 -0.0022314
-0.0014377 -0.0023057
-0.0012451 -0.0027470
-0.0008575 -0.0026744
-0.0005838 -0.0026344
-0.0005289 -0.0021463
-0.0000658 -0.0017688
 0.0001995 -0.0012900
 0.0000844 -0.0004123
-0.0000347  0.0000892
-0.0004389  0.0005680
-0.0009585  0.0009338
-0.0015565  0.0009016
-0.0022877  0.0009452
-0.0025998  0.0006461
-0.0025841  0.0006142
-0.0024896  0.0007160
-0.0023576  0.0006013
-0.0022590  0.0007531
-0.0023761  0.0007947
-0.0023753  0.0006740
-0.0021452  0.0004034
-0.0018747  0.0001923
-0.0018949  0.0003045
-0.0016619  0.0000736
-0.0015476  0.0004785
-0.0011600  0.0006897
-0.0015072  0.0010922
-0.0013348  0.0016514
-0.0009113  0.0018448
-0.0010845  0.0019018
-0.0009129  0.0021715
-0.0008907  0.0022320
-0.0008528  0.0021017
-0.0011435  0.0019886
-0.0010615  0.0016253
-0.0011547  0.0013576
-0.0011139  0.0013943
-0.0006121  0.0009732
-0.0003827  0.0011101
 0.0000953  0.0008218
 0.0004631  0.0002989
 0.0005980  0.0001423
 0.0010001 -0.0002050
 0.0013494 -0.0004590
 0.0014067 -0.0002725
 0.0017898 -0.0000117
 0.0019433  0.0001958
 0.0020006  0.0007074
 0.0015734  0.0012411
 0.0011652  0.0014890
 0.0005281  0.0017538
 0.0000246  0.0018305
-0.0002113  0.0017748
-0.0006187  0.0016008
-0.0006380  0.0011785
-0.0008298  0.0011934
-0.0006954  0.0005438
-0.0013095  0.0002373
-0.0010947 -0.0003570
-0.0009219 -0.0004155
-0.0007660 -0.0005435
-0.0003206 -0.0007163
 0.0003334 -0.0000997
 0.0006427 -0.0001773
 0.0009157  0.0004385
 0.0010340  0.0008386
 0.0015153  0.0008818
 0.0013635  0.0009960
 0.0015783  0.0009222
 0.0013530  0.0008834
 0.0009505  0.0010958
 0.0006658  0.0012512
 0.0005738  0.0010029
-0.0000621  0.0012710
-0.0001764  0.0012525
-0.0003528  0.0007906
-0.0009282  0.0011511
-0.0013319  0.0009528
-0.0016351  0.0006246
-0.0015806  0.0006407
-0.0014680  0.0003843
-0.0012617  0.0000164
-0.0009205  0.0002086
-0.0005419  0.0002034
-0.0002964  0.0003221
-0.0002435  0.0004920
-0.0002662  0.0007997
-0.0004608  0.0009935
-0.0006715  0.0005756
-0.0009380  0.0005050
-0.0010167  0.0006040
-0.0010175  0.0005317
-0.0005698  0.0002281
-0.0007991  0.0006521
-0.0008370  0.0003658
-0.0008758  0.0000004
-0.0009723 -0.0005523
-0.0008254 -0.0009028
-0.0005775 -0.0010534
-0.0006784 -0.0013949
-0.0008735 -0.0017628
-0.0007398 -0.0022941
-0.0007265 -0.0025601
-0.0011682 -0.0025230
-0.0010148 -0.0030345
-0.0013168 -0.0029941
-0.0015420 -0.0032602
-0.0014819 -0.0030506
-0.0014601 -0.0025169
-0.0016494 -0.0020756
-0.0013995 -0.0020796
-0.0018259 -0.0011781
-0.0018077 -0.0006996
-0.0018662 -0.0002494
-0.0024816  0.0002520
-0.0027295  0.0001241
-0.0031477 -0.0000447
-0.0035280 -0.0001185
-0.0036358 -0.0004205
-0.0037472 -0.0006482
-0.0038594 -0.0007274
-0.0034912 -0.0009559
-0.0032033 -0.0012102
-0.0027406 -0.0014626
-0.0023377 -0.0016027
-0.0022408 -0.0017441
-0.0018588 -0.0017724
-0.0018176 -0.0016436
-0.0019505 -0.0012988
-0.0015669 -0.0008826
-0.0014304 -0.0008418
-0.0010477 -0.0002862
-0.0009496  0.0000614
-0.0007582  0.0005423
-0.0006823  0.0011188
-0.0006064  0.0014656
-0.0007174  0.0015032
-0.0005264  0.0018092
-0.0007170  0.0016380
-0.0004659  0.0011580
-0.0005624  0.0010631
-0.0003149  0.0005003
-0.0002361  0.0001910
 0.0000667  0.0001336
 0.0001244  0.0001663
-0.0000521  0.0001994
-0.0000549  0.0002155
-0.0000977  0.0005397
 0.0002858  0.0005781
 0.0004607  0.0003084
 0.0002705  0.0005740
 0.0001761  0.0004190
 0.0001022 -0.0000058
-0.0000339 -0.0000990
-0.0006896 -0.0002569
-0.0008681 -0.0002763
-0.0015218 -0.0004871
-0.0017612 -0.0000635
-0.0019563 -0.0001217
-0.0021646 -0.0003275
-0.0020140 -0.0000199
-0.0016276 -0.0002811
-0.0014738 -0.0002589
-0.0012190 -0.0004704
-0.0008313 -0.0004292
-0.0004260 -0.0000622
-0.0004809  0.0002451
-0.0005188  0.0008773
-0.0003448  0.0012835
-0.0002669  0.0018935
-0.0005317  0.0019836
-0.0005321  0.0022072
-0.0006859  0.0016766
-0.0008604  0.0012898
-0.0006113  0.0013616
-0.0008438  0.0008824
-0.0011713  0.0007088
-0.0010364  0.0009821
-0.0015342  0.0007924
-0.0015334  0.0004872
-0.0014365 -0.0000066
-0.0016877 -0.0002545
-0.0013812 -0.0007713
-0.0009403 -0.0010967
-0.0007296 -0.0012130
-0.0003872 -0.0012497
 0.0001461 -0.0016930
 0.0004675 -0.0017112
 0.0002914 -0.0019434
 0.0002098 -0.0018485
-0.0000857 -0.0013507
-0.0001512 -0.0011573
-0.0005206 -0.0007701
-0.0009902  0.0000932
-0.0008199 -0.0000409
-0.0009176  0.0003459
-0.0012818  0.0005010
-0.0011069  0.0001953
-0.0010698  0.0003310
-0.0008736 -0.0001664
-0.0008328 -0.0007579
-0.0004347 -0.0011576
-0.0002727 -0.0016566
-0.0001556 -0.0023224
 0.0002485 -0.0021467
 0.0004823 -0.0021281
 0.0005820 -0.0021281
 0.0007024 -0.0016045
 0.0004767 -0.0008773
 0.0007307 -0.0004905
 0.0009245  0.0003352
 0.0008365  0.0009509
 0.0007017  0.0016619
 0.0004942  0.0023874
 0.0003771  0.0030378
 0.0002402  0.0036709
 0.0001396  0.0039563
-0.0002443  0.0037844
-0.0002439  0.0035159
-0.0007022  0.0032692
-0.0006614  0.0030617
-0.0011378  0.0025610
-0.0015613  0.0021791
-0.0017519  0.0020128
-0.0018076  0.0016115
-0.0019998  0.0011899
-0.0019206  0.0008092
-0.0012674  0.0001011
-0.0008616 -0.0001864
-0.0002463 -0.0005906
-0.0001078 -0.0008272
 0.0004304 -0.0010259
 0.0006218 -0.0009540
 0.0006206 -0.0010179
 0.0007134 -0.0010986
 0.0009246 -0.0011729
 0.0003274 -0.0009480
-0.0000937 -0.0011947
-0.0001122 -0.0012662
-0.0007808 -0.0013235
-0.0010808 -0.0015314
-0.0012112 -0.0021225
-0.0012620 -0.0023381
-0.0007605 -0.0025686
-0.0007036 -0.0027257
-0.0003213 -0.0027261
 0.0005193 -0.0024972
 0.0009029 -0.0025150
 0.0011483 -0.0021504
 0.0016631 -0.0016675
 0.0020826 -0.0018774
 0.0019687 -0.0009960
 0.0021040 -0.0007049
 0.0020228 -0.0005354
 0.0012400  0.0000735
 0.0011479  0.0001126
 0.0005758  0.0001861
-0.0001109  0.0005676
-0.0002631  0.0005491
-0.0009531  0.0003960
-0.0009539  0.0004542
-0.0010286  0.0000004
-0.0009354  0.0001914
-0.0006281  0.0003860
-0.0002304  0.0000590
-0.0000790  0.0003989
 0.0001676  0.0006435
 0.0004353  0.0001812
 0.0004845  0.0005034
 0.0006941  0.0007283
 0.0010191  0.0008231
 0.0009428  0.0009341
 0.0008108  0.0011227
 0.0008709  0.0009272
 0.0007001  0.0009620
 0.0000909  0.0012268
-0.0002802  0.0013003
-0.0013331  0.0013160
-0.0020268  0.0012776
-0.0026050  0.0009526
-0.0031634  0.0009530
-0.0032986  0.0006708
-0.0033176  0.0003487
-0.0038174  0.0001589
-0.0035473 -0.0001241
-0.0035073 -0.0003720
-0.0032037 -0.0007915
-0.0030677 -0.0010608
-0.0029942 -0.0012324
-0.0028622 -0.0011238
-0.0026934 -0.0007935
-0.0026947 -0.0006380
-0.0028279 -0.0005840
-0.0028138 -0.0002529
-0.0034997 -0.0002912
-0.0036713  0.0000722
-0.0037751  0.0001905
-0.0043533  0.0003217
-0.0044918  0.0005171
-0.0039968  0.0006173
-0.0043659  0.0009225
-0.0040986  0.0006774
-0.0038701  0.0004106
-0.0037558  0.0002555
-0.0034127  0.0000278
-0.0032782 -0.0000271
-0.0036226 -0.0005039
-0.0036787 -0.0003420
-0.0036194 -0.0000488
-0.0039976  0.0003170
-0.0037861  0.0006683
-0.0039350  0.0005371
-0.0038482  0.0007111
-0.0038417  0.0012267
-0.0037383  0.0011875
-0.0037544  0.0011624
-0.0032352  0.0011418
-0.0030285  0.0010466
-0.0029126  0.0012190
-0.0023191  0.0008738
-0.0023199  0.0009674
-0.0020918  0.0008285
-0.0020733  0.0006379
-0.0019255  0.0004635
-0.0021924  0.0005588
-0.0023091 -0.0000331
-0.0024245 -0.0003367
-0.0026531 -0.0007150
-0.0023821 -0.0011683
-0.0016905 -0.0017396
-0.0009189 -0.0018280
-0.0005152 -0.0022858
 0.0002346 -0.0021889
 0.0010586 -0.0019410
 0.0011701 -0.0019245
 0.0013457 -0.0014299
 0.0013380 -0.0009927
 0.0010105 -0.0012665
 0.0006452 -0.0011777
 0.0009459 -0.0013295
 0.0006189 -0.0013513
 0.0007880 -0.0016553
 0.0009394 -0.0017906
 0.0009959 -0.0018822
 0.0010569 -0.0020287
 0.0011938 -0.0020864
 0.0012552 -0.0023339
 0.0016771 -0.0023933
 0.0019295 -0.0026045
 0.0018140 -0.0024381
 0.0023712 -0.0019274
 0.0025415 -0.0019476
 0.0026009 -0.0018580
 0.0023910 -0.0016287
 0.0022190 -0.0010752
 0.0014745 -0.0009593
 0.0007873 -0.0002738
 0.0003129  0.0002814
-0.0006286  0.0008518
-0.0013421  0.0013840
-0.0012262  0.0016149
-0.0017866  0.0017090
-0.0019622  0.0014982
-0.0016809  0.0014998
-0.0019300  0.0013234
-0.0017616  0.0011663
-0.0014358  0.0004129
-0.0018012  0.0001767
-0.0012667 -0.0005004
-0.0010583 -0.0008707
-0.0009251 -0.0009139
-0.0004871 -0.0012612
-0.0003134 -0.0010859
 0.0000875 -0.0008397
 0.0005893 -0.0006273
 0.0011808 -0.0001827
 0.0018882  0.0003143
 0.0020771  0.0004108
 0.0020092  0.0006385
 0.0018307  0.0008484
 0.0017851  0.0011565
 0.0014326  0.0010051
 0.0011253  0.0013160
 0.0009670  0.0011291
 0.0008193  0.0011751
 0.0010394  0.0014142
 0.0011250  0.0012681
 0.0016140  0.0011179
 0.0018947  0.0012362
 0.0022456  0.0009120
 0.0024789  0.0009055
 0.0029356  0.0008829
 0.0032585  0.0009362
 0.0033728  0.0007791
 0.0033679  0.0010512
 0.0031519  0.0008990
 0.0027473  0.0007892
 0.0021554  0.0005256
 0.0018692  0.0003601
 0.0011978  0.0005551
 0.0012390  0.0006161
 0.0008207  0.0002923
 0.0005340  0.0004445
 0.0002672  0.0002536
 0.0001574  0.0005047
 0.0004122  0.0002003
 0.0002826  0.0000844
 0.0001877 -0.0001667
-0.0002112 -0.0001280
 0.0001143 -0.0003016
 0.0004809 -0.0005127
 0.0005531 -0.0000747
 0.0012278 -0.0003803
 0.0014608 -0.0001490
 0.0017305  0.0002087
 0.0019082  0.0002103
 0.0017551  0.0002289
 0.0016227  0.0004756
 0.0015436  0.0000965
 0.0013296  0.0005527
 0.0008499  0.0004788
 0.0007106  0.0009415
 0.0002128  0.0008450
-0.0004566  0.0008273
-0.0003411  0.0002875
-0.0010736  0.0002112
-0.0010727 -0.0003081
-0.0007833 -0.0006868
-0.0007280 -0.0002689
-0.0005535 -0.0000557
 0.0001773  0.0002778
 0.0002960  0.0010066
 0.0006832  0.0016817
 0.0011475  0.0022417
 0.0012416  0.0030500
 0.0017273  0.0029366
 0.0020709  0.0025538
 0.0018989  0.0022651
 0.0020503  0.0020540
 0.0016425  0.0014584
 0.0013312  0.0012864
 0.0008087  0.0009437
 0.0008991  0.0005613
 0.0004381  0.0010781
 0.0000900  0.0008298
 0.0002451  0.0012715
 0.0000945  0.0013095
 0.0001510  0.0012542
 0.0000432  0.0013115
-0.0002212  0.0010834
-0.0004453  0.0008347
-0.0008066  0.0006651
-0.0007283  0.0007410
-0.0009535  0.0009086
-0.0009370  0.0012489
-0.0004521  0.0013793
-0.0003184  0.0015892
-0.0002288  0.0020454
-0.0002639  0.0020664
-0.0001133  0.0021819
 0.0002710  0.0018755
 0.0001592  0.0016260
 0.0004467  0.0014309
 0.0001761  0.0009246
 0.0006130  0.0005576
 0.0007401  0.0001902
 0.0008459 -0.0001979
 0.0009226 -0.0004086
 0.0010526 -0.0002564
 0.0006492  0.0001239
 0.0006674  0.0001820
 0.0004017  0.0002353
 0.0002455  0.0002935
-0.0000626 -0.0000522
-0.0002701 -0.0002847
-0.0004074 -0.0001886
-0.0007889 -0.0002229
-0.0013631 -0.0001850
-0.0013837 -0.0003364
-0.0013053 -0.0002572
-0.0016691 -0.0002152
-0.0020926  0.0003226
-0.0020745  0.0005354
-0.0026357  0.0007639
-0.0029652  0.0011127
-0.0034303  0.0010376
-0.0039750  0.0011333
-0.0043784  0.0009630
-0.0042669  0.0005665
-0.0043453  0.0007397
-0.0039028  0.0003041
-0.0031744 -0.0000160
-0.0025962  0.0000033
-0.0017334 -0.0000136
-0.0012324  0.0001027
-0.0011209  0.0008282
-0.0009453  0.0007325
-0.0011540  0.0008125
-0.0016312  0.0009614
-0.0019151  0.0007697
-0.0019518  0.0003683
-0.0022570  0.0001547
-0.0025251 -0.0002502
-0.0024504 -0.0003681
-0.0025275 -0.0003096
-0.0020652 -0.0006387
-0.0021230 -0.0007905
-0.0016364 -0.0010041
-0.0012310 -0.0006778
-0.0006347 -0.0006629
-0.0001514 -0.0001461
 0.0003856 -0.0005236
 0.0005959 -0.0001215
 0.0009840  0.0001135
 0.0013114  0.0003041
 0.0011217  0.0008403
 0.0011011  0.0009747
 0.0009311  0.0011051
 0.0004527  0.0012161
 0.0001482  0.0013469
-0.0001211  0.0010929
-0.0002155  0.0008373
-0.0003916  0.0008935
-0.0006819  0.0009120
-0.0006859  0.0006048
-0.0008463  0.0006843
-0.0007385  0.0008543
-0.0007789  0.0011083
-0.0002399  0.0012464
 0.0001445  0.0009415
 0.0005499  0.0012872
 0.0013392  0.0009840
 0.0016299  0.0008507
 0.0019945  0.0008677
 0.0026276  0.0006969
 0.0027935  0.0007797
 0.0031201  0.0009146
 0.0032740  0.0007083
 0.0035433  0.0010510
 0.0034682  0.0011633
 0.0036793  0.0013353
 0.0034665  0.0013857
 0.0030442  0.0014967
 0.0028492  0.0013009
 0.0020243  0.0008208
 0.0013909  0.0006662
 0.0009120  0.0002467
 0.0003977  0.0000008
 0.0002108 -0.0001898
 0.0000222 -0.0007796
 0.0004111 -0.0004744
 0.0004494 -0.0005115
 0.0005043 -0.0006052
 0.0004248 -0.0006662
 0.0002532 -0.0011470
 0.0005584 -0.0014531
-0.0000375 -0.0017478
-0.0002079 -0.0022534
 0.0001777 -0.0025247
-0.0002265 -0.0023794
-0.0003754 -0.0021545
