[PARAMETERS]
DW=1E-007
TAU=6E-005
TD=4096
BS=4096
NS=256
NSC=256
FR=56.070000
GAIN=4.974204
D0=0.05
D1=4.5E-006
D2=1E-005
D3=2.5E-005
D4=1E-005
D5=5E-005
D6=0.001
D7=0.001
D8=0.001
D9=0.05
C0=1
SEGTD=0
SEGOFF=0
SEGNUM=0
[ADDITIONAL]
PPFILE=ZG_two_T2.PC
DATEWR=27.09.2024
TIMEWR=09:27:00
DATESTA=27.09.2024
TIMESTA=09:26:42
DATEEND=27.09.2024
TIMEEND=09:27:00
CURR_Z0=0
CURR_Z1=1
TE=-1
[VARIABLES]
_USER=Measurements
_EMAIL_F=7NMR.NMR-270-ijs.si
_ITC_H=1
_ITC_R0= 35.00
_ITC_R1= 35.00
_ITC_R2= 53.10
_ITC_R3=  0.00
_ITC_R4=  0.00
_ITC_V=  2.42
_ITC_X=X0A1C1S00H1
_FW=100
_ORIENT=?
_THETA=0
_TITLE=?
_DESCR1=?
_DESCR2=?
_FR_LARM=56.07000000
_FR_SYNT=526.07000000
_TRIMLEV=1.669921875
_DATE=27.09.2024
_TIME=09:16:34
[PPFILE]
; pi/2 - pi


DELAY D9
PULSE [GT] 3u
PULSE [PHL1,GT] D1
DELAY TAU-3u
PULSE [GT] 3u
PULSE [PHL2,GT] 2*D1
DELAY TAU-D3
PULSE [TR] 1u+DW
DELAY 1m
STOP

;PHL 1 [+X] [+X] [+Y] [+Y] [-X] [-X] [-Y] [-Y]
;PHL 2 [+Y] [-Y] [-X] [+X] [-Y] [+Y] [+X] [-X]
;!RLS +X+X+Y+Y-X-X-Y-Y

PHL 1 [+X] [+X] [-X] [-X] [+Y] [+Y] [-Y] [-Y] [+X] [+X] [-X] [-X] [+Y] [+Y] [-Y] [-Y]
PHL 2 [+Y] [-Y] [-Y] [+Y] [-X] [+X] [+X] [-X] [+X] [-X] [-X] [+X] [-Y] [+Y] [+Y] [-Y]
!RLS +X+X-X-X+Y+Y-Y-Y-X-X+X+X-Y-Y+Y+Y
[DATA]
-0.0000016 -0.0000590
 0.0000565 -0.0000684
-0.0002309  0.0000573
-0.0000297 -0.0001149
-0.0001833 -0.0000699
-0.0000903 -0.0000103
-0.0002328 -0.0000678
-0.0002128 -0.0000699
-0.0000032 -0.0000295
-0.0002309 -0.0000218
-0.0000967  0.0000666
 0.0000268  0.0000644
-0.0000024  0.0001817
-0.0001353  0.0000289
-0.0000773 -0.0002697
 0.0000363 -0.0000678
-0.0002590 -0.0001187
-0.0000214  0.0001357
-0.0002025 -0.0000210
-0.0000955  0.0000361
-0.0000109  0.0000377
-0.0000489 -0.0000188
-0.0000598  0.0001040
-0.0000876 -0.0000299
-0.0001068  0.0001724
-0.0001528 -0.0002219
-0.0000119  0.0001066
-0.0000299 -0.0001443
 0.0000291 -0.0000852
-0.0001080  0.0000006
-0.0000775 -0.0001349
-0.0001052 -0.0002673
 0.0000087 -0.0002586
 0.0000567  0.0000779
-0.0001577 -0.0001932
 0.0001149 -0.0000184
-0.0000765  0.0000771
-0.0000468 -0.0001726
-0.0000579 -0.0000860
 0.0000842 -0.0002588
-0.0000573 -0.0002419
-0.0001058 -0.0000858
 0.0000396 -0.0001151
-0.0002784 -0.0000206
-0.0000856 -0.0002017
-0.0001817 -0.0001427
 0.0000212 -0.0000866
 0.0000480 -0.0001552
 0.0000858 -0.0001716
-0.0000396 -0.0000975
 0.0000377  0.0000775
 0.0000959 -0.0002796
-0.0000577 -0.0001534
-0.0001074 -0.0001080
-0.0002610 -0.0000592
 0.0000305 -0.0001248
-0.0000398 -0.0000695
 0.0000200  0.0001452
 0.0000588 -0.0001458
-0.0001542 -0.0000313
-0.0000380 -0.0000573
-0.0000969  0.0000468
 0.0002239  0.0000965
-0.0001829 -0.0002988
-0.0000087  0.0000854
 0.0001250  0.0000103
-0.0001443 -0.0000882
-0.0001233 -0.0000567
 0.0000262  0.0000662
-0.0000085  0.0000487
-0.0002027 -0.0002404
 0.0000299  0.0001829
-0.0000775  0.0000482
-0.0000779 -0.0001078
-0.0001617 -0.0000592
-0.0000610  0.0004233
 0.0002489  0.0000862
-0.0002318 -0.0000097
-0.0002736  0.0002968
-0.0000798  0.0001637
-0.0001528  0.0000551
-0.0001454  0.0002582
-0.0002408  0.0002770
 0.0000474 -0.0000020
-0.0000402  0.0001534
 0.0000274  0.0001237
-0.0000390  0.0001058
 0.0000022  0.0001720
 0.0000684 -0.0000410
-0.0001738  0.0000377
 0.0000281 -0.0000678
-0.0001241 -0.0000103
 0.0001058  0.0000091
-0.0001056 -0.0001074
-0.0000563 -0.0001338
 0.0000588 -0.0001528
-0.0000295 -0.0001805
 0.0001046 -0.0001898
 0.0000384 -0.0000188
 0.0002003 -0.0000747
-0.0001928 -0.0001809
-0.0002095 -0.0000573
 0.0000295  0.0000971
-0.0000585 -0.0000476
 0.0000947 -0.0000577
-0.0000985  0.0000454
-0.0002303 -0.0000028
-0.0001439 -0.0000785
 0.0000081 -0.0001464
-0.0000384  0.0002101
 0.0001726  0.0001246
 0.0001143  0.0001036
-0.0001136  0.0001728
 0.0000674 -0.0000781
 0.0001252 -0.0000006
 0.0001272 -0.0001730
-0.0000456 -0.0000171
 0.0002023 -0.0003194
-0.0001742  0.0000773
-0.0000505  0.0003258
-0.0000485 -0.0001932
-0.0000188  0.0000874
 0.0001431  0.0000194
 0.0000388 -0.0000283
-0.0001447  0.0001522
-0.0000499  0.0002875
-0.0001720  0.0000369
 0.0001645  0.0001326
-0.0000482  0.0000196
-0.0000771 -0.0001445
-0.0001237 -0.0000793
-0.0001336  0.0000846
-0.0001132  0.0000648
-0.0001326 -0.0001359
 0.0000287  0.0000204
 0.0000579  0.0000476
 0.0000763  0.0000874
 0.0002025  0.0000969
-0.0000097 -0.0000361
 0.0000380  0.0000186
 0.0001066 -0.0000264
 0.0000957  0.0001163
 0.0001704  0.0001359
 0.0000367 -0.0002110
-0.0000386 -0.0000872
 0.0000277  0.0002287
-0.0001918  0.0000485
-0.0000646 -0.0000850
 0.0000178  0.0001268
-0.0000024 -0.0000656
-0.0000002  0.0000097
 0.0001151 -0.0000775
-0.0001359  0.0001546
 0.0001819 -0.0001248
 0.0000680 -0.0001050
-0.0000872 -0.0000270
 0.0000674 -0.0000660
 0.0000010 -0.0000287
 0.0001357 -0.0000848
 0.0000083  0.0002221
 0.0001637 -0.0001066
-0.0000380 -0.0000012
 0.0000194  0.0002017
 0.0000178  0.0002307
 0.0000575  0.0000190
-0.0001908  0.0000652
-0.0000511  0.0001714
-0.0002017 -0.0000014
-0.0000852  0.0000369
 0.0000662  0.0001530
-0.0002879  0.0001130
-0.0002394  0.0000840
-0.0000561  0.0000105
-0.0001433 -0.0001330
-0.0000864 -0.0001159
 0.0000184  0.0000975
-0.0001244  0.0000682
 0.0000474 -0.0000949
 0.0000670  0.0001153
 0.0000876  0.0000178
 0.0000281 -0.0000664
 0.0000886 -0.0000482
 0.0000097 -0.0000270
-0.0000765 -0.0000573
-0.0000682  0.0000192
-0.0000963 -0.0000283
 0.0000480 -0.0001447
-0.0000965 -0.0000478
-0.0002691  0.0000670
-0.0000295  0.0002505
-0.0001934  0.0003603
-0.0002633  0.0004558
-0.0004096  0.0001253
-0.0005374 -0.0001767
-0.0001670 -0.0005401
-0.0000090 -0.0011960
-0.0002712 -0.0015648
 0.0000895 -0.0018232
 0.0001432 -0.0017106
 0.0002635 -0.0014140
 0.0003541 -0.0009082
 0.0002055 -0.0003040
-0.0004432  0.0002924
-0.0009735  0.0006711
-0.0012911  0.0006566
-0.0020400  0.0006258
-0.0024050  0.0002602
-0.0026999 -0.0003024
-0.0027173 -0.0004515
-0.0023842 -0.0010802
-0.0021995 -0.0015309
-0.0013389 -0.0020487
-0.0003596 -0.0023554
 0.0002553 -0.0023574
 0.0008309 -0.0023996
 0.0011502 -0.0021721
 0.0011054 -0.0017522
 0.0005037 -0.0015130
-0.0001171 -0.0011408
-0.0008160 -0.0004900
-0.0011965 -0.0001361
-0.0016386 -0.0000838
-0.0017658  0.0000523
-0.0015962 -0.0000049
-0.0014101 -0.0002334
-0.0009174 -0.0005731
-0.0002809 -0.0010436
 0.0003421 -0.0011050
 0.0009067 -0.0013839
 0.0011217 -0.0016940
 0.0017199 -0.0017967
 0.0023651 -0.0015256
 0.0028052 -0.0015613
 0.0027818 -0.0013011
 0.0031188 -0.0011442
 0.0031592 -0.0010176
 0.0030864 -0.0010370
 0.0029440 -0.0007071
 0.0025451 -0.0006120
 0.0024188 -0.0002644
 0.0024053 -0.0000906
 0.0027911  0.0003645
 0.0034175  0.0008286
 0.0043072  0.0016488
 0.0048324  0.0025831
 0.0055578  0.0036056
 0.0060859  0.0043100
 0.0064773  0.0049889
 0.0070482  0.0056008
 0.0076516  0.0058577
 0.0083000  0.0061716
 0.0091543  0.0064922
 0.0094056  0.0067589
 0.0099467  0.0068909
 0.0104681  0.0070507
 0.0106779  0.0068539
 0.0112006  0.0065323
 0.0118722  0.0060556
 0.0126908  0.0056381
 0.0138397  0.0051278
 0.0150455  0.0045984
 0.0161461  0.0046588
 0.0175006  0.0045294
 0.0183226  0.0047237
 0.0189712  0.0047935
 0.0195411  0.0049966
 0.0200508  0.0050331
 0.0204124  0.0049677
 0.0210275  0.0048712
 0.0212419  0.0044847
 0.0215891  0.0042824
 0.0218974  0.0041881
 0.0217111  0.0038184
 0.0218827  0.0039417
 0.0220779  0.0035699
 0.0223674  0.0034981
 0.0229785  0.0034177
 0.0236691  0.0031961
 0.0245628  0.0029917
 0.0256264  0.0029162
 0.0266738  0.0027623
 0.0276799  0.0026097
 0.0288671  0.0027100
 0.0294227  0.0029291
 0.0304589  0.0029644
 0.0312333  0.0030560
 0.0321181  0.0031208
 0.0327964  0.0032863
 0.0338239  0.0035281
 0.0348963  0.0037600
 0.0356275  0.0037911
 0.0364642  0.0040133
 0.0369715  0.0037268
 0.0374304  0.0037092
 0.0376593  0.0035585
 0.0381323  0.0033007
 0.0387058  0.0034890
 0.0393647  0.0036316
 0.0405315  0.0036328
 0.0414972  0.0034806
 0.0427057  0.0032545
 0.0440883  0.0028183
 0.0456264  0.0023225
 0.0470581  0.0019821
 0.0486420  0.0016850
 0.0500305  0.0014161
 0.0511591  0.0012990
 0.0520080  0.0010989
 0.0528472  0.0007985
 0.0539344  0.0005147
 0.0550431  0.0002454
 0.0564245  0.0000930
 0.0572185  0.0000910
 0.0579258  0.0003213
 0.0580595  0.0006490
 0.0582102  0.0002975
 0.0578543  0.0001671
 0.0577265 -0.0003749
 0.0576470 -0.0008880
 0.0578462 -0.0013737
 0.0582179 -0.0017859
 0.0585826 -0.0020645
 0.0587847 -0.0024800
 0.0587864 -0.0030048
 0.0588061 -0.0036151
 0.0588267 -0.0046654
 0.0586491 -0.0058952
 0.0586881 -0.0070138
 0.0585540 -0.0080346
 0.0585825 -0.0085793
 0.0585064 -0.0089335
 0.0583219 -0.0093754
 0.0582900 -0.0097794
 0.0582704 -0.0101551
 0.0581931 -0.0104367
 0.0582399 -0.0103727
 0.0579914 -0.0105003
 0.0576526 -0.0105256
 0.0574463 -0.0104618
 0.0571144 -0.0105521
 0.0569716 -0.0104647
 0.0568458 -0.0100880
 0.0569283 -0.0099210
 0.0568003 -0.0099056
 0.0565397 -0.0095106
 0.0562650 -0.0098345
 0.0561257 -0.0101307
 0.0557607 -0.0105910
 0.0554791 -0.0113040
 0.0548990 -0.0118184
 0.0543333 -0.0122740
 0.0540124 -0.0131713
 0.0539772 -0.0138164
 0.0539516 -0.0141660
 0.0539856 -0.0144499
 0.0542264 -0.0145461
 0.0542280 -0.0145015
 0.0538098 -0.0149067
 0.0531571 -0.0150246
 0.0523680 -0.0155422
 0.0515413 -0.0159833
 0.0503224 -0.0164531
 0.0496326 -0.0169602
 0.0486464 -0.0170090
 0.0478698 -0.0169378
 0.0473815 -0.0171173
 0.0470395 -0.0168153
 0.0465304 -0.0164770
 0.0461107 -0.0159740
 0.0457486 -0.0157905
 0.0449558 -0.0156148
 0.0444596 -0.0153211
 0.0437921 -0.0153820
 0.0429135 -0.0151303
 0.0423693 -0.0149548
 0.0414695 -0.0149550
 0.0406552 -0.0149875
 0.0398299 -0.0151809
 0.0388682 -0.0151923
 0.0383076 -0.0151012
 0.0377865 -0.0150637
 0.0376702 -0.0147958
 0.0374025 -0.0142770
 0.0372699 -0.0139780
 0.0369659 -0.0133835
 0.0365656 -0.0129638
 0.0358593 -0.0125215
 0.0350853 -0.0122048
 0.0344052 -0.0119936
 0.0337958 -0.0120128
 0.0334142 -0.0120521
 0.0331976 -0.0116678
 0.0333052 -0.0117160
 0.0330021 -0.0115406
 0.0326502 -0.0111742
 0.0320044 -0.0109131
 0.0309894 -0.0107468
 0.0296617 -0.0107565
 0.0285331 -0.0107938
 0.0276125 -0.0109119
 0.0266817 -0.0106715
 0.0259352 -0.0107892
 0.0254456 -0.0104652
 0.0245368 -0.0104305
 0.0234671 -0.0102625
 0.0226146 -0.0100968
 0.0214554 -0.0099515
 0.0205361 -0.0098607
 0.0195511 -0.0097378
 0.0186102 -0.0098077
 0.0177597 -0.0096563
 0.0170914 -0.0093066
 0.0163768 -0.0089761
 0.0155475 -0.0089373
 0.0151709 -0.0090859
 0.0147569 -0.0094198
 0.0143758 -0.0101861
 0.0147280 -0.0109938
 0.0148532 -0.0116035
 0.0152753 -0.0119550
 0.0155121 -0.0117624
 0.0155111 -0.0115761
 0.0149059 -0.0108064
 0.0140878 -0.0099366
 0.0133003 -0.0093998
 0.0120015 -0.0089104
 0.0112032 -0.0086129
 0.0105770 -0.0087534
 0.0100590 -0.0087144
 0.0099520 -0.0088795
 0.0096544 -0.0089102
 0.0096423 -0.0086708
 0.0094974 -0.0084722
 0.0095634 -0.0081375
 0.0096582 -0.0074253
 0.0095904 -0.0064278
 0.0095306 -0.0055799
 0.0089634 -0.0048015
 0.0082198 -0.0039326
 0.0075458 -0.0035377
 0.0068453 -0.0033318
 0.0062201 -0.0034093
 0.0055200 -0.0035888
 0.0051954 -0.0035791
 0.0047056 -0.0033148
 0.0045249 -0.0033764
 0.0042845 -0.0030068
 0.0040418 -0.0023223
 0.0037501 -0.0014510
 0.0034505 -0.0007921
 0.0032353  0.0001303
 0.0027132  0.0008534
 0.0021837  0.0014879
 0.0017276  0.0019918
 0.0012900  0.0018676
 0.0008418  0.0020324
 0.0003631  0.0017162
 0.0001345  0.0014484
-0.0001538  0.0010111
-0.0000255  0.0003829
 0.0002190  0.0001803
 0.0003508 -0.0000870
 0.0006653  0.0000009
 0.0002059 -0.0000412
 0.0000864  0.0001920
-0.0004191  0.0003088
-0.0009680  0.0002464
-0.0009930  0.0003088
-0.0013206  0.0001657
-0.0017642  0.0005173
-0.0016152  0.0007937
-0.0021926  0.0012687
-0.0026672  0.0017542
-0.0027530  0.0016928
-0.0031735  0.0016302
-0.0029813  0.0014475
-0.0030358  0.0012143
-0.0029144  0.0007276
-0.0026849  0.0006261
-0.0029390  0.0005544
-0.0030531  0.0005605
-0.0031686  0.0008351
-0.0036246  0.0010322
-0.0039098  0.0012350
-0.0043267  0.0011414
-0.0046006  0.0011890
-0.0047382  0.0008941
-0.0048563  0.0004688
-0.0047135  0.0003031
-0.0045231 -0.0001134
-0.0043814 -0.0002417
-0.0040773 -0.0001607
-0.0039735 -0.0000642
-0.0035912  0.0000228
-0.0032678  0.0000815
-0.0028790 -0.0000241
-0.0026774 -0.0001317
-0.0023845 -0.0002694
-0.0021997 -0.0005225
-0.0021321 -0.0006059
-0.0022926 -0.0005242
-0.0021107 -0.0009797
-0.0021490 -0.0011289
-0.0015456 -0.0019679
-0.0007979 -0.0027944
-0.0003681 -0.0034379
 0.0002452 -0.0046569
 0.0008353 -0.0052219
 0.0011734 -0.0056658
 0.0012199 -0.0064878
 0.0015262 -0.0071352
 0.0014168 -0.0076788
 0.0010482 -0.0083706
 0.0009299 -0.0087439
 0.0006336 -0.0087853
 0.0004053 -0.0087960
 0.0001854 -0.0086644
 0.0003001 -0.0081357
 0.0006756 -0.0081244
 0.0009998 -0.0077081
 0.0012734 -0.0075024
 0.0016269 -0.0070699
 0.0015511 -0.0065136
 0.0015192 -0.0058367
 0.0016254 -0.0054257
 0.0015425 -0.0048938
 0.0016608 -0.0042947
 0.0017771 -0.0037417
 0.0020678 -0.0031327
 0.0023833 -0.0026256
 0.0024318 -0.0026462
 0.0022018 -0.0024098
 0.0020228 -0.0022990
 0.0017479 -0.0022060
 0.0014998 -0.0019737
 0.0020194 -0.0017956
 0.0019348 -0.0015645
 0.0024058 -0.0015081
 0.0029898 -0.0013236
 0.0036310 -0.0009088
 0.0040822 -0.0009336
 0.0043888 -0.0009407
 0.0044078 -0.0008897
 0.0041694 -0.0009876
 0.0040075 -0.0012061
 0.0036051 -0.0011457
 0.0035171 -0.0015717
 0.0035288 -0.0015927
 0.0031779 -0.0018564
 0.0030555 -0.0016226
 0.0027900 -0.0013137
 0.0021575 -0.0009168
 0.0017990 -0.0006659
 0.0013982 -0.0003919
 0.0009526 -0.0002589
 0.0012201 -0.0003645
 0.0015078 -0.0004888
 0.0019473 -0.0004911
 0.0023131 -0.0005789
 0.0027100 -0.0008137
 0.0029644 -0.0008379
 0.0029606 -0.0008814
 0.0032325 -0.0008073
 0.0032271 -0.0008097
 0.0032174 -0.0005449
 0.0033151 -0.0001333
 0.0032244  0.0001877
 0.0030795  0.0009530
 0.0031596  0.0013692
 0.0029417  0.0023505
 0.0030610  0.0031787
 0.0029966  0.0042077
 0.0025213  0.0053276
 0.0024396  0.0058626
 0.0018119  0.0062593
 0.0016328  0.0064652
 0.0013027  0.0063736
 0.0012531  0.0061760
 0.0012607  0.0056727
 0.0015399  0.0054455
 0.0014321  0.0046798
 0.0017878  0.0040762
 0.0017527  0.0036375
 0.0017644  0.0029745
 0.0016595  0.0026784
 0.0018426  0.0022292
 0.0019382  0.0021945
 0.0021670  0.0025067
 0.0020370  0.0027778
 0.0021516  0.0031745
 0.0018627  0.0037882
 0.0013837  0.0042662
 0.0010528  0.0046564
 0.0007217  0.0052320
 0.0005832  0.0052101
 0.0004635  0.0054702
 0.0005545  0.0056468
 0.0001760  0.0056795
-0.0000966  0.0058308
-0.0003001  0.0055837
-0.0008377  0.0052162
-0.0011565  0.0048577
-0.0012602  0.0040288
-0.0010268  0.0034079
-0.0007470  0.0025362
-0.0001501  0.0017917
 0.0002819  0.0014410
 0.0009055  0.0008098
 0.0009901  0.0002938
 0.0011288  0.0001783
 0.0012773  0.0004293
 0.0013231  0.0006114
 0.0010883  0.0011841
 0.0009006  0.0016266
 0.0008654  0.0020730
 0.0007162  0.0024024
 0.0007499  0.0023986
 0.0005266  0.0024939
 0.0000364  0.0025947
-0.0002001  0.0025655
-0.0009230  0.0021981
-0.0013821  0.0016751
-0.0019344  0.0012948
-0.0021461  0.0004457
-0.0025767 -0.0002243
-0.0025644 -0.0013055
-0.0024296 -0.0022457
-0.0022349 -0.0028864
-0.0019533 -0.0033364
-0.0019400 -0.0032681
-0.0019381 -0.0029825
-0.0019270 -0.0027227
-0.0019159 -0.0023123
-0.0020068 -0.0019978
-0.0021645 -0.0017777
-0.0018881 -0.0018752
-0.0016394 -0.0019913
-0.0007744 -0.0019715
-0.0004286 -0.0017814
 0.0001690 -0.0015789
 0.0002385 -0.0014251
 0.0000709 -0.0012339
-0.0000902 -0.0008671
-0.0002615 -0.0008556
-0.0006279 -0.0006937
-0.0009811 -0.0006535
-0.0009849 -0.0006101
-0.0008949 -0.0006549
-0.0009254 -0.0003734
-0.0005980 -0.0006019
-0.0005953 -0.0005718
-0.0006185 -0.0001392
-0.0007360 -0.0001760
-0.0008597  0.0000808
-0.0007559  0.0004345
-0.0005832  0.0004803
-0.0005363  0.0007181
-0.0000999  0.0005414
-0.0000269  0.0003131
 0.0001838  0.0002587
 0.0002496  0.0000106
 0.0002256 -0.0000649
 0.0001353 -0.0002888
 0.0003731 -0.0006072
 0.0000648 -0.0011236
-0.0001164 -0.0014651
-0.0001689 -0.0017461
-0.0002585 -0.0019153
-0.0002496 -0.0013948
-0.0000321 -0.0010512
 0.0000800 -0.0005540
 0.0003674  0.0001606
 0.0006385  0.0005132
 0.0010500  0.0007995
 0.0011325  0.0009731
 0.0016887  0.0012208
 0.0019315  0.0011247
 0.0023736  0.0011614
 0.0026627  0.0010401
 0.0027253  0.0006010
 0.0028033 -0.0001539
 0.0026698 -0.0011176
 0.0024121 -0.0023429
 0.0018848 -0.0034901
 0.0016938 -0.0045853
 0.0015117 -0.0051249
 0.0012711 -0.0051177
 0.0011075 -0.0049059
 0.0010088 -0.0045352
 0.0008962 -0.0043303
 0.0010329 -0.0043822
 0.0009198 -0.0047148
 0.0011048 -0.0048565
 0.0013868 -0.0056606
 0.0013278 -0.0060068
 0.0017691 -0.0059121
 0.0018087 -0.0061625
 0.0016349 -0.0057254
 0.0014909 -0.0049973
 0.0010055 -0.0045968
 0.0007374 -0.0041684
 0.0005183 -0.0036129
 0.0002480 -0.0037025
 0.0004965 -0.0034060
 0.0009342 -0.0030814
 0.0007767 -0.0026340
 0.0006765 -0.0016204
 0.0003862 -0.0011557
 0.0000671 -0.0006032
-0.0003882  0.0001398
-0.0006573  0.0001842
-0.0008798  0.0004160
-0.0006428  0.0006201
-0.0007209  0.0006906
-0.0005221  0.0007532
-0.0005643  0.0008927
-0.0002223  0.0010124
-0.0000784  0.0016576
 0.0002248  0.0018113
 0.0000970  0.0020775
 0.0002682  0.0022568
 0.0005136  0.0026752
 0.0007942  0.0030961
 0.0011915  0.0035811
 0.0015496  0.0038758
 0.0014516  0.0042079
 0.0017882  0.0045482
 0.0016408  0.0048189
 0.0014574  0.0049821
 0.0009285  0.0050572
 0.0004501  0.0051049
-0.0001006  0.0049038
-0.0003648  0.0048610
-0.0005142  0.0046870
-0.0002320  0.0044282
 0.0001430  0.0040448
 0.0005366  0.0038963
 0.0009060  0.0033876
 0.0010859  0.0031559
 0.0012010  0.0030592
 0.0009478  0.0027564
 0.0007904  0.0024714
 0.0005344  0.0028229
 0.0003455  0.0029409
 0.0003352  0.0030576
 0.0004365  0.0031381
 0.0007209  0.0032491
 0.0011582  0.0037449
 0.0017846  0.0037562
 0.0020016  0.0039692
 0.0022274  0.0037522
 0.0020052  0.0036781
 0.0018134  0.0031365
 0.0016670  0.0025408
 0.0010539  0.0015990
 0.0011375  0.0007469
 0.0008123 -0.0001266
 0.0008908 -0.0011630
 0.0008434 -0.0017781
 0.0008545 -0.0021009
 0.0007612 -0.0027974
 0.0006001 -0.0033581
 0.0005602 -0.0034651
 0.0003993 -0.0041092
 0.0005731 -0.0043898
 0.0007607 -0.0048712
 0.0007548 -0.0051746
 0.0008552 -0.0051819
 0.0005237 -0.0052186
 0.0002680 -0.0052087
-0.0001158 -0.0051720
-0.0005000 -0.0053308
-0.0004993 -0.0054911
-0.0008946 -0.0057481
-0.0005946 -0.0059584
-0.0007351 -0.0059483
-0.0007149 -0.0054620
-0.0005746 -0.0049118
-0.0008344 -0.0043479
-0.0008903 -0.0036682
-0.0013512 -0.0030931
-0.0014408 -0.0028422
-0.0012218 -0.0026750
-0.0011273 -0.0025872
-0.0008244 -0.0025635
-0.0002833 -0.0025157
 0.0001404 -0.0023166
 0.0003853 -0.0020862
 0.0004661 -0.0021904
 0.0003858 -0.0022942
 0.0002750 -0.0021567
 0.0000832 -0.0027081
-0.0000018 -0.0029639
 0.0004363 -0.0032213
 0.0006539 -0.0032687
 0.0009300 -0.0030928
 0.0012744 -0.0027888
 0.0010927 -0.0023341
 0.0008832 -0.0021090
 0.0009694 -0.0018688
 0.0007948 -0.0012971
 0.0010352 -0.0009303
 0.0011751 -0.0002121
 0.0012830  0.0006331
 0.0013551  0.0014084
 0.0014073  0.0018892
 0.0011275  0.0025366
 0.0011275  0.0025748
 0.0010625  0.0022859
 0.0014413  0.0016530
 0.0015225  0.0014839
 0.0014607  0.0007171
 0.0016681 -0.0000784
 0.0016285 -0.0005775
 0.0016730 -0.0010862
 0.0017364 -0.0013769
 0.0022774 -0.0015118
 0.0025568 -0.0011216
 0.0026741 -0.0008377
 0.0030963 -0.0004905
 0.0034087  0.0000234
 0.0030343  0.0003291
 0.0029194  0.0003384
 0.0025701  0.0005208
 0.0023143  0.0008188
 0.0017147  0.0010588
 0.0016269  0.0009250
 0.0013857  0.0009731
 0.0014503  0.0012767
 0.0021120  0.0012068
 0.0026298  0.0013873
 0.0028882  0.0015649
 0.0032579  0.0015519
 0.0034874  0.0013567
 0.0032094  0.0013246
 0.0029252  0.0010555
 0.0022836  0.0007264
 0.0018698  0.0006988
 0.0014461  0.0003495
 0.0011733  0.0001242
 0.0009659  0.0003333
 0.0010683  0.0004421
 0.0010553  0.0006014
 0.0014859  0.0007134
 0.0016575  0.0007794
 0.0018206  0.0009784
 0.0018614  0.0008906
 0.0018637  0.0008846
 0.0019129  0.0008955
 0.0015120  0.0005808
 0.0013784  0.0006510
 0.0012342  0.0007257
 0.0007691  0.0008961
 0.0002842  0.0013770
-0.0000589  0.0019135
-0.0006978  0.0025155
-0.0010404  0.0027287
-0.0014941  0.0032673
-0.0018687  0.0029776
-0.0022016  0.0028238
-0.0023994  0.0026063
-0.0027267  0.0022926
-0.0027351  0.0020685
-0.0026982  0.0022447
-0.0028936  0.0024349
-0.0033568  0.0026626
-0.0036000  0.0028372
-0.0040074  0.0027528
-0.0041779  0.0027930
-0.0042491  0.0028057
-0.0038016  0.0027392
-0.0032872  0.0025761
-0.0028377  0.0026399
-0.0023588  0.0024121
-0.0019204  0.0022268
-0.0018661  0.0022236
-0.0017260  0.0022008
-0.0014347  0.0019489
-0.0012307  0.0016764
-0.0011112  0.0013284
-0.0008407  0.0008433
-0.0004643  0.0009956
-0.0002303  0.0005676
-0.0000063  0.0001972
 0.0004505 -0.0000676
 0.0006746 -0.0007954
 0.0009373 -0.0009294
 0.0011497 -0.0010934
 0.0009901 -0.0013657
 0.0005650 -0.0014343
-0.0001195 -0.0016691
-0.0009343 -0.0015874
-0.0018522 -0.0014647
-0.0022889 -0.0012614
-0.0029052 -0.0009539
-0.0033496 -0.0008455
-0.0033185 -0.0006525
-0.0036524 -0.0004409
-0.0037479 -0.0002770
-0.0037723 -0.0002203
-0.0039901 -0.0000192
-0.0042860  0.0002680
-0.0045698  0.0001935
-0.0046516  0.0002677
-0.0045417  0.0001520
-0.0045950 -0.0001382
-0.0042360 -0.0003764
-0.0035202 -0.0004236
-0.0029793 -0.0008761
-0.0024276 -0.0006431
-0.0017787 -0.0004417
-0.0016507 -0.0003313
-0.0016671  0.0000377
-0.0014087  0.0001546
-0.0012805  0.0001953
-0.0010709  0.0001896
-0.0010429 -0.0001980
-0.0008793 -0.0005599
-0.0006525 -0.0010557
-0.0006706 -0.0015111
-0.0007919 -0.0015908
-0.0007532 -0.0014519
-0.0009691 -0.0011707
-0.0014443 -0.0007601
-0.0016224 -0.0000313
-0.0021030  0.0005789
-0.0025901  0.0009029
-0.0028223  0.0011189
-0.0031463  0.0013458
-0.0033350  0.0007579
-0.0029180  0.0004111
-0.0027039  0.0000649
-0.0023222 -0.0002985
-0.0018459 -0.0005147
-0.0011399 -0.0003451
-0.0006758 -0.0000406
-0.0005004  0.0004120
-0.0003471  0.0008949
-0.0002652  0.0013336
-0.0004532  0.0016349
-0.0001233  0.0015435
 0.0001956  0.0011897
 0.0005349  0.0007718
 0.0008308  0.0002992
 0.0012253 -0.0002210
 0.0016725 -0.0003769
 0.0021023 -0.0007402
 0.0025214 -0.0007879
 0.0026801 -0.0007037
 0.0028869 -0.0007528
 0.0029174 -0.0007534
 0.0030353 -0.0008295
 0.0031532 -0.0011557
 0.0032311 -0.0013429
 0.0036113 -0.0019414
 0.0035308 -0.0025885
 0.0035845 -0.0029699
 0.0036158 -0.0037578
 0.0036865 -0.0039583
 0.0036229 -0.0039301
 0.0039318 -0.0041684
 0.0039498 -0.0042899
 0.0042358 -0.0043340
 0.0047391 -0.0045143
 0.0050911 -0.0046144
 0.0054092 -0.0044830
 0.0052520 -0.0045422
 0.0052848 -0.0043690
 0.0052868 -0.0040302
 0.0052133 -0.0034995
 0.0051614 -0.0031583
 0.0052914 -0.0028742
 0.0053564 -0.0025062
 0.0052296 -0.0022930
 0.0051519 -0.0021705
 0.0049900 -0.0020393
 0.0046625 -0.0020621
 0.0046314 -0.0020488
 0.0044596 -0.0019130
 0.0040924 -0.0018918
 0.0036874 -0.0021472
 0.0033212 -0.0023160
 0.0030961 -0.0021551
 0.0029413 -0.0018986
 0.0028006 -0.0014944
 0.0027067 -0.0008609
 0.0022945  0.0001087
 0.0019775  0.0007993
 0.0016284  0.0015943
 0.0012917  0.0021853
 0.0012540  0.0024926
 0.0014518  0.0027433
 0.0017701  0.0031701
 0.0022853  0.0031346
 0.0028743  0.0032047
 0.0035029  0.0028906
 0.0039412  0.0024973
 0.0044147  0.0021783
 0.0048922  0.0016300
 0.0049971  0.0014595
 0.0051065  0.0014780
 0.0053039  0.0013668
 0.0053553  0.0016688
 0.0054641  0.0023522
 0.0052570  0.0023363
 0.0050958  0.0026346
 0.0047266  0.0030467
 0.0039966  0.0030575
 0.0034765  0.0028256
 0.0030976  0.0027258
 0.0023430  0.0019952
 0.0019885  0.0014593
 0.0020259  0.0010618
 0.0016744  0.0007780
 0.0017768  0.0005808
 0.0021643  0.0008360
 0.0024974  0.0008126
 0.0026173  0.0014251
 0.0024998  0.0011877
 0.0020004  0.0014431
 0.0013604  0.0015309
 0.0009432  0.0013142
 0.0004407  0.0013339
 0.0004409  0.0016341
 0.0006265  0.0016337
 0.0005855  0.0020082
 0.0008301  0.0023710
 0.0007120  0.0027799
 0.0002180  0.0030198
-0.0003043  0.0033274
-0.0010445  0.0033585
-0.0020525  0.0034001
-0.0028392  0.0033192
-0.0038183  0.0031717
-0.0047192  0.0027752
-0.0050774  0.0023402
-0.0054929  0.0019472
-0.0052377  0.0016785
-0.0045201  0.0013678
-0.0040971  0.0014606
-0.0035046  0.0015930
-0.0029640  0.0016494
-0.0027581  0.0013458
-0.0027548  0.0011183
-0.0028842  0.0001929
-0.0031361 -0.0009545
-0.0034500 -0.0019570
-0.0034094 -0.0029062
-0.0036353 -0.0035569
-0.0038248 -0.0041687
-0.0038799 -0.0041496
-0.0041652 -0.0042172
-0.0041720 -0.0038526
-0.0044482 -0.0037672
-0.0043521 -0.0034426
-0.0045162 -0.0029819
-0.0042780 -0.0027217
-0.0044405 -0.0027871
-0.0046252 -0.0027687
-0.0046273 -0.0028911
-0.0044662 -0.0031014
-0.0044224 -0.0033041
-0.0041973 -0.0034640
-0.0039767 -0.0034161
-0.0037508 -0.0033768
-0.0036709 -0.0031644
-0.0035796 -0.0030753
-0.0035747 -0.0029037
-0.0034784 -0.0027667
-0.0031382 -0.0030450
-0.0029766 -0.0031801
-0.0024017 -0.0034236
-0.0018697 -0.0036392
-0.0011187 -0.0034523
-0.0006853 -0.0032967
-0.0005290 -0.0031760
-0.0002494 -0.0029043
-0.0005330 -0.0026885
-0.0004420 -0.0024277
-0.0004256 -0.0022885
-0.0004306 -0.0019813
-0.0005828 -0.0018707
-0.0003141 -0.0021729
-0.0005356 -0.0023285
-0.0004510 -0.0026632
-0.0002649 -0.0031857
-0.0001805 -0.0033363
-0.0000758 -0.0034927
 0.0002335 -0.0036130
 0.0002459 -0.0037464
 0.0007760 -0.0038726
 0.0013061 -0.0040171
 0.0016420 -0.0043200
 0.0023871 -0.0042956
 0.0027182 -0.0043267
 0.0030389 -0.0039562
 0.0028124 -0.0034316
 0.0024529 -0.0029639
 0.0023337 -0.0023058
 0.0019374 -0.0013969
 0.0013401 -0.0006230
 0.0007239  0.0003190
 0.0000901  0.0008382
-0.0005144  0.0011661
-0.0009629  0.0010936
-0.0014341  0.0007712
-0.0018740  0.0000600
-0.0020550 -0.0005739
-0.0020573 -0.0010378
-0.0020292 -0.0013846
-0.0020977 -0.0015344
-0.0024425 -0.0012766
-0.0027099 -0.0010867
-0.0032836 -0.0009337
-0.0037449 -0.0007149
-0.0039743 -0.0004769
-0.0040405 -0.0003737
-0.0037249  0.0000286
-0.0033638  0.0001406
-0.0025583  0.0003968
-0.0016412  0.0006875
-0.0008136  0.0009596
 0.0000470  0.0010950
 0.0004487  0.0015968
 0.0007089  0.0018635
 0.0005817  0.0024235
 0.0007211  0.0024156
 0.0007142  0.0026117
 0.0006746  0.0029315
 0.0005053  0.0028806
 0.0003208  0.0029553
 0.0001146  0.0031731
-0.0002310  0.0030848
-0.0006646  0.0029809
-0.0010403  0.0030053
-0.0012866  0.0027506
-0.0013157  0.0026026
-0.0014937  0.0028950
-0.0016556  0.0028225
-0.0018512  0.0030270
-0.0019687  0.0028131
-0.0021000  0.0028307
-0.0020958  0.0026779
-0.0018994  0.0022024
-0.0018063  0.0016555
-0.0015821  0.0015482
-0.0010453  0.0012854
-0.0009985  0.0009432
-0.0007992  0.0009075
-0.0008440  0.0008130
-0.0012470  0.0008734
-0.0010899  0.0008363
-0.0012760  0.0007333
-0.0014066  0.0008413
-0.0012782  0.0010638
-0.0011042  0.0010624
-0.0011893  0.0014700
-0.0012223  0.0015933
-0.0011585  0.0016760
-0.0013913  0.0018575
-0.0013570  0.0015828
-0.0014837  0.0012194
-0.0017520  0.0007238
-0.0015712  0.0003496
-0.0011289 -0.0003681
-0.0009782 -0.0003400
-0.0002630 -0.0001792
 0.0000877  0.0000601
 0.0005924  0.0006707
 0.0005478  0.0009737
 0.0002032  0.0012414
-0.0002300  0.0015347
-0.0007737  0.0016229
-0.0012283  0.0017883
-0.0017231  0.0021361
-0.0022763  0.0027296
-0.0030051  0.0030508
-0.0035979  0.0031475
-0.0039987  0.0030787
-0.0042556  0.0025423
-0.0042528  0.0020429
-0.0040420  0.0014946
-0.0040025  0.0011754
-0.0036853  0.0010020
-0.0033781  0.0007036
-0.0034265  0.0005005
-0.0034756  0.0001384
-0.0034156 -0.0000522
-0.0031988 -0.0002096
-0.0030225 -0.0001656
-0.0028862 -0.0002362
-0.0029433 -0.0002980
-0.0029063 -0.0003723
-0.0032730 -0.0002981
-0.0035643 -0.0004495
-0.0040692 -0.0003845
-0.0040932 -0.0003976
-0.0044564 -0.0005245
-0.0043189 -0.0004102
-0.0040964 -0.0003609
-0.0037042 -0.0004320
-0.0029455 -0.0006036
-0.0024661 -0.0007033
-0.0016884 -0.0008390
-0.0009219 -0.0008095
-0.0002396 -0.0006942
 0.0002697 -0.0004316
 0.0009368 -0.0000565
 0.0012398  0.0002421
 0.0015037  0.0006327
 0.0016250  0.0005269
 0.0013132  0.0008073
 0.0011739  0.0007980
 0.0007363  0.0008363
 0.0000091  0.0007191
-0.0003012  0.0011070
-0.0005921  0.0011964
-0.0008463  0.0015847
-0.0009125  0.0020526
-0.0009013  0.0024953
-0.0008224  0.0032553
-0.0008085  0.0036261
-0.0008144  0.0037111
-0.0012803  0.0039515
-0.0012363  0.0031755
-0.0016734  0.0025366
-0.0014863  0.0017344
-0.0015753  0.0012663
-0.0020261  0.0008771
-0.0022490  0.0006788
-0.0028451  0.0004854
-0.0029701  0.0002751
-0.0025779  0.0003171
-0.0024176 -0.0000656
-0.0021663 -0.0003337
-0.0021965 -0.0006206
-0.0021400 -0.0006579
-0.0024261 -0.0010149
-0.0024115 -0.0008711
-0.0023509 -0.0007111
-0.0021238 -0.0000808
-0.0017178  0.0006441
-0.0012646  0.0014261
-0.0012428  0.0021506
-0.0008154  0.0023444
-0.0007971  0.0022012
-0.0007916  0.0018027
-0.0006402  0.0013357
-0.0005637  0.0008831
-0.0005803  0.0002571
-0.0008867  0.0004194
-0.0012840 -0.0001491
-0.0016061 -0.0000538
-0.0015843  0.0000758
-0.0015399  0.0003325
-0.0012318  0.0005816
-0.0009912  0.0012129
-0.0006122  0.0016546
-0.0005646  0.0021726
-0.0005710  0.0029203
-0.0011165  0.0031363
-0.0012614  0.0031896
-0.0017256  0.0029509
-0.0017428  0.0027060
-0.0018072  0.0025681
-0.0015668  0.0025001
-0.0016238  0.0026356
-0.0017327  0.0031011
-0.0019406  0.0033192
-0.0020959  0.0038039
-0.0026247  0.0040036
-0.0030069  0.0040012
-0.0035604  0.0038858
-0.0037751  0.0037508
-0.0036973  0.0034478
-0.0038085  0.0028800
-0.0035073  0.0025467
-0.0031425  0.0021964
-0.0030353  0.0021676
-0.0028575  0.0019578
-0.0034258  0.0017479
-0.0039361  0.0018363
-0.0043203  0.0018278
-0.0050491  0.0015697
-0.0053244  0.0013781
-0.0054060  0.0015487
-0.0052567  0.0015682
-0.0046584  0.0018694
-0.0044097  0.0020858
-0.0039205  0.0020541
-0.0036452  0.0021960
-0.0035170  0.0018619
-0.0036483  0.0015397
-0.0037502  0.0009119
-0.0036996  0.0003854
-0.0038284 -0.0001683
-0.0034821 -0.0002910
-0.0037371 -0.0003223
-0.0037328 -0.0008119
-0.0037060 -0.0007352
-0.0037425 -0.0010919
-0.0037116 -0.0014946
-0.0038216 -0.0021301
-0.0040869 -0.0024255
-0.0044339 -0.0030569
-0.0046725 -0.0030349
-0.0050759 -0.0028348
-0.0056403 -0.0024334
-0.0061416 -0.0015447
-0.0066933 -0.0009885
-0.0072734 -0.0004628
-0.0073834 -0.0004757
-0.0074076 -0.0002480
-0.0071920 -0.0006716
-0.0066790 -0.0009520
-0.0060594 -0.0014809
-0.0052994 -0.0017239
-0.0046247 -0.0019255
-0.0038711 -0.0017454
-0.0033524 -0.0014712
-0.0027575 -0.0008317
-0.0026499 -0.0001640
-0.0026891  0.0006259
-0.0029570  0.0011843
-0.0035000  0.0011310
-0.0035829  0.0010285
-0.0034230  0.0008119
-0.0030206  0.0001429
-0.0023516 -0.0003483
-0.0014500 -0.0003598
-0.0008766 -0.0003768
 0.0000284 -0.0002692
 0.0003189 -0.0003660
 0.0004865 -0.0001966
 0.0006583 -0.0001557
 0.0007213 -0.0003309
 0.0008503 -0.0005393
 0.0012163 -0.0005334
 0.0018074 -0.0008185
 0.0025421 -0.0006546
 0.0030415 -0.0000785
 0.0035426  0.0003262
 0.0037820  0.0008399
 0.0044157  0.0011518
 0.0044161  0.0012949
 0.0043596  0.0015747
 0.0046000  0.0013450
 0.0046779  0.0009513
 0.0045126  0.0009061
 0.0044815  0.0003092
 0.0043061 -0.0001969
 0.0046161 -0.0004634
 0.0047935 -0.0006350
 0.0048866 -0.0004234
 0.0052358 -0.0000964
 0.0052261  0.0002862
 0.0050844  0.0005442
 0.0046869  0.0008185
 0.0039790  0.0007014
 0.0035230  0.0004697
 0.0031443  0.0001505
 0.0025512 -0.0001483
 0.0023330 -0.0004465
 0.0023319 -0.0006669
 0.0021396 -0.0006471
 0.0026683 -0.0008934
 0.0033292 -0.0007073
 0.0038193 -0.0006176
 0.0044526 -0.0006987
 0.0049628 -0.0005356
 0.0051529 -0.0006321
 0.0049250 -0.0005290
 0.0045966 -0.0002702
 0.0041415  0.0003170
 0.0037801  0.0008650
 0.0030321  0.0017977
 0.0023340  0.0022351
 0.0017683  0.0028855
 0.0009404  0.0031782
 0.0002847  0.0033587
-0.0003714  0.0034917
-0.0012919  0.0035793
-0.0021800  0.0033318
-0.0030216  0.0031433
-0.0032010  0.0030115
-0.0034772  0.0026197
-0.0033407  0.0023405
-0.0028406  0.0023572
-0.0028697  0.0022732
-0.0027750  0.0023422
-0.0027700  0.0023882
-0.0030048  0.0024295
-0.0034247  0.0024158
-0.0035750  0.0023647
-0.0036438  0.0020401
-0.0036083  0.0019973
-0.0033658  0.0014363
-0.0029251  0.0012205
-0.0026161  0.0008505
-0.0018532  0.0006404
-0.0013826  0.0004302
-0.0008949  0.0007454
-0.0003405  0.0005511
 0.0003351  0.0007793
 0.0007586  0.0010288
 0.0013169  0.0014789
 0.0021006  0.0016532
 0.0023648  0.0023256
 0.0025055  0.0025949
 0.0024924  0.0025846
 0.0025965  0.0027213
 0.0022057  0.0026628
 0.0025198  0.0025188
 0.0025749  0.0023448
 0.0025922  0.0021048
 0.0025244  0.0023644
 0.0023922  0.0024607
 0.0021076  0.0029617
 0.0019792  0.0030013
 0.0015696  0.0031368
 0.0011623  0.0032462
 0.0010113  0.0029242
 0.0003618  0.0027827
 0.0002304  0.0021043
-0.0001150  0.0020986
-0.0003288  0.0019149
-0.0004055  0.0019547
-0.0004873  0.0022936
-0.0009617  0.0028807
-0.0012419  0.0033364
-0.0012068  0.0035813
-0.0011787  0.0038356
-0.0013206  0.0036079
-0.0012603  0.0034414
-0.0013931  0.0027859
-0.0012584  0.0022469
-0.0010650  0.0016645
-0.0010087  0.0007484
-0.0009439 -0.0002026
-0.0009328 -0.0010395
-0.0008460 -0.0019588
-0.0009879 -0.0026019
-0.0007457 -0.0030537
-0.0008250 -0.0034727
-0.0006871 -0.0037574
-0.0004444 -0.0034505
-0.0004708 -0.0036526
-0.0003251 -0.0034326
-0.0001549 -0.0032247
-0.0000202 -0.0031031
 0.0002365 -0.0031702
 0.0002075 -0.0032227
 0.0001104 -0.0032142
-0.0001392 -0.0031468
-0.0002498 -0.0033400
-0.0003319 -0.0034219
-0.0004887 -0.0034792
-0.0005386 -0.0038329
-0.0009009 -0.0038141
-0.0010069 -0.0036801
-0.0012035 -0.0042165
-0.0013419 -0.0045516
-0.0013124 -0.0045853
-0.0009470 -0.0048083
-0.0005818 -0.0048991
-0.0003656 -0.0046451
-0.0003682 -0.0044237
-0.0003960 -0.0040133
-0.0006116 -0.0035340
-0.0009408 -0.0034711
-0.0016332 -0.0030185
-0.0019556 -0.0027589
-0.0024118 -0.0025877
-0.0026780 -0.0020909
-0.0026479 -0.0018718
-0.0023300 -0.0016340
-0.0019190 -0.0015232
-0.0013224 -0.0014423
-0.0009312 -0.0012263
-0.0002773 -0.0009120
 0.0001165 -0.0007269
 0.0006263 -0.0002665
 0.0006392  0.0002786
 0.0008256  0.0007055
 0.0005434  0.0011155
 0.0003827  0.0014016
 0.0000348  0.0013593
-0.0002833  0.0010125
-0.0004002  0.0009164
-0.0009140  0.0007020
-0.0007511  0.0005621
-0.0006272  0.0005868
-0.0006253  0.0004886
-0.0002781  0.0001703
 0.0002968  0.0003368
 0.0005324  0.0005051
 0.0013371  0.0003771
 0.0019498  0.0001353
 0.0024356  0.0005144
 0.0031856  0.0003892
 0.0033199  0.0005006
 0.0035912  0.0005678
 0.0033996  0.0007271
 0.0033978  0.0007034
 0.0032230  0.0004325
 0.0031246  0.0002274
 0.0031583  0.0000285
 0.0031908 -0.0004265
 0.0033307 -0.0006185
 0.0039526 -0.0005624
 0.0045920 -0.0003409
 0.0052787  0.0002100
 0.0061292  0.0010462
 0.0062319  0.0021111
 0.0064745  0.0030994
 0.0062383  0.0041815
 0.0057988  0.0047408
 0.0052723  0.0049287
 0.0048618  0.0048169
 0.0044118  0.0046182
 0.0040902  0.0043388
 0.0038102  0.0030480
 0.0034926  0.0022638
 0.0032686  0.0010520
 0.0032551 -0.0002378
 0.0031863 -0.0009350
 0.0032747 -0.0013481
 0.0035184 -0.0020956
 0.0033052 -0.0022190
 0.0034174 -0.0021350
 0.0033861 -0.0021439
 0.0032814 -0.0021830
 0.0028601 -0.0020799
 0.0025563 -0.0018472
 0.0021493 -0.0015559
 0.0016937 -0.0016801
 0.0016055 -0.0015651
 0.0013446 -0.0013604
 0.0012936 -0.0014967
 0.0014881 -0.0013630
 0.0018008 -0.0012825
 0.0017759 -0.0011161
 0.0018409 -0.0005896
 0.0021284 -0.0001232
 0.0018195  0.0005032
 0.0015690  0.0011294
 0.0008501  0.0017637
-0.0000823  0.0021162
-0.0010713  0.0022559
-0.0019469  0.0022530
-0.0028509  0.0019338
-0.0035510  0.0015241
-0.0039050  0.0012124
-0.0044012  0.0011842
-0.0047700  0.0007114
-0.0051590  0.0008334
-0.0053611  0.0006346
-0.0053337  0.0004922
-0.0050222  0.0005401
-0.0050707  0.0003941
-0.0047128  0.0003562
-0.0046361  0.0005191
-0.0042976  0.0005482
-0.0043188  0.0008276
-0.0042942  0.0009547
-0.0042759  0.0011011
-0.0040461  0.0010482
-0.0036955  0.0012237
-0.0033346  0.0012750
-0.0027903  0.0012899
-0.0025614  0.0011979
-0.0020519  0.0007924
-0.0017424  0.0004636
-0.0012123  0.0002890
-0.0010156  0.0004087
-0.0009035  0.0005668
-0.0011379  0.0009769
-0.0015347  0.0016786
-0.0019425  0.0020492
-0.0021611  0.0023244
-0.0027023  0.0022338
-0.0029506  0.0020754
-0.0030216  0.0018192
-0.0030186  0.0018782
-0.0030574  0.0017152
-0.0031871  0.0014716
-0.0036850  0.0014821
-0.0042114  0.0015838
-0.0044866  0.0012382
-0.0044839  0.0011980
-0.0044658  0.0009969
-0.0039754  0.0010953
-0.0034255  0.0011466
-0.0028607  0.0015879
-0.0025193  0.0022381
-0.0021839  0.0028221
-0.0022824  0.0034590
-0.0024967  0.0038849
-0.0027335  0.0040980
-0.0031530  0.0036696
-0.0032984  0.0027816
-0.0031175  0.0017037
-0.0027816  0.0006407
-0.0025767 -0.0005940
-0.0021497 -0.0014360
-0.0018759 -0.0024223
-0.0018284 -0.0031010
-0.0017184 -0.0034759
-0.0014044 -0.0037524
-0.0011769 -0.0040121
-0.0006583 -0.0038136
-0.0006389 -0.0033166
 0.0000606 -0.0029539
 0.0003335 -0.0024383
 0.0009522 -0.0019015
 0.0012821 -0.0020741
 0.0017373 -0.0022940
 0.0018980 -0.0026884
 0.0018515 -0.0033120
 0.0013812 -0.0037073
 0.0009344 -0.0041859
 0.0006042 -0.0048291
 0.0003000 -0.0050380
 0.0002366 -0.0051026
 0.0006040 -0.0054147
 0.0010215 -0.0049584
 0.0019090 -0.0045145
 0.0026340 -0.0040693
 0.0031956 -0.0029772
 0.0034082 -0.0023716
 0.0035087 -0.0015675
 0.0032291 -0.0009195
 0.0029039 -0.0008259
 0.0023556 -0.0007223
 0.0019238 -0.0007922
 0.0011979 -0.0009569
 0.0010356 -0.0013437
 0.0012702 -0.0016038
 0.0014042 -0.0016829
 0.0017301 -0.0012628
 0.0021011 -0.0010357
 0.0021542 -0.0003958
 0.0020806  0.0002720
 0.0018376  0.0006148
 0.0012588  0.0012052
 0.0009427  0.0015393
 0.0006067  0.0015944
 0.0004329  0.0014975
 0.0007900  0.0012680
 0.0010761  0.0004058
 0.0014292  0.0000144
 0.0022116 -0.0003478
 0.0028808 -0.0007588
 0.0032452 -0.0010564
 0.0036531 -0.0010503
 0.0039866 -0.0010568
 0.0041853 -0.0012543
 0.0043328 -0.0012642
 0.0042694 -0.0015033
 0.0040897 -0.0013737
 0.0040567 -0.0011303
 0.0035565 -0.0009032
 0.0031231 -0.0001966
 0.0027117  0.0003482
 0.0021307  0.0004431
 0.0019139  0.0007505
 0.0017306  0.0009706
 0.0016850  0.0009718
 0.0018378  0.0004724
 0.0019871  0.0002598
 0.0021278 -0.0000673
 0.0025071 -0.0005673
 0.0027352 -0.0007605
 0.0027334 -0.0008538
 0.0024639 -0.0008033
 0.0018603 -0.0006846
 0.0010956 -0.0003351
 0.0003788 -0.0001108
-0.0006235 -0.0000700
-0.0013006 -0.0000756
-0.0016268  0.0000810
-0.0018388  0.0003798
-0.0016395  0.0005266
-0.0013741  0.0005761
-0.0010212  0.0006384
-0.0007366  0.0004745
-0.0002886  0.0001920
-0.0000716 -0.0001239
 0.0000876 -0.0000257
-0.0001795 -0.0000992
-0.0005195 -0.0002488
-0.0009182 -0.0001495
-0.0015000 -0.0002853
-0.0021093 -0.0002074
-0.0024489 -0.0003023
-0.0027634 -0.0005114
-0.0028790 -0.0007325
-0.0027623 -0.0011796
-0.0023964 -0.0019424
-0.0018009 -0.0023962
-0.0010828 -0.0031752
-0.0006494 -0.0034267
 0.0001046 -0.0034006
 0.0005371 -0.0031372
 0.0007128 -0.0029318
 0.0009179 -0.0022093
 0.0008211 -0.0017503
 0.0006676 -0.0011636
 0.0003293 -0.0007185
 0.0001611 -0.0006787
-0.0001970 -0.0008557
-0.0003759 -0.0013144
-0.0006378 -0.0014266
-0.0008427 -0.0018213
-0.0012460 -0.0020805
-0.0013335 -0.0023433
-0.0016411 -0.0023762
-0.0016490 -0.0026201
-0.0018896 -0.0026421
-0.0016096 -0.0024566
-0.0014948 -0.0026003
-0.0016457 -0.0023900
-0.0014140 -0.0022715
-0.0012602 -0.0021019
-0.0014111 -0.0021017
-0.0012840 -0.0023189
-0.0012222 -0.0024893
-0.0013832 -0.0027537
-0.0015336 -0.0031671
-0.0018857 -0.0035074
-0.0023581 -0.0037909
-0.0028038 -0.0044223
-0.0031799 -0.0045519
-0.0032815 -0.0046639
-0.0031794 -0.0050166
-0.0028762 -0.0049269
-0.0022049 -0.0049029
-0.0018014 -0.0043849
-0.0013294 -0.0037597
-0.0007401 -0.0030311
-0.0004698 -0.0020819
-0.0001682 -0.0010640
 0.0000799 -0.0005832
-0.0001637 -0.0000547
-0.0001035  0.0003691
-0.0000385  0.0004769
-0.0003389  0.0007095
-0.0003850  0.0004505
-0.0004413  0.0003649
-0.0004873  0.0003418
-0.0003808  0.0002994
 0.0000153  0.0001686
 0.0003105  0.0003157
 0.0004779  0.0003940
 0.0003507  0.0008082
 0.0003080  0.0012240
 0.0000258  0.0016229
-0.0003051  0.0020983
-0.0006937  0.0026995
-0.0007948  0.0028925
-0.0012236  0.0029668
-0.0014323  0.0028902
-0.0017268  0.0023341
-0.0020722  0.0015248
-0.0022085  0.0007051
-0.0021029 -0.0005211
-0.0018875 -0.0014156
-0.0012686 -0.0018569
-0.0007387 -0.0024199
-0.0005425 -0.0021203
-0.0000881 -0.0017916
-0.0001691 -0.0013766
-0.0005188 -0.0007126
-0.0006926 -0.0004350
-0.0010271 -0.0000056
-0.0012084  0.0003646
-0.0011900  0.0005107
-0.0011799  0.0008226
-0.0010669  0.0009697
-0.0009159  0.0010212
-0.0007385  0.0007579
-0.0005439  0.0005824
-0.0003307  0.0001389
-0.0001245 -0.0004768
 0.0002365 -0.0008596
 0.0009049 -0.0013493
 0.0012967 -0.0014524
 0.0013532 -0.0014327
 0.0015220 -0.0014133
 0.0015278 -0.0011034
 0.0016184 -0.0009108
 0.0013564 -0.0004416
 0.0013247 -0.0000409
 0.0014274  0.0005039
 0.0013218  0.0007855
 0.0014534  0.0012694
 0.0012340  0.0017643
 0.0013878  0.0020764
 0.0013113  0.0026444
 0.0013854  0.0031293
 0.0014643  0.0038811
 0.0013769  0.0045386
 0.0011969  0.0052247
 0.0009387  0.0057572
 0.0004947  0.0059304
-0.0000988  0.0057584
-0.0003612  0.0054470
-0.0004274  0.0050112
-0.0006103  0.0044922
-0.0007747  0.0046581
-0.0007440  0.0047096
-0.0006463  0.0045605
-0.0005689  0.0048601
-0.0005021  0.0049099
-0.0006000  0.0049212
-0.0004020  0.0051130
-0.0006082  0.0052497
-0.0008650  0.0052501
-0.0012724  0.0050888
-0.0016717  0.0050168
-0.0023462  0.0047346
-0.0031432  0.0042499
-0.0036990  0.0037564
-0.0042168  0.0033985
-0.0049802  0.0029691
-0.0054278  0.0026952
-0.0057209  0.0022848
-0.0059748  0.0023330
-0.0056562  0.0022846
-0.0054152  0.0025050
-0.0048306  0.0029544
-0.0042673  0.0033147
-0.0035489  0.0034611
-0.0028411  0.0037720
-0.0024830  0.0037540
-0.0017726  0.0033418
-0.0015386  0.0031918
-0.0011130  0.0028186
-0.0008340  0.0026552
-0.0009519  0.0025224
-0.0010313  0.0025424
-0.0011954  0.0026569
-0.0012744  0.0025929
-0.0015528  0.0026611
-0.0014831  0.0029034
-0.0015456  0.0031277
-0.0017027  0.0033603
-0.0016887  0.0036708
-0.0014071  0.0036821
-0.0012411  0.0036463
-0.0010546  0.0033910
-0.0007074  0.0030248
-0.0003075  0.0029271
-0.0003283  0.0027232
-0.0002225  0.0027145
-0.0001581  0.0027040
-0.0002104  0.0026929
-0.0001361  0.0025120
-0.0001363  0.0021004
 0.0003690  0.0011807
 0.0004158  0.0003566
 0.0005498 -0.0006766
 0.0006746 -0.0011940
 0.0007224 -0.0018836
 0.0009406 -0.0023329
 0.0012372 -0.0024754
 0.0015422 -0.0023672
 0.0019572 -0.0022734
 0.0024395 -0.0016786
 0.0024346 -0.0014473
 0.0023966 -0.0008984
 0.0024738 -0.0003789
 0.0023747  0.0000044
 0.0024409  0.0004964
 0.0026420  0.0008133
 0.0029211  0.0011799
 0.0032356  0.0013233
 0.0034333  0.0015383
 0.0036633  0.0017725
 0.0036674  0.0022027
 0.0035493  0.0024988
 0.0031801  0.0029001
 0.0024881  0.0030582
 0.0015781  0.0031433
 0.0009769  0.0029089
-0.0000357  0.0024999
-0.0007570  0.0020957
-0.0008801  0.0013224
-0.0007218  0.0008758
-0.0004989  0.0005355
 0.0000809 -0.0001569
 0.0002850 -0.0005875
 0.0008314 -0.0010482
 0.0011028 -0.0016096
 0.0014385 -0.0017035
 0.0017322 -0.0019238
 0.0017419 -0.0019816
 0.0016411 -0.0017012
 0.0013910 -0.0015440
 0.0010908 -0.0014004
 0.0008626 -0.0013340
 0.0008194 -0.0012177
 0.0009175 -0.0011667
 0.0006361 -0.0013108
 0.0008159 -0.0016645
 0.0006122 -0.0019067
 0.0002478 -0.0022380
-0.0001135 -0.0025633
-0.0003581 -0.0026628
-0.0005848 -0.0024666
-0.0008701 -0.0022198
-0.0008519 -0.0015409
-0.0004249 -0.0010814
-0.0003014 -0.0006801
 0.0001561 -0.0002768
 0.0009997 -0.0002402
 0.0013641 -0.0002893
 0.0017258  0.0002118
 0.0019741 -0.0001211
 0.0020730 -0.0004059
 0.0018833 -0.0002571
 0.0017204 -0.0001089
 0.0014158 -0.0000112
 0.0012226  0.0003324
 0.0011329  0.0007339
 0.0011486  0.0010739
 0.0012055  0.0019003
 0.0014391  0.0025363
 0.0013922  0.0033070
 0.0014380  0.0038097
 0.0015294  0.0040017
 0.0014985  0.0038388
 0.0013065  0.0036440
 0.0011612  0.0032701
 0.0007788  0.0030394
-0.0000333  0.0029614
-0.0008460  0.0030728
-0.0017147  0.0034616
-0.0027109  0.0034386
-0.0032063  0.0034642
-0.0036266  0.0033142
-0.0031976  0.0029367
-0.0027638  0.0021925
-0.0023986  0.0016911
-0.0018180  0.0016852
-0.0013059  0.0014589
-0.0009771  0.0017037
-0.0006907  0.0021341
-0.0005391  0.0021747
-0.0007204  0.0022347
-0.0004090  0.0023564
-0.0005822  0.0022571
-0.0006589  0.0021267
-0.0010659  0.0021869
-0.0013939  0.0022164
-0.0017295  0.0024174
-0.0020511  0.0025354
-0.0021477  0.0026157
-0.0023470  0.0024044
-0.0021421  0.0022647
-0.0022287  0.0016163
-0.0024298  0.0013183
-0.0023839  0.0010030
-0.0026154  0.0006063
-0.0027549  0.0007424
-0.0028861  0.0004382
-0.0029775  0.0005692
-0.0030027  0.0006015
-0.0029514  0.0009090
-0.0029009  0.0009856
-0.0030971  0.0015285
-0.0030941  0.0015824
-0.0028912  0.0017269
-0.0027925  0.0017534
-0.0024085  0.0016365
-0.0021612  0.0014168
-0.0019154  0.0012253
-0.0017446  0.0009035
-0.0018201  0.0009326
-0.0018530  0.0009183
-0.0022839  0.0009504
-0.0025514  0.0008793
-0.0027132  0.0007312
-0.0027634  0.0001997
-0.0027681 -0.0002826
-0.0029938 -0.0009503
-0.0030384 -0.0018295
-0.0028431 -0.0023099
-0.0027708 -0.0031148
-0.0027107 -0.0035947
-0.0025833 -0.0036631
-0.0025049 -0.0038787
-0.0027151 -0.0037071
-0.0029446 -0.0035428
-0.0029880 -0.0034757
-0.0031582 -0.0032937
-0.0032191 -0.0032004
-0.0032237 -0.0031895
-0.0030166 -0.0030290
-0.0027595 -0.0028887
-0.0025213 -0.0030906
-0.0019506 -0.0031794
-0.0018995 -0.0032564
-0.0016156 -0.0033329
-0.0016439 -0.0031994
-0.0018316 -0.0026839
-0.0018286 -0.0023875
-0.0020922 -0.0020441
-0.0019846 -0.0013768
-0.0019672 -0.0011561
-0.0017897 -0.0011882
-0.0015767 -0.0011588
-0.0010748 -0.0017071
-0.0006733 -0.0021681
 0.0000696 -0.0024845
 0.0007043 -0.0026791
 0.0012171 -0.0026718
 0.0016626 -0.0026644
 0.0015617 -0.0028103
 0.0014527 -0.0028798
 0.0015337 -0.0030722
 0.0016672 -0.0037539
 0.0014419 -0.0041318
 0.0018865 -0.0042918
 0.0021411 -0.0047837
 0.0023857 -0.0045048
 0.0027204 -0.0044721
 0.0029665 -0.0046173
 0.0029146 -0.0047362
 0.0028926 -0.0046284
 0.0026810 -0.0050370
 0.0026784 -0.0052065
 0.0023146 -0.0052971
 0.0021727 -0.0056340
 0.0021473 -0.0052163
 0.0028244 -0.0049993
 0.0030408 -0.0045442
 0.0037643 -0.0038138
 0.0044532 -0.0032102
 0.0046813 -0.0023870
 0.0049097 -0.0020190
 0.0047900 -0.0019189
 0.0040185 -0.0019995
 0.0037522 -0.0023669
 0.0032249 -0.0024345
 0.0027230 -0.0021776
 0.0023528 -0.0024269
 0.0021452 -0.0021695
 0.0019015 -0.0017868
 0.0017113 -0.0013584
 0.0017456 -0.0014549
 0.0017884 -0.0011184
 0.0020080 -0.0008487
 0.0024716 -0.0008858
 0.0026567 -0.0006282
 0.0028222 -0.0003240
 0.0030251 -0.0003202
 0.0029004 -0.0003842
 0.0029839 -0.0002092
 0.0029133 -0.0001473
 0.0031446  0.0000576
 0.0031728  0.0005273
 0.0033661  0.0013209
 0.0031580  0.0022994
 0.0032875  0.0030467
 0.0029482  0.0038992
 0.0021819  0.0042495
 0.0018466  0.0040474
 0.0009074  0.0037245
 0.0001981  0.0034318
-0.0000214  0.0028092
-0.0004278  0.0025944
-0.0005695  0.0024887
-0.0002980  0.0023922
-0.0002343  0.0024673
-0.0003411  0.0023688
-0.0001181  0.0024086
 0.0000212  0.0022481
-0.0000023  0.0021520
 0.0004180  0.0018214
 0.0006908  0.0017402
 0.0014129  0.0018872
 0.0021857  0.0019464
 0.0026573  0.0020332
 0.0032239  0.0019357
 0.0032798  0.0019036
 0.0034415  0.0016554
 0.0035283  0.0014093
 0.0034989  0.0012286
 0.0034161  0.0011240
 0.0037941  0.0012715
 0.0036441  0.0014308
 0.0032369  0.0018496
 0.0029638  0.0020786
 0.0023004  0.0021742
 0.0016102  0.0019082
 0.0011314  0.0013268
 0.0006822  0.0005381
 0.0002629 -0.0001097
 0.0000334 -0.0012329
-0.0002634 -0.0020230
-0.0002535 -0.0028429
-0.0004135 -0.0031455
-0.0004925 -0.0031879
-0.0007545 -0.0027621
-0.0012059 -0.0023446
-0.0015080 -0.0022235
-0.0018982 -0.0018984
-0.0025000 -0.0016723
-0.0028402 -0.0017011
-0.0030488 -0.0016163
-0.0032533 -0.0015720
-0.0034726 -0.0010479
-0.0031322 -0.0007758
-0.0034304 -0.0003849
-0.0033481 -0.0001200
-0.0033450  0.0002191
-0.0033065  0.0001961
-0.0026712  0.0000655
-0.0025266 -0.0000865
-0.0021122  0.0001073
-0.0021418 -0.0001723
-0.0024010 -0.0003035
-0.0030916 -0.0008410
-0.0035733 -0.0016225
-0.0037078 -0.0024925
-0.0043116 -0.0031361
-0.0041864 -0.0034736
-0.0042425 -0.0037541
-0.0041795 -0.0035189
-0.0038791 -0.0034390
-0.0036047 -0.0034103
-0.0028733 -0.0032571
-0.0020755 -0.0028841
-0.0012016 -0.0027777
-0.0005227 -0.0023509
 0.0002351 -0.0022381
 0.0004951 -0.0021059
 0.0008508 -0.0019737
 0.0011771 -0.0019444
 0.0010822 -0.0019077
 0.0010251 -0.0012669
 0.0004774 -0.0007104
-0.0002833 -0.0002006
-0.0009059 -0.0001962
-0.0015192 -0.0000797
-0.0019009 -0.0004721
-0.0019025 -0.0009318
-0.0012355 -0.0014294
-0.0006970 -0.0022981
 0.0003675 -0.0024731
 0.0015614 -0.0029286
 0.0020972 -0.0032235
 0.0028198 -0.0028830
 0.0031456 -0.0026482
 0.0028797 -0.0024601
 0.0028222 -0.0023184
 0.0026807 -0.0021634
 0.0023509 -0.0024173
 0.0019542 -0.0023561
 0.0016339 -0.0022091
 0.0018049 -0.0019255
 0.0019640 -0.0015700
 0.0024972 -0.0014438
 0.0029545 -0.0012942
 0.0035228 -0.0009216
 0.0035642 -0.0007823
 0.0036756 -0.0002564
 0.0037739  0.0004802
 0.0034346  0.0011797
 0.0029398  0.0019157
 0.0026278  0.0025690
 0.0019794  0.0029612
 0.0017809  0.0030777
 0.0018865  0.0033625
 0.0019651  0.0031386
 0.0020402  0.0028649
 0.0020662  0.0024902
 0.0023621  0.0018258
 0.0024584  0.0011338
 0.0031115  0.0007496
 0.0032389  0.0004022
 0.0034638  0.0003426
 0.0035367  0.0002820
 0.0031877  0.0005659
 0.0024747  0.0008012
 0.0018186  0.0009435
 0.0011653  0.0009512
 0.0009075  0.0006532
 0.0007027  0.0007124
 0.0006580  0.0005321
 0.0007771  0.0005634
 0.0010620  0.0003640
 0.0009364  0.0005314
 0.0010926  0.0005247
 0.0011185  0.0005622
 0.0006939  0.0006886
 0.0007100  0.0006283
 0.0002940  0.0008234
 0.0000446  0.0006254
 0.0000022  0.0010464
 0.0000371  0.0012109
-0.0001096  0.0016447
 0.0001671  0.0022776
 0.0004150  0.0025840
 0.0005014  0.0027805
 0.0008751  0.0026985
 0.0009718  0.0024928
 0.0014363  0.0022754
 0.0014272  0.0020933
 0.0016414  0.0017564
 0.0016832  0.0015521
 0.0015672  0.0013078
 0.0016110  0.0010583
 0.0015992  0.0010492
 0.0016791  0.0012695
 0.0018223  0.0012896
 0.0018301  0.0016742
 0.0019135  0.0019586
 0.0013789  0.0016805
 0.0007925  0.0016744
 0.0001764  0.0013372
-0.0004838  0.0006444
-0.0010347 -0.0000002
-0.0010361 -0.0007665
-0.0004616 -0.0013233
 0.0001303 -0.0016994
 0.0011229 -0.0014022
 0.0020521 -0.0011834
 0.0028168 -0.0003317
 0.0034757  0.0002998
 0.0034371  0.0009153
 0.0037916  0.0013097
 0.0036875  0.0016112
 0.0034047  0.0015286
 0.0033421  0.0013286
 0.0028475  0.0011654
 0.0024551  0.0007885
 0.0021349  0.0005469
 0.0015347  0.0006502
 0.0010795  0.0005586
 0.0005539  0.0005938
 0.0002721  0.0007091
-0.0003919  0.0005953
-0.0007195  0.0006601
-0.0010528  0.0005398
-0.0012448  0.0005798
-0.0013502  0.0007380
-0.0015224  0.0009546
-0.0015741  0.0011446
-0.0016213  0.0012290
-0.0017103  0.0013555
-0.0019237  0.0014977
-0.0022841  0.0016952
-0.0027274  0.0014540
-0.0034409  0.0011930
-0.0036615  0.0004427
-0.0039972 -0.0003174
-0.0041860 -0.0013124
-0.0041161 -0.0019214
-0.0041789 -0.0023066
-0.0041952 -0.0023944
-0.0043093 -0.0021366
-0.0043165 -0.0018597
-0.0044025 -0.0012349
-0.0043761 -0.0005509
-0.0042414  0.0000768
-0.0043175  0.0005873
-0.0042897  0.0010758
-0.0038480  0.0009927
-0.0034547  0.0011445
-0.0029967  0.0010161
-0.0026218  0.0008602
-0.0023737  0.0005711
-0.0020755  0.0002398
-0.0019697 -0.0001145
-0.0019197 -0.0002681
-0.0018082 -0.0004189
-0.0019109 -0.0003424
-0.0022065 -0.0001647
-0.0023274 -0.0002172
-0.0026520 -0.0002323
-0.0027801 -0.0008038
-0.0024414 -0.0014602
-0.0020554 -0.0020505
-0.0011595 -0.0028127
-0.0004361 -0.0033583
 0.0003009 -0.0039231
 0.0006391 -0.0042227
 0.0010380 -0.0046847
 0.0012514 -0.0048807
 0.0013705 -0.0051327
 0.0012088 -0.0053382
 0.0008719 -0.0052579
 0.0005642 -0.0053108
 0.0001399 -0.0051439
-0.0002544 -0.0048316
-0.0004750 -0.0046901
-0.0002558 -0.0044848
-0.0002770 -0.0046310
 0.0000145 -0.0048072
 0.0004338 -0.0046066
 0.0007901 -0.0048030
 0.0010095 -0.0049367
 0.0014349 -0.0052944
 0.0018760 -0.0054735
 0.0021958 -0.0058333
 0.0026859 -0.0061080
 0.0031228 -0.0067032
 0.0032636 -0.0068884
 0.0036161 -0.0071269
 0.0038232 -0.0071846
 0.0035703 -0.0071352
 0.0033890 -0.0066802
 0.0030143 -0.0063110
 0.0023782 -0.0056927
 0.0018743 -0.0051002
 0.0015755 -0.0042776
 0.0014261 -0.0034428
 0.0016796 -0.0027250
 0.0018273 -0.0020750
 0.0024200 -0.0014992
 0.0026296 -0.0008323
 0.0031455 -0.0005549
 0.0030107 -0.0002383
 0.0028930 -0.0000106
 0.0027979  0.0000564
 0.0025102  0.0002362
 0.0024111  0.0003125
 0.0023738  0.0002033
 0.0025924  0.0002116
 0.0026883  0.0000840
 0.0026511 -0.0002629
 0.0026485 -0.0005033
 0.0022924 -0.0007260
 0.0021795 -0.0012347
 0.0021202 -0.0014085
 0.0014784 -0.0007863
 0.0015002 -0.0005861
 0.0013305  0.0000559
 0.0014676  0.0010037
 0.0015962  0.0012919
 0.0018935  0.0016563
 0.0020282  0.0018374
 0.0023395  0.0014819
 0.0023365  0.0011500
 0.0021643  0.0007422
 0.0021639  0.0002023
 0.0018915 -0.0000415
 0.0016115 -0.0002977
 0.0014076 -0.0007637
 0.0008928 -0.0006057
 0.0006396 -0.0005453
 0.0002607 -0.0009422
-0.0002278 -0.0008120
-0.0002658 -0.0013977
-0.0001669 -0.0018670
 0.0002837 -0.0018975
 0.0007662 -0.0018299
 0.0011166 -0.0014575
 0.0012632 -0.0009574
 0.0009376 -0.0004955
 0.0007343 -0.0001832
 0.0002441  0.0001203
 0.0000239  0.0001385
-0.0007170  0.0001870
-0.0009877  0.0002885
-0.0013156  0.0002250
-0.0019228  0.0003549
-0.0025856  0.0002927
-0.0032939  0.0002126
-0.0038509 -0.0001296
-0.0042359 -0.0003599
-0.0040946 -0.0012368
-0.0036670 -0.0017522
-0.0032688 -0.0018931
-0.0029839 -0.0022138
-0.0027068 -0.0023925
-0.0030536 -0.0021672
-0.0035120 -0.0019897
-0.0039115 -0.0020442
-0.0043114 -0.0018695
-0.0047325 -0.0019345
-0.0046393 -0.0023732
-0.0042178 -0.0022149
-0.0039441 -0.0020071
-0.0031677 -0.0018077
-0.0026759 -0.0018084
-0.0023589 -0.0016392
-0.0024794 -0.0018661
-0.0027717 -0.0019390
-0.0031908 -0.0016771
-0.0035810 -0.0014361
-0.0036936 -0.0013380
-0.0036664 -0.0009707
-0.0032550 -0.0005910
-0.0027386 -0.0003453
-0.0020813 -0.0002247
-0.0012974 -0.0001211
-0.0010504 -0.0001431
-0.0007187  0.0001389
-0.0007014  0.0003637
-0.0007896  0.0005789
-0.0010995  0.0011476
-0.0013026  0.0014915
-0.0015678  0.0017929
-0.0014885  0.0022661
-0.0016287  0.0029266
-0.0015845  0.0033006
-0.0017062  0.0040672
-0.0014636  0.0044461
-0.0017022  0.0049042
-0.0017123  0.0053640
-0.0014997  0.0054036
-0.0010881  0.0055714
-0.0003896  0.0056386
 0.0002750  0.0055233
 0.0007664  0.0053035
 0.0012418  0.0052215
 0.0016201  0.0049191
 0.0017382  0.0043298
 0.0018089  0.0036799
 0.0018917  0.0027261
 0.0021265  0.0016404
 0.0023153  0.0004947
 0.0025503 -0.0003130
 0.0028255 -0.0006518
 0.0029517 -0.0008585
 0.0027401 -0.0009502
 0.0024302 -0.0008157
 0.0020139 -0.0008775
 0.0017874 -0.0009494
 0.0020448 -0.0009835
 0.0023966 -0.0009933
 0.0029249 -0.0009854
 0.0028622 -0.0005937
 0.0031042 -0.0003571
 0.0030998 -0.0002739
 0.0026638 -0.0001630
 0.0022191 -0.0002187
 0.0017492 -0.0006027
 0.0011204 -0.0008649
 0.0007058 -0.0013483
 0.0004318 -0.0021497
 0.0002724 -0.0026052
 0.0000940 -0.0030414
 0.0001799 -0.0030449
 0.0003447 -0.0029553
 0.0005203 -0.0025873
 0.0008930 -0.0017879
 0.0010654 -0.0008928
 0.0014522  0.0000622
 0.0016072  0.0009319
 0.0019044  0.0016852
 0.0020988  0.0020696
 0.0025114  0.0024348
 0.0027297  0.0026637
 0.0030349  0.0026649
 0.0030631  0.0026962
 0.0028114  0.0027729
 0.0028326  0.0023143
 0.0025678  0.0022372
 0.0024139  0.0023739
 0.0022052  0.0025269
 0.0018206  0.0028529
 0.0013008  0.0031387
 0.0010325  0.0033513
 0.0007327  0.0032522
 0.0007713  0.0031064
 0.0012105  0.0030404
 0.0014863  0.0026260
 0.0021274  0.0023649
 0.0028426  0.0022658
 0.0029873  0.0024249
 0.0031829  0.0021047
 0.0029346  0.0024293
 0.0031859  0.0025918
 0.0027417  0.0029461
 0.0023836  0.0032228
 0.0021131  0.0035295
 0.0017271  0.0038456
 0.0016843  0.0038724
 0.0016604  0.0038878
 0.0016057  0.0041088
 0.0017920  0.0040282
 0.0016587  0.0043533
 0.0016734  0.0047298
 0.0015272  0.0047217
 0.0010165  0.0049379
 0.0004480  0.0049369
-0.0000554  0.0050368
-0.0003619  0.0052390
-0.0004311  0.0048683
-0.0004406  0.0048631
 0.0002162  0.0046666
 0.0007417  0.0044056
 0.0012331  0.0039639
 0.0016768  0.0039792
 0.0022255  0.0037190
 0.0024022  0.0037829
 0.0022706  0.0036903
 0.0022308  0.0037233
 0.0019340  0.0033943
 0.0017695  0.0032804
 0.0015075  0.0028589
 0.0010964  0.0025830
 0.0009779  0.0023954
 0.0007159  0.0023450
 0.0004811  0.0020344
 0.0003153  0.0017677
 0.0001766  0.0012906
 0.0002965  0.0006638
 0.0001602  0.0002182
 0.0001578 -0.0001417
 0.0003300 -0.0001055
 0.0002607 -0.0001194
 0.0000587  0.0001127
-0.0004888  0.0001428
-0.0008672 -0.0000280
-0.0012719  0.0000803
-0.0018420  0.0002270
-0.0021992  0.0001631
-0.0025454  0.0004084
-0.0025139  0.0007174
-0.0025597  0.0009211
-0.0023917  0.0011214
-0.0024194  0.0014553
-0.0022691  0.0014355
-0.0023055  0.0014129
-0.0020614  0.0012005
-0.0016265  0.0009631
-0.0013180  0.0007590
-0.0009531  0.0002410
-0.0007768 -0.0000638
-0.0008172 -0.0004413
-0.0009884 -0.0010322
-0.0010340 -0.0015348
-0.0012041 -0.0022793
-0.0015096 -0.0027870
-0.0015158 -0.0033712
-0.0015715 -0.0041014
-0.0011734 -0.0045138
-0.0006503 -0.0047163
-0.0001252 -0.0043336
 0.0004889 -0.0037176
 0.0007767 -0.0028732
 0.0013119 -0.0015562
 0.0016543 -0.0006354
 0.0017163  0.0004385
 0.0017940  0.0008338
 0.0011807  0.0009701
 0.0008232  0.0007882
 0.0001000  0.0002147
-0.0006592 -0.0005494
-0.0012648 -0.0014314
-0.0017211 -0.0020013
-0.0018430 -0.0027343
-0.0017824 -0.0034809
-0.0018183 -0.0040796
-0.0014955 -0.0045434
-0.0012126 -0.0050226
-0.0007677 -0.0049513
-0.0009138 -0.0047561
-0.0007912 -0.0045118
-0.0007526 -0.0044436
-0.0008634 -0.0042361
-0.0006298 -0.0041335
-0.0004175 -0.0041761
-0.0003273 -0.0042961
-0.0004234 -0.0047398
-0.0004815 -0.0048537
-0.0003495 -0.0058338
-0.0003608 -0.0063332
-0.0005453 -0.0068238
-0.0003346 -0.0073816
-0.0000194 -0.0074209
 0.0001868 -0.0074149
 0.0008474 -0.0070880
 0.0014077 -0.0067511
 0.0019159 -0.0065662
 0.0024821 -0.0062187
 0.0029491 -0.0061328
 0.0035646 -0.0061049
 0.0033507 -0.0056239
 0.0036226 -0.0050148
 0.0032439 -0.0045431
 0.0023819 -0.0041761
 0.0016113 -0.0038368
 0.0009667 -0.0037185
 0.0002123 -0.0037117
-0.0001987 -0.0039713
-0.0003889 -0.0043343
-0.0002814 -0.0046131
 0.0000109 -0.0051107
 0.0003623 -0.0053029
 0.0006393 -0.0051894
 0.0011103 -0.0052793
 0.0011771 -0.0052056
 0.0014739 -0.0045419
 0.0012355 -0.0043659
 0.0011402 -0.0036648
 0.0012631 -0.0029038
 0.0012462 -0.0022800
 0.0016000 -0.0015755
 0.0019067 -0.0007465
 0.0021778 -0.0002385
 0.0025402  0.0004918
 0.0026726  0.0008894
 0.0025736  0.0009990
 0.0026376  0.0012320
 0.0025512  0.0014080
 0.0024026  0.0016693
 0.0021372  0.0017448
 0.0014863  0.0022405
 0.0014323  0.0026596
 0.0009193  0.0030946
 0.0006159  0.0035803
 0.0004645  0.0040075
 0.0005354  0.0039477
 0.0007851  0.0040149
 0.0009076  0.0040325
 0.0010397  0.0037630
 0.0012375  0.0037533
 0.0015215  0.0032833
 0.0013915  0.0030360
 0.0017058  0.0026852
 0.0021406  0.0021525
 0.0024886  0.0014183
 0.0027947  0.0011363
 0.0032836  0.0008985
 0.0033609  0.0004885
 0.0035026  0.0008658
 0.0032902  0.0010370
 0.0032527  0.0011420
 0.0028584  0.0015645
 0.0025029  0.0015088
 0.0019409  0.0015197
 0.0014320  0.0016269
 0.0009435  0.0012054
 0.0005268  0.0009771
 0.0001640  0.0007629
-0.0000442  0.0002607
 0.0001889  0.0003003
 0.0000391  0.0000579
-0.0000699  0.0000056
-0.0001953  0.0003559
-0.0006453  0.0004159
-0.0008588  0.0002358
-0.0014536 -0.0000201
-0.0018864 -0.0002384
-0.0022821 -0.0004170
-0.0028689 -0.0009558
-0.0030825 -0.0012165
-0.0036179 -0.0011127
-0.0038456 -0.0007318
-0.0038932 -0.0005725
-0.0039077 -0.0000611
-0.0040018  0.0002863
-0.0042012  0.0004591
-0.0042220  0.0005060
-0.0046464  0.0004490
-0.0047948  0.0000839
-0.0048774 -0.0001378
-0.0048082 -0.0007808
-0.0044418 -0.0011454
-0.0042689 -0.0010581
-0.0041021 -0.0014044
-0.0041757 -0.0012936
-0.0041807 -0.0013093
-0.0045362 -0.0019352
-0.0048742 -0.0020345
-0.0050589 -0.0021423
-0.0051722 -0.0026129
-0.0051441 -0.0025380
-0.0052396 -0.0026831
-0.0048158 -0.0023355
-0.0043812 -0.0022360
-0.0038488 -0.0018966
-0.0033161 -0.0017892
-0.0028572 -0.0016604
-0.0026217 -0.0016024
-0.0026960 -0.0016200
-0.0027994 -0.0015701
-0.0029865 -0.0021039
-0.0031954 -0.0023035
-0.0033442 -0.0025126
-0.0032931 -0.0025685
-0.0031772 -0.0026533
-0.0030076 -0.0026263
-0.0030445 -0.0026386
-0.0030603 -0.0024101
-0.0031999 -0.0022210
-0.0039543 -0.0019545
-0.0039801 -0.0020631
-0.0044939 -0.0019686
-0.0049299 -0.0021831
-0.0054705 -0.0023944
-0.0057061 -0.0026964
-0.0057036 -0.0029898
-0.0056251 -0.0032733
-0.0053988 -0.0035842
-0.0050560 -0.0037693
-0.0044046 -0.0042592
-0.0039371 -0.0045590
-0.0034376 -0.0048847
-0.0032440 -0.0054057
-0.0034261 -0.0059037
-0.0033385 -0.0063545
-0.0035010 -0.0066799
-0.0036308 -0.0069474
-0.0036023 -0.0068969
-0.0034704 -0.0063284
-0.0036908 -0.0057684
-0.0039378 -0.0052474
-0.0042168 -0.0047558
-0.0045081 -0.0047847
-0.0042761 -0.0050820
-0.0039921 -0.0053251
-0.0032653 -0.0053186
-0.0023254 -0.0057912
-0.0017826 -0.0054941
-0.0011794 -0.0051932
-0.0005478 -0.0050200
-0.0003522 -0.0046345
 0.0002520 -0.0041688
 0.0004575 -0.0039885
 0.0007415 -0.0037606
 0.0007020 -0.0035953
 0.0007012 -0.0032183
 0.0007020 -0.0028503
 0.0007357 -0.0023527
 0.0006380 -0.0018143
 0.0004236 -0.0011195
 0.0001934 -0.0008121
 0.0002637 -0.0004156
 0.0000763  0.0001926
 0.0001191  0.0002941
-0.0000586  0.0005216
 0.0000433  0.0008394
-0.0001719  0.0006785
-0.0001634  0.0006753
-0.0002708  0.0004347
-0.0007640  0.0007225
-0.0015515  0.0004681
-0.0021679  0.0003280
-0.0028329  0.0000817
-0.0034409 -0.0003663
-0.0035306 -0.0011829
-0.0032873 -0.0017774
-0.0026591 -0.0025033
-0.0018571 -0.0030688
-0.0010696 -0.0033589
-0.0001307 -0.0036877
 0.0005846 -0.0035955
 0.0012595 -0.0034585
 0.0016188 -0.0030759
 0.0014075 -0.0027091
 0.0009472 -0.0022585
 0.0001772 -0.0020631
-0.0004529 -0.0018204
-0.0010248 -0.0017221
-0.0017209 -0.0017413
-0.0022438 -0.0018797
-0.0026116 -0.0021194
-0.0029782 -0.0024890
-0.0033160 -0.0025414
-0.0036313 -0.0026908
-0.0038709 -0.0027047
-0.0040990 -0.0022882
-0.0043414 -0.0020766
-0.0048063 -0.0016741
-0.0046860 -0.0015215
-0.0048858 -0.0014973
-0.0046557 -0.0014711
-0.0045237 -0.0013911
-0.0044042 -0.0012340
-0.0041210 -0.0012496
-0.0036355 -0.0012138
-0.0037340 -0.0013252
-0.0039591 -0.0016653
-0.0040682 -0.0018943
-0.0045597 -0.0019597
-0.0051008 -0.0021337
-0.0054000 -0.0017039
-0.0059852 -0.0013236
-0.0064723 -0.0009427
-0.0068268 -0.0004285
-0.0070551 -0.0000078
-0.0070914  0.0000679
-0.0068613  0.0000760
-0.0067951 -0.0001356
-0.0065581 -0.0006169
-0.0063189 -0.0010283
-0.0058905 -0.0013180
-0.0056491 -0.0019410
-0.0053226 -0.0021227
-0.0047310 -0.0024862
-0.0040779 -0.0027240
-0.0032198 -0.0029996
-0.0023336 -0.0028720
-0.0015810 -0.0028952
-0.0009625 -0.0024064
-0.0004009 -0.0020529
-0.0003145 -0.0015284
-0.0001984 -0.0008688
-0.0001271 -0.0001762
-0.0002305  0.0002014
-0.0003433  0.0003756
-0.0001689  0.0004763
-0.0001481  0.0006035
-0.0001073  0.0006003
 0.0001646  0.0004247
-0.0000142  0.0005635
 0.0000359  0.0006040
 0.0001728  0.0008090
 0.0000191  0.0010238
 0.0000183  0.0011988
-0.0000790  0.0010922
-0.0005391  0.0014294
-0.0007882  0.0015979
-0.0009585  0.0015537
-0.0014426  0.0015492
-0.0014289  0.0013227
-0.0015370  0.0012062
-0.0015780  0.0010976
-0.0015521  0.0008392
-0.0011866  0.0004201
-0.0013160 -0.0000004
-0.0010980 -0.0000860
-0.0009116 -0.0000767
-0.0010652 -0.0000606
-0.0006839  0.0001471
-0.0003482  0.0002503
-0.0001974  0.0005747
-0.0001936  0.0007735
-0.0000159  0.0008312
-0.0000793  0.0009251
-0.0000068  0.0009812
 0.0000100  0.0009132
 0.0001931  0.0009408
 0.0002412  0.0010268
 0.0003565  0.0008934
 0.0002925  0.0010559
 0.0003500  0.0009210
-0.0000567  0.0005456
 0.0001377  0.0003269
 0.0003315 -0.0001868
 0.0003180 -0.0009146
 0.0009783 -0.0011608
 0.0014097 -0.0017341
 0.0016762 -0.0015738
 0.0018007 -0.0016737
 0.0017059 -0.0014181
 0.0015282 -0.0011928
 0.0008823 -0.0012318
 0.0006304 -0.0014328
 0.0000587 -0.0017885
-0.0001523 -0.0018493
-0.0004090 -0.0023696
-0.0005928 -0.0023520
-0.0006331 -0.0020550
-0.0007080 -0.0022470
-0.0007084 -0.0022004
-0.0003917 -0.0022289
-0.0000913 -0.0021901
 0.0005317 -0.0019113
 0.0010598 -0.0013842
 0.0013374 -0.0009654
 0.0015424 -0.0006343
 0.0015701 -0.0006243
 0.0016706 -0.0006031
 0.0018008 -0.0007097
 0.0020820 -0.0009339
 0.0021298 -0.0011249
 0.0025220 -0.0010549
 0.0027423 -0.0009820
 0.0025929 -0.0008216
 0.0028134 -0.0005060
 0.0025096 -0.0004487
 0.0023743 -0.0001200
 0.0022962 -0.0000841
 0.0022081  0.0000715
 0.0023773  0.0002670
 0.0022273  0.0007169
 0.0022507  0.0008336
 0.0019295  0.0011526
 0.0016579  0.0011330
 0.0016466  0.0012469
 0.0018263  0.0009469
 0.0021381  0.0010371
 0.0025449  0.0014909
 0.0023375  0.0018982
 0.0022040  0.0020702
 0.0014411  0.0020399
 0.0006582  0.0020999
-0.0001533  0.0017862
-0.0003857  0.0014836
-0.0009641  0.0012248
-0.0014082  0.0010326
-0.0015810  0.0009458
-0.0020354  0.0012508
-0.0024408  0.0011806
-0.0027769  0.0007762
-0.0032039  0.0009195
-0.0035728  0.0004822
-0.0036025  0.0004596
-0.0036071  0.0003201
-0.0034795  0.0003090
-0.0031139  0.0001727
-0.0029684  0.0001146
-0.0028505 -0.0002012
-0.0028387 -0.0007426
-0.0029855 -0.0011017
-0.0029232 -0.0019019
-0.0028691 -0.0025163
-0.0028174 -0.0027624
-0.0025778 -0.0028647
-0.0026406 -0.0027305
-0.0026592 -0.0023590
-0.0031285 -0.0022183
-0.0030137 -0.0015185
-0.0032642 -0.0007049
-0.0033017 -0.0006657
-0.0028439 -0.0007671
-0.0023556 -0.0009197
-0.0017821 -0.0013325
-0.0010347 -0.0017928
-0.0001651 -0.0018388
 0.0003674 -0.0019151
 0.0006886 -0.0015101
 0.0005394 -0.0015644
 0.0000280 -0.0010426
-0.0008598 -0.0012093
-0.0013294 -0.0011931
-0.0021904 -0.0013996
-0.0030180 -0.0014813
-0.0036712 -0.0019115
-0.0037913 -0.0022163
-0.0038945 -0.0025737
-0.0036272 -0.0029968
-0.0029877 -0.0029952
-0.0022436 -0.0027723
-0.0017946 -0.0024014
-0.0012094 -0.0019849
-0.0005755 -0.0014340
-0.0001992 -0.0010884
 0.0004674 -0.0006909
 0.0010284 -0.0003568
 0.0014100 -0.0001378
 0.0019426  0.0000035
 0.0022880  0.0002133
 0.0023430  0.0004299
 0.0022116  0.0007151
 0.0017665  0.0007498
 0.0014581  0.0004385
 0.0012225 -0.0000656
 0.0013768 -0.0002784
 0.0014506 -0.0005485
 0.0015620 -0.0006535
 0.0021123 -0.0008523
 0.0026287 -0.0007614
 0.0032257 -0.0008533
 0.0036484 -0.0010404
 0.0038947 -0.0008732
 0.0036882 -0.0008399
 0.0032716 -0.0009109
 0.0027946 -0.0010407
 0.0023268 -0.0010532
 0.0015700 -0.0012914
 0.0011427 -0.0016713
 0.0009715 -0.0021671
 0.0008314 -0.0023708
 0.0009320 -0.0025937
 0.0012420 -0.0023443
 0.0016953 -0.0022616
 0.0022347 -0.0021148
 0.0026407 -0.0018179
 0.0030055 -0.0016531
 0.0031175 -0.0017553
 0.0034009 -0.0018935
 0.0035733 -0.0019373
 0.0036332 -0.0022036
 0.0038308 -0.0018642
 0.0038550 -0.0016237
 0.0039194 -0.0012995
 0.0037805 -0.0010430
 0.0034175 -0.0008216
 0.0032599 -0.0008380
 0.0027425 -0.0007839
 0.0024881 -0.0011807
 0.0025912 -0.0013400
 0.0027795 -0.0011955
 0.0027997 -0.0008146
 0.0030333  0.0000761
 0.0028918  0.0010021
 0.0027293  0.0022461
 0.0024628  0.0032091
 0.0018849  0.0036235
 0.0017985  0.0038089
 0.0016057  0.0031851
 0.0017888  0.0024133
 0.0021790  0.0017382
 0.0028024  0.0008570
 0.0035214 -0.0001678
 0.0039631 -0.0004834
 0.0046404 -0.0006921
 0.0050524 -0.0007406
 0.0052210 -0.0005589
 0.0051709 -0.0003170
 0.0048069 -0.0000344
 0.0044359  0.0000686
 0.0041008  0.0002568
 0.0037094  0.0005594
 0.0031837  0.0006204
 0.0031092  0.0008871
 0.0030834  0.0007823
 0.0030975  0.0006062
 0.0030626  0.0006357
 0.0033691  0.0006133
 0.0035609  0.0005709
 0.0033382  0.0006433
 0.0032788  0.0008611
 0.0029980  0.0011124
 0.0026001  0.0012162
 0.0023693  0.0014802
 0.0019969  0.0014881
 0.0016059  0.0015454
 0.0013693  0.0014095
 0.0009966  0.0012850
 0.0008242  0.0011695
 0.0006712  0.0008340
 0.0002190  0.0007282
 0.0002182  0.0006917
-0.0003424  0.0006230
-0.0006111  0.0006699
-0.0010220  0.0005992
-0.0016230  0.0005099
-0.0017266  0.0002760
-0.0017549 -0.0000236
-0.0019346 -0.0004942
-0.0021476 -0.0006408
-0.0022128 -0.0007542
-0.0026704 -0.0008414
-0.0029839 -0.0007233
-0.0035243 -0.0005854
-0.0038648 -0.0006044
-0.0043180 -0.0006640
-0.0043682 -0.0010863
-0.0044605 -0.0013578
-0.0043024 -0.0016384
-0.0040145 -0.0021147
-0.0039854 -0.0023957
-0.0038096 -0.0027131
-0.0038038 -0.0028937
-0.0036086 -0.0028893
-0.0032602 -0.0027433
-0.0029570 -0.0023336
-0.0028238 -0.0020847
-0.0025448 -0.0013460
-0.0022904 -0.0008402
-0.0024494 -0.0004982
-0.0022643 -0.0000026
-0.0023031  0.0002411
-0.0024274  0.0004379
-0.0024614  0.0004024
-0.0026685  0.0005601
-0.0025787  0.0004182
-0.0027564  0.0001794
-0.0026837  0.0003736
-0.0025592 -0.0000475
-0.0025776 -0.0001506
-0.0022782 -0.0003967
-0.0020811 -0.0007040
-0.0017234 -0.0010490
-0.0013473 -0.0011935
-0.0011442 -0.0012521
-0.0008981 -0.0010221
-0.0011359 -0.0007336
-0.0013388 -0.0005134
-0.0017809 -0.0006242
-0.0023560 -0.0008779
-0.0026441 -0.0012263
-0.0027477 -0.0016145
-0.0025442 -0.0018513
-0.0025504 -0.0020334
-0.0023661 -0.0020802
-0.0022589 -0.0019647
-0.0020296 -0.0022916
-0.0017431 -0.0024058
-0.0013896 -0.0023574
-0.0008297 -0.0021884
 0.0001179 -0.0021042
 0.0002998 -0.0018132
 0.0006755 -0.0014399
 0.0009868 -0.0015968
 0.0009545 -0.0014504
 0.0006621 -0.0015241
 0.0005541 -0.0015703
-0.0000547 -0.0020717
-0.0002774 -0.0021844
-0.0004213 -0.0028078
-0.0007184 -0.0027876
-0.0007664 -0.0031695
-0.0007873 -0.0030456
-0.0009433 -0.0026121
-0.0005273 -0.0022385
-0.0005565 -0.0016990
-0.0003860 -0.0009594
-0.0006452 -0.0005663
-0.0008293 -0.0003081
-0.0007152 -0.0003766
-0.0008266 -0.0003701
-0.0005670 -0.0007767
 0.0001153 -0.0008092
 0.0003576 -0.0010535
 0.0007024 -0.0012373
 0.0011729 -0.0010469
 0.0012515 -0.0010013
 0.0009769 -0.0010598
 0.0010452 -0.0006948
 0.0005815 -0.0008224
 0.0000611 -0.0009129
 0.0000575 -0.0008491
-0.0001090 -0.0009725
-0.0001140 -0.0007230
 0.0000317 -0.0005373
 0.0001153 -0.0002067
 0.0002395  0.0000299
 0.0001797  0.0003522
 0.0005174  0.0004078
 0.0003512  0.0001453
 0.0006352 -0.0000328
 0.0007648 -0.0004598
 0.0010686 -0.0006050
 0.0010547 -0.0009209
 0.0009053 -0.0007960
 0.0007952 -0.0008425
 0.0005517 -0.0007341
 0.0005489 -0.0002482
 0.0002620  0.0000741
 0.0003305  0.0002861
 0.0002130  0.0004688
 0.0005677  0.0004391
 0.0007378  0.0007367
 0.0012621  0.0010518
 0.0017591  0.0013679
 0.0020464  0.0018563
 0.0022480  0.0021389
 0.0024959  0.0025575
 0.0025151  0.0026453
 0.0022458  0.0028849
 0.0019327  0.0031727
 0.0017094  0.0032578
 0.0011457  0.0035564
 0.0006626  0.0038121
 0.0003339  0.0040883
-0.0003508  0.0044064
-0.0007021  0.0043548
-0.0010110  0.0044675
-0.0013271  0.0044273
-0.0015554  0.0042425
-0.0015928  0.0041098
-0.0015839  0.0041377
-0.0014051  0.0039128
-0.0009146  0.0037182
-0.0003059  0.0035881
 0.0005552  0.0037896
 0.0011632  0.0037896
 0.0019135  0.0040914
 0.0023641  0.0044479
 0.0022173  0.0045093
 0.0016602  0.0046600
 0.0012643  0.0042304
 0.0003514  0.0038699
-0.0002171  0.0036714
-0.0004684  0.0032289
-0.0002571  0.0030192
-0.0001059  0.0027866
 0.0003679  0.0026893
 0.0007384  0.0023911
 0.0013695  0.0025326
 0.0016344  0.0023675
 0.0020628  0.0024632
 0.0022385  0.0027626
 0.0021636  0.0031312
 0.0018109  0.0034730
 0.0017459  0.0039299
 0.0012925  0.0045692
 0.0008256  0.0047407
 0.0004899  0.0051949
 0.0002609  0.0052515
 0.0002535  0.0054407
 0.0002727  0.0051304
 0.0003415  0.0044832
 0.0005619  0.0039206
 0.0007119  0.0031862
 0.0006505  0.0018835
 0.0008013  0.0013863
 0.0010577  0.0010968
 0.0010839  0.0011447
 0.0012834  0.0012285
 0.0012361  0.0014786
 0.0009583  0.0016435
 0.0012945  0.0015388
 0.0014976  0.0013942
 0.0018062  0.0009836
 0.0019241  0.0006858
 0.0024432  0.0003786
 0.0026234  0.0002138
 0.0028738  0.0001274
 0.0031794  0.0001951
 0.0031182  0.0005120
 0.0032956  0.0007006
 0.0033768  0.0009200
 0.0034569  0.0011691
 0.0036611  0.0013803
 0.0039058  0.0014455
 0.0039090  0.0014949
 0.0038571  0.0017553
 0.0036748  0.0015842
 0.0032422  0.0017608
 0.0027415  0.0014685
 0.0019966  0.0012709
 0.0010829  0.0007665
 0.0006989  0.0001425
 0.0000273 -0.0002848
-0.0005880 -0.0006819
-0.0007332 -0.0008977
-0.0009489 -0.0011233
-0.0007166 -0.0009095
-0.0005908 -0.0011609
-0.0002265 -0.0013077
-0.0000440 -0.0012185
 0.0002555 -0.0013007
 0.0007812 -0.0012071
 0.0009768 -0.0009418
 0.0014060 -0.0010783
 0.0013027 -0.0005681
 0.0012777 -0.0005403
 0.0016106 -0.0005261
 0.0013734 -0.0003632
 0.0012501 -0.0003398
 0.0009495 -0.0006949
 0.0005345 -0.0003588
 0.0002898 -0.0005489
 0.0001407 -0.0009187
-0.0003517 -0.0007092
-0.0006435 -0.0005442
-0.0011569 -0.0003834
-0.0017986 -0.0003785
-0.0023713 -0.0004313
-0.0026968 -0.0005052
-0.0029416 -0.0003766
-0.0026093 -0.0004737
-0.0023920 -0.0000256
-0.0021564  0.0003764
-0.0018928  0.0006065
-0.0017849  0.0009446
-0.0018433  0.0011197
-0.0015467  0.0009971
-0.0015801  0.0007305
-0.0012117  0.0006655
-0.0012170  0.0004792
-0.0011558  0.0003488
-0.0009275  0.0004391
-0.0004678  0.0003188
-0.0003239  0.0003278
 0.0002716  0.0002311
 0.0003092  0.0002691
 0.0004814  0.0003230
 0.0005070  0.0000209
 0.0006660 -0.0001071
 0.0008645 -0.0004485
 0.0012268 -0.0004711
 0.0017700 -0.0006665
 0.0019045 -0.0008539
 0.0022214 -0.0010998
 0.0021552 -0.0012934
 0.0021080 -0.0015855
 0.0023371 -0.0019255
 0.0022491 -0.0023505
 0.0021899 -0.0023053
 0.0022248 -0.0024648
 0.0025591 -0.0026897
 0.0029112 -0.0027622
 0.0030715 -0.0027368
 0.0034371 -0.0027870
 0.0033606 -0.0025680
 0.0033717 -0.0021148
 0.0030551 -0.0016923
 0.0027134 -0.0013204
 0.0023038 -0.0010059
 0.0020444 -0.0009421
 0.0018052 -0.0008701
 0.0016398 -0.0011352
 0.0016553 -0.0012654
 0.0014187 -0.0018164
 0.0015196 -0.0023150
 0.0016676 -0.0025173
 0.0017578 -0.0028962
 0.0018793 -0.0028059
 0.0016279 -0.0028362
 0.0013378 -0.0024677
 0.0010584 -0.0022224
 0.0009371 -0.0023550
 0.0006218 -0.0024503
 0.0006652 -0.0022070
 0.0007844 -0.0021317
 0.0010672 -0.0016337
 0.0010321 -0.0009512
 0.0008644 -0.0004631
 0.0008573 -0.0001170
 0.0007305  0.0001329
 0.0006015  0.0000461
 0.0004412 -0.0002123
 0.0005284 -0.0003274
 0.0008247 -0.0006516
 0.0007029 -0.0006219
 0.0009376 -0.0008603
 0.0008506 -0.0009061
 0.0008424 -0.0012517
 0.0004600 -0.0015961
 0.0004417 -0.0021808
 0.0000700 -0.0025048
-0.0001805 -0.0029640
-0.0003166 -0.0031602
-0.0004064 -0.0029852
-0.0004482 -0.0027968
-0.0008155 -0.0023900
-0.0008199 -0.0019636
-0.0011302 -0.0012401
-0.0015136 -0.0008729
-0.0017728 -0.0004075
-0.0023931  0.0000358
-0.0027654  0.0002783
-0.0030997  0.0006358
-0.0035595  0.0009340
-0.0036983  0.0010018
-0.0037237  0.0014229
-0.0036644  0.0014330
-0.0035358  0.0015087
-0.0030390  0.0012293
-0.0029365  0.0012757
-0.0028212  0.0013131
-0.0027893  0.0010133
-0.0030836  0.0008469
-0.0033979  0.0009208
-0.0037597  0.0007216
-0.0039428  0.0004298
-0.0040556  0.0006156
-0.0040566  0.0005110
-0.0041451  0.0009358
-0.0038972  0.0011304
-0.0037547  0.0012794
-0.0031444  0.0013137
-0.0027703  0.0006587
-0.0023688  0.0002923
-0.0018694 -0.0002757
-0.0016065 -0.0006441
-0.0016649 -0.0011011
-0.0016412 -0.0015035
-0.0021156 -0.0019724
-0.0024475 -0.0022984
-0.0026958 -0.0028443
-0.0026061 -0.0034889
-0.0024705 -0.0041686
-0.0015297 -0.0043392
-0.0006715 -0.0045685
 0.0004059 -0.0047768
 0.0013117 -0.0045959
 0.0021174 -0.0042330
 0.0027840 -0.0038226
 0.0031096 -0.0035489
 0.0036953 -0.0028712
 0.0040508 -0.0022434
 0.0043277 -0.0019521
 0.0043360 -0.0012944
 0.0041154 -0.0008289
 0.0040027 -0.0007748
 0.0040320 -0.0005036
 0.0038725 -0.0007951
 0.0034163 -0.0006968
 0.0033800 -0.0010176
 0.0030960 -0.0015044
 0.0028041 -0.0019239
 0.0027108 -0.0024653
 0.0027638 -0.0031907
 0.0028209 -0.0038458
 0.0030636 -0.0041276
 0.0026515 -0.0042029
 0.0026295 -0.0039431
 0.0018585 -0.0036930
 0.0012167 -0.0031800
 0.0004266 -0.0027361
-0.0001052 -0.0022257
-0.0005963 -0.0014162
-0.0010556 -0.0007625
-0.0014056 -0.0001682
-0.0018822  0.0004280
-0.0022898  0.0008208
-0.0030825  0.0010764
-0.0033365  0.0013343
-0.0036669  0.0011480
-0.0036740  0.0013932
-0.0033911  0.0016674
-0.0028581  0.0018012
-0.0025501  0.0020097
-0.0020819  0.0022074
-0.0019774  0.0022681
-0.0019126  0.0019035
-0.0019620  0.0016058
-0.0018694  0.0012416
-0.0020115  0.0009150
-0.0018127  0.0010044
-0.0018036  0.0008247
-0.0014433  0.0010566
-0.0011873  0.0009511
-0.0009126  0.0010412
-0.0006352  0.0010746
-0.0005294  0.0013015
-0.0003717  0.0013290
-0.0002456  0.0016455
-0.0002036  0.0022419
-0.0005558  0.0029630
-0.0007468  0.0035127
-0.0009779  0.0039382
-0.0013191  0.0042946
-0.0017820  0.0046814
-0.0022577  0.0048362
-0.0026814  0.0048580
-0.0028869  0.0048962
-0.0029098  0.0045153
-0.0026415  0.0042357
-0.0022137  0.0033533
-0.0015552  0.0029784
-0.0007994  0.0024993
-0.0001799  0.0021999
 0.0002182  0.0025417
 0.0005236  0.0029989
 0.0008264  0.0035222
 0.0007567  0.0041615
 0.0008139  0.0048488
 0.0004483  0.0053656
 0.0000267  0.0057506
-0.0003296  0.0058590
-0.0007030  0.0057856
-0.0008453  0.0056069
-0.0008670  0.0051624
-0.0007705  0.0047470
-0.0011627  0.0042415
-0.0013539  0.0039111
-0.0019795  0.0034797
-0.0024127  0.0029524
-0.0027808  0.0024011
-0.0028448  0.0019765
-0.0027729  0.0016022
-0.0022136  0.0015915
-0.0016388  0.0017458
-0.0009959  0.0022935
-0.0010817  0.0030446
-0.0012680  0.0038150
-0.0015849  0.0044626
-0.0022971  0.0048717
-0.0025553  0.0050536
-0.0028473  0.0051378
-0.0029448  0.0051472
-0.0025117  0.0051926
-0.0021938  0.0054268
-0.0022798  0.0056382
-0.0022295  0.0056071
-0.0027197  0.0057387
-0.0031242  0.0054680
-0.0038340  0.0050939
-0.0039810  0.0046655
-0.0044522  0.0040751
-0.0046444  0.0036423
-0.0049240  0.0033510
-0.0052522  0.0028127
-0.0056231  0.0026474
-0.0057230  0.0027073
-0.0057925  0.0025642
-0.0054887  0.0020674
-0.0052796  0.0019769
-0.0048162  0.0016095
-0.0045839  0.0010420
-0.0046144  0.0006958
-0.0044860  0.0002957
-0.0044771 -0.0000656
-0.0042730 -0.0000187
-0.0043367 -0.0000960
-0.0043719  0.0001534
-0.0044177  0.0005186
-0.0045222  0.0007183
-0.0049225  0.0003965
-0.0048605  0.0001910
-0.0051712 -0.0002500
-0.0054358 -0.0007895
-0.0049792 -0.0013192
-0.0047248 -0.0015764
-0.0042526 -0.0016567
-0.0035515 -0.0016279
-0.0028211 -0.0014912
-0.0027563 -0.0016351
-0.0025738 -0.0015370
-0.0027157 -0.0016828
-0.0028277 -0.0018824
-0.0031903 -0.0022181
-0.0034364 -0.0028114
-0.0031866 -0.0033472
-0.0028380 -0.0038686
-0.0024837 -0.0042968
-0.0019550 -0.0045164
-0.0011976 -0.0049460
-0.0009394 -0.0052060
-0.0004147 -0.0049329
 0.0000074 -0.0046495
 0.0000589 -0.0040289
 0.0000446 -0.0034962
 0.0000991 -0.0026746
 0.0000041 -0.0023027
 0.0003096 -0.0016828
 0.0005876 -0.0017319
 0.0009659 -0.0013061
 0.0017846 -0.0013760
 0.0023230 -0.0016599
 0.0026789 -0.0018089
 0.0029550 -0.0021888
 0.0029088 -0.0025573
 0.0028900 -0.0028700
 0.0028337 -0.0035067
 0.0025771 -0.0039608
 0.0025701 -0.0041110
 0.0025150 -0.0042568
 0.0029674 -0.0044260
 0.0034852 -0.0039116
 0.0042125 -0.0036623
 0.0046540 -0.0031080
 0.0046177 -0.0027617
 0.0042850 -0.0026255
 0.0039124 -0.0028158
 0.0035910 -0.0027676
 0.0034709 -0.0031283
 0.0035513 -0.0033867
 0.0036660 -0.0030217
 0.0037245 -0.0029359
 0.0038751 -0.0023658
 0.0036993 -0.0018394
 0.0036875 -0.0011128
 0.0032731 -0.0008272
 0.0031638 -0.0004741
 0.0024999 -0.0006383
 0.0024613 -0.0008767
 0.0024121 -0.0008006
 0.0020975 -0.0009907
 0.0022958 -0.0006803
 0.0026517 -0.0004336
 0.0028986  0.0003767
 0.0031487  0.0007732
 0.0037500  0.0014595
 0.0041506  0.0022632
 0.0041225  0.0026530
 0.0040751  0.0030438
 0.0037981  0.0032376
 0.0033090  0.0036254
 0.0028693  0.0036599
 0.0026198  0.0039538
 0.0025424  0.0045374
 0.0021625  0.0050544
 0.0016659  0.0056008
 0.0015418  0.0060736
 0.0010512  0.0064011
 0.0008447  0.0067081
 0.0008794  0.0068046
 0.0010826  0.0066133
 0.0011359  0.0061689
 0.0012925  0.0060494
 0.0014691  0.0057855
 0.0013520  0.0057118
 0.0010312  0.0058709
 0.0010385  0.0062611
 0.0007841  0.0065156
 0.0007231  0.0069480
 0.0009581  0.0071685
 0.0011945  0.0071911
 0.0014207  0.0071939
 0.0020155  0.0069295
 0.0024281  0.0066237
 0.0029483  0.0063281
 0.0038406  0.0060229
 0.0043128  0.0061858
 0.0049447  0.0063708
 0.0055198  0.0066025
 0.0055939  0.0068827
 0.0058492  0.0071211
 0.0055507  0.0073803
 0.0051624  0.0075412
 0.0046480  0.0076124
 0.0040482  0.0075244
 0.0033219  0.0072569
 0.0027891  0.0069376
 0.0021108  0.0065137
 0.0016729  0.0063694
 0.0010733  0.0060798
 0.0008966  0.0061751
 0.0007690  0.0063600
 0.0009588  0.0064172
 0.0015337  0.0067954
 0.0024964  0.0071665
 0.0032070  0.0074798
 0.0037834  0.0079626
 0.0042564  0.0083617
 0.0043255  0.0084104
 0.0038563  0.0083074
 0.0035414  0.0078999
 0.0030064  0.0071578
 0.0025756  0.0065995
 0.0024410  0.0060908
 0.0024412  0.0055019
 0.0022611  0.0048729
 0.0025286  0.0044543
 0.0024418  0.0040168
 0.0025514  0.0036260
 0.0027753  0.0034756
 0.0029867  0.0036301
 0.0033150  0.0034892
 0.0032685  0.0035976
 0.0029542  0.0037710
 0.0027067  0.0038990
 0.0025877  0.0040246
 0.0018028  0.0039677
 0.0012693  0.0041665
 0.0006570  0.0043671
-0.0001751  0.0044777
-0.0009215  0.0045056
-0.0018028  0.0046098
-0.0023545  0.0043988
-0.0030136  0.0039571
-0.0032599  0.0038259
-0.0039816  0.0035750
-0.0040752  0.0031512
-0.0042058  0.0032267
-0.0045197  0.0027095
-0.0047228  0.0026041
-0.0046764  0.0025185
-0.0046729  0.0023665
-0.0047620  0.0023278
-0.0045203  0.0020952
-0.0040998  0.0020472
-0.0037938  0.0021309
-0.0031947  0.0022097
-0.0028527  0.0023177
-0.0024994  0.0024172
-0.0020769  0.0021386
-0.0016261  0.0022551
-0.0014392  0.0020335
-0.0011543  0.0012905
-0.0010323  0.0008363
-0.0009869  0.0001247
-0.0010647 -0.0005845
-0.0011588 -0.0009511
-0.0014259 -0.0012928
-0.0019913 -0.0012337
-0.0024464 -0.0013871
-0.0028586 -0.0014943
-0.0031586 -0.0017287
-0.0035615 -0.0018531
-0.0033431 -0.0021271
-0.0032527 -0.0020506
-0.0031504 -0.0019641
-0.0029907 -0.0020610
-0.0030806 -0.0022180
-0.0031001 -0.0025362
-0.0030874 -0.0026674
-0.0030632 -0.0030760
-0.0029832 -0.0034085
-0.0028320 -0.0034821
-0.0028810 -0.0033632
-0.0025791 -0.0030337
-0.0024578 -0.0027259
-0.0024697 -0.0025246
-0.0025893 -0.0021715
-0.0024803 -0.0020179
-0.0026047 -0.0022963
-0.0025655 -0.0025179
-0.0023671 -0.0027083
-0.0021210 -0.0029498
-0.0018124 -0.0027590
-0.0010637 -0.0026643
-0.0006583 -0.0027138
-0.0003885 -0.0025658
 0.0003419 -0.0026728
 0.0010575 -0.0029004
 0.0015194 -0.0032315
 0.0020564 -0.0033882
 0.0021365 -0.0032984
 0.0021884 -0.0032144
 0.0016745 -0.0032431
 0.0012744 -0.0028211
 0.0007511 -0.0027216
 0.0001223 -0.0023475
-0.0002271 -0.0021533
-0.0003973 -0.0022296
-0.0005063 -0.0024793
-0.0005947 -0.0026661
-0.0002344 -0.0028013
 0.0002501 -0.0029384
 0.0006584 -0.0030503
 0.0012315 -0.0027380
 0.0018119 -0.0025820
 0.0020301 -0.0025207
 0.0025441 -0.0025154
 0.0027445 -0.0022026
 0.0028792 -0.0020241
 0.0027173 -0.0019882
 0.0024968 -0.0017318
 0.0023765 -0.0017044
 0.0021272 -0.0012577
 0.0021898 -0.0006004
 0.0020109 -0.0003125
 0.0018798  0.0000632
 0.0014694  0.0001601
 0.0011676  0.0003717
 0.0007812  0.0003042
 0.0005201  0.0004502
 0.0003261  0.0007461
 0.0002016  0.0011206
 0.0000183  0.0014363
-0.0001780  0.0018871
-0.0006512  0.0021647
-0.0010351  0.0023815
-0.0016343  0.0018768
-0.0021352  0.0015279
-0.0023674  0.0005621
-0.0025632 -0.0003328
-0.0027096 -0.0011030
-0.0026743 -0.0015123
-0.0024558 -0.0017144
-0.0025687 -0.0016419
-0.0024978 -0.0012619
-0.0028290 -0.0007962
-0.0029495 -0.0004403
-0.0028298 -0.0002864
-0.0023689 -0.0000478
-0.0020800  0.0000479
-0.0013148  0.0006521
-0.0009867  0.0012191
-0.0009926  0.0014774
-0.0012089  0.0017233
-0.0016437  0.0018869
-0.0021248  0.0015639
-0.0025523  0.0014003
-0.0028202  0.0014080
-0.0030935  0.0010749
-0.0027269  0.0006851
-0.0024851  0.0004725
-0.0021221  0.0003175
-0.0015163  0.0002139
-0.0010944  0.0000589
-0.0011259  0.0000720
-0.0010110  0.0000109
-0.0011570  0.0000937
-0.0010708  0.0001397
-0.0009757  0.0001202
-0.0010697 -0.0003732
-0.0009389 -0.0001067
-0.0006916 -0.0001072
-0.0004214  0.0003662
-0.0002481  0.0007447
-0.0001278  0.0009390
-0.0001310  0.0012692
 0.0000465  0.0013304
 0.0000929  0.0017172
 0.0000659  0.0019381
-0.0000855  0.0021917
-0.0004770  0.0025639
-0.0010222  0.0028130
-0.0017799  0.0028489
-0.0024555  0.0028298
-0.0030158  0.0026105
-0.0030477  0.0022611
-0.0027344  0.0016797
-0.0024772  0.0015193
-0.0018470  0.0012936
-0.0013750  0.0011781
-0.0012090  0.0011932
-0.0010998  0.0010951
-0.0009007  0.0011558
-0.0006142  0.0010347
-0.0006646  0.0007603
-0.0002219  0.0006678
 0.0001434  0.0006169
 0.0005086  0.0003246
 0.0008397  0.0001702
 0.0010610 -0.0002265
 0.0014903 -0.0003705
 0.0015232 -0.0006270
 0.0017107 -0.0008552
 0.0018564 -0.0011119
 0.0020262 -0.0014745
 0.0023797 -0.0017670
 0.0028198 -0.0019616
 0.0030778 -0.0024820
 0.0037102 -0.0024921
 0.0045270 -0.0024865
 0.0050186 -0.0025110
 0.0055485 -0.0020931
 0.0059298 -0.0021173
 0.0062147 -0.0016430
 0.0062355 -0.0013969
 0.0061429 -0.0010442
 0.0059998 -0.0006241
 0.0058919 -0.0000862
 0.0055055  0.0000953
 0.0050620  0.0003097
 0.0047640  0.0004634
 0.0045194  0.0004523
 0.0043842  0.0006513
 0.0042890  0.0008178
 0.0037787  0.0005949
 0.0034002  0.0007295
 0.0032867  0.0004109
 0.0026890  0.0002073
 0.0024410  0.0001245
 0.0024929  0.0000068
 0.0021975 -0.0001499
 0.0024391 -0.0000736
 0.0025804 -0.0002142
 0.0027800 -0.0002770
 0.0032092 -0.0002429
 0.0034765 -0.0004423
 0.0039376 -0.0003133
 0.0045347 -0.0001096
 0.0047863  0.0000828
 0.0054765  0.0004851
 0.0051987  0.0011337
 0.0054856  0.0014083
 0.0051313  0.0018088
 0.0050430  0.0020338
 0.0050031  0.0019830
 0.0049338  0.0021963
 0.0050042  0.0021022
 0.0050684  0.0018674
 0.0047936  0.0018970
 0.0047389  0.0018348
 0.0046690  0.0016136
 0.0044526  0.0017633
 0.0037587  0.0016031
 0.0034307  0.0014339
 0.0029785  0.0013776
 0.0022957  0.0012268
 0.0019588  0.0008287
 0.0016223  0.0009367
 0.0018649  0.0008150
 0.0018130  0.0007113
 0.0017116  0.0005191
 0.0016280  0.0004462
 0.0016027  0.0000954
 0.0013209 -0.0000560
 0.0011422  0.0001570
 0.0006125  0.0004316
 0.0007762  0.0007992
 0.0006113  0.0011480
 0.0005545  0.0013798
 0.0004972  0.0014686
 0.0004621  0.0014991
-0.0002067  0.0011836
-0.0005038  0.0009918
-0.0007707  0.0007932
-0.0012811  0.0005793
-0.0014735  0.0003653
-0.0015782  0.0002901
-0.0018415  0.0000547
-0.0021657  0.0002203
-0.0023195  0.0000042
-0.0029550 -0.0002245
-0.0034456 -0.0003708
-0.0039466 -0.0006699
-0.0043149 -0.0012893
-0.0048803 -0.0016603
-0.0052835 -0.0019374
-0.0057056 -0.0021286
-0.0057462 -0.0020636
-0.0061703 -0.0017590
-0.0065264 -0.0013767
-0.0066256 -0.0005145
-0.0071377  0.0002314
-0.0073794  0.0008231
-0.0075534  0.0011079
-0.0073885  0.0007500
-0.0071864  0.0004958
-0.0066880 -0.0003226
-0.0060931 -0.0011880
-0.0055728 -0.0019287
-0.0046256 -0.0026195
-0.0042043 -0.0034817
-0.0037453 -0.0038362
-0.0033644 -0.0045533
-0.0036339 -0.0050987
-0.0037772 -0.0052590
-0.0038333 -0.0054180
-0.0042239 -0.0054053
-0.0042990 -0.0048861
-0.0042310 -0.0048946
-0.0040275 -0.0044815
-0.0038185 -0.0042397
-0.0034051 -0.0040991
-0.0031140 -0.0040876
-0.0026921 -0.0039469
-0.0022927 -0.0037020
-0.0018775 -0.0037383
-0.0018470 -0.0036071
-0.0014414 -0.0036848
-0.0010659 -0.0037619
-0.0010437 -0.0038256
-0.0008745 -0.0042524
-0.0005823 -0.0043931
-0.0002236 -0.0046485
-0.0001156 -0.0050751
 0.0002212 -0.0052291
 0.0001892 -0.0052856
 0.0001511 -0.0052923
 0.0000419 -0.0053641
-0.0000478 -0.0051091
-0.0003001 -0.0051248
-0.0008442 -0.0053845
-0.0010267 -0.0056362
-0.0013775 -0.0060422
-0.0017096 -0.0064314
-0.0019823 -0.0066933
-0.0026016 -0.0070795
-0.0027532 -0.0070946
-0.0028122 -0.0070294
-0.0030510 -0.0065918
-0.0028727 -0.0060651
-0.0028645 -0.0057530
-0.0030179 -0.0055508
-0.0029490 -0.0056675
-0.0027046 -0.0056479
-0.0025273 -0.0059111
-0.0022420 -0.0061169
-0.0015078 -0.0062374
-0.0010045 -0.0067720
-0.0002622 -0.0069882
 0.0005270 -0.0070095
 0.0012907 -0.0073377
 0.0021182 -0.0074282
 0.0028785 -0.0073624
 0.0033418 -0.0071666
 0.0040211 -0.0072591
 0.0045680 -0.0073705
 0.0052267 -0.0072622
 0.0058847 -0.0075458
 0.0065725 -0.0076262
 0.0069522 -0.0075053
 0.0072403 -0.0068643
 0.0073865 -0.0063122
 0.0071880 -0.0052659
 0.0070306 -0.0046445
 0.0065554 -0.0040285
 0.0058037 -0.0035380
 0.0049835 -0.0032969
 0.0046060 -0.0031942
 0.0041005 -0.0031104
 0.0038789 -0.0030840
 0.0036501 -0.0032849
 0.0035522 -0.0032259
 0.0033607 -0.0032544
 0.0032193 -0.0031795
 0.0031583 -0.0029322
 0.0031157 -0.0028490
 0.0032558 -0.0026195
 0.0033579 -0.0023995
 0.0033406 -0.0020829
 0.0029600 -0.0019297
 0.0027802 -0.0016538
 0.0025628 -0.0015369
 0.0021681 -0.0013542
 0.0018100 -0.0010740
 0.0014844 -0.0007944
 0.0015875 -0.0007822
 0.0015661 -0.0003696
 0.0019628 -0.0005349
 0.0021069 -0.0001367
 0.0025837  0.0001249
 0.0028597  0.0000839
 0.0031901  0.0001818
 0.0034097 -0.0000871
 0.0038237 -0.0006162
 0.0043570 -0.0011048
 0.0049212 -0.0014275
 0.0051715 -0.0019831
 0.0052058 -0.0022520
 0.0052786 -0.0025289
 0.0050170 -0.0028838
 0.0051421 -0.0024419
 0.0049287 -0.0019600
 0.0050568 -0.0018722
 0.0049823 -0.0011858
 0.0049167 -0.0006440
 0.0048252  0.0000160
 0.0046702  0.0005940
 0.0046007  0.0012426
 0.0041702  0.0017499
 0.0038883  0.0021628
 0.0034957  0.0024799
 0.0030679  0.0021735
 0.0026270  0.0020768
 0.0025513  0.0013500
 0.0025723  0.0000245
 0.0029811 -0.0008956
 0.0036465 -0.0015967
 0.0043982 -0.0019032
 0.0051776 -0.0019558
 0.0059312 -0.0017782
 0.0060032 -0.0015533
 0.0064982 -0.0012397
 0.0062323 -0.0012159
 0.0061026 -0.0007629
 0.0061957 -0.0004261
 0.0059976 -0.0001865
 0.0059646  0.0002247
 0.0060502  0.0005318
 0.0058788  0.0006670
 0.0055935  0.0006785
 0.0055154  0.0004882
 0.0048278 -0.0001049
 0.0043835 -0.0006875
 0.0039979 -0.0012223
 0.0032651 -0.0014910
 0.0027741 -0.0015721
 0.0019652 -0.0014072
 0.0011680 -0.0012129
 0.0004608 -0.0010403
-0.0003208 -0.0009713
-0.0010690 -0.0008282
-0.0012051 -0.0006632
-0.0010349 -0.0004466
-0.0007634  0.0001532
-0.0003864  0.0009270
 0.0002057  0.0016352
 0.0003018  0.0022132
 0.0006430  0.0029283
 0.0003596  0.0033052
 0.0001919  0.0039403
-0.0001291  0.0041517
-0.0002897  0.0044018
-0.0006026  0.0044676
-0.0008862  0.0043596
-0.0013596  0.0039245
-0.0018168  0.0033264
-0.0023487  0.0027861
-0.0028798  0.0021991
-0.0034200  0.0017374
-0.0038841  0.0014097
-0.0046871  0.0010221
-0.0049916  0.0009906
-0.0047336  0.0008398
-0.0044766  0.0007598
-0.0038361  0.0006774
-0.0029773  0.0007396
-0.0022796  0.0007577
-0.0020097  0.0007957
-0.0016058  0.0008837
-0.0013895  0.0008771
-0.0014127  0.0010418
-0.0014420  0.0010511
-0.0016757  0.0010892
-0.0017232  0.0013965
-0.0015813  0.0013737
-0.0013243  0.0011700
-0.0012979  0.0009390
-0.0010681  0.0006873
-0.0008663  0.0000728
-0.0002346 -0.0002178
 0.0001772 -0.0004118
 0.0006581 -0.0005787
 0.0011297 -0.0005903
 0.0013047 -0.0006971
 0.0010502 -0.0010314
 0.0011889 -0.0012570
 0.0008699 -0.0019246
 0.0010936 -0.0024448
 0.0011030 -0.0030371
 0.0012215 -0.0033512
 0.0014236 -0.0034392
 0.0018727 -0.0034683
 0.0023869 -0.0033302
 0.0028901 -0.0031231
 0.0033268 -0.0026905
 0.0037206 -0.0017058
 0.0036348 -0.0007957
 0.0036948  0.0002490
 0.0032771  0.0010342
 0.0025888  0.0015357
 0.0020724  0.0020387
 0.0013046  0.0023144
