[PARAMETERS]
DW=1E-007
TAU=0.0001
TD=4096
BS=4096
NS=128
NSC=128
FR=56.050000
GAIN=4.974204
D0=0.05
D1=5E-006
D2=6E-006
D3=2.5E-005
D4=1E-005
D5=0.199999999999988
D6=0.001
D7=0.001
D8=0.001
D9=0.05
C0=1
SEGTD=0
SEGOFF=0
SEGNUM=0
[ADDITIONAL]
PPFILE=ZG_two_T2.PC
DATEWR=26.09.2024
TIMEWR=15:44:57
DATESTA=26.09.2024
TIMESTA=15:44:48
DATEEND=26.09.2024
TIMEEND=15:44:57
CURR_Z0=0
CURR_Z1=1
TE=-1
[VARIABLES]
_USER=Measurements
_EMAIL_F=7NMR.NMR-270-ijs.si
_ITC_H=1
_ITC_R0= 50.00
_ITC_R1= 49.99
_ITC_R2= 53.10
_ITC_R3=  0.00
_ITC_R4= -0.01
_ITC_V=  0.00
_ITC_X=X0A1C1S00H1
_FW=100
_ORIENT=?
_THETA=0
_TITLE=?
_DESCR1=?
_DESCR2=?
_FR_LARM=56.05000000
_FR_SYNT=526.05000000
_TRIMLEV=1.8310546875
_DATE=26.09.2024
_TIME=15:34:47
[PPFILE]
; pi/2 - pi


DELAY D9
PULSE [GT] 3u
PULSE [PHL1,GT] D1
DELAY TAU-3u
PULSE [GT] 3u
PULSE [PHL2,GT] 2*D1
DELAY TAU-D3
PULSE [TR] 1u+DW
DELAY 1m
STOP

;PHL 1 [+X] [+X] [+Y] [+Y] [-X] [-X] [-Y] [-Y]
;PHL 2 [+Y] [-Y] [-X] [+X] [-Y] [+Y] [+X] [-X]
;!RLS +X+X+Y+Y-X-X-Y-Y

PHL 1 [+X] [+X] [-X] [-X] [+Y] [+Y] [-Y] [-Y] [+X] [+X] [-X] [-X] [+Y] [+Y] [-Y] [-Y]
PHL 2 [+Y] [-Y] [-Y] [+Y] [-X] [+X] [+X] [-X] [+X] [-X] [-X] [+X] [-Y] [+Y] [+Y] [-Y]
!RLS +X+X-X-X+Y+Y-Y-Y-X-X+X+X-Y-Y+Y+Y
[DATA]
-0.0004027 -0.0012202
-0.0003026 -0.0009315
-0.0000131 -0.0003352
-0.0003930 -0.0002415
-0.0006425  0.0001033
-0.0005291  0.0004683
-0.0007225  0.0005248
-0.0006280  0.0005466
-0.0010136  0.0007582
-0.0008210  0.0007065
-0.0007859  0.0005903
-0.0009001  0.0009411
-0.0008392  0.0011935
-0.0008581  0.0007748
-0.0010293  0.0008334
-0.0009094  0.0006436
-0.0006772  0.0004131
-0.0002121  0.0003416
-0.0001915  0.0002859
 0.0004783  0.0003049
 0.0004061  0.0006517
 0.0002890  0.0010971
-0.0000744  0.0015186
-0.0002645  0.0018444
-0.0009331  0.0021194
-0.0015783  0.0025970
-0.0018387  0.0028288
-0.0026986  0.0027553
-0.0034035  0.0029834
-0.0034927  0.0026015
-0.0034144  0.0024642
-0.0037216  0.0021929
-0.0033183  0.0020168
-0.0033001  0.0018420
-0.0034342  0.0017757
-0.0033373  0.0016215
-0.0037011  0.0017547
-0.0040826  0.0020797
-0.0044290  0.0017535
-0.0044278  0.0014293
-0.0044068  0.0016982
-0.0040394  0.0015690
-0.0035762  0.0016510
-0.0035532  0.0021900
-0.0035092  0.0022284
-0.0030848  0.0025905
-0.0033715  0.0027573
-0.0032241  0.0028501
-0.0032310  0.0027734
-0.0032949  0.0028856
-0.0037782  0.0026781
-0.0040511  0.0025841
-0.0045081  0.0025283
-0.0044702  0.0019365
-0.0044835  0.0017257
-0.0044019  0.0016280
-0.0042040  0.0008968
-0.0038786  0.0007789
-0.0035843  0.0005443
-0.0032419  0.0002552
-0.0029512 -0.0000743
-0.0027029 -0.0006169
-0.0018017 -0.0007922
-0.0018792 -0.0011039
-0.0014351 -0.0010312
-0.0015692 -0.0009796
-0.0019705 -0.0006615
-0.0023124 -0.0004919
-0.0029302 -0.0007249
-0.0029512 -0.0005323
-0.0033586 -0.0010858
-0.0035346 -0.0013087
-0.0032867 -0.0014015
-0.0033255 -0.0014717
-0.0035036 -0.0018855
-0.0038835 -0.0021520
-0.0037882 -0.0024144
-0.0039836 -0.0032607
-0.0038504 -0.0037976
-0.0032783 -0.0044654
-0.0029368 -0.0047351
-0.0025920 -0.0050271
-0.0019795 -0.0052721
-0.0016884 -0.0055616
-0.0015886 -0.0055241
-0.0012426 -0.0055406
-0.0010678 -0.0055979
-0.0013108 -0.0057501
-0.0016721 -0.0055757
-0.0015873 -0.0052499
-0.0015243 -0.0049645
-0.0013499 -0.0048147
-0.0012110 -0.0042628
-0.0008666 -0.0041510
-0.0007915 -0.0044227
-0.0004661 -0.0040832
-0.0001786 -0.0041409
 0.0000362 -0.0038732
 0.0000552 -0.0038187
 0.0001896 -0.0038151
 0.0005563 -0.0040618
 0.0003608 -0.0037170
 0.0004149 -0.0035781
 0.0006987 -0.0037278
 0.0007334 -0.0034973
 0.0007645 -0.0033221
 0.0006466 -0.0029910
 0.0009542 -0.0028969
 0.0013729 -0.0024144
 0.0015663 -0.0022432
 0.0019499 -0.0018052
 0.0017516 -0.0012327
 0.0018226 -0.0007344
 0.0013979 -0.0003937
 0.0011972 -0.0005447
 0.0008867 -0.0007950
 0.0012468 -0.0009997
 0.0016049 -0.0015948
 0.0019323 -0.0016307
 0.0021386 -0.0017450
 0.0030406 -0.0014394
 0.0033103 -0.0010736
 0.0032356 -0.0003060
 0.0036830 -0.0001010
 0.0039143  0.0004352
 0.0037880  0.0001421
 0.0035991  0.0007921
 0.0032175  0.0007876
 0.0026091  0.0009160
 0.0025530  0.0009309
 0.0022582  0.0007759
 0.0018327  0.0005824
 0.0018496  0.0004686
 0.0019372  0.0005122
 0.0020316  0.0002260
 0.0016622  0.0004581
 0.0022004  0.0008482
 0.0021572  0.0008906
 0.0021164  0.0012738
 0.0027713  0.0011187
 0.0029759  0.0014260
 0.0030308  0.0013121
 0.0030506  0.0011203
 0.0033554  0.0014070
 0.0032016  0.0008841
 0.0033014  0.0005026
 0.0034774  0.0001574
 0.0031399  0.0002692
 0.0032788  0.0002127
 0.0029579  0.0001731
 0.0030952 -0.0003267
 0.0030774 -0.0005944
 0.0033645 -0.0006869
 0.0033253 -0.0005169
 0.0035720 -0.0005722
 0.0039127 -0.0002657
 0.0040802 -0.0002649
 0.0042329  0.0000823
 0.0042708  0.0001380
 0.0044812  0.0003492
 0.0051126  0.0006762
 0.0053234  0.0008886
 0.0058393  0.0008874
 0.0064732  0.0011353
 0.0065233  0.0014780
 0.0064474  0.0017412
 0.0060989  0.0022185
 0.0057848  0.0029823
 0.0054008  0.0034979
 0.0050923  0.0035762
 0.0046337  0.0040034
 0.0041548  0.0041783
 0.0037741  0.0037027
 0.0034701  0.0032134
 0.0032036  0.0029877
 0.0028811  0.0025529
 0.0022686  0.0021936
 0.0018051  0.0016962
 0.0018422  0.0011810
 0.0019944  0.0006836
 0.0015931  0.0004135
 0.0020933 -0.0003936
 0.0020736 -0.0005644
 0.0019977 -0.0003734
 0.0024753 -0.0004860
 0.0024955 -0.0003871
 0.0024196 -0.0001953
 0.0027644  0.0000223
 0.0024604  0.0001947
 0.0026001  0.0002186
 0.0027023 -0.0000915
 0.0027814  0.0002957
 0.0031525  0.0000651
 0.0031698  0.0004063
 0.0031533  0.0005968
 0.0029450  0.0009780
 0.0028889  0.0013938
 0.0029478  0.0020644
 0.0031796  0.0026777
 0.0028538  0.0031553
 0.0029927  0.0038255
 0.0033577  0.0042854
 0.0033597  0.0046867
 0.0034937  0.0049907
 0.0035482  0.0049520
 0.0036237  0.0051405
 0.0040452  0.0051381
 0.0038490  0.0052136
 0.0043072  0.0054994
 0.0043601  0.0060921
 0.0046451  0.0062661
 0.0045264  0.0065960
 0.0041973  0.0070942
 0.0043326  0.0076155
 0.0044477  0.0078065
 0.0044876  0.0080568
 0.0042761  0.0088219
 0.0042967  0.0092817
 0.0045458  0.0094174
 0.0046996  0.0099782
 0.0049310  0.0102706
 0.0055237  0.0108508
 0.0062928  0.0113522
 0.0069804  0.0118129
 0.0076498  0.0126782
 0.0082962  0.0132761
 0.0087919  0.0138898
 0.0092267  0.0143921
 0.0092675  0.0150086
 0.0097448  0.0151956
 0.0102672  0.0156187
 0.0105010  0.0159021
 0.0109460  0.0166260
 0.0112746  0.0165266
 0.0118556  0.0168307
 0.0119727  0.0173297
 0.0124734  0.0173616
 0.0132211  0.0176939
 0.0135280  0.0181909
 0.0146613  0.0183810
 0.0155051  0.0190323
 0.0164039  0.0201668
 0.0178214  0.0204353
 0.0185902  0.0213187
 0.0194130  0.0218751
 0.0207736  0.0223971
 0.0219635  0.0231045
 0.0229421  0.0235470
 0.0241679  0.0237194
 0.0253404  0.0240634
 0.0262048  0.0240638
 0.0269566  0.0239104
 0.0277452  0.0240646
 0.0289734  0.0236257
 0.0301983  0.0230496
 0.0320386  0.0230916
 0.0336483  0.0228639
 0.0356800  0.0229657
 0.0371181  0.0235059
 0.0388123  0.0238552
 0.0398261  0.0239933
 0.0410906  0.0243175
 0.0423277  0.0242262
 0.0433250  0.0238225
 0.0443465  0.0238790
 0.0458638  0.0236489
 0.0468457  0.0237054
 0.0482826  0.0238750
 0.0496816  0.0242610
 0.0507891  0.0247951
 0.0518029  0.0252525
 0.0534316  0.0255210
 0.0545968  0.0259801
 0.0565142  0.0262647
 0.0582373  0.0263996
 0.0603465  0.0266079
 0.0624759  0.0265279
 0.0645075  0.0264302
 0.0666728  0.0262880
 0.0687238  0.0266478
 0.0711015  0.0269352
 0.0730779  0.0271221
 0.0753945  0.0272735
 0.0776353  0.0273729
 0.0796323  0.0279143
 0.0817980  0.0280726
 0.0839846  0.0283859
 0.0858657  0.0288858
 0.0881675  0.0291943
 0.0898592  0.0296186
 0.0916046  0.0298261
 0.0936217  0.0303380
 0.0957672  0.0303715
 0.0976673  0.0305960
 0.0997922  0.0303808
 0.1018238  0.0299734
 0.1039665  0.0298530
 0.1061524  0.0296814
 0.1084335  0.0292736
 0.1102302  0.0291161
 0.1125493  0.0289231
 0.1145595  0.0283841
 0.1168572  0.0283086
 0.1192943  0.0277939
 0.1219380  0.0274680
 0.1247719  0.0274297
 0.1274192  0.0270078
 0.1299887  0.0263896
 0.1326118  0.0262115
 0.1352749  0.0253883
 0.1375524  0.0248069
 0.1399474  0.0240224
 0.1423614  0.0231006
 0.1446644  0.0222758
 0.1469670  0.0214332
 0.1490390  0.0206132
 0.1507642  0.0199409
 0.1524733  0.0188650
 0.1542369  0.0176602
 0.1556379  0.0167739
 0.1568289  0.0151222
 0.1579602  0.0138520
 0.1590136  0.0125091
 0.1603601  0.0111057
 0.1616242  0.0099562
 0.1625625  0.0093974
 0.1635569  0.0080582
 0.1639183  0.0070561
 0.1644524  0.0061145
 0.1646285  0.0048294
 0.1650455  0.0030404
 0.1652026  0.0019066
 0.1659338  0.0005977
 0.1663965 -0.0008882
 0.1672181 -0.0017922
 0.1678302 -0.0025625
 0.1682678 -0.0035432
 0.1686312 -0.0041957
 0.1686824 -0.0049232
 0.1682981 -0.0057457
 0.1680837 -0.0068180
 0.1673739 -0.0078689
 0.1665494 -0.0092094
 0.1654157 -0.0105874
 0.1644996 -0.0121002
 0.1634285 -0.0138028
 0.1623364 -0.0155090
 0.1612095 -0.0169043
 0.1604440 -0.0177449
 0.1595614 -0.0184935
 0.1588149 -0.0189166
 0.1579081 -0.0193010
 0.1574070 -0.0196429
 0.1562927 -0.0202142
 0.1550402 -0.0204427
 0.1539267 -0.0212627
 0.1528704 -0.0220641
 0.1514182 -0.0227900
 0.1504609 -0.0233036
 0.1492772 -0.0239104
 0.1478612 -0.0244453
 0.1465596 -0.0250748
 0.1453338 -0.0254934
 0.1440668 -0.0257752
 0.1429553 -0.0262730
 0.1417259 -0.0263828
 0.1403790 -0.0261329
 0.1390204 -0.0263981
 0.1372754 -0.0256484
 0.1356083 -0.0255341
 0.1338250 -0.0260893
 0.1317594 -0.0267066
 0.1295933 -0.0272403
 0.1277341 -0.0279691
 0.1257985 -0.0288941
 0.1241650 -0.0294311
 0.1223077 -0.0303157
 0.1205220 -0.0306646
 0.1191411 -0.0311269
 0.1178560 -0.0317834
 0.1159192 -0.0320911
 0.1144270 -0.0322832
 0.1128152 -0.0327221
 0.1106290 -0.0332958
 0.1087467 -0.0336184
 0.1068842 -0.0342829
 0.1046732 -0.0347985
 0.1026626 -0.0353100
 0.1007048 -0.0358809
 0.0987264 -0.0362051
 0.0966015 -0.0365095
 0.0945291 -0.0365256
 0.0922645 -0.0367748
 0.0899817 -0.0370222
 0.0880070 -0.0368708
 0.0861832 -0.0365087
 0.0843821 -0.0362588
 0.0829242 -0.0357432
 0.0812781 -0.0351327
 0.0801484 -0.0348639
 0.0786764 -0.0346745
 0.0769900 -0.0344856
 0.0752676 -0.0345586
 0.0735073 -0.0348259
 0.0718830 -0.0347116
 0.0697751 -0.0349063
 0.0678605 -0.0349805
 0.0658132 -0.0345623
 0.0641291 -0.0347755
 0.0621895 -0.0344109
 0.0604074 -0.0339898
 0.0587149 -0.0340834
 0.0568495 -0.0343350
 0.0552374 -0.0342728
 0.0537011 -0.0341747
 0.0520510 -0.0344464
 0.0505151 -0.0342167
 0.0488436 -0.0343725
 0.0474640 -0.0344355
 0.0460222 -0.0347852
 0.0447758 -0.0348078
 0.0439159 -0.0343884
 0.0426122 -0.0338138
 0.0414651 -0.0327225
 0.0405470 -0.0315714
 0.0392244 -0.0299019
 0.0378266 -0.0287165
 0.0363117 -0.0273906
 0.0346834 -0.0262569
 0.0329195 -0.0255067
 0.0310029 -0.0249443
 0.0292975 -0.0251699
 0.0279999 -0.0251655
 0.0265993 -0.0249886
 0.0251648 -0.0248182
 0.0243048 -0.0245332
 0.0232324 -0.0243826
 0.0223495 -0.0237730
 0.0219614 -0.0233741
 0.0214463 -0.0230677
 0.0208467 -0.0225517
 0.0202495 -0.0217046
 0.0197117 -0.0208220
 0.0190031 -0.0202253
 0.0181787 -0.0192433
 0.0173898 -0.0180127
 0.0167014 -0.0173941
 0.0154316 -0.0168580
 0.0147989 -0.0165132
 0.0138396 -0.0164756
 0.0133059 -0.0167227
 0.0128060 -0.0170138
 0.0124451 -0.0173098
 0.0123878 -0.0169889
 0.0120785 -0.0171249
 0.0120195 -0.0168011
 0.0116755 -0.0163800
 0.0114825 -0.0163619
 0.0110178 -0.0160175
 0.0109007 -0.0156488
 0.0109778 -0.0156702
 0.0107852 -0.0151910
 0.0103625 -0.0147529
 0.0102321 -0.0142543
 0.0099661 -0.0132623
 0.0093730 -0.0124189
 0.0092034 -0.0114435
 0.0091259 -0.0106412
 0.0085728 -0.0100251
 0.0087290 -0.0095261
 0.0087545 -0.0092374
 0.0088163 -0.0090601
 0.0087299 -0.0090767
 0.0086359 -0.0087335
 0.0091176 -0.0088639
 0.0087574 -0.0089789
 0.0087376 -0.0089394
 0.0086452 -0.0090685
 0.0087078 -0.0089902
 0.0087296 -0.0093366
 0.0088706 -0.0090867
 0.0092699 -0.0092595
 0.0096163 -0.0089951
 0.0097656 -0.0087884
 0.0100131 -0.0089814
 0.0099901 -0.0086192
 0.0097910 -0.0084081
 0.0090998 -0.0082143
 0.0088495 -0.0078897
 0.0082144 -0.0076397
 0.0076374 -0.0070991
 0.0068517 -0.0074080
 0.0061601 -0.0070458
 0.0056231 -0.0070240
 0.0049666 -0.0068000
 0.0043315 -0.0064419
 0.0039802 -0.0064055
 0.0038607 -0.0058686
 0.0036236 -0.0057551
 0.0034266 -0.0053179
 0.0034992 -0.0047223
 0.0037673 -0.0044159
 0.0038065 -0.0038987
 0.0042829 -0.0027880
 0.0042845 -0.0019260
 0.0042341 -0.0012328
 0.0044646 -0.0010030
 0.0048559 -0.0009873
 0.0052225 -0.0010459
 0.0053626 -0.0012417
 0.0058439 -0.0016669
 0.0059626 -0.0018470
 0.0063854 -0.0023460
 0.0062743 -0.0028689
 0.0060470 -0.0029064
 0.0060152 -0.0033227
 0.0057483 -0.0034006
 0.0052662 -0.0033792
 0.0051350 -0.0039331
 0.0050353 -0.0040667
 0.0049166 -0.0044713
 0.0050098 -0.0043514
 0.0046020 -0.0043332
 0.0047712 -0.0047147
 0.0045963 -0.0049226
 0.0043028 -0.0047882
 0.0043932 -0.0044248
 0.0044666 -0.0044418
 0.0040580 -0.0038083
 0.0040544 -0.0029055
 0.0039159 -0.0019825
 0.0035509 -0.0015061
 0.0030333 -0.0013478
 0.0025956 -0.0010975
 0.0022323 -0.0014084
 0.0024305 -0.0017920
 0.0027180 -0.0025018
 0.0024669 -0.0028466
 0.0030591 -0.0030936
 0.0036135 -0.0035329
 0.0040507 -0.0033411
 0.0046220 -0.0031283
 0.0052595 -0.0027007
 0.0055680 -0.0019352
 0.0056439 -0.0011088
 0.0057428 -0.0007975
 0.0057849 -0.0001607
 0.0057465 -0.0000775
 0.0060570 -0.0001494
 0.0058269 -0.0002039
 0.0060199 -0.0005228
 0.0060058 -0.0010367
 0.0056585 -0.0012281
 0.0060268 -0.0019218
 0.0060469 -0.0026852
 0.0060498 -0.0029412
 0.0062424 -0.0031875
 0.0064160 -0.0034584
 0.0065294 -0.0036522
 0.0061273 -0.0036688
 0.0058209 -0.0036680
 0.0051086 -0.0031475
 0.0044893 -0.0027970
 0.0035049 -0.0024861
 0.0025827 -0.0017941
 0.0021192 -0.0017901
 0.0016363 -0.0015950
 0.0012099 -0.0014432
 0.0013807 -0.0014457
 0.0010512 -0.0007379
 0.0008921 -0.0002462
 0.0007746  0.0001386
 0.0002158  0.0006303
-0.0002440  0.0012424
-0.0006676  0.0017963
-0.0012611  0.0019049
-0.0015824  0.0018880
-0.0020197  0.0020571
-0.0025538  0.0019360
-0.0025893  0.0014926
-0.0028740  0.0013388
-0.0025485  0.0014712
-0.0022170  0.0009726
-0.0025763  0.0007029
-0.0023652  0.0005289
-0.0025594  0.0004509
-0.0030027  0.0001437
-0.0028303  0.0001820
-0.0027779  0.0002418
-0.0028352  0.0002410
-0.0026454  0.0002794
-0.0023002  0.0002640
-0.0026450  0.0000508
-0.0025522 -0.0003154
-0.0024190 -0.0009989
-0.0023641 -0.0015581
-0.0017722 -0.0021669
-0.0013148 -0.0026627
-0.0009348 -0.0029094
-0.0005315 -0.0032525
-0.0004152 -0.0031286
-0.0003736 -0.0032618
-0.0004640 -0.0034709
-0.0009974 -0.0035662
-0.0013373 -0.0036243
-0.0014503 -0.0040830
-0.0019271 -0.0044880
-0.0022707 -0.0045881
-0.0023276 -0.0044940
-0.0023833 -0.0052434
-0.0023632 -0.0051930
-0.0024633 -0.0053997
-0.0024625 -0.0056900
-0.0026583 -0.0059060
-0.0026987 -0.0062920
-0.0028328 -0.0067123
-0.0032159 -0.0067523
-0.0031578 -0.0066554
-0.0028250 -0.0063085
-0.0029151 -0.0058870
-0.0027782 -0.0054106
-0.0021963 -0.0048345
-0.0015568 -0.0042442
-0.0009822 -0.0036309
-0.0008849 -0.0035167
-0.0005038 -0.0032119
-0.0000036 -0.0030370
 0.0001858 -0.0031117
 0.0001838 -0.0027253
 0.0002427 -0.0023809
-0.0001380 -0.0024923
-0.0002571 -0.0021080
-0.0005413 -0.0019727
-0.0010032 -0.0018758
-0.0006754 -0.0017389
-0.0007121 -0.0018318
-0.0007166 -0.0014300
-0.0004316 -0.0012713
-0.0005652 -0.0010004
-0.0007784 -0.0008260
-0.0006250 -0.0004791
-0.0008333 -0.0008191
-0.0012168 -0.0007779
-0.0012750 -0.0006600
-0.0016392 -0.0007351
-0.0017518 -0.0002389
-0.0017889  0.0001076
-0.0018822  0.0002375
-0.0021305  0.0006752
-0.0025504  0.0008197
-0.0028605  0.0004312
-0.0030151  0.0006928
-0.0028621  0.0004360
-0.0026562  0.0003920
-0.0025056  0.0005975
-0.0020680  0.0005538
-0.0018766  0.0007254
-0.0018605  0.0007807
-0.0015342  0.0002821
-0.0014741 -0.0002743
-0.0013033 -0.0006974
-0.0012035 -0.0011617
-0.0010501 -0.0017149
-0.0010654 -0.0020802
-0.0010816 -0.0021759
-0.0012120 -0.0024404
-0.0012463 -0.0025344
-0.0014925 -0.0024396
-0.0013403 -0.0023576
-0.0016863 -0.0022607
-0.0014603 -0.0024133
-0.0013868 -0.0022578
-0.0012766 -0.0020463
-0.0012205 -0.0019873
-0.0013190 -0.0019449
-0.0016860 -0.0016578
-0.0018725 -0.0019267
-0.0017946 -0.0017180
-0.0020025 -0.0018169
-0.0017461 -0.0019094
-0.0012269 -0.0018117
-0.0011667 -0.0012932
-0.0005873 -0.0011200
-0.0002603 -0.0002185
-0.0000301  0.0003585
 0.0000704  0.0009108
-0.0000636  0.0015023
-0.0003301  0.0018834
-0.0006926  0.0017090
-0.0007310  0.0015402
-0.0009991  0.0015604
-0.0012853  0.0013715
-0.0011113  0.0015302
-0.0008638  0.0015710
-0.0010572  0.0016691
-0.0005582  0.0016873
-0.0002509  0.0014571
 0.0002049  0.0010925
 0.0006433  0.0008789
 0.0011193  0.0005535
 0.0021141  0.0005890
 0.0029111  0.0007065
 0.0033096  0.0004748
 0.0033059  0.0003383
 0.0039563  0.0005551
 0.0035142  0.0004764
 0.0031876  0.0000024
 0.0028828 -0.0000941
 0.0016013 -0.0002685
 0.0014717 -0.0004566
 0.0008225 -0.0000957
 0.0001341 -0.0002370
-0.0003435 -0.0001850
-0.0004412  0.0001541
-0.0009637 -0.0000203
-0.0010037  0.0000330
-0.0011026  0.0005082
-0.0013170  0.0006245
-0.0015891  0.0008740
-0.0019686  0.0007759
-0.0017607  0.0007185
-0.0017789  0.0007750
-0.0015818  0.0005433
-0.0009104  0.0004484
-0.0003516  0.0006991
-0.0000076  0.0008736
 0.0006658  0.0007844
 0.0005088  0.0009802
 0.0004704  0.0011938
 0.0008144  0.0008523
 0.0010421  0.0010263
 0.0007732  0.0011765
 0.0008681  0.0013715
 0.0009569  0.0011946
 0.0007275  0.0013626
 0.0009524  0.0013848
 0.0011228  0.0015172
 0.0009661  0.0015713
 0.0009055  0.0015955
 0.0012673  0.0018830
 0.0015402  0.0019444
 0.0013489  0.0021225
 0.0016791  0.0024471
 0.0022057  0.0022404
 0.0022626  0.0023579
 0.0017127  0.0017640
 0.0016962  0.0014955
 0.0014850  0.0009528
 0.0012343  0.0008127
 0.0006412  0.0004905
 0.0003868  0.0003573
-0.0001708  0.0003734
-0.0005011  0.0002826
-0.0008140  0.0001522
-0.0009674 -0.0002677
-0.0016425 -0.0007808
-0.0018759 -0.0008325
-0.0023580 -0.0010287
-0.0023810 -0.0011781
-0.0021917 -0.0014684
-0.0025005 -0.0014894
-0.0022155 -0.0013533
-0.0022728 -0.0011648
-0.0020980 -0.0013202
-0.0018881 -0.0015859
-0.0015937 -0.0012799
-0.0014774 -0.0015467
-0.0010139 -0.0017397
-0.0009162 -0.0018774
-0.0009913 -0.0017805
-0.0008011 -0.0016032
-0.0003578 -0.0017559
-0.0006477 -0.0015560
-0.0003780 -0.0016633
-0.0002807 -0.0017562
-0.0002996 -0.0014279
 0.0002955 -0.0011913
-0.0000791 -0.0012308
-0.0000380 -0.0009430
 0.0000424 -0.0011892
-0.0002781 -0.0013625
 0.0000695 -0.0011295
-0.0000064 -0.0010524
-0.0000027 -0.0015328
 0.0002843 -0.0012248
 0.0003247 -0.0013176
-0.0004057 -0.0014137
-0.0004210 -0.0015280
-0.0006116 -0.0015614
-0.0010512 -0.0016979
-0.0011816 -0.0019628
-0.0013496 -0.0020374
-0.0012874 -0.0022898
-0.0012078 -0.0021772
-0.0014739 -0.0024703
-0.0017803 -0.0023993
-0.0022236 -0.0026319
-0.0025111 -0.0026743
-0.0025680 -0.0029282
-0.0024001 -0.0031980
-0.0020945 -0.0033522
-0.0017844 -0.0035852
-0.0014037 -0.0034907
-0.0012902 -0.0031290
-0.0012474 -0.0029957
-0.0013871 -0.0022863
-0.0020928 -0.0019068
-0.0021502 -0.0012358
-0.0020545 -0.0008151
-0.0021477 -0.0004550
-0.0019580 -0.0002987
-0.0014577 -0.0005854
-0.0013233 -0.0005709
-0.0009195  0.0000869
-0.0009373  0.0000860
-0.0010548  0.0006743
-0.0016568  0.0006957
-0.0019302  0.0005786
-0.0024963  0.0000969
-0.0026001 -0.0002232
-0.0028359 -0.0007945
-0.0030701 -0.0014615
-0.0028444 -0.0017211
-0.0026918 -0.0021183
-0.0030568 -0.0020993
-0.0026934 -0.0019233
-0.0024592 -0.0016996
-0.0023797 -0.0013177
-0.0022614 -0.0011555
-0.0022036 -0.0008176
-0.0020123 -0.0005547
-0.0018956 -0.0006726
-0.0016271 -0.0004664
-0.0016634 -0.0009411
-0.0012972 -0.0008450
-0.0006391 -0.0009960
-0.0005026 -0.0011701
 0.0003086 -0.0012593
 0.0009017 -0.0012241
 0.0014439 -0.0012807
 0.0020193 -0.0011607
 0.0024820 -0.0011030
 0.0023891 -0.0005693
 0.0023322  0.0002374
 0.0019890  0.0006577
 0.0017169  0.0015177
 0.0016175  0.0019412
 0.0010789  0.0019751
 0.0011120  0.0019408
 0.0011649  0.0023083
 0.0011204  0.0020002
 0.0013284  0.0017354
 0.0017405  0.0015646
 0.0017373  0.0011063
 0.0020187  0.0007062
 0.0023408  0.0003651
 0.0025157  0.0003994
 0.0026307  0.0004426
 0.0025153  0.0004361
 0.0024236  0.0006436
 0.0021939  0.0006800
 0.0018136  0.0003266
 0.0014720  0.0002862
 0.0013755 -0.0002305
 0.0011438 -0.0003690
 0.0012952 -0.0006347
 0.0017897 -0.0006064
 0.0021289 -0.0006795
 0.0022451 -0.0005797
 0.0025706 -0.0000750
 0.0020360  0.0003453
 0.0019783  0.0007664
 0.0020005  0.0011290
 0.0015406  0.0010070
 0.0016008  0.0010243
 0.0015790  0.0009634
 0.0015076  0.0008232
 0.0016247  0.0008842
 0.0021233  0.0006190
 0.0021471  0.0005649
 0.0026453  0.0005548
 0.0029708  0.0008456
 0.0030738  0.0006009
 0.0030584  0.0001839
 0.0029103  0.0001851
 0.0025695 -0.0000842
 0.0022623 -0.0003136
 0.0016886 -0.0004129
 0.0010741  0.0000643
 0.0010696 -0.0000871
 0.0003586  0.0000821
 0.0000457 -0.0002090
-0.0003969 -0.0007052
-0.0003177 -0.0010908
-0.0001841 -0.0013242
 0.0004445 -0.0016319
 0.0003832 -0.0012907
 0.0012290 -0.0014466
 0.0016255 -0.0009746
 0.0016795 -0.0003420
 0.0018289 -0.0001139
 0.0017849  0.0000028
 0.0016880  0.0002164
 0.0013815  0.0004482
 0.0014187  0.0008156
 0.0014372  0.0010651
 0.0014397  0.0010688
 0.0017102  0.0010106
 0.0014841  0.0009505
 0.0017542  0.0007752
 0.0017385  0.0004647
 0.0013210  0.0003832
 0.0016703 -0.0000997
 0.0018867 -0.0002725
 0.0017931 -0.0004474
 0.0027710 -0.0003299
 0.0030374  0.0000690
 0.0032110  0.0002592
 0.0035114  0.0006597
 0.0035102  0.0011595
 0.0032570  0.0014445
 0.0032744  0.0016182
 0.0032740  0.0014861
 0.0029328  0.0014086
 0.0028210  0.0009908
 0.0023640  0.0005701
 0.0024649  0.0005693
 0.0023511 -0.0001538
 0.0020640 -0.0001922
 0.0019695 -0.0001704
 0.0017362  0.0000085
 0.0012541  0.0001373
 0.0008144  0.0003719
 0.0006775  0.0005084
 0.0003860  0.0009880
 0.0003089  0.0013381
 0.0001744  0.0016119
 0.0002661  0.0019958
-0.0003142  0.0020762
-0.0001821  0.0019050
-0.0004926  0.0020802
-0.0006097  0.0019103
-0.0004398  0.0019511
-0.0006493  0.0017815
-0.0008790  0.0018772
-0.0009170  0.0019337
-0.0014112  0.0020092
-0.0017135  0.0018530
-0.0027528  0.0017718
-0.0028860  0.0018828
-0.0033673  0.0016918
-0.0039822  0.0020140
-0.0042903  0.0021105
-0.0044243  0.0021472
-0.0044845  0.0022986
-0.0046722  0.0023152
-0.0044425  0.0020095
-0.0041195  0.0025437
-0.0039661  0.0023705
-0.0035660  0.0023531
-0.0031069  0.0026248
-0.0027266  0.0022611
-0.0020043  0.0025716
-0.0017383  0.0025934
-0.0016253  0.0024469
-0.0012070  0.0025078
-0.0010891  0.0018772
-0.0011658  0.0016120
-0.0012183  0.0012700
-0.0010987  0.0007338
-0.0008258  0.0005461
-0.0008399  0.0005808
-0.0009747  0.0003850
-0.0009533  0.0004027
-0.0010353  0.0006337
-0.0014225  0.0005347
-0.0015800  0.0006664
-0.0018328  0.0007814
-0.0022539  0.0006078
-0.0023508  0.0004701
-0.0022547  0.0001192
-0.0027533  0.0001733
-0.0024259 -0.0002127
-0.0023657 -0.0005991
-0.0024949 -0.0011530
-0.0025098 -0.0016355
-0.0020999 -0.0019242
-0.0022448 -0.0018681
-0.0020139 -0.0017942
-0.0022799 -0.0017579
-0.0023550 -0.0012936
-0.0023385 -0.0014337
-0.0028008 -0.0014002
-0.0025694 -0.0014579
-0.0024160 -0.0017668
-0.0022259 -0.0016740
-0.0020119 -0.0017491
-0.0017244 -0.0018472
-0.0014914 -0.0014067
-0.0011805 -0.0011898
-0.0010069 -0.0007078
-0.0015423  0.0003860
-0.0015414  0.0006957
-0.0018656  0.0007349
-0.0019621  0.0012355
-0.0018689  0.0012173
-0.0018887  0.0007623
-0.0018528  0.0006824
-0.0015237  0.0003747
-0.0015261  0.0007256
-0.0014260  0.0009323
-0.0009282  0.0010829
-0.0010420  0.0015750
-0.0009645  0.0015145
-0.0007343  0.0012786
-0.0005684  0.0012197
-0.0006282  0.0008729
-0.0001571  0.0008167
-0.0000097  0.0009875
-0.0001797  0.0009084
 0.0004110  0.0008151
-0.0001107  0.0009855
-0.0003566  0.0008490
-0.0001454  0.0003742
-0.0001801  0.0007013
 0.0000335  0.0003775
 0.0006698  0.0005297
 0.0009605  0.0004481
 0.0014047  0.0004061
 0.0017438  0.0009015
 0.0017252  0.0016068
 0.0018980  0.0014150
 0.0017760  0.0015680
 0.0013541  0.0014336
 0.0013735  0.0018600
 0.0010804  0.0017094
 0.0008111  0.0017687
 0.0005999  0.0017922
 0.0001913  0.0016602
 0.0003096  0.0015830
 0.0002878  0.0016238
 0.0003467  0.0014139
-0.0000889  0.0013941
-0.0005302  0.0013537
-0.0008560  0.0009867
-0.0014842  0.0009867
-0.0020402  0.0008151
-0.0021548  0.0003169
-0.0021116 -0.0000840
-0.0019376 -0.0001183
-0.0016820 -0.0006739
-0.0014486 -0.0010227
-0.0016388 -0.0011374
-0.0013497 -0.0012751
-0.0016565 -0.0019675
-0.0015992 -0.0015299
-0.0014090 -0.0016453
-0.0012588 -0.0011281
-0.0011079 -0.0007220
-0.0011503 -0.0003594
-0.0006525  0.0003512
-0.0005007  0.0006452
-0.0001151  0.0004921
 0.0001704  0.0005148
 0.0003658  0.0001336
 0.0010001  0.0000767
 0.0009823  0.0001159
 0.0013675 -0.0000186
 0.0016566 -0.0004586
 0.0018657 -0.0003262
 0.0019461 -0.0006537
 0.0021387 -0.0008075
 0.0025235 -0.0002721
 0.0031178  0.0003969
 0.0028328  0.0009698
 0.0027359  0.0015802
 0.0027536  0.0023671
 0.0023466  0.0027696
 0.0023446  0.0028661
 0.0021088  0.0027713
 0.0019909  0.0022383
 0.0019662  0.0019545
 0.0021551  0.0019227
 0.0021749  0.0019025
 0.0025193  0.0020010
 0.0028637  0.0023648
 0.0029029  0.0024532
 0.0035355  0.0026821
 0.0033470  0.0029292
 0.0036539  0.0034455
 0.0039087  0.0037532
 0.0036818  0.0042470
 0.0036874  0.0047278
 0.0033616  0.0048611
 0.0028250  0.0054384
 0.0027108  0.0057049
 0.0025533  0.0059581
 0.0023599  0.0061115
 0.0018811  0.0060182
 0.0018944  0.0059609
 0.0013892  0.0058128
 0.0016008  0.0053549
 0.0014797  0.0051260
 0.0013819  0.0050703
 0.0015919  0.0051313
 0.0019779  0.0050933
 0.0019795  0.0050166
 0.0021753  0.0049787
 0.0022161  0.0048620
 0.0019315  0.0043985
 0.0015483  0.0042979
 0.0013412  0.0039147
 0.0007631  0.0038715
 0.0009149  0.0037762
 0.0010646  0.0042947
 0.0012181  0.0042183
 0.0012164  0.0043334
 0.0016165  0.0042567
 0.0013852  0.0039115
 0.0020311  0.0040851
 0.0019532  0.0036467
 0.0018163  0.0035356
 0.0019120  0.0035018
 0.0019904  0.0033681
 0.0015523  0.0035401
 0.0015168  0.0035038
 0.0014982  0.0032300
 0.0014280  0.0028626
 0.0013170  0.0024176
 0.0013017  0.0023167
 0.0013594  0.0022173
 0.0008196  0.0021551
 0.0006080  0.0020037
-0.0001264  0.0015269
-0.0003400  0.0014712
-0.0007962  0.0008257
-0.0009150  0.0011386
-0.0006214  0.0007591
-0.0009415  0.0005298
-0.0007481  0.0008976
-0.0009145  0.0011310
-0.0009483  0.0011891
-0.0006923  0.0014952
-0.0011110  0.0018182
-0.0012789  0.0021964
-0.0016617  0.0025739
-0.0020242  0.0025835
-0.0024317  0.0022121
-0.0034887  0.0022488
-0.0039518  0.0019779
-0.0044884  0.0013807
-0.0042772  0.0008070
-0.0043156  0.0008300
-0.0038867  0.0006447
-0.0031560  0.0007239
-0.0023274  0.0010732
-0.0017109  0.0013828
-0.0011921  0.0013481
-0.0003664  0.0015960
-0.0000378  0.0017499
 0.0002134  0.0017131
 0.0001350  0.0018048
 0.0007100  0.0018233
 0.0009373  0.0019194
 0.0012590  0.0021851
 0.0019470  0.0023236
 0.0026342  0.0027483
 0.0028017  0.0028585
 0.0029192  0.0030927
 0.0026107  0.0030935
 0.0018234  0.0031662
 0.0010321  0.0029328
-0.0000484  0.0026046
-0.0008212  0.0021641
-0.0011866  0.0014906
-0.0020139  0.0010073
-0.0021496  0.0003981
-0.0023558  0.0000355
-0.0027572 -0.0003666
-0.0031779 -0.0007498
-0.0032723 -0.0006516
-0.0029869 -0.0004772
-0.0024689 -0.0001457
-0.0016452 -0.0001041
-0.0009355  0.0001426
-0.0001902  0.0007417
-0.0000363  0.0006820
 0.0002854  0.0007212
 0.0003181  0.0007623
 0.0003944  0.0005540
 0.0001053  0.0002641
-0.0004180  0.0002976
-0.0006873  0.0001656
-0.0013014  0.0001377
-0.0022013  0.0003856
-0.0024117  0.0004595
-0.0030189  0.0003638
-0.0030403  0.0004764
-0.0030980  0.0006694
-0.0030217  0.0004998
-0.0025691  0.0008087
-0.0023394  0.0007389
-0.0020148  0.0006699
-0.0014588  0.0010188
-0.0010167  0.0007358
-0.0007232  0.0006599
-0.0003009  0.0006070
-0.0001983  0.0006405
 0.0000606  0.0005068
-0.0001288  0.0007486
-0.0004542  0.0005322
-0.0004324  0.0006032
-0.0000880  0.0005633
-0.0001486  0.0004623
 0.0000638  0.0003674
 0.0003109  0.0003121
 0.0007922  0.0001583
 0.0006791 -0.0005321
 0.0007958 -0.0009359
 0.0002593 -0.0009548
 0.0000324 -0.0014200
-0.0006036 -0.0018976
-0.0010424 -0.0020498
-0.0011954 -0.0022379
-0.0010981 -0.0024014
-0.0010933 -0.0025165
-0.0002676 -0.0023170
 0.0000813 -0.0024692
 0.0004673 -0.0023323
 0.0009679 -0.0018176
 0.0013297 -0.0015111
 0.0013874 -0.0014191
 0.0011726 -0.0007142
 0.0012242 -0.0002563
 0.0007434 -0.0003557
 0.0003223 -0.0000319
 0.0002023 -0.0003020
-0.0001235 -0.0006735
 0.0000255 -0.0008273
 0.0001975 -0.0014810
 0.0005419 -0.0020559
 0.0011366 -0.0019429
 0.0015783 -0.0016962
 0.0023466 -0.0023280
 0.0029244 -0.0020951
 0.0033483 -0.0018839
 0.0033120 -0.0020171
 0.0033124 -0.0019202
 0.0032971 -0.0024007
 0.0029717 -0.0024980
 0.0032777 -0.0029575
 0.0030665 -0.0032264
 0.0034703 -0.0036475
 0.0035991 -0.0037052
 0.0039669 -0.0043036
 0.0041950 -0.0039753
 0.0045406 -0.0040763
 0.0043072 -0.0044280
 0.0043189 -0.0043319
 0.0043205 -0.0046969
 0.0043742 -0.0047146
 0.0038130 -0.0043286
 0.0036151 -0.0045164
 0.0028666 -0.0043770
 0.0024608 -0.0037787
 0.0020352 -0.0035651
 0.0015164 -0.0032550
 0.0013250 -0.0030995
 0.0008870 -0.0026401
 0.0008268 -0.0027515
 0.0005958 -0.0023683
 0.0006160 -0.0024285
 0.0007133 -0.0024846
 0.0012128 -0.0020647
 0.0017332 -0.0018725
 0.0016937 -0.0017979
 0.0018091 -0.0012807
 0.0019242 -0.0009738
 0.0018632 -0.0008814
 0.0019387 -0.0005713
 0.0017069 -0.0004986
 0.0016492 -0.0005709
 0.0016096 -0.0002455
 0.0016294 -0.0003791
 0.0020154 -0.0004356
 0.0020122 -0.0002055
 0.0022601 -0.0002245
 0.0027607 -0.0002212
 0.0033930  0.0003174
 0.0039910  0.0006053
 0.0041468  0.0006820
 0.0042082  0.0009368
 0.0041125  0.0010934
 0.0039417  0.0009808
 0.0042300  0.0009663
 0.0039842  0.0006256
 0.0037116  0.0010503
 0.0039454  0.0010903
 0.0035635  0.0012235
 0.0030652  0.0011642
 0.0025670  0.0013923
 0.0020506  0.0013878
 0.0018629  0.0013636
 0.0017074  0.0010522
 0.0016748  0.0007636
 0.0015997  0.0011076
 0.0013712  0.0007979
 0.0013571  0.0009537
 0.0009013  0.0008790
 0.0009465  0.0006073
 0.0011016  0.0006787
 0.0011597  0.0005629
 0.0014278  0.0001906
 0.0020952  0.0003621
 0.0019934  0.0005192
 0.0024108  0.0004978
 0.0021012  0.0011325
 0.0025614  0.0013655
 0.0022562  0.0017127
 0.0020797  0.0021346
 0.0017204  0.0020616
 0.0010268  0.0019296
 0.0008536  0.0017027
 0.0004930  0.0010353
 0.0001495  0.0006183
 0.0000946  0.0001737
-0.0001703 -0.0002845
-0.0001691 -0.0006693
-0.0001666 -0.0005546
-0.0002607 -0.0008425
-0.0005477 -0.0008433
-0.0002401 -0.0006536
-0.0002821 -0.0007970
-0.0003806 -0.0004356
-0.0002829 -0.0003262
-0.0000585 -0.0000045
-0.0002357 -0.0001042
-0.0001437 -0.0001801
-0.0004752 -0.0001401
-0.0007824 -0.0004870
-0.0007885 -0.0007332
-0.0010385 -0.0010203
-0.0014426 -0.0013808
-0.0015601 -0.0015593
-0.0014471 -0.0021536
-0.0013134 -0.0019804
-0.0008572 -0.0018492
-0.0008968 -0.0020648
-0.0004737 -0.0019522
-0.0003990 -0.0017786
-0.0006852 -0.0017612
-0.0006473 -0.0021250
-0.0005891 -0.0020640
-0.0007583 -0.0025420
-0.0003537 -0.0025227
-0.0001276 -0.0025529
 0.0002317 -0.0022085
 0.0001501 -0.0018245
 0.0003341 -0.0012670
-0.0001269 -0.0008253
-0.0000143  0.0000590
-0.0003022  0.0008875
-0.0010685  0.0007885
-0.0008739  0.0015363
-0.0013289  0.0014208
-0.0014992  0.0013974
-0.0013821  0.0014373
-0.0012089  0.0011688
-0.0013393  0.0008265
-0.0011665  0.0007340
-0.0004523  0.0008136
-0.0001834  0.0007454
 0.0004291  0.0006699
 0.0008527  0.0010769
 0.0010416  0.0013285
 0.0011748  0.0011956
 0.0012293  0.0010406
 0.0011122  0.0007156
 0.0010920  0.0004713
 0.0007109 -0.0000075
 0.0007170 -0.0005635
 0.0007231 -0.0007553
 0.0007679 -0.0009268
 0.0009484 -0.0009886
 0.0015662 -0.0010488
 0.0019724 -0.0006475
 0.0022223 -0.0003063
 0.0027658 -0.0004283
 0.0030165 -0.0000912
 0.0032656  0.0002144
 0.0029229  0.0003795
 0.0028102  0.0006472
 0.0026007  0.0006447
 0.0022951  0.0005091
 0.0021973  0.0004934
 0.0024061  0.0005737
 0.0026160  0.0006516
 0.0029963  0.0007675
 0.0033056  0.0012306
 0.0035923  0.0015181
 0.0038801  0.0018064
 0.0038236  0.0020143
 0.0034392  0.0017821
 0.0032301  0.0015459
 0.0031708  0.0011389
 0.0027299  0.0006895
 0.0026572 -0.0003922
 0.0026176 -0.0006268
 0.0022196 -0.0011327
 0.0021659 -0.0016725
 0.0017436 -0.0022446
 0.0015704 -0.0022458
 0.0016842 -0.0022232
 0.0019276 -0.0020649
 0.0017512 -0.0019070
 0.0018642 -0.0016712
 0.0022437 -0.0015299
 0.0023184 -0.0014144
 0.0022958 -0.0016445
 0.0024698 -0.0015699
 0.0026595 -0.0018016
 0.0024508 -0.0017314
 0.0019110 -0.0020048
 0.0012747 -0.0021796
 0.0012109 -0.0021017
 0.0009589 -0.0023302
 0.0007877 -0.0027460
 0.0008628 -0.0024751
 0.0009791 -0.0023543
 0.0008277 -0.0024839
 0.0007130 -0.0020591
 0.0005600 -0.0024447
 0.0002378 -0.0024060
 0.0001042 -0.0021968
-0.0000448 -0.0025626
-0.0002910 -0.0026608
-0.0003282 -0.0023927
-0.0009217 -0.0025094
-0.0012305 -0.0020091
-0.0010069 -0.0016651
-0.0012976 -0.0014729
-0.0010344 -0.0011633
-0.0005774 -0.0009525
-0.0004038 -0.0009331
-0.0004025 -0.0004357
-0.0003601 -0.0004349
-0.0003569 -0.0005875
-0.0005317 -0.0002266
-0.0007053 -0.0003412
-0.0002499 -0.0003566
-0.0002931 -0.0007014
-0.0003917 -0.0008152
-0.0004510 -0.0012545
-0.0002572 -0.0010998
-0.0003735 -0.0009646
-0.0004066 -0.0007530
-0.0000186 -0.0004833
-0.0002071 -0.0000779
-0.0001667  0.0002108
 0.0000869  0.0005225
-0.0001461  0.0004805
-0.0003165  0.0005035
-0.0001635  0.0005625
-0.0002588  0.0003723
-0.0001421 -0.0001873
 0.0001850 -0.0001457
 0.0004373 -0.0007986
 0.0001684 -0.0008798
 0.0003808 -0.0006121
 0.0002480 -0.0004207
 0.0005528 -0.0001183
 0.0005512  0.0000319
 0.0008774  0.0004715
 0.0010486  0.0010626
 0.0011035  0.0014639
 0.0013893  0.0012536
 0.0013263  0.0011203
 0.0013029  0.0007974
 0.0010695  0.0000908
 0.0009714 -0.0005176
 0.0010255 -0.0010134
 0.0008527 -0.0009916
 0.0012221 -0.0009722
 0.0015673 -0.0007957
 0.0017046 -0.0004901
 0.0015710  0.0004688
 0.0017846  0.0008935
 0.0015524  0.0013526
 0.0011676  0.0017406
 0.0013198  0.0021831
 0.0014749  0.0022029
 0.0015851  0.0026624
 0.0020264  0.0023111
 0.0020974  0.0023701
 0.0021515  0.0018464
 0.0018757  0.0015346
 0.0016593  0.0012629
 0.0015624  0.0005705
 0.0010185  0.0002051
 0.0006325 -0.0000255
 0.0004770 -0.0003711
-0.0000830 -0.0003896
-0.0003749 -0.0003921
-0.0003031  0.0002196
-0.0005308  0.0001449
-0.0009378  0.0005454
-0.0011118  0.0003952
-0.0013968  0.0005160
-0.0014735  0.0003480
-0.0014731  0.0002786
-0.0014731  0.0003421
-0.0011461 -0.0000605
-0.0013177 -0.0001364
-0.0010137 -0.0002127
-0.0010157  0.0000142
-0.0007682  0.0000728
-0.0001703  0.0003376
-0.0001654  0.0005310
 0.0002037  0.0004200
 0.0002489  0.0007280
 0.0002179  0.0011524
 0.0004714  0.0016135
 0.0001335  0.0017633
 0.0001194  0.0019942
-0.0001640  0.0019716
-0.0005092  0.0021173
-0.0006977  0.0017131
-0.0011633  0.0015577
-0.0011071  0.0014608
-0.0014507  0.0012319
-0.0014544  0.0011164
-0.0012214  0.0011757
-0.0009699  0.0013130
-0.0011241  0.0017345
-0.0009093  0.0023107
-0.0010054  0.0027144
-0.0009117  0.0029462
-0.0007760  0.0033681
-0.0007914  0.0033310
-0.0007138  0.0029825
-0.0008455  0.0027306
-0.0009940  0.0020814
-0.0012370  0.0014216
-0.0011175  0.0009795
-0.0008454  0.0005184
-0.0003637  0.0004013
 0.0000607  0.0007215
 0.0005936  0.0009718
 0.0008976  0.0010646
 0.0009517  0.0009875
 0.0009868  0.0008357
 0.0003860  0.0009891
 0.0001526  0.0008377
-0.0002536  0.0001736
-0.0005431 -0.0000924
-0.0009844 -0.0007404
-0.0010437 -0.0015427
-0.0006598 -0.0017328
-0.0003545 -0.0019787
-0.0002395 -0.0020909
 0.0000246 -0.0014554
-0.0000921 -0.0009560
-0.0002052 -0.0006661
-0.0007603  0.0003473
-0.0014301  0.0006740
-0.0019897  0.0008863
-0.0019142  0.0012889
-0.0021819  0.0013656
-0.0017184  0.0014056
-0.0013954  0.0013297
-0.0011463  0.0011766
-0.0007842  0.0008161
-0.0005557  0.0001047
-0.0001523 -0.0003136
 0.0003496 -0.0007557
 0.0003512 -0.0011045
 0.0005487 -0.0013424
 0.0008749 -0.0008308
 0.0010271 -0.0002616
 0.0011813  0.0001922
 0.0010255  0.0008394
 0.0008308  0.0009318
 0.0009265  0.0013150
 0.0008292  0.0011789
 0.0011962  0.0011393
 0.0011389  0.0015213
 0.0012952  0.0012548
 0.0017220  0.0011958
 0.0019360  0.0008325
 0.0021124  0.0006233
 0.0022505  0.0006443
 0.0025384  0.0007421
 0.0024403  0.0006859
 0.0020753  0.0006237
 0.0019557  0.0003157
 0.0017232 -0.0000481
 0.0017159 -0.0008189
 0.0017348 -0.0016054
 0.0018693 -0.0021835
 0.0016928 -0.0022054
 0.0017134 -0.0024157
 0.0016928 -0.0023774
 0.0015406 -0.0020717
 0.0012754 -0.0014374
 0.0006447 -0.0015158
 0.0006452 -0.0011883
 0.0001465 -0.0009210
-0.0002342 -0.0008972
-0.0000981 -0.0006856
-0.0002491 -0.0009323
-0.0002430 -0.0009517
 0.0001389 -0.0010813
 0.0005055 -0.0017160
 0.0006375 -0.0015831
 0.0008495 -0.0018520
 0.0012710 -0.0022191
 0.0012682 -0.0020087
 0.0016869 -0.0023535
 0.0017446 -0.0021428
 0.0016444 -0.0017172
 0.0016650 -0.0018694
 0.0016061 -0.0016409
 0.0017244 -0.0015222
 0.0013643 -0.0016776
 0.0014608 -0.0015032
 0.0016546 -0.0015444
 0.0017519 -0.0016756
 0.0017701 -0.0016788
 0.0018476 -0.0011588
 0.0024637 -0.0010841
 0.0023095 -0.0004131
 0.0022889  0.0000060
 0.0020442  0.0005442
 0.0017927  0.0012128
 0.0013926  0.0018055
 0.0011257  0.0023219
 0.0014528  0.0026836
 0.0016288  0.0029715
 0.0015529  0.0031225
 0.0016102  0.0032339
 0.0020733  0.0033324
 0.0017306  0.0032214
 0.0019062  0.0033579
 0.0017573  0.0029961
 0.0017791  0.0026393
 0.0020682  0.0025254
 0.0020145  0.0025266
 0.0024623  0.0023179
 0.0026391  0.0024697
 0.0024308  0.0023679
 0.0018963  0.0027285
 0.0017647  0.0029186
 0.0016068  0.0031306
 0.0010080  0.0030357
 0.0004867  0.0028464
 0.0004064  0.0026001
 0.0003297  0.0026211
 0.0005788  0.0023130
 0.0008097  0.0021435
 0.0011145  0.0020792
 0.0014610  0.0017280
 0.0015922  0.0018402
 0.0020847  0.0012826
 0.0023455  0.0010310
 0.0026067  0.0009317
 0.0026975  0.0007799
 0.0025594  0.0006035
 0.0025000  0.0004908
 0.0019416  0.0007973
 0.0021169  0.0007779
 0.0016389  0.0008942
 0.0017333  0.0013924
 0.0021330  0.0014679
 0.0021104  0.0021046
 0.0022271  0.0028762
 0.0025174  0.0031132
 0.0029393  0.0032913
 0.0026773  0.0033886
 0.0026269  0.0032001
 0.0023390  0.0029691
 0.0018400  0.0030640
 0.0013042  0.0021830
 0.0013817  0.0020910
 0.0007462  0.0019194
 0.0008039  0.0014616
 0.0010716  0.0011612
 0.0009558  0.0013385
 0.0008209  0.0013607
 0.0004753  0.0017859
-0.0000807  0.0018799
-0.0003080  0.0018977
-0.0008870  0.0020806
-0.0009451  0.0024254
-0.0013860  0.0023062
-0.0016392  0.0026284
-0.0015992  0.0026070
-0.0016210  0.0021895
-0.0016440  0.0024346
-0.0016081  0.0024556
-0.0016925  0.0024197
-0.0014503  0.0024580
-0.0013785  0.0023107
-0.0012299  0.0024323
-0.0010208  0.0024577
-0.0009202  0.0020633
-0.0007426  0.0019898
-0.0007538  0.0017948
-0.0008071  0.0017020
-0.0009548  0.0013551
-0.0009920  0.0012550
-0.0008422  0.0015618
-0.0012088  0.0017112
-0.0010760  0.0022478
-0.0008499  0.0026317
-0.0011410  0.0035107
-0.0016788  0.0040287
-0.0015085  0.0037780
-0.0015085  0.0040254
-0.0012396  0.0041438
-0.0012210  0.0037820
-0.0009880  0.0038567
-0.0006400  0.0041531
-0.0010021  0.0040392
-0.0010917  0.0042528
-0.0013570  0.0038338
-0.0020462  0.0031983
-0.0019295  0.0027004
-0.0016408  0.0020880
-0.0015063  0.0014072
-0.0011026  0.0008851
-0.0005054  0.0001709
-0.0006201  0.0001091
-0.0004630 -0.0003767
-0.0007896 -0.0005491
-0.0008280 -0.0001885
-0.0012326 -0.0000363
-0.0013840 -0.0000375
-0.0017498  0.0003242
-0.0018083  0.0004586
-0.0020590  0.0005184
-0.0021539  0.0008067
-0.0022520  0.0007716
-0.0027684  0.0006436
-0.0021721  0.0009562
-0.0024180  0.0007927
-0.0024377  0.0008755
-0.0021511  0.0009316
-0.0015955  0.0008787
-0.0012140  0.0004580
-0.0011962  0.0004738
-0.0006823  0.0000914
-0.0007194  0.0000692
-0.0007206  0.0002169
-0.0008684 -0.0004306
-0.0012132 -0.0004512
-0.0014001 -0.0004145
-0.0019916 -0.0009515
-0.0025076 -0.0009111
-0.0029335 -0.0009293
-0.0036272 -0.0015874
-0.0040758 -0.0018192
-0.0041586 -0.0019593
-0.0045664 -0.0022323
-0.0046690 -0.0026530
-0.0046137 -0.0032291
-0.0045398 -0.0034713
-0.0044978 -0.0039865
-0.0041828 -0.0046563
-0.0036236 -0.0051109
-0.0030648 -0.0053043
-0.0028488 -0.0060940
-0.0022512 -0.0060012
-0.0020397 -0.0061393
-0.0018475 -0.0062794
-0.0021345 -0.0058801
-0.0018717 -0.0055555
-0.0023130 -0.0056161
-0.0028331 -0.0048740
-0.0031020 -0.0045288
-0.0032538 -0.0039002
-0.0034431 -0.0030197
-0.0034617 -0.0023490
-0.0029384 -0.0020042
-0.0026719 -0.0014875
-0.0025213 -0.0017043
-0.0024095 -0.0014944
-0.0021451 -0.0014052
-0.0021290 -0.0012340
-0.0019925 -0.0014621
-0.0019982 -0.0010624
-0.0025339 -0.0006768
-0.0026490 -0.0003284
-0.0032029 -0.0004608
-0.0034896 -0.0003606
-0.0036963 -0.0007999
-0.0034649 -0.0009352
-0.0035776 -0.0012032
-0.0032889 -0.0018949
-0.0030426 -0.0021844
-0.0025089 -0.0023366
-0.0022618 -0.0025090
-0.0020357 -0.0027258
-0.0021330 -0.0025155
-0.0018872 -0.0023067
-0.0018863 -0.0023463
-0.0015819 -0.0017681
-0.0016235 -0.0010551
-0.0014305 -0.0005387
-0.0011104 -0.0003271
-0.0009772 -0.0005730
-0.0001717 -0.0003598
 0.0000795 -0.0003970
 0.0000613 -0.0003800
 0.0003314 -0.0002835
 0.0005079 -0.0005581
 0.0004732 -0.0004499
 0.0009371 -0.0002242
 0.0009932  0.0001008
 0.0010897  0.0003866
 0.0010328  0.0005223
 0.0009738  0.0004823
 0.0007259  0.0008097
 0.0007667  0.0004052
 0.0008075  0.0000394
 0.0008479  0.0000163
 0.0006561 -0.0002562
 0.0009048 -0.0003802
 0.0008273 -0.0000532
 0.0008624 -0.0000597
 0.0009173  0.0000179
 0.0009294  0.0003453
 0.0009475  0.0002916
 0.0011571  0.0005654
 0.0009867  0.0008557
 0.0012007  0.0012635
 0.0015124  0.0013269
 0.0015351  0.0016152
 0.0016166  0.0019435
 0.0018520  0.0025761
 0.0018755  0.0025398
 0.0017620  0.0026557
 0.0015900  0.0025378
 0.0016102  0.0024372
 0.0019324  0.0018433
 0.0016449  0.0015344
 0.0017778  0.0015510
 0.0018908  0.0014343
 0.0018117  0.0017646
 0.0018537  0.0017856
 0.0016813  0.0020379
 0.0018743  0.0025011
 0.0013954  0.0025629
 0.0013546  0.0028313
 0.0006448  0.0031931
 0.0005076  0.0032435
 0.0002548  0.0035714
 0.0003270  0.0037393
 0.0005523  0.0038879
 0.0008216  0.0041915
 0.0012019  0.0045758
 0.0012580  0.0049396
 0.0014486  0.0047729
 0.0011797  0.0047196
 0.0011983  0.0047273
 0.0010077  0.0048905
 0.0007755  0.0047419
 0.0005079  0.0046742
 0.0005874  0.0045684
 0.0004723  0.0043197
 0.0004719  0.0042640
 0.0005648  0.0040169
 0.0007348  0.0038078
 0.0007307  0.0041934
 0.0009535  0.0043327
 0.0009515  0.0043561
 0.0005449  0.0044761
 0.0005033  0.0045019
 0.0002130  0.0044499
 0.0000216  0.0044737
-0.0002114  0.0040163
-0.0001165  0.0037696
-0.0005360  0.0032541
-0.0003248  0.0031370
-0.0004584  0.0027134
-0.0004564  0.0028454
-0.0007253  0.0027461
-0.0006688  0.0029803
-0.0006304  0.0032888
-0.0008606  0.0034471
-0.0006676  0.0037172
-0.0004935  0.0041205
-0.0008169  0.0042372
-0.0006990  0.0041617
-0.0007951  0.0042174
-0.0009893  0.0042719
-0.0010628  0.0038698
-0.0012384  0.0037398
-0.0016628  0.0037233
-0.0017928  0.0034564
-0.0019070  0.0033470
-0.0024226  0.0032303
-0.0025142  0.0029792
-0.0024181  0.0029598
-0.0028546  0.0023247
-0.0027560  0.0022431
-0.0025622  0.0015103
-0.0024835  0.0011429
-0.0021552  0.0010988
-0.0018113  0.0007528
-0.0019296  0.0009195
-0.0018730  0.0008040
-0.0014935  0.0013439
-0.0018367  0.0013818
-0.0019752  0.0016915
-0.0022784  0.0017735
-0.0028909  0.0018106
-0.0035405  0.0019467
-0.0041142  0.0018696
-0.0046116  0.0019806
-0.0048192  0.0018780
-0.0046047  0.0014149
-0.0045264  0.0012942
-0.0042212  0.0011985
-0.0034327  0.0008900
-0.0029914  0.0006029
-0.0026526  0.0003744
-0.0022497 -0.0002029
-0.0019082 -0.0005873
-0.0017967 -0.0007993
-0.0017761 -0.0013964
-0.0019910 -0.0012459
-0.0023725 -0.0014191
-0.0022013 -0.0012681
-0.0023184 -0.0012479
-0.0021831 -0.0011877
-0.0019918 -0.0010888
-0.0017802 -0.0011033
-0.0019348 -0.0013492
-0.0022211 -0.0015599
-0.0018153 -0.0016907
-0.0018710 -0.0020529
-0.0019828 -0.0019802
-0.0016174 -0.0019370
-0.0018435 -0.0021365
-0.0016122 -0.0017892
-0.0008479 -0.0014997
-0.0012323 -0.0014667
-0.0012327 -0.0015281
-0.0012008 -0.0015103
-0.0013995 -0.0018204
-0.0018375 -0.0019630
-0.0017067 -0.0022662
-0.0020322 -0.0025779
-0.0026212 -0.0025968
-0.0023757 -0.0027470
-0.0029252 -0.0024624
-0.0032845 -0.0020954
-0.0031670 -0.0016533
-0.0032970 -0.0017328
-0.0033152 -0.0011587
-0.0026247 -0.0009641
-0.0027959 -0.0007759
-0.0022448 -0.0001804
-0.0019533  0.0002419
-0.0019121  0.0001862
-0.0019493  0.0008794
-0.0015847  0.0007636
-0.0017316  0.0009166
-0.0014611  0.0004373
-0.0009612 -0.0000387
-0.0010133 -0.0001372
-0.0002849 -0.0006911
 0.0001455 -0.0010920
 0.0000708 -0.0011679
 0.0005170 -0.0013052
 0.0006365 -0.0012862
 0.0006987 -0.0012144
 0.0008122 -0.0011987
 0.0008509 -0.0010093
 0.0008154 -0.0011268
 0.0010225 -0.0010695
 0.0007173 -0.0016469
 0.0007908 -0.0020292
 0.0009805 -0.0023538
 0.0005973 -0.0029489
 0.0006329 -0.0030059
 0.0004576 -0.0035045
 0.0005154 -0.0037238
 0.0006280 -0.0037238
 0.0007971 -0.0037702
 0.0010079 -0.0035252
 0.0018473 -0.0031069
 0.0017269 -0.0027423
 0.0018404 -0.0023790
 0.0019489 -0.0018614
 0.0015242 -0.0015537
 0.0011200 -0.0015162
 0.0011959 -0.0013236
 0.0008318 -0.0017132
 0.0007171 -0.0020168
 0.0008524 -0.0016522
 0.0008370 -0.0016123
 0.0006453 -0.0013232
 0.0001898 -0.0009719
 0.0001135 -0.0003537
-0.0001323 -0.0001171
-0.0000370  0.0002124
-0.0000927 -0.0000145
-0.0001525 -0.0004801
 0.0004406 -0.0007267
 0.0007466 -0.0014765
 0.0008584 -0.0021132
 0.0016574 -0.0025917
 0.0014059 -0.0029228
 0.0015746 -0.0030766
 0.0018395 -0.0035583
 0.0018168 -0.0036374
 0.0023151 -0.0039826
 0.0024846 -0.0039031
 0.0029082 -0.0043020
 0.0031589 -0.0038578
 0.0036785 -0.0035704
 0.0032352 -0.0035146
 0.0033862 -0.0032651
 0.0031153 -0.0032861
 0.0026505 -0.0035183
 0.0026461 -0.0038066
 0.0026642 -0.0039192
 0.0026053 -0.0040734
 0.0030247 -0.0045147
 0.0032310 -0.0041086
 0.0030974 -0.0042026
 0.0030574 -0.0039547
 0.0032508 -0.0041469
 0.0032141 -0.0036656
 0.0035032 -0.0033176
 0.0032916 -0.0030681
 0.0030066 -0.0027370
 0.0033671 -0.0021418
 0.0031770 -0.0017393
 0.0029642 -0.0012996
 0.0029593 -0.0010093
 0.0030542 -0.0006682
 0.0028951 -0.0002995
 0.0023161  0.0000045
 0.0022430 -0.0002265
 0.0021502  0.0000779
 0.0022652  0.0001732
 0.0024215  0.0000359
 0.0026302  0.0000380
 0.0030921  0.0003068
 0.0028818  0.0005152
 0.0031305  0.0003052
 0.0031317  0.0000945
 0.0030550  0.0002273
 0.0035479  0.0003577
 0.0036259 -0.0000061
 0.0038935 -0.0001248
 0.0042888  0.0004332
 0.0041414  0.0000690
 0.0040211 -0.0002572
 0.0040054 -0.0000065
 0.0039646 -0.0004070
 0.0037740 -0.0008467
 0.0035233 -0.0005200
 0.0030420 -0.0005927
 0.0026956 -0.0004768
 0.0025006 -0.0005894
 0.0024638 -0.0003218
 0.0020003  0.0000626
 0.0022317  0.0000808
 0.0019264  0.0001389
 0.0015049  0.0005007
 0.0014100  0.0005560
 0.0010071  0.0003989
 0.0005117  0.0004925
 0.0003397  0.0005701
-0.0000047  0.0006795
-0.0001383  0.0008664
 0.0001306  0.0008478
-0.0002889  0.0009265
-0.0000596  0.0014243
-0.0001528  0.0007945
 0.0000822  0.0007437
-0.0001241  0.0005152
 0.0000318 -0.0000367
-0.0001988 -0.0003440
-0.0002771 -0.0004574
-0.0001241 -0.0008963
-0.0005072 -0.0011842
-0.0002787 -0.0011442
-0.0000886 -0.0014308
-0.0002787 -0.0015673
 0.0000100 -0.0012528
 0.0003209 -0.0012652
 0.0002878 -0.0014179
 0.0002333 -0.0013742
 0.0002785 -0.0013136
-0.0000061 -0.0011994
-0.0001175 -0.0013104
-0.0000343 -0.0014101
 0.0002193 -0.0014332
 0.0002790 -0.0012636
 0.0003792 -0.0012673
 0.0002480 -0.0006556
 0.0000005 -0.0001372
-0.0006858  0.0001850
-0.0015083  0.0004510
-0.0022035  0.0009315
-0.0025891  0.0006614
-0.0028811  0.0006041
-0.0031149  0.0003537
-0.0027902 -0.0001841
-0.0025642 -0.0004352
-0.0020300 -0.0006092
-0.0016667 -0.0006896
-0.0018233 -0.0004042
-0.0016158 -0.0005213
-0.0021181 -0.0002576
-0.0021972 -0.0001030
-0.0021387 -0.0001583
-0.0024617 -0.0002536
-0.0022299  0.0000371
-0.0021697 -0.0003621
-0.0022230 -0.0000521
-0.0023207 -0.0001412
-0.0027241 -0.0002785
-0.0029369 -0.0004877
-0.0028053 -0.0006378
-0.0029829 -0.0008878
-0.0027718 -0.0015176
-0.0026163 -0.0018034
-0.0024060 -0.0023574
-0.0020394 -0.0027417
-0.0014487 -0.0028548
-0.0009068 -0.0027417
-0.0006049 -0.0028176
-0.0003816 -0.0030894
-0.0003614 -0.0034507
-0.0002649 -0.0036421
-0.0004228 -0.0036611
-0.0004010 -0.0035658
-0.0007417 -0.0034887
-0.0010478 -0.0033381
-0.0011604 -0.0032848
-0.0017551 -0.0030038
-0.0016800 -0.0029712
-0.0018533 -0.0029748
-0.0018718 -0.0026926
-0.0017225 -0.0023866
-0.0017576 -0.0017337
-0.0020075 -0.0012961
-0.0021803 -0.0008887
-0.0021956 -0.0010611
-0.0024052 -0.0008891
-0.0024802 -0.0007381
-0.0026131 -0.0011564
-0.0024827 -0.0007167
-0.0023095 -0.0006961
-0.0021552 -0.0004853
-0.0015807 -0.0000800
-0.0014116  0.0001118
-0.0015989  0.0005539
-0.0014261  0.0006868
-0.0016925  0.0005701
-0.0022057  0.0006241
-0.0021843  0.0004901
-0.0019921  0.0001267
-0.0023489 -0.0004111
-0.0023691 -0.0003743
-0.0021019 -0.0007777
-0.0023090 -0.0012585
-0.0019860 -0.0015654
-0.0016602 -0.0020450
-0.0010481 -0.0023147
-0.0004929 -0.0023725
 0.0000885 -0.0029260
 0.0006093 -0.0025441
 0.0010733 -0.0024282
 0.0013115 -0.0023103
 0.0015065 -0.0021016
 0.0013753 -0.0014301
 0.0012986 -0.0012408
 0.0013927 -0.0006658
 0.0017552 -0.0005120
 0.0018699 -0.0004167
 0.0020592 -0.0000897
 0.0022861 -0.0001664
 0.0020386 -0.0003037
 0.0018654 -0.0001091
 0.0014988 -0.0002868
 0.0012671 -0.0003243
 0.0008996 -0.0003304
 0.0007062 -0.0004120
 0.0003590 -0.0005864
 0.0002807 -0.0004370
-0.0002402 -0.0006733
-0.0007610 -0.0006793
-0.0008257 -0.0012147
-0.0014628 -0.0017913
-0.0015452 -0.0023411
-0.0014128 -0.0030848
-0.0014915 -0.0035067
-0.0013034 -0.0038858
-0.0005936 -0.0039007
-0.0002092 -0.0038434
-0.0001002 -0.0037663
 0.0003031 -0.0034558
 0.0002042 -0.0032087
 0.0002235 -0.0027670
 0.0005324 -0.0024791
 0.0001489 -0.0024432
 0.0004024 -0.0018299
 0.0004230 -0.0018311
 0.0001331 -0.0010850
 0.0004969 -0.0009102
 0.0003015 -0.0006340
 0.0002793 -0.0005750
 0.0004896 -0.0001660
 0.0010827 -0.0000671
 0.0009087  0.0001889
 0.0012321  0.0009185
 0.0017509  0.0010562
 0.0017703  0.0011531
 0.0016919  0.0015936
 0.0019245  0.0018564
 0.0019641  0.0020647
 0.0018886  0.0019428
 0.0018704  0.0016884
 0.0019847  0.0016447
 0.0023109  0.0016237
 0.0022734  0.0013326
 0.0024090  0.0019443
 0.0020800  0.0020194
 0.0020590  0.0020800
 0.0017735  0.0024462
 0.0014630  0.0022774
 0.0015583  0.0019557
 0.0017896  0.0018491
 0.0018490  0.0015104
 0.0015466  0.0012060
 0.0018369  0.0011144
 0.0017473  0.0010187
 0.0011163  0.0013078
 0.0010404  0.0010950
 0.0006217  0.0011350
 0.0004146  0.0007332
 0.0002471  0.0004272
 0.0000541  0.0001430
 0.0002265 -0.0001057
 0.0002451 -0.0002135
 0.0001631 -0.0001142
 0.0001437  0.0000046
 0.0000048  0.0007531
-0.0001491  0.0009659
-0.0002992  0.0010979
-0.0003772  0.0011746
-0.0004135  0.0007854
-0.0002919  0.0002298
-0.0000061  0.0002254
 0.0004554 -0.0000258
 0.0008935  0.0004155
 0.0007194  0.0006101
 0.0009883  0.0008209
 0.0009669  0.0013430
 0.0010622  0.0017855
 0.0007751  0.0019191
 0.0007541  0.0017439
 0.0007323  0.0016821
 0.0004287  0.0017713
 0.0003500  0.0015585
 0.0002535  0.0017062
 0.0003536  0.0012782
-0.0001276  0.0012738
 0.0000815  0.0015984
-0.0002241  0.0011134
-0.0001499  0.0019165
-0.0001939  0.0020291
-0.0001168  0.0017800
-0.0000970  0.0023408
-0.0002343  0.0028790
-0.0004055  0.0027874
-0.0003857  0.0031932
-0.0005181  0.0030038
-0.0006703  0.0027935
-0.0004793  0.0027576
-0.0004587  0.0022392
-0.0003033  0.0024519
-0.0001684  0.0023211
-0.0003578  0.0024160
-0.0005863  0.0022246
-0.0006848  0.0026869
-0.0011471  0.0024136
-0.0013401  0.0026086
-0.0014193  0.0029853
-0.0019583  0.0027931
-0.0020560  0.0025827
-0.0024799  0.0026760
-0.0033040  0.0022908
-0.0036310  0.0021943
-0.0039779  0.0020813
-0.0043190  0.0019666
-0.0044139  0.0020098
-0.0044696  0.0021633
-0.0043896  0.0019574
-0.0046928  0.0019759
-0.0047291  0.0017087
-0.0049560  0.0015371
-0.0051672  0.0015193
-0.0052064  0.0011709
-0.0052806  0.0009424
-0.0052068  0.0009258
-0.0050109  0.0009411
-0.0047945  0.0008265
-0.0042183  0.0009597
-0.0038877  0.0008030
-0.0033091  0.0007417
-0.0032905  0.0009104
-0.0029816  0.0009088
-0.0027103  0.0009855
-0.0028064  0.0012140
-0.0024390  0.0011413
-0.0023037  0.0012427
-0.0021148  0.0015508
-0.0021280  0.0013425
-0.0021066  0.0011139
-0.0018010  0.0008661
-0.0015652  0.0001559
-0.0010868 -0.0001502
-0.0008792 -0.0002685
-0.0004731 -0.0006198
 0.0000054 -0.0003166
 0.0004814  0.0000633
 0.0004232 -0.0001144
 0.0007813  0.0003488
 0.0006820  0.0010198
 0.0003949  0.0009855
 0.0003925  0.0011615
 0.0005261  0.0012536
 0.0008730  0.0007408
 0.0012928  0.0010267
 0.0015634  0.0005858
 0.0018323  0.0000092
 0.0020402  0.0000472
 0.0021177 -0.0003356
 0.0020575 -0.0008132
 0.0025739 -0.0008895
 0.0024750 -0.0013651
 0.0025105 -0.0015985
 0.0025403 -0.0016740
 0.0020986 -0.0018415
 0.0020805 -0.0020119
 0.0019609 -0.0017191
 0.0013896 -0.0017191
 0.0015835 -0.0016569
 0.0016036 -0.0014086
 0.0015318 -0.0018681
 0.0018778 -0.0017312
 0.0023571 -0.0013291
 0.0027818 -0.0015608
 0.0028012 -0.0009843
 0.0031642 -0.0008716
 0.0030907 -0.0008733
 0.0033806 -0.0009504
 0.0032090 -0.0006278
 0.0031343 -0.0005511
 0.0029962 -0.0005507
 0.0024019 -0.0004934
 0.0019622 -0.0007041
 0.0018044 -0.0008018
 0.0013267 -0.0015116
 0.0012868 -0.0017821
 0.0016077 -0.0020006
 0.0012992 -0.0018920
 0.0012940 -0.0015303
 0.0011183 -0.0008811
 0.0004497 -0.0006509
-0.0000077  0.0000213
-0.0001595  0.0004077
-0.0005551  0.0004453
-0.0003024  0.0006972
-0.0000359  0.0011958
 0.0000626  0.0007945
 0.0001781  0.0010073
 0.0002128  0.0013121
-0.0001514  0.0008745
-0.0005180  0.0008365
-0.0005031  0.0009754
-0.0010376  0.0006529
-0.0011955  0.0004660
-0.0009428  0.0004409
-0.0012698  0.0001934
-0.0013110 -0.0000210
-0.0010227 -0.0000642
-0.0010417 -0.0003142
-0.0006218 -0.0003921
-0.0003566 -0.0002403
-0.0002391 -0.0005237
-0.0003537 -0.0004252
-0.0002156 -0.0004570
-0.0005568 -0.0006121
-0.0004372 -0.0008789
-0.0008059 -0.0007106
-0.0007259 -0.0010986
-0.0008459 -0.0010235
-0.0010062 -0.0010668
-0.0011633 -0.0011439
-0.0012085 -0.0007466
-0.0011952 -0.0005391
-0.0012913 -0.0004806
-0.0008133 -0.0000982
-0.0006801  0.0002849
-0.0004875  0.0006124
-0.0002594  0.0011106
 0.0001626  0.0011897
 0.0007185  0.0016569
 0.0011562  0.0019484
 0.0016003  0.0017034
 0.0016774  0.0020502
 0.0021579  0.0020321
 0.0024874  0.0021286
 0.0025233  0.0020728
 0.0024861  0.0024548
 0.0022011  0.0025909
 0.0023154  0.0031052
 0.0022411  0.0030483
 0.0020881  0.0029489
 0.0021458  0.0030810
 0.0020275  0.0029441
 0.0019508  0.0025008
 0.0018115  0.0022892
 0.0019043  0.0021172
 0.0016148  0.0020998
 0.0018817  0.0024660
 0.0018797  0.0022610
 0.0018046  0.0022275
 0.0022600  0.0026341
 0.0023746  0.0024653
 0.0023351  0.0026212
 0.0025091  0.0028517
 0.0022377  0.0029095
 0.0020872  0.0025275
 0.0017634  0.0026220
 0.0018090  0.0025635
 0.0012696  0.0026975
 0.0012098  0.0030270
 0.0005404  0.0034028
 0.0003285  0.0034997
 0.0001557  0.0038849
-0.0001088  0.0039390
-0.0002581  0.0035732
-0.0001204  0.0037060
-0.0004002  0.0032090
-0.0004712  0.0032029
-0.0006234  0.0034488
-0.0004506  0.0033898
-0.0005076  0.0032513
-0.0003368  0.0036728
-0.0002584  0.0034855
 0.0000105  0.0036228
 0.0000674  0.0035498
-0.0000396  0.0034775
-0.0001720  0.0033253
-0.0005535  0.0029631
-0.0007223  0.0030064
-0.0006484  0.0023915
-0.0012855  0.0026398
-0.0012080  0.0021399
-0.0013998  0.0017919
-0.0013845  0.0017515
-0.0012880  0.0008677
-0.0011761  0.0005423
-0.0011547  0.0001761
-0.0012113 -0.0003819
-0.0007514 -0.0004001
-0.0008390 -0.0004166
-0.0010844 -0.0001667
-0.0009104  0.0006053
-0.0011316  0.0011830
-0.0013569  0.0015339
-0.0012414  0.0021141
-0.0018163  0.0022106
-0.0022027  0.0021355
-0.0024026  0.0023120
-0.0028645  0.0017367
-0.0031173  0.0012748
-0.0030810  0.0011638
-0.0029376  0.0007382
-0.0028007  0.0004850
-0.0025007  0.0002367
-0.0022806 -0.0001315
-0.0021251 -0.0000722
-0.0018534 -0.0001755
-0.0016616 -0.0003508
-0.0016665 -0.0007521
-0.0014214 -0.0010238
-0.0009611 -0.0015402
-0.0009244 -0.0013868
-0.0008110 -0.0009500
-0.0007677 -0.0011010
-0.0010511 -0.0004881
-0.0014105 -0.0002430
-0.0015792 -0.0002228
-0.0015614  0.0001761
-0.0017092  0.0003052
-0.0012106  0.0004768
-0.0014601  0.0012968
-0.0011492  0.0015273
-0.0009521  0.0014882
-0.0010664  0.0021774
-0.0007744  0.0018132
-0.0010821  0.0020058
-0.0011459  0.0020025
-0.0012828  0.0018693
-0.0015174  0.0019064
-0.0016991  0.0019440
-0.0017613  0.0016343
-0.0014808  0.0020409
-0.0012579  0.0019258
-0.0010270  0.0017922
-0.0008211  0.0014490
-0.0001715  0.0017970
 0.0000607  0.0017006
 0.0001135  0.0015051
 0.0002831  0.0016573
 0.0000897  0.0017171
-0.0000468  0.0015584
-0.0000105  0.0015757
-0.0000525  0.0011877
 0.0001353  0.0012471
 0.0005168  0.0014550
 0.0007675  0.0012079
 0.0010719  0.0015099
 0.0012819  0.0017990
 0.0015116  0.0017853
 0.0017224  0.0023206
 0.0017393  0.0023396
 0.0017950  0.0024394
 0.0019876  0.0023679
 0.0018132  0.0026586
 0.0016267  0.0025327
 0.0015145  0.0025961
 0.0009024  0.0026769
 0.0004861  0.0024520
-0.0001070  0.0024335
-0.0006027  0.0023023
-0.0008700  0.0018412
-0.0012940  0.0016300
-0.0008151  0.0011681
-0.0012931  0.0008472
-0.0016230  0.0003631
-0.0011809 -0.0001715
-0.0014696 -0.0006528
-0.0014139 -0.0010598
-0.0011825 -0.0017332
-0.0007408 -0.0020070
-0.0006052 -0.0018758
 0.0000150 -0.0021071
 0.0003590 -0.0016691
 0.0008007 -0.0017866
 0.0009961 -0.0009448
 0.0012085 -0.0004660
 0.0015719 -0.0001446
 0.0015557 -0.0000877
 0.0018852  0.0001566
 0.0020811  0.0000168
 0.0019503 -0.0003118
 0.0020112 -0.0003336
 0.0023250 -0.0006586
 0.0022099 -0.0008657
 0.0020173 -0.0009808
 0.0021938 -0.0011338
 0.0020940 -0.0015909
 0.0020310 -0.0015876
 0.0023738 -0.0017221
 0.0029269 -0.0022340
 0.0027117 -0.0019267
 0.0028231 -0.0017135
 0.0027072 -0.0015185
 0.0028582 -0.0010845
 0.0026713 -0.0011798
 0.0023980 -0.0009670
 0.0022445 -0.0008346
 0.0021093 -0.0012957
 0.0019357 -0.0012165
 0.0015295 -0.0010805
 0.0013442 -0.0014043
 0.0012630 -0.0013647
 0.0012634 -0.0012306
 0.0017443 -0.0014810
 0.0016260 -0.0015234
 0.0019857 -0.0011027
 0.0021415 -0.0012828
 0.0020361 -0.0011540
 0.0018597 -0.0008928
 0.0017014 -0.0007184
 0.0016965 -0.0003781
 0.0013876 -0.0003563
 0.0015980 -0.0002763
 0.0014833 -0.0000276
 0.0018087  0.0000875
 0.0017914  0.0000899
 0.0016581  0.0004662
 0.0013695  0.0009414
 0.0009282  0.0008561
 0.0011216  0.0011549
 0.0006246  0.0013999
 0.0002991  0.0014362
 0.0002971  0.0016656
 0.0000237  0.0020511
 0.0002579  0.0021348
 0.0006435  0.0021751
 0.0006250  0.0022159
 0.0008135  0.0026189
 0.0015963  0.0026774
 0.0016916  0.0028304
 0.0019136  0.0028684
 0.0017343  0.0031357
 0.0010972  0.0029835
 0.0007839  0.0031781
 0.0003551  0.0033307
 0.0000050  0.0032560
-0.0007698  0.0034539
-0.0008143  0.0035928
-0.0012152  0.0036958
-0.0014119  0.0040636
-0.0020817  0.0043931
-0.0025560  0.0043257
-0.0029945  0.0038675
-0.0033538  0.0033370
-0.0034071  0.0024560
-0.0030368  0.0018056
-0.0028232  0.0009609
-0.0027271  0.0006924
-0.0024174  0.0005366
-0.0026455  0.0001179
-0.0028373  0.0004978
-0.0032027  0.0007534
-0.0034135  0.0005431
-0.0039488  0.0006630
-0.0041366  0.0009541
-0.0042129  0.0004999
-0.0046670  0.0006974
-0.0047026  0.0002214
-0.0045992  0.0000357
-0.0042467 -0.0000196
-0.0040121 -0.0001726
-0.0037573 -0.0001549
-0.0036801  0.0002271
-0.0033769  0.0006033
-0.0034767  0.0010014
-0.0033855  0.0012320
-0.0036447  0.0012812
-0.0034727  0.0012852
-0.0035741  0.0012311
-0.0038216  0.0009659
-0.0041219  0.0007378
-0.0045830  0.0004346
-0.0049072  0.0006845
-0.0052112  0.0002626
-0.0052125  0.0001306
-0.0052722  0.0001653
-0.0048668  0.0002469
-0.0044288  0.0004617
-0.0046767  0.0007088
-0.0038118  0.0011739
-0.0034489  0.0011727
-0.0031364  0.0009417
-0.0024835  0.0009644
-0.0023083  0.0004100
-0.0022675 -0.0000902
-0.0017232 -0.0004144
-0.0012782 -0.0004685
-0.0010800 -0.0004338
-0.0007509 -0.0000902
-0.0001327  0.0000955
-0.0002841  0.0002824
 0.0000046  0.0006384
 0.0000994  0.0009602
 0.0000037  0.0013995
-0.0000936  0.0015719
-0.0001287  0.0012226
-0.0007391  0.0009917
-0.0011994  0.0005689
-0.0010242  0.0001599
-0.0008687  0.0000993
-0.0006180  0.0001530
 0.0000761 -0.0002342
 0.0002255 -0.0001624
 0.0005699 -0.0002984
 0.0003591 -0.0010502
 0.0005093 -0.0011855
 0.0007547 -0.0013232
 0.0007507 -0.0016906
 0.0005569 -0.0015586
 0.0006049 -0.0016926
 0.0004058 -0.0012109
 0.0002830 -0.0007260
 0.0004893 -0.0002072
 0.0006031 -0.0000291
 0.0000088  0.0004126
 0.0002418  0.0006637
 0.0002657  0.0006225
 0.0003250  0.0009443
-0.0000335  0.0012112
 0.0000077  0.0015560
 0.0001232  0.0020174
-0.0002035  0.0018491
-0.0002979  0.0019064
-0.0002604  0.0019072
-0.0000468  0.0020413
-0.0001610  0.0018309
-0.0003149  0.0020603
-0.0006258  0.0021951
-0.0008531  0.0019468
-0.0009322  0.0016808
-0.0006847  0.0015726
-0.0007449  0.0008850
-0.0005333  0.0000901
-0.0005886 -0.0004573
-0.0003193 -0.0009499
-0.0004860 -0.0016923
-0.0004650 -0.0021510
-0.0005199 -0.0024389
-0.0006293 -0.0026755
-0.0006661 -0.0024498
-0.0005877 -0.0025330
-0.0000697 -0.0021204
-0.0000705 -0.0016877
 0.0001007 -0.0013090
 0.0004818 -0.0011253
 0.0008633 -0.0008003
 0.0009582 -0.0008605
 0.0012259 -0.0007874
 0.0013381 -0.0009804
 0.0013587 -0.0008476
 0.0015513 -0.0007709
 0.0015129 -0.0006772
 0.0017225 -0.0004099
 0.0021266  0.0001444
 0.0020891  0.0001428
 0.0022203  0.0005413
 0.0025275  0.0006757
 0.0026228  0.0009401
 0.0029886  0.0007479
 0.0029164  0.0006131
 0.0031086  0.0006523
 0.0030306  0.0005941
 0.0029774  0.0004233
 0.0024816  0.0004613
 0.0022914  0.0005780
 0.0019289  0.0002130
 0.0022930  0.0004658
 0.0023697  0.0007347
 0.0027339  0.0007189
 0.0028070  0.0007783
 0.0031465  0.0007997
 0.0033932  0.0004371
 0.0035417  0.0005498
 0.0040775  0.0004743
 0.0043621  0.0002074
 0.0046831  0.0001682
 0.0047380  0.0000499
 0.0052366 -0.0000982
 0.0055600 -0.0004014
 0.0055818 -0.0002480
 0.0056258 -0.0005924
 0.0048571 -0.0003074
 0.0049350 -0.0000929
 0.0044937 -0.0001903
 0.0042067 -0.0001531
 0.0038776  0.0002127
 0.0034169 -0.0000364
 0.0030915 -0.0000719
 0.0026474 -0.0002064
 0.0026086 -0.0004361
 0.0023760 -0.0004583
 0.0022808 -0.0006732
 0.0023732 -0.0004822
 0.0024326 -0.0004059
 0.0027749 -0.0005593
 0.0025613 -0.0002670
 0.0030595 -0.0000764
 0.0030410 -0.0002104
 0.0029671  0.0001574
 0.0028117  0.0001368
 0.0025831  0.0004420
 0.0027725  0.0004436
 0.0026958  0.0004412
 0.0025246  0.0006338
 0.0025424  0.0006919
 0.0022355  0.0006322
 0.0021217  0.0003827
 0.0016993  0.0000185
 0.0013731 -0.0001564
 0.0008559 -0.0003284
 0.0007970 -0.0002892
 0.0007562 -0.0003090
 0.0008753 -0.0007329
 0.0013888 -0.0003449
 0.0014272  0.0000536
 0.0014223  0.0008054
 0.0015701  0.0017255
 0.0011300  0.0023255
 0.0008009  0.0026397
 0.0002986  0.0029308
-0.0000248  0.0031282
-0.0002141  0.0031953
-0.0005230  0.0031973
-0.0005581  0.0035248
-0.0005973  0.0030851
-0.0002702  0.0035288
-0.0004398  0.0034699
-0.0006509  0.0037957
-0.0006881  0.0041413
-0.0013773  0.0041203
-0.0022174  0.0041558
-0.0022594  0.0041005
-0.0024302  0.0037323
-0.0027956  0.0032329
-0.0021432  0.0025227
-0.0018173  0.0022748
-0.0011459  0.0019308
-0.0003380  0.0016074
 0.0002067  0.0012053
 0.0007639  0.0012489
 0.0009775  0.0011556
 0.0013292  0.0005246
 0.0011737  0.0002589
 0.0011713 -0.0002607
 0.0009884 -0.0002034
 0.0010841 -0.0003205
 0.0008717  0.0000603
 0.0005088  0.0000809
 0.0000650  0.0007305
 0.0003335  0.0009057
 0.0001979  0.0011367
 0.0003868  0.0021574
-0.0000202  0.0023314
-0.0002685  0.0026750
-0.0004986  0.0027154
-0.0008862  0.0029632
-0.0016542  0.0031534
-0.0018456  0.0029588
-0.0022501  0.0028615
-0.0026720  0.0030500
-0.0028477  0.0031037
-0.0026551  0.0029309
-0.0023313  0.0033112
-0.0018516  0.0034040
-0.0017794  0.0032110
-0.0013175  0.0028093
-0.0011294  0.0024254
-0.0010300  0.0017729
-0.0008370  0.0017576
-0.0006783  0.0012169
-0.0006945  0.0009876
-0.0006347  0.0011245
-0.0004417  0.0010874
-0.0006129  0.0006089
-0.0006525  0.0005887
-0.0005753  0.0010276
-0.0008814  0.0010478
-0.0009605  0.0011253
-0.0012488  0.0014854
-0.0018229  0.0016590
-0.0018823  0.0014289
-0.0023199  0.0015460
-0.0026417  0.0013970
-0.0029304  0.0017487
-0.0034266  0.0014823
-0.0036167  0.0011407
-0.0038687  0.0011246
-0.0041908  0.0009175
-0.0041154  0.0008824
-0.0040556  0.0007100
-0.0039191  0.0006890
-0.0038279  0.0007447
-0.0039305  0.0008755
-0.0037585  0.0008759
-0.0039414  0.0008957
-0.0041797  0.0009893
-0.0042007  0.0002844
-0.0044922  0.0009563
-0.0043998  0.0009155
-0.0046230  0.0009704
-0.0045447  0.0012929
-0.0046198  0.0017298
-0.0048842  0.0019760
-0.0046690  0.0020866
-0.0049907  0.0024508
-0.0049491  0.0021456
-0.0045672  0.0024940
-0.0039478  0.0025030
-0.0035053  0.0025066
-0.0031993  0.0023952
-0.0032021  0.0024170
-0.0030487  0.0024203
-0.0032223  0.0019996
-0.0036252  0.0012712
-0.0037387  0.0008114
-0.0037371  0.0001944
-0.0038061  0.0000596
-0.0038057 -0.0006172
-0.0036482 -0.0007169
-0.0035472 -0.0014154
-0.0036037 -0.0014215
-0.0033126 -0.0015031
-0.0033708 -0.0015641
-0.0033691 -0.0012411
-0.0033502 -0.0015508
-0.0037725 -0.0016864
-0.0038504 -0.0014406
-0.0034665 -0.0014781
-0.0035795 -0.0013259
-0.0036170 -0.0011543
-0.0032884 -0.0013247
-0.0033206 -0.0014022
-0.0030703 -0.0010360
-0.0027772 -0.0014386
-0.0023738 -0.0010950
-0.0016035 -0.0009617
-0.0009320 -0.0009864
-0.0008541 -0.0007405
-0.0004310 -0.0005730
-0.0007192 -0.0005016
-0.0005638 -0.0005048
-0.0005828 -0.0005860
-0.0005448 -0.0005093
-0.0002767 -0.0003934
-0.0000288 -0.0006219
 0.0001815 -0.0004285
 0.0003923 -0.0008488
 0.0008287 -0.0008831
 0.0014424 -0.0009929
 0.0018191 -0.0010115
 0.0023516 -0.0009905
 0.0026601 -0.0012388
 0.0021376 -0.0008597
 0.0019817 -0.0010733
 0.0019652 -0.0015933
 0.0018085 -0.0016002
 0.0010987 -0.0019692
 0.0011977 -0.0024142
 0.0013135 -0.0025321
 0.0013684 -0.0023968
 0.0016204 -0.0022781
 0.0017730 -0.0017609
 0.0021380 -0.0012776
 0.0025183 -0.0008520
 0.0025550  0.0000479
 0.0023010  0.0002413
 0.0018743  0.0005824
 0.0013138  0.0010568
 0.0009452  0.0011323
 0.0005200  0.0011945
 0.0003428  0.0009777
 0.0004021  0.0004233
 0.0005321  0.0000620
 0.0009887 -0.0006300
 0.0016379 -0.0011323
 0.0019020 -0.0011913
 0.0024733 -0.0016346
 0.0027530 -0.0016523
 0.0028244 -0.0015756
 0.0027602 -0.0011864
 0.0029092 -0.0007418
 0.0028894 -0.0002751
 0.0028535  0.0005175
 0.0022612  0.0012544
 0.0019959  0.0021358
 0.0017558  0.0026409
 0.0018729  0.0030051
 0.0019169  0.0031964
 0.0026485  0.0030587
 0.0031471  0.0022714
 0.0037427  0.0023045
 0.0040265  0.0014994
 0.0041415  0.0012475
 0.0041201  0.0011881
 0.0040075  0.0010145
 0.0039300  0.0011110
 0.0039142  0.0014348
 0.0035351  0.0013940
 0.0031157  0.0016956
 0.0026203  0.0016972
 0.0020106  0.0014440
 0.0012246  0.0014796
 0.0007828  0.0014008
 0.0008394  0.0009632
 0.0005725  0.0010548
 0.0004917  0.0009821
 0.0007566  0.0005776
 0.0012362  0.0009854
 0.0010824  0.0009866
 0.0016371  0.0008405
 0.0016383  0.0011328
 0.0011728  0.0016137
 0.0008445  0.0015588
 0.0006297  0.0019266
 0.0004347  0.0023542
 0.0006253  0.0022432
 0.0006644  0.0020510
 0.0006471  0.0021516
 0.0008623  0.0018686
 0.0009253  0.0019659
 0.0008341  0.0016021
 0.0003969  0.0014499
 0.0002463  0.0012945
 0.0000375  0.0011402
-0.0001716  0.0008875
-0.0001898  0.0007126
 0.0003452  0.0007716
 0.0008224  0.0006779
 0.0011850  0.0009452
 0.0017195  0.0007760
 0.0020445  0.0006453
 0.0018903  0.0010449
 0.0023316  0.0008374
 0.0021612  0.0011257
 0.0020486  0.0007006
 0.0017842  0.0006263
 0.0016550  0.0005916
 0.0012924  0.0002662
 0.0014483  0.0002319
 0.0012989  0.0001770
 0.0012457  0.0002767
 0.0015501  0.0004120
 0.0015690 -0.0001848
 0.0016264  0.0004656
 0.0017765  0.0005407
 0.0015662  0.0007846
 0.0010934  0.0004769
 0.0006360  0.0006473
-0.0001472  0.0002197
 0.0000506 -0.0004719
-0.0004298 -0.0006327
-0.0003939 -0.0005188
-0.0000132 -0.0002507
 0.0004261 -0.0004102
 0.0008670 -0.0000860
 0.0014592  0.0006250
 0.0014601  0.0008386
 0.0014358  0.0013578
 0.0012267  0.0016687
 0.0006881  0.0015552
 0.0000356  0.0017325
-0.0000613  0.0014903
-0.0003068  0.0013240
-0.0008821  0.0017895
-0.0010145  0.0017161
-0.0015482  0.0019123
-0.0021062  0.0015420
-0.0026085  0.0013462
-0.0027862  0.0009045
-0.0030951  0.0009772
-0.0030632  0.0008613
-0.0031444  0.0007301
-0.0029526  0.0008225
-0.0025707  0.0007652
-0.0029126  0.0010902
-0.0023748  0.0011306
-0.0019909  0.0010296
-0.0021624  0.0010474
-0.0017983  0.0015379
-0.0016448  0.0016517
-0.0013174  0.0019141
-0.0013719  0.0019497
-0.0012019  0.0019323
-0.0017740  0.0019484
-0.0016759  0.0016045
-0.0018846  0.0011684
-0.0023820  0.0009177
-0.0026493  0.0009008
-0.0026105  0.0007308
-0.0029772  0.0005341
-0.0028803  0.0004381
-0.0027260  0.0000767
-0.0028044 -0.0003036
-0.0024757 -0.0001857
-0.0019968 -0.0005693
-0.0014966 -0.0002018
-0.0011704 -0.0004760
-0.0007497 -0.0004187
-0.0005026  0.0000561
 0.0002080 -0.0000230
 0.0002637 -0.0001022
 0.0008229 -0.0002387
 0.0013999 -0.0002742
 0.0017455 -0.0006149
 0.0021957 -0.0006941
 0.0019329 -0.0009391
 0.0021663 -0.0012843
 0.0017456 -0.0016291
 0.0017629 -0.0017511
 0.0012805 -0.0022550
 0.0011472 -0.0022066
 0.0010422 -0.0022494
 0.0011718 -0.0021998
 0.0009751 -0.0021267
 0.0014923 -0.0022414
 0.0015101 -0.0021481
 0.0016296 -0.0023787
 0.0024222 -0.0025301
 0.0027521 -0.0027045
 0.0035636 -0.0027190
 0.0036799 -0.0030287
 0.0039690 -0.0022410
 0.0040894 -0.0021069
 0.0042614 -0.0021077
 0.0038362 -0.0015308
 0.0034906 -0.0016454
 0.0035483 -0.0018178
 0.0036036 -0.0016636
 0.0037583 -0.0019894
 0.0039121 -0.0022151
 0.0042391 -0.0025446
 0.0047596 -0.0025215
 0.0052937 -0.0030234
 0.0054060 -0.0032148
 0.0056890 -0.0031991
 0.0055521 -0.0034123
 0.0055480 -0.0033598
 0.0057341 -0.0034979
 0.0053663 -0.0030417
 0.0052504 -0.0026561
 0.0050396 -0.0026165
 0.0045967 -0.0018292
 0.0044433 -0.0015018
 0.0040597 -0.0014173
 0.0035211 -0.0012611
 0.0033290 -0.0009906
 0.0028109 -0.0009275
 0.0026543 -0.0007168
 0.0024464 -0.0004519
 0.0024431 -0.0004681
 0.0016174 -0.0002238
 0.0016505  0.0000067
 0.0011281 -0.0000337
 0.0006666  0.0001920
 0.0007598  0.0003446
 0.0009249  0.0001755
 0.0012136  0.0004395
 0.0014562  0.0009434
 0.0018386  0.0011352
 0.0013960  0.0013637
 0.0013008  0.0012098
 0.0005692  0.0011937
-0.0004075  0.0007116
-0.0006966  0.0003176
-0.0012501 -0.0002863
-0.0015735 -0.0007983
-0.0015925 -0.0013053
-0.0016522 -0.0017385
-0.0016898 -0.0019097
-0.0012711 -0.0018491
-0.0011956 -0.0018850
-0.0009494 -0.0019617
-0.0009558 -0.0019758
-0.0011803 -0.0018943
-0.0011589 -0.0015858
-0.0008892 -0.0015995
-0.0007911 -0.0015442
-0.0002529 -0.0013128
 0.0003427 -0.0014069
 0.0007064 -0.0010823
 0.0014748 -0.0008328
 0.0019540 -0.0010092
 0.0022225 -0.0004541
 0.0023578 -0.0001266
 0.0023009 -0.0003366
 0.0017833 -0.0001662
 0.0016702 -0.0000838
 0.0013658 -0.0002409
 0.0008462 -0.0003943
 0.0005409 -0.0007185
 0.0005644 -0.0010290
 0.0004856 -0.0016868
 0.0006976 -0.0019589
 0.0008304 -0.0023086
 0.0011728 -0.0020300
 0.0016859 -0.0022432
 0.0019351 -0.0020345
 0.0019916 -0.0016526
 0.0020679 -0.0016505
 0.0018361 -0.0013465
 0.0021603 -0.0009621
 0.0019899 -0.0011127
 0.0021607 -0.0006537
 0.0018523 -0.0000800
 0.0022721  0.0001914
 0.0020226  0.0003964
 0.0021147  0.0009754
 0.0024054  0.0006484
 0.0023448  0.0007057
 0.0024009  0.0004756
 0.0031111  0.0000045
 0.0033400 -0.0002269
 0.0035173 -0.0003230
 0.0037268 -0.0004699
 0.0038221 -0.0003181
 0.0035754 -0.0001639
 0.0035750 -0.0001994
 0.0031551 -0.0000278
 0.0033889 -0.0000229
 0.0029291 -0.0001953
 0.0027607 -0.0001154
 0.0029731 -0.0001121
 0.0030337  0.0003885
 0.0027422  0.0004455
 0.0027268  0.0005452
 0.0025738  0.0005077
 0.0024793  0.0003179
 0.0020421  0.0001867
 0.0020066 -0.0001759
 0.0019380 -0.0001795
 0.0017313  0.0000094
 0.0014640  0.0001007
 0.0013514  0.0003053
 0.0014410  0.0004377
 0.0012468  0.0009182
 0.0013618  0.0008189
 0.0011454  0.0013361
 0.0010465  0.0015077
 0.0012209  0.0014297
 0.0011979  0.0014297
 0.0007792  0.0016203
 0.0008596  0.0018496
 0.0005903  0.0018125
 0.0001667  0.0021746
 0.0000735  0.0021532
-0.0002168  0.0024435
-0.0003703  0.0025408
-0.0005439  0.0023123
-0.0006997  0.0020834
-0.0004175  0.0019752
-0.0001309  0.0019203
-0.0004781  0.0014068
-0.0001160  0.0013931
-0.0002125  0.0011448
-0.0004842  0.0009365
-0.0004628  0.0005339
-0.0005016  0.0003809
-0.0009639 -0.0000604
-0.0011512 -0.0001141
-0.0015739 -0.0007274
-0.0016857 -0.0007851
-0.0019320 -0.0008775
-0.0019130 -0.0008767
-0.0021835 -0.0007076
-0.0020475 -0.0005957
-0.0020442 -0.0004419
-0.0020265 -0.0000579
-0.0020471  0.0001342
-0.0018900  0.0001960
-0.0023079 -0.0000712
-0.0024964  0.0001222
-0.0024515 -0.0000668
-0.0026389 -0.0000090
-0.0022706 -0.0003934
-0.0022492 -0.0005485
-0.0015753 -0.0006914
-0.0009015 -0.0009603
-0.0003039 -0.0013459
 0.0000655 -0.0015664
 0.0006635 -0.0020259
 0.0007241 -0.0021014
 0.0004972 -0.0022766
 0.0005614 -0.0023501
 0.0005017 -0.0023109
 0.0004274 -0.0019855
 0.0004048 -0.0020041
 0.0001714 -0.0019431
 0.0004378 -0.0018466
 0.0006062 -0.0015922
 0.0003958 -0.0023403
 0.0005484 -0.0022644
 0.0008004 -0.0026839
 0.0007092 -0.0029956
 0.0009026 -0.0031139
 0.0015005 -0.0034228
 0.0010237 -0.0036772
 0.0012357 -0.0037980
 0.0012151 -0.0042800
 0.0010790 -0.0042119
 0.0006357 -0.0040984
 0.0006890 -0.0045429
 0.0007451 -0.0042587
 0.0008820 -0.0045713
 0.0012676 -0.0044756
 0.0015764 -0.0046310
 0.0019051 -0.0048991
 0.0019426 -0.0047853
 0.0020763 -0.0045757
 0.0019955 -0.0039992
 0.0017423 -0.0035211
 0.0011835 -0.0028546
 0.0010854 -0.0023204
 0.0005456 -0.0017067
 0.0004862 -0.0011895
 0.0000833 -0.0008052
 0.0002169 -0.0005734
-0.0001456 -0.0004143
 0.0002141 -0.0006808
-0.0000726 -0.0008358
 0.0001959 -0.0007554
 0.0000013 -0.0007143
-0.0000189 -0.0010990
-0.0001949 -0.0007958
-0.0003108 -0.0008862
-0.0001348 -0.0014269
-0.0002684 -0.0015262
-0.0001719 -0.0017778
-0.0000940 -0.0019361
 0.0001103 -0.0021876
 0.0006824 -0.0019579
 0.0006585 -0.0017702
 0.0009375 -0.0014419
 0.0009746 -0.0017427
 0.0014490 -0.0014721
 0.0012148 -0.0013550
 0.0015257 -0.0013304
 0.0014264 -0.0009436
 0.0015213 -0.0010372
 0.0014865 -0.0011333
 0.0014268 -0.0005600
 0.0012225 -0.0001587
 0.0012996 -0.0001930
 0.0009577 -0.0001797
 0.0004417 -0.0002560
 0.0005378 -0.0004498
 0.0005390 -0.0007034
 0.0004029 -0.0006856
 0.0008030 -0.0007983
 0.0010328 -0.0006869
 0.0013545 -0.0005689
 0.0013578 -0.0003764
 0.0017232 -0.0002060
 0.0021871 -0.0001289
 0.0023934 -0.0000295
 0.0028100  0.0003512
 0.0030777  0.0003718
 0.0034309  0.0004101
 0.0041940  0.0006040
 0.0044750  0.0003173
 0.0047761  0.0002834
 0.0052933 -0.0000779
 0.0052950 -0.0005144
 0.0051799 -0.0005095
 0.0051860 -0.0007945
 0.0046926 -0.0013476
 0.0045190 -0.0014231
 0.0041985 -0.0018499
 0.0041952 -0.0019072
 0.0039251 -0.0018346
 0.0040801 -0.0020284
 0.0038706 -0.0018754
 0.0036974 -0.0013025
 0.0036046 -0.0010142
 0.0034503 -0.0006533
 0.0033332 -0.0002528
 0.0033873 -0.0005782
 0.0037115 -0.0003436
 0.0038480 -0.0004595
 0.0040612 -0.0008245
 0.0043374 -0.0009407
 0.0045328 -0.0005213
 0.0043673 -0.0005414
 0.0042353 -0.0003913
 0.0041235 -0.0002181
 0.0042967 -0.0001975
 0.0040892 -0.0004050
 0.0035150 -0.0007118
 0.0034577 -0.0006698
 0.0034396 -0.0007069
 0.0029764 -0.0011054
 0.0029522 -0.0011413
 0.0028751 -0.0010041
 0.0028165 -0.0009306
 0.0029699 -0.0006237
 0.0026247  0.0001022
 0.0023542  0.0003323
 0.0020890  0.0010231
 0.0016053  0.0014793
 0.0011450  0.0020991
 0.0009710  0.0025853
 0.0004114  0.0030072
 0.0005079  0.0029761
 0.0006407  0.0029653
 0.0000011  0.0028474
 0.0000379  0.0026201
 0.0002676  0.0022196
-0.0002145  0.0019700
-0.0000998  0.0014541
-0.0001580  0.0012619
-0.0000990  0.0006647
-0.0001172  0.0002016
 0.0001888 -0.0003366
 0.0003443  0.0001229
 0.0005962 -0.0002591
 0.0005579 -0.0003370
 0.0006552 -0.0002175
 0.0008276 -0.0002203
 0.0003080 -0.0003394
 0.0007872 -0.0002809
 0.0007856 -0.0001303
 0.0007052 -0.0004408
 0.0011033 -0.0003822
 0.0012720 -0.0001868
 0.0008102  0.0001996
 0.0008283  0.0008202
 0.0009491  0.0006292
 0.0003580  0.0010350
 0.0004202  0.0009946
 0.0002749  0.0005909
 0.0002608  0.0007414
 0.0003852  0.0004318
 0.0001413  0.0003538
 0.0000897  0.0005836
-0.0003249  0.0002747
-0.0004388  0.0005242
-0.0011417  0.0005036
-0.0016181  0.0008872
-0.0020379  0.0007535
-0.0024562  0.0008302
-0.0025354  0.0008327
-0.0021675  0.0010604
-0.0021865  0.0011891
-0.0018425  0.0013042
-0.0020371  0.0014931
-0.0017917  0.0015464
-0.0017566  0.0015795
-0.0016819  0.0012896
-0.0014348  0.0010966
-0.0011506  0.0006036
-0.0012249  0.0000279
-0.0008805 -0.0001804
-0.0011477 -0.0005442
-0.0013226 -0.0008111
-0.0014942 -0.0008922
-0.0015737 -0.0007747
-0.0021491 -0.0007594
-0.0019803 -0.0005842
-0.0020158 -0.0008119
-0.0020526 -0.0006960
-0.0015688 -0.0005595
-0.0012959 -0.0003431
-0.0011986  0.0001535
-0.0009450  0.0003049
-0.0009599  0.0004196
-0.0008598  0.0007393
-0.0011073  0.0009278
-0.0011828  0.0006384
-0.0014464  0.0005951
-0.0009465  0.0001308
-0.0010176  0.0000339
-0.0008270 -0.0002568
-0.0006699 -0.0004486
-0.0005395 -0.0010195
-0.0008694 -0.0011192
-0.0005634 -0.0014628
-0.0007786 -0.0022259
-0.0005368 -0.0020357
-0.0007863 -0.0024370
-0.0009611 -0.0024556
-0.0009470 -0.0024382
-0.0011731 -0.0023409
-0.0014828 -0.0022691
-0.0015079 -0.0019429
-0.0015281 -0.0021140
-0.0011704 -0.0020963
-0.0008280 -0.0020587
-0.0007129 -0.0021132
-0.0001417 -0.0017462
 0.0004498 -0.0018855
 0.0004111 -0.0020394
 0.0007765 -0.0018670
 0.0006787 -0.0015436
 0.0007930 -0.0020475
 0.0011333 -0.0017830
 0.0018786 -0.0018981
 0.0022190 -0.0022247
 0.0027668 -0.0022380
 0.0030106 -0.0024819
 0.0032182 -0.0027253
 0.0031184 -0.0023538
 0.0028875 -0.0022157
 0.0027744 -0.0021596
 0.0026230 -0.0017179
 0.0024321 -0.0017377
 0.0021511 -0.0017191
 0.0019056 -0.0012019
 0.0020833 -0.0012403
 0.0020123 -0.0010105
 0.0020890 -0.0005293
 0.0023583 -0.0006456
 0.0023789 -0.0005495
 0.0024689 -0.0002063
 0.0024640 -0.0002854
 0.0023288 -0.0002148
 0.0019613 -0.0006800
 0.0016133 -0.0010058
 0.0015907 -0.0014128
 0.0014368 -0.0018533
 0.0016129 -0.0024831
 0.0018018 -0.0030588
 0.0021127 -0.0032869
 0.0023263 -0.0036152
 0.0026368 -0.0036189
 0.0030224 -0.0034501
 0.0034423 -0.0029717
 0.0033305 -0.0027848
 0.0034278 -0.0023261
 0.0037536 -0.0019224
 0.0035784 -0.0017718
 0.0038291 -0.0016430
 0.0042611 -0.0010665
 0.0043135 -0.0010931
 0.0043284 -0.0009195
 0.0049159 -0.0008626
 0.0048953 -0.0006502
 0.0049724 -0.0006110
 0.0049752 -0.0000874
 0.0050544  0.0000124
 0.0048283 -0.0001423
 0.0046167  0.0002445
 0.0045061 -0.0001778
 0.0047556 -0.0004592
 0.0049284 -0.0006142
 0.0053500 -0.0010296
 0.0055001 -0.0015868
 0.0060936 -0.0020083
 0.0062475 -0.0022776
 0.0065729 -0.0022752
 0.0062628 -0.0021036
 0.0063985 -0.0016247
 0.0061849 -0.0010857
 0.0060290 -0.0003974
 0.0055526 -0.0003186
 0.0054577  0.0000843
 0.0058401  0.0002926
 0.0054185  0.0007921
 0.0058388  0.0009221
 0.0059676  0.0011885
 0.0063314  0.0014203
 0.0066128  0.0015539
 0.0069757  0.0018563
 0.0073746  0.0023400
 0.0073217  0.0026420
 0.0071296  0.0027385
 0.0070185  0.0032969
 0.0064893  0.0037959
 0.0059386  0.0038710
 0.0055946  0.0041028
 0.0057299  0.0043490
 0.0053491  0.0043305
 0.0053681  0.0043519
 0.0055381  0.0042013
 0.0056943  0.0046959
 0.0058308  0.0047165
 0.0056762  0.0046591
 0.0054065  0.0046728
 0.0049680  0.0046712
 0.0046026  0.0042263
 0.0043329  0.0039978
 0.0042558  0.0035350
 0.0044653  0.0035003
 0.0041173  0.0031765
 0.0040967  0.0030651
 0.0038867  0.0029360
 0.0036401  0.0024047
 0.0034326  0.0020659
 0.0032412  0.0018782
 0.0027975  0.0019251
 0.0028984  0.0016046
 0.0024381  0.0012416
 0.0024216  0.0013422
 0.0022702  0.0013256
 0.0022113  0.0013248
 0.0019819  0.0013058
 0.0020162  0.0013074
 0.0015127  0.0013821
 0.0015862  0.0012852
 0.0011618  0.0016345
 0.0009890  0.0018461
 0.0006232  0.0015598
 0.0003188  0.0012736
 0.0000148  0.0009106
-0.0003130  0.0005836
-0.0003873  0.0003526
-0.0007709 -0.0001440
-0.0010930 -0.0005276
-0.0009982 -0.0006216
-0.0009141 -0.0007141
-0.0003743 -0.0008255
-0.0000259 -0.0010556
 0.0004166 -0.0013402
 0.0005539 -0.0011480
 0.0006645 -0.0011674
 0.0006799 -0.0006910
 0.0005220 -0.0007302
 0.0002866 -0.0003874
 0.0000128 -0.0004464
-0.0004132 -0.0002409
-0.0006466 -0.0004767
-0.0005711 -0.0007662
-0.0006453 -0.0012289
-0.0000094 -0.0012083
 0.0002837 -0.0018749
 0.0005401 -0.0019116
 0.0009908 -0.0021983
 0.0009569 -0.0025051
 0.0007110 -0.0021430
 0.0009827 -0.0018357
 0.0008734 -0.0019706
 0.0005835 -0.0018357
 0.0004692 -0.0018188
 0.0001236 -0.0016637
 0.0002572 -0.0013552
-0.0000710 -0.0011429
-0.0001049 -0.0013318
-0.0002818 -0.0009495
-0.0004110 -0.0005477
-0.0004312 -0.0003923
-0.0007776  0.0000490
-0.0009887 -0.0001618
-0.0011995 -0.0001412
-0.0009698  0.0003987
-0.0010869  0.0007467
-0.0011034  0.0006700
-0.0008155  0.0008230
-0.0005264  0.0006288
-0.0002592  0.0006462
 0.0001426  0.0004883
-0.0001421 -0.0000742
 0.0003941 -0.0004973
 0.0003360 -0.0010008
 0.0006105 -0.0013699
 0.0008229 -0.0011373
 0.0007470 -0.0010622
 0.0004818 -0.0010077
 0.0005040 -0.0009855
 0.0005468 -0.0003565
 0.0003571 -0.0004530
 0.0005311 -0.0003420
 0.0007047 -0.0005576
 0.0006437 -0.0005023
 0.0011068 -0.0006606
 0.0008392 -0.0005488
 0.0008371 -0.0006877
 0.0008751 -0.0005557
 0.0006433 -0.0004810
 0.0002000 -0.0010394
 0.0003563 -0.0010385
 0.0002622 -0.0012283
-0.0002962 -0.0015909
-0.0001977 -0.0019958
-0.0001952 -0.0021319
-0.0005482 -0.0024250
-0.0005546 -0.0023536
-0.0003338 -0.0022995
-0.0004934 -0.0021081
-0.0003283 -0.0017250
-0.0004861 -0.0013031
-0.0006812 -0.0011448
-0.0001434 -0.0008872
 0.0002794 -0.0007079
-0.0000271 -0.0005516
-0.0002556 -0.0001220
-0.0001583 -0.0000981
-0.0007902 -0.0001106
-0.0010360 -0.0001885
-0.0009613 -0.0008596
-0.0012496 -0.0017289
-0.0010994 -0.0026571
-0.0006739 -0.0033342
-0.0004801 -0.0037800
-0.0002261 -0.0041866
-0.0000686 -0.0043000
-0.0001417 -0.0048221
-0.0001590 -0.0045169
 0.0004002 -0.0049606
 0.0007902 -0.0054027
 0.0009251 -0.0059768
 0.0013656 -0.0065715
 0.0016943 -0.0066095
 0.0019446 -0.0065481
 0.0024242 -0.0065602
 0.0029039 -0.0061915
 0.0027517 -0.0062452
 0.0030763 -0.0061087
 0.0034631 -0.0059751
 0.0039238 -0.0059545
 0.0036589 -0.0058201
 0.0038164 -0.0058188
 0.0039513 -0.0060135
 0.0037397 -0.0058423
 0.0039492 -0.0056715
 0.0034845 -0.0059590
 0.0033432 -0.0062460
 0.0030504 -0.0064584
 0.0029317 -0.0064572
 0.0028909 -0.0065141
 0.0029825 -0.0057264
 0.0028497 -0.0054769
 0.0026930 -0.0049964
 0.0025194 -0.0044421
 0.0024431 -0.0044780
 0.0020955 -0.0039184
 0.0021136 -0.0035889
 0.0022238 -0.0037589
 0.0020890 -0.0035473
 0.0021431 -0.0034670
 0.0018750 -0.0034072
 0.0022194 -0.0030761
 0.0022557 -0.0026909
 0.0023485 -0.0024377
 0.0024026 -0.0016092
 0.0023255 -0.0010710
 0.0021139 -0.0007819
 0.0018999 -0.0007436
 0.0019569 -0.0006891
 0.0020122 -0.0009984
 0.0019952 -0.0011736
 0.0023408 -0.0015818
 0.0027458 -0.0013319
 0.0031863 -0.0011821
 0.0031714 -0.0015088
 0.0030616 -0.0014906
 0.0029663 -0.0011903
 0.0025662 -0.0011713
 0.0023211 -0.0008875
 0.0021496 -0.0004321
 0.0019635  0.0001029
 0.0022723  0.0004073
 0.0022558  0.0011748
 0.0026567  0.0012907
 0.0028711  0.0015818
 0.0033088  0.0019299
 0.0031731  0.0020111
 0.0033471  0.0023583
 0.0033495  0.0026086
 0.0034057  0.0026098
 0.0029103  0.0028755
 0.0026450  0.0032574
 0.0024577  0.0033951
 0.0019728  0.0036624
 0.0014734  0.0034367
 0.0011455  0.0034945
 0.0008164  0.0033067
 0.0008132  0.0033104
 0.0010413  0.0031416
 0.0010974  0.0033532
 0.0010736  0.0033148
 0.0013433  0.0031049
 0.0010554  0.0030786
 0.0011289  0.0025219
 0.0013404  0.0020959
 0.0008955  0.0017970
 0.0006625  0.0013707
 0.0006221  0.0009055
 0.0003181  0.0005942
 0.0002394  0.0001892
 0.0000702 -0.0000805
 0.0001267 -0.0003514
 0.0000302 -0.0001152
-0.0000489 -0.0004414
 0.0002373 -0.0001523
 0.0005240 -0.0003610
 0.0004271 -0.0004204
 0.0004473 -0.0003982
 0.0000666 -0.0003820
-0.0001014 -0.0007099
-0.0003521 -0.0008653
-0.0005984 -0.0008670
-0.0005168 -0.0009441
-0.0003093 -0.0008266
 0.0001102 -0.0006505
 0.0003371 -0.0001123
 0.0010085  0.0001013
 0.0013493  0.0005212
 0.0011555  0.0004234
 0.0010206  0.0005413
 0.0009011  0.0003916
 0.0005603  0.0002773
 0.0005628 -0.0001054
 0.0003754 -0.0003137
 0.0005325 -0.0001761
 0.0006714 -0.0001550
 0.0007340 -0.0002075
 0.0006626  0.0002164
 0.0008968  0.0003553
 0.0008778  0.0006448
 0.0010918  0.0012416
 0.0008096  0.0014503
 0.0010244  0.0017572
 0.0012009  0.0021436
 0.0016879  0.0018920
 0.0016144  0.0019704
 0.0017303  0.0015880
 0.0018098  0.0013377
 0.0020206  0.0012824
 0.0018243  0.0011120
 0.0020145  0.0009000
 0.0020327  0.0013482
 0.0022838  0.0008537
 0.0023815  0.0007596
 0.0024195  0.0006102
 0.0025761  0.0005339
 0.0024441  0.0002271
 0.0025979  0.0001693
 0.0020391  0.0002251
 0.0018849 -0.0000289
 0.0018239  0.0000252
 0.0016689  0.0000986
 0.0015720  0.0000389
 0.0016293  0.0003198
 0.0014387  0.0002605
 0.0015954  0.0002383
 0.0014755  0.0005633
 0.0009777  0.0006585
 0.0009538  0.0006234
 0.0002400  0.0007567
 0.0001007  0.0003404
-0.0003677  0.0003788
-0.0004671  0.0003982
-0.0002789  0.0000732
-0.0000504 -0.0000209
-0.0003573 -0.0004061
-0.0002794 -0.0009269
-0.0002943 -0.0011938
-0.0005777 -0.0012003
-0.0007868 -0.0011619
-0.0007246 -0.0012956
-0.0007460 -0.0013549
-0.0012406 -0.0015318
-0.0014332 -0.0014563
-0.0016843 -0.0016085
-0.0021434 -0.0019570
-0.0020638 -0.0022642
-0.0019512 -0.0024556
-0.0020299 -0.0023970
-0.0022419 -0.0019763
-0.0023154 -0.0021245
-0.0023747 -0.0019283
-0.0027377 -0.0018326
-0.0026549 -0.0013323
-0.0024009 -0.0015786
-0.0019782 -0.0013129
-0.0017876 -0.0013529
-0.0017690 -0.0016412
-0.0015611 -0.0017159
-0.0010839 -0.0017550
-0.0011001 -0.0021620
-0.0006951 -0.0023534
-0.0005747 -0.0024858
-0.0004807 -0.0028888
-0.0000931 -0.0030006
 0.0000616 -0.0030757
-0.0001467 -0.0032860
-0.0000712 -0.0033236
-0.0000716 -0.0032671
-0.0005307 -0.0032525
-0.0002279 -0.0029845
-0.0006555 -0.0033696
-0.0009801 -0.0032954
-0.0008848 -0.0034488
-0.0009268 -0.0041004
-0.0007193 -0.0043310
-0.0006987 -0.0048498
-0.0007230 -0.0056751
-0.0005671 -0.0059839
-0.0006289 -0.0060586
-0.0007605 -0.0061761
-0.0004343 -0.0057138
-0.0003758 -0.0053166
-0.0003188 -0.0050529
 0.0001011 -0.0049980
 0.0004871 -0.0046391
 0.0012279 -0.0043355
 0.0016865 -0.0040546
 0.0018932 -0.0042298
 0.0020797 -0.0038818
 0.0025521 -0.0035370
 0.0024911 -0.0031873
 0.0026599 -0.0028578
 0.0026005 -0.0023947
 0.0026764 -0.0016978
 0.0029477 -0.0008709
 0.0030075 -0.0003707
 0.0032195  0.0007986
 0.0034581  0.0015225
 0.0035966  0.0020013
 0.0032341  0.0028270
 0.0032220  0.0025904
 0.0029737  0.0032436
 0.0026503  0.0031822
 0.0023015  0.0028734
 0.0018045  0.0028560
 0.0015384  0.0028964
 0.0013450  0.0028403
 0.0010184  0.0028048
 0.0006199  0.0033228
 0.0008327  0.0037302
 0.0008133  0.0041376
 0.0003336  0.0041977
 0.0001414  0.0050816
 0.0000239  0.0050287
 0.0003643  0.0050121
-0.0000383  0.0049528
-0.0002357  0.0052584
-0.0005236  0.0053557
-0.0002418  0.0048167
-0.0001102  0.0045801
 0.0001575  0.0039636
 0.0004066  0.0036765
 0.0008285  0.0036175
 0.0010013  0.0038093
 0.0015214  0.0040205
 0.0015569  0.0043273
 0.0014999  0.0051352
 0.0015940  0.0051175
 0.0014030  0.0057485
 0.0010360  0.0057449
 0.0010938  0.0056867
 0.0010938  0.0055313
 0.0009609  0.0048735
 0.0010187  0.0047589
 0.0014228  0.0039926
 0.0010570  0.0037006
 0.0013574  0.0032036
 0.0014337  0.0026860
 0.0013356  0.0027930
 0.0012177  0.0022871
 0.0015067  0.0022463
 0.0013727  0.0022600
 0.0014317  0.0019507
 0.0007590  0.0022555
 0.0010085  0.0024703
 0.0004324  0.0025507
 0.0000448  0.0024025
-0.0003590  0.0028507
-0.0009925  0.0026489
-0.0014923  0.0021725
-0.0019361  0.0017970
-0.0022078  0.0010328
-0.0024524  0.0000573
-0.0022978 -0.0007098
-0.0022187 -0.0013065
-0.0019893 -0.0019202
-0.0018739 -0.0023236
-0.0015787 -0.0024762
-0.0017305 -0.0023195
-0.0016521 -0.0021306
-0.0016893 -0.0018996
-0.0018044 -0.0022428
-0.0018258 -0.0020865
-0.0017107 -0.0024103
-0.0012863 -0.0022153
-0.0011172 -0.0020199
-0.0007114 -0.0016937
-0.0008047 -0.0012681
-0.0003073 -0.0005736
 0.0000226 -0.0000956
 0.0000973 -0.0004214
 0.0008656 -0.0003580
 0.0009226 -0.0002021
 0.0008091 -0.0008752
 0.0011184 -0.0013714
 0.0005641 -0.0015971
 0.0004660 -0.0019988
 0.0005269 -0.0022059
 0.0002576 -0.0019152
 0.0003945 -0.0019160
 0.0006473 -0.0018219
 0.0009529 -0.0018639
 0.0013563 -0.0020549
 0.0017560 -0.0020949
 0.0018710 -0.0022697
 0.0022332 -0.0025390
 0.0019069 -0.0026004
 0.0018092 -0.0017792
 0.0013279 -0.0019145
 0.0010603 -0.0014542
-0.0000327 -0.0010924
-0.0005886 -0.0008801
-0.0009128 -0.0005881
-0.0016961 -0.0006455
-0.0020574 -0.0010443
-0.0022310 -0.0013479
-0.0023013 -0.0015236
-0.0024333 -0.0018853
-0.0024321 -0.0021922
-0.0022193 -0.0024841
-0.0025657 -0.0023525
-0.0030074 -0.0022984
-0.0028907 -0.0018377
-0.0033171 -0.0013763
-0.0035876 -0.0013948
-0.0037027 -0.0008166
-0.0035327 -0.0004888
-0.0039159 -0.0001234
-0.0038747  0.0000890
-0.0038404  0.0002065
-0.0042582 -0.0002417
-0.0041282 -0.0000911
-0.0044190 -0.0001711
-0.0042457 -0.0007654
-0.0044198 -0.0009596
-0.0043596 -0.0009766
-0.0047028 -0.0014162
-0.0048703 -0.0016250
-0.0050798 -0.0022532
-0.0053104 -0.0021224
-0.0051553 -0.0022960
-0.0053871 -0.0023376
-0.0055050 -0.0017828
-0.0055070 -0.0015721
-0.0057194 -0.0013815
-0.0060638 -0.0014966
-0.0061163 -0.0017469
-0.0061950 -0.0017494
-0.0061732 -0.0018257
-0.0061187 -0.0019189
-0.0061995 -0.0020324
-0.0067756 -0.0020324
-0.0068927 -0.0021611
-0.0069941 -0.0023880
-0.0071281 -0.0026000
-0.0069941 -0.0027708
-0.0064983 -0.0031564
-0.0059593 -0.0032908
-0.0055535 -0.0033151
-0.0052059 -0.0030878
-0.0048029 -0.0030135
-0.0041270 -0.0027660
-0.0038371 -0.0024434
-0.0032799 -0.0023712
-0.0032008 -0.0022916
-0.0029137 -0.0020825
-0.0028330 -0.0022541
-0.0027571 -0.0021741
-0.0025108 -0.0022884
-0.0022019 -0.0020933
-0.0021615 -0.0022468
-0.0018955 -0.0021135
-0.0015499 -0.0024587
-0.0010492 -0.0024785
-0.0011647 -0.0022694
-0.0011441 -0.0022710
-0.0013141 -0.0021992
-0.0013908 -0.0017446
-0.0015216 -0.0018464
-0.0010443 -0.0018904
-0.0008542 -0.0017604
-0.0002776 -0.0023023
 0.0001612 -0.0022247
 0.0004450 -0.0020733
 0.0005012 -0.0022894
 0.0007660 -0.0021360
 0.0012238 -0.0018360
 0.0009335 -0.0015639
 0.0008382 -0.0012950
 0.0008225 -0.0010846
 0.0007095 -0.0009481
 0.0004410 -0.0008343
 0.0004995 -0.0005852
 0.0007107 -0.0005291
 0.0006138 -0.0004858
 0.0009190 -0.0003889
 0.0014931 -0.0002516
 0.0019942 -0.0000142
 0.0023753  0.0002769
 0.0025716  0.0000149
 0.0024734  0.0002652
 0.0025502  0.0005753
 0.0021456  0.0007861
 0.0016486  0.0008236
 0.0013228  0.0007857
 0.0009521  0.0005366
 0.0007450  0.0005741
 0.0006465  0.0005709
 0.0008193  0.0007651
 0.0009000  0.0011115
 0.0013005  0.0017203
 0.0012771  0.0021600
 0.0017362  0.0024648
 0.0019275  0.0031903
 0.0017329  0.0034197
 0.0015036  0.0041856
 0.0015077  0.0044751
 0.0013385  0.0043757
 0.0011665  0.0043931
 0.0014572  0.0045053
 0.0016712  0.0046337
 0.0015347  0.0043050
