[PARAMETERS]
DW=1E-007
TAU=6.5E-005
TD=4096
BS=4096
NS=512
NSC=512
FR=56.120000
GAIN=4.974204
D0=0.05
D1=4.5E-006
D2=1E-005
D3=2.5E-005
D4=1E-005
D5=5E-005
D6=0.001
D7=0.001
D8=0.001
D9=0.05
C0=1
SEGTD=0
SEGOFF=0
SEGNUM=0
[ADDITIONAL]
PPFILE=ZG_TWO_T2.PC
DATEWR=27.09.2024
TIMEWR=09:00:49
DATESTA=27.09.2024
TIMESTA=09:00:10
DATEEND=27.09.2024
TIMEEND=09:00:49
CURR_Z0=0
CURR_Z1=1
TE=-1
[VARIABLES]
_USER=Measurements
_EMAIL_F=7NMR.NMR-270-ijs.si
_ITC_H=1
_ITC_R0= 35.00
_ITC_R1= 35.00
_ITC_R2= 53.10
_ITC_R3=  0.00
_ITC_R4=  0.00
_ITC_V=  2.45
_ITC_X=X0A1C1S00H1
_FW=100
_ORIENT=?
_THETA=0
_TITLE=?
_DESCR1=?
_DESCR2=?
_FR_LARM=56.12000000
_FR_SYNT=526.12000000
_TRIMLEV=1.85546875
_DATE=27.09.2024
_TIME=08:56:12
[PPFILE]
; pi/2 - pi


DELAY D9
PULSE [GT] 3u
PULSE [PHL1,GT] D1
DELAY TAU-3u
PULSE [GT] 3u
PULSE [PHL2,GT] 2*D1
DELAY TAU-D3
PULSE [TR] 1u+DW
DELAY 1m
STOP

;PHL 1 [+X] [+X] [+Y] [+Y] [-X] [-X] [-Y] [-Y]
;PHL 2 [+Y] [-Y] [-X] [+X] [-Y] [+Y] [+X] [-X]
;!RLS +X+X+Y+Y-X-X-Y-Y

PHL 1 [+X] [+X] [-X] [-X] [+Y] [+Y] [-Y] [-Y] [+X] [+X] [-X] [-X] [+Y] [+Y] [-Y] [-Y]
PHL 2 [+Y] [-Y] [-Y] [+Y] [-X] [+X] [+X] [-X] [+X] [-X] [-X] [+X] [-Y] [+Y] [+Y] [-Y]
!RLS +X+X-X-X+Y+Y-Y-Y-X-X+X+X-Y-Y+Y+Y
[DATA]
 0.0000573 -0.0000003
 0.0000036  0.0000150
-0.0001254  0.0000589
 0.0000681 -0.0000960
 0.0000238  0.0000911
 0.0001348  0.0000761
-0.0002073  0.0000580
 0.0000388  0.0000733
 0.0000480  0.0000821
-0.0000143  0.0001053
-0.0000061  0.0000327
-0.0000672  0.0001241
 0.0001295  0.0001012
-0.0000950  0.0000375
 0.0001268  0.0000186
-0.0000573 -0.0000093
 0.0000146 -0.0000337
 0.0000925 -0.0000424
-0.0001766 -0.0000674
-0.0000437  0.0000919
 0.0000779 -0.0001770
-0.0001563 -0.0000517
-0.0001299  0.0000532
-0.0001522 -0.0000612
-0.0000389 -0.0001094
-0.0000902 -0.0002200
-0.0001715 -0.0002380
-0.0001287 -0.0001421
-0.0001437 -0.0000371
-0.0001062 -0.0000002
-0.0001964  0.0000246
-0.0000679 -0.0000609
-0.0001430 -0.0000623
-0.0000665 -0.0000238
-0.0000476 -0.0000604
-0.0000514 -0.0000510
-0.0000039  0.0000667
-0.0001231 -0.0000990
-0.0001045 -0.0001365
 0.0000642 -0.0001287
-0.0000371 -0.0000567
-0.0000562 -0.0001100
 0.0000209  0.0000242
-0.0000664 -0.0000718
-0.0000465 -0.0000768
-0.0001433  0.0000920
-0.0001147  0.0000772
-0.0001322  0.0000734
-0.0002343  0.0000756
-0.0000669 -0.0000525
-0.0000703 -0.0000422
-0.0000609 -0.0001004
-0.0000514 -0.0000515
-0.0000561  0.0000488
 0.0000162  0.0000674
-0.0000235  0.0000089
 0.0000576  0.0001317
 0.0000243  0.0000484
 0.0000248  0.0000575
 0.0000023  0.0000773
-0.0001390  0.0000672
 0.0000190  0.0000919
-0.0001527  0.0001208
-0.0000373  0.0000145
-0.0001536  0.0000866
-0.0000521  0.0000814
 0.0001312 -0.0000146
 0.0000000  0.0000434
-0.0001154 -0.0000764
-0.0001135  0.0000421
 0.0000106  0.0000620
-0.0000804  0.0001193
-0.0000129 -0.0000162
-0.0000326  0.0000095
-0.0001143  0.0000753
 0.0000485 -0.0000777
-0.0000668  0.0000279
 0.0000431 -0.0000189
-0.0000627  0.0000424
 0.0001350 -0.0000236
 0.0000100 -0.0000137
-0.0000381 -0.0000475
 0.0001878 -0.0000194
-0.0000004  0.0001398
 0.0001048  0.0001391
-0.0000635  0.0000425
 0.0000055  0.0002067
-0.0000349  0.0001297
-0.0000256  0.0001068
 0.0000233  0.0000528
 0.0000054  0.0000585
 0.0000323  0.0000434
 0.0000000  0.0000145
 0.0000544  0.0000855
 0.0000284  0.0001048
 0.0000291  0.0000473
 0.0001164 -0.0000293
 0.0000912  0.0000652
-0.0000149  0.0001188
 0.0000917  0.0000425
-0.0000920  0.0000958
-0.0000427  0.0000048
-0.0000580  0.0000381
-0.0000341  0.0000960
-0.0000282 -0.0000333
-0.0001062  0.0000003
-0.0000716  0.0000288
-0.0000376 -0.0000386
-0.0000051  0.0000427
 0.0000004 -0.0000909
-0.0000900 -0.0001735
-0.0000865  0.0000572
-0.0000288 -0.0001339
-0.0000233 -0.0000775
 0.0001535  0.0000050
 0.0000776 -0.0000090
-0.0000531 -0.0000683
-0.0000523 -0.0000017
 0.0000004  0.0000463
-0.0000572 -0.0001410
-0.0001008 -0.0000839
-0.0000281 -0.0001783
-0.0000189 -0.0000444
 0.0000197 -0.0000783
 0.0000104 -0.0001948
 0.0001146 -0.0000357
 0.0000536 -0.0000441
 0.0000105 -0.0000810
 0.0000632 -0.0000708
 0.0000723 -0.0001097
 0.0000631 -0.0001050
-0.0000099 -0.0001249
 0.0000905 -0.0000571
 0.0000434 -0.0000716
-0.0000477 -0.0001766
 0.0000772 -0.0000473
-0.0000413 -0.0001740
 0.0000583 -0.0000528
 0.0001154  0.0000093
 0.0000110  0.0002148
 0.0003292  0.0004171
 0.0002443  0.0007978
 0.0004824  0.0012723
 0.0004375  0.0015962
 0.0006453  0.0020832
 0.0006037  0.0021322
 0.0008922  0.0021575
 0.0008678  0.0022023
 0.0010133  0.0021392
 0.0012473  0.0021943
 0.0013485  0.0025184
 0.0013303  0.0028138
 0.0012198  0.0028109
 0.0012184  0.0030696
 0.0011022  0.0032720
 0.0010474  0.0032450
 0.0013768  0.0033109
 0.0015897  0.0031425
 0.0017266  0.0029019
 0.0021767  0.0028082
 0.0024957  0.0027356
 0.0025376  0.0027407
 0.0026275  0.0027200
 0.0024808  0.0024516
 0.0022618  0.0023386
 0.0020650  0.0021433
 0.0018256  0.0021012
 0.0016313  0.0020247
 0.0012097  0.0022008
 0.0008529  0.0021669
 0.0004210  0.0022845
 0.0000987  0.0021145
-0.0002936  0.0015543
-0.0004614  0.0012386
-0.0008724  0.0006139
-0.0010019  0.0002160
-0.0012639 -0.0002629
-0.0014384 -0.0005221
-0.0014264 -0.0008057
-0.0016977 -0.0011079
-0.0015071 -0.0011390
-0.0015192 -0.0011847
-0.0017085 -0.0012925
-0.0018031 -0.0013935
-0.0021714 -0.0012080
-0.0025916 -0.0012578
-0.0029122 -0.0013406
-0.0034266 -0.0013757
-0.0037621 -0.0017619
-0.0039791 -0.0021751
-0.0040004 -0.0025465
-0.0038094 -0.0029448
-0.0033382 -0.0030478
-0.0028463 -0.0030973
-0.0024301 -0.0027877
-0.0019462 -0.0024906
-0.0016775 -0.0021114
-0.0015184 -0.0019868
-0.0013826 -0.0019453
-0.0014113 -0.0016401
-0.0013138 -0.0017197
-0.0012800 -0.0016178
-0.0012231 -0.0012892
-0.0011472 -0.0012078
-0.0009176 -0.0011069
-0.0004082 -0.0010813
 0.0001083 -0.0010834
 0.0003043 -0.0011158
 0.0008413 -0.0011287
 0.0010913 -0.0009832
 0.0014956 -0.0008138
 0.0018072 -0.0004990
 0.0020775 -0.0000844
 0.0021773  0.0005218
 0.0022574  0.0011140
 0.0024047  0.0016349
 0.0023501  0.0022085
 0.0024886  0.0024255
 0.0024808  0.0027514
 0.0024682  0.0025928
 0.0024898  0.0026465
 0.0025952  0.0027639
 0.0023564  0.0027979
 0.0023992  0.0031501
 0.0024213  0.0033312
 0.0020923  0.0036123
 0.0023110  0.0037452
 0.0024437  0.0037736
 0.0024750  0.0038897
 0.0024488  0.0039411
 0.0028219  0.0038266
 0.0030187  0.0040236
 0.0029186  0.0040078
 0.0032220  0.0039549
 0.0032887  0.0038821
 0.0032792  0.0038214
 0.0033119  0.0034481
 0.0032278  0.0030562
 0.0035549  0.0026597
 0.0036824  0.0021811
 0.0040942  0.0016875
 0.0045911  0.0013072
 0.0051823  0.0005746
 0.0056679  0.0002449
 0.0061407  0.0000308
 0.0064704 -0.0003667
 0.0065613 -0.0004559
 0.0069055 -0.0005424
 0.0070808 -0.0006828
 0.0074075 -0.0006403
 0.0077045 -0.0007428
 0.0082631 -0.0009360
 0.0088087 -0.0006863
 0.0091661 -0.0006064
 0.0096355 -0.0005594
 0.0098258 -0.0003292
 0.0099776 -0.0002598
 0.0104767 -0.0002207
 0.0109679 -0.0002486
 0.0114339 -0.0004673
 0.0119876 -0.0005732
 0.0126692 -0.0007800
 0.0132873 -0.0010372
 0.0138622 -0.0010611
 0.0143696 -0.0008973
 0.0150305 -0.0007900
 0.0154487 -0.0005879
 0.0162572 -0.0001910
 0.0167893 -0.0001002
 0.0176192  0.0000417
 0.0185248  0.0002494
 0.0193657  0.0002021
 0.0201872  0.0000247
 0.0209794 -0.0000944
 0.0217002 -0.0002141
 0.0220522 -0.0002965
 0.0225340 -0.0003436
 0.0230335 -0.0005322
 0.0233500 -0.0006696
 0.0238764 -0.0009144
 0.0243771 -0.0010581
 0.0251820 -0.0010694
 0.0259567 -0.0010602
 0.0266618 -0.0006345
 0.0274075 -0.0006955
 0.0280830 -0.0006206
 0.0285747 -0.0004811
 0.0290532 -0.0005944
 0.0297616 -0.0003725
 0.0304328 -0.0004261
 0.0309097 -0.0004993
 0.0315837 -0.0004366
 0.0320427 -0.0005724
 0.0327647 -0.0008223
 0.0332260 -0.0009985
 0.0339241 -0.0011958
 0.0347112 -0.0016314
 0.0356153 -0.0018604
 0.0365835 -0.0021410
 0.0374410 -0.0026408
 0.0384347 -0.0031391
 0.0392510 -0.0034214
 0.0397971 -0.0034928
 0.0406294 -0.0037475
 0.0409026 -0.0036019
 0.0413217 -0.0033727
 0.0416406 -0.0033210
 0.0419384 -0.0030515
 0.0426261 -0.0027466
 0.0430703 -0.0027752
 0.0438060 -0.0028320
 0.0446689 -0.0031213
 0.0452872 -0.0035635
 0.0460902 -0.0040039
 0.0468942 -0.0045495
 0.0474670 -0.0052644
 0.0480792 -0.0055715
 0.0484863 -0.0060461
 0.0487414 -0.0062376
 0.0490694 -0.0063682
 0.0491401 -0.0066018
 0.0494039 -0.0068561
 0.0497004 -0.0070328
 0.0498519 -0.0074369
 0.0500180 -0.0078049
 0.0504237 -0.0081041
 0.0505938 -0.0086671
 0.0509557 -0.0092423
 0.0514510 -0.0096050
 0.0518010 -0.0101251
 0.0521233 -0.0105220
 0.0525843 -0.0105402
 0.0526001 -0.0105278
 0.0525008 -0.0105685
 0.0525750 -0.0105880
 0.0521681 -0.0106189
 0.0519217 -0.0105004
 0.0519115 -0.0105494
 0.0515368 -0.0105112
 0.0514118 -0.0104119
 0.0513418 -0.0103743
 0.0509348 -0.0103676
 0.0506684 -0.0103157
 0.0503055 -0.0106473
 0.0500161 -0.0109306
 0.0497952 -0.0113762
 0.0496403 -0.0116537
 0.0495719 -0.0119184
 0.0495946 -0.0119163
 0.0495334 -0.0120644
 0.0493861 -0.0120631
 0.0490047 -0.0122064
 0.0486453 -0.0121599
 0.0482661 -0.0125051
 0.0476172 -0.0127618
 0.0474287 -0.0128235
 0.0468251 -0.0130589
 0.0466678 -0.0129849
 0.0463327 -0.0128258
 0.0457226 -0.0126820
 0.0453368 -0.0122043
 0.0446067 -0.0118676
 0.0440577 -0.0113932
 0.0434977 -0.0108179
 0.0428678 -0.0102908
 0.0420481 -0.0097025
 0.0416144 -0.0092460
 0.0411098 -0.0090628
 0.0405071 -0.0087575
 0.0399783 -0.0085391
 0.0393030 -0.0083534
 0.0385332 -0.0080793
 0.0377452 -0.0078890
 0.0367653 -0.0076683
 0.0360480 -0.0075500
 0.0351445 -0.0072865
 0.0341898 -0.0071717
 0.0335885 -0.0069320
 0.0330237 -0.0066028
 0.0324473 -0.0065109
 0.0319514 -0.0063118
 0.0318852 -0.0061237
 0.0314864 -0.0064496
 0.0311593 -0.0062565
 0.0308590 -0.0064706
 0.0302681 -0.0066671
 0.0296797 -0.0065023
 0.0289455 -0.0064205
 0.0279392 -0.0062667
 0.0272760 -0.0061568
 0.0264191 -0.0058747
 0.0257964 -0.0056081
 0.0253574 -0.0053308
 0.0247517 -0.0051295
 0.0242369 -0.0049814
 0.0237472 -0.0047152
 0.0230023 -0.0046569
 0.0223004 -0.0047563
 0.0218892 -0.0048058
 0.0210240 -0.0049286
 0.0205718 -0.0049238
 0.0202271 -0.0049110
 0.0196842 -0.0049330
 0.0191218 -0.0050009
 0.0186044 -0.0045360
 0.0177860 -0.0042666
 0.0170034 -0.0038668
 0.0162378 -0.0034751
 0.0155776 -0.0033437
 0.0149768 -0.0031446
 0.0147191 -0.0030793
 0.0143624 -0.0031331
 0.0139250 -0.0032888
 0.0135800 -0.0034004
 0.0128471 -0.0035158
 0.0124935 -0.0036434
 0.0117970 -0.0037842
 0.0111594 -0.0041670
 0.0106923 -0.0044411
 0.0103981 -0.0048063
 0.0100066 -0.0051714
 0.0098727 -0.0056192
 0.0096734 -0.0056114
 0.0094786 -0.0057165
 0.0093193 -0.0055304
 0.0092134 -0.0053535
 0.0089342 -0.0051384
 0.0089691 -0.0049506
 0.0090532 -0.0048762
 0.0091096 -0.0044958
 0.0093171 -0.0046311
 0.0092093 -0.0045019
 0.0091063 -0.0044579
 0.0088297 -0.0046200
 0.0086328 -0.0047594
 0.0083200 -0.0048035
 0.0081941 -0.0046140
 0.0081477 -0.0045401
 0.0079331 -0.0041691
 0.0081182 -0.0036936
 0.0077692 -0.0035049
 0.0074686 -0.0032966
 0.0071664 -0.0032197
 0.0066586 -0.0035268
 0.0061933 -0.0035249
 0.0056336 -0.0037614
 0.0051462 -0.0037889
 0.0045930 -0.0035010
 0.0041138 -0.0032184
 0.0037364 -0.0028377
 0.0033936 -0.0024215
 0.0031778 -0.0021071
 0.0027598 -0.0017553
 0.0024259 -0.0012666
 0.0020931 -0.0009562
 0.0014588 -0.0008208
 0.0011338 -0.0003074
 0.0007838 -0.0002065
 0.0003007  0.0000021
 0.0003234  0.0001883
 0.0003968  0.0001148
 0.0004262 -0.0001233
 0.0006994 -0.0000416
 0.0009985 -0.0001851
 0.0012007 -0.0004505
 0.0014059 -0.0003859
 0.0013873 -0.0005937
 0.0011650 -0.0005834
 0.0012017 -0.0007294
 0.0009248 -0.0009529
 0.0008861 -0.0011395
 0.0009669 -0.0014286
 0.0009065 -0.0019594
 0.0010615 -0.0023413
 0.0011911 -0.0025296
 0.0012147 -0.0028598
 0.0012302 -0.0030875
 0.0012688 -0.0031058
 0.0009593 -0.0029776
 0.0009203 -0.0029408
 0.0005839 -0.0028565
 0.0001974 -0.0027185
 0.0001216 -0.0025902
 0.0000090 -0.0026111
-0.0002130 -0.0022407
-0.0002851 -0.0021126
-0.0003635 -0.0018525
-0.0005440 -0.0019963
-0.0004859 -0.0018089
-0.0003236 -0.0019390
-0.0001751 -0.0021477
 0.0002327 -0.0023722
 0.0004700 -0.0023623
 0.0004731 -0.0023347
 0.0007976 -0.0020840
 0.0008384 -0.0018502
 0.0007899 -0.0013728
 0.0006815 -0.0009170
 0.0005924 -0.0006730
 0.0002592 -0.0003260
 0.0001113  0.0000969
-0.0003255  0.0000965
-0.0009337  0.0001711
-0.0011799  0.0003337
-0.0013974 -0.0000448
-0.0014350 -0.0002037
-0.0013649 -0.0004151
-0.0012655 -0.0005248
-0.0013596 -0.0005766
-0.0012286 -0.0006759
-0.0010638 -0.0008946
-0.0009217 -0.0009431
-0.0004446 -0.0011472
-0.0000804 -0.0013860
 0.0004391 -0.0016595
 0.0008779 -0.0020662
 0.0014701 -0.0021430
 0.0017215 -0.0023874
 0.0021490 -0.0026481
 0.0026434 -0.0026332
 0.0030672 -0.0023909
 0.0032974 -0.0021200
 0.0036019 -0.0018194
 0.0037346 -0.0013711
 0.0035304 -0.0009388
 0.0036165 -0.0008247
 0.0034331 -0.0004855
 0.0031630 -0.0005888
 0.0031825 -0.0005070
 0.0030930 -0.0005605
 0.0028900 -0.0008610
 0.0025076 -0.0010578
 0.0019931 -0.0011675
 0.0014660 -0.0016239
 0.0008068 -0.0017430
 0.0002899 -0.0017744
-0.0000602 -0.0017493
-0.0002203 -0.0012549
-0.0002726 -0.0010306
-0.0003066 -0.0006522
-0.0000514 -0.0000606
 0.0000814  0.0002457
 0.0002458  0.0008050
 0.0003509  0.0012487
 0.0003795  0.0012733
 0.0001378  0.0013239
 0.0002499  0.0012883
 0.0001128  0.0011372
 0.0000618  0.0011715
-0.0000676  0.0010800
-0.0000857  0.0011910
-0.0004709  0.0013547
-0.0006223  0.0015234
-0.0010128  0.0018254
-0.0013233  0.0020462
-0.0017618  0.0021999
-0.0020490  0.0021627
-0.0023796  0.0020538
-0.0027233  0.0018397
-0.0028009  0.0019916
-0.0028806  0.0019204
-0.0029364  0.0017748
-0.0030929  0.0015891
-0.0030959  0.0014812
-0.0032912  0.0010940
-0.0033822  0.0005919
-0.0034735  0.0003630
-0.0035341  0.0000948
-0.0035068 -0.0002629
-0.0036736 -0.0002091
-0.0034655 -0.0002496
-0.0033490 -0.0000791
-0.0032342  0.0001576
-0.0029338  0.0001465
-0.0027576  0.0003051
-0.0024454  0.0005585
-0.0024609  0.0008671
-0.0024960  0.0010947
-0.0026720  0.0014972
-0.0029341  0.0015431
-0.0030408  0.0015797
-0.0035600  0.0016124
-0.0039302  0.0015390
-0.0040410  0.0014326
-0.0042416  0.0012463
-0.0042962  0.0011317
-0.0040607  0.0010777
-0.0038343  0.0010902
-0.0037036  0.0008782
-0.0032778  0.0007878
-0.0027806  0.0007872
-0.0021280  0.0007816
-0.0014282  0.0008712
-0.0010311  0.0009902
-0.0004285  0.0012404
-0.0000199  0.0017828
 0.0000844  0.0022620
 0.0001538  0.0024404
 0.0000630  0.0029707
 0.0000840  0.0028372
 0.0001848  0.0026162
 0.0003992  0.0023969
 0.0004933  0.0020621
 0.0008675  0.0015667
 0.0012596  0.0011146
 0.0015148  0.0009301
 0.0015752  0.0007308
 0.0018306  0.0007129
 0.0016184  0.0004567
 0.0014812  0.0004842
 0.0013465  0.0003383
 0.0013361  0.0002784
 0.0014383  0.0001669
 0.0017242  0.0001485
 0.0017469  0.0000081
 0.0016799 -0.0001204
 0.0015774 -0.0002863
 0.0014202 -0.0006482
 0.0012090 -0.0007822
 0.0009746 -0.0008205
 0.0007650 -0.0006402
 0.0005868 -0.0003872
 0.0002332  0.0000898
 0.0000561  0.0005996
-0.0003315  0.0010470
-0.0008606  0.0015420
-0.0013074  0.0014888
-0.0016908  0.0012057
-0.0020551  0.0008313
-0.0023437  0.0003751
-0.0024895  0.0000250
-0.0025158 -0.0004342
-0.0026308 -0.0005151
-0.0025619 -0.0006797
-0.0024328 -0.0005048
-0.0023534 -0.0004177
-0.0022496 -0.0001431
-0.0020252  0.0002163
-0.0019878  0.0004789
-0.0020548  0.0007902
-0.0021246  0.0008983
-0.0020743  0.0011603
-0.0020130  0.0011749
-0.0016878  0.0013560
-0.0011243  0.0014721
-0.0005562  0.0016374
 0.0001458  0.0015676
 0.0008625  0.0013616
 0.0012334  0.0011437
 0.0015838  0.0006702
 0.0018621  0.0004449
 0.0019871  0.0001452
 0.0019807  0.0000863
 0.0017892  0.0001744
 0.0016077  0.0003777
 0.0015906  0.0009588
 0.0015168  0.0013808
 0.0015760  0.0020382
 0.0015170  0.0024942
 0.0017052  0.0028903
 0.0017185  0.0028563
 0.0016244  0.0026989
 0.0017157  0.0023920
 0.0015244  0.0021862
 0.0015378  0.0017092
 0.0014050  0.0015846
 0.0012765  0.0014870
 0.0013330  0.0014893
 0.0017576  0.0013959
 0.0019962  0.0011735
 0.0024657  0.0011615
 0.0030363  0.0010208
 0.0033959  0.0008201
 0.0037405  0.0007406
 0.0038431  0.0006132
 0.0037581  0.0004414
 0.0036878  0.0003054
 0.0036804  0.0000279
 0.0035011 -0.0001780
 0.0037275 -0.0002293
 0.0037793 -0.0003883
 0.0037573 -0.0001233
 0.0035550  0.0001540
 0.0033192  0.0004399
 0.0028922  0.0005938
 0.0027390  0.0006967
 0.0024750  0.0007924
 0.0021617  0.0006399
 0.0019510  0.0003324
 0.0016045 -0.0000048
 0.0015001 -0.0003848
 0.0012654 -0.0006703
 0.0011474 -0.0009486
 0.0012156 -0.0008190
 0.0011017 -0.0007136
 0.0009176 -0.0005136
 0.0010308 -0.0002830
 0.0011081 -0.0000890
 0.0011245 -0.0000785
 0.0015237  0.0001593
 0.0017696  0.0000712
 0.0020240  0.0000889
 0.0024528  0.0001061
 0.0028071  0.0001775
 0.0029839  0.0003393
 0.0033717  0.0006755
 0.0036253  0.0011215
 0.0038045  0.0015634
 0.0040903  0.0019475
 0.0041097  0.0021397
 0.0039647  0.0022230
 0.0038386  0.0023649
 0.0037711  0.0024959
 0.0034268  0.0026607
 0.0033415  0.0028857
 0.0030884  0.0030197
 0.0028011  0.0030349
 0.0026037  0.0030941
 0.0022549  0.0028510
 0.0019905  0.0026464
 0.0015642  0.0025344
 0.0010860  0.0025081
 0.0004619  0.0024209
-0.0000810  0.0024656
-0.0005690  0.0025719
-0.0011952  0.0025409
-0.0015348  0.0026352
-0.0018731  0.0025141
-0.0019427  0.0022576
-0.0019118  0.0018872
-0.0016775  0.0015212
-0.0013412  0.0013658
-0.0009356  0.0012090
-0.0007254  0.0008670
-0.0004231  0.0009582
-0.0001020  0.0010270
-0.0001738  0.0009705
-0.0001466  0.0008933
-0.0002052  0.0007390
-0.0004512  0.0004551
-0.0005484 -0.0000229
-0.0006313 -0.0003737
-0.0008156 -0.0008838
-0.0005791 -0.0009353
-0.0003313 -0.0008897
-0.0000050 -0.0004945
 0.0005553 -0.0001091
 0.0007898  0.0005504
 0.0009242  0.0006318
 0.0011931  0.0005763
 0.0013042  0.0002312
 0.0011563 -0.0003750
 0.0013103 -0.0011376
 0.0012994 -0.0016887
 0.0014682 -0.0021674
 0.0017340 -0.0029471
 0.0019398 -0.0029248
 0.0025190 -0.0032488
 0.0029644 -0.0033908
 0.0031223 -0.0032223
 0.0035952 -0.0031313
 0.0036569 -0.0027881
 0.0035757 -0.0025270
 0.0031881 -0.0022839
 0.0028531 -0.0020111
 0.0024392 -0.0016861
 0.0017480 -0.0014063
 0.0015050 -0.0009384
 0.0012206 -0.0006911
 0.0010214 -0.0005675
 0.0009853 -0.0005067
 0.0006539 -0.0002364
 0.0004998 -0.0001828
 0.0001180 -0.0004068
-0.0000973 -0.0005579
-0.0001657 -0.0003978
-0.0002757 -0.0002874
-0.0001918  0.0000548
-0.0001742  0.0004334
-0.0000203  0.0009748
 0.0000394  0.0012392
-0.0000594  0.0013209
 0.0000974  0.0013235
 0.0001197  0.0014758
 0.0002355  0.0013697
-0.0001891  0.0015457
-0.0004247  0.0017640
-0.0004723  0.0022182
-0.0005740  0.0024903
-0.0005756  0.0029203
-0.0003730  0.0032200
-0.0003349  0.0033193
 0.0000192  0.0032576
 0.0001523  0.0032321
 0.0003139  0.0029604
 0.0005051  0.0029424
 0.0006148  0.0028171
 0.0006638  0.0028047
 0.0008527  0.0030054
 0.0006843  0.0030224
 0.0005633  0.0030346
 0.0005533  0.0027663
 0.0008266  0.0024675
 0.0007435  0.0021632
 0.0011854  0.0020046
 0.0010660  0.0018138
 0.0010510  0.0016569
 0.0009972  0.0017084
 0.0008956  0.0015149
 0.0009044  0.0016224
 0.0013415  0.0017102
 0.0015557  0.0019416
 0.0017932  0.0022626
 0.0021719  0.0025622
 0.0021604  0.0028172
 0.0020443  0.0030947
 0.0019149  0.0033555
 0.0016789  0.0033979
 0.0013318  0.0031898
 0.0010778  0.0029665
 0.0010654  0.0025860
 0.0008409  0.0022554
 0.0007325  0.0020064
 0.0002497  0.0015161
-0.0001480  0.0012791
-0.0007481  0.0011237
-0.0013702  0.0009920
-0.0017618  0.0007548
-0.0022592  0.0008330
-0.0027998  0.0006336
-0.0029156  0.0004299
-0.0028128  0.0000908
-0.0028917 -0.0003838
-0.0025069 -0.0008178
-0.0018541 -0.0011930
-0.0014594 -0.0012672
-0.0007794 -0.0012641
-0.0002621 -0.0010598
 0.0000723 -0.0011788
 0.0003907 -0.0013959
 0.0004382 -0.0016611
 0.0005000 -0.0020265
 0.0006165 -0.0022641
 0.0002197 -0.0027777
 0.0000200 -0.0029710
-0.0003292 -0.0032590
-0.0005802 -0.0034711
-0.0005133 -0.0036584
-0.0003278 -0.0039238
 0.0000745 -0.0041610
 0.0005409 -0.0043822
 0.0010207 -0.0044722
 0.0012982 -0.0045923
 0.0017528 -0.0044299
 0.0021331 -0.0042162
 0.0023672 -0.0038627
 0.0029989 -0.0035738
 0.0028892 -0.0032897
 0.0028434 -0.0029834
 0.0030997 -0.0026109
 0.0032564 -0.0023081
 0.0033097 -0.0020563
 0.0036218 -0.0015740
 0.0038113 -0.0012276
 0.0036617 -0.0009189
 0.0035577 -0.0003827
 0.0031860 -0.0000156
 0.0025454  0.0001869
 0.0020404  0.0003614
 0.0016167  0.0006426
 0.0012880  0.0007184
 0.0010378  0.0010315
 0.0008651  0.0012367
 0.0006653  0.0015533
 0.0004947  0.0016240
 0.0001500  0.0017227
-0.0002826  0.0018774
-0.0005951  0.0018459
-0.0009509  0.0018319
-0.0010905  0.0020114
-0.0010716  0.0020096
-0.0010153  0.0021255
-0.0010591  0.0023734
-0.0011847  0.0023911
-0.0012456  0.0023411
-0.0014784  0.0022301
-0.0016884  0.0021163
-0.0017965  0.0022617
-0.0021297  0.0022588
-0.0022000  0.0024774
-0.0022360  0.0026856
-0.0022713  0.0028605
-0.0018979  0.0026679
-0.0016359  0.0025456
-0.0012120  0.0021517
-0.0010414  0.0018599
-0.0009420  0.0014945
-0.0008179  0.0011965
-0.0008466  0.0011012
-0.0008131  0.0011310
-0.0009163  0.0008823
-0.0008844  0.0010075
-0.0010401  0.0008995
-0.0010514  0.0008323
-0.0012142  0.0006206
-0.0013836  0.0004035
-0.0014256  0.0000286
-0.0016794 -0.0004575
-0.0021077 -0.0009615
-0.0020910 -0.0011716
-0.0022238 -0.0017319
-0.0020462 -0.0018321
-0.0017384 -0.0021830
-0.0013219 -0.0024399
-0.0005780 -0.0025782
 0.0000196 -0.0026603
 0.0003963 -0.0027133
 0.0008069 -0.0024228
 0.0008888 -0.0022538
 0.0007065 -0.0020282
 0.0007148 -0.0015160
 0.0008850 -0.0014756
 0.0009235 -0.0012360
 0.0012628 -0.0009537
 0.0015154 -0.0008052
 0.0018388 -0.0004881
 0.0020678 -0.0002667
 0.0021840 -0.0002274
 0.0021131 -0.0003381
 0.0023331 -0.0004575
 0.0023379 -0.0007618
 0.0021818 -0.0010761
 0.0022669 -0.0010600
 0.0021545 -0.0012296
 0.0019577 -0.0009256
 0.0021971 -0.0008549
 0.0022579 -0.0005517
 0.0026137 -0.0000989
 0.0029449  0.0004363
 0.0033916  0.0007612
 0.0036954  0.0013052
 0.0040232  0.0016225
 0.0041874  0.0019414
 0.0042820  0.0021874
 0.0042939  0.0021964
 0.0043871  0.0020574
 0.0044089  0.0016407
 0.0042769  0.0013474
 0.0041098  0.0009718
 0.0036955  0.0008662
 0.0032901  0.0008741
 0.0027596  0.0008759
 0.0021433  0.0009495
 0.0016125  0.0006589
 0.0012972  0.0006057
 0.0010394  0.0002465
 0.0008859  0.0001072
 0.0007554 -0.0001614
 0.0007675 -0.0004264
 0.0006691 -0.0007474
 0.0005059 -0.0009832
 0.0006484 -0.0010741
 0.0006821 -0.0012028
 0.0007966 -0.0010988
 0.0010366 -0.0010393
 0.0010260 -0.0010289
 0.0012103 -0.0010419
 0.0013027 -0.0009187
 0.0013850 -0.0009514
 0.0014722 -0.0008022
 0.0014421 -0.0007892
 0.0012783 -0.0007490
 0.0011956 -0.0008916
 0.0013646 -0.0010592
 0.0013349 -0.0013460
 0.0015833 -0.0016104
 0.0019430 -0.0019007
 0.0019892 -0.0020193
 0.0020789 -0.0020402
 0.0020020 -0.0019157
 0.0017546 -0.0019300
 0.0013905 -0.0018235
 0.0010582 -0.0017324
 0.0007083 -0.0020137
 0.0007225 -0.0019650
 0.0009708 -0.0023250
 0.0010981 -0.0024092
 0.0014258 -0.0028477
 0.0016142 -0.0029747
 0.0019310 -0.0033157
 0.0022043 -0.0034842
 0.0023705 -0.0033710
 0.0026491 -0.0031113
 0.0026120 -0.0026054
 0.0025205 -0.0019897
 0.0022880 -0.0015352
 0.0019071 -0.0013059
 0.0014613 -0.0012723
 0.0011705 -0.0014332
 0.0011741 -0.0017487
 0.0008830 -0.0019996
 0.0007621 -0.0019784
 0.0007541 -0.0019541
 0.0005598 -0.0018807
 0.0000524 -0.0016132
-0.0003374 -0.0016539
-0.0007993 -0.0017664
-0.0010838 -0.0019530
-0.0012870 -0.0022108
-0.0014530 -0.0025794
-0.0015242 -0.0028811
-0.0016981 -0.0030318
-0.0018422 -0.0031427
-0.0020830 -0.0031948
-0.0023987 -0.0030103
-0.0025712 -0.0027047
-0.0026220 -0.0025879
-0.0025634 -0.0022739
-0.0024003 -0.0020874
-0.0022759 -0.0018744
-0.0020783 -0.0017505
-0.0018059 -0.0016322
-0.0017865 -0.0015713
-0.0013181 -0.0012668
-0.0016055 -0.0010643
-0.0015282 -0.0007013
-0.0017702 -0.0005467
-0.0021378 -0.0001049
-0.0022953  0.0001156
-0.0025113  0.0004316
-0.0023756  0.0006236
-0.0023889  0.0009813
-0.0020511  0.0013535
-0.0019542  0.0017897
-0.0018044  0.0021990
-0.0016647  0.0025120
-0.0015631  0.0027164
-0.0015126  0.0028536
-0.0016332  0.0027318
-0.0018970  0.0025525
-0.0020110  0.0019810
-0.0025408  0.0013565
-0.0026808  0.0007461
-0.0028552  0.0003771
-0.0033683 -0.0000546
-0.0033821 -0.0000814
-0.0035655 -0.0002439
-0.0036000 -0.0002669
-0.0034835 -0.0001624
-0.0031990  0.0000903
-0.0030024  0.0002519
-0.0026727  0.0003671
-0.0026276  0.0003705
-0.0028069  0.0004118
-0.0027333  0.0003444
-0.0028203  0.0002352
-0.0029697  0.0002931
-0.0029289  0.0002856
-0.0031043  0.0004102
-0.0033068  0.0004825
-0.0032826  0.0004359
-0.0036699  0.0005009
-0.0037002  0.0004011
-0.0037840  0.0002141
-0.0034315 -0.0002048
-0.0030808 -0.0005413
-0.0024874 -0.0009065
-0.0019253 -0.0012454
-0.0013220 -0.0015077
-0.0006805 -0.0016612
-0.0003956 -0.0017043
-0.0001820 -0.0016655
-0.0001041 -0.0015946
-0.0000904 -0.0013113
-0.0001735 -0.0014568
-0.0003554 -0.0014576
-0.0004702 -0.0014392
-0.0005495 -0.0020103
-0.0006768 -0.0022635
-0.0007155 -0.0026437
-0.0006357 -0.0027783
-0.0006211 -0.0025416
-0.0006191 -0.0022071
-0.0005388 -0.0016802
-0.0003733 -0.0010674
-0.0000673 -0.0006238
 0.0003533 -0.0002786
 0.0005597 -0.0003083
 0.0006947 -0.0003170
 0.0010314 -0.0005262
 0.0013797 -0.0008061
 0.0016264 -0.0010284
 0.0020259 -0.0011449
 0.0022533 -0.0012913
 0.0021987 -0.0016217
 0.0022303 -0.0018206
 0.0022958 -0.0020319
 0.0023921 -0.0024090
 0.0023698 -0.0024920
 0.0022009 -0.0025967
 0.0023778 -0.0029555
 0.0025598 -0.0029755
 0.0027294 -0.0028770
 0.0026411 -0.0027476
 0.0026955 -0.0027009
 0.0026038 -0.0024483
 0.0024912 -0.0022274
 0.0025274 -0.0021815
 0.0026419 -0.0022050
 0.0024578 -0.0018739
 0.0023750 -0.0017296
 0.0022113 -0.0013805
 0.0018333 -0.0006587
 0.0014589 -0.0001620
 0.0010975  0.0004314
 0.0007688  0.0009367
 0.0005085  0.0012791
 0.0003362  0.0013595
 0.0003262  0.0013306
 0.0003536  0.0010767
 0.0002939  0.0007977
 0.0003897  0.0004178
 0.0004727 -0.0001943
 0.0004753 -0.0005772
 0.0006660 -0.0009692
 0.0004439 -0.0013526
 0.0002338 -0.0011973
 0.0000843 -0.0013952
-0.0005074 -0.0013514
-0.0009165 -0.0016348
-0.0012619 -0.0019148
-0.0016398 -0.0023152
-0.0017807 -0.0026932
-0.0018867 -0.0030552
-0.0015501 -0.0032526
-0.0013696 -0.0031826
-0.0011589 -0.0032424
-0.0009956 -0.0030637
-0.0008731 -0.0027950
-0.0009440 -0.0027602
-0.0011355 -0.0028809
-0.0011444 -0.0030270
-0.0014597 -0.0033482
-0.0017713 -0.0036391
-0.0019927 -0.0039309
-0.0021369 -0.0042140
-0.0023266 -0.0042455
-0.0021669 -0.0044352
-0.0020888 -0.0043651
-0.0019641 -0.0044401
-0.0018007 -0.0044118
-0.0018238 -0.0046449
-0.0015656 -0.0048510
-0.0012939 -0.0050003
-0.0008209 -0.0049123
-0.0005623 -0.0048208
-0.0001656 -0.0042597
-0.0000310 -0.0039732
 0.0002889 -0.0036182
 0.0004625 -0.0033853
 0.0006549 -0.0030282
 0.0008143 -0.0028862
 0.0010916 -0.0027957
 0.0011055 -0.0026010
 0.0010994 -0.0024098
 0.0010194 -0.0023116
 0.0006576 -0.0021489
 0.0004723 -0.0020808
 0.0003899 -0.0020891
 0.0002724 -0.0020475
 0.0002662 -0.0021539
 0.0005305 -0.0022328
 0.0006165 -0.0024704
 0.0008912 -0.0027844
 0.0010394 -0.0031185
 0.0012021 -0.0031043
 0.0014258 -0.0029805
 0.0016895 -0.0031705
 0.0017877 -0.0029260
 0.0022925 -0.0028206
 0.0025133 -0.0027967
 0.0027382 -0.0026145
 0.0029495 -0.0024743
 0.0029975 -0.0023427
 0.0029982 -0.0023859
 0.0031229 -0.0024069
 0.0029135 -0.0024016
 0.0028679 -0.0023309
 0.0027993 -0.0023700
 0.0025778 -0.0021146
 0.0022678 -0.0017724
 0.0020391 -0.0014832
 0.0017070 -0.0011477
 0.0014107 -0.0009089
 0.0006867 -0.0007415
 0.0002527 -0.0005817
-0.0003080 -0.0004443
-0.0008674 -0.0004547
-0.0012128 -0.0002253
-0.0014481 -0.0001428
-0.0016925 -0.0000542
-0.0016909 -0.0000230
-0.0017539  0.0000932
-0.0017235  0.0001244
-0.0018528 -0.0000458
-0.0019665 -0.0002794
-0.0020138 -0.0006075
-0.0022501 -0.0007520
-0.0021123 -0.0006287
-0.0020109 -0.0005256
-0.0020150 -0.0002783
-0.0018383  0.0000181
-0.0018388  0.0000075
-0.0018396 -0.0000669
-0.0017738 -0.0003343
-0.0017871 -0.0006783
-0.0020834 -0.0007834
-0.0020707 -0.0009231
-0.0020143 -0.0010377
-0.0020617 -0.0011380
-0.0021657 -0.0009638
-0.0022602 -0.0011555
-0.0020851 -0.0014671
-0.0018531 -0.0016756
-0.0019389 -0.0022398
-0.0018764 -0.0025262
-0.0017996 -0.0029518
-0.0018293 -0.0031978
-0.0017862 -0.0035235
-0.0015282 -0.0033969
-0.0011624 -0.0035148
-0.0006060 -0.0031752
 0.0000000 -0.0030600
 0.0003708 -0.0030204
 0.0006351 -0.0029111
 0.0007457 -0.0031280
 0.0005822 -0.0032433
 0.0004863 -0.0036762
 0.0002716 -0.0039040
 0.0001521 -0.0039356
 0.0002262 -0.0038288
 0.0004880 -0.0036004
 0.0005380 -0.0032383
 0.0007033 -0.0028478
 0.0006078 -0.0026835
 0.0002963 -0.0026072
 0.0003187 -0.0027006
 0.0000930 -0.0030282
 0.0001470 -0.0031750
 0.0002950 -0.0032896
 0.0004443 -0.0031896
 0.0008081 -0.0031411
 0.0010462 -0.0029190
 0.0011332 -0.0025496
 0.0010727 -0.0020411
 0.0007798 -0.0018500
 0.0004484 -0.0016499
 0.0002903 -0.0016332
 0.0002061 -0.0015349
 0.0002185 -0.0013829
 0.0005146 -0.0012179
 0.0008139 -0.0013584
 0.0009958 -0.0012434
 0.0013442 -0.0011345
 0.0016929 -0.0013090
 0.0018420 -0.0014662
 0.0021480 -0.0015015
 0.0020648 -0.0013660
 0.0021598 -0.0012293
 0.0019701 -0.0011925
 0.0016858 -0.0009934
 0.0011752 -0.0006108
 0.0007802 -0.0002155
 0.0004105  0.0000286
-0.0001949  0.0004807
-0.0007276  0.0007424
-0.0010049  0.0010148
-0.0012944  0.0014656
-0.0015823  0.0015295
-0.0015589  0.0017128
-0.0016365  0.0016980
-0.0016487  0.0014887
-0.0015238  0.0014895
-0.0013381  0.0015287
-0.0013125  0.0013781
-0.0015307  0.0014895
-0.0017854  0.0014415
-0.0018179  0.0012990
-0.0018153  0.0011575
-0.0016946  0.0009765
-0.0012482  0.0011191
-0.0010037  0.0013733
-0.0004757  0.0018116
-0.0003967  0.0022696
-0.0003458  0.0024026
-0.0004841  0.0027895
-0.0005781  0.0029705
-0.0010228  0.0030650
-0.0011537  0.0031610
-0.0013203  0.0033717
-0.0013690  0.0034847
-0.0012521  0.0035932
-0.0011679  0.0037728
-0.0011868  0.0038264
-0.0011430  0.0035462
-0.0014746  0.0032663
-0.0015886  0.0030190
-0.0018880  0.0025065
-0.0020408  0.0019535
-0.0020125  0.0016352
-0.0018020  0.0009525
-0.0016781  0.0005510
-0.0014714  0.0002079
-0.0012921  0.0000788
-0.0012337  0.0000519
-0.0013083  0.0003144
-0.0010947  0.0004667
-0.0010759  0.0004255
-0.0010323  0.0007287
-0.0009905  0.0007437
-0.0007860  0.0007047
-0.0005162  0.0005553
-0.0001888  0.0001812
 0.0001290  0.0000377
 0.0004430 -0.0000381
 0.0003703 -0.0002481
 0.0003846 -0.0002703
 0.0001519 -0.0002938
-0.0002420 -0.0004295
-0.0005333 -0.0006910
-0.0006601 -0.0011192
-0.0005261 -0.0016056
-0.0003735 -0.0021560
 0.0001425 -0.0025140
 0.0002846 -0.0026346
 0.0002960 -0.0026080
 0.0003047 -0.0021464
 0.0001735 -0.0016250
-0.0002062 -0.0012324
-0.0004901 -0.0005417
-0.0008055 -0.0002359
-0.0010087 -0.0000030
-0.0009990 -0.0000307
-0.0009151 -0.0001147
-0.0007326 -0.0002986
-0.0004642 -0.0004760
-0.0001507 -0.0004682
-0.0000074 -0.0003020
-0.0000671 -0.0000378
-0.0000602  0.0001733
-0.0002917  0.0006334
-0.0004716  0.0009783
-0.0006789  0.0012599
-0.0007290  0.0015812
-0.0004581  0.0016451
-0.0002830  0.0017209
 0.0002553  0.0017378
 0.0004224  0.0015501
 0.0007027  0.0017276
 0.0011036  0.0019673
 0.0014083  0.0023204
 0.0013776  0.0028148
 0.0014053  0.0031781
 0.0011959  0.0036088
 0.0010800  0.0036881
 0.0008909  0.0037131
 0.0006973  0.0034872
 0.0005106  0.0032586
 0.0005540  0.0030458
 0.0006383  0.0026467
 0.0009108  0.0023058
 0.0013572  0.0021123
 0.0019814  0.0021346
 0.0024223  0.0023750
 0.0028060  0.0024449
 0.0029947  0.0027055
 0.0027524  0.0026618
 0.0024762  0.0023512
 0.0020203  0.0019107
 0.0015278  0.0012491
 0.0011306  0.0008758
 0.0008227  0.0001444
 0.0005386 -0.0002163
 0.0007397 -0.0004737
 0.0006608 -0.0006053
 0.0009534 -0.0005369
 0.0011446 -0.0005634
 0.0011847 -0.0003735
 0.0011871 -0.0002232
 0.0009059 -0.0001016
 0.0004321 -0.0000049
-0.0000493  0.0000786
-0.0005594  0.0000369
-0.0006090 -0.0002578
-0.0010095 -0.0006004
-0.0007836 -0.0009758
-0.0007719 -0.0016037
-0.0007847 -0.0020195
-0.0006607 -0.0025318
-0.0006134 -0.0027547
-0.0007355 -0.0030232
-0.0009256 -0.0031486
-0.0011149 -0.0032449
-0.0014340 -0.0034168
-0.0015698 -0.0034732
-0.0015407 -0.0036725
-0.0013616 -0.0040455
-0.0012692 -0.0042303
-0.0012435 -0.0044278
-0.0010717 -0.0045769
-0.0007762 -0.0045045
-0.0006605 -0.0043308
-0.0000508 -0.0040094
 0.0003286 -0.0036074
 0.0007996 -0.0034530
 0.0011585 -0.0031686
 0.0013642 -0.0029285
 0.0015114 -0.0026173
 0.0013700 -0.0022278
 0.0012624 -0.0021729
 0.0010501 -0.0017937
 0.0009729 -0.0015199
 0.0009104 -0.0013497
 0.0010678 -0.0011903
 0.0011527 -0.0009690
 0.0012725 -0.0006961
 0.0014747 -0.0005594
 0.0016119 -0.0001157
 0.0015050  0.0003188
 0.0016400  0.0009477
 0.0017104  0.0016254
 0.0014851  0.0023025
 0.0013209  0.0028941
 0.0009577  0.0033885
 0.0007190  0.0034440
 0.0007948  0.0036058
 0.0007579  0.0034214
 0.0006230  0.0032666
 0.0007076  0.0029898
 0.0005223  0.0029829
 0.0002554  0.0029065
-0.0000438  0.0028295
-0.0001595  0.0028876
-0.0004249  0.0030828
-0.0006795  0.0029680
-0.0009781  0.0030085
-0.0012091  0.0028885
-0.0013660  0.0027246
-0.0015448  0.0023003
-0.0016386  0.0018904
-0.0018290  0.0014020
-0.0020049  0.0010167
-0.0018918  0.0007367
-0.0019846  0.0005354
-0.0019039  0.0004303
-0.0017973  0.0005095
-0.0019217  0.0007725
-0.0018841  0.0008153
-0.0016926  0.0009454
-0.0014579  0.0010276
-0.0013553  0.0010571
-0.0011866  0.0009387
-0.0011888  0.0007762
-0.0010414  0.0003679
-0.0009111 -0.0000769
-0.0008647 -0.0005100
-0.0009593 -0.0012302
-0.0011282 -0.0018261
-0.0014792 -0.0024050
-0.0018547 -0.0029952
-0.0022731 -0.0034300
-0.0025373 -0.0039059
-0.0027864 -0.0044432
-0.0026084 -0.0046777
-0.0024759 -0.0045555
-0.0024576 -0.0043907
-0.0022801 -0.0039711
-0.0022369 -0.0035671
-0.0021690 -0.0030323
-0.0018938 -0.0025269
-0.0017159 -0.0018965
-0.0015595 -0.0012395
-0.0013858 -0.0007933
-0.0014484 -0.0004267
-0.0013615 -0.0000428
-0.0011994  0.0004639
-0.0010898  0.0005557
-0.0009521  0.0008044
-0.0009347  0.0008470
-0.0005745  0.0007790
-0.0004832  0.0007961
-0.0004153  0.0008324
-0.0003757  0.0007898
-0.0002605  0.0007601
-0.0003015  0.0010580
-0.0001873  0.0012318
-0.0001448  0.0016291
-0.0000208  0.0017746
 0.0002408  0.0018759
 0.0004350  0.0021054
 0.0005521  0.0021837
 0.0004521  0.0021390
 0.0006625  0.0023193
 0.0007182  0.0023075
 0.0006363  0.0024295
 0.0007607  0.0022604
 0.0010638  0.0022176
 0.0013820  0.0020905
 0.0019530  0.0020988
 0.0025670  0.0019983
 0.0029064  0.0018425
 0.0032640  0.0018799
 0.0033525  0.0019396
 0.0031656  0.0018960
 0.0031447  0.0019450
 0.0030827  0.0019347
 0.0030323  0.0019223
 0.0029996  0.0019241
 0.0030446  0.0019160
 0.0027639  0.0018177
 0.0025286  0.0018056
 0.0020952  0.0017107
 0.0016766  0.0014686
 0.0013390  0.0014651
 0.0008552  0.0011947
 0.0004600  0.0009347
 0.0004466  0.0006461
 0.0003107  0.0003692
 0.0003270  0.0002506
 0.0003968  0.0002297
 0.0003449  0.0001371
 0.0001393  0.0002225
-0.0001009  0.0003490
-0.0007547  0.0002909
-0.0010910  0.0002519
-0.0014739 -0.0000569
-0.0016218 -0.0002007
-0.0019418 -0.0002167
-0.0018251 -0.0003724
-0.0019303 -0.0007242
-0.0016323 -0.0008740
-0.0015162 -0.0010306
-0.0014586 -0.0010114
-0.0012770 -0.0010130
-0.0012486 -0.0009575
-0.0013258 -0.0005791
-0.0011468 -0.0003198
-0.0013519 -0.0001805
-0.0010796 -0.0000196
-0.0009247  0.0000427
-0.0009852  0.0001371
-0.0010854  0.0001889
-0.0010781  0.0002025
-0.0014025  0.0000736
-0.0018805 -0.0000553
-0.0019457 -0.0002795
-0.0024123 -0.0003230
-0.0026032 -0.0003650
-0.0026968 -0.0002781
-0.0028530 -0.0001905
-0.0028574  0.0000216
-0.0030771  0.0001566
-0.0034609  0.0002843
-0.0036727  0.0002604
-0.0037907  0.0001485
-0.0037158 -0.0002767
-0.0035709 -0.0004946
-0.0031943 -0.0006927
-0.0028722 -0.0011893
-0.0026915 -0.0017339
-0.0027354 -0.0022000
-0.0028629 -0.0026618
-0.0027966 -0.0029560
-0.0029037 -0.0032730
-0.0026307 -0.0034154
-0.0024614 -0.0033857
-0.0023642 -0.0032084
-0.0018164 -0.0030022
-0.0016018 -0.0026321
-0.0018011 -0.0024026
-0.0018504 -0.0022326
-0.0018499 -0.0021313
-0.0019815 -0.0019606
-0.0019378 -0.0019241
-0.0017339 -0.0017905
-0.0014471 -0.0015026
-0.0008697 -0.0012162
-0.0005131 -0.0009111
-0.0004241 -0.0005819
-0.0003949 -0.0002416
-0.0007621  0.0001074
-0.0012920  0.0001963
-0.0016649  0.0002968
-0.0018972  0.0001282
-0.0021192  0.0000811
-0.0019636  0.0000955
-0.0017472 -0.0001358
-0.0016297 -0.0000734
-0.0011579  0.0000242
-0.0010989  0.0001149
-0.0008527  0.0005881
-0.0008271  0.0007212
-0.0010827  0.0006709
-0.0012850  0.0007157
-0.0013037  0.0006525
-0.0014652  0.0005595
-0.0015900  0.0008279
-0.0014505  0.0009593
-0.0016203  0.0011017
-0.0014189  0.0013930
-0.0010334  0.0014595
-0.0009834  0.0016813
-0.0005769  0.0017675
-0.0004057  0.0019155
-0.0004108  0.0020094
-0.0001045  0.0021667
 0.0001005  0.0020892
 0.0005770  0.0020201
 0.0012293  0.0021586
 0.0016714  0.0019639
 0.0020745  0.0019225
 0.0025959  0.0022587
 0.0023827  0.0021370
 0.0020257  0.0022289
 0.0014624  0.0018969
 0.0007532  0.0012900
 0.0003030  0.0008231
-0.0000919  0.0000736
-0.0003684 -0.0003788
-0.0005181 -0.0005554
-0.0008420 -0.0010382
-0.0012611 -0.0010624
-0.0015048 -0.0011359
-0.0018493 -0.0013079
-0.0017759 -0.0013352
-0.0013880 -0.0012742
-0.0011237 -0.0011248
-0.0005862 -0.0009109
-0.0000425 -0.0006779
 0.0004278 -0.0004684
 0.0004857 -0.0001695
 0.0006669  0.0000251
 0.0008463  0.0001130
 0.0007478  0.0002258
 0.0006135  0.0002055
 0.0003841  0.0003836
 0.0004342  0.0003947
 0.0004960  0.0004287
 0.0003655  0.0004774
 0.0006318  0.0004130
 0.0007936  0.0005884
 0.0010326  0.0007425
 0.0011525  0.0008343
 0.0011442  0.0008768
 0.0010695  0.0007955
 0.0009022  0.0007658
 0.0005618  0.0004158
 0.0001870  0.0002049
-0.0003146 -0.0000198
-0.0006270 -0.0002714
-0.0010889 -0.0002924
-0.0014011 -0.0003733
-0.0014761 -0.0001662
-0.0013933 -0.0000281
-0.0012723  0.0000075
-0.0010876  0.0003471
-0.0008668  0.0003054
-0.0006214  0.0001070
-0.0003746  0.0002428
-0.0001897  0.0004222
 0.0000377  0.0005900
 0.0003589  0.0010275
 0.0006308  0.0014120
 0.0006368  0.0017109
 0.0007249  0.0019373
 0.0006772  0.0019992
 0.0004384  0.0020237
 0.0003464  0.0020562
 0.0000418  0.0020832
-0.0001741  0.0022725
-0.0003109  0.0025760
-0.0003282  0.0026792
-0.0006820  0.0029010
-0.0007490  0.0030817
-0.0009949  0.0031689
-0.0011655  0.0032647
-0.0011539  0.0033237
-0.0011137  0.0034754
-0.0010117  0.0035756
-0.0006162  0.0036911
-0.0004159  0.0039404
-0.0002232  0.0040985
 0.0001954  0.0042401
 0.0003452  0.0043563
 0.0004439  0.0045506
 0.0005397  0.0044232
 0.0003583  0.0045404
 0.0003806  0.0043858
 0.0002892  0.0039838
 0.0002334  0.0038238
 0.0005435  0.0036607
 0.0005249  0.0034815
 0.0006776  0.0035258
 0.0006403  0.0036957
 0.0004120  0.0035108
-0.0000815  0.0035698
-0.0005055  0.0034932
-0.0011924  0.0032581
-0.0015668  0.0030464
-0.0018893  0.0028166
-0.0022957  0.0025623
-0.0024415  0.0026691
-0.0025160  0.0024596
-0.0023707  0.0022119
-0.0020444  0.0021747
-0.0016864  0.0019242
-0.0015462  0.0019119
-0.0010900  0.0017713
-0.0009154  0.0015856
-0.0007233  0.0015316
-0.0003888  0.0016029
-0.0003607  0.0015983
-0.0001296  0.0017374
-0.0000916  0.0020889
 0.0000071  0.0022512
-0.0000433  0.0026577
-0.0002110  0.0032782
-0.0005361  0.0034982
-0.0009821  0.0035894
-0.0012992  0.0035423
-0.0013242  0.0034556
-0.0014424  0.0033229
-0.0015558  0.0028197
-0.0014884  0.0026678
-0.0015278  0.0023777
-0.0015566  0.0019229
-0.0017262  0.0018501
-0.0017774  0.0017135
-0.0016255  0.0015648
-0.0016211  0.0017515
-0.0013731  0.0016997
-0.0011222  0.0019696
-0.0009904  0.0019297
-0.0011480  0.0018883
-0.0009996  0.0014562
-0.0009206  0.0012058
-0.0012221  0.0010513
-0.0010726  0.0008504
-0.0010206  0.0009783
-0.0010512  0.0008919
-0.0009483  0.0010914
-0.0006745  0.0013845
-0.0004780  0.0013824
-0.0002237  0.0012127
 0.0000762  0.0009280
 0.0001209  0.0008261
 0.0004218  0.0004692
 0.0003325  0.0002776
 0.0002451  0.0001139
 0.0001684  0.0001844
-0.0000141  0.0002383
-0.0001918  0.0004779
-0.0005557  0.0006218
-0.0006639  0.0010031
-0.0006638  0.0010433
-0.0005528  0.0010185
-0.0004251  0.0010203
-0.0003750  0.0010109
-0.0003025  0.0009643
-0.0000945  0.0010398
-0.0000926  0.0012251
-0.0001930  0.0013584
-0.0004540  0.0016071
-0.0006006  0.0017566
-0.0008761  0.0014540
-0.0010564  0.0012136
-0.0012415  0.0004887
-0.0013443 -0.0000408
-0.0011964 -0.0004981
-0.0014671 -0.0008306
-0.0015082 -0.0010290
-0.0014703 -0.0008600
-0.0017527 -0.0006001
-0.0018033 -0.0004201
-0.0019580  0.0000125
-0.0021797  0.0001386
-0.0025565  0.0002950
-0.0027795  0.0003410
-0.0029463  0.0001989
-0.0032399  0.0002368
-0.0033663  0.0000214
-0.0034179 -0.0002855
-0.0035535 -0.0004961
-0.0035260 -0.0005949
-0.0038064 -0.0007576
-0.0037880 -0.0011623
-0.0037743 -0.0016260
-0.0036707 -0.0017429
-0.0035423 -0.0020079
-0.0031654 -0.0020107
-0.0028729 -0.0019557
-0.0024367 -0.0016916
-0.0018107 -0.0015197
-0.0015824 -0.0014850
-0.0009719 -0.0014627
-0.0002939 -0.0012907
 0.0001973 -0.0013678
 0.0007326 -0.0014606
 0.0009190 -0.0016672
 0.0009281 -0.0018949
 0.0008465 -0.0022941
 0.0007585 -0.0024251
 0.0005632 -0.0027338
 0.0004840 -0.0029357
 0.0004753 -0.0028549
 0.0005422 -0.0028162
 0.0004581 -0.0029143
 0.0005352 -0.0031209
 0.0008963 -0.0034022
 0.0010825 -0.0033368
 0.0013055 -0.0036093
 0.0015611 -0.0034391
 0.0016101 -0.0032025
 0.0017192 -0.0026670
 0.0017269 -0.0023148
 0.0017077 -0.0016501
 0.0017410 -0.0011068
 0.0017859 -0.0008568
 0.0017347 -0.0003620
 0.0017741 -0.0002441
 0.0018095 -0.0000196
 0.0017621 -0.0000538
 0.0017887  0.0000503
 0.0017470 -0.0000797
 0.0016326 -0.0001043
 0.0016421 -0.0001689
 0.0017459  0.0000162
 0.0016769  0.0003557
 0.0014537  0.0006343
 0.0013354  0.0010678
 0.0015100  0.0013140
 0.0013065  0.0014532
 0.0014627  0.0012830
 0.0014195  0.0012633
 0.0015782  0.0010258
 0.0019574  0.0009382
 0.0024327  0.0009627
 0.0024899  0.0009135
 0.0028341  0.0012939
 0.0029133  0.0015177
 0.0028397  0.0016034
 0.0027147  0.0017041
 0.0026867  0.0018558
 0.0024906  0.0018640
 0.0026818  0.0017189
 0.0025749  0.0017224
 0.0025516  0.0015805
 0.0029076  0.0014262
 0.0027125  0.0014559
 0.0027857  0.0015108
 0.0027998  0.0015214
 0.0027313  0.0017938
 0.0025954  0.0016179
 0.0024400  0.0016837
 0.0023047  0.0015573
 0.0021055  0.0013578
 0.0019885  0.0012541
 0.0017849  0.0010085
 0.0015183  0.0009888
 0.0011587  0.0011379
 0.0008968  0.0011618
 0.0003019  0.0010815
-0.0001815  0.0009735
-0.0004822  0.0009512
-0.0009145  0.0008711
-0.0010157  0.0009207
-0.0010353  0.0008158
-0.0011526  0.0008915
-0.0013286  0.0008711
-0.0014249  0.0009251
-0.0015133  0.0007119
-0.0017312  0.0006915
-0.0015673  0.0005666
-0.0013496  0.0004980
-0.0010385  0.0004087
-0.0006565  0.0005315
-0.0002751  0.0005325
-0.0000285  0.0005293
 0.0001692  0.0004236
 0.0002161  0.0003088
 0.0002618  0.0000104
 0.0001333 -0.0002778
 0.0001494 -0.0004774
 0.0004105 -0.0007272
 0.0005189 -0.0006134
 0.0005489 -0.0005218
 0.0004111 -0.0005037
 0.0000566 -0.0005343
-0.0002595 -0.0005194
-0.0004750 -0.0006299
-0.0008486 -0.0008936
-0.0010130 -0.0011156
-0.0008810 -0.0012752
-0.0006791 -0.0012732
-0.0003979 -0.0012812
-0.0001230 -0.0008917
-0.0001627 -0.0004836
-0.0001977 -0.0000902
-0.0004914  0.0003833
-0.0006612  0.0006468
-0.0007117  0.0007821
-0.0009419  0.0010848
-0.0005275  0.0012119
-0.0004465  0.0013866
-0.0001906  0.0016027
 0.0001350  0.0016472
 0.0003398  0.0018604
 0.0003077  0.0020973
 0.0005442  0.0020760
 0.0006272  0.0022810
 0.0004943  0.0023121
 0.0004997  0.0021794
 0.0001957  0.0020921
-0.0001274  0.0020613
-0.0002388  0.0020373
-0.0003613  0.0023245
-0.0006372  0.0027133
-0.0007257  0.0031911
-0.0011566  0.0034377
-0.0014459  0.0037465
-0.0018723  0.0036806
-0.0021083  0.0033439
-0.0021147  0.0027472
-0.0020503  0.0022469
-0.0018886  0.0016738
-0.0016887  0.0010467
-0.0014644  0.0007744
-0.0013473  0.0006891
-0.0010943  0.0006844
-0.0010857  0.0006834
-0.0009444  0.0006009
-0.0007782  0.0004997
-0.0005131  0.0000531
-0.0001278 -0.0000889
 0.0001749 -0.0006154
 0.0003621 -0.0007550
 0.0006306 -0.0008330
 0.0006623 -0.0007098
 0.0003743 -0.0005749
 0.0000209 -0.0001635
-0.0004085  0.0001487
-0.0010091  0.0005326
-0.0014684  0.0009433
-0.0017568  0.0013240
-0.0019133  0.0014348
-0.0020965  0.0014278
-0.0019816  0.0012345
-0.0019578  0.0011540
-0.0020787  0.0009656
-0.0019647  0.0005014
-0.0017492 -0.0000817
-0.0014843 -0.0003001
-0.0009475 -0.0005617
-0.0005549 -0.0006878
-0.0001630 -0.0006887
 0.0003200 -0.0005080
 0.0006759 -0.0001342
 0.0008446  0.0001388
 0.0010051  0.0002564
 0.0009799  0.0004232
 0.0011743  0.0006086
 0.0010133  0.0005521
 0.0010027  0.0006167
 0.0009816  0.0005621
 0.0007816  0.0005907
 0.0003855  0.0006530
 0.0002354  0.0005198
-0.0003363  0.0004631
-0.0004100  0.0005366
-0.0005363  0.0006071
-0.0005706  0.0005494
-0.0006554  0.0006419
-0.0003821  0.0004965
-0.0002221  0.0002873
 0.0002892  0.0001288
 0.0008879 -0.0001397
 0.0014179  0.0000908
 0.0018717  0.0002411
 0.0022743  0.0004395
 0.0023165  0.0010669
 0.0023062  0.0015373
 0.0021808  0.0013343
 0.0020149  0.0014192
 0.0020975  0.0011569
 0.0023917  0.0004844
 0.0024228  0.0001761
 0.0027594 -0.0000493
 0.0027208 -0.0002669
 0.0025706 -0.0003623
 0.0023974 -0.0004054
 0.0021208 -0.0005982
 0.0020649 -0.0003789
 0.0019463 -0.0003611
 0.0018875 -0.0002072
 0.0018726  0.0000107
 0.0018601  0.0005747
 0.0020426  0.0008556
 0.0020536  0.0011896
 0.0020097  0.0013524
 0.0018637  0.0013682
 0.0017208  0.0013153
 0.0014370  0.0010608
 0.0012013  0.0008856
 0.0010371  0.0006661
 0.0008590  0.0004230
 0.0006549  0.0002974
 0.0005911  0.0001449
 0.0005463  0.0003904
 0.0001441  0.0006113
-0.0002228  0.0010351
-0.0005307  0.0017106
-0.0010734  0.0019787
-0.0012751  0.0024364
-0.0017140  0.0026521
-0.0019914  0.0025735
-0.0023713  0.0024731
-0.0025748  0.0021426
-0.0027763  0.0020328
-0.0028863  0.0016490
-0.0032177  0.0012952
-0.0030148  0.0009164
-0.0029202  0.0007031
-0.0029761  0.0005029
-0.0031086  0.0004570
-0.0028471  0.0000486
-0.0028587 -0.0002463
-0.0025595 -0.0006552
-0.0020581 -0.0011295
-0.0015965 -0.0014437
-0.0012172 -0.0016208
-0.0009867 -0.0018531
-0.0008020 -0.0018813
-0.0007348 -0.0019221
-0.0006904 -0.0019309
-0.0006752 -0.0018878
-0.0002350 -0.0020076
 0.0000610 -0.0021073
 0.0003111 -0.0023920
 0.0006998 -0.0025689
 0.0008022 -0.0028444
 0.0007342 -0.0028754
 0.0007323 -0.0028691
 0.0007005 -0.0028738
 0.0006280 -0.0025846
 0.0006969 -0.0024447
 0.0006288 -0.0022085
 0.0007302 -0.0019445
 0.0006557 -0.0016364
 0.0006795 -0.0013866
 0.0006465 -0.0012756
 0.0004806 -0.0013463
 0.0002286 -0.0012113
 0.0002680 -0.0013583
-0.0000369 -0.0013380
-0.0003222 -0.0016709
-0.0006885 -0.0017325
-0.0008822 -0.0019453
-0.0009013 -0.0019978
-0.0008073 -0.0021159
-0.0006890 -0.0020862
-0.0002228 -0.0017393
 0.0004348 -0.0014705
 0.0010657 -0.0012885
 0.0013670 -0.0008346
 0.0016312 -0.0002705
 0.0016014  0.0003506
 0.0013437  0.0009631
 0.0011485  0.0014243
 0.0007063  0.0016737
 0.0000958  0.0019661
-0.0002134  0.0018149
-0.0003532  0.0016931
-0.0001394  0.0014844
 0.0000644  0.0013166
 0.0003402  0.0010824
 0.0005841  0.0008264
 0.0005685  0.0004273
 0.0006849  0.0001707
 0.0004819 -0.0002029
 0.0009070 -0.0004977
 0.0009951 -0.0004906
 0.0011739 -0.0005451
 0.0014053 -0.0005118
 0.0015405 -0.0003146
 0.0016503 -0.0000401
 0.0015398 -0.0000041
 0.0012782  0.0001703
 0.0010091  0.0000807
 0.0007065  0.0002047
 0.0003623  0.0001498
-0.0001058  0.0002333
-0.0003343  0.0002364
-0.0006964  0.0003261
-0.0011548  0.0003840
-0.0014099  0.0004155
-0.0018283  0.0005712
-0.0019704  0.0005997
-0.0023438  0.0004553
-0.0026607  0.0003121
-0.0028900  0.0000784
-0.0028774 -0.0001152
-0.0029141 -0.0003333
-0.0026445 -0.0007247
-0.0027386 -0.0009912
-0.0025382 -0.0011852
-0.0024200 -0.0012964
-0.0025382 -0.0014285
-0.0022915 -0.0017429
-0.0023294 -0.0017228
-0.0022912 -0.0018616
-0.0020444 -0.0019389
-0.0017944 -0.0018474
-0.0016492 -0.0016738
-0.0013480 -0.0014559
-0.0011611 -0.0013094
-0.0011227 -0.0011723
-0.0011088 -0.0010580
-0.0012475 -0.0010050
-0.0011924 -0.0012837
-0.0010472 -0.0016028
-0.0006469 -0.0016984
-0.0002072 -0.0018114
 0.0002844 -0.0020105
 0.0009636 -0.0021750
 0.0013208 -0.0022690
 0.0016832 -0.0025053
 0.0019387 -0.0026427
 0.0021175 -0.0026315
 0.0021655 -0.0026295
 0.0019979 -0.0027085
 0.0016584 -0.0027165
 0.0013698 -0.0026144
 0.0010452 -0.0028922
 0.0008253 -0.0030825
 0.0009766 -0.0030716
 0.0010945 -0.0030580
 0.0012355 -0.0030356
 0.0012750 -0.0030735
 0.0014779 -0.0031251
 0.0014231 -0.0031744
 0.0012509 -0.0034535
 0.0012966 -0.0037056
 0.0011790 -0.0038061
 0.0012018 -0.0040931
 0.0012183 -0.0040683
 0.0013505 -0.0037258
 0.0013909 -0.0032691
 0.0014163 -0.0028893
 0.0015892 -0.0022915
 0.0018165 -0.0018452
 0.0021612 -0.0014217
 0.0024260 -0.0008585
 0.0026918 -0.0008504
 0.0030532 -0.0009163
 0.0032278 -0.0010264
 0.0034825 -0.0010080
 0.0035287 -0.0011182
 0.0035443 -0.0012232
 0.0035775 -0.0012292
 0.0036064 -0.0011887
 0.0035749 -0.0012882
 0.0035814 -0.0012273
 0.0035732 -0.0012641
 0.0036267 -0.0011397
 0.0036027 -0.0008256
 0.0034086 -0.0006540
 0.0031478 -0.0002857
 0.0027519  0.0001435
 0.0022847  0.0003875
 0.0019441  0.0005223
 0.0017020  0.0008588
 0.0012769  0.0010620
 0.0011104  0.0013998
 0.0007645  0.0015220
 0.0003461  0.0016387
-0.0002464  0.0016015
-0.0006803  0.0012608
-0.0011508  0.0007944
-0.0014379  0.0003271
-0.0013865 -0.0001379
-0.0013224 -0.0005669
-0.0010527 -0.0007939
-0.0007459 -0.0009763
-0.0002645 -0.0011548
 0.0000097 -0.0010132
 0.0002258 -0.0009134
 0.0001879 -0.0008760
 0.0001029 -0.0007860
 0.0001776 -0.0011595
 0.0001092 -0.0016098
 0.0004188 -0.0024418
 0.0005236 -0.0031593
 0.0008583 -0.0041190
 0.0011073 -0.0046304
 0.0012653 -0.0051769
 0.0015329 -0.0053123
 0.0015849 -0.0052091
 0.0016591 -0.0051075
 0.0018248 -0.0047737
 0.0021303 -0.0045270
 0.0023703 -0.0047161
 0.0024853 -0.0045125
 0.0025846 -0.0044991
 0.0023776 -0.0043752
 0.0021577 -0.0041515
 0.0018064 -0.0037684
 0.0011776 -0.0035623
 0.0009633 -0.0035259
 0.0009043 -0.0035765
 0.0007862 -0.0036065
 0.0011036 -0.0036883
 0.0015509 -0.0035813
 0.0018820 -0.0032853
 0.0024071 -0.0032023
 0.0026382 -0.0030642
 0.0027892 -0.0031139
 0.0032348 -0.0031354
 0.0034548 -0.0031556
 0.0035646 -0.0030794
 0.0036930 -0.0029889
 0.0036231 -0.0027172
 0.0034570 -0.0025593
 0.0033249 -0.0023911
 0.0030105 -0.0022758
 0.0027078 -0.0022206
 0.0028118 -0.0019877
 0.0025021 -0.0019601
 0.0022234 -0.0020773
 0.0021162 -0.0019184
 0.0017376 -0.0017746
 0.0015030 -0.0016364
 0.0012474 -0.0013479
 0.0008566 -0.0010553
 0.0007482 -0.0004815
 0.0006879 -0.0002390
 0.0005276 -0.0000248
 0.0004590  0.0001211
 0.0005966  0.0001915
 0.0005678  0.0003466
 0.0006621  0.0005398
 0.0009229  0.0006469
 0.0010293  0.0007172
 0.0010864  0.0006626
 0.0011780  0.0006944
 0.0015057  0.0005098
 0.0014687  0.0002472
 0.0015635  0.0004010
 0.0014459  0.0004447
 0.0010976  0.0007242
 0.0008891  0.0009320
 0.0005445  0.0011070
 0.0001431  0.0011290
-0.0001261  0.0008736
-0.0004572  0.0007706
-0.0007860  0.0005731
-0.0011775  0.0001433
-0.0013387 -0.0000048
-0.0017392 -0.0001660
-0.0018341 -0.0002757
-0.0019286 -0.0004423
-0.0016303 -0.0003633
-0.0013055 -0.0007585
-0.0009106 -0.0007067
-0.0004300 -0.0010322
 0.0000184 -0.0012654
 0.0004433 -0.0014537
 0.0007768 -0.0016250
 0.0008525 -0.0018315
 0.0010364 -0.0022659
 0.0015208 -0.0023815
 0.0016172 -0.0024088
 0.0019734 -0.0025545
 0.0022720 -0.0025804
 0.0022357 -0.0026296
 0.0023685 -0.0026455
 0.0022363 -0.0025427
 0.0021155 -0.0026349
 0.0021203 -0.0026663
 0.0021666 -0.0025314
 0.0022367 -0.0023974
 0.0025563 -0.0024150
 0.0029099 -0.0024042
 0.0028800 -0.0024457
 0.0030320 -0.0025838
 0.0029924 -0.0028318
 0.0026226 -0.0031363
 0.0024154 -0.0033873
 0.0021219 -0.0032646
 0.0019491 -0.0030055
 0.0019365 -0.0028221
 0.0020657 -0.0024236
 0.0021381 -0.0020798
 0.0021535 -0.0016156
 0.0019196 -0.0013976
 0.0016234 -0.0011257
 0.0009857 -0.0007118
 0.0001805 -0.0004055
-0.0005324 -0.0002820
-0.0009974 -0.0002207
-0.0014575 -0.0004117
-0.0015046 -0.0006943
-0.0012793 -0.0010212
-0.0008182 -0.0014686
-0.0005446 -0.0018787
 0.0002396 -0.0020596
 0.0005430 -0.0022402
 0.0008377 -0.0022554
 0.0009962 -0.0020053
 0.0008790 -0.0016860
 0.0006068 -0.0013283
 0.0003475 -0.0010296
 0.0005885 -0.0007167
 0.0005390 -0.0002955
 0.0006855 -0.0001232
 0.0009304 -0.0001158
 0.0011974  0.0000994
 0.0013053  0.0000015
 0.0015495 -0.0001015
 0.0017430 -0.0002145
 0.0020047 -0.0000543
 0.0022675  0.0001395
 0.0023993  0.0006141
 0.0024111  0.0009469
 0.0024539  0.0011660
 0.0024491  0.0015355
 0.0025001  0.0016788
 0.0025801  0.0018023
 0.0026454  0.0019668
 0.0027809  0.0020923
 0.0028062  0.0022707
 0.0027762  0.0024169
 0.0025340  0.0023753
 0.0024148  0.0023451
 0.0024349  0.0022182
 0.0020386  0.0023588
 0.0017530  0.0023852
 0.0014198  0.0022617
 0.0009815  0.0021874
 0.0007569  0.0019231
 0.0005959  0.0016395
 0.0005675  0.0011540
 0.0005289  0.0010305
 0.0004681  0.0006746
 0.0005360  0.0005197
 0.0003843  0.0006827
 0.0001558  0.0005069
-0.0002215  0.0005678
-0.0005177  0.0008529
-0.0009264  0.0007223
-0.0014398  0.0005580
-0.0014094  0.0003059
-0.0016606 -0.0000223
-0.0013394 -0.0006033
-0.0009860 -0.0011417
-0.0006690 -0.0014438
-0.0002087 -0.0017897
-0.0000891 -0.0020043
-0.0000167 -0.0020949
 0.0000374 -0.0021940
-0.0000759 -0.0021540
-0.0003430 -0.0020256
-0.0005615 -0.0020560
-0.0005429 -0.0019961
-0.0005998 -0.0016743
-0.0004150 -0.0014368
-0.0003722 -0.0011157
-0.0005530 -0.0007615
-0.0006261 -0.0005729
-0.0005735 -0.0005910
-0.0008505 -0.0005818
-0.0008789 -0.0009922
-0.0004612 -0.0013720
 0.0000525 -0.0018866
 0.0007644 -0.0022296
 0.0015949 -0.0026593
 0.0023183 -0.0029190
 0.0031904 -0.0030336
 0.0041116 -0.0032362
 0.0047929 -0.0031328
 0.0053508 -0.0030805
 0.0057708 -0.0026913
 0.0060873 -0.0021854
 0.0063068 -0.0017676
 0.0062546 -0.0014382
 0.0061920 -0.0010264
 0.0060413 -0.0008469
 0.0056757 -0.0007815
 0.0053769 -0.0008771
 0.0051542 -0.0008702
 0.0047043 -0.0008901
 0.0044998 -0.0007494
 0.0042395 -0.0006169
 0.0039050 -0.0001982
 0.0036668  0.0002512
 0.0033812  0.0004826
 0.0030776  0.0008471
 0.0029550  0.0010553
 0.0027615  0.0011371
 0.0023838  0.0012285
 0.0021513  0.0014083
 0.0018940  0.0014458
 0.0014990  0.0014381
 0.0014305  0.0013182
 0.0013033  0.0010143
 0.0013256  0.0008165
 0.0014471  0.0003887
 0.0013167  0.0001975
 0.0012715 -0.0000571
 0.0011377 -0.0002987
 0.0009447 -0.0006608
 0.0004892 -0.0008393
 0.0003726 -0.0009232
 0.0003790 -0.0009490
 0.0004202 -0.0006975
 0.0007278 -0.0003154
 0.0009558  0.0001680
 0.0010638  0.0006035
 0.0011499  0.0007859
 0.0010345  0.0011611
 0.0008805  0.0011300
 0.0007148  0.0010133
 0.0002148  0.0009340
-0.0000363  0.0007692
-0.0002641  0.0004656
-0.0004325  0.0004666
-0.0005994  0.0002460
-0.0005837 -0.0000702
-0.0008629 -0.0002984
-0.0009525 -0.0007956
-0.0008553 -0.0013727
-0.0010221 -0.0019496
-0.0010902 -0.0023236
-0.0012579 -0.0028033
-0.0013494 -0.0026649
-0.0013652 -0.0026220
-0.0016515 -0.0022281
-0.0018737 -0.0021276
-0.0021814 -0.0018860
-0.0021820 -0.0018308
-0.0020948 -0.0017707
-0.0018550 -0.0015668
-0.0015586 -0.0012476
-0.0012881 -0.0009777
-0.0009670 -0.0005801
-0.0005409 -0.0000745
-0.0003398  0.0003154
-0.0003055  0.0007182
-0.0004065  0.0011613
-0.0004521  0.0012207
-0.0006450  0.0010818
-0.0006798  0.0010156
-0.0005283  0.0008405
-0.0003867  0.0007274
-0.0002213  0.0006159
-0.0000887  0.0005816
-0.0000905  0.0006722
-0.0000600  0.0006908
-0.0001658  0.0008248
-0.0003369  0.0007145
-0.0002705  0.0005278
-0.0000961  0.0003065
 0.0000566 -0.0000280
 0.0005341 -0.0002772
 0.0008330 -0.0005944
 0.0012608 -0.0005911
 0.0016729 -0.0007083
 0.0024391 -0.0005340
 0.0030397 -0.0001401
 0.0033062  0.0001209
 0.0036223  0.0007259
 0.0035538  0.0010496
 0.0033162  0.0012721
 0.0029608  0.0013858
 0.0023127  0.0011325
 0.0022097  0.0007457
 0.0019267  0.0001421
 0.0017788 -0.0002916
 0.0017066 -0.0006159
 0.0017286 -0.0010055
 0.0014021 -0.0008928
 0.0012472 -0.0012419
 0.0011179 -0.0010255
 0.0007893 -0.0007994
 0.0008920 -0.0005984
 0.0008490 -0.0005788
 0.0006505 -0.0003337
 0.0007381 -0.0002699
 0.0008362 -0.0002128
 0.0009075 -0.0000811
 0.0010151  0.0000275
 0.0011804  0.0002957
 0.0013489  0.0005744
 0.0014332  0.0008374
 0.0011791  0.0009706
 0.0009871  0.0011444
 0.0006974  0.0009698
 0.0003956  0.0007356
 0.0002513  0.0004097
 0.0000560  0.0001056
 0.0001168 -0.0000757
 0.0001701 -0.0002002
 0.0001523 -0.0001754
 0.0002538 -0.0000638
 0.0002362  0.0000012
 0.0001332  0.0001823
-0.0000695  0.0002521
-0.0003159  0.0003269
-0.0005529  0.0004425
-0.0008381  0.0004991
-0.0011709  0.0003854
-0.0013561  0.0002385
-0.0015138 -0.0000189
-0.0013636 -0.0002723
-0.0012119 -0.0005177
-0.0010572 -0.0007041
-0.0006242 -0.0009108
-0.0002234 -0.0010384
 0.0000967 -0.0011627
 0.0004386 -0.0012556
 0.0005463 -0.0011936
 0.0005472 -0.0011354
 0.0006876 -0.0011654
 0.0004183 -0.0009707
 0.0003624 -0.0006314
 0.0004440 -0.0002727
 0.0001440  0.0001220
 0.0000031  0.0005280
-0.0000269  0.0006073
-0.0002356  0.0005618
-0.0002695  0.0004133
-0.0000333  0.0000659
-0.0001068 -0.0001752
 0.0001073 -0.0005005
 0.0004169 -0.0004212
 0.0005398 -0.0005577
 0.0006659 -0.0004861
 0.0008294 -0.0000776
 0.0010239  0.0003307
 0.0011073  0.0007877
 0.0014391  0.0011480
 0.0014436  0.0017548
 0.0016245  0.0020432
 0.0015741  0.0024052
 0.0012457  0.0027592
 0.0011425  0.0028177
 0.0008597  0.0029302
 0.0005867  0.0030606
 0.0004783  0.0028588
 0.0005634  0.0027259
 0.0005088  0.0026285
 0.0006345  0.0024502
 0.0008347  0.0022475
 0.0007767  0.0020175
 0.0008506  0.0019804
 0.0007464  0.0018222
 0.0005561  0.0018597
 0.0003684  0.0018173
-0.0000316  0.0016968
-0.0001609  0.0018135
-0.0005749  0.0018088
-0.0008546  0.0021046
-0.0011412  0.0020807
-0.0013963  0.0023821
-0.0014880  0.0025267
-0.0017861  0.0027087
-0.0020941  0.0025889
-0.0021165  0.0026159
-0.0020799  0.0023646
-0.0018143  0.0022350
-0.0014628  0.0021558
-0.0008427  0.0020758
-0.0006241  0.0021559
-0.0000168  0.0021609
 0.0004123  0.0021131
 0.0006399  0.0021657
 0.0007783  0.0021152
 0.0010127  0.0020184
 0.0009579  0.0021030
 0.0007360  0.0021582
 0.0007097  0.0022323
 0.0003457  0.0021657
-0.0000175  0.0023201
-0.0000347  0.0021963
-0.0001891  0.0021709
-0.0003185  0.0020828
-0.0005073  0.0020145
-0.0005363  0.0017827
-0.0007907  0.0015281
-0.0009895  0.0012279
-0.0012416  0.0007458
-0.0012884  0.0002489
-0.0012100  0.0000301
-0.0009430 -0.0002875
-0.0005049 -0.0004535
-0.0000821 -0.0004751
 0.0000735 -0.0004169
 0.0002396 -0.0006300
 0.0002768 -0.0007449
-0.0000994 -0.0009620
-0.0001917 -0.0010889
-0.0006096 -0.0012680
-0.0010456 -0.0010370
-0.0013943 -0.0012247
-0.0015386 -0.0012709
-0.0016358 -0.0009408
-0.0013493 -0.0009154
-0.0010690 -0.0008391
-0.0006645 -0.0004267
-0.0003134  0.0001103
 0.0000377  0.0004035
-0.0000106  0.0008884
-0.0000745  0.0012621
-0.0001283  0.0014533
-0.0003347  0.0013598
-0.0004601  0.0011280
-0.0005002  0.0009728
-0.0003036  0.0006200
-0.0000647  0.0004699
 0.0001108  0.0003437
 0.0003104  0.0001496
 0.0004553  0.0000177
 0.0004009 -0.0002940
 0.0002081 -0.0005042
 0.0003720 -0.0009200
 0.0002352 -0.0012929
 0.0003419 -0.0016171
 0.0007887 -0.0015730
 0.0009544 -0.0014741
 0.0010154 -0.0013207
 0.0008738 -0.0009167
 0.0006848 -0.0010037
 0.0001781 -0.0009754
-0.0001408 -0.0011519
-0.0003863 -0.0014993
-0.0008362 -0.0018137
-0.0010709 -0.0023117
-0.0011180 -0.0025433
-0.0012426 -0.0030274
-0.0014351 -0.0033733
-0.0015118 -0.0036230
-0.0014550 -0.0037728
-0.0014263 -0.0038860
-0.0016258 -0.0037076
-0.0016967 -0.0033392
-0.0018484 -0.0031069
-0.0017943 -0.0027672
-0.0017999 -0.0023690
-0.0017348 -0.0021184
-0.0015992 -0.0020328
-0.0014162 -0.0015781
-0.0014531 -0.0011875
-0.0015204 -0.0006957
-0.0016514 -0.0001934
-0.0016591  0.0002311
-0.0019224  0.0004217
-0.0018700  0.0007389
-0.0016989  0.0008532
-0.0015321  0.0005709
-0.0010633  0.0004739
-0.0008052  0.0003743
-0.0005281  0.0002583
-0.0003055  0.0003577
-0.0003803  0.0002017
-0.0003994  0.0005768
-0.0004622  0.0003124
-0.0008489  0.0003604
-0.0008873  0.0002377
-0.0009751  0.0002556
-0.0010755  0.0002376
-0.0007382  0.0001949
-0.0006278  0.0003158
-0.0005907  0.0004433
-0.0006412  0.0006576
-0.0007443  0.0007039
-0.0008024  0.0008314
-0.0006771  0.0010421
-0.0006051  0.0009236
-0.0005691  0.0011516
-0.0003999  0.0012005
-0.0002976  0.0012102
-0.0002367  0.0012950
-0.0002569  0.0011799
-0.0004724  0.0008690
-0.0003221  0.0006859
-0.0001119  0.0003109
-0.0003158  0.0000896
-0.0003151 -0.0003176
-0.0001943 -0.0006534
-0.0003411 -0.0008561
-0.0005973 -0.0010552
-0.0005622 -0.0012009
-0.0008616 -0.0014463
-0.0009474 -0.0013304
-0.0010750 -0.0012575
-0.0012417 -0.0011957
-0.0013644 -0.0010252
-0.0013206 -0.0007952
-0.0013330 -0.0005769
-0.0012072 -0.0002155
-0.0012985 -0.0000469
-0.0012556 -0.0000025
-0.0011289  0.0002010
-0.0009320  0.0000553
-0.0010287 -0.0000659
-0.0005941 -0.0002030
-0.0002469 -0.0001928
-0.0002308  0.0000269
 0.0004810  0.0003469
 0.0006890  0.0007220
 0.0009929  0.0011004
 0.0011747  0.0014958
 0.0012069  0.0019084
 0.0011387  0.0017777
 0.0011901  0.0018417
 0.0012945  0.0017299
 0.0015312  0.0018322
 0.0019967  0.0019963
 0.0022811  0.0022445
 0.0025257  0.0025061
 0.0029967  0.0028553
 0.0027544  0.0031449
 0.0024508  0.0032631
 0.0024908  0.0034310
 0.0018585  0.0034650
 0.0015635  0.0035816
 0.0014533  0.0035284
 0.0011177  0.0035309
 0.0010236  0.0034944
 0.0009649  0.0032843
 0.0006194  0.0029582
 0.0002916  0.0028363
 0.0000408  0.0025252
-0.0005966  0.0022794
-0.0009863  0.0020018
-0.0011681  0.0016075
-0.0013964  0.0013160
-0.0013049  0.0011640
-0.0012481  0.0010475
-0.0012379  0.0011065
-0.0009694  0.0010259
-0.0009045  0.0013152
-0.0011065  0.0015428
-0.0010782  0.0018207
-0.0012207  0.0019578
-0.0015106  0.0021612
-0.0016825  0.0022487
-0.0017700  0.0024120
-0.0017894  0.0025518
-0.0016455  0.0025436
-0.0016033  0.0024160
-0.0013546  0.0025319
-0.0011064  0.0024283
-0.0009114  0.0023352
-0.0006809  0.0021889
-0.0002738  0.0021455
-0.0000449  0.0019353
 0.0002171  0.0021406
 0.0006049  0.0021436
 0.0007426  0.0022147
 0.0008689  0.0022253
 0.0009986  0.0020916
 0.0007101  0.0020053
 0.0008552  0.0016848
 0.0009027  0.0013005
 0.0013212  0.0009063
 0.0015083  0.0008701
 0.0016309  0.0007104
 0.0016891  0.0005886
 0.0016968  0.0006450
 0.0015349  0.0008445
 0.0012630  0.0008610
 0.0013165  0.0009469
 0.0010107  0.0012227
 0.0007324  0.0015579
 0.0005793  0.0015282
 0.0000203  0.0014348
-0.0002414  0.0010957
 0.0000125  0.0006395
 0.0001565  0.0001419
 0.0004484 -0.0003236
 0.0010314 -0.0004567
 0.0012311 -0.0006382
 0.0014024 -0.0007480
 0.0014707 -0.0008872
 0.0011344 -0.0011301
 0.0009818 -0.0016562
 0.0010052 -0.0019596
 0.0006311 -0.0022027
 0.0005683 -0.0024487
 0.0006903 -0.0025017
 0.0004665 -0.0026469
 0.0006871 -0.0022859
 0.0008990 -0.0018980
 0.0008272 -0.0015074
 0.0011930 -0.0007956
 0.0014180 -0.0001833
 0.0014821  0.0001997
 0.0016835  0.0006803
 0.0020104  0.0006400
 0.0020960  0.0006419
 0.0024879  0.0005537
 0.0027885  0.0005698
 0.0026382  0.0007871
 0.0027035  0.0006655
 0.0025702  0.0006951
 0.0023938  0.0010081
 0.0021507  0.0012124
 0.0017319  0.0015491
 0.0011047  0.0020659
 0.0007832  0.0024287
 0.0001746  0.0025857
-0.0002126  0.0024938
-0.0002721  0.0021169
-0.0000572  0.0013957
 0.0004201  0.0009435
 0.0010164  0.0002256
 0.0014445 -0.0003431
 0.0019278 -0.0004941
 0.0021890 -0.0006974
 0.0024784 -0.0008466
 0.0027432 -0.0007847
 0.0027724 -0.0005319
 0.0031513 -0.0002135
 0.0028912  0.0002716
 0.0026846  0.0009479
 0.0021086  0.0012593
 0.0013641  0.0018359
 0.0006091  0.0018502
-0.0001303  0.0015766
-0.0005532  0.0013208
-0.0007740  0.0006578
-0.0006526  0.0000912
-0.0002794 -0.0002149
-0.0000899 -0.0003157
 0.0000327 -0.0002326
-0.0000262 -0.0000451
-0.0001883  0.0001162
-0.0007081  0.0001521
-0.0007169  0.0001423
-0.0009172 -0.0000280
-0.0011315  0.0000642
-0.0009753 -0.0002115
-0.0007566 -0.0004190
-0.0006412 -0.0007020
-0.0002633 -0.0007730
-0.0001689 -0.0006137
 0.0000468 -0.0004056
 0.0001766  0.0000317
 0.0002772  0.0004976
 0.0002560  0.0009483
 0.0005556  0.0013191
 0.0006779  0.0017120
 0.0007547  0.0017816
 0.0009104  0.0014773
 0.0007701  0.0010865
 0.0007980  0.0005033
 0.0005034  0.0001537
 0.0000350 -0.0002219
-0.0002221 -0.0002795
-0.0004957 -0.0000843
-0.0008561 -0.0000585
-0.0010413  0.0002460
-0.0010529  0.0004202
-0.0009918  0.0004588
-0.0007067  0.0003853
-0.0004990  0.0000906
-0.0002433  0.0000494
 0.0000282 -0.0001526
 0.0003524 -0.0005030
 0.0004257 -0.0003053
 0.0006740 -0.0003561
 0.0007459 -0.0003068
 0.0008899 -0.0001470
 0.0010618  0.0000214
 0.0011286  0.0000975
 0.0008736  0.0002238
 0.0005701  0.0003200
 0.0001650  0.0003087
-0.0002965  0.0002940
-0.0007548  0.0002770
-0.0007922  0.0004198
-0.0007958  0.0004550
-0.0007912  0.0005578
-0.0010258  0.0006118
-0.0008198  0.0007575
-0.0012133  0.0009106
-0.0015753  0.0009757
-0.0017338  0.0009498
-0.0017748  0.0009740
-0.0019179  0.0012885
-0.0017133  0.0013850
-0.0015509  0.0015809
-0.0012882  0.0013793
-0.0010577  0.0014430
-0.0006822  0.0013541
-0.0003493  0.0014958
 0.0000691  0.0016418
 0.0000374  0.0018712
 0.0001610  0.0023363
-0.0000767  0.0025992
-0.0001890  0.0028535
-0.0006246  0.0030773
-0.0006913  0.0031155
-0.0011208  0.0031477
-0.0014123  0.0028343
-0.0015155  0.0025569
-0.0017310  0.0022950
-0.0019401  0.0018023
-0.0018342  0.0016045
-0.0018144  0.0012299
-0.0013757  0.0009732
-0.0009920  0.0007998
-0.0008374  0.0006633
-0.0005785  0.0006461
-0.0004649  0.0005979
-0.0005377  0.0003099
-0.0006319  0.0000355
-0.0005271 -0.0001986
-0.0005656 -0.0003889
-0.0003054 -0.0008924
 0.0000700 -0.0012101
 0.0004285 -0.0013926
 0.0008394 -0.0014463
 0.0011070 -0.0014345
 0.0012761 -0.0012592
 0.0013833 -0.0011491
 0.0009932 -0.0008904
 0.0007558 -0.0007465
 0.0001808 -0.0007081
-0.0001510 -0.0006668
-0.0007906 -0.0007808
-0.0011221 -0.0009409
-0.0014582 -0.0010561
-0.0014841 -0.0010836
-0.0014146 -0.0010026
-0.0014622 -0.0009666
-0.0013953 -0.0006666
-0.0015696 -0.0007396
-0.0018708 -0.0007325
-0.0020162 -0.0010867
-0.0021406 -0.0012180
-0.0023130 -0.0016039
-0.0022072 -0.0019341
-0.0022388 -0.0021722
-0.0020557 -0.0024742
-0.0020783 -0.0025124
-0.0018062 -0.0025753
-0.0016911 -0.0024019
-0.0014812 -0.0023681
-0.0010996 -0.0025038
-0.0007452 -0.0022316
-0.0000716 -0.0019606
 0.0003942 -0.0015167
 0.0007713 -0.0012167
 0.0012403 -0.0007667
 0.0014031 -0.0004193
 0.0015227 -0.0002311
 0.0017329  0.0000579
 0.0018074  0.0003623
 0.0016740  0.0003709
 0.0017011  0.0006613
 0.0018736  0.0007377
 0.0017721  0.0008871
 0.0019003  0.0009719
 0.0020270  0.0010398
 0.0019472  0.0009884
 0.0019191  0.0009267
 0.0019842  0.0008719
 0.0019422  0.0006156
 0.0020620  0.0006204
 0.0019758  0.0005558
 0.0019134  0.0006553
 0.0019433  0.0008290
 0.0021112  0.0010234
 0.0022222  0.0014331
 0.0026924  0.0016102
 0.0027856  0.0019397
 0.0030528  0.0020502
 0.0031858  0.0020448
 0.0029653  0.0021498
 0.0027138  0.0023377
 0.0023404  0.0023737
 0.0018581  0.0024507
 0.0015846  0.0026908
 0.0014307  0.0027070
 0.0012022  0.0029757
 0.0010710  0.0033528
 0.0009950  0.0036117
 0.0006568  0.0038081
 0.0004513  0.0039481
-0.0001961  0.0038187
-0.0009225  0.0036424
-0.0013908  0.0030819
-0.0020007  0.0027651
-0.0024039  0.0025015
-0.0025989  0.0020819
-0.0027937  0.0019086
-0.0028619  0.0015929
-0.0031481  0.0010845
-0.0031963  0.0009318
-0.0033973  0.0007647
-0.0032917  0.0004103
-0.0033335  0.0001726
-0.0031357  0.0000459
-0.0028924 -0.0002327
-0.0025671 -0.0005294
-0.0024673 -0.0008062
-0.0024175 -0.0014255
-0.0024738 -0.0018348
-0.0024943 -0.0023832
-0.0023943 -0.0026138
-0.0022134 -0.0027191
-0.0020035 -0.0024375
-0.0020011 -0.0018458
-0.0016064 -0.0011530
-0.0014385 -0.0002070
-0.0015394  0.0006206
-0.0015339  0.0011918
-0.0014466  0.0017258
-0.0016035  0.0017417
-0.0014742  0.0015015
-0.0014463  0.0011675
-0.0011168  0.0007901
-0.0012678  0.0002593
-0.0010060 -0.0000828
-0.0008846 -0.0003154
-0.0008187 -0.0004856
-0.0005801 -0.0003419
-0.0004073 -0.0003661
-0.0002926 -0.0002924
-0.0003619  0.0000396
-0.0002470  0.0002952
-0.0003248  0.0004370
-0.0001992  0.0006143
-0.0003007  0.0007782
-0.0001988  0.0009169
 0.0001539  0.0010530
 0.0004701  0.0011793
 0.0008730  0.0014415
 0.0013902  0.0015982
 0.0016516  0.0018815
 0.0014032  0.0021572
 0.0013073  0.0022885
 0.0008068  0.0025066
 0.0002735  0.0026161
-0.0001591  0.0024728
-0.0004279  0.0024522
-0.0006677  0.0023815
-0.0008219  0.0021508
-0.0009289  0.0019592
-0.0008109  0.0015282
-0.0006604  0.0013181
-0.0005698  0.0009559
-0.0001859  0.0005685
 0.0001699  0.0002323
 0.0004381 -0.0000960
 0.0007683 -0.0003100
 0.0010515 -0.0005159
 0.0012054 -0.0006544
 0.0013629 -0.0007603
 0.0012897 -0.0008109
 0.0012544 -0.0005447
 0.0012479 -0.0006044
 0.0012138 -0.0003916
 0.0011832 -0.0003178
 0.0011930 -0.0002263
 0.0013241 -0.0004230
 0.0012148 -0.0004516
 0.0013265 -0.0003307
 0.0012908 -0.0005167
 0.0011686 -0.0004958
 0.0010539 -0.0005302
 0.0008477 -0.0007516
 0.0006598 -0.0006525
 0.0001464 -0.0007137
-0.0002188 -0.0009592
-0.0006269 -0.0010599
-0.0011270 -0.0011652
-0.0014546 -0.0012254
-0.0017640 -0.0012672
-0.0019299 -0.0013870
-0.0024681 -0.0013310
-0.0027493 -0.0015183
-0.0032708 -0.0016471
-0.0035165 -0.0021830
-0.0036200 -0.0023597
-0.0033572 -0.0026633
-0.0030970 -0.0027328
-0.0025895 -0.0025828
-0.0021428 -0.0024658
-0.0017735 -0.0020720
-0.0017459 -0.0017460
-0.0017017 -0.0014061
-0.0018733 -0.0011560
-0.0020945 -0.0006870
-0.0023774 -0.0004806
-0.0028614 -0.0002597
-0.0030642  0.0001952
-0.0034389  0.0001992
-0.0034456  0.0000452
-0.0032162  0.0000852
-0.0030612  0.0000367
-0.0028708 -0.0001558
-0.0025652 -0.0003886
-0.0024032 -0.0003875
-0.0022107 -0.0006118
-0.0020603 -0.0006841
-0.0019937 -0.0007658
-0.0020351 -0.0007615
-0.0018650 -0.0006977
-0.0019558 -0.0007701
-0.0018633 -0.0007007
-0.0021072 -0.0008813
-0.0022999 -0.0011413
-0.0024136 -0.0013206
-0.0022275 -0.0015053
-0.0021846 -0.0016113
-0.0020081 -0.0016038
-0.0016664 -0.0013812
-0.0010911 -0.0011891
-0.0005710 -0.0006888
 0.0000371 -0.0003209
 0.0007095  0.0001913
 0.0010534  0.0005530
 0.0013273  0.0009934
 0.0012475  0.0012183
 0.0010059  0.0015271
 0.0009710  0.0015616
 0.0006435  0.0018666
 0.0004488  0.0017445
 0.0003712  0.0016365
 0.0003619  0.0012765
 0.0002004  0.0011446
 0.0001957  0.0009349
-0.0000152  0.0007309
-0.0003068  0.0006433
-0.0004024  0.0007273
-0.0004143  0.0008781
-0.0003246  0.0008669
-0.0005631  0.0011198
-0.0005401  0.0012752
-0.0006238  0.0013831
-0.0010365  0.0014128
-0.0012724  0.0013055
-0.0015927  0.0013278
-0.0016238  0.0013234
-0.0018017  0.0014964
-0.0018762  0.0016686
-0.0020100  0.0017965
-0.0021944  0.0020116
-0.0022237  0.0019479
-0.0021990  0.0020774
-0.0019794  0.0021744
-0.0019840  0.0023915
-0.0017575  0.0025408
-0.0015254  0.0025164
-0.0014934  0.0024684
-0.0015144  0.0023615
-0.0014071  0.0018935
-0.0017081  0.0013216
-0.0019222  0.0006212
-0.0022272  0.0000942
-0.0025527 -0.0003847
-0.0026166 -0.0006233
-0.0026152 -0.0004826
-0.0024927 -0.0001371
-0.0021951 -0.0000146
-0.0016809  0.0003620
-0.0011001  0.0006027
-0.0005541  0.0006373
 0.0003131  0.0005798
 0.0009210  0.0003680
 0.0013947  0.0002410
 0.0016707 -0.0000486
 0.0019441 -0.0000336
 0.0018763 -0.0000715
 0.0017710 -0.0000704
 0.0017017 -0.0000205
 0.0014837  0.0000522
 0.0015937  0.0002659
 0.0017933  0.0002683
 0.0020752  0.0000231
 0.0023846 -0.0000023
 0.0027585 -0.0000222
 0.0029950 -0.0002237
 0.0030581 -0.0000843
 0.0032940 -0.0002056
 0.0032970 -0.0003724
 0.0032158 -0.0003766
 0.0033176 -0.0003830
 0.0033074 -0.0003146
 0.0033832 -0.0003266
 0.0033338 -0.0005668
 0.0031849 -0.0005682
 0.0029384 -0.0009424
 0.0029571 -0.0011442
 0.0027162 -0.0011658
 0.0026489 -0.0014157
 0.0026839 -0.0014593
 0.0023939 -0.0013720
 0.0024762 -0.0013242
 0.0023327 -0.0013357
 0.0023480 -0.0012895
 0.0020987 -0.0016588
 0.0020393 -0.0016972
 0.0019616 -0.0021531
 0.0019888 -0.0026331
 0.0020160 -0.0030412
 0.0022645 -0.0034334
 0.0024222 -0.0036918
 0.0026172 -0.0038314
 0.0025676 -0.0038970
 0.0026387 -0.0038936
 0.0022532 -0.0038630
 0.0021580 -0.0037213
 0.0020588 -0.0036658
 0.0019099 -0.0034385
 0.0020166 -0.0032066
 0.0020070 -0.0027692
 0.0020729 -0.0023979
 0.0019957 -0.0020901
 0.0020576 -0.0017759
 0.0019317 -0.0016913
 0.0016783 -0.0017883
 0.0017097 -0.0018356
 0.0013867 -0.0017616
 0.0010537 -0.0017182
 0.0009572 -0.0014094
 0.0005641 -0.0011062
 0.0000501 -0.0005945
-0.0003817 -0.0000826
-0.0007835  0.0005051
-0.0010391  0.0011961
-0.0013383  0.0013085
-0.0012933  0.0017667
-0.0013250  0.0020946
-0.0010747  0.0020487
-0.0010215  0.0022442
-0.0009485  0.0023862
-0.0008212  0.0025151
-0.0007885  0.0024769
-0.0008797  0.0023605
-0.0009906  0.0020659
-0.0009179  0.0017189
-0.0006784  0.0010676
-0.0003519  0.0005112
-0.0002364  0.0001378
-0.0001065 -0.0003800
 0.0000211 -0.0006344
 0.0000549 -0.0006658
 0.0000981 -0.0006513
 0.0000151 -0.0005716
-0.0000266 -0.0005092
-0.0000209 -0.0004811
-0.0002885 -0.0006685
-0.0003374 -0.0009988
-0.0004538 -0.0016143
-0.0005172 -0.0021056
-0.0004574 -0.0026418
-0.0005577 -0.0028287
-0.0005231 -0.0028458
-0.0003475 -0.0027043
 0.0000453 -0.0026179
 0.0002373 -0.0022145
 0.0005349 -0.0017680
 0.0008874 -0.0015739
 0.0010250 -0.0013918
 0.0011198 -0.0013476
 0.0014213 -0.0010618
 0.0016670 -0.0010411
 0.0021720 -0.0008623
 0.0024827 -0.0005398
 0.0028756 -0.0004359
 0.0032216 -0.0000629
 0.0034000  0.0003216
 0.0035412  0.0007074
 0.0032382  0.0010284
 0.0029944  0.0012128
 0.0026644  0.0013350
 0.0024519  0.0013774
 0.0022821  0.0010431
 0.0020706  0.0010800
 0.0020921  0.0009344
 0.0019865  0.0008730
 0.0016271  0.0008983
 0.0015829  0.0007884
 0.0013369  0.0009059
 0.0011748  0.0009337
 0.0011713  0.0008916
 0.0010733  0.0008900
 0.0008102  0.0010602
 0.0008326  0.0011823
 0.0006057  0.0011393
 0.0003049  0.0010500
 0.0001020  0.0010162
 0.0000767  0.0010695
 0.0000632  0.0010142
 0.0001924  0.0007772
 0.0002520  0.0005678
 0.0005754  0.0006195
 0.0008380  0.0006338
 0.0011985  0.0006763
 0.0013171  0.0010921
 0.0011864  0.0012557
 0.0009203  0.0013897
 0.0006024  0.0015489
 0.0002600  0.0012906
-0.0001952  0.0012967
-0.0003355  0.0010107
-0.0005952  0.0006980
-0.0008904  0.0004831
-0.0011070  0.0000351
-0.0012229 -0.0005553
-0.0012549 -0.0009875
-0.0011507 -0.0014521
-0.0010719 -0.0014395
-0.0010254 -0.0012455
-0.0010723 -0.0012955
-0.0011300 -0.0011249
-0.0013010 -0.0009976
-0.0010073 -0.0012897
-0.0007976 -0.0013066
-0.0004741 -0.0016836
 0.0000217 -0.0020458
 0.0003636 -0.0022883
 0.0007097 -0.0025515
 0.0009150 -0.0027878
 0.0007803 -0.0027102
 0.0006655 -0.0027803
 0.0005306 -0.0028508
 0.0005467 -0.0028571
 0.0006644 -0.0026484
 0.0007332 -0.0024031
 0.0007849 -0.0019044
 0.0007820 -0.0013967
 0.0006213 -0.0008703
 0.0001147 -0.0005452
-0.0002002 -0.0007237
-0.0004872 -0.0009948
-0.0004450 -0.0013769
-0.0002717 -0.0017898
-0.0002774 -0.0019163
-0.0001310 -0.0019720
-0.0000519 -0.0020887
-0.0003054 -0.0019380
-0.0005717 -0.0019266
-0.0006302 -0.0020719
-0.0006858 -0.0022201
-0.0004575 -0.0023714
-0.0001034 -0.0026753
 0.0001687 -0.0027351
 0.0006041 -0.0028671
 0.0008933 -0.0030877
 0.0012042 -0.0032999
 0.0014332 -0.0033431
 0.0014618 -0.0034163
 0.0013307 -0.0030684
 0.0013969 -0.0029788
 0.0010759 -0.0026660
 0.0009242 -0.0024766
 0.0006373 -0.0023284
 0.0005390 -0.0020122
 0.0003719 -0.0017722
 0.0003643 -0.0015615
 0.0002588 -0.0013483
-0.0000105 -0.0012745
-0.0001495 -0.0012386
-0.0003467 -0.0013081
-0.0005272 -0.0012519
-0.0007011 -0.0012653
-0.0006888 -0.0013975
-0.0006099 -0.0012192
-0.0004041 -0.0014463
-0.0002465 -0.0015217
-0.0001751 -0.0016534
 0.0001326 -0.0018575
 0.0002378 -0.0021432
 0.0005097 -0.0021260
 0.0006141 -0.0021199
 0.0004014 -0.0020923
 0.0001563 -0.0019639
-0.0002947 -0.0018380
-0.0007041 -0.0014807
-0.0010453 -0.0013164
-0.0014430 -0.0009439
-0.0015683 -0.0007384
-0.0017946 -0.0002703
-0.0021732 -0.0001101
-0.0022856  0.0001466
-0.0023437  0.0002495
-0.0027432  0.0003601
-0.0029988  0.0002443
-0.0031375 -0.0000951
-0.0033231 -0.0004655
-0.0032616 -0.0008254
-0.0031390 -0.0013414
-0.0028431 -0.0013934
-0.0025828 -0.0013112
-0.0024403 -0.0011481
-0.0023876 -0.0006454
-0.0022573 -0.0002518
-0.0023558  0.0001554
-0.0024539  0.0004001
-0.0025698  0.0004817
-0.0025337  0.0002220
-0.0025660  0.0001924
-0.0029054  0.0000038
-0.0030774 -0.0001104
-0.0031994 -0.0002454
-0.0033634 -0.0002903
-0.0034062 -0.0005331
-0.0033630 -0.0007375
-0.0031929 -0.0010050
-0.0030552 -0.0012453
-0.0030643 -0.0014528
-0.0032194 -0.0012871
-0.0029881 -0.0012954
-0.0030391 -0.0011669
-0.0026856 -0.0009141
-0.0026593 -0.0007041
-0.0022776 -0.0006145
-0.0020186 -0.0006942
-0.0019870 -0.0006532
-0.0019242 -0.0010294
-0.0019429 -0.0013215
-0.0018907 -0.0014904
-0.0017496 -0.0015585
-0.0014392 -0.0015739
-0.0012890 -0.0014647
-0.0014173 -0.0013783
-0.0013304 -0.0014331
-0.0014688 -0.0014871
-0.0016011 -0.0013926
-0.0017684 -0.0014133
-0.0018806 -0.0014372
-0.0018405 -0.0012341
-0.0015742 -0.0011502
-0.0010866 -0.0010575
-0.0002090 -0.0006462
 0.0003407 -0.0004555
 0.0008542 -0.0002093
 0.0013437  0.0000364
 0.0014338  0.0003393
 0.0015016  0.0003506
 0.0014137  0.0003534
 0.0013997  0.0002177
 0.0012707  0.0003473
 0.0012751  0.0002507
 0.0012810  0.0002953
 0.0011659  0.0003456
 0.0010090  0.0004863
 0.0009180  0.0006287
 0.0006527  0.0008392
 0.0004865  0.0009651
 0.0003172  0.0010581
 0.0000373  0.0012420
 0.0001914  0.0013007
 0.0002032  0.0013095
 0.0001872  0.0014709
 0.0002796  0.0015091
 0.0001957  0.0017881
 0.0001329  0.0020004
 0.0000621  0.0019795
-0.0000571  0.0021702
-0.0002158  0.0023073
-0.0001648  0.0022634
-0.0003656  0.0025302
-0.0004822  0.0026601
-0.0006868  0.0028596
-0.0009206  0.0033462
-0.0012141  0.0036800
-0.0012685  0.0038562
-0.0014344  0.0041741
-0.0016446  0.0043768
-0.0019575  0.0044849
-0.0022373  0.0045713
-0.0025812  0.0044155
-0.0028272  0.0038850
-0.0028708  0.0036323
-0.0030820  0.0029958
-0.0028596  0.0022387
-0.0030153  0.0018134
-0.0029694  0.0011637
-0.0031718  0.0007403
-0.0032421  0.0002577
-0.0031526 -0.0001627
-0.0032738 -0.0003987
-0.0031371 -0.0004668
-0.0032325 -0.0005303
-0.0036367 -0.0006281
-0.0038085 -0.0005901
-0.0039821 -0.0005607
-0.0041930 -0.0003514
-0.0040527 -0.0002743
-0.0040883 -0.0003185
-0.0041150 -0.0003973
-0.0040285 -0.0007006
-0.0038022 -0.0010197
-0.0037265 -0.0015403
-0.0035909 -0.0019317
-0.0032599 -0.0020713
-0.0031158 -0.0021356
-0.0029329 -0.0019437
-0.0028131 -0.0016425
-0.0027897 -0.0009216
-0.0027651 -0.0005762
-0.0025574 -0.0004610
-0.0024047 -0.0002010
-0.0019706 -0.0004825
-0.0016105 -0.0008981
-0.0011730 -0.0014403
-0.0004537 -0.0018992
-0.0001700 -0.0023476
 0.0000926 -0.0022814
 0.0005140 -0.0021221
 0.0006638 -0.0019296
 0.0006141 -0.0015213
 0.0007103 -0.0011706
 0.0005750 -0.0009257
 0.0004121 -0.0006304
 0.0002580 -0.0005306
 0.0002049 -0.0004849
 0.0005067 -0.0004221
 0.0007069 -0.0002907
 0.0007586 -0.0002552
 0.0011000 -0.0001241
 0.0009073  0.0001168
 0.0009650  0.0006356
 0.0006289  0.0009065
 0.0003601  0.0013112
 0.0001328  0.0018721
-0.0000442  0.0023395
-0.0001552  0.0026511
-0.0001810  0.0030282
-0.0001150  0.0034068
-0.0001013  0.0034259
 0.0002981  0.0034010
 0.0007371  0.0034317
 0.0013613  0.0031883
 0.0017716  0.0031053
 0.0021367  0.0028771
 0.0022897  0.0026637
 0.0023779  0.0025821
 0.0022277  0.0025143
 0.0018803  0.0024360
 0.0016124  0.0025503
 0.0012601  0.0025925
 0.0007846  0.0026836
 0.0003646  0.0027283
-0.0000334  0.0025745
-0.0003717  0.0024134
-0.0007581  0.0021373
-0.0008423  0.0017047
-0.0010687  0.0014429
-0.0009195  0.0013029
-0.0009641  0.0011977
-0.0007146  0.0013617
-0.0003306  0.0014644
-0.0001613  0.0017323
-0.0001317  0.0020586
-0.0002536  0.0023259
-0.0002163  0.0024496
-0.0003476  0.0024300
-0.0004560  0.0022821
-0.0004742  0.0021515
-0.0003932  0.0018714
-0.0002286  0.0016082
-0.0002225  0.0015109
-0.0000160  0.0014799
 0.0000716  0.0015429
 0.0000178  0.0019152
 0.0000794  0.0022440
-0.0001737  0.0023573
-0.0004415  0.0027634
-0.0005189  0.0025356
-0.0005485  0.0023219
-0.0004565  0.0020988
-0.0002448  0.0015061
 0.0000542  0.0008862
 0.0004163  0.0005017
 0.0004934  0.0000896
 0.0005669 -0.0003834
 0.0002753 -0.0004951
-0.0003599 -0.0006729
-0.0010579 -0.0009436
-0.0018160 -0.0009929
-0.0023801 -0.0012554
-0.0027970 -0.0015035
-0.0028896 -0.0015035
-0.0027673 -0.0015942
-0.0025962 -0.0016191
-0.0024477 -0.0012955
-0.0023994 -0.0013762
-0.0022672 -0.0014455
-0.0019770 -0.0013299
-0.0018979 -0.0014126
-0.0015883 -0.0012818
-0.0012013 -0.0011123
-0.0011714 -0.0012282
-0.0009609 -0.0010197
-0.0008128 -0.0008719
-0.0007797 -0.0007514
-0.0008298 -0.0004042
-0.0008665 -0.0000303
-0.0010029  0.0004430
-0.0010565  0.0010120
-0.0010850  0.0014737
-0.0011938  0.0016499
-0.0013814  0.0020420
-0.0013256  0.0020885
-0.0012224  0.0019242
-0.0014059  0.0018078
-0.0012024  0.0015643
-0.0012784  0.0013341
-0.0010429  0.0012531
-0.0007284  0.0010821
-0.0006863  0.0013584
-0.0006567  0.0017605
-0.0006645  0.0022070
-0.0010456  0.0025979
-0.0014334  0.0030336
-0.0014496  0.0033317
-0.0015281  0.0035552
-0.0017401  0.0038050
-0.0015728  0.0038973
-0.0014687  0.0039359
-0.0012611  0.0039206
-0.0009505  0.0035647
-0.0006981  0.0034359
-0.0004754  0.0031809
-0.0004198  0.0026373
-0.0004754  0.0025244
-0.0007367  0.0019679
-0.0009224  0.0015046
-0.0011299  0.0013952
-0.0012923  0.0011076
-0.0014291  0.0008803
-0.0017364  0.0009027
-0.0017415  0.0006099
-0.0017473  0.0006379
-0.0017125  0.0008369
-0.0017220  0.0007659
-0.0018735  0.0007503
-0.0017677  0.0008892
-0.0019397  0.0007350
-0.0017091  0.0006506
-0.0015381  0.0006277
-0.0013517  0.0005607
-0.0009315  0.0004903
-0.0005643  0.0006587
-0.0003668  0.0010006
-0.0004646  0.0010553
-0.0007306  0.0014396
-0.0011451  0.0015062
-0.0016250  0.0013768
-0.0020059  0.0011219
-0.0024903  0.0008094
-0.0021534  0.0004444
-0.0019975  0.0001025
-0.0016311 -0.0002004
-0.0012728 -0.0001907
-0.0010047 -0.0001806
-0.0008352 -0.0002458
-0.0006073 -0.0004173
-0.0007303 -0.0004457
-0.0007913 -0.0003520
-0.0011052 -0.0002176
-0.0011519 -0.0001359
-0.0014293 -0.0000850
-0.0012560  0.0000458
-0.0011532  0.0000335
-0.0008519  0.0000823
-0.0004386  0.0000740
-0.0000384 -0.0002206
 0.0002086 -0.0002285
 0.0008357 -0.0003333
 0.0010867 -0.0004678
 0.0016985 -0.0007728
 0.0020923 -0.0008144
 0.0026085 -0.0012831
 0.0028542 -0.0013864
 0.0031204 -0.0014658
 0.0031164 -0.0017692
 0.0029851 -0.0019583
 0.0028019 -0.0020662
 0.0026376 -0.0022634
 0.0024960 -0.0023319
 0.0023647 -0.0022683
 0.0020817 -0.0022285
 0.0018228 -0.0018901
 0.0015002 -0.0016853
 0.0010642 -0.0016210
 0.0004126 -0.0014708
 0.0002052 -0.0014271
-0.0003771 -0.0015849
-0.0005790 -0.0011681
-0.0009224 -0.0011551
-0.0012636 -0.0010734
-0.0012271 -0.0007494
-0.0013275 -0.0006299
-0.0014157 -0.0006353
-0.0013977 -0.0003787
-0.0012950 -0.0003703
-0.0012973 -0.0002389
-0.0010903  0.0000248
-0.0011673  0.0002655
-0.0012191  0.0004602
-0.0012933  0.0006863
-0.0015260  0.0009284
-0.0019764  0.0012255
-0.0022042  0.0014446
-0.0025836  0.0014646
-0.0030419  0.0014315
-0.0030830  0.0015364
-0.0035235  0.0012165
-0.0034431  0.0010206
-0.0032031  0.0007993
-0.0031927  0.0003963
-0.0028125  0.0000959
-0.0023274 -0.0001290
-0.0019252 -0.0001949
-0.0016307 -0.0002471
-0.0012781 -0.0001785
-0.0010893 -0.0003244
-0.0007331 -0.0003081
-0.0000701 -0.0001876
 0.0002860 -0.0000155
 0.0010142  0.0001799
 0.0015385  0.0002782
 0.0020423  0.0002454
 0.0025132  0.0001692
 0.0027302 -0.0000626
 0.0029494 -0.0000028
 0.0028836  0.0001398
 0.0025444  0.0004185
 0.0017740  0.0007770
 0.0011131  0.0010719
 0.0001096  0.0011902
-0.0004239  0.0010858
-0.0005582  0.0010517
-0.0006226  0.0007255
-0.0003328  0.0005250
 0.0004578  0.0000799
 0.0012244 -0.0003341
 0.0019168 -0.0002938
 0.0025139 -0.0003633
 0.0028636 -0.0001562
 0.0029473 -0.0001618
 0.0029976  0.0000571
 0.0032812 -0.0000108
 0.0032932  0.0002094
 0.0033037  0.0002017
 0.0032716  0.0000422
 0.0033597  0.0001504
 0.0032963 -0.0000615
 0.0032307  0.0000277
 0.0033430  0.0003599
 0.0031230  0.0005623
 0.0030063  0.0008004
 0.0029653  0.0011922
 0.0029201  0.0014931
 0.0027311  0.0016923
 0.0029122  0.0018524
 0.0029450  0.0019297
 0.0032138  0.0019912
 0.0033842  0.0018205
 0.0036627  0.0017595
 0.0039136  0.0016813
 0.0040851  0.0014975
 0.0042421  0.0012698
 0.0044572  0.0010166
 0.0045906  0.0005274
 0.0045727  0.0001906
 0.0047023 -0.0004116
 0.0047756 -0.0006879
 0.0049583 -0.0008457
 0.0050239 -0.0010907
 0.0049126 -0.0012198
 0.0047893 -0.0013504
 0.0045058 -0.0014435
 0.0042510 -0.0015535
 0.0039178 -0.0018225
 0.0035997 -0.0021597
 0.0033951 -0.0026433
 0.0032554 -0.0027087
 0.0030283 -0.0029156
 0.0028117 -0.0031031
 0.0024310 -0.0030886
 0.0021584 -0.0030631
 0.0019432 -0.0031100
 0.0015642 -0.0029703
 0.0013853 -0.0026401
 0.0011138 -0.0022550
 0.0008249 -0.0018004
 0.0006475 -0.0014691
 0.0004017 -0.0013532
-0.0000298 -0.0012234
 0.0000561 -0.0013429
-0.0002229 -0.0013418
-0.0004238 -0.0012352
-0.0004438 -0.0012863
-0.0007663 -0.0011244
-0.0011015 -0.0009533
-0.0014106 -0.0006997
-0.0017745 -0.0006934
-0.0019358 -0.0006999
-0.0021290 -0.0005646
-0.0021081 -0.0006571
-0.0022046 -0.0006827
-0.0019541 -0.0006218
-0.0018131 -0.0005776
-0.0017891 -0.0003755
-0.0017474 -0.0002789
-0.0018586 -0.0000731
-0.0018186 -0.0000228
-0.0020440 -0.0001266
-0.0021895  0.0000290
-0.0022677  0.0002931
-0.0023392  0.0000020
-0.0025407  0.0001596
-0.0024386 -0.0000586
-0.0023861 -0.0005853
-0.0023640 -0.0007473
-0.0019300 -0.0007985
-0.0018572 -0.0012528
-0.0017962 -0.0012892
-0.0014802 -0.0014873
-0.0013809 -0.0015995
-0.0015357 -0.0018455
-0.0014034 -0.0020380
-0.0013436 -0.0022619
-0.0011255 -0.0024459
-0.0006370 -0.0026172
-0.0003363 -0.0027232
-0.0000278 -0.0026048
 0.0000503 -0.0024750
-0.0000348 -0.0020820
-0.0003126 -0.0015845
-0.0007018 -0.0012952
-0.0012547 -0.0010266
-0.0015261 -0.0008723
-0.0017438 -0.0008471
-0.0018725 -0.0008936
-0.0016940 -0.0006808
-0.0013886 -0.0005522
-0.0012329 -0.0004394
-0.0011381 -0.0003853
-0.0007032 -0.0005436
-0.0005828 -0.0006294
 0.0000016 -0.0005207
 0.0004807 -0.0006807
 0.0006677 -0.0004400
 0.0007879 -0.0000801
 0.0007437  0.0005108
 0.0005948  0.0008012
 0.0004221  0.0011956
 0.0002518  0.0014409
 0.0001608  0.0015790
 0.0002074  0.0014801
 0.0000480  0.0014163
-0.0000041  0.0015439
-0.0001526  0.0016294
-0.0003717  0.0017372
-0.0004090  0.0020947
-0.0005722  0.0024462
-0.0006354  0.0026356
-0.0007812  0.0029760
-0.0008739  0.0033645
-0.0011380  0.0036911
-0.0015725  0.0038049
-0.0021079  0.0037506
-0.0029456  0.0037878
-0.0036676  0.0038588
-0.0042439  0.0035992
-0.0048920  0.0034055
-0.0051973  0.0031855
-0.0053915  0.0031730
-0.0055012  0.0031590
-0.0054570  0.0030390
-0.0054315  0.0028920
-0.0056414  0.0027195
-0.0055417  0.0025110
-0.0056609  0.0020048
-0.0057066  0.0017175
-0.0057475  0.0015124
-0.0059091  0.0012602
-0.0061687  0.0010738
-0.0061671  0.0009450
-0.0063763  0.0008171
-0.0063324  0.0007309
-0.0061596  0.0006591
-0.0058973  0.0005924
-0.0056393  0.0007163
-0.0051693  0.0007062
-0.0048027  0.0008554
-0.0042912  0.0010817
-0.0038451  0.0012631
-0.0036459  0.0017017
-0.0031936  0.0020425
-0.0028884  0.0020478
-0.0026979  0.0020175
-0.0024225  0.0020254
-0.0022785  0.0017439
-0.0023331  0.0013400
-0.0022714  0.0011194
-0.0022751  0.0008172
-0.0022335  0.0007554
-0.0020219  0.0008000
-0.0018890  0.0009036
-0.0017458  0.0011899
-0.0014766  0.0016326
-0.0012043  0.0018902
-0.0007837  0.0024548
-0.0006742  0.0030474
-0.0003820  0.0033133
-0.0003178  0.0036396
-0.0001837  0.0036337
 0.0000669  0.0034121
 0.0002341  0.0032664
 0.0004897  0.0029484
 0.0007757  0.0027420
 0.0008736  0.0026800
 0.0010401  0.0026709
 0.0010966  0.0025100
 0.0011137  0.0024718
 0.0011854  0.0023996
 0.0012014  0.0023406
 0.0009964  0.0019462
 0.0010794  0.0014810
 0.0011830  0.0010026
 0.0015303  0.0004323
 0.0018719 -0.0001357
 0.0024032 -0.0007754
 0.0026636 -0.0012331
 0.0030300 -0.0015134
 0.0027905 -0.0016692
 0.0025362 -0.0014973
 0.0021480 -0.0013514
 0.0015638 -0.0008765
 0.0010110 -0.0003493
 0.0005359  0.0001118
 0.0000047  0.0005722
-0.0004907  0.0012462
-0.0007822  0.0016961
-0.0011992  0.0021750
-0.0013312  0.0025698
-0.0014309  0.0028093
-0.0015851  0.0030722
-0.0013389  0.0033156
-0.0012455  0.0034094
-0.0011542  0.0035754
-0.0010172  0.0040177
-0.0009362  0.0040259
-0.0009173  0.0041088
-0.0008789  0.0040489
-0.0006758  0.0037124
-0.0006648  0.0036942
-0.0005011  0.0033826
-0.0001592  0.0032065
-0.0000609  0.0031058
 0.0000946  0.0027724
 0.0001548  0.0025196
 0.0001139  0.0023725
 0.0000547  0.0022846
 0.0000810  0.0018372
 0.0000507  0.0017469
 0.0001691  0.0014942
 0.0003185  0.0013044
 0.0004520  0.0010329
 0.0007215  0.0007653
 0.0008021  0.0004967
 0.0009717  0.0005660
 0.0012049  0.0008605
 0.0014663  0.0012182
 0.0015353  0.0016496
 0.0014665  0.0018824
 0.0015519  0.0018364
 0.0016034  0.0020006
 0.0018776  0.0017176
 0.0022037  0.0012843
 0.0024842  0.0011063
 0.0027033  0.0010526
 0.0028023  0.0011806
 0.0025925  0.0013159
 0.0022936  0.0014093
 0.0019834  0.0015461
 0.0012889  0.0015289
 0.0008599  0.0013949
 0.0007378  0.0014693
 0.0005961  0.0012023
 0.0005080  0.0012364
 0.0006203  0.0012049
 0.0006551  0.0014732
 0.0008852  0.0017346
 0.0009990  0.0019382
 0.0012154  0.0023848
 0.0013812  0.0028048
 0.0015091  0.0029751
 0.0014556  0.0029373
 0.0015322  0.0027712
 0.0017083  0.0023889
 0.0017416  0.0022611
 0.0019143  0.0021190
 0.0021154  0.0023086
 0.0023226  0.0024256
 0.0022062  0.0027086
 0.0022655  0.0029686
 0.0021672  0.0028034
 0.0020248  0.0026689
 0.0017848  0.0028069
 0.0015589  0.0025968
 0.0011225  0.0024325
 0.0007509  0.0024479
 0.0003181  0.0020186
 0.0000731  0.0020041
-0.0001868  0.0018201
-0.0003509  0.0016864
-0.0004830  0.0016166
-0.0003821  0.0014716
-0.0006295  0.0013079
-0.0006440  0.0011688
-0.0003538  0.0011860
-0.0004544  0.0011508
-0.0003069  0.0014738
-0.0002087  0.0017301
-0.0004374  0.0020328
-0.0004581  0.0024068
-0.0004661  0.0029947
-0.0007468  0.0031019
-0.0009491  0.0032112
-0.0009992  0.0031626
-0.0009936  0.0029449
-0.0008103  0.0029580
-0.0006615  0.0027951
-0.0007431  0.0028541
-0.0010269  0.0028728
-0.0013159  0.0030883
-0.0017382  0.0033272
-0.0020494  0.0034100
-0.0020842  0.0032996
-0.0020930  0.0031831
-0.0017393  0.0029927
-0.0013261  0.0031460
-0.0011769  0.0032199
-0.0009850  0.0029263
-0.0011472  0.0026962
-0.0010005  0.0022481
-0.0010935  0.0018371
-0.0009348  0.0013960
-0.0009037  0.0012266
-0.0007174  0.0012513
-0.0006815  0.0014031
-0.0008151  0.0017459
-0.0008573  0.0017946
-0.0008201  0.0019595
-0.0010403  0.0021868
-0.0012483  0.0023214
-0.0015425  0.0024056
-0.0019617  0.0024247
-0.0019362  0.0021558
-0.0019408  0.0019473
-0.0018490  0.0017456
-0.0014218  0.0015010
-0.0006670  0.0013238
-0.0001336  0.0013095
 0.0005561  0.0014561
 0.0008700  0.0015520
 0.0010911  0.0017399
 0.0011476  0.0017023
 0.0010716  0.0017576
 0.0011154  0.0015251
 0.0010609  0.0012749
 0.0012409  0.0011263
 0.0014540  0.0008569
 0.0014288  0.0006055
 0.0013991  0.0004403
 0.0015143  0.0001318
 0.0013423 -0.0003106
 0.0009484 -0.0006202
 0.0007424 -0.0008660
 0.0005799 -0.0011259
 0.0003432 -0.0014570
 0.0003798 -0.0012140
 0.0003158 -0.0012494
 0.0004830 -0.0008918
 0.0006328  0.0002480
