[PARAMETERS]
DW=1E-007
TAU=0.0015
TD=4096
BS=4096
NS=128
NSC=128
FR=56.130000
GAIN=4.974204
D0=0.05
D1=7E-006
D2=1.4E-005
D3=2.5E-005
D4=1E-005
D5=5E-005
D6=0.001
D7=0.001
D8=0.001
D9=0.05
C0=1
SEGTD=0
SEGOFF=0
SEGNUM=0
[ADDITIONAL]
PPFILE=UK_TWO_T2_SOLID.PC
DATEWR=12.09.2024
TIMEWR=14:45:11
DATESTA=12.09.2024
TIMESTA=14:45:01
DATEEND=12.09.2024
TIMEEND=14:45:11
CURR_Z0=0
CURR_Z1=1
TE=-1
[VARIABLES]
_USER=Measurements
_EMAIL_F=7NMR.NMR-270-ijs.si
_ITC_H=1
_ITC_R0= 80.00
_ITC_R1= 79.94
_ITC_R2= 80.43
_ITC_R3=  0.00
_ITC_R4= -0.06
_ITC_V= 21.98
_ITC_X=X0A1C1S00H1
_FW=100
_ORIENT=?
_THETA=0
_TITLE=?
_DESCR1=?
_DESCR2=?
_FR_LARM=56.13000000
_FR_SYNT=526.13000000
_TRIMLEV=1.572265625
_DATE=12.09.2024
_TIME=14:39:03
_ITC_DIR=I3I3
[PPFILE]
; pi/2 - pi/2


DELAY D9
PULSE [GT] 3u
PULSE [PHL1,GT] D1
DELAY TAU-3u
PULSE [GT] 3u
PULSE [PHL2,GT] D1
DELAY TAU-D3
PULSE [TR] 1u+DW
DELAY 1m
STOP

;PHL 1 [+X] [+X] [+Y] [+Y] [-X] [-X] [-Y] [-Y]
;PHL 2 [+Y] [-Y] [-X] [+X] [-Y] [+Y] [+X] [-X]
;!RLS +X+X+Y+Y-X-X-Y-Y

PHL 1 [+X] [+X] [-X] [-X] [+Y] [+Y] [-Y] [-Y] [+X] [+X] [-X] [-X] [+Y] [+Y] [-Y] [-Y]
PHL 2 [+Y] [-Y] [-Y] [+Y] [-X] [+X] [+X] [-X] [+X] [-X] [-X] [+X] [-Y] [+Y] [+Y] [-Y]
!RLS +X+X-X-X+Y+Y-Y-Y-X-X+X+X-Y-Y+Y+Y
[DATA]
-0.0010791 -0.0025889
-0.0017647 -0.0025575
-0.0018180 -0.0028866
-0.0020404 -0.0035273
-0.0023399 -0.0040361
-0.0018154 -0.0041407
-0.0016361 -0.0040564
-0.0013062 -0.0037577
-0.0009344 -0.0031000
-0.0006989 -0.0027795
-0.0002532 -0.0027109
-0.0002132 -0.0025417
 0.0002479 -0.0029891
 0.0001114 -0.0033775
 0.0003379 -0.0036538
 0.0008147 -0.0042521
 0.0010391 -0.0046971
 0.0017586 -0.0053895
 0.0018684 -0.0058506
 0.0026871 -0.0066367
 0.0031252 -0.0069266
 0.0038321 -0.0066613
 0.0044034 -0.0063453
 0.0045960 -0.0059084
 0.0046340 -0.0049601
 0.0041717 -0.0044126
 0.0034833 -0.0041494
 0.0034441 -0.0040574
 0.0027880 -0.0041584
 0.0023633 -0.0046788
 0.0023749 -0.0047753
 0.0022283 -0.0057443
 0.0025008 -0.0062099
 0.0033437 -0.0064069
 0.0036290 -0.0066856
 0.0038526 -0.0058256
 0.0038456 -0.0049563
 0.0028252 -0.0040079
 0.0020947 -0.0030541
 0.0010816 -0.0025938
-0.0000804 -0.0019977
-0.0008338 -0.0015955
-0.0013155 -0.0009458
-0.0020996 -0.0005287
-0.0029184 -0.0001894
-0.0037222  0.0002273
-0.0048656  0.0001373
-0.0058127 -0.0003128
-0.0065330 -0.0007860
-0.0076186 -0.0009745
-0.0084192 -0.0013734
-0.0088387 -0.0015430
-0.0094653 -0.0015224
-0.0094426 -0.0011356
-0.0097620 -0.0006066
-0.0094240 -0.0001798
-0.0091033  0.0004440
-0.0082481  0.0011228
-0.0069714  0.0016101
-0.0057198  0.0022707
-0.0045469  0.0029341
-0.0034858  0.0037840
-0.0024853  0.0045778
-0.0026298  0.0051778
-0.0021400  0.0051044
-0.0020491  0.0045690
-0.0018476  0.0046255
-0.0015851  0.0040239
-0.0016694  0.0032273
-0.0023574  0.0026022
-0.0028322  0.0016497
-0.0038722  0.0010283
-0.0049725  0.0004291
-0.0057469  0.0002361
-0.0062581  0.0000492
-0.0068222  0.0001292
-0.0067120  0.0006726
-0.0067742  0.0006028
-0.0068311  0.0004926
-0.0069462  0.0000748
-0.0074016 -0.0008272
-0.0068989 -0.0018095
-0.0066853 -0.0027515
-0.0064329 -0.0033903
-0.0054567 -0.0038348
-0.0049302 -0.0042620
-0.0037161 -0.0040759
-0.0024830 -0.0037820
-0.0014401 -0.0034998
-0.0006511 -0.0029573
 0.0001547 -0.0023174
 0.0013224 -0.0022472
 0.0019946 -0.0017006
 0.0027213 -0.0013655
 0.0032648 -0.0007526
 0.0036206 -0.0003974
 0.0039125 -0.0005169
 0.0041532 -0.0008686
 0.0048315 -0.0009877
 0.0053314 -0.0007778
 0.0060165 -0.0009336
 0.0070448 -0.0002291
 0.0082423  0.0005125
 0.0089120  0.0012021
 0.0096980  0.0021937
 0.0102571  0.0026750
 0.0107246  0.0028737
 0.0104257  0.0029932
 0.0108258  0.0025447
 0.0100208  0.0020332
 0.0094830  0.0012108
 0.0091035  0.0004024
 0.0089109 -0.0003518
 0.0086028 -0.0007834
 0.0083327 -0.0008675
 0.0086520 -0.0003507
 0.0081732  0.0004338
 0.0076511  0.0015910
 0.0071101  0.0024813
 0.0067075  0.0030724
 0.0062650  0.0029671
 0.0055520  0.0026535
 0.0052996  0.0021876
 0.0050501  0.0015631
 0.0049508  0.0014137
 0.0044897  0.0016838
 0.0045688  0.0020896
 0.0039402  0.0025494
 0.0034679  0.0030465
 0.0027250  0.0033941
 0.0022724  0.0034914
 0.0015284  0.0038927
 0.0011682  0.0033945
 0.0006317  0.0039468
-0.0003321  0.0039286
-0.0014065  0.0044208
-0.0023904  0.0050898
-0.0032601  0.0057172
-0.0040770  0.0058851
-0.0048740  0.0054971
-0.0054328  0.0049230
-0.0059545  0.0042540
-0.0062330  0.0033375
-0.0066287  0.0021888
-0.0071147  0.0013070
-0.0070073  0.0007115
-0.0063463 -0.0002090
-0.0059187 -0.0011167
-0.0051665 -0.0015237
-0.0039371 -0.0019383
-0.0033750 -0.0020356
-0.0024363 -0.0020558
-0.0016857 -0.0022662
-0.0012032 -0.0025008
-0.0013001 -0.0030604
-0.0009404 -0.0037726
-0.0009606 -0.0037770
-0.0007911 -0.0043161
-0.0012372 -0.0044303
-0.0019442 -0.0044081
-0.0025191 -0.0038412
-0.0024173 -0.0035872
-0.0021581 -0.0028322
-0.0018245 -0.0023670
-0.0013743 -0.0016988
-0.0009076 -0.0010415
-0.0004989 -0.0009821
-0.0001476 -0.0011549
-0.0001077 -0.0017287
 0.0002024 -0.0024166
 0.0004879 -0.0032395
 0.0007927 -0.0037430
 0.0008867 -0.0049187
 0.0012658 -0.0049240
 0.0018169 -0.0053512
 0.0022594 -0.0053375
 0.0029511 -0.0051142
 0.0030670 -0.0041590
 0.0033564 -0.0036055
 0.0032183 -0.0026998
 0.0029478 -0.0022751
 0.0026325 -0.0012112
 0.0024124 -0.0007965
 0.0022145 -0.0003075
 0.0019803  0.0001020
 0.0014248  0.0005453
 0.0008212  0.0003559
-0.0000521  0.0000822
-0.0012499 -0.0007088
-0.0027034 -0.0014812
-0.0032977 -0.0026920
-0.0033042 -0.0038666
-0.0025662 -0.0043987
-0.0016191 -0.0052223
-0.0004249 -0.0053951
 0.0006753 -0.0053753
 0.0019543 -0.0053051
 0.0023475 -0.0050633
 0.0028215 -0.0050904
 0.0033718 -0.0051373
 0.0032518 -0.0048761
 0.0027681 -0.0047889
 0.0023236 -0.0046137
 0.0012294 -0.0044933
 0.0005794 -0.0040968
-0.0005264 -0.0046365
-0.0009790 -0.0044697
-0.0010621 -0.0043416
-0.0007463 -0.0046077
-0.0003708 -0.0044938
-0.0000344 -0.0042100
 0.0004134 -0.0046558
 0.0005317 -0.0050879
 0.0011862 -0.0056334
 0.0015108 -0.0063674
 0.0023191 -0.0065100
 0.0029134 -0.0069517
 0.0030515 -0.0066234
 0.0034912 -0.0064696
 0.0033063 -0.0061562
 0.0031751 -0.0059019
 0.0029482 -0.0060500
 0.0023765 -0.0064101
 0.0017479 -0.0064683
 0.0005767 -0.0067622
 0.0000389 -0.0071850
-0.0009221 -0.0075403
-0.0008660 -0.0078912
-0.0009774 -0.0082772
-0.0006051 -0.0082057
-0.0003067 -0.0083184
-0.0000103 -0.0079921
-0.0002500 -0.0076336
-0.0002831 -0.0073886
-0.0004115 -0.0070854
-0.0005451 -0.0070370
-0.0002944 -0.0069127
-0.0000465 -0.0068982
 0.0004109 -0.0067654
 0.0011001 -0.0066607
 0.0018059 -0.0067169
 0.0023961 -0.0061520
 0.0033142 -0.0057425
 0.0039065 -0.0054708
 0.0041177 -0.0052770
 0.0045844 -0.0052358
 0.0044206 -0.0057752
 0.0044291 -0.0056799
 0.0043593 -0.0057970
 0.0042123 -0.0056811
 0.0039560 -0.0055269
 0.0038438 -0.0051454
 0.0040166 -0.0049173
 0.0038277 -0.0046516
 0.0034017 -0.0044090
 0.0032797 -0.0045350
 0.0032159 -0.0042977
 0.0029579 -0.0039053
 0.0030858 -0.0031838
 0.0028092 -0.0024406
 0.0027272 -0.0016908
 0.0019879 -0.0004622
 0.0013067  0.0005012
 0.0005678  0.0010850
-0.0003027  0.0019915
-0.0007525  0.0033570
-0.0018907  0.0043397
-0.0025448  0.0047649
-0.0030273  0.0046938
-0.0032054  0.0042913
-0.0036252  0.0040430
-0.0030644  0.0038169
-0.0024883  0.0034189
-0.0021027  0.0034031
-0.0017014  0.0031399
-0.0017034  0.0026086
-0.0012254  0.0021371
-0.0011313  0.0017418
-0.0009860  0.0016926
-0.0011596  0.0020867
-0.0013510  0.0021001
-0.0018666  0.0027034
-0.0022836  0.0034960
-0.0023353  0.0038909
-0.0026901  0.0045305
-0.0026658  0.0052851
-0.0024688  0.0059032
-0.0021591  0.0062892
-0.0017759  0.0073281
-0.0011057  0.0075421
-0.0007783  0.0081340
-0.0003729  0.0084990
 0.0002457  0.0089754
-0.0002453  0.0091829
-0.0002561  0.0098442
-0.0006695  0.0103771
-0.0015420  0.0111785
-0.0020216  0.0120591
-0.0024823  0.0129207
-0.0025280  0.0135542
-0.0024037  0.0141852
-0.0017807  0.0145894
-0.0014646  0.0149543
-0.0011408  0.0149668
-0.0007746  0.0151005
-0.0006188  0.0150899
-0.0004197  0.0154084
-0.0003603  0.0153607
-0.0002630  0.0159102
-0.0003418  0.0159631
-0.0001956  0.0168800
 0.0002795  0.0173548
 0.0011181  0.0179834
 0.0020572  0.0185700
 0.0031655  0.0194634
 0.0045031  0.0199915
 0.0055879  0.0202741
 0.0065758  0.0204836
 0.0075327  0.0203767
 0.0081246  0.0206496
 0.0086785  0.0213445
 0.0089874  0.0215831
 0.0093895  0.0221295
 0.0095635  0.0226709
 0.0101833  0.0225022
 0.0103004  0.0223520
 0.0107458  0.0222777
 0.0107167  0.0214202
 0.0107192  0.0209591
 0.0104568  0.0211492
 0.0104229  0.0209958
 0.0107660  0.0212990
 0.0114281  0.0218243
 0.0119187  0.0217674
 0.0127322  0.0220408
 0.0134487  0.0224094
 0.0134160  0.0227562
 0.0129060  0.0232169
 0.0125531  0.0236562
 0.0115958  0.0239380
 0.0105263  0.0247212
 0.0095792  0.0251375
 0.0091880  0.0254427
 0.0089486  0.0262490
 0.0088453  0.0263152
 0.0089697  0.0266092
 0.0090691  0.0273683
 0.0093234  0.0274907
 0.0091002  0.0271891
 0.0089500  0.0265919
 0.0093603  0.0255922
 0.0093708  0.0243555
 0.0091460  0.0235964
 0.0088872  0.0224974
 0.0088909  0.0212865
 0.0087378  0.0204601
 0.0088549  0.0199061
 0.0089833  0.0192347
 0.0093394  0.0194830
 0.0093296  0.0195787
 0.0096110  0.0201516
 0.0091673  0.0207249
 0.0087780  0.0212050
 0.0080460  0.0217803
 0.0075215  0.0222555
 0.0066781  0.0219906
 0.0061177  0.0218764
 0.0054761  0.0216075
 0.0047687  0.0209336
 0.0042087  0.0204289
 0.0033665  0.0197683
 0.0029619  0.0190319
 0.0024617  0.0186596
 0.0023062  0.0178892
 0.0023636  0.0175840
 0.0023668  0.0176772
 0.0027330  0.0172347
 0.0031384  0.0164082
 0.0040965  0.0162132
 0.0046331  0.0152692
 0.0056666  0.0146220
 0.0065585  0.0142595
 0.0071928  0.0134650
 0.0075129  0.0131489
 0.0074548  0.0125784
 0.0071669  0.0114334
 0.0070147  0.0106102
 0.0067866  0.0101079
 0.0074184  0.0095455
 0.0080713  0.0093464
 0.0089692  0.0091106
 0.0098700  0.0084730
 0.0100436  0.0077237
 0.0101146  0.0071649
 0.0097286  0.0060336
 0.0094746  0.0048792
 0.0093135  0.0039579
 0.0092953  0.0032679
 0.0096187  0.0030696
 0.0100863  0.0035032
 0.0111062  0.0042832
 0.0116480  0.0057395
 0.0119375  0.0071038
 0.0117449  0.0078737
 0.0114769  0.0087257
 0.0112439  0.0089458
 0.0099753  0.0088550
 0.0091827  0.0087585
 0.0084705  0.0085081
 0.0077554  0.0083700
 0.0071760  0.0082319
 0.0067170  0.0080789
 0.0066835  0.0077918
 0.0062583  0.0076376
 0.0061679  0.0067154
 0.0058231  0.0061030
 0.0052594  0.0053883
 0.0045415  0.0047718
 0.0042460  0.0044080
 0.0038664  0.0044076
 0.0037077  0.0044137
 0.0028626  0.0046144
 0.0023644  0.0054268
 0.0019514  0.0057999
 0.0010002  0.0061895
 0.0006017  0.0063511
 0.0008767  0.0060709
 0.0003462  0.0060378
 0.0002942  0.0056418
 0.0002413  0.0044188
-0.0007701  0.0036731
-0.0016074  0.0024635
-0.0026971  0.0012163
-0.0040932  0.0005647
-0.0051458  0.0001803
-0.0057768  0.0001044
-0.0062351  0.0005412
-0.0061353  0.0005182
-0.0056355  0.0007286
-0.0049047  0.0011125
-0.0050949  0.0009005
-0.0049418  0.0006918
-0.0049555  0.0004407
-0.0051420 -0.0004964
-0.0055974 -0.0015304
-0.0053806 -0.0023964
-0.0047184 -0.0039315
-0.0039650 -0.0044197
-0.0027719 -0.0048695
-0.0015768 -0.0053924
-0.0003106 -0.0054174
 0.0004400 -0.0050416
 0.0009871 -0.0049903
 0.0012798 -0.0045523
 0.0013776 -0.0041764
 0.0012500 -0.0043731
 0.0010813 -0.0041845
 0.0010049 -0.0040570
 0.0011463 -0.0044349
 0.0013991 -0.0042568
 0.0019627 -0.0041736
 0.0021424 -0.0041449
 0.0024925 -0.0034302
 0.0029164 -0.0029146
 0.0024215 -0.0029934
 0.0026681 -0.0029091
 0.0028418 -0.0030722
 0.0034704 -0.0036387
 0.0041906 -0.0043219
 0.0050271 -0.0046975
 0.0051753 -0.0051453
 0.0050658 -0.0051538
 0.0046907 -0.0051962
 0.0038565 -0.0055245
 0.0031862 -0.0051231
 0.0030783 -0.0054017
 0.0031465 -0.0050726
 0.0034799 -0.0043168
 0.0032272 -0.0033934
 0.0033176 -0.0023327
 0.0031758 -0.0010484
 0.0033801 -0.0001048
 0.0031059  0.0005133
 0.0026061  0.0009038
 0.0024094  0.0010658
 0.0017545  0.0013573
 0.0011521  0.0012785
 0.0005921  0.0008805
 0.0001604  0.0010694
 0.0002525  0.0007779
 0.0005928  0.0010076
 0.0008011  0.0015656
 0.0011649  0.0020081
 0.0017084  0.0030539
 0.0019603  0.0038889
 0.0026027  0.0043811
 0.0032225  0.0045649
 0.0034963  0.0044616
 0.0040547  0.0043118
 0.0051064  0.0038580
 0.0055214  0.0040680
 0.0055529  0.0038213
 0.0056453  0.0045319
 0.0049880  0.0053939
 0.0038741  0.0060064
 0.0028017  0.0061626
 0.0017908  0.0064117
 0.0004411  0.0063383
-0.0004862  0.0058816
-0.0014007  0.0056927
-0.0017023  0.0052328
-0.0015864  0.0055954
-0.0014915  0.0057892
-0.0015521  0.0060609
-0.0016918  0.0063868
-0.0016345  0.0071943
-0.0019567  0.0067703
-0.0022239  0.0065147
-0.0020511  0.0058635
-0.0023939  0.0048420
-0.0020652  0.0039549
-0.0020846  0.0036981
-0.0023858  0.0032091
-0.0028444  0.0029115
-0.0029756  0.0025420
-0.0036030  0.0019557
-0.0035763  0.0011276
-0.0026828  0.0003424
-0.0020569 -0.0007696
-0.0010241 -0.0011168
-0.0000110 -0.0019320
 0.0005935 -0.0023294
 0.0011563 -0.0028810
 0.0011778 -0.0031604
 0.0007558 -0.0037907
 0.0005580 -0.0042405
 0.0006088 -0.0044009
 0.0003871 -0.0045067
 0.0003374 -0.0043783
 0.0007075 -0.0037881
 0.0004923 -0.0032882
 0.0003304 -0.0021990
-0.0003451 -0.0017915
-0.0010388 -0.0011560
-0.0015043 -0.0008811
-0.0020837 -0.0009707
-0.0021749 -0.0010744
-0.0018297 -0.0009326
-0.0018091 -0.0009677
-0.0015184 -0.0003912
-0.0009786  0.0003352
-0.0010606  0.0004841
-0.0003969  0.0011297
 0.0000339  0.0018387
 0.0005805  0.0016069
 0.0007840  0.0016663
 0.0013149  0.0007025
 0.0018102 -0.0005467
 0.0025285 -0.0010114
 0.0027339 -0.0017649
 0.0031292 -0.0020378
 0.0033128 -0.0016357
 0.0035220 -0.0013438
 0.0037331 -0.0004704
 0.0038321  0.0003650
 0.0036831  0.0012969
 0.0039266  0.0023798
 0.0033731  0.0034082
 0.0027469  0.0040252
 0.0020573  0.0044124
 0.0013435  0.0050430
 0.0013415  0.0046986
 0.0012760  0.0046998
 0.0021464  0.0048375
 0.0028344  0.0048597
 0.0035216  0.0057299
 0.0039806  0.0066787
 0.0039604  0.0067288
 0.0032878  0.0072392
 0.0026176  0.0071545
 0.0016256  0.0066454
 0.0005363  0.0059179
-0.0003233  0.0052093
-0.0014295  0.0042472
-0.0021159  0.0036916
-0.0019620  0.0031562
-0.0021296  0.0024477
-0.0019349  0.0014133
-0.0017771  0.0004605
-0.0020802 -0.0002283
-0.0020976 -0.0008812
-0.0022672 -0.0013435
-0.0027686 -0.0019039
-0.0035765 -0.0019867
-0.0042088 -0.0018729
-0.0049376 -0.0018151
-0.0053978 -0.0013193
-0.0060834 -0.0013626
-0.0060026 -0.0010355
-0.0057527 -0.0002296
-0.0057466  0.0000591
-0.0056993  0.0005359
-0.0050589  0.0013591
-0.0048142  0.0014564
-0.0046470  0.0020430
-0.0045985  0.0022683
-0.0044922  0.0023236
-0.0049262  0.0021504
-0.0055577  0.0014975
-0.0062465  0.0008224
-0.0064742 -0.0002350
-0.0063369 -0.0011629
-0.0062177 -0.0023156
-0.0053125 -0.0035288
-0.0041429 -0.0040646
-0.0031609 -0.0040771
-0.0022751 -0.0038082
-0.0021172 -0.0036321
-0.0019561 -0.0031480
-0.0022334 -0.0024052
-0.0024183 -0.0019716
-0.0025652 -0.0019401
-0.0026007 -0.0012764
-0.0028127 -0.0013212
-0.0031401 -0.0013067
-0.0034535 -0.0011743
-0.0034814 -0.0013528
-0.0040087 -0.0010298
-0.0035655 -0.0008304
-0.0031335 -0.0008240
-0.0027448 -0.0007207
-0.0018664 -0.0000372
-0.0014054  0.0002305
-0.0011402  0.0009617
-0.0012695  0.0018524
-0.0016475  0.0019449
-0.0016580  0.0024222
-0.0015119  0.0027049
-0.0010294  0.0029319
-0.0008719  0.0032852
-0.0002344  0.0041908
-0.0003797  0.0048211
-0.0005864  0.0057210
-0.0009498  0.0066161
-0.0005666  0.0076925
-0.0004552  0.0079812
-0.0000898  0.0083660
 0.0006167  0.0083337
 0.0014053  0.0076885
 0.0021207  0.0068294
 0.0025277  0.0056844
 0.0029009  0.0052302
 0.0032324  0.0046630
 0.0025125  0.0045116
 0.0023046  0.0044402
 0.0023070  0.0038899
 0.0016966  0.0033359
 0.0017135  0.0027457
 0.0023313  0.0024611
 0.0024108  0.0018264
 0.0027011  0.0015603
 0.0029878  0.0015995
 0.0027625  0.0009866
 0.0032438  0.0013899
 0.0034041  0.0013742
 0.0031401  0.0013710
 0.0027784  0.0014271
 0.0016511  0.0007157
 0.0006406  0.0003886
-0.0001229  0.0002687
-0.0009223 -0.0006785
-0.0018800 -0.0008966
-0.0020083 -0.0014825
-0.0024105 -0.0019517
-0.0022393 -0.0018847
-0.0021028 -0.0023911
-0.0020503 -0.0020883
-0.0019946 -0.0018061
-0.0015529 -0.0015553
-0.0014430 -0.0011899
-0.0010893 -0.0008815
-0.0010355 -0.0006485
-0.0012337 -0.0005128
-0.0016665 -0.0007280
-0.0020080 -0.0008254
-0.0021235 -0.0010390
-0.0022491 -0.0013313
-0.0018559 -0.0014871
-0.0017526 -0.0013402
-0.0012960 -0.0010766
-0.0013610 -0.0006236
-0.0015371  0.0000009
-0.0013877  0.0000711
-0.0013461  0.0002040
-0.0010801 -0.0000274
 0.0000892 -0.0003677
 0.0005507 -0.0012248
 0.0009459 -0.0011477
 0.0014776 -0.0015919
 0.0014517 -0.0017618
 0.0014593 -0.0013213
 0.0011997 -0.0015878
 0.0013640 -0.0013895
 0.0014168 -0.0010370
 0.0017427 -0.0001290
 0.0020144  0.0005873
 0.0021117  0.0015430
 0.0025708  0.0023860
 0.0027654  0.0027885
 0.0035115  0.0030001
 0.0042733  0.0031192
 0.0047312  0.0031814
 0.0053630  0.0035258
 0.0053800  0.0036251
 0.0050562  0.0037580
 0.0045002  0.0040834
 0.0047695  0.0040870
 0.0045786  0.0039348
 0.0043823  0.0044383
 0.0048583  0.0042983
 0.0040875  0.0047110
 0.0038937  0.0054450
 0.0035118  0.0058888
 0.0028602  0.0060963
 0.0029203  0.0065303
 0.0030774  0.0058733
 0.0031396  0.0053637
 0.0037206  0.0049164
 0.0040662  0.0049341
 0.0040687  0.0043184
 0.0045810  0.0049095
 0.0046718  0.0051917
 0.0045789  0.0060347
 0.0049297  0.0069859
 0.0047422  0.0071183
 0.0046905  0.0080558
 0.0042798  0.0081886
 0.0031828  0.0083194
 0.0025251  0.0085140
 0.0018739  0.0082653
 0.0017196  0.0081123
 0.0012667  0.0080368
 0.0012966  0.0081418
 0.0012943  0.0080538
 0.0010032  0.0081633
 0.0004445  0.0073296
-0.0003863  0.0069748
-0.0011824  0.0057551
-0.0022346  0.0044438
-0.0030372  0.0029487
-0.0032867  0.0018437
-0.0030105  0.0001016
-0.0026056 -0.0006248
-0.0015118 -0.0015308
-0.0002416 -0.0020133
 0.0007940 -0.0025741
 0.0016556 -0.0032149
 0.0023513 -0.0039526
 0.0026545 -0.0042098
 0.0026129 -0.0045248
 0.0025333 -0.0049568
 0.0021416 -0.0046004
 0.0022094 -0.0045645
 0.0020685 -0.0046222
 0.0020410 -0.0047558
 0.0022081 -0.0046210
 0.0022452 -0.0039608
 0.0022795 -0.0031925
 0.0021645 -0.0021617
 0.0019125 -0.0013422
 0.0017393 -0.0002783
 0.0015104  0.0006639
 0.0008365  0.0016486
 0.0005676  0.0023838
 0.0001998  0.0025109
-0.0003412  0.0031185
-0.0005548  0.0031771
-0.0002714  0.0033354
 0.0001613  0.0033027
 0.0008465  0.0036532
 0.0017654  0.0035850
 0.0021421  0.0038806
 0.0024324  0.0040223
 0.0021486  0.0038209
 0.0016750  0.0030994
 0.0013710  0.0024922
 0.0012236  0.0012854
 0.0010590  0.0005756
 0.0010747  0.0005910
 0.0008413  0.0004182
 0.0011267  0.0008009
 0.0009083  0.0018535
 0.0011142  0.0032545
 0.0011234  0.0042933
 0.0008161  0.0049515
 0.0008484  0.0055584
 0.0006724  0.0054749
 0.0005407  0.0049852
 0.0005819  0.0041906
 0.0004132  0.0035685
 0.0007249  0.0025588
 0.0000491  0.0015228
-0.0002888  0.0012708
-0.0004708  0.0005776
-0.0006598  0.0003644
-0.0006420  0.0006874
-0.0004329  0.0006462
-0.0005791  0.0014928
-0.0011072  0.0021824
-0.0016124  0.0027243
-0.0020844  0.0031490
-0.0030276  0.0034616
-0.0033287  0.0031006
-0.0040114  0.0032747
-0.0044458  0.0027381
-0.0048935  0.0020061
-0.0054046  0.0012926
-0.0056254  0.0006155
-0.0058471 -0.0004649
-0.0055390 -0.0007201
-0.0055143 -0.0011635
-0.0050104 -0.0012426
-0.0044161 -0.0008792
-0.0038698 -0.0002692
-0.0035597  0.0001337
-0.0029060  0.0012177
-0.0022007  0.0019949
-0.0015527  0.0025815
-0.0011022  0.0035246
-0.0007498  0.0042981
-0.0012577  0.0047676
-0.0010394  0.0049472
-0.0016426  0.0049646
-0.0020726  0.0051559
-0.0023690  0.0052739
-0.0023017  0.0054907
-0.0024479  0.0062615
-0.0017494  0.0064973
-0.0012000  0.0065974
-0.0003461  0.0065619
 0.0011251  0.0063980
 0.0026363  0.0057125
 0.0035738  0.0054933
 0.0041282  0.0053860
 0.0042440  0.0045543
 0.0032941  0.0045216
 0.0026993  0.0040028
 0.0018830  0.0034876
 0.0012924  0.0029709
 0.0009665  0.0026079
 0.0009879  0.0018622
 0.0007921  0.0015412
 0.0005014  0.0015077
 0.0000722  0.0012627
 0.0002558  0.0021708
-0.0001161  0.0029585
-0.0003139  0.0038827
-0.0004698  0.0043215
-0.0003002  0.0045311
-0.0005453  0.0047987
-0.0004476  0.0048545
-0.0008432  0.0045993
-0.0011980  0.0046921
-0.0009614  0.0050365
-0.0009525  0.0051722
-0.0012965  0.0054774
-0.0009460  0.0058634
-0.0005790  0.0059627
-0.0007853  0.0060677
-0.0008814  0.0064901
-0.0010868  0.0067816
-0.0016375  0.0068042
-0.0015588  0.0071304
-0.0015523  0.0070307
-0.0009495  0.0074575
-0.0005037  0.0076097
-0.0001298  0.0078976
 0.0004367  0.0078427
 0.0008325  0.0075560
 0.0012839  0.0067307
 0.0014269  0.0063517
 0.0021509  0.0056233
 0.0028749  0.0044351
 0.0035617  0.0042433
 0.0046886  0.0035327
 0.0051454  0.0028899
 0.0055124  0.0030328
 0.0056876  0.0030387
 0.0057280  0.0031267
 0.0054873  0.0035789
 0.0055014  0.0040169
 0.0052882  0.0043968
 0.0050940  0.0052625
 0.0052123  0.0055871
 0.0048110  0.0054720
 0.0041065  0.0056985
 0.0033745  0.0053586
 0.0022242  0.0051648
 0.0017018  0.0047594
 0.0009096  0.0043169
 0.0001876  0.0041622
 0.0004427  0.0040282
 0.0008674  0.0037807
 0.0009864  0.0036091
 0.0012653  0.0031888
 0.0014922  0.0031533
 0.0015863  0.0026002
 0.0012782  0.0020022
 0.0012847  0.0009146
 0.0008132  0.0000465
 0.0004147 -0.0003819
-0.0000213 -0.0008095
-0.0005769 -0.0007603
-0.0003347 -0.0005577
-0.0000294 -0.0010038
 0.0007110 -0.0010087
 0.0017628 -0.0010725
 0.0031860 -0.0014408
 0.0044323 -0.0019830
 0.0051074 -0.0019891
 0.0052427 -0.0023994
 0.0049028 -0.0019476
 0.0044272 -0.0014624
 0.0034162 -0.0012206
 0.0025567 -0.0005032
 0.0026241 -0.0003389
 0.0025172 -0.0002081
 0.0028030 -0.0000757
 0.0036675  0.0000580
 0.0044495  0.0007855
 0.0048621  0.0020504
 0.0051370  0.0033150
 0.0050731  0.0047184
 0.0042406  0.0063822
 0.0038525  0.0076306
 0.0028302  0.0086315
 0.0023477  0.0096280
 0.0016775  0.0098493
 0.0008704  0.0101226
 0.0003920  0.0105672
-0.0001656  0.0104207
-0.0007050  0.0107934
-0.0003812  0.0110308
-0.0000376  0.0111019
 0.0004759  0.0117080
 0.0010690  0.0118353
 0.0019904  0.0116754
 0.0020428  0.0120053
 0.0025431  0.0122177
 0.0026194  0.0118172
 0.0022132  0.0123340
 0.0023642  0.0118337
 0.0019459  0.0111647
 0.0015656  0.0102236
 0.0013024  0.0094189
 0.0006766  0.0087301
-0.0001232  0.0082174
-0.0015181  0.0076227
-0.0026062  0.0075294
-0.0039078  0.0065709
-0.0047921  0.0060150
-0.0050961  0.0049414
-0.0053052  0.0040984
-0.0048005  0.0032344
-0.0047903  0.0026570
-0.0042097  0.0019840
-0.0040119  0.0016795
-0.0046025  0.0014163
-0.0048343  0.0014426
-0.0052933  0.0015783
-0.0056458  0.0011826
-0.0054953  0.0014940
-0.0054593  0.0012271
-0.0052535  0.0008831
-0.0052333  0.0006538
-0.0048259 -0.0001909
-0.0047212 -0.0010392
-0.0046097 -0.0018463
-0.0042499 -0.0032291
-0.0039260 -0.0044400
-0.0036062 -0.0061292
-0.0032129 -0.0073768
-0.0029726 -0.0080358
-0.0022943 -0.0092240
-0.0018089 -0.0095930
-0.0014993 -0.0093319
-0.0015227 -0.0090113
-0.0010867 -0.0088462
-0.0006006 -0.0082992
 0.0003877 -0.0081967
 0.0010272 -0.0081826
 0.0018839 -0.0079783
 0.0025456 -0.0079101
 0.0025819 -0.0084940
 0.0028633 -0.0080931
 0.0027644 -0.0084399
 0.0022229 -0.0083959
 0.0018757 -0.0083139
 0.0017598 -0.0084774
 0.0016811 -0.0079464
 0.0018139 -0.0077283
 0.0020820 -0.0072987
 0.0026137 -0.0066038
 0.0033561 -0.0059126
 0.0037130 -0.0053389
 0.0040263 -0.0040392
 0.0041497 -0.0026629
 0.0043520 -0.0016515
 0.0040875 -0.0001008
 0.0041742  0.0008210
 0.0040938  0.0016309
 0.0039219  0.0026129
 0.0033437  0.0029109
 0.0025645  0.0030971
 0.0014897  0.0029716
 0.0007860  0.0024613
-0.0001511  0.0019530
-0.0008778  0.0013256
-0.0009347  0.0013656
-0.0008532  0.0010257
-0.0011612  0.0014419
-0.0011019  0.0015360
-0.0010865  0.0014544
-0.0013207  0.0016268
-0.0015194  0.0021024
-0.0021150  0.0021012
-0.0024065  0.0028675
-0.0028651  0.0031315
-0.0033464  0.0037646
-0.0038660  0.0043597
-0.0042468  0.0043835
-0.0050845  0.0041728
-0.0053861  0.0039867
-0.0056485  0.0034239
-0.0064644  0.0033343
-0.0068257  0.0029625
-0.0072532  0.0022657
-0.0076101  0.0019315
-0.0079617  0.0014426
-0.0080262  0.0010667
-0.0084360  0.0010696
-0.0092132  0.0007652
-0.0098365  0.0002880
-0.0101328 -0.0003855
-0.0100641 -0.0009282
-0.0097689 -0.0014313
-0.0092032 -0.0017652
-0.0080481 -0.0015379
-0.0073565 -0.0016377
-0.0066132 -0.0011055
-0.0060233 -0.0010329
-0.0060863 -0.0012667
-0.0055748 -0.0014649
-0.0052139 -0.0021627
-0.0048299 -0.0026258
-0.0040588 -0.0031676
-0.0028790 -0.0034026
-0.0022212 -0.0036162
-0.0017137 -0.0038173
-0.0009566 -0.0037863
-0.0008968 -0.0037730
-0.0005722 -0.0034190
-0.0004576 -0.0035425
-0.0000373 -0.0033403
 0.0004779 -0.0030828
 0.0012442 -0.0028826
 0.0014105 -0.0023137
 0.0019814 -0.0018034
 0.0019188 -0.0015402
 0.0017936 -0.0008543
 0.0016514 -0.0012180
 0.0011426 -0.0013097
 0.0005778 -0.0015931
 0.0002240 -0.0020287
-0.0001244 -0.0022293
-0.0004216 -0.0019898
-0.0004781 -0.0019999
-0.0005334 -0.0018795
-0.0004192 -0.0010967
 0.0001557 -0.0007325
 0.0005179 -0.0006384
 0.0007993 -0.0005868
 0.0013277  0.0000653
 0.0020298  0.0000463
 0.0023879  0.0004327
 0.0031102  0.0009705
 0.0038692  0.0013532
 0.0043234  0.0018680
 0.0048341  0.0018647
 0.0047258  0.0022987
 0.0050007  0.0023532
 0.0049550  0.0022761
 0.0045835  0.0019697
 0.0044402  0.0025446
 0.0041293  0.0029314
 0.0038769  0.0037756
 0.0032600  0.0044322
 0.0026665  0.0047039
 0.0015400  0.0046486
 0.0003987  0.0041540
-0.0006514  0.0033175
-0.0018134  0.0026146
-0.0030524  0.0020106
-0.0041421  0.0016954
-0.0050598  0.0024310
-0.0061536  0.0029951
-0.0068117  0.0033892
-0.0068578  0.0042363
-0.0068219  0.0046829
-0.0067500  0.0050333
-0.0065203  0.0054428
-0.0064532  0.0059257
-0.0063143  0.0058922
-0.0063652  0.0060291
-0.0058988  0.0058958
-0.0063732  0.0062229
-0.0062561  0.0062435
-0.0064071  0.0064151
-0.0062492  0.0062196
-0.0061769  0.0062725
-0.0059221  0.0057682
-0.0056500  0.0056652
-0.0056104  0.0052142
-0.0053609  0.0043243
-0.0050714  0.0032834
-0.0043931  0.0017863
-0.0037507  0.0001980
-0.0026298 -0.0015058
-0.0018381 -0.0030356
-0.0011577 -0.0045460
-0.0005444 -0.0052534
-0.0005452 -0.0059603
-0.0004524 -0.0063996
-0.0007459 -0.0057649
-0.0012837 -0.0058452
-0.0017028 -0.0055994
-0.0017569 -0.0056595
-0.0021154 -0.0057464
-0.0021016 -0.0065018
-0.0021690 -0.0063953
-0.0022202 -0.0062863
-0.0019489 -0.0061559
-0.0022388 -0.0058354
-0.0021265 -0.0056460
-0.0022206 -0.0057450
-0.0024742 -0.0059796
-0.0023636 -0.0061577
-0.0021948 -0.0063188
-0.0020144 -0.0064613
-0.0015663 -0.0063879
-0.0009346 -0.0062918
-0.0003843 -0.0064420
 0.0004304 -0.0061278
 0.0008673 -0.0059497
 0.0018831 -0.0055795
 0.0026457 -0.0054826
 0.0028533 -0.0051192
 0.0030737 -0.0042964
 0.0028919 -0.0038353
 0.0024046 -0.0032673
 0.0020310 -0.0026358
 0.0016277 -0.0024118
 0.0015130 -0.0018966
 0.0009122 -0.0018288
 0.0014274 -0.0017291
 0.0011891 -0.0015897
 0.0014293 -0.0012715
 0.0021193 -0.0011980
 0.0027124 -0.0007037
 0.0035971 -0.0001566
 0.0041748  0.0003308
 0.0047942  0.0008520
 0.0051208  0.0015808
 0.0052997  0.0021384
 0.0053369  0.0026019
 0.0049824  0.0027033
 0.0046199  0.0033606
 0.0038358  0.0041883
 0.0030344  0.0049017
 0.0020194  0.0059955
 0.0010225  0.0069742
 0.0001250  0.0075628
-0.0010991  0.0079403
-0.0022619  0.0080113
-0.0027883  0.0077924
-0.0035473  0.0069385
-0.0038444  0.0063167
-0.0038169  0.0057138
-0.0039073  0.0051502
-0.0039037  0.0044553
-0.0037341  0.0043612
-0.0034729  0.0042260
-0.0033070  0.0039434
-0.0028722  0.0035255
-0.0029558  0.0034335
-0.0023850  0.0036063
-0.0018835  0.0034961
-0.0015161  0.0039047
-0.0014180  0.0042515
-0.0018572  0.0039120
-0.0022808  0.0036811
-0.0030111  0.0028368
-0.0034767  0.0017875
-0.0034618  0.0003263
-0.0032587 -0.0008239
-0.0024302 -0.0020311
-0.0016191 -0.0031410
-0.0009367 -0.0033502
-0.0001138 -0.0033861
 0.0001342 -0.0033316
 0.0004537 -0.0029029
 0.0003088 -0.0023191
 0.0001759 -0.0023523
 0.0001323 -0.0018234
 0.0001424 -0.0020790
 0.0006664 -0.0021525
 0.0011754 -0.0024759
 0.0014725 -0.0022829
 0.0012008 -0.0024553
 0.0014523 -0.0026317
 0.0015282 -0.0029431
 0.0013583 -0.0027182
 0.0018808 -0.0032605
 0.0014419 -0.0028850
 0.0016119 -0.0026008
 0.0011830 -0.0023719
 0.0006977 -0.0021474
 0.0005705 -0.0021874
 0.0002139 -0.0019358
-0.0000256 -0.0016125
 0.0002340 -0.0017029
-0.0000426 -0.0016609
-0.0000858 -0.0016903
-0.0005086 -0.0010317
-0.0013140 -0.0006703
-0.0024800 -0.0005475
-0.0034349 -0.0010195
-0.0045270 -0.0014753
-0.0047955 -0.0015689
-0.0047600 -0.0018968
-0.0044758 -0.0017083
-0.0040208 -0.0013647
-0.0033728 -0.0010207
-0.0028576 -0.0005584
-0.0027244  0.0000521
-0.0023445  0.0001494
-0.0020348 -0.0002717
-0.0019997 -0.0006165
-0.0010816 -0.0011713
-0.0010057 -0.0018762
-0.0006023 -0.0014119
-0.0009528 -0.0012568
-0.0011797 -0.0009063
-0.0011970 -0.0002074
-0.0014045  0.0003312
-0.0014550  0.0011807
-0.0014311  0.0021198
-0.0013810  0.0029863
-0.0009773  0.0034251
-0.0005315  0.0040009
-0.0001414  0.0036541
 0.0002587  0.0034162
 0.0002607  0.0029119
 0.0007230  0.0018702
 0.0002078  0.0010021
 0.0002292  0.0000945
-0.0001252 -0.0005547
-0.0004474 -0.0009399
-0.0001732 -0.0006827
-0.0004954 -0.0004440
-0.0006241  0.0002331
-0.0007978  0.0006405
-0.0008135  0.0007180
-0.0011752  0.0006780
-0.0011716  0.0000611
-0.0011280 -0.0005817
-0.0006261 -0.0016311
 0.0002646 -0.0023523
 0.0009038 -0.0032475
 0.0020977 -0.0035447
 0.0029137 -0.0036485
 0.0030732 -0.0030017
 0.0038699 -0.0025818
 0.0040908 -0.0019100
 0.0044421 -0.0007585
 0.0051773  0.0002961
 0.0056078  0.0010648
 0.0060672  0.0019979
 0.0062574  0.0027948
 0.0062703  0.0033072
 0.0056513  0.0042394
 0.0048894  0.0047917
 0.0040903  0.0050016
 0.0031749  0.0055423
 0.0023936  0.0057579
 0.0014439  0.0055205
 0.0005302  0.0055698
-0.0008216  0.0052780
-0.0022114  0.0052139
-0.0037327  0.0048784
-0.0050909  0.0042720
-0.0059331  0.0040722
-0.0063922  0.0036124
-0.0061802  0.0027500
-0.0057232  0.0018468
-0.0045996  0.0019429
-0.0034247  0.0019194
-0.0026298  0.0021483
-0.0018765  0.0030604
-0.0010036  0.0039352
-0.0005494  0.0052147
-0.0002095  0.0060867
-0.0003634  0.0069467
-0.0002644  0.0073084
-0.0004570  0.0074425
-0.0001316  0.0076408
 0.0002689  0.0076537
 0.0012484  0.0077636
 0.0021141  0.0078158
 0.0028844  0.0082119
 0.0033475  0.0078995
 0.0036496  0.0076710
 0.0040025  0.0075555
 0.0035940  0.0070343
 0.0029525  0.0073140
 0.0025359  0.0072259
 0.0019630  0.0071997
 0.0008349  0.0069158
-0.0003808  0.0068593
-0.0011730  0.0069482
-0.0020588  0.0064048
-0.0031724  0.0056115
-0.0038442  0.0045695
-0.0042390  0.0032186
-0.0037900  0.0018423
-0.0029744  0.0008342
-0.0022137 -0.0005603
-0.0012091 -0.0013452
-0.0003959 -0.0020691
 0.0002428 -0.0029311
 0.0003119 -0.0037390
 0.0001670 -0.0046814
 0.0001521 -0.0051469
-0.0002706 -0.0053044
-0.0003486 -0.0055592
-0.0013374 -0.0050893
-0.0017327 -0.0044368
-0.0023013 -0.0043844
-0.0032109 -0.0037311
-0.0032174 -0.0035034
-0.0025686 -0.0029325
-0.0017252 -0.0024965
-0.0005547 -0.0021400
 0.0006726 -0.0020096
 0.0018872 -0.0022026
 0.0027144 -0.0019919
 0.0033903 -0.0025127
 0.0042039 -0.0028034
 0.0047841 -0.0031745
 0.0051108 -0.0030809
 0.0057293 -0.0028193
 0.0068190 -0.0022282
 0.0075894 -0.0015560
 0.0085604 -0.0005748
 0.0088115 -0.0003556
 0.0093869 -0.0002179
 0.0098612 -0.0003313
 0.0104745 -0.0011772
 0.0113732 -0.0013722
 0.0119462 -0.0015539
 0.0127500 -0.0019484
 0.0132050 -0.0013231
 0.0134537 -0.0004252
 0.0135025  0.0003977
 0.0132361  0.0009936
 0.0128303  0.0014575
 0.0123288  0.0015746
 0.0124059  0.0017741
 0.0121403  0.0015299
 0.0121039  0.0013607
 0.0127568  0.0018993
 0.0133007  0.0014956
 0.0138542  0.0017023
 0.0145224  0.0026365
 0.0150569  0.0030552
 0.0151667  0.0039382
 0.0148179  0.0043330
 0.0139882  0.0045995
 0.0129671  0.0044844
 0.0119831  0.0044226
 0.0107145  0.0044448
 0.0095416  0.0039878
 0.0087365  0.0039963
 0.0077005  0.0035252
 0.0072100  0.0028106
 0.0069452  0.0029128
 0.0064337  0.0030368
 0.0064583  0.0036009
 0.0060284  0.0043539
 0.0055766  0.0052199
 0.0044942  0.0053564
 0.0031381  0.0057557
 0.0024542  0.0053503
 0.0015740  0.0046167
 0.0015001  0.0036748
 0.0016342  0.0022568
 0.0019221  0.0015511
 0.0023456  0.0011744
 0.0023553  0.0008749
 0.0021082  0.0012253
 0.0016698  0.0017850
 0.0014776  0.0019198
 0.0005728  0.0023554
 0.0004867  0.0026017
 0.0000628  0.0022318
-0.0004411  0.0018402
-0.0009228  0.0009737
-0.0012990 -0.0000635
-0.0011197 -0.0009679
-0.0012400 -0.0015037
-0.0004158 -0.0021408
 0.0006752 -0.0023399
 0.0019931 -0.0022185
 0.0032698 -0.0027313
 0.0041160 -0.0021096
 0.0043684 -0.0018714
 0.0041362 -0.0014956
 0.0032508 -0.0005064
 0.0024045 -0.0003587
 0.0011957 -0.0002226
 0.0010152 -0.0002271
 0.0007180 -0.0007104
 0.0010010 -0.0010665
 0.0013736 -0.0017149
 0.0018875 -0.0023633
 0.0024827 -0.0027444
 0.0027920 -0.0028768
 0.0033326 -0.0030682
 0.0039079 -0.0024965
 0.0045628 -0.0021796
 0.0057127 -0.0021300
 0.0069328 -0.0023553
 0.0081472 -0.0020013
 0.0092663 -0.0026247
 0.0096450 -0.0026530
 0.0103818 -0.0029862
 0.0102053 -0.0030116
 0.0094911 -0.0029241
 0.0089492 -0.0024477
 0.0080795 -0.0021885
 0.0069385 -0.0017525
 0.0062222 -0.0016758
 0.0054272 -0.0019806
 0.0049604 -0.0020545
 0.0049733 -0.0015869
 0.0049143 -0.0019227
 0.0047960 -0.0014943
 0.0052175 -0.0012799
 0.0056609 -0.0010841
 0.0057937 -0.0007187
 0.0059059 -0.0003594
 0.0056778  0.0004033
 0.0053112  0.0006867
 0.0045186  0.0007222
 0.0035322  0.0010315
 0.0027404  0.0009613
 0.0019268  0.0008959
 0.0010769  0.0007979
 0.0003631  0.0006195
-0.0000548  0.0004233
-0.0006083  0.0002421
-0.0004904  0.0000399
-0.0005986  0.0000678
-0.0001092  0.0005103
 0.0000447  0.0011466
-0.0001972  0.0020486
-0.0008064  0.0028351
-0.0016792  0.0036244
-0.0028028  0.0038417
-0.0039272  0.0036180
-0.0052616  0.0031651
-0.0061546  0.0023306
-0.0069306  0.0014686
-0.0069632  0.0005674
-0.0071312  0.0003889
-0.0069241  0.0005189
-0.0061780  0.0002843
-0.0058776  0.0000913
-0.0055070 -0.0002539
-0.0053472 -0.0005014
-0.0052621 -0.0011340
-0.0052120 -0.0019330
-0.0053369 -0.0021236
-0.0058408 -0.0027126
-0.0061460 -0.0030946
-0.0063357 -0.0035483
-0.0072857 -0.0039044
-0.0070301 -0.0041640
-0.0068835 -0.0047336
-0.0070247 -0.0053041
-0.0061918 -0.0054975
-0.0056834 -0.0055597
-0.0054047 -0.0055621
-0.0048407 -0.0058949
-0.0048342 -0.0062502
-0.0044672 -0.0069265
-0.0044874 -0.0076424
-0.0042919 -0.0087963
-0.0043077 -0.0092974
-0.0033976 -0.0093131
-0.0030418 -0.0094314
-0.0024753 -0.0085714
-0.0014671 -0.0079594
-0.0007282 -0.0072722
-0.0004799 -0.0062407
 0.0002614 -0.0053415
 0.0006813 -0.0051744
 0.0012650 -0.0048393
 0.0017200 -0.0048099
 0.0018661 -0.0055541
 0.0017841 -0.0057060
 0.0020825 -0.0059132
 0.0019625 -0.0060606
 0.0023549 -0.0060506
 0.0028265 -0.0058047
 0.0028365 -0.0053081
 0.0037663 -0.0048260
 0.0038212 -0.0043052
 0.0042358 -0.0032833
 0.0045729 -0.0029917
 0.0046245 -0.0033119
 0.0049216 -0.0025044
 0.0049684 -0.0026723
 0.0050560 -0.0026679
 0.0050458 -0.0030498
 0.0049223 -0.0027566
 0.0049586 -0.0027938
 0.0048019 -0.0021789
 0.0055097 -0.0013738
 0.0052428 -0.0003080
 0.0054483  0.0010874
 0.0051325  0.0028247
 0.0045280  0.0039959
 0.0043261  0.0054514
 0.0042025  0.0063018
 0.0042183  0.0070758
 0.0043135  0.0081946
 0.0044133  0.0089698
 0.0042643  0.0097653
 0.0038993  0.0103673
 0.0032505  0.0107933
 0.0025609  0.0111874
 0.0017930  0.0117951
 0.0006250  0.0116514
-0.0002782  0.0114326
-0.0012989  0.0111335
-0.0022126  0.0106676
-0.0026127  0.0100633
-0.0028565  0.0094762
-0.0027127  0.0093103
-0.0031330  0.0090826
-0.0031669  0.0089990
-0.0035246  0.0085173
-0.0035427  0.0078984
-0.0042885  0.0067828
-0.0048408  0.0053600
-0.0055016  0.0039226
-0.0060095  0.0024894
-0.0068173  0.0006499
-0.0067583 -0.0009400
-0.0070674 -0.0025494
-0.0064832 -0.0036843
-0.0056930 -0.0046040
-0.0046417 -0.0052557
-0.0035226 -0.0053893
-0.0025169 -0.0054458
-0.0023575 -0.0050211
-0.0022897 -0.0045229
-0.0029974 -0.0038930
-0.0034908 -0.0035341
-0.0041331 -0.0030634
-0.0041738 -0.0027691
-0.0040878 -0.0023982
-0.0036375 -0.0023118
-0.0029427 -0.0017688
-0.0027113 -0.0017572
-0.0018744 -0.0016155
-0.0012660 -0.0015877
-0.0007387 -0.0017517
-0.0005203 -0.0017630
-0.0002212 -0.0018838
 0.0000008 -0.0018911
 0.0002871 -0.0020102
 0.0002842 -0.0018895
 0.0001481 -0.0018874
-0.0001777 -0.0022496
-0.0003888 -0.0024406
-0.0012525 -0.0025375
-0.0018920 -0.0026990
-0.0022449 -0.0028642
-0.0028425 -0.0031206
-0.0029847 -0.0031720
-0.0032778 -0.0028522
-0.0035483 -0.0030860
-0.0034777 -0.0029540
-0.0032928 -0.0026019
-0.0030268 -0.0030185
-0.0027438 -0.0030072
-0.0024042 -0.0039172
-0.0018879 -0.0041541
-0.0007251 -0.0041605
-0.0001142 -0.0041338
 0.0005527 -0.0035520
 0.0008547 -0.0023985
 0.0008353 -0.0014940
 0.0008147 -0.0005905
 0.0005660  0.0005259
 0.0003004  0.0011296
 0.0003242  0.0012693
-0.0002875  0.0018681
-0.0006512  0.0025662
-0.0012637  0.0033378
-0.0020498  0.0038058
-0.0030389  0.0041175
-0.0036853  0.0042011
-0.0045255  0.0040921
-0.0057427  0.0038507
-0.0070828  0.0031684
-0.0083247  0.0027877
-0.0093752  0.0022297
-0.0105053  0.0016988
-0.0112373  0.0013879
-0.0116067  0.0007209
-0.0114788  0.0003951
-0.0113561  0.0004795
-0.0109988  0.0000117
-0.0107142  0.0001232
-0.0104824 -0.0002292
-0.0096297 -0.0002397
-0.0089501 -0.0002736
-0.0078611 -0.0001408
-0.0070265 -0.0004166
-0.0064855 -0.0006540
-0.0061709 -0.0003561
-0.0064407 -0.0006488
-0.0069805 -0.0010320
-0.0071202 -0.0015714
-0.0071408 -0.0016259
-0.0064973 -0.0022759
-0.0058271 -0.0022941
-0.0047939 -0.0020764
-0.0040259 -0.0017263
-0.0040978 -0.0016315
-0.0042080 -0.0014215
-0.0041692 -0.0008329
-0.0043533 -0.0002693
-0.0042705  0.0004889
-0.0045192  0.0015733
-0.0043827  0.0026436
-0.0046932  0.0036966
-0.0049637  0.0045178
-0.0054260  0.0041528
-0.0064278  0.0040365
-0.0073758  0.0034385
-0.0077881  0.0025709
-0.0081228  0.0015966
-0.0077474  0.0009987
-0.0067199  0.0001391
-0.0050206 -0.0008569
-0.0034084 -0.0010128
-0.0017595 -0.0012421
-0.0005289 -0.0014739
 0.0001450 -0.0013055
 0.0008189 -0.0015954
 0.0006118 -0.0014638
 0.0006397 -0.0017501
 0.0010128 -0.0024978
 0.0009664 -0.0031729
 0.0017792 -0.0037115
 0.0023223 -0.0047524
 0.0030502 -0.0050451
 0.0033183 -0.0050302
 0.0036829 -0.0050488
 0.0032989 -0.0038420
 0.0030159 -0.0025956
 0.0023550 -0.0015612
 0.0016114 -0.0000174
 0.0008862  0.0012237
 0.0005237  0.0024463
-0.0003266  0.0029824
-0.0012828  0.0033870
-0.0021933  0.0033143
-0.0033025  0.0036471
-0.0040269  0.0038041
-0.0048796  0.0042887
-0.0048812  0.0044667
-0.0043826  0.0052173
-0.0039146  0.0057398
-0.0035770  0.0067181
-0.0031058  0.0079834
-0.0032293  0.0085442
-0.0032022  0.0092407
-0.0031961  0.0092295
-0.0038264  0.0091407
-0.0039649  0.0089179
-0.0041777  0.0083474
-0.0044510  0.0082388
-0.0049339  0.0073530
-0.0055093  0.0060436
-0.0062808  0.0051727
-0.0060548  0.0043042
-0.0057726  0.0038205
-0.0053559  0.0037672
-0.0048448  0.0040983
-0.0045025  0.0044722
-0.0042174  0.0052878
-0.0041601  0.0057768
-0.0042154  0.0063780
-0.0040187  0.0066526
-0.0042581  0.0069211
-0.0045795  0.0065133
-0.0051116  0.0061446
-0.0059324  0.0051583
-0.0072191  0.0040956
-0.0084598  0.0031128
-0.0093957  0.0019750
-0.0105229  0.0009717
-0.0109226  0.0000079
-0.0103448 -0.0006712
-0.0096694 -0.0012906
-0.0085005 -0.0019463
-0.0072142 -0.0021442
-0.0062742 -0.0018798
-0.0048890 -0.0017126
-0.0038913 -0.0011232
-0.0027564 -0.0011470
-0.0017385 -0.0006512
-0.0010675 -0.0003597
-0.0005491  0.0003166
-0.0003004  0.0005496
-0.0003993  0.0009033
-0.0006613  0.0006372
-0.0001198  0.0007099
-0.0002103  0.0005383
 0.0001007  0.0004906
 0.0006207  0.0004029
 0.0010402  0.0008159
 0.0020116  0.0010218
 0.0022909  0.0013238
 0.0022622  0.0011902
 0.0020586  0.0019415
 0.0013626  0.0019081
 0.0005906  0.0020308
-0.0000260  0.0022238
-0.0004366  0.0028940
-0.0009417  0.0025703
-0.0009333  0.0028371
-0.0008123  0.0029687
-0.0007223  0.0027943
-0.0006940  0.0031201
-0.0008107  0.0035630
-0.0011402  0.0044275
-0.0022315  0.0053246
-0.0033612  0.0061482
-0.0042793  0.0067648
-0.0054696  0.0067619
-0.0061039  0.0067615
-0.0065492  0.0066897
-0.0067273  0.0059650
-0.0067717  0.0051115
-0.0067564  0.0040259
-0.0064689  0.0034417
-0.0061843  0.0026084
-0.0059134  0.0019612
-0.0056009  0.0015970
-0.0048491  0.0016184
-0.0039790  0.0019063
-0.0035889  0.0023848
-0.0027002  0.0026355
-0.0026578  0.0034265
-0.0025556  0.0038153
-0.0027708  0.0036873
-0.0031607  0.0039780
-0.0033944  0.0039268
-0.0034537  0.0036389
-0.0032287  0.0033313
-0.0029670  0.0028459
-0.0030538  0.0023388
-0.0033133  0.0019067
-0.0035616  0.0012227
-0.0040784  0.0006509
-0.0045625  0.0004098
-0.0049897 -0.0001167
-0.0050184 -0.0005802
-0.0054670 -0.0006222
-0.0056802 -0.0008293
-0.0056088 -0.0011123
-0.0060126 -0.0013049
-0.0064349 -0.0018855
-0.0069723 -0.0022707
-0.0069170 -0.0028376
-0.0068608 -0.0033993
-0.0061700 -0.0036965
-0.0057663 -0.0041826
-0.0051510 -0.0047277
-0.0039987 -0.0048295
-0.0030930 -0.0048897
-0.0025395 -0.0048711
-0.0021390 -0.0044270
-0.0014510 -0.0044580
-0.0007033 -0.0041979
-0.0003424 -0.0038442
 0.0005398 -0.0037784
 0.0013251 -0.0035713
 0.0023381 -0.0040372
 0.0032215 -0.0038366
 0.0038780 -0.0039020
 0.0045906 -0.0041460
 0.0049609 -0.0036612
 0.0053122 -0.0033859
 0.0058863 -0.0029131
 0.0061528 -0.0025381
 0.0063183 -0.0021647
 0.0064446 -0.0018784
 0.0065439 -0.0013426
 0.0059224 -0.0008222
 0.0059333 -0.0003026
 0.0055218  0.0006600
 0.0050381  0.0017166
 0.0045544  0.0022944
 0.0041260  0.0028863
 0.0035656  0.0032835
 0.0030443  0.0034288
 0.0025025  0.0034203
 0.0018896  0.0031219
 0.0014273  0.0029559
 0.0009291  0.0026405
 0.0009081  0.0021584
 0.0008669  0.0017526
 0.0009040  0.0008563
 0.0014612 -0.0001522
 0.0014438 -0.0010634
 0.0012412 -0.0020295
 0.0014031 -0.0026855
 0.0011262 -0.0025038
 0.0013904 -0.0022627
 0.0012515 -0.0013885
 0.0011022 -0.0003270
 0.0012370  0.0003356
 0.0014231  0.0011141
 0.0015676  0.0019907
 0.0017472  0.0022956
 0.0018925  0.0028520
 0.0020605  0.0030782
 0.0015441  0.0032830
 0.0012352  0.0032354
 0.0005315  0.0029924
 0.0001334  0.0024776
-0.0003983  0.0019774
-0.0003159  0.0007492
-0.0006570 -0.0004068
-0.0010910 -0.0016629
-0.0015226 -0.0024531
-0.0024180 -0.0033236
-0.0035663 -0.0039054
-0.0046572 -0.0044618
-0.0052285 -0.0048433
-0.0056738 -0.0052797
-0.0057090 -0.0058647
-0.0055547 -0.0062575
-0.0053226 -0.0067419
-0.0049692 -0.0070027
-0.0047467 -0.0073455
-0.0049461 -0.0076172
-0.0048358 -0.0081813
-0.0045011 -0.0082892
-0.0039996 -0.0083199
-0.0033423 -0.0081185
-0.0025013 -0.0079732
-0.0019114 -0.0080225
-0.0013954 -0.0081828
-0.0007140 -0.0082547
-0.0004116 -0.0082612
 0.0004258 -0.0085948
 0.0004972 -0.0084285
 0.0011424 -0.0079319
 0.0015800 -0.0078572
 0.0020370 -0.0075709
 0.0025324 -0.0069782
 0.0031243 -0.0072722
 0.0035878 -0.0075682
 0.0039116 -0.0074225
 0.0042342 -0.0074524
 0.0043860 -0.0071165
 0.0045923 -0.0066409
 0.0044501 -0.0056284
 0.0039854 -0.0051834
 0.0037903 -0.0042778
 0.0039623 -0.0042531
 0.0039450 -0.0044384
 0.0043669 -0.0044913
 0.0051195 -0.0043791
 0.0055649 -0.0039628
 0.0062000 -0.0036823
 0.0073325 -0.0033028
 0.0076353 -0.0029834
 0.0080123 -0.0028263
 0.0082037 -0.0032034
 0.0075860 -0.0034226
 0.0071031 -0.0038832
 0.0061421 -0.0042897
 0.0050880 -0.0042198
 0.0041904 -0.0040340
 0.0032707 -0.0034691
 0.0027321 -0.0020636
 0.0026150 -0.0012965
 0.0025569 -0.0003759
 0.0033954  0.0007921
 0.0037011  0.0012043
 0.0039481  0.0015983
 0.0045594  0.0021098
 0.0039630  0.0028308
 0.0034822  0.0032528
 0.0031337  0.0042747
 0.0018607  0.0046651
 0.0007269  0.0051149
-0.0002570  0.0052599
-0.0009123  0.0053682
-0.0016080  0.0048934
-0.0015979  0.0043480
-0.0016181  0.0035341
-0.0008757  0.0031393
-0.0002975  0.0024901
 0.0005137  0.0020888
 0.0011702  0.0018166
 0.0012328  0.0012570
 0.0007213  0.0002537
 0.0001686 -0.0009184
-0.0005388 -0.0018579
-0.0008456 -0.0025616
-0.0014169 -0.0030166
-0.0019095 -0.0028539
-0.0025187 -0.0021380
-0.0030839 -0.0017249
-0.0044328 -0.0012993
-0.0054005 -0.0013971
-0.0063384 -0.0019781
-0.0068931 -0.0028280
-0.0070881 -0.0040821
-0.0068621 -0.0052603
-0.0063885 -0.0057468
-0.0055871 -0.0058906
-0.0048196 -0.0052838
-0.0039196 -0.0045813
-0.0037270 -0.0033386
-0.0035712 -0.0023789
-0.0036281 -0.0018241
-0.0037666 -0.0018580
-0.0035118 -0.0024075
-0.0034545 -0.0030171
-0.0030107 -0.0036235
-0.0024495 -0.0037947
-0.0016173 -0.0046026
-0.0015358 -0.0047666
-0.0010908 -0.0048732
-0.0015470 -0.0050651
-0.0024700 -0.0054088
-0.0030098 -0.0060314
-0.0036974 -0.0064606
-0.0040628 -0.0064417
-0.0037337 -0.0063807
-0.0035940 -0.0055869
-0.0027065 -0.0049247
-0.0020811 -0.0040723
-0.0013813 -0.0033350
-0.0009832 -0.0029127
-0.0007437 -0.0029568
-0.0002353 -0.0030173
-0.0000225 -0.0023601
 0.0007619 -0.0020057
 0.0015423 -0.0007884
 0.0019021  0.0005706
 0.0018374  0.0018339
 0.0015826  0.0024933
 0.0010602  0.0028841
 0.0000803  0.0026811
-0.0008682  0.0023799
-0.0014654  0.0021579
-0.0023714  0.0020428
-0.0028353  0.0018337
-0.0025890  0.0018300
-0.0019847  0.0015191
-0.0016113  0.0011844
-0.0004550  0.0016039
 0.0006443  0.0014141
 0.0015503  0.0011101
 0.0019753  0.0008493
 0.0019668  0.0007848
 0.0014536  0.0003177
 0.0013732  0.0010239
 0.0001248  0.0014140
-0.0001404  0.0019252
-0.0014174  0.0025656
-0.0021518  0.0023011
-0.0027004  0.0017258
-0.0030541  0.0013798
-0.0034683  0.0008230
-0.0032526  0.0004427
-0.0033330  0.0002727
-0.0035240 -0.0002630
-0.0030871 -0.0003328
-0.0029362 -0.0003708
-0.0029733 -0.0006728
-0.0032608 -0.0008621
-0.0036548 -0.0010002
-0.0043787 -0.0013462
-0.0049253 -0.0018267
-0.0052838 -0.0020980
-0.0052212 -0.0024065
-0.0051574 -0.0020807
-0.0048089 -0.0013394
-0.0044386 -0.0005711
-0.0042852  0.0000147
-0.0043022 -0.0000289
-0.0043801  0.0002137
-0.0039041 -0.0004226
-0.0040402 -0.0012095
-0.0032541 -0.0020360
-0.0028693 -0.0027478
-0.0028075 -0.0035380
-0.0020036 -0.0036179
-0.0012337 -0.0036216
-0.0007577 -0.0031654
-0.0001283 -0.0024205
 0.0006715 -0.0017470
 0.0014148 -0.0009403
 0.0021105 -0.0004401
 0.0024529 -0.0000339
 0.0024916  0.0005410
 0.0027989  0.0005410
 0.0029349  0.0007078
 0.0030331  0.0010412
 0.0038983  0.0008542
 0.0043198  0.0009667
 0.0049525  0.0010466
 0.0061023  0.0015383
 0.0065783  0.0024265
 0.0071157  0.0031467
 0.0074052  0.0040842
 0.0074650  0.0052498
 0.0070653  0.0057436
 0.0071376  0.0062830
 0.0067512  0.0065967
 0.0069373  0.0067946
 0.0066639  0.0072222
 0.0061237  0.0078424
 0.0060425  0.0084246
 0.0052540  0.0091562
 0.0045215  0.0098717
 0.0044856  0.0104462
 0.0040217  0.0107769
 0.0037936  0.0107567
 0.0038860  0.0104127
 0.0043984  0.0100074
 0.0045340  0.0093953
 0.0049474  0.0094163
 0.0054230  0.0093279
 0.0051658  0.0094919
 0.0049336  0.0094608
 0.0042351  0.0094698
 0.0039464  0.0091682
 0.0031579  0.0087669
 0.0023512  0.0078047
 0.0019083  0.0074736
 0.0011218  0.0067606
 0.0001774  0.0064687
-0.0010504  0.0058328
-0.0019314  0.0057593
-0.0028564  0.0056858
-0.0033163  0.0057912
-0.0035476  0.0054719
-0.0037786  0.0054760
-0.0035702  0.0053646
-0.0035715  0.0050343
-0.0031479  0.0048966
-0.0028274  0.0049087
-0.0029622  0.0050568
-0.0034823  0.0052082
-0.0039809  0.0053447
-0.0045167  0.0048109
-0.0049902  0.0043002
-0.0052296  0.0035206
-0.0047559  0.0023167
-0.0042031  0.0017813
-0.0029280  0.0013820
-0.0017107  0.0013045
-0.0006488  0.0012423
 0.0004256  0.0011801
 0.0008301  0.0008914
 0.0014495  0.0008321
 0.0015876  0.0007364
 0.0015223  0.0002789
 0.0011711  0.0000274
 0.0008372 -0.0005302
 0.0003116 -0.0008633
-0.0001401 -0.0009667
-0.0000642 -0.0016289
-0.0007502 -0.0022527
-0.0004454 -0.0025810
-0.0003186 -0.0030841
-0.0004967 -0.0033530
-0.0000858 -0.0030457
-0.0000353 -0.0031386
 0.0003022 -0.0027142
 0.0000425 -0.0024292
 0.0003651 -0.0027336
 0.0002241 -0.0033857
 0.0003764 -0.0035589
 0.0014083 -0.0044148
 0.0015670 -0.0046203
 0.0023394 -0.0043404
 0.0028804 -0.0041199
 0.0025833 -0.0033245
 0.0027037 -0.0027665
 0.0022664 -0.0024189
 0.0019531 -0.0017491
 0.0018671 -0.0014196
 0.0018161 -0.0014696
 0.0020845 -0.0011304
 0.0022839 -0.0013657
 0.0028483 -0.0015788
 0.0036795 -0.0016990
 0.0044583 -0.0019368
 0.0050272 -0.0024677
 0.0052343 -0.0023280
 0.0054143 -0.0023659
 0.0047582 -0.0024265
 0.0046701 -0.0016755
 0.0040826 -0.0015543
 0.0040131 -0.0008950
 0.0040066 -0.0006608
 0.0045952 -0.0005021
 0.0051278 -0.0002304
 0.0053967  0.0004390
 0.0065275  0.0001875
 0.0071449  0.0003534
 0.0078934  0.0003889
 0.0082609 -0.0000028
 0.0079016 -0.0000084
 0.0077348 -0.0003420
 0.0070917 -0.0008709
 0.0064869 -0.0006089
 0.0061152 -0.0005738
 0.0055887 -0.0003227
 0.0055411  0.0000201
 0.0051096  0.0002902
 0.0044034  0.0003944
 0.0037918  0.0003149
 0.0031369 -0.0001256
 0.0022180 -0.0006804
 0.0013156 -0.0013010
 0.0009143 -0.0015129
 0.0000147 -0.0017669
-0.0007112 -0.0011024
-0.0008024 -0.0009869
-0.0011968 -0.0009494
-0.0009384 -0.0005315
-0.0003602 -0.0008008
-0.0006412 -0.0008408
-0.0005992 -0.0005610
-0.0007861 -0.0006035
-0.0008386 -0.0008191
-0.0007231 -0.0005426
-0.0002628 -0.0012362
 0.0001220 -0.0017591
 0.0009258 -0.0022436
 0.0019445 -0.0031662
 0.0020467 -0.0037650
 0.0025110 -0.0038239
 0.0027545 -0.0038482
 0.0023016 -0.0032026
 0.0022943 -0.0023414
 0.0023747 -0.0015388
 0.0022802 -0.0012707
 0.0029860 -0.0008480
 0.0036130 -0.0011350
 0.0038564 -0.0007935
 0.0043869 -0.0007390
 0.0048435 -0.0003228
 0.0049376  0.0005731
 0.0052311  0.0008028
 0.0055638  0.0012013
 0.0061316  0.0017210
 0.0064490  0.0016830
 0.0066460  0.0018728
 0.0067611  0.0019519
 0.0059120  0.0021800
 0.0050560  0.0022741
 0.0044111  0.0025018
 0.0040356  0.0027315
 0.0036229  0.0028813
 0.0045176  0.0035560
 0.0055928  0.0041672
 0.0062234  0.0049913
 0.0075465  0.0056304
 0.0083148  0.0057487
 0.0084089  0.0058122
 0.0086394  0.0057044
 0.0085446  0.0054848
 0.0080617  0.0051231
 0.0081149  0.0052204
 0.0080503  0.0053419
 0.0076578  0.0058700
 0.0073380  0.0066545
 0.0072915  0.0073796
 0.0061780  0.0078560
 0.0057152  0.0078552
 0.0048186  0.0072088
 0.0038274  0.0069827
 0.0038181  0.0060489
 0.0036926  0.0050799
 0.0042183  0.0046625
 0.0048228  0.0044546
 0.0045422  0.0043823
 0.0045075  0.0048660
 0.0038583  0.0054887
 0.0033758  0.0059623
 0.0024512  0.0063960
 0.0024876  0.0066069
 0.0014528  0.0065864
 0.0014399  0.0065404
 0.0015025  0.0057269
 0.0011274  0.0046929
 0.0015361  0.0040590
 0.0015631  0.0031360
 0.0012773  0.0022494
 0.0009192  0.0012263
 0.0009019  0.0000574
 0.0003847 -0.0005042
 0.0006176 -0.0012750
 0.0008300 -0.0017740
 0.0013472 -0.0027774
 0.0021902 -0.0032974
 0.0029917 -0.0042789
 0.0028758 -0.0053408
 0.0032912 -0.0061883
 0.0031378 -0.0070370
 0.0028124 -0.0075462
 0.0023739 -0.0082423
 0.0019956 -0.0085503
 0.0019484 -0.0084163
 0.0019400 -0.0084579
 0.0024516 -0.0082896
 0.0027166 -0.0077934
 0.0030525 -0.0070679
 0.0028899 -0.0065382
 0.0023343 -0.0054456
 0.0021772 -0.0051816
 0.0017496 -0.0048017
 0.0016438 -0.0047036
 0.0017459 -0.0052736
 0.0015327 -0.0057311
 0.0017494 -0.0064780
 0.0015581 -0.0075318
 0.0015500 -0.0079222
 0.0008159 -0.0081391
 0.0003104 -0.0082413
-0.0001394 -0.0078024
-0.0006789 -0.0071762
-0.0004310 -0.0069695
-0.0004681 -0.0069942
-0.0000458 -0.0071282
 0.0002268 -0.0077827
 0.0000548 -0.0080318
 0.0007460 -0.0078158
 0.0008857 -0.0075671
 0.0011352 -0.0070462
 0.0016645 -0.0052233
 0.0021134 -0.0035167
 0.0023750 -0.0021355
 0.0027617 -0.0007353
 0.0031711  0.0003573
 0.0028726  0.0008523
 0.0026461  0.0020954
 0.0026553  0.0024353
 0.0017654  0.0032941
 0.0010236  0.0042393
 0.0001717  0.0051824
-0.0008692  0.0061898
-0.0022355  0.0070765
-0.0029449  0.0076789
-0.0034023  0.0082204
-0.0033801  0.0085127
-0.0035101  0.0086294
-0.0026812  0.0083011
-0.0020885  0.0084747
-0.0014311  0.0078413
-0.0016052  0.0078388
-0.0013016  0.0073055
-0.0015717  0.0065388
-0.0014401  0.0060612
-0.0015543  0.0053978
-0.0015555  0.0044054
-0.0012140  0.0037566
-0.0000774  0.0034603
 0.0008714  0.0036772
 0.0017581  0.0042812
 0.0025378  0.0048978
 0.0024304  0.0056896
 0.0020566  0.0064542
 0.0014672  0.0063961
 0.0002475  0.0060077
-0.0000141  0.0060597
-0.0004711  0.0055930
-0.0004295  0.0056672
-0.0002894  0.0052667
-0.0002793  0.0052849
-0.0000216  0.0052316
 0.0004117  0.0047705
 0.0006164  0.0041924
 0.0009685  0.0033400
 0.0012229  0.0023189
 0.0017660  0.0012538
 0.0021140  0.0005758
 0.0026538  0.0001329
 0.0030992  0.0000909
 0.0037315  0.0004292
 0.0035780  0.0007720
 0.0032171  0.0010183
 0.0026975  0.0006270
 0.0019312 -0.0001648
 0.0017010 -0.0018004
 0.0013587 -0.0032034
 0.0015133 -0.0046477
 0.0017855 -0.0056280
 0.0017895 -0.0058428
 0.0026503 -0.0059752
 0.0023228 -0.0054423
 0.0028190 -0.0045815
 0.0030080 -0.0040659
 0.0032563 -0.0036448
 0.0039991 -0.0037599
 0.0052100 -0.0039109
 0.0066486 -0.0040259
 0.0078562 -0.0038717
 0.0089685 -0.0041212
 0.0096140 -0.0040078
 0.0097020 -0.0035124
 0.0097872 -0.0036517
 0.0090276 -0.0034055
 0.0086356 -0.0035072
 0.0079984 -0.0036506
 0.0075745 -0.0032921
 0.0077069 -0.0032962
 0.0077291 -0.0030334
 0.0080711 -0.0020983
 0.0080743 -0.0018738
 0.0074380 -0.0009739
 0.0065881 -0.0004402
 0.0049739  0.0001162
 0.0038543  0.0008680
 0.0022534  0.0016376
 0.0012302  0.0023587
 0.0006625  0.0035373
 0.0005599  0.0046804
 0.0002680  0.0058456
 0.0003080  0.0068131
 0.0004796  0.0076404
 0.0005720  0.0081043
 0.0006438  0.0090474
 0.0010358  0.0098521
 0.0006627  0.0101614
 0.0005726  0.0107977
 0.0000065  0.0110929
-0.0005382  0.0112132
-0.0018302  0.0107397
-0.0027487  0.0102673
-0.0037456  0.0092451
-0.0044852  0.0084086
-0.0045877  0.0074639
-0.0045170  0.0068071
-0.0043142  0.0067978
-0.0035345  0.0066190
-0.0037582  0.0066037
-0.0037570  0.0069582
-0.0037194  0.0069425
-0.0036629  0.0072671
-0.0037788  0.0073043
-0.0031502  0.0072808
-0.0027468  0.0074092
-0.0026309  0.0073829
-0.0026091  0.0070122
-0.0032979  0.0060795
-0.0043278  0.0047293
-0.0049597  0.0028628
-0.0060534  0.0009793
-0.0061859 -0.0005566
-0.0061220 -0.0021877
-0.0058301 -0.0026924
-0.0052883 -0.0029634
-0.0050355 -0.0028734
-0.0049741 -0.0020215
-0.0048433 -0.0019315
-0.0048671 -0.0020135
-0.0052362 -0.0024217
-0.0050505 -0.0031323
-0.0052129 -0.0042454
-0.0051398 -0.0044235
-0.0049715 -0.0049803
-0.0050110 -0.0048883
-0.0042459 -0.0044918
-0.0036730 -0.0042306
-0.0028873 -0.0037187
-0.0017581 -0.0034389
-0.0008783 -0.0040575
-0.0003862 -0.0040785
-0.0000305 -0.0041225
 0.0010333 -0.0045235
 0.0014261 -0.0046430
 0.0021831 -0.0041076
 0.0031322 -0.0044751
 0.0038161 -0.0043826
 0.0045780 -0.0048510
 0.0050980 -0.0052200
 0.0055199 -0.0059161
 0.0061393 -0.0065537
 0.0069517 -0.0072906
 0.0068609 -0.0072942
 0.0072315 -0.0074937
 0.0071040 -0.0074913
 0.0069695 -0.0070516
 0.0067237 -0.0069175
 0.0064350 -0.0072050
 0.0062759 -0.0072833
 0.0066195 -0.0074933
 0.0070030 -0.0075676
 0.0068702 -0.0071658
 0.0067152 -0.0066615
 0.0056008 -0.0064835
 0.0045809 -0.0061899
 0.0039248 -0.0061608
 0.0033026 -0.0063581
 0.0029344 -0.0063500
 0.0029755 -0.0063778
 0.0036680 -0.0063503
 0.0038642 -0.0061343
 0.0044093 -0.0058468
 0.0046274 -0.0054249
 0.0050114 -0.0044091
 0.0049766 -0.0037409
 0.0043230 -0.0025563
 0.0042999 -0.0017969
 0.0037985 -0.0014364
 0.0032574 -0.0013266
 0.0031032 -0.0011369
 0.0031371 -0.0012499
 0.0030245 -0.0014219
 0.0032950 -0.0010892
 0.0033802 -0.0013314
 0.0033273 -0.0010403
 0.0034134 -0.0008452
 0.0032297 -0.0013988
 0.0026609 -0.0015542
 0.0026662 -0.0011711
 0.0018857 -0.0012090
 0.0011731 -0.0007092
 0.0006047 -0.0001055
-0.0007882  0.0002296
-0.0014915  0.0006968
-0.0020930  0.0007433
-0.0022945  0.0005345
-0.0025508  0.0000941
-0.0020024 -0.0004058
-0.0012078 -0.0007683
-0.0005476 -0.0005959
-0.0000013 -0.0010146
 0.0000686 -0.0007841
 0.0002075 -0.0008850
 0.0006593 -0.0018468
 0.0002403 -0.0022380
 0.0007966 -0.0026899
 0.0010663 -0.0037118
 0.0009747 -0.0033586
 0.0011697 -0.0029827
 0.0016389 -0.0023194
 0.0018150 -0.0009067
 0.0017011  0.0001559
 0.0013378  0.0005011
 0.0005282  0.0007021
 0.0003142 -0.0001837
 0.0001394 -0.0015492
 0.0002310 -0.0026813
 0.0006481 -0.0037602
 0.0009492 -0.0047574
 0.0014608 -0.0045491
 0.0017393 -0.0044312
 0.0017832 -0.0037933
 0.0017266 -0.0028529
 0.0012909 -0.0021209
 0.0010058 -0.0021234
 0.0003052 -0.0018932
 0.0000015 -0.0026438
 0.0001073 -0.0038700
 0.0002320 -0.0042548
 0.0007790 -0.0048680
 0.0010200 -0.0050037
 0.0016119 -0.0048870
 0.0015356 -0.0048672
 0.0013038 -0.0054938
 0.0006263 -0.0055099
 0.0003376 -0.0059205
 0.0001228 -0.0067784
-0.0003823 -0.0067307
-0.0001118 -0.0068430
-0.0001905 -0.0064550
 0.0003283 -0.0058841
 0.0005217 -0.0059745
 0.0001640 -0.0056123
 0.0004906 -0.0057431
 0.0007434 -0.0067941
 0.0001325 -0.0067912
-0.0001133 -0.0067718
-0.0007234 -0.0070767
-0.0017998 -0.0066402
-0.0024918 -0.0062195
-0.0030494 -0.0062410
-0.0038759 -0.0055695
-0.0035303 -0.0051843
-0.0041621 -0.0050289
-0.0048283 -0.0048738
-0.0049417 -0.0045068
-0.0057242 -0.0041983
-0.0059539 -0.0038931
-0.0063032 -0.0039505
-0.0068272 -0.0041059
-0.0065067 -0.0040127
-0.0061256 -0.0046417
-0.0054957 -0.0049437
-0.0046321 -0.0047717
-0.0037443 -0.0049784
-0.0035856 -0.0040998
-0.0041593 -0.0032370
-0.0046571 -0.0032003
-0.0055591 -0.0032184
-0.0062495 -0.0033823
-0.0064404 -0.0040989
-0.0062430 -0.0045482
-0.0058158 -0.0045187
-0.0051915 -0.0049280
-0.0045883 -0.0046663
-0.0037319 -0.0044701
-0.0031629 -0.0044244
-0.0022351 -0.0042149
-0.0015551 -0.0038107
-0.0004557 -0.0037877
 0.0004891 -0.0034595
 0.0018154 -0.0032830
 0.0029269 -0.0031477
 0.0042335 -0.0025692
 0.0054225 -0.0019252
 0.0061504 -0.0017734
 0.0064714 -0.0007673
 0.0070447 -0.0003382
 0.0068468 -0.0001541
 0.0065335  0.0006416
 0.0066239  0.0002725
 0.0057781  0.0000933
 0.0052915 -0.0002992
 0.0046386 -0.0008027
 0.0039850 -0.0013672
 0.0033943 -0.0017371
 0.0031811 -0.0014949
 0.0025698 -0.0010721
 0.0023764 -0.0002517
 0.0018176  0.0000337
 0.0013162  0.0001694
 0.0017473  0.0002844
 0.0013589  0.0001908
 0.0017864 -0.0002707
 0.0015998  0.0000361
 0.0021444  0.0000555
 0.0019957  0.0001500
 0.0028678  0.0005941
 0.0031257  0.0007653
 0.0025988  0.0014141
 0.0028220  0.0018122
 0.0022830  0.0018865
 0.0010310  0.0021852
-0.0003115  0.0023519
-0.0012082  0.0019477
-0.0022926  0.0015638
-0.0028396  0.0013563
-0.0027705  0.0010317
-0.0024225  0.0007450
-0.0019501  0.0010914
-0.0016744  0.0010002
-0.0017658  0.0008674
-0.0019338  0.0006656
-0.0028625  0.0003236
-0.0035145 -0.0001459
-0.0044157 -0.0006727
-0.0050204 -0.0010700
-0.0054916 -0.0012569
-0.0060778 -0.0018835
-0.0061698 -0.0021092
-0.0059570 -0.0022941
-0.0059921 -0.0024454
-0.0056692 -0.0028221
-0.0062820 -0.0029517
-0.0067015 -0.0035016
-0.0071763 -0.0043397
-0.0084521 -0.0050814
-0.0093629 -0.0064924
-0.0102911 -0.0075446
-0.0110113 -0.0083290
-0.0117626 -0.0088059
-0.0126936 -0.0089427
-0.0132261 -0.0085228
-0.0136807 -0.0084300
-0.0136189 -0.0079096
-0.0128675 -0.0076806
-0.0114015 -0.0076386
-0.0102414 -0.0073491
-0.0083692 -0.0069850
-0.0070283 -0.0065849
-0.0063653 -0.0058077
-0.0060269 -0.0055836
-0.0065372 -0.0058013
-0.0063656 -0.0054122
-0.0058641 -0.0060529
-0.0056970 -0.0063461
-0.0054556 -0.0063497
-0.0049586 -0.0063728
-0.0051157 -0.0061959
-0.0054088 -0.0057542
-0.0058315 -0.0053843
-0.0057985 -0.0050088
-0.0055506 -0.0045098
-0.0045566 -0.0039655
-0.0040595 -0.0030223
-0.0026457 -0.0015676
-0.0016141 -0.0006479
-0.0009092  0.0004559
 0.0000626  0.0008927
 0.0011737  0.0005822
 0.0019194  0.0001292
 0.0032041 -0.0010437
 0.0046459 -0.0018694
 0.0060049 -0.0024504
 0.0074237 -0.0023733
 0.0074960 -0.0023490
 0.0084124 -0.0016199
 0.0086361 -0.0003545
 0.0086179  0.0001481
 0.0082456  0.0011087
 0.0080490  0.0021649
 0.0072621  0.0028799
 0.0061296  0.0039229
 0.0049978  0.0047477
 0.0039510  0.0052859
 0.0032553  0.0063776
 0.0025245  0.0070830
 0.0020779  0.0075949
 0.0019341  0.0085792
 0.0017273  0.0089566
 0.0012900  0.0092190
 0.0013121  0.0096817
 0.0013214  0.0093257
 0.0008324  0.0090891
 0.0009026  0.0086217
 0.0006341  0.0077347
 0.0002712  0.0069414
 0.0000443  0.0064262
-0.0006808  0.0054686
-0.0013503  0.0049308
-0.0020156  0.0050769
-0.0026887  0.0053570
-0.0038401  0.0055019
-0.0045677  0.0055471
-0.0049323  0.0047133
-0.0053344  0.0041719
-0.0048370  0.0030781
-0.0049649  0.0014934
-0.0047336  0.0006759
-0.0044219  0.0001507
-0.0046447 -0.0001791
-0.0054001 -0.0004730
-0.0059834 -0.0007346
-0.0064558 -0.0013830
-0.0072184 -0.0019660
-0.0076581 -0.0031034
-0.0080945 -0.0042993
-0.0079237 -0.0046320
-0.0074211 -0.0052741
-0.0075696 -0.0055789
-0.0073911 -0.0048203
-0.0074283 -0.0041864
-0.0072922 -0.0034931
-0.0077028 -0.0027058
-0.0078991 -0.0026634
-0.0076528 -0.0025439
-0.0071954 -0.0028249
-0.0068877 -0.0034361
-0.0066123 -0.0038185
-0.0063704 -0.0037276
-0.0060906 -0.0037321
-0.0062916 -0.0032783
-0.0055333 -0.0027272
-0.0050819 -0.0027858
-0.0045574 -0.0020946
-0.0041189 -0.0015208
-0.0033259 -0.0019593
-0.0026924 -0.0018685
-0.0021571 -0.0021002
-0.0018074 -0.0031242
-0.0012147 -0.0035332
-0.0005437 -0.0033294
 0.0000898 -0.0038902
 0.0003130 -0.0038212
 0.0013838 -0.0036698
 0.0020778 -0.0035147
 0.0028417 -0.0032095
 0.0034392 -0.0025720
 0.0039593 -0.0019579
 0.0045883 -0.0007280
 0.0047385  0.0001344
 0.0047893  0.0002329
 0.0045333  0.0011687
 0.0041041  0.0015915
 0.0035982  0.0017094
 0.0035711  0.0021503
 0.0039114  0.0023082
 0.0041032  0.0020017
 0.0047124  0.0025577
 0.0052510  0.0026166
 0.0051565  0.0030595
 0.0052135  0.0032324
 0.0051408  0.0031185
 0.0052002  0.0027806
 0.0056233  0.0027818
 0.0059879  0.0022715
 0.0061644  0.0023688
 0.0060146  0.0031388
 0.0054078  0.0035607
 0.0046205  0.0041732
 0.0041643  0.0042527
 0.0036107  0.0039314
 0.0030907  0.0033766
 0.0031840  0.0025191
 0.0031093  0.0016442
 0.0028157  0.0015930
 0.0028730  0.0012514
 0.0024140  0.0012389
 0.0019113  0.0018159
 0.0015439  0.0027154
 0.0010610  0.0028325
 0.0001570  0.0033514
-0.0004967  0.0030635
-0.0010300  0.0027599
-0.0019251  0.0019569
-0.0026437  0.0005938
-0.0038969 -0.0004753
-0.0047689 -0.0012622
-0.0060678 -0.0024480
-0.0073088 -0.0031505
-0.0084228 -0.0037779
-0.0090583 -0.0044977
-0.0098481 -0.0050682
-0.0103919 -0.0055458
-0.0107375 -0.0057804
-0.0111017 -0.0059565
-0.0114457 -0.0060183
-0.0117917 -0.0062371
-0.0119048 -0.0063421
-0.0114824 -0.0063680
-0.0106539 -0.0068001
-0.0103083 -0.0068671
-0.0095800 -0.0073767
-0.0088686 -0.0077107
-0.0085023 -0.0078512
-0.0083291 -0.0076449
-0.0076710 -0.0071713
-0.0075733 -0.0064862
-0.0075700 -0.0058342
-0.0082794 -0.0054712
-0.0083182 -0.0052039
-0.0083888 -0.0058350
-0.0082390 -0.0066949
-0.0077355 -0.0080770
-0.0066583 -0.0093258
-0.0058133 -0.0104821
-0.0043594 -0.0113672
-0.0033880 -0.0120229
-0.0020343 -0.0126814
-0.0008562 -0.0126451
 0.0000929 -0.0127832
 0.0007518 -0.0129596
 0.0015835 -0.0119879
 0.0020526 -0.0114037
 0.0024482 -0.0102817
 0.0028810 -0.0088525
 0.0030081 -0.0081290
 0.0029479 -0.0076546
 0.0031147 -0.0073668
 0.0029200 -0.0075561
 0.0025954 -0.0078375
 0.0023851 -0.0083833
 0.0016979 -0.0090676
 0.0012385 -0.0093910
 0.0008775 -0.0097705
 0.0010148 -0.0097536
 0.0012038 -0.0091023
 0.0015655 -0.0078733
 0.0021965 -0.0063762
 0.0026136 -0.0042521
 0.0032232 -0.0025043
 0.0044280 -0.0003127
 0.0049783  0.0014735
 0.0061443  0.0029528
 0.0067753  0.0042824
 0.0075578  0.0055344
 0.0078807  0.0060359
 0.0079179  0.0065204
 0.0072477  0.0068491
 0.0062945  0.0070825
 0.0047400  0.0072089
 0.0035199  0.0073858
 0.0020124  0.0074661
 0.0010434  0.0075881
 0.0002836  0.0080310
-0.0006857  0.0078178
-0.0016571  0.0075303
-0.0024000  0.0069114
-0.0035821  0.0062751
-0.0040924  0.0058111
-0.0046786  0.0056630
-0.0053940  0.0050525
-0.0056709  0.0048466
-0.0059082  0.0043545
-0.0058965  0.0040154
-0.0061750  0.0037885
-0.0061055  0.0040833
-0.0063990  0.0039101
-0.0073655  0.0043477
-0.0077575  0.0049186
-0.0090869  0.0045730
-0.0095956  0.0043582
-0.0097050  0.0035482
-0.0098733  0.0021072
-0.0084546  0.0014334
-0.0070229  0.0007228
-0.0057661  0.0005722
-0.0039344  0.0008956
-0.0029105  0.0008556
-0.0026885  0.0010821
-0.0024516  0.0017074
-0.0021177  0.0015706
-0.0019785  0.0013574
-0.0020637  0.0015718
-0.0019382  0.0015214
-0.0017323  0.0014297
-0.0012163  0.0012420
-0.0005974  0.0005908
-0.0004027 -0.0002163
 0.0000410 -0.0008567
-0.0000914 -0.0017705
-0.0000922 -0.0021287
-0.0005566 -0.0024069
-0.0012555 -0.0028946
-0.0015204 -0.0024804
-0.0009536 -0.0027671
-0.0005612 -0.0020949
 0.0007731 -0.0016883
 0.0027842 -0.0012203
 0.0038206 -0.0006829
 0.0052551 -0.0002157
 0.0061001  0.0002647
 0.0061938  0.0005296
 0.0061518  0.0005873
 0.0057529 -0.0005803
 0.0057525 -0.0015174
 0.0056193 -0.0024367
 0.0058369 -0.0037529
 0.0058179 -0.0040714
 0.0053330 -0.0045062
 0.0047887 -0.0048692
 0.0040869 -0.0049786
 0.0032334 -0.0051126
 0.0022313 -0.0056492
 0.0017661 -0.0054594
 0.0014662 -0.0059440
 0.0012486 -0.0058915
 0.0013561 -0.0053408
 0.0013638 -0.0051006
 0.0017607 -0.0046799
 0.0019166 -0.0040687
 0.0019493 -0.0036863
 0.0019468 -0.0034929
 0.0018596 -0.0032038
 0.0019596 -0.0030125
 0.0012372 -0.0032955
 0.0008101 -0.0032353
 0.0003837 -0.0033814
-0.0000313 -0.0035804
-0.0003511 -0.0034423
-0.0004758 -0.0040317
-0.0009788 -0.0042913
-0.0010070 -0.0043829
-0.0012104 -0.0046800
-0.0014474 -0.0047664
-0.0015564 -0.0046040
-0.0010508 -0.0044776
-0.0011594 -0.0041457
-0.0012098 -0.0030657
-0.0014714 -0.0022767
-0.0021307 -0.0017018
-0.0028526 -0.0008451
-0.0035889 -0.0003380
-0.0046552  0.0000350
-0.0052244  0.0007697
-0.0060267  0.0012058
-0.0066222  0.0015631
-0.0066259  0.0021186
-0.0066275  0.0017775
-0.0065831  0.0020645
-0.0063623  0.0019143
-0.0065973  0.0013600
-0.0061827  0.0013059
-0.0055000  0.0016116
-0.0047644  0.0012445
-0.0042286  0.0015340
-0.0026875  0.0016681
-0.0019498  0.0014524
-0.0009852  0.0011609
-0.0003242  0.0008262
-0.0001877  0.0000925
 0.0000816 -0.0002979
 0.0000234 -0.0010966
 0.0001587 -0.0016219
 0.0003335 -0.0017096
 0.0011769 -0.0019333
 0.0013865 -0.0012490
 0.0018463 -0.0007052
 0.0020167  0.0002307
 0.0015952  0.0012271
 0.0007643  0.0020887
-0.0003860  0.0023745
-0.0016501  0.0024484
-0.0030903  0.0026523
-0.0036112  0.0020983
-0.0037686  0.0015040
-0.0035042  0.0011205
-0.0028138  0.0008370
-0.0017176  0.0013752
-0.0009142  0.0021403
 0.0000480  0.0031206
-0.0000683  0.0043682
-0.0006634  0.0052924
-0.0015448  0.0062372
-0.0030480  0.0062401
-0.0049190  0.0066591
-0.0061771  0.0064153
-0.0071733  0.0061464
-0.0077443  0.0054366
-0.0075671  0.0045956
-0.0065549  0.0033630
-0.0051555  0.0027654
-0.0038882  0.0016119
-0.0027193  0.0011282
-0.0015864  0.0004979
-0.0010066 -0.0000693
-0.0007991 -0.0001964
-0.0006057 -0.0004346
-0.0008713 -0.0003889
-0.0004276 -0.0004410
-0.0005337 -0.0008629
-0.0002063 -0.0009969
 0.0001256 -0.0010600
 0.0003957 -0.0015412
 0.0006295 -0.0015049
 0.0008770 -0.0017157
 0.0007393 -0.0017516
 0.0009283 -0.0017108
 0.0007873 -0.0015900
 0.0009403 -0.0017753
 0.0006484 -0.0019029
 0.0005321 -0.0027410
-0.0000993 -0.0034835
-0.0007143 -0.0043079
-0.0015771 -0.0052107
-0.0020983 -0.0059791
-0.0023688 -0.0065783
-0.0024698 -0.0066356
-0.0027068 -0.0066509
-0.0024400 -0.0059944
-0.0021182 -0.0053964
-0.0020415 -0.0051182
-0.0017306 -0.0043240
-0.0018206 -0.0039682
-0.0018100 -0.0037073
-0.0011927 -0.0034340
-0.0010852 -0.0036233
-0.0006168 -0.0030629
 0.0002157 -0.0021044
 0.0010346 -0.0024161
 0.0011045 -0.0021525
 0.0013440 -0.0019737
 0.0009867 -0.0025253
 0.0010085 -0.0029073
 0.0014280 -0.0031529
 0.0010367 -0.0035390
 0.0013298 -0.0034732
 0.0016963 -0.0035262
 0.0018812 -0.0035351
 0.0017576 -0.0033999
 0.0018637 -0.0039373
 0.0014797 -0.0042203
 0.0007284 -0.0038512
 0.0002281 -0.0042699
-0.0010368 -0.0042848
-0.0017688 -0.0046304
-0.0028267 -0.0047661
-0.0031307 -0.0048820
-0.0025178 -0.0046191
-0.0017555 -0.0045663
-0.0012383 -0.0038383
-0.0005710 -0.0030886
 0.0001784 -0.0022197
 0.0002939 -0.0015151
 0.0004646 -0.0004911
-0.0001285  0.0002874
-0.0008427  0.0009120
-0.0009610  0.0016114
-0.0011189  0.0021589
-0.0013886  0.0025118
-0.0012372  0.0033193
-0.0006776  0.0034162
-0.0002468  0.0039689
 0.0003867  0.0046371
 0.0008866  0.0049964
 0.0005761  0.0055071
 0.0005683  0.0057183
-0.0002194  0.0054526
-0.0014577  0.0057268
-0.0024219  0.0056154
-0.0037688  0.0056800
-0.0044835  0.0056280
-0.0051808  0.0059703
-0.0052607  0.0056461
-0.0055708  0.0053522
-0.0053307  0.0046726
-0.0052568  0.0032256
-0.0051082  0.0024689
-0.0045002  0.0016549
-0.0039669  0.0009003
-0.0035292  0.0006697
-0.0029729  0.0006342
-0.0028752  0.0009245
-0.0022537  0.0013404
-0.0021677  0.0020257
-0.0022064  0.0019854
-0.0024784  0.0023448
-0.0031251  0.0020844
-0.0043116  0.0013415
-0.0048323  0.0009757
-0.0057734 -0.0002028
-0.0064892 -0.0004213
-0.0061395 -0.0004343
-0.0061722 -0.0003536
-0.0055197  0.0007671
-0.0051774  0.0018236
-0.0052504  0.0022721
-0.0052961  0.0031862
-0.0046069  0.0030501
-0.0043562  0.0025309
-0.0037082  0.0020755
-0.0028272  0.0010415
-0.0021529 -0.0004701
-0.0015421 -0.0012582
-0.0011977 -0.0026399
-0.0012707 -0.0039723
-0.0011754 -0.0048993
-0.0009849 -0.0059842
-0.0010616 -0.0070126
-0.0000531 -0.0074277
 0.0003442 -0.0076829
 0.0010075 -0.0079175
 0.0018836 -0.0076495
 0.0023370 -0.0080698
 0.0028646 -0.0085663
 0.0032449 -0.0085280
 0.0034682 -0.0087396
 0.0034282 -0.0087045
 0.0039777 -0.0082042
 0.0042268 -0.0073987
 0.0042619 -0.0062852
 0.0054901 -0.0047465
 0.0057618 -0.0040347
 0.0055741 -0.0027346
 0.0057377 -0.0017951
 0.0051882 -0.0010139
 0.0047728  0.0000189
 0.0044110  0.0013815
 0.0042435  0.0023041
 0.0033221  0.0034609
 0.0029927  0.0041768
 0.0024016  0.0039676
 0.0018259  0.0047703
 0.0019546  0.0043802
 0.0019538  0.0045477
 0.0022521  0.0046163
 0.0019896  0.0051666
 0.0017687  0.0053213
 0.0016423  0.0062071
 0.0008449  0.0068220
 0.0001484  0.0073118
-0.0005053  0.0075642
-0.0006579  0.0079703
-0.0007261  0.0080479
-0.0007011  0.0082647
-0.0005173  0.0077298
-0.0008091  0.0074262
-0.0009771  0.0074335
-0.0015847  0.0063846
-0.0026929  0.0059845
-0.0034492  0.0055694
-0.0040520  0.0048694
-0.0053449  0.0044003
-0.0060050  0.0040297
-0.0069078  0.0032227
-0.0077512  0.0026591
-0.0087473  0.0023633
-0.0095854  0.0013515
-0.0099576  0.0000692
-0.0105495 -0.0008324
-0.0108688 -0.0017368
-0.0109988 -0.0024272
-0.0106726 -0.0033518
-0.0104211 -0.0043676
-0.0098110 -0.0044831
-0.0083341 -0.0047863
-0.0074503 -0.0053357
-0.0071406 -0.0054896
-0.0067865 -0.0059313
-0.0070485 -0.0069289
-0.0071938 -0.0077227
-0.0072822 -0.0085577
-0.0075648 -0.0098538
-0.0069490 -0.0102633
-0.0059114 -0.0108665
-0.0047042 -0.0111023
-0.0036194 -0.0112223
-0.0024493 -0.0117468
-0.0015563 -0.0118635
-0.0011025 -0.0121901
-0.0005349 -0.0122878
-0.0005006 -0.0123637
-0.0006040 -0.0118780
-0.0009161 -0.0113365
-0.0013800 -0.0104870
-0.0015185 -0.0093690
-0.0015746 -0.0086317
-0.0014381 -0.0081723
-0.0004934 -0.0076744
 0.0001139 -0.0081210
 0.0010660 -0.0082628
 0.0021324 -0.0084841
 0.0033138 -0.0085685
 0.0042243 -0.0086727
 0.0043838 -0.0078729
 0.0048300 -0.0082193
 0.0049055 -0.0074583
 0.0049418 -0.0068870
 0.0050892 -0.0066383
 0.0053301 -0.0055853
 0.0061222 -0.0045295
 0.0066277 -0.0033991
 0.0072126 -0.0018434
 0.0077948 -0.0003855
 0.0075573  0.0006724
 0.0074895  0.0015194
 0.0068523  0.0018291
 0.0062713  0.0014500
 0.0060318  0.0007451
 0.0061602 -0.0000728
 0.0063495 -0.0002569
 0.0072713 -0.0000723
 0.0082561  0.0001877
 0.0089534  0.0010562
 0.0098247  0.0018892
 0.0096217  0.0022954
 0.0095288  0.0028199
 0.0093383  0.0028231
 0.0096141  0.0018077
 0.0097865  0.0014298
 0.0095184  0.0014690
 0.0090557  0.0012417
 0.0086515  0.0018647
 0.0082679  0.0027308
 0.0076555  0.0033481
 0.0070793  0.0040607
 0.0067741  0.0049050
 0.0063752  0.0049401
 0.0055920  0.0054403
 0.0048119  0.0053588
 0.0037469  0.0048262
 0.0028696  0.0045053
 0.0019257  0.0036090
 0.0013411  0.0020598
 0.0014033  0.0011232
 0.0020239  0.0004893
 0.0027580 -0.0002448
 0.0033361 -0.0002714
 0.0042704 -0.0005472
 0.0040580  0.0000059
 0.0039970  0.0001621
 0.0031903  0.0001068
 0.0022088  0.0000540
 0.0014174 -0.0004418
 0.0012196 -0.0014524
 0.0009091 -0.0022942
 0.0013689 -0.0030799
 0.0021034 -0.0039641
 0.0025346 -0.0046214
 0.0026195 -0.0049129
 0.0029385 -0.0052723
 0.0028340 -0.0054371
 0.0026446 -0.0054909
 0.0031469 -0.0053706
 0.0032963 -0.0048801
 0.0033487 -0.0041244
 0.0035660 -0.0032830
 0.0033379 -0.0024460
 0.0031114 -0.0014690
 0.0027343 -0.0007988
 0.0021977  0.0002514
 0.0016208  0.0006151
 0.0012962  0.0004835
 0.0009114 -0.0001859
 0.0006182 -0.0012966
 0.0003630 -0.0031760
 0.0003025 -0.0045609
 0.0009711 -0.0064811
 0.0015597 -0.0072886
 0.0026894 -0.0077913
 0.0038752 -0.0081043
 0.0049604 -0.0078568
 0.0058736 -0.0068474
 0.0064606 -0.0060234
 0.0060427 -0.0051812
 0.0057228 -0.0041504
 0.0059033 -0.0032856
 0.0052197 -0.0025783
 0.0050565 -0.0020845
 0.0054348 -0.0020433
 0.0056439 -0.0018297
 0.0061999 -0.0013884
 0.0068346 -0.0014598
 0.0069565 -0.0006673
 0.0070869 -0.0002025
 0.0068443  0.0006119
 0.0065593  0.0012579
 0.0057171  0.0018810
 0.0045676  0.0020252
 0.0036879  0.0019311
 0.0030503  0.0016614
 0.0025674  0.0010485
 0.0015423  0.0010230
 0.0009200  0.0009835
 0.0002103  0.0011171
-0.0005650  0.0023106
-0.0010842  0.0032191
-0.0012324  0.0040557
-0.0013297  0.0055791
-0.0013470  0.0061851
-0.0011169  0.0067404
-0.0006801  0.0069529
-0.0004524  0.0072017
-0.0005868  0.0073770
-0.0006235  0.0082189
-0.0010810  0.0089978
-0.0016357  0.0096923
-0.0017697  0.0102180
-0.0013062  0.0106366
-0.0011516  0.0105761
 0.0000383  0.0103625
 0.0003096  0.0098400
 0.0006217  0.0092808
 0.0004591  0.0085318
-0.0003771  0.0083203
-0.0011696  0.0082278
-0.0021534  0.0082468
-0.0032330  0.0081330
-0.0041797  0.0083207
-0.0043460  0.0078010
-0.0048684  0.0077550
-0.0053807  0.0077646
-0.0055991  0.0078489
-0.0065623  0.0078000
-0.0068998  0.0077879
-0.0074440  0.0074874
-0.0073212  0.0074918
-0.0070338  0.0073617
-0.0061924  0.0077145
-0.0052561  0.0074347
-0.0043792  0.0077108
-0.0036202  0.0076482
-0.0037026  0.0073905
-0.0039945  0.0071996
-0.0046349  0.0067801
-0.0054828  0.0058575
-0.0062556  0.0054380
-0.0067736  0.0044981
-0.0069121  0.0039550
-0.0064886  0.0036603
-0.0062790  0.0034385
-0.0056464  0.0032346
-0.0052067  0.0035886
-0.0050637  0.0034311
-0.0047912  0.0027754
-0.0042917  0.0024900
-0.0035085  0.0021085
-0.0027991  0.0021376
-0.0014660  0.0024134
-0.0004550  0.0023460
 0.0004954  0.0032290
 0.0016020  0.0039578
 0.0021539  0.0047427
 0.0021846  0.0056228
 0.0026367  0.0062696
 0.0022995  0.0061299
 0.0020399  0.0062780
 0.0021472  0.0058912
 0.0024900  0.0055650
 0.0023688  0.0054822
 0.0024613  0.0054591
 0.0020745  0.0050550
 0.0015608  0.0050905
 0.0010327  0.0044776
 0.0008279  0.0038458
 0.0013515  0.0028929
 0.0021658  0.0020936
 0.0035559  0.0010620
 0.0050804  0.0004177
 0.0062674 -0.0000943
 0.0072658 -0.0006256
 0.0080140 -0.0001802
 0.0082865  0.0000709
 0.0078646  0.0007444
 0.0081129  0.0019177
 0.0079889  0.0031855
 0.0075246  0.0039905
 0.0074196  0.0047064
 0.0071276  0.0048401
 0.0065878  0.0046305
 0.0061114  0.0042333
 0.0055183  0.0038525
 0.0049495  0.0038954
 0.0043951  0.0039172
 0.0036131  0.0038998
 0.0032905  0.0043015
 0.0025650  0.0049556
 0.0027835  0.0048567
 0.0023346  0.0049936
 0.0023645  0.0053747
 0.0027065  0.0056876
 0.0024462  0.0057309
 0.0025116  0.0059651
 0.0023073  0.0052589
 0.0019214  0.0047425
 0.0013868  0.0037061
 0.0008700  0.0023290
-0.0000481  0.0014451
-0.0003327  0.0007927
-0.0008455  0.0004810
-0.0016081  0.0008023
-0.0020054  0.0004082
-0.0022496  0.0008781
-0.0020942  0.0006185
-0.0020699  0.0002712
-0.0015268 -0.0002258
-0.0014832 -0.0009670
-0.0012054 -0.0018794
-0.0009114 -0.0025036
-0.0005258 -0.0031504
-0.0003732 -0.0035880
 0.0000967 -0.0036433
 0.0003381 -0.0033724
 0.0004269 -0.0032545
 0.0002165 -0.0022358
-0.0000665 -0.0015281
-0.0000967 -0.0011070
-0.0006668 -0.0002898
-0.0013923  0.0001062
-0.0021723  0.0002725
-0.0024230  0.0003981
-0.0032087  0.0006746
-0.0033436  0.0000742
-0.0029657 -0.0000506
-0.0029149 -0.0000822
-0.0024401 -0.0011255
-0.0018720 -0.0020756
-0.0007848 -0.0027188
-0.0002914 -0.0037387
 0.0002645 -0.0042789
 0.0003606 -0.0047388
 0.0003865 -0.0049447
 0.0001786 -0.0050000
-0.0003572 -0.0049790
-0.0008142 -0.0047851
-0.0008784 -0.0045756
-0.0010359 -0.0041743
-0.0009637 -0.0039086
-0.0008410 -0.0034476
-0.0006375 -0.0036018
-0.0004006 -0.0042131
-0.0001080 -0.0043830
 0.0004580 -0.0050286
 0.0006817 -0.0048562
 0.0015380 -0.0049082
 0.0022268 -0.0047185
 0.0026269 -0.0040075
 0.0027424 -0.0037818
 0.0025365 -0.0035480
 0.0020762 -0.0032767
 0.0012558 -0.0030433
 0.0004181 -0.0027094
-0.0003381 -0.0025515
-0.0012505 -0.0019200
-0.0018730 -0.0014779
-0.0021968 -0.0009466
-0.0026369 -0.0006822
-0.0030758 -0.0003221
-0.0022792 -0.0004020
-0.0012638 -0.0001570
-0.0000723 -0.0002292
 0.0010949 -0.0001311
 0.0021584  0.0001976
 0.0021697 -0.0000305
 0.0017580 -0.0001650
 0.0011928 -0.0008413
 0.0001867 -0.0011292
-0.0006874 -0.0015782
-0.0008723 -0.0017155
-0.0014246 -0.0018007
-0.0008674 -0.0014612
-0.0002553 -0.0017523
 0.0009688 -0.0013703
 0.0022874 -0.0012912
 0.0033973 -0.0009460
 0.0044325 -0.0005568
 0.0050091  0.0001950
 0.0055877  0.0007022
 0.0055857  0.0014524
 0.0058731  0.0020160
 0.0060047  0.0019628
 0.0061484  0.0018873
 0.0064694  0.0018295
 0.0067899  0.0013107
 0.0065735  0.0009408
 0.0059347  0.0003929
 0.0048555 -0.0000953
 0.0039111 -0.0000271
 0.0025440 -0.0002798
 0.0016182 -0.0004123
 0.0013832 -0.0002919
 0.0007953 -0.0004029
 0.0008951 -0.0001057
 0.0010170  0.0001858
 0.0007777  0.0002654
 0.0009029 -0.0000370
 0.0013115 -0.0005348
 0.0017932 -0.0012244
 0.0028304 -0.0025673
 0.0039363 -0.0033748
 0.0048523 -0.0032650
 0.0050933 -0.0030389
 0.0052386 -0.0023130
 0.0050977 -0.0016444
 0.0044602 -0.0007986
 0.0037718  0.0000510
 0.0032348  0.0005379
 0.0025222  0.0011403
 0.0023873  0.0014545
 0.0021757  0.0019023
 0.0023857  0.0028587
 0.0025016  0.0040869
 0.0022096  0.0049485
 0.0019581  0.0062704
 0.0018071  0.0063641
 0.0013662  0.0068607
 0.0010735  0.0068054
 0.0008244  0.0067525
 0.0007501  0.0064881
 0.0002704  0.0055558
-0.0000740  0.0047197
-0.0007405  0.0033870
-0.0017127  0.0022448
-0.0023777  0.0009662
-0.0030244 -0.0001784
-0.0036918 -0.0010174
-0.0040952 -0.0022423
-0.0045756 -0.0027970
-0.0046742 -0.0031612
-0.0048611 -0.0035666
-0.0049337 -0.0038577
-0.0054332 -0.0041266
-0.0060230 -0.0046479
-0.0063460 -0.0047201
-0.0071292 -0.0051235
-0.0069330 -0.0055566
-0.0071607 -0.0050265
-0.0068522 -0.0048451
-0.0068086 -0.0050203
-0.0059987 -0.0050238
-0.0047878 -0.0047068
-0.0039189 -0.0049240
-0.0024800 -0.0046107
-0.0012530 -0.0042602
-0.0000999 -0.0041612
 0.0006620 -0.0039331
 0.0008554 -0.0034200
 0.0011247 -0.0030772
 0.0008174 -0.0025839
 0.0000326 -0.0025771
-0.0005016 -0.0024342
-0.0006724 -0.0027330
-0.0011904 -0.0028970
-0.0012473 -0.0036541
-0.0008117 -0.0040102
-0.0011460 -0.0047096
-0.0011678 -0.0052510
-0.0012151 -0.0054542
-0.0014465 -0.0059997
-0.0012583 -0.0058354
-0.0005748 -0.0054579
 0.0000195 -0.0046577
 0.0005718 -0.0038902
 0.0010474 -0.0030278
 0.0013926 -0.0026051
 0.0016603 -0.0025498
 0.0021762 -0.0033354
 0.0034267 -0.0045184
 0.0043848 -0.0054959
 0.0054373 -0.0066239
 0.0067657 -0.0073680
 0.0075493 -0.0072481
 0.0085619 -0.0067341
 0.0091110 -0.0058709
 0.0094056 -0.0044872
 0.0097193 -0.0033366
 0.0100333 -0.0022799
 0.0099848 -0.0014567
 0.0099590 -0.0007086
 0.0094971  0.0000751
 0.0085890  0.0008592
 0.0076059  0.0014571
 0.0066453  0.0019231
 0.0057385  0.0027726
 0.0048604  0.0029911
 0.0047073  0.0035164
 0.0039568  0.0033835
 0.0037133  0.0028667
 0.0033867  0.0027884
 0.0031929  0.0024630
 0.0030754  0.0021853
 0.0030948  0.0021970
 0.0031686  0.0027829
 0.0033681  0.0032190
 0.0035507  0.0040775
 0.0035358  0.0048317
 0.0031417  0.0052779
 0.0029124  0.0058661
 0.0027017  0.0062246
 0.0021045  0.0060284
 0.0022139  0.0057368
 0.0024816  0.0052188
 0.0027545  0.0041732
 0.0028329  0.0028376
 0.0028983  0.0014335
 0.0026520  0.0004080
 0.0024647 -0.0001931
 0.0018951 -0.0005884
 0.0006334 -0.0006077
-0.0004951 -0.0004588
-0.0017337 -0.0001443
-0.0031295  0.0004221
-0.0039490  0.0006186
-0.0052471  0.0005363
-0.0058381  0.0000679
-0.0057965 -0.0005079
-0.0059224 -0.0007800
-0.0057048 -0.0009314
-0.0055820 -0.0002850
-0.0059772  0.0000323
-0.0064347  0.0005224
-0.0070855  0.0014340
-0.0085406  0.0014650
-0.0097119  0.0017646
-0.0108258  0.0011835
-0.0115530  0.0001249
-0.0115203 -0.0006644
-0.0117270 -0.0018184
-0.0113826 -0.0031875
-0.0101605 -0.0039005
-0.0090679 -0.0044375
-0.0077283 -0.0048752
-0.0065858 -0.0047144
-0.0056458 -0.0049373
-0.0045719 -0.0053523
-0.0039025 -0.0047902
-0.0035161 -0.0051512
-0.0028228 -0.0047923
-0.0021078 -0.0047031
-0.0013131 -0.0048671
-0.0001935 -0.0043390
 0.0011530 -0.0047780
 0.0022928 -0.0046024
 0.0035945 -0.0040982
 0.0045481 -0.0039174
 0.0051937 -0.0034818
 0.0058396 -0.0031176
 0.0056373 -0.0028927
 0.0051007 -0.0029888
 0.0048669 -0.0025899
 0.0042851 -0.0026735
 0.0041074 -0.0022177
 0.0034307 -0.0015952
 0.0029062 -0.0009290
 0.0022287 -0.0003218
 0.0017833  0.0002305
 0.0011297  0.0004194
 0.0001247  0.0009729
-0.0003553  0.0007267
-0.0011818  0.0008635
-0.0015360  0.0006972
-0.0019470  0.0008749
-0.0022761  0.0008006
-0.0023730  0.0010578
-0.0026043  0.0014806
-0.0024242  0.0013889
-0.0023996  0.0016248
-0.0020536  0.0016123
-0.0017447  0.0018320
-0.0008282  0.0020561
 0.0001832  0.0030861
 0.0012369  0.0038634
 0.0021712  0.0051409
 0.0027889  0.0060312
 0.0030211  0.0066474
 0.0029323  0.0068779
 0.0029590  0.0068763
 0.0022000  0.0065843
 0.0017829  0.0060978
 0.0019384  0.0060405
 0.0012266  0.0054982
 0.0012258  0.0054421
 0.0008959  0.0054094
 0.0005551  0.0053021
 0.0001934  0.0055048
-0.0008716  0.0051871
-0.0012063  0.0048904
-0.0015825  0.0048775
-0.0011925  0.0045921
-0.0008392  0.0044596
-0.0001088  0.0046675
 0.0001044  0.0045513
 0.0000721  0.0047059
-0.0005424  0.0047907
-0.0014754  0.0038238
-0.0027904  0.0028371
-0.0035816  0.0020430
-0.0043135  0.0007284
-0.0042820 -0.0002870
-0.0037204 -0.0013464
-0.0029108 -0.0019662
-0.0021998 -0.0025146
-0.0013790 -0.0027779
-0.0009422 -0.0032338
-0.0002712 -0.0034930
 0.0005323 -0.0039461
 0.0016269 -0.0044129
 0.0027800 -0.0044541
 0.0041814 -0.0050912
 0.0050050 -0.0055704
 0.0064060 -0.0054146
 0.0065603 -0.0058753
 0.0067735 -0.0056678
 0.0069099 -0.0054998
 0.0068304 -0.0053565
 0.0067302 -0.0051349
 0.0067250 -0.0049751
 0.0069272 -0.0046623
 0.0069215 -0.0045573
 0.0066841 -0.0044888
 0.0063921 -0.0045324
 0.0055442 -0.0044036
 0.0050275 -0.0047545
 0.0040471 -0.0049503
 0.0036999 -0.0048373
 0.0036720 -0.0045123
 0.0036647 -0.0043233
 0.0042679 -0.0045947
 0.0048084 -0.0043633
 0.0056400 -0.0044833
 0.0065109 -0.0043706
 0.0070571 -0.0040654
 0.0073930 -0.0032353
 0.0073336 -0.0023066
 0.0069476 -0.0010287
 0.0062972  0.0003247
 0.0056439  0.0013741
 0.0047363  0.0027998
 0.0039429  0.0038460
 0.0035294  0.0046975
 0.0029972  0.0055111
 0.0023612  0.0056322
 0.0021836  0.0056408
 0.0015315  0.0058334
 0.0014366  0.0059109
 0.0002121  0.0057146
-0.0003871  0.0059936
-0.0012176  0.0055095
-0.0019715  0.0055280
-0.0023760  0.0052628
-0.0030495  0.0046952
-0.0034116  0.0045135
-0.0042082  0.0046747
-0.0043370  0.0043235
-0.0048670  0.0042593
-0.0055897  0.0042101
-0.0058921  0.0036627
-0.0060064  0.0032279
-0.0063310  0.0025637
-0.0067533  0.0019670
-0.0069426  0.0011817
-0.0071905  0.0001582
-0.0067774 -0.0008568
-0.0062166 -0.0010692
-0.0057858 -0.0012965
-0.0049173 -0.0014104
-0.0041982 -0.0005080
-0.0038881 -0.0000530
-0.0039199  0.0002490
-0.0044932  0.0007189
-0.0045348  0.0007286
-0.0052042  0.0002795
-0.0052891  0.0003869
-0.0054449  0.0003453
-0.0055649  0.0004167
-0.0050727  0.0008762
-0.0047437  0.0009731
-0.0041626  0.0014330
-0.0032477  0.0019130
-0.0027873  0.0017027
-0.0022943  0.0013422
-0.0025094  0.0013829
-0.0027419  0.0008908
-0.0033834  0.0004213
-0.0043551 -0.0000329
-0.0054041 -0.0011622
-0.0061885 -0.0024118
-0.0063601 -0.0040115
-0.0061704 -0.0056689
-0.0054020 -0.0071927
-0.0043183 -0.0088711
-0.0031091 -0.0093387
-0.0014994 -0.0094186
-0.0006947 -0.0093048
-0.0001061 -0.0085118
 0.0001156 -0.0077378
 0.0007050 -0.0074967
 0.0007768 -0.0072758
 0.0012512 -0.0072491
 0.0021108 -0.0070751
 0.0025537 -0.0076169
 0.0036805 -0.0076605
 0.0042308 -0.0082493
 0.0050859 -0.0080268
 0.0058615 -0.0083063
 0.0060600 -0.0079284
 0.0062582 -0.0073567
 0.0060930 -0.0065719
 0.0063711 -0.0054720
 0.0058018 -0.0045648
 0.0055652 -0.0036535
 0.0055575 -0.0023949
 0.0047075 -0.0012171
 0.0046639 -0.0004839
 0.0036230 -0.0000018
 0.0025660  0.0000910
 0.0015053  0.0001992
 0.0005824 -0.0004973
-0.0002712 -0.0010194
-0.0008543 -0.0018632
-0.0016521 -0.0027256
-0.0017761 -0.0032387
-0.0026446 -0.0040228
-0.0030467 -0.0049034
-0.0033524 -0.0055316
-0.0034432 -0.0059143
-0.0035510 -0.0067682
-0.0036628 -0.0066515
-0.0039264 -0.0071885
-0.0041945 -0.0074154
-0.0045990 -0.0070355
-0.0050048 -0.0066201
-0.0054902 -0.0066988
-0.0056476 -0.0062067
-0.0055338 -0.0059596
-0.0048216 -0.0058623
-0.0041210 -0.0049841
-0.0036118 -0.0045840
-0.0029036 -0.0034548
-0.0024122 -0.0022892
-0.0027238 -0.0010646
-0.0033100 -0.0000662
-0.0038005  0.0004280
-0.0039107  0.0001393
-0.0037589 -0.0007627
-0.0032187 -0.0017850
-0.0025472 -0.0027479
-0.0018411 -0.0034840
-0.0013300 -0.0042762
-0.0012222 -0.0046460
-0.0013680 -0.0044950
-0.0013927 -0.0044381
-0.0018582 -0.0042580
-0.0022632 -0.0040597
-0.0030501 -0.0039979
-0.0036404 -0.0039151
-0.0039989 -0.0038162
-0.0037630 -0.0037807
-0.0034174 -0.0034763
-0.0022672 -0.0036729
-0.0014362 -0.0034065
 0.0001707 -0.0031759
 0.0010585 -0.0024500
 0.0024591 -0.0020895
 0.0033744 -0.0018214
 0.0049789 -0.0008702
 0.0060653 -0.0006433
 0.0076051  0.0003317
 0.0081142  0.0012296
 0.0085708  0.0017662
 0.0086847  0.0024546
 0.0085123  0.0028571
 0.0083209  0.0030097
 0.0084203  0.0027853
 0.0086339  0.0031103
 0.0089984  0.0031741
 0.0091914  0.0036037
 0.0089234  0.0039922
 0.0088325  0.0048562
 0.0082431  0.0056657
 0.0072132  0.0066016
 0.0066794  0.0075391
 0.0059321  0.0084951
 0.0054585  0.0092041
 0.0050972  0.0094395
 0.0051808  0.0090818
 0.0050516  0.0089353
 0.0056875  0.0084682
 0.0055935  0.0083415
 0.0054817  0.0082870
 0.0058087  0.0076172
 0.0054227  0.0074763
 0.0051695  0.0071843
 0.0047448  0.0066009
 0.0040414  0.0065762
 0.0030183  0.0064067
 0.0018990  0.0068133
 0.0003615  0.0072413
-0.0007657  0.0069025
-0.0017775  0.0068226
-0.0021150  0.0069381
-0.0021848  0.0066231
-0.0020059  0.0068443
-0.0020479  0.0069311
-0.0022792  0.0070174
-0.0029947  0.0075165
-0.0034045  0.0083587
-0.0035838  0.0084402
-0.0038701  0.0085267
-0.0040066  0.0083232
-0.0040070  0.0076046
-0.0041600  0.0066389
-0.0044442  0.0059756
-0.0044773  0.0051629
-0.0044696  0.0044253
-0.0046104  0.0039150
-0.0047153  0.0040754
-0.0046297  0.0039236
-0.0044331  0.0039260
-0.0039316  0.0038497
-0.0035775  0.0032340
-0.0024627  0.0022125
-0.0018397  0.0010618
-0.0009110 -0.0004455
-0.0006385 -0.0014315
-0.0000413 -0.0025301
 0.0000927 -0.0032670
 0.0006446 -0.0038867
 0.0009664 -0.0039469
 0.0012123 -0.0043135
 0.0017468 -0.0040656
 0.0021271 -0.0036231
 0.0018182 -0.0036643
 0.0016967 -0.0032630
 0.0015239 -0.0033987
 0.0013821 -0.0034011
 0.0009965 -0.0036692
 0.0011104 -0.0034633
 0.0008964 -0.0028949
 0.0007397 -0.0018649
 0.0001966 -0.0007365
-0.0004397  0.0006584
-0.0013990  0.0013884
-0.0024515  0.0020425
-0.0037249  0.0018083
-0.0046724  0.0011906
-0.0053111  0.0006487
-0.0055501 -0.0004952
-0.0051055 -0.0011561
-0.0044022 -0.0010516
-0.0034276 -0.0010844
-0.0024074 -0.0007994
-0.0015184 -0.0004933
-0.0010101 -0.0004703
-0.0001389 -0.0009281
 0.0001998 -0.0010363
 0.0004416 -0.0011671
 0.0005744 -0.0010839
 0.0005349 -0.0010621
 0.0002490 -0.0010790
-0.0001890 -0.0010956
-0.0004769 -0.0018211
-0.0003768 -0.0022526
-0.0000477 -0.0021113
 0.0009334 -0.0014895
 0.0019525 -0.0009424
 0.0028795 -0.0000178
 0.0033063  0.0012908
 0.0038296  0.0027524
 0.0033346  0.0041199
 0.0021109  0.0048652
 0.0002916  0.0048172
-0.0014893  0.0043473
-0.0039586  0.0036646
-0.0051815  0.0030033
-0.0060790  0.0027034
-0.0068776  0.0022463
-0.0073148  0.0018269
-0.0074057  0.0019262
-0.0076164  0.0018342
-0.0080016  0.0017595
-0.0085576  0.0015528
-0.0090558  0.0017450
-0.0094018  0.0018786
-0.0096125  0.0022795
-0.0097074  0.0028520
-0.0096315  0.0031915
-0.0101326  0.0035133
-0.0102901  0.0034535
-0.0102529  0.0032626
-0.0101774  0.0028766
-0.0104669  0.0022572
-0.0100474  0.0017747
-0.0098734  0.0012502
-0.0092581  0.0011060
-0.0088737  0.0012784
-0.0084692  0.0014327
-0.0081236  0.0018611
-0.0079310  0.0018651
-0.0079734  0.0024062
-0.0081862  0.0021026
-0.0085140  0.0019112
-0.0081729  0.0017190
-0.0077514  0.0012781
-0.0074247  0.0010645
-0.0065591  0.0006014
-0.0059430  0.0005009
-0.0055743  0.0004168
-0.0050555 -0.0002393
-0.0045758 -0.0004323
-0.0043267 -0.0010859
-0.0045383 -0.0019657
-0.0043279 -0.0027251
-0.0042908 -0.0034696
-0.0044652 -0.0042892
-0.0044830 -0.0052860
-0.0045803 -0.0056002
-0.0042791 -0.0063972
-0.0042461 -0.0066524
-0.0038541 -0.0067393
-0.0040144 -0.0067058
-0.0036753 -0.0071495
-0.0036826 -0.0069218
-0.0038235 -0.0071169
-0.0037145 -0.0072917
-0.0039536 -0.0071492
-0.0036961 -0.0074024
-0.0036909 -0.0077452
-0.0036821 -0.0075332
-0.0036510 -0.0070527
-0.0036785 -0.0060551
-0.0031633 -0.0053271
-0.0028759 -0.0039948
-0.0022069 -0.0024093
-0.0016719 -0.0011480
-0.0011737 -0.0001924
-0.0007130  0.0007265
-0.0003452  0.0016265
-0.0002168  0.0024162
-0.0002956  0.0036138
-0.0002798  0.0044984
-0.0004183  0.0051012
-0.0007635  0.0056806
-0.0011673  0.0058127
-0.0010272  0.0051400
-0.0010990  0.0046955
-0.0008664  0.0040014
-0.0007065  0.0026173
-0.0003981  0.0014893
-0.0003573  0.0007456
-0.0005078 -0.0002031
-0.0007327 -0.0006508
-0.0017416 -0.0006988
-0.0020396 -0.0002966
-0.0026451  0.0004056
-0.0031340  0.0011437
-0.0027040  0.0017506
-0.0022538  0.0022743
-0.0018423  0.0023320
-0.0019009  0.0021390
-0.0015169  0.0016218
-0.0020745  0.0013711
-0.0026159  0.0005636
-0.0028489  0.0004303
-0.0033479  0.0000245
-0.0037480 -0.0003259
-0.0032066 -0.0009251
-0.0028226 -0.0015082
-0.0020567 -0.0017860
-0.0009868 -0.0015640
-0.0007062 -0.0013407
-0.0008472 -0.0010618
-0.0010491 -0.0006790
-0.0017613 -0.0008514
-0.0022620 -0.0010032
-0.0020096 -0.0017304
-0.0015990 -0.0025581
-0.0010724 -0.0031710
-0.0005629 -0.0031173
-0.0002293 -0.0022561
-0.0005297 -0.0013743
-0.0007695 -0.0003985
-0.0014332  0.0001950
-0.0020161  0.0006000
-0.0026391  0.0002083
-0.0037000 -0.0005055
-0.0044009 -0.0011685
-0.0046233 -0.0020270
-0.0049055 -0.0025406
-0.0050077 -0.0027022
-0.0053178 -0.0029775
-0.0055157 -0.0030583
-0.0055040 -0.0031581
-0.0053777 -0.0028528
-0.0048108 -0.0032352
-0.0042650 -0.0030769
-0.0030655 -0.0026303
-0.0024757 -0.0022790
-0.0013484 -0.0017182
-0.0002014 -0.0016019
 0.0006379 -0.0011986
 0.0014200 -0.0011598
 0.0021641 -0.0012555
 0.0030732 -0.0005045
 0.0033534 -0.0001399
 0.0035718  0.0006833
 0.0036908  0.0012017
 0.0034089  0.0014868
 0.0034133  0.0020464
 0.0033987  0.0028196
 0.0037919  0.0035387
 0.0042114  0.0044516
 0.0040390  0.0060715
 0.0037374  0.0067882
 0.0032295  0.0077144
 0.0030657  0.0085409
 0.0027302  0.0087327
 0.0024868  0.0084533
 0.0025555  0.0079418
 0.0028312  0.0071828
 0.0026662  0.0065397
