[PARAMETERS]
DW=1E-007
TAU=9.5E-005
TD=4096
BS=4096
NS=512
NSC=512
FR=56.120000
GAIN=4.974204
D0=0.05
D1=4.5E-006
D2=1E-005
D3=2.5E-005
D4=1E-005
D5=5E-005
D6=0.001
D7=0.001
D8=0.001
D9=0.05
C0=1
SEGTD=0
SEGOFF=0
SEGNUM=0
[ADDITIONAL]
PPFILE=ZG_TWO_T2.PC
DATEWR=27.09.2024
TIMEWR=09:05:30
DATESTA=27.09.2024
TIMESTA=09:04:44
DATEEND=27.09.2024
TIMEEND=09:05:30
CURR_Z0=0
CURR_Z1=1
TE=-1
[VARIABLES]
_USER=Measurements
_EMAIL_F=7NMR.NMR-270-ijs.si
_ITC_H=1
_ITC_R0= 35.00
_ITC_R1= 35.00
_ITC_R2= 53.10
_ITC_R3=  0.00
_ITC_R4=  0.00
_ITC_V=  2.45
_ITC_X=X0A1C1S00H1
_FW=100
_ORIENT=?
_THETA=0
_TITLE=?
_DESCR1=?
_DESCR2=?
_FR_LARM=56.12000000
_FR_SYNT=526.12000000
_TRIMLEV=1.85546875
_DATE=27.09.2024
_TIME=08:56:12
[PPFILE]
; pi/2 - pi


DELAY D9
PULSE [GT] 3u
PULSE [PHL1,GT] D1
DELAY TAU-3u
PULSE [GT] 3u
PULSE [PHL2,GT] 2*D1
DELAY TAU-D3
PULSE [TR] 1u+DW
DELAY 1m
STOP

;PHL 1 [+X] [+X] [+Y] [+Y] [-X] [-X] [-Y] [-Y]
;PHL 2 [+Y] [-Y] [-X] [+X] [-Y] [+Y] [+X] [-X]
;!RLS +X+X+Y+Y-X-X-Y-Y

PHL 1 [+X] [+X] [-X] [-X] [+Y] [+Y] [-Y] [-Y] [+X] [+X] [-X] [-X] [+Y] [+Y] [-Y] [-Y]
PHL 2 [+Y] [-Y] [-Y] [+Y] [-X] [+X] [+X] [-X] [+X] [-X] [-X] [+X] [-Y] [+Y] [+Y] [-Y]
!RLS +X+X-X-X+Y+Y-Y-Y-X-X+X+X-Y-Y+Y+Y
[DATA]
 0.0021704  0.0015996
 0.0020003  0.0022883
 0.0018818  0.0029600
 0.0017741  0.0033498
 0.0018421  0.0039212
 0.0018648  0.0043896
 0.0018406  0.0047040
 0.0018275  0.0051563
 0.0018169  0.0055960
 0.0017943  0.0059461
 0.0017101  0.0061572
 0.0014533  0.0062816
 0.0010565  0.0061765
 0.0005124  0.0059266
 0.0002006  0.0056689
 0.0000157  0.0052277
-0.0002767  0.0049104
-0.0003757  0.0047130
-0.0003547  0.0044400
-0.0004599  0.0041735
-0.0006385  0.0040317
-0.0008490  0.0039177
-0.0010836  0.0035598
-0.0013407  0.0030944
-0.0015513  0.0024291
-0.0017011  0.0018421
-0.0019730  0.0013203
-0.0019249  0.0008231
-0.0019216  0.0004671
-0.0018682  0.0004142
-0.0017306  0.0002976
-0.0014527  0.0003799
-0.0013154  0.0003049
-0.0010058  0.0001069
-0.0010328 -0.0005051
-0.0007931 -0.0009403
-0.0006835 -0.0016684
-0.0006059 -0.0021587
-0.0004471 -0.0023723
-0.0005632 -0.0025935
-0.0006546 -0.0027332
-0.0006504 -0.0027677
-0.0007162 -0.0030164
-0.0005825 -0.0029949
-0.0006378 -0.0031834
-0.0005292 -0.0033607
-0.0002244 -0.0033646
 0.0002882 -0.0034441
 0.0007129 -0.0035183
 0.0013138 -0.0035807
 0.0020519 -0.0037229
 0.0026916 -0.0038228
 0.0035892 -0.0038005
 0.0042731 -0.0038707
 0.0051400 -0.0037957
 0.0055938 -0.0033975
 0.0058171 -0.0030334
 0.0059665 -0.0021769
 0.0059482 -0.0014206
 0.0057063 -0.0007431
 0.0055643 -0.0001739
 0.0055188  0.0001695
 0.0053257  0.0003550
 0.0053310  0.0003461
 0.0053645  0.0002793
 0.0054164  0.0003510
 0.0054609  0.0004751
 0.0053050  0.0007920
 0.0050132  0.0011093
 0.0046635  0.0017391
 0.0040844  0.0022553
 0.0032569  0.0027241
 0.0024876  0.0031033
 0.0017320  0.0033293
 0.0011242  0.0034582
 0.0008203  0.0035448
 0.0005112  0.0037092
 0.0002703  0.0042216
 0.0000580  0.0046551
-0.0000825  0.0050824
-0.0002625  0.0056669
-0.0003607  0.0061972
-0.0004668  0.0064718
-0.0003707  0.0066693
-0.0001641  0.0066533
-0.0001210  0.0062621
-0.0001714  0.0061666
-0.0001466  0.0055611
-0.0003089  0.0053260
-0.0006491  0.0051060
-0.0012082  0.0051156
-0.0016087  0.0049892
-0.0021720  0.0051325
-0.0027026  0.0051504
-0.0033673  0.0048181
-0.0038723  0.0043405
-0.0039354  0.0036951
-0.0042266  0.0026929
-0.0041072  0.0019381
-0.0039774  0.0013743
-0.0037381  0.0007089
-0.0034400  0.0004437
-0.0033575  0.0004362
-0.0033873  0.0002684
-0.0033345  0.0001138
-0.0035840  0.0000669
-0.0038602 -0.0001630
-0.0039859 -0.0004707
-0.0039809 -0.0010450
-0.0038980 -0.0011454
-0.0037300 -0.0013708
-0.0035488 -0.0017398
-0.0033252 -0.0020773
-0.0030554 -0.0024125
-0.0028660 -0.0027257
-0.0027685 -0.0029550
-0.0025236 -0.0031417
-0.0023061 -0.0030104
-0.0020675 -0.0028445
-0.0016635 -0.0024757
-0.0015267 -0.0022225
-0.0012508 -0.0020199
-0.0007837 -0.0019039
-0.0005987 -0.0019035
-0.0003806 -0.0015723
 0.0000758 -0.0014105
-0.0000289 -0.0011487
-0.0001088 -0.0007831
-0.0000830 -0.0005905
-0.0000825 -0.0006740
-0.0000147 -0.0008155
 0.0001439 -0.0010264
 0.0004155 -0.0011974
 0.0007908 -0.0011790
 0.0009420 -0.0012320
 0.0015849 -0.0009777
 0.0018502 -0.0007954
 0.0022492 -0.0005384
 0.0024919 -0.0001533
 0.0028518 -0.0001285
 0.0031198  0.0000697
 0.0032982  0.0004521
 0.0036336  0.0007209
 0.0038580  0.0010161
 0.0042654  0.0011341
 0.0046508  0.0011971
 0.0049257  0.0012157
 0.0052248  0.0012782
 0.0053362  0.0013123
 0.0052946  0.0014152
 0.0052717  0.0018050
 0.0049697  0.0021849
 0.0045662  0.0027119
 0.0043760  0.0030391
 0.0039502  0.0033280
 0.0034694  0.0034967
 0.0030191  0.0036265
 0.0024494  0.0037628
 0.0019780  0.0037232
 0.0015253  0.0037052
 0.0011347  0.0036405
 0.0008412  0.0035792
 0.0005987  0.0034435
 0.0002448  0.0034188
-0.0000304  0.0032590
-0.0004135  0.0030049
-0.0006249  0.0024878
-0.0008648  0.0021487
-0.0008481  0.0018255
-0.0006466  0.0014925
-0.0005936  0.0014507
-0.0005227  0.0015919
-0.0005599  0.0018453
-0.0009862  0.0022789
-0.0012466  0.0026493
-0.0018247  0.0027883
-0.0023699  0.0028635
-0.0027340  0.0025745
-0.0030726  0.0022096
-0.0032028  0.0019442
-0.0030853  0.0017033
-0.0027860  0.0014420
-0.0025922  0.0018535
-0.0022451  0.0019715
-0.0021592  0.0022688
-0.0022035  0.0025806
-0.0023816  0.0025406
-0.0026627  0.0022884
-0.0029836  0.0020362
-0.0033853  0.0015323
-0.0035340  0.0011425
-0.0036327  0.0009079
-0.0037152  0.0005155
-0.0036806  0.0004069
-0.0036738  0.0004453
-0.0034481  0.0002804
-0.0033449  0.0002174
-0.0029503  0.0001319
-0.0026790  0.0001238
-0.0023835 -0.0002707
-0.0020495 -0.0005353
-0.0017392 -0.0007222
-0.0015883 -0.0009578
-0.0008769 -0.0010400
-0.0004552 -0.0009469
-0.0000452 -0.0005684
 0.0007124 -0.0002845
 0.0009461 -0.0000219
 0.0012766  0.0001614
 0.0016366  0.0002411
 0.0019357  0.0003697
 0.0019010  0.0006032
 0.0022342  0.0006588
 0.0020775  0.0009484
 0.0021236  0.0012788
 0.0021791  0.0013818
 0.0020393  0.0015997
 0.0022994  0.0017708
 0.0027395  0.0018396
 0.0030124  0.0017907
 0.0033561  0.0017349
 0.0035745  0.0015630
 0.0037610  0.0013975
 0.0038682  0.0017211
 0.0037122  0.0017053
 0.0035713  0.0020982
 0.0033269  0.0024432
 0.0034362  0.0025714
 0.0036872  0.0027892
 0.0041964  0.0028952
 0.0047858  0.0026796
 0.0055253  0.0025239
 0.0061972  0.0022879
 0.0068096  0.0019895
 0.0072560  0.0017747
 0.0074431  0.0017961
 0.0074463  0.0018033
 0.0073584  0.0019820
 0.0072730  0.0019849
 0.0071277  0.0023160
 0.0067978  0.0027365
 0.0065944  0.0033651
 0.0061914  0.0039206
 0.0055537  0.0042963
 0.0048329  0.0044370
 0.0039628  0.0041942
 0.0030282  0.0036549
 0.0027111  0.0029295
 0.0026965  0.0018896
 0.0026361  0.0011644
 0.0026537  0.0007176
 0.0027926  0.0003047
 0.0026265 -0.0000004
 0.0024231  0.0002016
 0.0021380  0.0002979
 0.0018887  0.0006067
 0.0018647  0.0008350
 0.0015019  0.0007851
 0.0016750  0.0006481
 0.0016304  0.0005180
 0.0013806  0.0002796
 0.0013469  0.0001854
 0.0010520 -0.0000663
 0.0004566 -0.0000353
 0.0004123 -0.0001471
 0.0000735 -0.0003068
-0.0000350 -0.0002518
 0.0002942 -0.0002885
 0.0004772 -0.0004998
 0.0009303 -0.0006568
 0.0015226 -0.0007105
 0.0019907 -0.0010640
 0.0024092 -0.0009658
 0.0028909 -0.0011167
 0.0031189 -0.0010987
 0.0032056 -0.0010724
 0.0038401 -0.0011541
 0.0041243 -0.0013340
 0.0046227 -0.0014280
 0.0051708 -0.0013398
 0.0057938 -0.0012949
 0.0064494 -0.0013981
 0.0070645 -0.0013887
 0.0074957 -0.0013615
 0.0080414 -0.0013273
 0.0084627 -0.0016760
 0.0084022 -0.0017344
 0.0088369 -0.0022085
 0.0089923 -0.0024391
 0.0093561 -0.0028728
 0.0096643 -0.0032512
 0.0103929 -0.0035623
 0.0110200 -0.0037585
 0.0116541 -0.0038582
 0.0123564 -0.0038771
 0.0128295 -0.0037219
 0.0130559 -0.0032751
 0.0134787 -0.0031414
 0.0138765 -0.0030530
 0.0142275 -0.0029700
 0.0146735 -0.0030723
 0.0151685 -0.0030246
 0.0158317 -0.0031138
 0.0162929 -0.0033254
 0.0169370 -0.0035490
 0.0175386 -0.0036352
 0.0178601 -0.0039427
 0.0181151 -0.0042778
 0.0184011 -0.0044015
 0.0185440 -0.0047066
 0.0186395 -0.0049284
 0.0188983 -0.0050911
 0.0192175 -0.0054598
 0.0191238 -0.0055348
 0.0193566 -0.0056994
 0.0194308 -0.0059392
 0.0193984 -0.0057976
 0.0193905 -0.0058610
 0.0194611 -0.0060046
 0.0194812 -0.0057205
 0.0194895 -0.0057143
 0.0195574 -0.0054543
 0.0195929 -0.0051939
 0.0195902 -0.0049931
 0.0192909 -0.0047806
 0.0192087 -0.0043692
 0.0189920 -0.0040697
 0.0188047 -0.0036782
 0.0185521 -0.0029344
 0.0181864 -0.0026844
 0.0177677 -0.0024509
 0.0172338 -0.0022278
 0.0168861 -0.0023643
 0.0165295 -0.0021671
 0.0163883 -0.0020284
 0.0159362 -0.0018866
 0.0154197 -0.0019975
 0.0150631 -0.0018121
 0.0148380 -0.0019279
 0.0144474 -0.0020713
 0.0142423 -0.0024727
 0.0141418 -0.0028342
 0.0142706 -0.0032226
 0.0143904 -0.0034339
 0.0145376 -0.0037889
 0.0147482 -0.0036231
 0.0148430 -0.0034622
 0.0148756 -0.0033351
 0.0147213 -0.0030639
 0.0147738 -0.0028834
 0.0146190 -0.0028004
 0.0146005 -0.0026107
 0.0147903 -0.0027675
 0.0148843 -0.0027827
 0.0150128 -0.0027839
 0.0152717 -0.0029186
 0.0151306 -0.0028908
 0.0150674 -0.0030603
 0.0147755 -0.0033336
 0.0143821 -0.0036366
 0.0139812 -0.0036667
 0.0136362 -0.0036579
 0.0133143 -0.0039787
 0.0130395 -0.0041793
 0.0130236 -0.0047019
 0.0128644 -0.0048502
 0.0128843 -0.0052584
 0.0129210 -0.0057030
 0.0129640 -0.0059285
 0.0133890 -0.0062926
 0.0134074 -0.0064716
 0.0136486 -0.0067310
 0.0137823 -0.0068486
 0.0137816 -0.0069775
 0.0137253 -0.0068717
 0.0137852 -0.0068824
 0.0139630 -0.0066974
 0.0139169 -0.0065844
 0.0142100 -0.0064297
 0.0141138 -0.0061331
 0.0142025 -0.0055948
 0.0142312 -0.0052410
 0.0140932 -0.0049537
 0.0139301 -0.0045748
 0.0138528 -0.0043192
 0.0134110 -0.0038510
 0.0134198 -0.0031988
 0.0134510 -0.0027726
 0.0131250 -0.0022298
 0.0129724 -0.0016246
 0.0125577 -0.0012349
 0.0120336 -0.0009862
 0.0114735 -0.0007790
 0.0111029 -0.0007371
 0.0105060 -0.0006425
 0.0102120 -0.0004059
 0.0098756 -0.0002366
 0.0093843 -0.0000893
 0.0090173  0.0000218
 0.0084228  0.0000265
 0.0080247  0.0000931
 0.0076667  0.0001244
 0.0072655 -0.0000941
 0.0069790  0.0002061
 0.0068766  0.0001047
 0.0065406 -0.0001036
 0.0061203 -0.0002483
 0.0059230 -0.0000950
 0.0054739 -0.0004029
 0.0049163 -0.0001116
 0.0043126 -0.0000869
 0.0033749  0.0000618
 0.0026822  0.0002564
 0.0018895  0.0004871
 0.0008795  0.0007775
 0.0001745  0.0011828
-0.0005537  0.0013490
-0.0012142  0.0014332
-0.0017625  0.0017488
-0.0020753  0.0016141
-0.0024462  0.0016901
-0.0026723  0.0017103
-0.0031188  0.0016919
-0.0033565  0.0014983
-0.0036358  0.0013748
-0.0037617  0.0010876
-0.0038087  0.0010703
-0.0038393  0.0009269
-0.0039252  0.0006456
-0.0041247  0.0005806
-0.0043649  0.0003722
-0.0048637 -0.0003485
-0.0052842 -0.0007641
-0.0058655 -0.0013823
-0.0059336 -0.0018108
-0.0059452 -0.0023453
-0.0054577 -0.0026034
-0.0049647 -0.0025616
-0.0044193 -0.0023005
-0.0038149 -0.0020287
-0.0032252 -0.0018367
-0.0028472 -0.0014984
-0.0024126 -0.0014496
-0.0019801 -0.0015697
-0.0017816 -0.0014831
-0.0017244 -0.0014988
-0.0015972 -0.0014657
-0.0016951 -0.0015221
-0.0018602 -0.0016917
-0.0019334 -0.0023252
-0.0019940 -0.0025728
-0.0018855 -0.0030730
-0.0014382 -0.0036016
-0.0012718 -0.0038381
-0.0008489 -0.0041311
-0.0005823 -0.0042155
-0.0001725 -0.0043624
 0.0001549 -0.0043440
 0.0003910 -0.0043107
 0.0005596 -0.0041680
 0.0008369 -0.0040654
 0.0010115 -0.0037610
 0.0011049 -0.0030466
 0.0011037 -0.0025869
 0.0012864 -0.0017423
 0.0011586 -0.0007662
 0.0011875 -0.0000089
 0.0011505  0.0007977
 0.0012536  0.0014228
 0.0012533  0.0016451
 0.0013526  0.0020284
 0.0016148  0.0022937
 0.0017093  0.0023505
 0.0018710  0.0025304
 0.0017704  0.0026808
 0.0018887  0.0027738
 0.0019495  0.0027318
 0.0018786  0.0027159
 0.0017853  0.0026727
 0.0017927  0.0027522
 0.0017285  0.0026113
 0.0015976  0.0025253
 0.0016813  0.0027276
 0.0017248  0.0029011
 0.0015620  0.0030490
 0.0015652  0.0036059
 0.0014444  0.0039519
 0.0011118  0.0041867
 0.0010430  0.0041498
 0.0008035  0.0040873
 0.0008737  0.0039939
 0.0010651  0.0037944
 0.0012924  0.0038216
 0.0013210  0.0039243
 0.0011919  0.0042042
 0.0011026  0.0046274
 0.0007582  0.0048267
 0.0004087  0.0051972
-0.0001190  0.0053370
-0.0005202  0.0054977
-0.0008895  0.0058387
-0.0012574  0.0058401
-0.0013467  0.0059613
-0.0015582  0.0057944
-0.0020304  0.0054035
-0.0024451  0.0050086
-0.0027112  0.0045849
-0.0033568  0.0039971
-0.0038013  0.0036901
-0.0039301  0.0032603
-0.0040226  0.0029864
-0.0040304  0.0027805
-0.0037513  0.0027904
-0.0035669  0.0026699
-0.0035834  0.0025699
-0.0038461  0.0024008
-0.0041189  0.0021692
-0.0044257  0.0019436
-0.0046687  0.0016787
-0.0048101  0.0013365
-0.0048685  0.0011251
-0.0046548  0.0009286
-0.0043597  0.0006556
-0.0037835  0.0005087
-0.0029107  0.0004189
-0.0024207  0.0002717
-0.0016068  0.0003428
-0.0007184  0.0003550
-0.0004115  0.0005756
-0.0000419  0.0005746
-0.0000083  0.0006409
-0.0002153  0.0009531
-0.0004234  0.0008967
-0.0007692  0.0005955
-0.0009723  0.0007370
-0.0009843  0.0005469
-0.0009109  0.0003728
-0.0005492  0.0004012
-0.0002611  0.0001106
 0.0002074  0.0000395
 0.0005368 -0.0000476
 0.0008143 -0.0002508
 0.0008964 -0.0003727
 0.0011392 -0.0005880
 0.0010394 -0.0008938
 0.0009883 -0.0009296
 0.0012016 -0.0010369
 0.0011280 -0.0009720
 0.0013124 -0.0008298
 0.0015585 -0.0006417
 0.0017705 -0.0002649
 0.0023161  0.0001794
 0.0026511  0.0007754
 0.0028441  0.0014903
 0.0030863  0.0023098
 0.0031267  0.0031860
 0.0027540  0.0036977
 0.0024757  0.0043530
 0.0021069  0.0047687
 0.0019444  0.0048908
 0.0020016  0.0050886
 0.0020937  0.0049122
 0.0021905  0.0047533
 0.0022841  0.0045210
 0.0025248  0.0043609
 0.0024328  0.0042133
 0.0024092  0.0044431
 0.0022347  0.0044292
 0.0020604  0.0043984
 0.0019126  0.0045553
 0.0016745  0.0044523
 0.0013549  0.0045855
 0.0011235  0.0048169
 0.0007969  0.0046890
 0.0003495  0.0048160
-0.0000569  0.0049565
-0.0005331  0.0046856
-0.0009245  0.0044350
-0.0011047  0.0045600
-0.0014739  0.0046954
-0.0019201  0.0045845
-0.0020984  0.0046186
-0.0025560  0.0045370
-0.0030184  0.0041289
-0.0031070  0.0036036
-0.0033473  0.0029987
-0.0034639  0.0022397
-0.0032418  0.0016480
-0.0031230  0.0011165
-0.0030514  0.0010179
-0.0029770  0.0012991
-0.0030655  0.0014486
-0.0035172  0.0018748
-0.0036914  0.0020593
-0.0042998  0.0017819
-0.0047422  0.0014779
-0.0048201  0.0007618
-0.0049422 -0.0000803
-0.0048949 -0.0009561
-0.0045859 -0.0018009
-0.0041472 -0.0023260
-0.0036110 -0.0029097
-0.0030261 -0.0033995
-0.0026812 -0.0035924
-0.0021679 -0.0036745
-0.0014446 -0.0039559
-0.0012059 -0.0041402
-0.0007895 -0.0039809
-0.0002119 -0.0041072
-0.0000341 -0.0040423
 0.0005879 -0.0037720
 0.0011784 -0.0034284
 0.0017048 -0.0033467
 0.0023325 -0.0031644
 0.0029044 -0.0030675
 0.0032046 -0.0026787
 0.0032030 -0.0024618
 0.0034731 -0.0022216
 0.0033753 -0.0020236
 0.0034932 -0.0017298
 0.0037054 -0.0017563
 0.0038624 -0.0012691
 0.0039217 -0.0011363
 0.0038302 -0.0006653
 0.0036039 -0.0004054
 0.0032458 -0.0001226
 0.0029933  0.0002008
 0.0025605  0.0005246
 0.0021200  0.0009384
 0.0020243  0.0012389
 0.0019590  0.0016813
 0.0018566  0.0018737
 0.0019686  0.0021042
 0.0020214  0.0022478
 0.0023034  0.0023811
 0.0024817  0.0027796
 0.0026262  0.0029669
 0.0026066  0.0029988
 0.0026929  0.0030888
 0.0028577  0.0030987
 0.0029653  0.0028567
 0.0029594  0.0026962
 0.0033091  0.0024837
 0.0035915  0.0024224
 0.0038322  0.0025670
 0.0037654  0.0028630
 0.0039915  0.0032906
 0.0038418  0.0034784
 0.0036443  0.0036212
 0.0033465  0.0038195
 0.0031282  0.0036676
 0.0026725  0.0035878
 0.0023859  0.0034563
 0.0021045  0.0033526
 0.0019519  0.0031200
 0.0015107  0.0029089
 0.0014036  0.0028765
 0.0012350  0.0025779
 0.0009931  0.0023278
 0.0008951  0.0022666
 0.0008586  0.0018867
 0.0006147  0.0015222
 0.0004762  0.0012451
 0.0000114  0.0007846
-0.0004815  0.0004554
-0.0008895  0.0002895
-0.0015376  0.0000162
-0.0022348  0.0001898
-0.0025650  0.0003142
-0.0030248  0.0002361
-0.0030379  0.0003332
-0.0031558  0.0003986
-0.0031227  0.0002283
-0.0031338  0.0003756
-0.0032075 -0.0000147
-0.0032868 -0.0003307
-0.0033683 -0.0005987
-0.0032568 -0.0009014
-0.0033013 -0.0012321
-0.0031507 -0.0010993
-0.0031429 -0.0013225
-0.0032311 -0.0013359
-0.0031785 -0.0011683
-0.0031430 -0.0012843
-0.0031156 -0.0013964
-0.0029779 -0.0014235
-0.0026970 -0.0015453
-0.0023166 -0.0015606
-0.0017908 -0.0014118
-0.0010873 -0.0014354
-0.0005792 -0.0013471
-0.0001336 -0.0012267
 0.0001694 -0.0013133
 0.0004346 -0.0015704
 0.0006736 -0.0018285
 0.0006705 -0.0024134
 0.0007019 -0.0027270
 0.0006807 -0.0026578
 0.0007395 -0.0029161
 0.0009040 -0.0027061
 0.0011166 -0.0023967
 0.0013740 -0.0020709
 0.0015137 -0.0015955
 0.0019000 -0.0011113
 0.0019833 -0.0009186
 0.0019010 -0.0008438
 0.0019480 -0.0008948
 0.0021798 -0.0012029
 0.0023594 -0.0015836
 0.0023870 -0.0016910
 0.0024877 -0.0017618
 0.0024090 -0.0018610
 0.0023846 -0.0015964
 0.0022495 -0.0013400
 0.0022705 -0.0009602
 0.0023288 -0.0005304
 0.0025120 -0.0000186
 0.0026251  0.0005259
 0.0029996  0.0010338
 0.0031999  0.0012937
 0.0032009  0.0019857
 0.0032407  0.0023827
 0.0030648  0.0027700
 0.0028189  0.0031504
 0.0026360  0.0033466
 0.0025400  0.0035949
 0.0026792  0.0038041
 0.0028379  0.0039507
 0.0029387  0.0042458
 0.0031001  0.0042226
 0.0031851  0.0043733
 0.0033174  0.0045693
 0.0033314  0.0044675
 0.0032195  0.0045708
 0.0032260  0.0046988
 0.0030838  0.0047013
 0.0029573  0.0045383
 0.0028180  0.0046306
 0.0025949  0.0043405
 0.0022204  0.0041332
 0.0018647  0.0039129
 0.0015912  0.0036379
 0.0010934  0.0036080
 0.0007582  0.0035776
 0.0001139  0.0035936
-0.0004691  0.0036843
-0.0009423  0.0036168
-0.0013331  0.0033096
-0.0018011  0.0026400
-0.0018698  0.0018033
-0.0021392  0.0008537
-0.0023571  0.0000561
-0.0025676 -0.0008082
-0.0027651 -0.0012878
-0.0030867 -0.0017490
-0.0030871 -0.0018681
-0.0029982 -0.0017805
-0.0026291 -0.0014797
-0.0024311 -0.0012237
-0.0023291 -0.0009488
-0.0022905 -0.0008282
-0.0024638 -0.0006519
-0.0027893 -0.0008685
-0.0030165 -0.0010494
-0.0031673 -0.0010817
-0.0033005 -0.0014306
-0.0031517 -0.0014532
-0.0030410 -0.0013428
-0.0030920 -0.0016839
-0.0031639 -0.0015952
-0.0032191 -0.0018669
-0.0030235 -0.0023044
-0.0028345 -0.0028004
-0.0027703 -0.0031862
-0.0023486 -0.0036159
-0.0017279 -0.0040529
-0.0009394 -0.0044411
-0.0002642 -0.0046614
 0.0002768 -0.0046633
 0.0010731 -0.0049631
 0.0013452 -0.0049407
 0.0018191 -0.0049048
 0.0019588 -0.0051899
 0.0020965 -0.0051340
 0.0023165 -0.0051367
 0.0023732 -0.0051205
 0.0024888 -0.0048671
 0.0026681 -0.0047009
 0.0027733 -0.0045540
 0.0027776 -0.0042238
 0.0027727 -0.0039895
 0.0028306 -0.0036090
 0.0027266 -0.0028680
 0.0027272 -0.0024264
 0.0024119 -0.0019129
 0.0021293 -0.0013759
 0.0018643 -0.0011496
 0.0015576 -0.0007448
 0.0014585 -0.0004469
 0.0014626 -0.0002894
 0.0013508 -0.0000318
 0.0013886  0.0002461
 0.0015799  0.0005761
 0.0014407  0.0008075
 0.0016379  0.0009304
 0.0014873  0.0010306
 0.0011635  0.0011417
 0.0010013  0.0011427
 0.0007280  0.0013537
 0.0001856  0.0015842
-0.0002862  0.0020512
-0.0006946  0.0022447
-0.0013695  0.0024809
-0.0016848  0.0026509
-0.0019379  0.0026150
-0.0019561  0.0024785
-0.0019472  0.0021756
-0.0020044  0.0018442
-0.0019562  0.0018182
-0.0020455  0.0017145
-0.0021281  0.0018390
-0.0020341  0.0021294
-0.0024397  0.0023005
-0.0028917  0.0026405
-0.0034037  0.0024425
-0.0037945  0.0024618
-0.0041856  0.0023498
-0.0043198  0.0020047
-0.0044355  0.0020132
-0.0042093  0.0019214
-0.0041245  0.0018463
-0.0040182  0.0019675
-0.0038561  0.0018400
-0.0040144  0.0016741
-0.0040605  0.0014839
-0.0042848  0.0011694
-0.0043759  0.0010256
-0.0048166  0.0007537
-0.0048720  0.0004247
-0.0049768  0.0001824
-0.0049014 -0.0000827
-0.0047418 -0.0003690
-0.0046214 -0.0007419
-0.0043575 -0.0010309
-0.0043669 -0.0012694
-0.0044145 -0.0015493
-0.0044158 -0.0021461
-0.0042745 -0.0025813
-0.0043220 -0.0030190
-0.0038338 -0.0033521
-0.0033637 -0.0033845
-0.0030068 -0.0031617
-0.0025084 -0.0028013
-0.0021124 -0.0022916
-0.0020445 -0.0020139
-0.0021226 -0.0017037
-0.0022196 -0.0017969
-0.0025315 -0.0020942
-0.0027127 -0.0023411
-0.0027517 -0.0026660
-0.0030225 -0.0028677
-0.0029895 -0.0031600
-0.0027501 -0.0034479
-0.0025451 -0.0038113
-0.0022206 -0.0041372
-0.0015950 -0.0043092
-0.0008898 -0.0046413
-0.0003715 -0.0043709
 0.0001189 -0.0043024
 0.0004826 -0.0039349
 0.0006665 -0.0033798
 0.0008258 -0.0027164
 0.0005088 -0.0021802
 0.0002722 -0.0014327
 0.0001117 -0.0007830
-0.0003223 -0.0000184
-0.0005424  0.0007528
-0.0005916  0.0012170
-0.0006885  0.0018099
-0.0002344  0.0023213
 0.0000673  0.0024039
 0.0005238  0.0025693
 0.0010147  0.0027729
 0.0009587  0.0027168
 0.0009464  0.0028993
 0.0008132  0.0030920
 0.0004824  0.0032395
-0.0000504  0.0035389
-0.0003702  0.0040989
-0.0011364  0.0046023
-0.0014357  0.0046271
-0.0017093  0.0049214
-0.0018177  0.0053490
-0.0019516  0.0053044
-0.0020866  0.0056451
-0.0021953  0.0058065
-0.0023394  0.0058458
-0.0025057  0.0058007
-0.0026654  0.0055610
-0.0026154  0.0051082
-0.0023010  0.0045837
-0.0020225  0.0041471
-0.0017005  0.0036283
-0.0012249  0.0035701
-0.0008856  0.0034762
-0.0006933  0.0035520
-0.0005092  0.0038698
-0.0007237  0.0039648
-0.0009359  0.0042494
-0.0011730  0.0045575
-0.0013692  0.0043915
-0.0018366  0.0041968
-0.0020264  0.0039910
-0.0024602  0.0034971
-0.0027448  0.0029168
-0.0032855  0.0019764
-0.0035774  0.0011623
-0.0037752  0.0004035
-0.0036471 -0.0006921
-0.0034620 -0.0012992
-0.0029650 -0.0017654
-0.0026425 -0.0022562
-0.0020418 -0.0024215
-0.0013599 -0.0026485
-0.0007103 -0.0028854
-0.0002980 -0.0030445
 0.0001291 -0.0031891
 0.0003953 -0.0031641
 0.0005164 -0.0032635
 0.0005955 -0.0033874
 0.0006230 -0.0033763
 0.0006570 -0.0034480
 0.0007463 -0.0034053
 0.0008401 -0.0033017
 0.0010047 -0.0032372
 0.0013715 -0.0029637
 0.0016052 -0.0025406
 0.0019105 -0.0021461
 0.0021303 -0.0017407
 0.0025922 -0.0012158
 0.0029889 -0.0008372
 0.0032137 -0.0006290
 0.0032490 -0.0004579
 0.0034036 -0.0004737
 0.0027930 -0.0004760
 0.0023867 -0.0008685
 0.0020271 -0.0011518
 0.0018606 -0.0012664
 0.0017988 -0.0014133
 0.0017181 -0.0015672
 0.0017843 -0.0015191
 0.0019727 -0.0015189
 0.0021765 -0.0013218
 0.0026020 -0.0011899
 0.0030979 -0.0008981
 0.0035097 -0.0005020
 0.0037425 -0.0003637
 0.0038792 -0.0001217
 0.0038910 -0.0000309
 0.0037660 -0.0000474
 0.0036657  0.0000209
 0.0033116  0.0000394
 0.0032024 -0.0000458
 0.0028109  0.0000965
 0.0026755  0.0003387
 0.0024980  0.0006033
 0.0023658  0.0009543
 0.0022562  0.0015453
 0.0020381  0.0019909
 0.0019979  0.0026232
 0.0015725  0.0028293
 0.0013807  0.0032809
 0.0010899  0.0034582
 0.0006162  0.0035469
 0.0002705  0.0038693
-0.0003964  0.0040046
-0.0004774  0.0040464
-0.0006382  0.0037760
-0.0006324  0.0034934
-0.0004410  0.0032675
-0.0001580  0.0028559
 0.0001461  0.0027737
 0.0000300  0.0027205
-0.0005502  0.0026284
-0.0011331  0.0025764
-0.0017866  0.0022338
-0.0024575  0.0018132
-0.0028666  0.0013034
-0.0028328  0.0008502
-0.0028304  0.0004501
-0.0026653  0.0002195
-0.0022787 -0.0001442
-0.0021283 -0.0005397
-0.0020980 -0.0009138
-0.0020379 -0.0015369
-0.0022052 -0.0021620
-0.0021355 -0.0029351
-0.0021006 -0.0035776
-0.0019451 -0.0041664
-0.0018212 -0.0048196
-0.0014666 -0.0051131
-0.0011024 -0.0051889
-0.0010486 -0.0053706
-0.0008260 -0.0053310
-0.0006885 -0.0054181
-0.0003597 -0.0054716
-0.0003568 -0.0057195
-0.0005070 -0.0058633
-0.0005007 -0.0060830
-0.0006449 -0.0065960
-0.0006424 -0.0070699
-0.0004988 -0.0074349
-0.0004208 -0.0075822
-0.0001271 -0.0076929
 0.0002002 -0.0076542
 0.0003018 -0.0072765
 0.0005856 -0.0068766
 0.0010192 -0.0063036
 0.0014844 -0.0056981
 0.0019621 -0.0051248
 0.0025288 -0.0046001
 0.0028966 -0.0040539
 0.0031847 -0.0035293
 0.0032990 -0.0029911
 0.0033371 -0.0025901
 0.0033174 -0.0018288
 0.0032454 -0.0015464
 0.0029066 -0.0010181
 0.0025713 -0.0005391
 0.0024112 -0.0004261
 0.0022159 -0.0004281
 0.0021378 -0.0003903
 0.0021723 -0.0004872
 0.0023118 -0.0007299
 0.0025808 -0.0007636
 0.0027940 -0.0006601
 0.0029591 -0.0004346
 0.0030770 -0.0001768
 0.0031515  0.0002778
 0.0031442  0.0007890
 0.0031221  0.0011229
 0.0029355  0.0010900
 0.0029631  0.0014344
 0.0025846  0.0014525
 0.0024053  0.0013458
 0.0021071  0.0014224
 0.0018788  0.0013715
 0.0016822  0.0012643
 0.0016529  0.0013937
 0.0013581  0.0014452
 0.0011165  0.0013843
 0.0010752  0.0013448
 0.0008318  0.0012764
 0.0007713  0.0012982
 0.0008720  0.0014145
 0.0009612  0.0017065
 0.0012690  0.0020573
 0.0012762  0.0024861
 0.0012595  0.0030979
 0.0010190  0.0035357
 0.0006541  0.0038861
 0.0001095  0.0039644
-0.0004581  0.0037791
-0.0010575  0.0035157
-0.0014553  0.0030682
-0.0018313  0.0025986
-0.0019121  0.0020355
-0.0018656  0.0017133
-0.0017101  0.0015444
-0.0014873  0.0019696
-0.0013360  0.0020971
-0.0011638  0.0024339
-0.0010770  0.0027523
-0.0009895  0.0030960
-0.0009513  0.0029833
-0.0008249  0.0031286
-0.0005336  0.0031924
-0.0004520  0.0031076
-0.0002528  0.0032893
-0.0002977  0.0031801
-0.0004992  0.0033010
-0.0008551  0.0033052
-0.0011956  0.0030944
-0.0018173  0.0029492
-0.0021721  0.0027872
-0.0025619  0.0026105
-0.0027803  0.0022720
-0.0029852  0.0018694
-0.0030281  0.0012938
-0.0028607  0.0007253
-0.0025290 -0.0002973
-0.0023054 -0.0011141
-0.0018223 -0.0017819
-0.0014821 -0.0021009
-0.0011137 -0.0022248
-0.0008452 -0.0021825
-0.0006343 -0.0021932
-0.0001707 -0.0020076
 0.0002232 -0.0020053
 0.0005827 -0.0021946
 0.0010232 -0.0021377
 0.0014447 -0.0022004
 0.0016076 -0.0022945
 0.0018516 -0.0019855
 0.0018176 -0.0018545
 0.0017098 -0.0017228
 0.0018743 -0.0012499
 0.0019204 -0.0010644
 0.0019782 -0.0010324
 0.0020961 -0.0010162
 0.0024265 -0.0009394
 0.0025127 -0.0011482
 0.0027841 -0.0012475
 0.0029375 -0.0011570
 0.0026404 -0.0011282
 0.0025377 -0.0012695
 0.0024550 -0.0011377
 0.0019855 -0.0012579
 0.0016668 -0.0014347
 0.0013051 -0.0011898
 0.0012187 -0.0010981
 0.0012076 -0.0007623
 0.0012721 -0.0004174
 0.0013087 -0.0000239
 0.0011996  0.0003788
 0.0010766  0.0004792
 0.0009854  0.0008384
 0.0007362  0.0007785
 0.0006342  0.0008077
 0.0005278  0.0009234
 0.0004980  0.0012269
 0.0004029  0.0015864
 0.0005610  0.0020413
 0.0004424  0.0028200
 0.0004964  0.0032517
 0.0005519  0.0037571
 0.0008641  0.0041234
 0.0008621  0.0041775
 0.0010303  0.0042746
 0.0011287  0.0043150
 0.0010866  0.0041640
 0.0008997  0.0040030
 0.0005899  0.0036637
 0.0001333  0.0035884
-0.0001618  0.0037447
-0.0003544  0.0040372
-0.0006828  0.0042030
-0.0008284  0.0049377
-0.0009235  0.0053436
-0.0010682  0.0055755
-0.0013287  0.0059683
-0.0014359  0.0059382
-0.0019833  0.0061457
-0.0025950  0.0064029
-0.0030834  0.0065054
-0.0035939  0.0063694
-0.0036940  0.0062979
-0.0038115  0.0061493
-0.0037918  0.0057051
-0.0037098  0.0052283
-0.0036572  0.0044791
-0.0035205  0.0037109
-0.0035477  0.0028351
-0.0031922  0.0018112
-0.0028848  0.0009927
-0.0023339  0.0001768
-0.0017490 -0.0002976
-0.0012050 -0.0008159
-0.0009328 -0.0012824
-0.0008078 -0.0015967
-0.0009734 -0.0015626
-0.0013691 -0.0017908
-0.0021964 -0.0021114
-0.0027038 -0.0024137
-0.0029975 -0.0028786
-0.0031897 -0.0034396
-0.0029727 -0.0035956
-0.0024177 -0.0038491
-0.0018746 -0.0039475
-0.0014074 -0.0039226
-0.0010579 -0.0035678
-0.0006691 -0.0035009
-0.0004795 -0.0034283
-0.0003263 -0.0031396
-0.0000323 -0.0029681
 0.0002883 -0.0029471
 0.0003548 -0.0029005
 0.0005001 -0.0027224
 0.0007058 -0.0027610
 0.0007159 -0.0025881
 0.0006302 -0.0023968
 0.0005285 -0.0022893
 0.0004370 -0.0020183
 0.0003333 -0.0014466
 0.0003017 -0.0009272
 0.0002603 -0.0004895
 0.0005200 -0.0001237
 0.0006728  0.0001590
 0.0008471  0.0002502
 0.0010266  0.0003620
 0.0014312  0.0005907
 0.0016879  0.0006444
 0.0020037  0.0007866
 0.0023794  0.0009739
 0.0025929  0.0011923
 0.0027219  0.0012346
 0.0028170  0.0012187
 0.0029234  0.0012292
 0.0028813  0.0011679
 0.0030257  0.0011162
 0.0029007  0.0012530
 0.0025868  0.0011899
 0.0023212  0.0010326
 0.0017629  0.0010967
 0.0011191  0.0009536
 0.0006135  0.0005529
 0.0003039  0.0003477
 0.0000525  0.0001322
 0.0000877 -0.0001279
-0.0000141 -0.0004387
 0.0001289 -0.0005547
 0.0003154 -0.0006869
 0.0003442 -0.0006323
 0.0002788 -0.0006411
 0.0002218 -0.0006989
-0.0000280 -0.0005292
-0.0002573 -0.0002624
-0.0003549 -0.0002939
-0.0005593  0.0001625
-0.0007388  0.0002661
-0.0008321  0.0001582
-0.0008593  0.0002921
-0.0007251  0.0002206
-0.0006788  0.0000908
-0.0003810  0.0001064
-0.0004481  0.0000131
-0.0007614 -0.0000320
-0.0006908  0.0003636
-0.0007629  0.0002797
-0.0011973  0.0002994
-0.0011772  0.0002676
-0.0012765  0.0001396
-0.0015814 -0.0003631
-0.0014789 -0.0006995
-0.0017300 -0.0011195
-0.0016487 -0.0014145
-0.0015646 -0.0017272
-0.0013429 -0.0019391
-0.0013586 -0.0021123
-0.0011749 -0.0021274
-0.0008031 -0.0025248
-0.0007916 -0.0025448
-0.0005736 -0.0027861
-0.0004450 -0.0029386
-0.0004401 -0.0030954
-0.0002131 -0.0032134
-0.0001373 -0.0036264
 0.0001333 -0.0036574
 0.0004727 -0.0040918
 0.0008027 -0.0041930
 0.0011850 -0.0043209
 0.0013362 -0.0042913
 0.0014502 -0.0043965
 0.0012841 -0.0043271
 0.0011150 -0.0043035
 0.0011911 -0.0043215
 0.0013088 -0.0044073
 0.0013575 -0.0041323
 0.0016196 -0.0040918
 0.0017916 -0.0038849
 0.0018690 -0.0036864
 0.0019658 -0.0035893
 0.0018911 -0.0033927
 0.0018313 -0.0033073
 0.0017107 -0.0033091
 0.0015077 -0.0033782
 0.0015061 -0.0032997
 0.0015617 -0.0030121
 0.0018320 -0.0027594
 0.0020988 -0.0022236
 0.0025474 -0.0018868
 0.0028988 -0.0013204
 0.0031517 -0.0010106
 0.0030600 -0.0006298
 0.0031604 -0.0004486
 0.0031932 -0.0003897
 0.0029549 -0.0001291
 0.0030165 -0.0000796
 0.0029239 -0.0000493
 0.0029383  0.0002027
 0.0029130  0.0004845
 0.0029167  0.0006859
 0.0027571  0.0010541
 0.0026893  0.0016921
 0.0024888  0.0021354
 0.0019856  0.0026600
 0.0016980  0.0030373
 0.0010537  0.0034766
 0.0007171  0.0036385
 0.0002331  0.0038183
-0.0000371  0.0037566
-0.0002391  0.0038626
-0.0003142  0.0040612
-0.0003452  0.0042995
-0.0003385  0.0045280
-0.0006582  0.0049340
-0.0008722  0.0050235
-0.0010931  0.0048742
-0.0014667  0.0044710
-0.0019637  0.0039475
-0.0019886  0.0032996
-0.0021839  0.0029088
-0.0024694  0.0024399
-0.0026574  0.0020750
-0.0026432  0.0020916
-0.0028455  0.0020480
-0.0030518  0.0022216
-0.0033980  0.0026054
-0.0039220  0.0027850
-0.0043889  0.0029816
-0.0049707  0.0031350
-0.0055679  0.0030841
-0.0060678  0.0029159
-0.0065867  0.0024076
-0.0068821  0.0018337
-0.0069717  0.0013097
-0.0069891  0.0006701
-0.0068778  0.0001592
-0.0066610 -0.0003275
-0.0064160 -0.0006779
-0.0059042 -0.0010235
-0.0054591 -0.0015606
-0.0048571 -0.0019285
-0.0045275 -0.0024211
-0.0039842 -0.0028594
-0.0038199 -0.0033358
-0.0034422 -0.0034233
-0.0033314 -0.0035613
-0.0032556 -0.0033570
-0.0032879 -0.0029573
-0.0034673 -0.0028765
-0.0034047 -0.0026340
-0.0033434 -0.0026549
-0.0033119 -0.0027720
-0.0029532 -0.0029614
-0.0024266 -0.0029376
-0.0018616 -0.0031051
-0.0013071 -0.0033477
-0.0006274 -0.0033937
 0.0000185 -0.0037193
 0.0002338 -0.0037352
 0.0005106 -0.0036023
 0.0006135 -0.0037128
 0.0005586 -0.0033299
 0.0004419 -0.0031316
 0.0006404 -0.0029268
 0.0007734 -0.0024911
 0.0011029 -0.0021679
 0.0012590 -0.0020959
 0.0015651 -0.0019638
 0.0016674 -0.0017936
 0.0015656 -0.0017870
 0.0013752 -0.0014463
 0.0014427 -0.0011628
 0.0013041 -0.0008484
 0.0015012 -0.0002795
 0.0013069 -0.0001106
 0.0012392 -0.0001162
 0.0014934  0.0001290
 0.0015685  0.0000844
 0.0019310 -0.0000850
 0.0022881 -0.0000533
 0.0026429 -0.0000037
 0.0030409  0.0001384
 0.0033653  0.0003301
 0.0034968  0.0006675
 0.0035777  0.0010162
 0.0036020  0.0011927
 0.0035306  0.0014092
 0.0033151  0.0014290
 0.0029899  0.0012471
 0.0024439  0.0012145
 0.0023506  0.0009347
 0.0017205  0.0008473
 0.0011255  0.0007315
 0.0006874  0.0006639
 0.0002607  0.0004614
-0.0002739  0.0004036
-0.0006580  0.0000430
-0.0011646 -0.0000456
-0.0012687 -0.0003025
-0.0016169 -0.0005152
-0.0014681 -0.0004528
-0.0011396 -0.0005374
-0.0008770 -0.0006137
-0.0006645 -0.0006197
-0.0003716 -0.0007910
-0.0003604 -0.0009036
-0.0005038 -0.0010598
-0.0007154 -0.0013384
-0.0008177 -0.0016647
-0.0008859 -0.0017700
-0.0008674 -0.0015655
-0.0006776 -0.0013589
-0.0009324 -0.0010191
-0.0011112 -0.0007426
-0.0013167 -0.0003427
-0.0016478 -0.0003902
-0.0020229 -0.0004673
-0.0021711 -0.0006103
-0.0022298 -0.0011366
-0.0023187 -0.0012990
-0.0022511 -0.0015963
-0.0023093 -0.0020157
-0.0024260 -0.0022105
-0.0027916 -0.0024363
-0.0031308 -0.0027873
-0.0033271 -0.0030216
-0.0033660 -0.0032317
-0.0035417 -0.0035155
-0.0032396 -0.0034889
-0.0029513 -0.0035634
-0.0024521 -0.0036729
-0.0016080 -0.0036975
-0.0009675 -0.0040256
-0.0003222 -0.0041261
 0.0004544 -0.0042402
 0.0009721 -0.0042280
 0.0013138 -0.0042497
 0.0014727 -0.0039243
 0.0015462 -0.0036494
 0.0012326 -0.0033093
 0.0011340 -0.0030796
 0.0010313 -0.0028649
 0.0010220 -0.0023908
 0.0011811 -0.0018658
 0.0013855 -0.0014413
 0.0017232 -0.0010745
 0.0022833 -0.0008200
 0.0027815 -0.0005825
 0.0033379 -0.0004916
 0.0038807 -0.0003117
 0.0046921 -0.0001395
 0.0050082  0.0002152
 0.0055418  0.0004814
 0.0055818  0.0008101
 0.0060090  0.0010389
 0.0060699  0.0010813
 0.0058777  0.0011103
 0.0060306  0.0011581
 0.0060230  0.0013013
 0.0060861  0.0015520
 0.0058390  0.0016968
 0.0055900  0.0020152
 0.0054200  0.0021256
 0.0050461  0.0022934
 0.0048990  0.0025068
 0.0045328  0.0025279
 0.0044969  0.0028086
 0.0042775  0.0028477
 0.0040788  0.0028897
 0.0038490  0.0029709
 0.0035197  0.0030671
 0.0032832  0.0028962
 0.0033031  0.0028014
 0.0030368  0.0028288
 0.0029277  0.0026388
 0.0032182  0.0024547
 0.0031440  0.0024830
 0.0031197  0.0025232
 0.0028721  0.0026367
 0.0024731  0.0025375
 0.0020525  0.0024480
 0.0016256  0.0022887
 0.0010078  0.0019453
 0.0004380  0.0014926
 0.0000994  0.0014201
-0.0003504  0.0010968
-0.0010479  0.0011842
-0.0013064  0.0013942
-0.0018770  0.0014194
-0.0025588  0.0013750
-0.0029752  0.0012603
-0.0034027  0.0011328
-0.0037939  0.0008281
-0.0039427  0.0006387
-0.0039874  0.0003201
-0.0038868  0.0001950
-0.0037017 -0.0003122
-0.0035451 -0.0007638
-0.0030048 -0.0013184
-0.0025528 -0.0016710
-0.0021588 -0.0020633
-0.0018638 -0.0023437
-0.0014630 -0.0029092
-0.0011527 -0.0033654
-0.0008497 -0.0040100
-0.0002841 -0.0041810
-0.0001032 -0.0047037
 0.0001198 -0.0047831
 0.0002505 -0.0048760
-0.0000264 -0.0047758
-0.0001212 -0.0048448
-0.0003294 -0.0048311
-0.0005195 -0.0049323
-0.0003694 -0.0051034
-0.0001049 -0.0053819
 0.0002241 -0.0056559
 0.0009319 -0.0061019
 0.0014348 -0.0064888
 0.0019784 -0.0065800
 0.0024868 -0.0064921
 0.0026551 -0.0063347
 0.0027475 -0.0058093
 0.0026762 -0.0054318
 0.0027660 -0.0047419
 0.0028597 -0.0041716
 0.0029863 -0.0037945
 0.0031453 -0.0033289
 0.0033612 -0.0029592
 0.0035094 -0.0026179
 0.0035206 -0.0022700
 0.0036555 -0.0018014
 0.0035790 -0.0011482
 0.0036532 -0.0007954
 0.0037235 -0.0001179
 0.0036975  0.0001043
 0.0034952  0.0005997
 0.0034748  0.0010580
 0.0031901  0.0011231
 0.0032090  0.0014363
 0.0031385  0.0016252
 0.0032711  0.0017801
 0.0033034  0.0019885
 0.0033416  0.0021251
 0.0032561  0.0023945
 0.0031382  0.0024877
 0.0030599  0.0025900
 0.0029014  0.0025002
 0.0029029  0.0024476
 0.0027114  0.0022851
 0.0024968  0.0021513
 0.0025577  0.0021723
 0.0023348  0.0021618
 0.0019703  0.0022132
 0.0015835  0.0024368
 0.0014342  0.0024109
 0.0013007  0.0025107
 0.0011642  0.0025146
 0.0009401  0.0024681
 0.0006158  0.0024362
 0.0003040  0.0024435
-0.0000436  0.0024656
-0.0005662  0.0024378
-0.0007635  0.0022514
-0.0008652  0.0022161
-0.0009430  0.0017945
-0.0009380  0.0015606
-0.0012807  0.0014578
-0.0014749  0.0011988
-0.0015939  0.0008691
-0.0016642  0.0005916
-0.0017285  0.0003462
-0.0015472  0.0001232
-0.0013767  0.0000383
-0.0012516 -0.0001931
-0.0009940 -0.0005883
-0.0009951 -0.0006584
-0.0011468 -0.0009671
-0.0010139 -0.0011771
-0.0012972 -0.0015681
-0.0014058 -0.0018255
-0.0015438 -0.0021488
-0.0015232 -0.0023522
-0.0013858 -0.0025495
-0.0012552 -0.0026551
-0.0009994 -0.0028747
-0.0007220 -0.0031386
-0.0004658 -0.0033227
-0.0002604 -0.0037697
 0.0000311 -0.0039645
 0.0001603 -0.0044224
 0.0005560 -0.0049078
 0.0008655 -0.0053892
 0.0010204 -0.0059576
 0.0013055 -0.0066809
 0.0017785 -0.0071276
 0.0020326 -0.0074760
 0.0025457 -0.0076418
 0.0033057 -0.0073671
 0.0035533 -0.0068074
 0.0039500 -0.0060651
 0.0039541 -0.0050204
 0.0038796 -0.0042807
 0.0034947 -0.0034585
 0.0033439 -0.0029265
 0.0028390 -0.0023820
 0.0025793 -0.0020581
 0.0024770 -0.0019014
 0.0024384 -0.0015913
 0.0024472 -0.0014157
 0.0026272 -0.0009488
 0.0026366 -0.0002521
 0.0022822  0.0003404
 0.0020505  0.0006602
 0.0016501  0.0009680
 0.0011242  0.0007882
 0.0010447  0.0006433
 0.0010646  0.0005157
 0.0009311  0.0004958
 0.0007615  0.0006742
 0.0006316  0.0006549
 0.0001900  0.0009238
-0.0002010  0.0010425
-0.0004902  0.0008415
-0.0007228  0.0002883
-0.0003742 -0.0001882
-0.0001461 -0.0008375
 0.0005580 -0.0011998
 0.0013180 -0.0012661
 0.0016373 -0.0012515
 0.0019385 -0.0010310
 0.0018684 -0.0007599
 0.0013827 -0.0008075
 0.0008242 -0.0008145
 0.0002875 -0.0012573
-0.0003147 -0.0017467
-0.0005524 -0.0023351
-0.0005608 -0.0026539
-0.0007195 -0.0026419
-0.0007115 -0.0025965
-0.0010198 -0.0022958
-0.0012273 -0.0019081
-0.0016138 -0.0014905
-0.0020563 -0.0012791
-0.0025414 -0.0011116
-0.0029971 -0.0009665
-0.0034375 -0.0011643
-0.0037964 -0.0011996
-0.0042125 -0.0015663
-0.0043925 -0.0019480
-0.0045710 -0.0022187
-0.0044663 -0.0023952
-0.0043744 -0.0022816
-0.0042500 -0.0022965
-0.0041615 -0.0022791
-0.0041454 -0.0022690
-0.0041534 -0.0023904
-0.0039959 -0.0026509
-0.0034819 -0.0030261
-0.0029288 -0.0031276
-0.0023819 -0.0030720
-0.0018037 -0.0031216
-0.0011326 -0.0029277
-0.0006903 -0.0029328
-0.0004007 -0.0027963
-0.0001636 -0.0026268
-0.0000404 -0.0024187
 0.0002086 -0.0021553
 0.0004547 -0.0019471
 0.0007314 -0.0016432
 0.0010298 -0.0014094
 0.0014243 -0.0011928
 0.0016737 -0.0012701
 0.0019566 -0.0011877
 0.0021949 -0.0011334
 0.0024346 -0.0014636
 0.0025360 -0.0015622
 0.0025907 -0.0016094
 0.0026356 -0.0017146
 0.0025539 -0.0019089
 0.0025712 -0.0018331
 0.0027681 -0.0018818
 0.0029151 -0.0018135
 0.0031708 -0.0017992
 0.0031620 -0.0017152
 0.0032250 -0.0016962
 0.0031606 -0.0015082
 0.0029382 -0.0016167
 0.0027168 -0.0015144
 0.0025259 -0.0016031
 0.0024763 -0.0016181
 0.0023595 -0.0016258
 0.0021864 -0.0015140
 0.0024156 -0.0013288
 0.0025202 -0.0011339
 0.0026951 -0.0007403
 0.0029382 -0.0004210
 0.0031835  0.0001282
 0.0033205  0.0006480
 0.0034227  0.0009832
 0.0035127  0.0013798
 0.0035073  0.0017026
 0.0035367  0.0021032
 0.0036105  0.0023149
 0.0036051  0.0022745
 0.0037637  0.0022484
 0.0037590  0.0022147
 0.0038423  0.0023508
 0.0038298  0.0025196
 0.0036130  0.0025890
 0.0032574  0.0027463
 0.0027107  0.0028707
 0.0022440  0.0030076
 0.0017009  0.0029695
 0.0012527  0.0029829
 0.0010683  0.0029202
 0.0010219  0.0027855
 0.0012361  0.0027613
 0.0014703  0.0026149
 0.0018795  0.0027528
 0.0020377  0.0027409
 0.0021624  0.0027743
 0.0022192  0.0028978
 0.0024261  0.0028310
 0.0026179  0.0029622
 0.0024609  0.0031342
 0.0025721  0.0034301
 0.0021006  0.0037490
 0.0013552  0.0038839
 0.0005788  0.0038599
-0.0001449  0.0037679
-0.0008461  0.0033000
-0.0013404  0.0029367
-0.0017460  0.0024236
-0.0020507  0.0019992
-0.0020056  0.0017749
-0.0020753  0.0015728
-0.0018497  0.0015046
-0.0017876  0.0015235
-0.0017184  0.0015710
-0.0017482  0.0017757
-0.0019595  0.0017893
-0.0022273  0.0020608
-0.0025231  0.0020291
-0.0029871  0.0020568
-0.0034848  0.0017409
-0.0036219  0.0014717
-0.0036958  0.0008420
-0.0036599  0.0001943
-0.0032005 -0.0002448
-0.0027924 -0.0008196
-0.0023178 -0.0012405
-0.0015269 -0.0014179
-0.0010927 -0.0017721
-0.0007975 -0.0019997
-0.0004227 -0.0021223
-0.0002344 -0.0021447
-0.0000041 -0.0025117
 0.0000941 -0.0026012
 0.0002351 -0.0026945
 0.0003891 -0.0027547
 0.0004233 -0.0028053
 0.0004938 -0.0027521
 0.0007211 -0.0026789
 0.0008116 -0.0021854
 0.0010670 -0.0018761
 0.0012019 -0.0015486
 0.0013410 -0.0013613
 0.0012139 -0.0010516
 0.0012225 -0.0010974
 0.0010715 -0.0010894
 0.0011363 -0.0011065
 0.0011830 -0.0007720
 0.0009361 -0.0007401
 0.0011213 -0.0003769
 0.0010510 -0.0003157
 0.0010495 -0.0003464
 0.0012855 -0.0003709
 0.0017417 -0.0005493
 0.0022251 -0.0005450
 0.0029046 -0.0004943
 0.0033683 -0.0001865
 0.0036422  0.0002093
 0.0036923  0.0006589
 0.0036560  0.0011258
 0.0034349  0.0015313
 0.0034210  0.0017178
 0.0032931  0.0019677
 0.0031763  0.0021504
 0.0031051  0.0020389
 0.0032911  0.0019859
 0.0032108  0.0021422
 0.0033453  0.0020743
 0.0034646  0.0020943
 0.0033246  0.0023337
 0.0031855  0.0026043
 0.0030539  0.0027671
 0.0027036  0.0030359
 0.0022263  0.0031549
 0.0016280  0.0033070
 0.0011235  0.0033484
 0.0007007  0.0033453
 0.0004420  0.0033567
 0.0004083  0.0033200
 0.0003845  0.0034292
 0.0003656  0.0035275
 0.0001675  0.0035958
-0.0000008  0.0035968
-0.0003502  0.0036349
-0.0008990  0.0033545
-0.0012704  0.0032379
-0.0017276  0.0028613
-0.0022433  0.0023916
-0.0025353  0.0018933
-0.0025972  0.0013695
-0.0026024  0.0008872
-0.0029141  0.0003575
-0.0030327 -0.0002081
-0.0032664 -0.0005651
-0.0036414 -0.0010847
-0.0039256 -0.0013090
-0.0043645 -0.0014604
-0.0046804 -0.0015063
-0.0048058 -0.0016434
-0.0051640 -0.0017178
-0.0052606 -0.0018673
-0.0051124 -0.0023121
-0.0052852 -0.0027421
-0.0051065 -0.0032529
-0.0049960 -0.0038317
-0.0047562 -0.0042061
-0.0045887 -0.0043987
-0.0042432 -0.0046047
-0.0038690 -0.0044125
-0.0033080 -0.0041178
-0.0026487 -0.0040021
-0.0021264 -0.0036354
-0.0013325 -0.0036816
-0.0007576 -0.0037834
-0.0000231 -0.0039701
 0.0007471 -0.0040316
 0.0011381 -0.0041677
 0.0014363 -0.0041423
 0.0015754 -0.0039677
 0.0015083 -0.0038593
 0.0015232 -0.0035256
 0.0014425 -0.0030410
 0.0010938 -0.0029064
 0.0010643 -0.0026080
 0.0010160 -0.0023441
 0.0008505 -0.0021943
 0.0011576 -0.0021178
 0.0011319 -0.0018980
 0.0014388 -0.0017361
 0.0016869 -0.0015389
 0.0017125 -0.0014678
 0.0017654 -0.0014103
 0.0018673 -0.0011552
 0.0016923 -0.0007009
 0.0012951 -0.0003495
 0.0011218  0.0000788
 0.0010664  0.0006369
 0.0008931  0.0007273
 0.0010702  0.0011568
 0.0012787  0.0013965
 0.0014250  0.0017882
 0.0015978  0.0020306
 0.0017860  0.0023217
 0.0017851  0.0026880
 0.0020102  0.0027918
 0.0020513  0.0029667
 0.0023900  0.0031802
 0.0027110  0.0033721
 0.0030439  0.0034929
 0.0032797  0.0037660
 0.0032834  0.0039579
 0.0031906  0.0041417
 0.0028656  0.0042972
 0.0023718  0.0043045
 0.0020630  0.0041845
 0.0014097  0.0041467
 0.0009556  0.0038598
 0.0007558  0.0036291
 0.0003829  0.0034847
 0.0002464  0.0033181
 0.0002802  0.0031760
 0.0000415  0.0029651
-0.0003028  0.0028401
-0.0005503  0.0024142
-0.0008749  0.0021008
-0.0012497  0.0018068
-0.0012825  0.0016498
-0.0014085  0.0014757
-0.0014731  0.0010836
-0.0012908  0.0009941
-0.0010658  0.0005892
-0.0006656  0.0000459
-0.0001769 -0.0001832
 0.0002039 -0.0004521
 0.0005361 -0.0006788
 0.0007620 -0.0005895
 0.0006156 -0.0006651
 0.0003932 -0.0008472
 0.0003146 -0.0007886
-0.0000423 -0.0009377
-0.0005170 -0.0013243
-0.0006702 -0.0015582
-0.0009580 -0.0019912
-0.0009726 -0.0026139
-0.0009779 -0.0028053
-0.0006927 -0.0030914
-0.0005574 -0.0031987
-0.0003425 -0.0032032
-0.0001160 -0.0032318
 0.0002540 -0.0034788
 0.0005803 -0.0036255
 0.0010044 -0.0038956
 0.0014184 -0.0040884
 0.0016782 -0.0042464
 0.0020947 -0.0044903
 0.0023898 -0.0045096
 0.0028566 -0.0043844
 0.0030584 -0.0043007
 0.0036077 -0.0041746
 0.0040050 -0.0036694
 0.0043426 -0.0033630
 0.0044627 -0.0029491
 0.0044824 -0.0025849
 0.0042887 -0.0022619
 0.0041372 -0.0020191
 0.0038612 -0.0020083
 0.0036414 -0.0020884
 0.0035461 -0.0022563
 0.0035894 -0.0023474
 0.0033605 -0.0025176
 0.0033981 -0.0026807
 0.0034255 -0.0026742
 0.0035625 -0.0026677
 0.0038927 -0.0025804
 0.0041453 -0.0024652
 0.0042737 -0.0022759
 0.0041990 -0.0017599
 0.0041455 -0.0013379
 0.0038903 -0.0011576
 0.0034186 -0.0009290
 0.0030794 -0.0007250
 0.0027408 -0.0006609
 0.0023691 -0.0003280
 0.0019494 -0.0002710
 0.0016875 -0.0000746
 0.0011833  0.0002750
 0.0009029  0.0005490
 0.0006730  0.0006625
 0.0004082  0.0008083
 0.0003871  0.0006667
 0.0002869  0.0003894
 0.0003075  0.0004257
 0.0003708  0.0001132
 0.0002347  0.0000951
 0.0001438 -0.0000622
-0.0000198 -0.0004454
-0.0001614 -0.0006080
-0.0003344 -0.0008133
-0.0001868 -0.0012046
-0.0000636 -0.0012289
-0.0002334 -0.0012482
-0.0002536 -0.0015682
-0.0005770 -0.0017272
-0.0009530 -0.0018349
-0.0009911 -0.0022256
-0.0014509 -0.0022439
-0.0017998 -0.0021595
-0.0019372 -0.0021227
-0.0021872 -0.0018591
-0.0024065 -0.0015509
-0.0026341 -0.0013984
-0.0030242 -0.0011033
-0.0033104 -0.0008809
-0.0038386 -0.0010136
-0.0040696 -0.0010235
-0.0040851 -0.0012385
-0.0041837 -0.0016791
-0.0040512 -0.0018946
-0.0034899 -0.0024524
-0.0031362 -0.0025268
-0.0026340 -0.0026253
-0.0024768 -0.0027148
-0.0025306 -0.0028159
-0.0025893 -0.0027996
-0.0028100 -0.0031166
-0.0029686 -0.0032657
-0.0028943 -0.0034277
-0.0027276 -0.0035293
-0.0024350 -0.0033730
-0.0020711 -0.0032171
-0.0016432 -0.0032068
-0.0012651 -0.0030228
-0.0009297 -0.0029099
-0.0004853 -0.0028071
-0.0002910 -0.0025652
 0.0002071 -0.0021875
 0.0001493 -0.0018708
 0.0001652 -0.0016313
 0.0002437 -0.0014526
 0.0003915 -0.0013567
 0.0003859 -0.0013571
 0.0005721 -0.0013173
 0.0008927 -0.0014104
 0.0011180 -0.0013429
 0.0013335 -0.0012119
 0.0016665 -0.0007895
 0.0017236 -0.0004768
 0.0020269 -0.0002237
 0.0020236 -0.0000458
 0.0020648  0.0003093
 0.0021212  0.0003150
 0.0021967  0.0005360
 0.0024513  0.0005444
 0.0025721  0.0005171
 0.0027716  0.0007171
 0.0028596  0.0008845
 0.0028690  0.0009489
 0.0027729  0.0010798
 0.0027349  0.0012910
 0.0027537  0.0012468
 0.0026897  0.0012321
 0.0027670  0.0014248
 0.0029015  0.0012792
 0.0029231  0.0013528
 0.0030394  0.0016317
 0.0032592  0.0018289
 0.0031301  0.0023589
 0.0030731  0.0025029
 0.0029553  0.0026312
 0.0028095  0.0029647
 0.0024774  0.0030588
 0.0021427  0.0032346
 0.0016821  0.0034995
 0.0013725  0.0036897
 0.0009449  0.0035978
 0.0004407  0.0035602
 0.0000968  0.0033420
-0.0003011  0.0031042
-0.0004333  0.0028565
-0.0005900  0.0025843
-0.0006992  0.0023940
-0.0006111  0.0024276
-0.0006106  0.0024183
-0.0008992  0.0024219
-0.0009331  0.0025625
-0.0012784  0.0025760
-0.0017547  0.0024493
-0.0023520  0.0025237
-0.0027215  0.0021784
-0.0031906  0.0017549
-0.0033294  0.0014957
-0.0035531  0.0010001
-0.0037735  0.0010455
-0.0040004  0.0010993
-0.0041295  0.0009816
-0.0046150  0.0010127
-0.0048934  0.0008379
-0.0051353  0.0003930
-0.0054056 -0.0000480
-0.0055447 -0.0007137
-0.0056885 -0.0015122
-0.0058544 -0.0019864
-0.0054207 -0.0026326
-0.0053065 -0.0030086
-0.0047629 -0.0029945
-0.0044692 -0.0032425
-0.0042665 -0.0030834
-0.0041530 -0.0031118
-0.0041522 -0.0031598
-0.0041952 -0.0033990
-0.0042194 -0.0036408
-0.0042202 -0.0040119
-0.0043462 -0.0041680
-0.0046256 -0.0042719
-0.0046972 -0.0045711
-0.0048694 -0.0047123
-0.0044699 -0.0048063
-0.0039512 -0.0049509
-0.0032882 -0.0049580
-0.0025558 -0.0047127
-0.0018169 -0.0044209
-0.0013625 -0.0042687
-0.0007107 -0.0039412
-0.0002847 -0.0037835
 0.0001879 -0.0035514
 0.0007097 -0.0032424
 0.0011030 -0.0031583
 0.0014100 -0.0030891
 0.0020464 -0.0029303
 0.0023039 -0.0031083
 0.0027378 -0.0031992
 0.0032518 -0.0032064
 0.0033707 -0.0036336
 0.0035585 -0.0038606
 0.0037169 -0.0039998
 0.0038414 -0.0041113
 0.0037835 -0.0041190
 0.0038153 -0.0041273
 0.0037856 -0.0040219
 0.0037781 -0.0037931
 0.0038471 -0.0035357
 0.0037832 -0.0029909
 0.0037190 -0.0024009
 0.0033652 -0.0016245
 0.0029264 -0.0009283
 0.0025299 -0.0001832
 0.0020860 -0.0000089
 0.0015113  0.0002041
 0.0011215  0.0000950
 0.0006969 -0.0001316
 0.0005028 -0.0001687
 0.0002606 -0.0000637
 0.0000557  0.0002155
-0.0002186  0.0005212
-0.0005848  0.0009979
-0.0008395  0.0014140
-0.0012428  0.0017172
-0.0014555  0.0021703
-0.0017577  0.0025176
-0.0018510  0.0030456
-0.0020097  0.0033847
-0.0020166  0.0037300
-0.0023001  0.0038847
-0.0025841  0.0039677
-0.0029071  0.0037684
-0.0034399  0.0035968
-0.0037239  0.0033942
-0.0041350  0.0031633
-0.0042830  0.0030981
-0.0042304  0.0028686
-0.0040446  0.0028161
-0.0037571  0.0026992
-0.0032818  0.0026201
-0.0032078  0.0025557
-0.0033178  0.0026574
-0.0033797  0.0024105
-0.0035306  0.0023568
-0.0036539  0.0020425
-0.0035940  0.0016839
-0.0034299  0.0012907
-0.0032736  0.0010734
-0.0030446  0.0010748
-0.0029875  0.0012207
-0.0029926  0.0015974
-0.0028140  0.0016897
-0.0030069  0.0019081
-0.0028867  0.0019921
-0.0029696  0.0016907
-0.0031164  0.0013908
-0.0034166  0.0010197
-0.0034387  0.0003423
-0.0033715  0.0000346
-0.0035273 -0.0002409
-0.0032847 -0.0004892
-0.0030912 -0.0005226
-0.0027303 -0.0004456
-0.0023372 -0.0005410
-0.0021462 -0.0003625
-0.0015854 -0.0002500
-0.0013060 -0.0002289
-0.0009975  0.0000097
-0.0009032  0.0001800
-0.0009630  0.0003052
-0.0011088  0.0006373
-0.0013853  0.0008830
-0.0014790  0.0008841
-0.0017094  0.0008777
-0.0018318  0.0007816
-0.0016210  0.0004425
-0.0011171  0.0004860
-0.0006662  0.0001281
-0.0000191 -0.0000362
 0.0006706  0.0002562
 0.0011554  0.0004541
 0.0016891  0.0007786
 0.0019070  0.0012112
 0.0020821  0.0014141
 0.0021221  0.0017385
 0.0023904  0.0020557
 0.0023849  0.0022998
 0.0024886  0.0025026
 0.0025749  0.0025856
 0.0026800  0.0026747
 0.0025949  0.0025617
 0.0027350  0.0026388
 0.0027728  0.0026468
 0.0028140  0.0028079
 0.0027387  0.0030294
 0.0026520  0.0031268
 0.0027003  0.0033104
 0.0024135  0.0034608
 0.0024603  0.0038365
 0.0025538  0.0039162
 0.0026877  0.0039236
 0.0027883  0.0041172
 0.0024709  0.0042441
 0.0023600  0.0042269
 0.0020827  0.0043936
 0.0017604  0.0043666
 0.0015703  0.0042332
 0.0013461  0.0042914
 0.0012497  0.0040959
 0.0010560  0.0041005
 0.0006951  0.0040747
 0.0001549  0.0039052
-0.0004720  0.0034127
-0.0008525  0.0029032
-0.0011719  0.0022487
-0.0012604  0.0015377
-0.0014721  0.0010511
-0.0016220  0.0007575
-0.0018303  0.0006423
-0.0022793  0.0007302
-0.0025898  0.0009379
-0.0032084  0.0010876
-0.0040639  0.0012778
-0.0047400  0.0013821
-0.0053228  0.0013426
-0.0058996  0.0011792
-0.0061489  0.0010768
-0.0061183  0.0008254
-0.0060183  0.0005820
-0.0057954  0.0003798
-0.0055986  0.0001208
-0.0052179  0.0001461
-0.0050074  0.0000063
-0.0047112  0.0000438
-0.0045056  0.0001553
-0.0043529  0.0000473
-0.0042552  0.0003059
-0.0040916  0.0003850
-0.0037622  0.0002997
-0.0036599  0.0003524
-0.0035292  0.0002192
-0.0032035 -0.0001963
-0.0030763 -0.0003425
-0.0027681 -0.0007873
-0.0022949 -0.0012388
-0.0018598 -0.0014770
-0.0014009 -0.0019103
-0.0009054 -0.0022780
-0.0005857 -0.0025706
-0.0003320 -0.0027473
-0.0000271 -0.0027995
 0.0000267 -0.0026603
 0.0000088 -0.0026198
 0.0001368 -0.0023270
 0.0001383 -0.0020593
 0.0001333 -0.0019680
 0.0001388 -0.0017806
 0.0002791 -0.0017443
 0.0003340 -0.0015243
 0.0006853 -0.0012320
 0.0010744 -0.0008260
 0.0015831 -0.0003796
 0.0019097  0.0001971
 0.0023806  0.0005851
 0.0028739  0.0008058
 0.0031540  0.0009259
 0.0034348  0.0012423
 0.0037245  0.0014429
 0.0038523  0.0015477
 0.0039334  0.0016161
 0.0039229  0.0018050
 0.0041183  0.0020143
 0.0044690  0.0024623
 0.0045480  0.0027250
 0.0047581  0.0030355
 0.0047241  0.0032499
 0.0049064  0.0030865
 0.0051138  0.0029656
 0.0051633  0.0028731
 0.0055850  0.0026643
 0.0057780  0.0025008
 0.0058905  0.0027146
 0.0056573  0.0026403
 0.0052996  0.0027196
 0.0047524  0.0031454
 0.0042631  0.0035037
 0.0036050  0.0036993
 0.0029303  0.0038055
 0.0024168  0.0036428
 0.0019393  0.0034811
 0.0016114  0.0032147
 0.0015500  0.0029486
 0.0013285  0.0027876
 0.0011256  0.0029890
 0.0010461  0.0029097
 0.0007395  0.0030177
 0.0006932  0.0032198
 0.0003855  0.0031938
-0.0000776  0.0033682
-0.0004956  0.0032875
-0.0011065  0.0032909
-0.0015348  0.0031647
-0.0019240  0.0030151
-0.0023705  0.0029393
-0.0024406  0.0026908
-0.0026203  0.0023630
-0.0028007  0.0020456
-0.0027940  0.0014667
-0.0027710  0.0010122
-0.0026822  0.0004383
-0.0026385 -0.0002800
-0.0022620 -0.0008767
-0.0019608 -0.0012924
-0.0015853 -0.0018463
-0.0010784 -0.0019792
-0.0006947 -0.0021266
-0.0003866 -0.0021802
-0.0001858 -0.0022486
-0.0002555 -0.0021227
-0.0004043 -0.0020060
-0.0006140 -0.0017859
-0.0008125 -0.0015229
-0.0008349 -0.0014001
-0.0010848 -0.0012539
-0.0009165 -0.0010216
-0.0006786 -0.0011241
-0.0003218 -0.0010951
-0.0001330 -0.0011263
 0.0001607 -0.0014108
 0.0001999 -0.0014674
 0.0000511 -0.0016945
-0.0001183 -0.0019591
-0.0000674 -0.0021582
-0.0002455 -0.0023905
-0.0001216 -0.0027525
 0.0003064 -0.0028973
 0.0005033 -0.0031316
 0.0007395 -0.0034447
 0.0008787 -0.0036312
 0.0008464 -0.0036161
 0.0007971 -0.0037641
 0.0006966 -0.0037010
 0.0007387 -0.0034796
 0.0010037 -0.0032815
 0.0015048 -0.0030177
 0.0016888 -0.0025507
 0.0021389 -0.0023730
 0.0024559 -0.0019663
 0.0026713 -0.0014511
 0.0029463 -0.0009428
 0.0029081 -0.0006144
 0.0029987  0.0000138
 0.0030166  0.0003668
 0.0031720  0.0008850
 0.0032653  0.0012294
 0.0033825  0.0015961
 0.0037658  0.0020572
 0.0042013  0.0020434
 0.0045488  0.0018922
 0.0049270  0.0019114
 0.0051095  0.0019883
 0.0050532  0.0018617
 0.0048065  0.0019651
 0.0044242  0.0018555
 0.0042443  0.0018824
 0.0036839  0.0017331
 0.0033186  0.0015812
 0.0027800  0.0015175
 0.0026089  0.0015252
 0.0022365  0.0016987
 0.0021066  0.0022061
 0.0019018  0.0026971
 0.0016870  0.0031002
 0.0013832  0.0036763
 0.0010399  0.0038976
 0.0006349  0.0040116
 0.0002447  0.0038936
-0.0004223  0.0037140
-0.0007536  0.0034413
-0.0015509  0.0033034
-0.0018726  0.0029959
-0.0021994  0.0028245
-0.0025837  0.0026724
-0.0028516  0.0024987
-0.0030576  0.0021317
-0.0033843  0.0018550
-0.0035898  0.0016919
-0.0037893  0.0012425
-0.0039362  0.0010364
-0.0040986  0.0007500
-0.0041682  0.0004738
-0.0038720  0.0002584
-0.0037307  0.0000652
-0.0037208 -0.0002093
-0.0039014 -0.0004374
-0.0036449 -0.0007190
-0.0035520 -0.0010432
-0.0035052 -0.0012061
-0.0033180 -0.0013674
-0.0032314 -0.0013921
-0.0029048 -0.0013247
-0.0028939 -0.0014089
-0.0026691 -0.0013471
-0.0027697 -0.0015172
-0.0027299 -0.0017014
-0.0026226 -0.0020641
-0.0026816 -0.0024019
-0.0024023 -0.0031341
-0.0022333 -0.0036236
-0.0018320 -0.0040385
-0.0015209 -0.0041388
-0.0012740 -0.0041900
-0.0012222 -0.0039091
-0.0007877 -0.0039388
-0.0007712 -0.0038260
-0.0005846 -0.0036185
-0.0005431 -0.0036798
-0.0004115 -0.0036605
-0.0004487 -0.0037996
-0.0002648 -0.0035879
 0.0001011 -0.0033364
 0.0003841 -0.0030490
 0.0008743 -0.0026931
 0.0011068 -0.0025269
 0.0015940 -0.0023499
 0.0018385 -0.0021214
 0.0021337 -0.0022185
 0.0022945 -0.0022218
 0.0025823 -0.0020911
 0.0027769 -0.0019752
 0.0028692 -0.0017468
 0.0030343 -0.0012632
 0.0030201 -0.0006001
 0.0030886 -0.0000421
 0.0029830  0.0004218
 0.0031975  0.0008948
 0.0031266  0.0012877
 0.0031180  0.0015169
 0.0031852  0.0015993
 0.0032381  0.0017101
 0.0032655  0.0019357
 0.0033411  0.0022056
 0.0035351  0.0027907
 0.0033938  0.0035364
 0.0031603  0.0041961
 0.0029895  0.0049234
 0.0022793  0.0055200
 0.0015186  0.0060129
 0.0009641  0.0059799
 0.0003976  0.0057456
-0.0000849  0.0053105
-0.0002752  0.0047056
-0.0004159  0.0042300
-0.0003477  0.0036295
-0.0004526  0.0033773
-0.0007134  0.0031766
-0.0009746  0.0033604
-0.0015371  0.0032698
-0.0020972  0.0033148
-0.0024075  0.0030661
-0.0026408  0.0030715
-0.0028766  0.0028177
-0.0030093  0.0027524
-0.0031294  0.0026854
-0.0032834  0.0025683
-0.0033630  0.0024968
-0.0033099  0.0021919
-0.0033058  0.0022063
-0.0031571  0.0018958
-0.0029746  0.0018512
-0.0030788  0.0016774
-0.0032265  0.0015924
-0.0035872  0.0015164
-0.0039683  0.0010686
-0.0043193  0.0005275
-0.0046696  0.0001882
-0.0051164 -0.0004514
-0.0053003 -0.0009581
-0.0051883 -0.0013775
-0.0049499 -0.0019104
-0.0046969 -0.0021355
-0.0041322 -0.0022826
-0.0036414 -0.0024095
-0.0028900 -0.0023846
-0.0023998 -0.0022239
-0.0016182 -0.0021201
-0.0010603 -0.0018629
-0.0005097 -0.0018442
 0.0000141 -0.0016702
 0.0003065 -0.0014334
 0.0005245 -0.0013042
 0.0006269 -0.0016499
 0.0007290 -0.0014713
 0.0010064 -0.0016704
 0.0014391 -0.0020393
 0.0022031 -0.0022402
 0.0028362 -0.0022878
 0.0035955 -0.0025658
 0.0043414 -0.0022028
 0.0046750 -0.0021473
 0.0049057 -0.0019500
 0.0048247 -0.0017566
 0.0047136 -0.0014941
 0.0045483 -0.0013547
 0.0042211 -0.0010926
 0.0040654 -0.0008594
 0.0040322 -0.0006174
 0.0036819 -0.0003857
 0.0035645  0.0000530
 0.0037007  0.0003986
 0.0036042  0.0005432
 0.0036990  0.0008186
 0.0039002  0.0009613
 0.0039399  0.0009939
 0.0042118  0.0010768
 0.0042540  0.0010022
 0.0044059  0.0010754
 0.0042591  0.0010925
 0.0040404  0.0010592
 0.0036240  0.0014185
 0.0032433  0.0015836
 0.0030351  0.0017826
 0.0026464  0.0021227
 0.0024864  0.0025775
 0.0024138  0.0026696
 0.0021107  0.0028302
 0.0019710  0.0029942
 0.0017633  0.0027004
 0.0014595  0.0026473
 0.0012112  0.0022277
 0.0011897  0.0016966
 0.0010461  0.0012069
 0.0009599  0.0006132
 0.0009546  0.0000972
 0.0009704 -0.0000347
 0.0010126 -0.0003730
 0.0009779 -0.0006414
 0.0008518 -0.0003627
 0.0006972 -0.0004953
 0.0002537 -0.0003359
-0.0001094 -0.0003082
-0.0006116 -0.0003084
-0.0010914 -0.0003208
-0.0013397 -0.0003262
-0.0017246 -0.0004045
-0.0018859 -0.0005750
-0.0020547 -0.0005637
-0.0021148 -0.0008583
-0.0020930 -0.0009145
-0.0023255 -0.0009848
-0.0024446 -0.0011176
-0.0026010 -0.0012707
-0.0028563 -0.0016090
-0.0029881 -0.0017835
-0.0030147 -0.0020294
-0.0029635 -0.0020957
-0.0027943 -0.0023445
-0.0025896 -0.0026312
-0.0023884 -0.0029011
-0.0019361 -0.0030124
-0.0015389 -0.0030821
-0.0013559 -0.0034582
-0.0011080 -0.0036234
-0.0011850 -0.0038900
-0.0011306 -0.0040377
-0.0011325 -0.0043107
-0.0012096 -0.0045913
-0.0012436 -0.0046074
-0.0012474 -0.0048050
-0.0013331 -0.0051375
-0.0014333 -0.0051091
-0.0013315 -0.0052389
-0.0010151 -0.0054086
-0.0011439 -0.0054386
-0.0009953 -0.0053318
-0.0009528 -0.0050245
-0.0008889 -0.0046871
-0.0008396 -0.0043437
-0.0007590 -0.0039267
-0.0005188 -0.0035988
-0.0004702 -0.0033932
-0.0004028 -0.0033067
-0.0003970 -0.0031919
-0.0001962 -0.0031002
-0.0000250 -0.0029390
 0.0003031 -0.0029409
 0.0005051 -0.0028031
 0.0005935 -0.0026811
 0.0006271 -0.0024822
 0.0003114 -0.0020231
-0.0001489 -0.0018001
-0.0005172 -0.0016455
-0.0009612 -0.0015350
-0.0011333 -0.0014050
-0.0011039 -0.0014102
-0.0010619 -0.0013699
-0.0006191 -0.0013277
-0.0001884 -0.0010298
 0.0003610 -0.0008095
 0.0006916 -0.0003364
 0.0011954  0.0000221
 0.0015147  0.0004408
 0.0014886  0.0007262
 0.0013933  0.0010491
 0.0014042  0.0013160
 0.0013116  0.0012675
 0.0012318  0.0015130
 0.0009922  0.0014831
 0.0009009  0.0014473
 0.0011607  0.0013536
 0.0011339  0.0011329
 0.0010638  0.0011040
 0.0010532  0.0011188
 0.0008585  0.0010397
 0.0006141  0.0012161
 0.0002950  0.0011108
-0.0003146  0.0010685
-0.0008799  0.0011016
-0.0014005  0.0008427
-0.0019648  0.0006928
-0.0022873  0.0004132
-0.0023004  0.0002751
-0.0025223 -0.0000703
-0.0025509 -0.0001245
-0.0024637 -0.0003185
-0.0025197 -0.0004836
-0.0026281 -0.0003922
-0.0026417 -0.0006034
-0.0028620 -0.0008700
-0.0031428 -0.0008717
-0.0033220 -0.0014938
-0.0035301 -0.0017743
-0.0036508 -0.0021951
-0.0037200 -0.0026318
-0.0035395 -0.0028133
-0.0034302 -0.0027473
-0.0033599 -0.0027876
-0.0032008 -0.0026421
-0.0034611 -0.0027649
-0.0035106 -0.0027089
-0.0038029 -0.0029122
-0.0039850 -0.0032491
-0.0041892 -0.0035747
-0.0039818 -0.0041339
-0.0038402 -0.0043328
-0.0032557 -0.0046140
-0.0027961 -0.0049511
-0.0022060 -0.0049706
-0.0016652 -0.0049496
-0.0013193 -0.0051883
-0.0012521 -0.0050865
-0.0012367 -0.0051423
-0.0013214 -0.0050679
-0.0014944 -0.0047924
-0.0016412 -0.0047437
-0.0018893 -0.0044105
-0.0018458 -0.0043893
-0.0019305 -0.0044366
-0.0017301 -0.0043209
-0.0015681 -0.0043842
-0.0012250 -0.0045532
-0.0009373 -0.0046198
-0.0005749 -0.0044221
-0.0001490 -0.0043499
-0.0000562 -0.0039855
 0.0002131 -0.0035742
 0.0003795 -0.0030516
 0.0007236 -0.0025344
 0.0009369 -0.0021513
 0.0011699 -0.0017410
 0.0015920 -0.0014830
 0.0016506 -0.0013182
 0.0018979 -0.0011605
 0.0021220 -0.0011294
 0.0021698 -0.0011691
 0.0022462 -0.0011791
 0.0023270 -0.0013114
 0.0022726 -0.0012758
 0.0019323 -0.0010557
 0.0018149 -0.0009860
 0.0014875 -0.0008991
 0.0012057 -0.0007811
 0.0010717 -0.0006646
 0.0009966 -0.0009011
 0.0011109 -0.0008654
 0.0010649 -0.0008197
 0.0009426 -0.0008196
 0.0009976 -0.0004595
 0.0007704 -0.0000821
 0.0004803  0.0005249
 0.0003142  0.0009735
 0.0003740  0.0015302
 0.0002431  0.0018240
 0.0001292  0.0021289
 0.0001256  0.0020431
 0.0000197  0.0022136
 0.0000201  0.0020970
-0.0001469  0.0019289
-0.0004542  0.0017916
-0.0006351  0.0015967
-0.0008920  0.0013681
-0.0010560  0.0011365
-0.0011235  0.0010209
-0.0012491  0.0009787
-0.0016376  0.0007267
-0.0018559  0.0003729
-0.0023573 -0.0001555
-0.0030067 -0.0007198
-0.0035091 -0.0013301
-0.0040380 -0.0019410
-0.0044963 -0.0023533
-0.0047553 -0.0027076
-0.0050305 -0.0030310
-0.0049904 -0.0031594
-0.0049210 -0.0033612
-0.0046230 -0.0037501
-0.0043743 -0.0040074
-0.0040988 -0.0043685
-0.0036651 -0.0046782
-0.0035823 -0.0047124
-0.0032119 -0.0046360
-0.0032355 -0.0046266
-0.0029506 -0.0044046
-0.0029169 -0.0042531
-0.0030492 -0.0044463
-0.0032891 -0.0045338
-0.0034602 -0.0045982
-0.0035763 -0.0048500
-0.0036061 -0.0048951
-0.0034612 -0.0051125
-0.0031527 -0.0051036
-0.0027201 -0.0050726
-0.0021297 -0.0050949
-0.0015677 -0.0050371
-0.0010307 -0.0049453
-0.0007720 -0.0050126
-0.0005603 -0.0051585
-0.0003596 -0.0053051
-0.0002311 -0.0054792
 0.0001512 -0.0054759
 0.0006400 -0.0051788
 0.0011759 -0.0050407
 0.0015665 -0.0046163
 0.0020098 -0.0040165
 0.0024632 -0.0036405
 0.0027959 -0.0032927
 0.0032374 -0.0029587
 0.0033768 -0.0026648
 0.0037096 -0.0023714
 0.0037906 -0.0022031
 0.0040444 -0.0021622
 0.0042052 -0.0021669
 0.0044703 -0.0021549
 0.0046285 -0.0025027
 0.0046658 -0.0025653
 0.0048262 -0.0026003
 0.0050051 -0.0020742
 0.0049613 -0.0015069
 0.0048565 -0.0006376
 0.0045875 -0.0000514
 0.0041578  0.0006266
 0.0036150  0.0011290
 0.0032090  0.0014893
 0.0027996  0.0018093
 0.0024918  0.0020766
 0.0019285  0.0024226
 0.0016732  0.0025859
 0.0013549  0.0029239
 0.0009689  0.0030162
 0.0006059  0.0030839
 0.0003237  0.0031637
 0.0002391  0.0031971
 0.0003642  0.0030716
 0.0005919  0.0028363
 0.0005074  0.0026722
 0.0004219  0.0025009
 0.0000083  0.0024257
-0.0003095  0.0025165
-0.0008515  0.0025222
-0.0012544  0.0027682
-0.0017315  0.0030660
-0.0019576  0.0032244
-0.0022015  0.0031203
-0.0024142  0.0029227
-0.0027028  0.0028005
-0.0026812  0.0025255
-0.0029472  0.0024373
-0.0029507  0.0023345
-0.0030716  0.0024076
-0.0031195  0.0025058
-0.0032410  0.0026131
-0.0034549  0.0024353
-0.0037254  0.0019243
-0.0040794  0.0016219
-0.0042946  0.0013133
-0.0047141  0.0007443
-0.0048848  0.0004881
-0.0051908  0.0003081
-0.0056428  0.0001831
-0.0058365 -0.0002318
-0.0062903 -0.0005532
-0.0063624 -0.0008970
-0.0065272 -0.0015166
-0.0063729 -0.0021238
-0.0059205 -0.0025922
-0.0057751 -0.0032225
-0.0053093 -0.0034598
-0.0045448 -0.0035835
-0.0039474 -0.0037719
-0.0031333 -0.0035264
-0.0024481 -0.0030943
-0.0022207 -0.0027481
-0.0017980 -0.0024167
-0.0016378 -0.0020715
-0.0014920 -0.0018854
-0.0014592 -0.0017776
-0.0013588 -0.0017645
-0.0011252 -0.0017604
-0.0007826 -0.0015506
-0.0003159 -0.0013594
 0.0001714 -0.0011435
 0.0004728 -0.0010068
 0.0007081 -0.0010503
 0.0007481 -0.0012103
 0.0007535 -0.0012845
 0.0005712 -0.0016957
 0.0006325 -0.0020977
 0.0004414 -0.0023744
 0.0004074 -0.0026855
 0.0005515 -0.0031331
 0.0008123 -0.0032925
 0.0010456 -0.0033689
 0.0013386 -0.0031835
 0.0014537 -0.0029176
 0.0015076 -0.0025100
 0.0011886 -0.0021184
 0.0011561 -0.0017054
 0.0010206 -0.0013935
 0.0010891 -0.0011328
 0.0011673 -0.0008915
 0.0014427 -0.0007686
 0.0015202 -0.0006520
 0.0014784 -0.0002891
 0.0014912 -0.0003559
 0.0013729 -0.0003932
 0.0009882 -0.0002624
 0.0005983 -0.0004719
 0.0000300 -0.0007441
-0.0005705 -0.0008327
-0.0013299 -0.0010135
-0.0016975 -0.0010421
-0.0024061 -0.0010596
-0.0027649 -0.0009656
-0.0030137 -0.0007781
-0.0031845 -0.0003501
-0.0031791 -0.0001979
-0.0031739 -0.0000365
-0.0031112  0.0001983
-0.0030986  0.0003212
-0.0034451  0.0002438
-0.0037682 -0.0000548
-0.0040435 -0.0003649
-0.0043643 -0.0006340
-0.0046690 -0.0007139
-0.0048077 -0.0006650
-0.0045550 -0.0005552
-0.0044310 -0.0001154
-0.0042500  0.0002947
-0.0038821  0.0007443
-0.0036460  0.0010729
-0.0033570  0.0012472
-0.0031923  0.0014058
-0.0028232  0.0012805
-0.0026487  0.0009404
-0.0026444  0.0006277
-0.0025133  0.0003405
-0.0023560 -0.0000036
-0.0022848 -0.0002120
-0.0020772 -0.0004785
-0.0020618 -0.0005991
-0.0020652 -0.0007938
-0.0019879 -0.0010265
-0.0019878 -0.0010969
-0.0020979 -0.0011877
-0.0020245 -0.0012957
-0.0020676 -0.0013967
-0.0022463 -0.0014546
-0.0019678 -0.0016004
-0.0017077 -0.0016082
-0.0014437 -0.0017608
-0.0008743 -0.0020178
-0.0005409 -0.0024356
-0.0002717 -0.0028535
 0.0002082 -0.0031387
 0.0001985 -0.0035408
 0.0005524 -0.0037065
 0.0008135 -0.0040307
 0.0009873 -0.0037529
 0.0011609 -0.0035478
 0.0011588 -0.0034364
 0.0011822 -0.0030598
 0.0011759 -0.0027322
 0.0012020 -0.0026999
 0.0013072 -0.0022959
 0.0015006 -0.0021455
 0.0019469 -0.0019299
 0.0020480 -0.0015532
 0.0023515 -0.0013214
 0.0025075 -0.0011207
 0.0025731 -0.0007864
 0.0027032 -0.0006700
 0.0027708 -0.0005545
 0.0028362 -0.0004384
 0.0028573 -0.0004823
 0.0029442 -0.0005404
 0.0032989 -0.0005753
 0.0033791 -0.0007974
 0.0036814 -0.0007937
 0.0036246 -0.0009911
 0.0036411 -0.0012236
 0.0034788 -0.0011879
 0.0030249 -0.0012394
 0.0027669 -0.0014620
 0.0024797 -0.0012734
 0.0022099 -0.0012825
 0.0019502 -0.0009578
 0.0016081 -0.0004526
 0.0013563 -0.0000603
 0.0010464  0.0001675
 0.0007178  0.0005120
 0.0005198  0.0008409
 0.0002161  0.0009416
 0.0001568  0.0011277
 0.0000491  0.0014821
-0.0000046  0.0018063
-0.0000862  0.0021707
-0.0001250  0.0024061
-0.0001214  0.0028690
-0.0000994  0.0031589
-0.0002776  0.0033728
-0.0003374  0.0037541
-0.0004792  0.0039846
-0.0009606  0.0040387
-0.0012225  0.0041346
-0.0017945  0.0040671
-0.0023138  0.0040384
-0.0028858  0.0040063
-0.0034855  0.0037381
-0.0039370  0.0035279
-0.0041695  0.0033327
-0.0042802  0.0028548
-0.0042472  0.0026222
-0.0039165  0.0025907
-0.0035890  0.0025873
-0.0032526  0.0027513
-0.0030853  0.0026128
-0.0026327  0.0024461
-0.0022430  0.0020963
-0.0018473  0.0016407
-0.0012311  0.0011378
-0.0008537  0.0007287
-0.0005599  0.0004483
-0.0002824  0.0000938
-0.0002591 -0.0000668
-0.0002478 -0.0002241
-0.0001801 -0.0005465
 0.0000110 -0.0007279
 0.0002346 -0.0008575
 0.0003396 -0.0011725
 0.0004201 -0.0014657
 0.0005320 -0.0016975
 0.0001523 -0.0021217
-0.0003090 -0.0024697
-0.0007056 -0.0029759
-0.0009519 -0.0038528
-0.0012564 -0.0045640
-0.0010525 -0.0049886
-0.0009695 -0.0051195
-0.0007451 -0.0050591
-0.0004111 -0.0046709
-0.0001560 -0.0044786
 0.0000296 -0.0040609
 0.0003941 -0.0037751
 0.0004108 -0.0036618
 0.0005899 -0.0033954
 0.0007896 -0.0031933
 0.0008910 -0.0031518
 0.0010081 -0.0030729
 0.0010192 -0.0032077
 0.0009824 -0.0033560
 0.0010039 -0.0036836
 0.0013577 -0.0040164
 0.0019914 -0.0041275
 0.0027615 -0.0040239
 0.0035738 -0.0037197
 0.0041602 -0.0032798
 0.0043689 -0.0026062
 0.0043059 -0.0020565
 0.0040695 -0.0017308
 0.0036018 -0.0016328
 0.0032369 -0.0015761
 0.0031001 -0.0016615
 0.0031057 -0.0015759
 0.0031005 -0.0017337
 0.0030969 -0.0016914
 0.0031665 -0.0014769
 0.0031101 -0.0016375
 0.0031129 -0.0015438
 0.0030329 -0.0014482
 0.0028210 -0.0012604
 0.0024377 -0.0010727
 0.0019804 -0.0008960
 0.0015550 -0.0006752
 0.0009505 -0.0004616
 0.0003872 -0.0002933
 0.0000446 -0.0001386
-0.0003278 -0.0001547
-0.0006729  0.0001101
-0.0006542  0.0001909
-0.0007984  0.0003180
-0.0009283  0.0007366
-0.0011050  0.0012891
-0.0011418  0.0019215
-0.0015023  0.0025384
-0.0016788  0.0031197
-0.0021076  0.0036597
-0.0027332  0.0040472
-0.0033613  0.0042900
-0.0040858  0.0041496
-0.0045257  0.0038295
-0.0049185  0.0032395
-0.0047777  0.0026819
-0.0047053  0.0019646
-0.0043824  0.0014446
-0.0041872  0.0009914
-0.0039407  0.0006836
-0.0037812  0.0003591
-0.0037649  0.0003721
-0.0038637  0.0004618
-0.0039155  0.0005512
-0.0039511  0.0004146
-0.0039621  0.0004625
-0.0042749  0.0001216
-0.0042455 -0.0003980
-0.0042640 -0.0010947
-0.0040124 -0.0017290
-0.0037334 -0.0024389
-0.0030551 -0.0030672
-0.0025812 -0.0031638
-0.0019992 -0.0031816
-0.0015012 -0.0030534
-0.0012837 -0.0028676
-0.0007792 -0.0030727
-0.0005484 -0.0031744
-0.0003321 -0.0036346
-0.0002895 -0.0044110
-0.0002182 -0.0047851
-0.0001460 -0.0054054
-0.0001584 -0.0057122
-0.0002680 -0.0059173
-0.0001150 -0.0057732
-0.0002411 -0.0054965
 0.0001447 -0.0049442
 0.0004929 -0.0044526
 0.0007814 -0.0039304
 0.0014818 -0.0035516
 0.0017980 -0.0030393
 0.0022884 -0.0026184
 0.0025416 -0.0021466
 0.0024447 -0.0019352
 0.0024539 -0.0017082
 0.0022531 -0.0016132
 0.0020951 -0.0016365
 0.0020743 -0.0017987
 0.0023859 -0.0018273
 0.0027242 -0.0016488
 0.0032529 -0.0013380
 0.0037953 -0.0008834
 0.0041143 -0.0001006
 0.0042352  0.0005796
 0.0044446  0.0011232
 0.0042824  0.0016380
 0.0043144  0.0018475
 0.0043969  0.0020303
 0.0041959  0.0021390
 0.0042581  0.0023160
 0.0041448  0.0026336
 0.0039037  0.0027728
 0.0035781  0.0029906
 0.0032075  0.0030684
 0.0024618  0.0029642
 0.0019627  0.0026544
 0.0014608  0.0023101
 0.0011161  0.0019822
 0.0008876  0.0016733
 0.0008439  0.0017908
 0.0005549  0.0016348
 0.0005298  0.0018142
 0.0001375  0.0021253
-0.0000810  0.0022192
-0.0002606  0.0022864
-0.0006489  0.0024490
-0.0009688  0.0024473
-0.0013999  0.0023739
-0.0016943  0.0024332
-0.0020959  0.0022876
-0.0022677  0.0023063
-0.0027809  0.0022718
-0.0032308  0.0021766
-0.0036027  0.0021005
-0.0039064  0.0018114
-0.0042486  0.0014373
-0.0044889  0.0011302
-0.0043978  0.0006867
-0.0043892  0.0003250
-0.0042226  0.0002019
-0.0039997  0.0002328
-0.0041110  0.0004184
-0.0040305  0.0006527
-0.0041558  0.0010663
-0.0042851  0.0012871
-0.0042759  0.0012785
-0.0041652  0.0014418
-0.0037182  0.0014464
-0.0033466  0.0014257
-0.0029655  0.0012585
-0.0025784  0.0011605
-0.0022055  0.0007005
-0.0018098  0.0001467
-0.0014264 -0.0003046
-0.0011554 -0.0009019
-0.0009210 -0.0014462
-0.0004877 -0.0017060
-0.0003743 -0.0021002
-0.0000301 -0.0025427
 0.0005069 -0.0028883
 0.0010467 -0.0031986
 0.0017380 -0.0031777
 0.0022951 -0.0032836
 0.0025507 -0.0031862
 0.0028748 -0.0031069
 0.0029390 -0.0031054
 0.0026487 -0.0031136
 0.0025345 -0.0032548
 0.0023522 -0.0032731
 0.0020947 -0.0033077
 0.0019924 -0.0031694
 0.0019085 -0.0030288
 0.0019087 -0.0028435
 0.0020233 -0.0026995
 0.0020519 -0.0026605
 0.0021765 -0.0027647
 0.0020848 -0.0029130
 0.0019916 -0.0032671
 0.0019149 -0.0034930
 0.0018979 -0.0039000
 0.0020564 -0.0041144
 0.0021328 -0.0039968
 0.0022576 -0.0039249
 0.0024397 -0.0034525
 0.0026144 -0.0029261
 0.0025070 -0.0021433
 0.0024677 -0.0011535
 0.0022320 -0.0005919
 0.0018936  0.0000129
 0.0017793  0.0006250
 0.0013819  0.0009291
 0.0013433  0.0012609
 0.0011120  0.0015646
 0.0007868  0.0015377
 0.0006971  0.0016702
 0.0004819  0.0014281
 0.0005488  0.0013451
 0.0005164  0.0013614
 0.0006098  0.0013413
 0.0001956  0.0016018
-0.0000227  0.0018047
-0.0005817  0.0019232
-0.0012808  0.0018834
-0.0017627  0.0019394
-0.0021395  0.0018015
-0.0023464  0.0017481
-0.0021908  0.0016347
-0.0018893  0.0015959
-0.0017000  0.0015667
-0.0013835  0.0018584
-0.0012340  0.0019887
-0.0012500  0.0023839
-0.0014757  0.0025770
-0.0019070  0.0026824
-0.0025964  0.0026420
-0.0032782  0.0025025
-0.0039356  0.0019871
-0.0044181  0.0014725
-0.0049578  0.0009376
-0.0052459  0.0004537
-0.0051754  0.0000861
-0.0049487 -0.0002257
-0.0046809 -0.0003922
-0.0043332 -0.0004653
-0.0039628 -0.0004677
-0.0037110 -0.0004161
-0.0035851 -0.0005471
-0.0035639 -0.0004051
-0.0032444 -0.0004715
-0.0031135 -0.0006823
-0.0031513 -0.0007873
-0.0030178 -0.0010687
-0.0032228 -0.0009985
-0.0032851 -0.0009982
-0.0031781 -0.0010974
-0.0030601 -0.0011085
-0.0031085 -0.0011867
-0.0028846 -0.0015233
-0.0026144 -0.0016830
-0.0024387 -0.0020590
-0.0020657 -0.0023476
-0.0018251 -0.0026164
-0.0015518 -0.0027474
-0.0009964 -0.0027776
-0.0005157 -0.0025594
-0.0000663 -0.0022760
 0.0003795 -0.0018986
 0.0008030 -0.0016756
 0.0010080 -0.0015230
 0.0013113 -0.0015536
 0.0015187 -0.0013472
 0.0017178 -0.0012786
 0.0017958 -0.0009536
 0.0015240 -0.0006620
 0.0014298 -0.0001185
 0.0013207  0.0001977
 0.0010393  0.0005409
 0.0009488  0.0008172
 0.0008833  0.0010613
 0.0011452  0.0011481
 0.0014166  0.0012407
 0.0017319  0.0013149
 0.0021522  0.0016225
 0.0025057  0.0017258
 0.0027179  0.0021225
 0.0028894  0.0025514
 0.0026843  0.0029720
 0.0024771  0.0032952
 0.0023897  0.0035475
 0.0021633  0.0035702
 0.0023097  0.0035971
 0.0024682  0.0036911
 0.0025561  0.0037685
 0.0027496  0.0039039
 0.0029480  0.0038554
 0.0028436  0.0038925
 0.0028111  0.0038462
 0.0028417  0.0038088
 0.0027501  0.0038819
 0.0027675  0.0039408
 0.0026459  0.0040946
 0.0025540  0.0044566
 0.0022163  0.0049456
 0.0021133  0.0053584
 0.0022767  0.0058897
 0.0021889  0.0061156
 0.0022171  0.0060765
 0.0024075  0.0061430
 0.0024428  0.0058852
 0.0024269  0.0054214
 0.0022636  0.0051613
 0.0017420  0.0045817
 0.0014096  0.0039173
 0.0010854  0.0033504
 0.0006293  0.0027588
 0.0003336  0.0021447
-0.0002715  0.0018334
-0.0007153  0.0014449
-0.0012177  0.0013265
-0.0017624  0.0012048
-0.0022984  0.0010737
-0.0027449  0.0009622
-0.0029897  0.0008347
-0.0033399  0.0004233
-0.0035271  0.0000765
-0.0036220 -0.0003678
-0.0038751 -0.0009389
-0.0038740 -0.0013839
-0.0038064 -0.0016141
-0.0039162 -0.0018666
-0.0039020 -0.0020654
-0.0036620 -0.0022327
-0.0035029 -0.0025135
-0.0032208 -0.0026332
-0.0028043 -0.0026569
-0.0025394 -0.0027783
-0.0022264 -0.0027728
-0.0019286 -0.0026254
-0.0018252 -0.0026448
-0.0016502 -0.0022858
-0.0012064 -0.0019305
-0.0012440 -0.0016103
-0.0008153 -0.0012135
-0.0006966 -0.0010022
-0.0006384 -0.0008853
-0.0006052 -0.0008674
-0.0007129 -0.0010210
-0.0006329 -0.0015892
-0.0004032 -0.0018289
-0.0000268 -0.0022780
 0.0003950 -0.0025461
 0.0010419 -0.0028067
 0.0015750 -0.0027434
 0.0020240 -0.0026070
 0.0026832 -0.0023833
 0.0029819 -0.0020334
 0.0031332 -0.0019882
 0.0034282 -0.0019343
 0.0034637 -0.0020345
 0.0036500 -0.0023071
 0.0038373 -0.0025485
 0.0041487 -0.0025146
 0.0044106 -0.0023808
 0.0046231 -0.0021624
 0.0047972 -0.0019101
 0.0049740 -0.0017175
 0.0050786 -0.0014985
 0.0050775 -0.0014135
 0.0050625 -0.0010481
 0.0052065 -0.0007462
 0.0054225 -0.0002781
 0.0057116  0.0002108
 0.0057509  0.0006515
 0.0058825  0.0011077
 0.0059403  0.0013346
 0.0057677  0.0013703
 0.0054871  0.0014311
 0.0052950  0.0015745
 0.0053162  0.0017245
 0.0051259  0.0021312
 0.0049997  0.0025464
 0.0048295  0.0029399
 0.0048028  0.0030924
 0.0046867  0.0033351
 0.0045559  0.0032230
 0.0042819  0.0030361
 0.0042192  0.0030034
 0.0038217  0.0026508
 0.0030944  0.0025330
 0.0025607  0.0022422
 0.0016949  0.0020484
 0.0008026  0.0019127
 0.0001426  0.0017223
-0.0005518  0.0016093
-0.0010720  0.0015597
-0.0016428  0.0014103
-0.0019451  0.0013428
-0.0023772  0.0012008
-0.0026722  0.0008721
-0.0029110  0.0007885
-0.0028896  0.0006454
-0.0031630  0.0005810
-0.0033026  0.0006214
-0.0034643  0.0006055
-0.0038151  0.0005340
-0.0040797  0.0002160
-0.0042787  0.0000428
-0.0046642 -0.0005335
-0.0050141 -0.0008595
-0.0052287 -0.0013284
-0.0054680 -0.0017353
-0.0057043 -0.0021898
-0.0057142 -0.0024460
-0.0053761 -0.0024931
-0.0053813 -0.0024734
-0.0050561 -0.0023372
-0.0049040 -0.0021756
-0.0049030 -0.0022377
-0.0049750 -0.0021578
-0.0050534 -0.0022518
-0.0050435 -0.0022766
-0.0048807 -0.0024856
-0.0048503 -0.0025358
-0.0045216 -0.0026761
-0.0041631 -0.0027575
-0.0038977 -0.0028966
-0.0035934 -0.0027125
-0.0034463 -0.0030283
-0.0028668 -0.0030327
-0.0025631 -0.0031146
-0.0021114 -0.0030345
-0.0016970 -0.0028846
-0.0013104 -0.0025984
-0.0008877 -0.0022310
-0.0004962 -0.0014771
 0.0000562 -0.0009626
 0.0004242 -0.0004449
 0.0007986  0.0001620
 0.0011748  0.0005785
 0.0013221  0.0009078
 0.0012795  0.0012582
 0.0014676  0.0016989
 0.0012652  0.0019387
 0.0013525  0.0021583
 0.0013306  0.0022660
 0.0016387  0.0021146
 0.0018746  0.0022033
 0.0023961  0.0024064
 0.0026737  0.0026120
 0.0029152  0.0029686
 0.0028658  0.0034556
 0.0025285  0.0035963
 0.0021196  0.0041304
 0.0018579  0.0044596
 0.0014565  0.0046003
 0.0010606  0.0047540
 0.0009689  0.0050135
 0.0006917  0.0050933
 0.0004191  0.0051906
 0.0003960  0.0051181
 0.0001387  0.0050570
 0.0000607  0.0052015
 0.0002763  0.0054015
 0.0001410  0.0055912
 0.0002469  0.0061323
 0.0002451  0.0063231
 0.0000031  0.0063117
-0.0002356  0.0064254
-0.0007135  0.0061918
-0.0011470  0.0059966
-0.0017007  0.0057438
-0.0024503  0.0054217
-0.0030846  0.0052310
-0.0036179  0.0052083
-0.0040797  0.0049993
-0.0048427  0.0048490
-0.0054096  0.0046250
-0.0060886  0.0041407
-0.0065917  0.0037573
-0.0069193  0.0031956
-0.0070958  0.0026098
-0.0070771  0.0021951
-0.0069644  0.0018097
-0.0065989  0.0011886
-0.0064205  0.0010934
-0.0061312  0.0007323
-0.0058285  0.0003085
-0.0055657  0.0001067
-0.0051821 -0.0003326
-0.0050406 -0.0008328
-0.0045423 -0.0009413
-0.0041592 -0.0014613
-0.0040937 -0.0019339
-0.0038274 -0.0023330
-0.0035032 -0.0029016
-0.0031650 -0.0034160
-0.0027871 -0.0037574
-0.0023329 -0.0040580
-0.0019274 -0.0044935
-0.0016173 -0.0046457
-0.0013718 -0.0048482
-0.0012097 -0.0049198
-0.0008912 -0.0050080
-0.0009166 -0.0049509
-0.0009683 -0.0048859
-0.0005899 -0.0045756
-0.0003190 -0.0045325
-0.0002539 -0.0043824
 0.0000612 -0.0044657
 0.0003042 -0.0045002
 0.0005651 -0.0045997
 0.0010971 -0.0045529
 0.0012842 -0.0048176
 0.0016248 -0.0046587
 0.0019681 -0.0047763
 0.0020682 -0.0050810
 0.0022811 -0.0054671
 0.0027207 -0.0057130
 0.0031226 -0.0060679
 0.0034211 -0.0062019
 0.0036663 -0.0062163
 0.0036947 -0.0061947
 0.0038348 -0.0059486
 0.0037101 -0.0057711
 0.0036539 -0.0057154
 0.0037258 -0.0054158
 0.0038079 -0.0053234
 0.0039254 -0.0051349
 0.0041242 -0.0047630
 0.0042470 -0.0044053
 0.0042843 -0.0038577
 0.0045215 -0.0032964
 0.0042147 -0.0026989
 0.0041725 -0.0021104
 0.0039186 -0.0017102
 0.0036514 -0.0013655
 0.0034621 -0.0011837
 0.0032612 -0.0010473
 0.0030929 -0.0011112
 0.0027451 -0.0010269
 0.0023819 -0.0011231
 0.0022159 -0.0010476
 0.0017180 -0.0010045
 0.0013241 -0.0009089
 0.0009166 -0.0007945
 0.0007062 -0.0005362
 0.0003226 -0.0003327
 0.0001305  0.0000060
 0.0000150  0.0002415
-0.0000256  0.0003973
 0.0000700  0.0007228
 0.0001571  0.0007701
-0.0000510  0.0008742
-0.0001515  0.0008176
-0.0004181  0.0007204
-0.0008331  0.0004094
-0.0012525  0.0001625
-0.0016393 -0.0004398
-0.0019377 -0.0006997
-0.0023052 -0.0011799
-0.0026457 -0.0013055
-0.0029558 -0.0016013
-0.0030433 -0.0016603
-0.0030689 -0.0016198
-0.0032116 -0.0013833
-0.0033447 -0.0010669
-0.0035133 -0.0008856
-0.0038167 -0.0006350
-0.0037753 -0.0005071
-0.0039711 -0.0004816
-0.0042126 -0.0006834
-0.0042475 -0.0010431
-0.0045717 -0.0014436
-0.0046480 -0.0021553
-0.0047446 -0.0029130
-0.0047896 -0.0036197
-0.0045932 -0.0041983
-0.0043546 -0.0047939
-0.0037954 -0.0053111
-0.0035887 -0.0054897
-0.0030705 -0.0055411
-0.0027767 -0.0053772
-0.0024554 -0.0053002
-0.0023182 -0.0050798
-0.0021724 -0.0049379
-0.0020307 -0.0048632
-0.0020557 -0.0049904
-0.0019822 -0.0049476
-0.0017852 -0.0051931
-0.0014713 -0.0053194
-0.0010748 -0.0053176
-0.0004786 -0.0056666
 0.0002540 -0.0057148
 0.0005856 -0.0056279
 0.0010125 -0.0054147
 0.0014550 -0.0052129
 0.0014033 -0.0049595
 0.0015753 -0.0048550
 0.0015817 -0.0047556
 0.0015929 -0.0046815
 0.0015426 -0.0045501
 0.0016435 -0.0043961
 0.0016724 -0.0038930
 0.0015713 -0.0033107
 0.0016216 -0.0028127
 0.0016795 -0.0019447
 0.0017762 -0.0012020
 0.0018542 -0.0004256
 0.0017978  0.0001860
 0.0015521  0.0009342
 0.0013934  0.0014252
 0.0010479  0.0017489
 0.0008281  0.0019461
 0.0004243  0.0017955
 0.0002264  0.0017457
 0.0002884  0.0015914
-0.0000312  0.0012413
-0.0003213  0.0010429
-0.0006084  0.0009743
-0.0010642  0.0010192
-0.0015812  0.0011437
-0.0018437  0.0012542
-0.0021024  0.0013759
-0.0021770  0.0011207
-0.0020710  0.0010582
-0.0018624  0.0010674
-0.0014455  0.0010319
-0.0012130  0.0012076
-0.0007646  0.0013451
-0.0004681  0.0017993
-0.0003733  0.0021203
-0.0002635  0.0024045
-0.0002995  0.0026588
-0.0006596  0.0029113
-0.0007748  0.0028893
-0.0009608  0.0026516
-0.0010327  0.0027168
-0.0010246  0.0021564
-0.0007608  0.0019123
-0.0005446  0.0018037
-0.0004557  0.0017544
-0.0001865  0.0017254
 0.0000410  0.0017263
-0.0000070  0.0016252
-0.0001456  0.0016546
-0.0003476  0.0016371
-0.0004496  0.0013079
-0.0005424  0.0012427
-0.0007835  0.0012799
-0.0011020  0.0010441
-0.0013919  0.0011441
-0.0018733  0.0012533
-0.0020034  0.0013207
-0.0020393  0.0015290
-0.0019778  0.0015639
-0.0018563  0.0017247
-0.0016488  0.0018110
-0.0014861  0.0017873
-0.0014766  0.0015859
-0.0013002  0.0012512
-0.0011976  0.0007539
-0.0011273  0.0003055
-0.0009115  0.0000580
-0.0004430 -0.0002567
-0.0000058 -0.0002829
 0.0007574 -0.0002403
 0.0009354 -0.0003403
 0.0012692 -0.0003715
 0.0016075 -0.0005013
 0.0015826 -0.0007548
 0.0019064 -0.0008299
 0.0019080 -0.0006716
 0.0018798 -0.0005098
 0.0017243 -0.0002899
 0.0016792 -0.0001278
 0.0015092 -0.0000434
 0.0013818 -0.0001067
 0.0013087 -0.0003570
 0.0014381 -0.0006532
 0.0014991 -0.0008649
 0.0019150 -0.0006729
 0.0021230 -0.0005971
 0.0025647 -0.0002856
 0.0028145 -0.0000191
 0.0031275  0.0002154
 0.0033021  0.0001868
 0.0034384  0.0001104
 0.0037578  0.0000026
 0.0039479 -0.0003195
 0.0043227 -0.0003455
 0.0046050 -0.0001463
 0.0046582  0.0001567
 0.0044324  0.0007670
 0.0040932  0.0012092
 0.0035009  0.0015788
 0.0025996  0.0017411
 0.0020390  0.0015874
 0.0013702  0.0014584
 0.0012442  0.0012606
 0.0011648  0.0012494
 0.0011602  0.0014880
 0.0010405  0.0017248
 0.0009262  0.0021643
 0.0006165  0.0026076
 0.0005191  0.0028123
 0.0003304  0.0030583
 0.0003331  0.0029979
 0.0005922  0.0030429
 0.0007844  0.0030828
 0.0007710  0.0031231
 0.0009349  0.0033146
 0.0009545  0.0035594
 0.0009037  0.0036013
 0.0007797  0.0039320
 0.0005962  0.0040363
 0.0002744  0.0041897
 0.0004112  0.0041097
 0.0002199  0.0039815
 0.0001034  0.0037614
 0.0000230  0.0035592
-0.0002150  0.0034085
-0.0003347  0.0032184
-0.0002162  0.0030489
-0.0003676  0.0029852
-0.0005431  0.0028337
-0.0006962  0.0026163
-0.0009009  0.0023704
-0.0013017  0.0024091
-0.0015821  0.0022341
-0.0020657  0.0021923
-0.0024315  0.0021176
-0.0026696  0.0019107
-0.0028891  0.0017108
-0.0031043  0.0012330
-0.0030539  0.0010255
-0.0031782  0.0007439
-0.0028800  0.0001416
-0.0027354 -0.0001305
-0.0025954 -0.0005687
-0.0024805 -0.0009088
-0.0021694 -0.0014507
-0.0018672 -0.0018307
-0.0014693 -0.0020976
-0.0010107 -0.0023652
-0.0004649 -0.0022429
 0.0000571 -0.0022683
 0.0005479 -0.0022993
 0.0009539 -0.0021431
 0.0014578 -0.0022937
 0.0016889 -0.0024127
 0.0019439 -0.0024632
 0.0023563 -0.0028227
 0.0026508 -0.0028320
 0.0029873 -0.0032431
 0.0034890 -0.0031855
 0.0036178 -0.0033444
 0.0038883 -0.0032501
 0.0040847 -0.0029924
 0.0039571 -0.0027662
 0.0039383 -0.0026163
 0.0038401 -0.0024152
 0.0038031 -0.0023014
 0.0038174 -0.0023128
 0.0039787 -0.0026301
 0.0042368 -0.0025671
 0.0043544 -0.0025018
 0.0048676 -0.0022129
 0.0048397 -0.0018664
 0.0052934 -0.0013406
 0.0054385 -0.0009065
 0.0056404 -0.0001286
 0.0059352  0.0003014
 0.0064583  0.0008904
 0.0066932  0.0013891
 0.0068169  0.0016642
 0.0067864  0.0020664
 0.0064495  0.0022370
 0.0060446  0.0024900
 0.0055285  0.0025828
 0.0047409  0.0026108
 0.0041199  0.0026135
 0.0036176  0.0025239
 0.0030883  0.0025304
 0.0028614  0.0025035
 0.0026152  0.0026502
 0.0026344  0.0029726
 0.0025758  0.0031879
 0.0023077  0.0033977
 0.0021817  0.0035999
 0.0019274  0.0037451
 0.0016048  0.0040703
 0.0011055  0.0042125
 0.0007065  0.0046480
 0.0005331  0.0050349
 0.0001241  0.0056065
-0.0002967  0.0057479
-0.0004913  0.0059413
-0.0007733  0.0057600
-0.0008742  0.0054673
-0.0010141  0.0050813
-0.0011601  0.0044878
-0.0013323  0.0043778
-0.0015432  0.0039928
-0.0018414  0.0038293
-0.0020891  0.0036636
-0.0021387  0.0038153
-0.0022534  0.0037448
-0.0021694  0.0037318
-0.0023493  0.0036917
-0.0024931  0.0037055
-0.0026889  0.0036628
-0.0030122  0.0036388
-0.0033397  0.0034969
-0.0035800  0.0033898
-0.0038490  0.0030819
-0.0041129  0.0025710
-0.0042281  0.0018793
-0.0044806  0.0011272
-0.0043414  0.0004110
-0.0041410 -0.0003916
-0.0038280 -0.0009214
-0.0033316 -0.0012449
-0.0026499 -0.0014358
-0.0022940 -0.0018220
-0.0019627 -0.0019940
-0.0017486 -0.0023993
-0.0019054 -0.0026978
-0.0019157 -0.0029647
-0.0022085 -0.0032277
-0.0021029 -0.0036366
-0.0020611 -0.0038889
-0.0018598 -0.0043767
-0.0014998 -0.0047860
-0.0010482 -0.0052276
-0.0008374 -0.0053511
-0.0003473 -0.0057378
 0.0002028 -0.0057740
 0.0006636 -0.0058287
 0.0010536 -0.0056184
 0.0015086 -0.0053813
 0.0019533 -0.0050902
 0.0021572 -0.0047873
 0.0025209 -0.0044110
 0.0027479 -0.0040992
 0.0031378 -0.0038302
 0.0033586 -0.0035504
 0.0036801 -0.0034228
 0.0039541 -0.0032238
 0.0042194 -0.0030309
 0.0046200 -0.0028102
 0.0049332 -0.0026254
 0.0052466 -0.0021476
 0.0054352 -0.0015657
 0.0056304 -0.0010524
 0.0058445 -0.0004343
 0.0056896  0.0000340
 0.0056622  0.0005376
 0.0056809  0.0006556
 0.0055405  0.0006712
 0.0054116  0.0008049
 0.0053533  0.0007890
 0.0050230  0.0007220
 0.0049111  0.0009688
 0.0047733  0.0009141
 0.0046396  0.0010834
 0.0045210  0.0013473
 0.0043466  0.0016125
 0.0040954  0.0016527
 0.0037756  0.0020216
 0.0031060  0.0022069
 0.0024354  0.0023895
 0.0019885  0.0025632
 0.0014149  0.0025692
 0.0008261  0.0024173
 0.0004346  0.0021259
 0.0000205  0.0018513
-0.0005526  0.0016964
-0.0009695  0.0013708
-0.0016617  0.0012582
-0.0023068  0.0013955
-0.0028840  0.0015457
-0.0034656  0.0014139
-0.0036916  0.0013010
-0.0038537  0.0008549
-0.0039964  0.0002866
-0.0038213 -0.0002400
-0.0035933 -0.0007676
-0.0033368 -0.0011611
-0.0030954 -0.0015576
-0.0030859 -0.0017007
-0.0029850 -0.0016979
-0.0029264 -0.0017051
-0.0028001 -0.0017348
-0.0024863 -0.0020136
-0.0022017 -0.0020853
-0.0019416 -0.0022050
-0.0017934 -0.0025004
-0.0016636 -0.0028789
-0.0014716 -0.0031031
-0.0013327 -0.0033100
-0.0010747 -0.0036194
-0.0007689 -0.0037757
-0.0004437 -0.0040037
-0.0002351 -0.0042150
-0.0002076 -0.0044223
-0.0002091 -0.0046406
-0.0001118 -0.0047959
-0.0001433 -0.0052154
-0.0000602 -0.0055718
 0.0000057 -0.0059939
 0.0002642 -0.0064211
 0.0003046 -0.0066196
 0.0008818 -0.0068537
 0.0013410 -0.0072596
 0.0017854 -0.0071817
 0.0024834 -0.0068732
 0.0029228 -0.0066795
 0.0032290 -0.0061814
 0.0034636 -0.0057404
 0.0035752 -0.0052629
 0.0033144 -0.0048031
 0.0030886 -0.0042046
 0.0027597 -0.0039268
 0.0024173 -0.0036369
 0.0023234 -0.0032723
 0.0021572 -0.0029134
 0.0020459 -0.0026918
 0.0021049 -0.0021611
 0.0019490 -0.0018627
 0.0020335 -0.0014542
 0.0021464 -0.0011676
 0.0023002 -0.0010041
 0.0023811 -0.0007779
 0.0026776 -0.0006058
 0.0027136 -0.0003796
 0.0026932 -0.0001194
 0.0027944  0.0004321
 0.0028158  0.0007627
 0.0028157  0.0012951
 0.0027862  0.0019110
 0.0028036  0.0024502
 0.0028614  0.0027584
 0.0029328  0.0028362
 0.0030400  0.0027320
 0.0029345  0.0027433
 0.0026466  0.0025547
 0.0025425  0.0025357
 0.0020358  0.0024848
 0.0016692  0.0027282
 0.0012558  0.0026536
 0.0010376  0.0029257
 0.0009491  0.0029239
 0.0009824  0.0030093
 0.0010931  0.0031204
 0.0008637  0.0030822
 0.0007918  0.0029831
 0.0007202  0.0030048
 0.0005292  0.0026453
 0.0004177  0.0024331
 0.0001788  0.0022232
 0.0001188  0.0021069
 0.0000940  0.0020502
 0.0001562  0.0022376
 0.0003658  0.0020991
 0.0002646  0.0025007
 0.0001710  0.0026102
-0.0000608  0.0028072
-0.0005388  0.0031013
-0.0011958  0.0031443
-0.0018478  0.0031877
-0.0024294  0.0030504
-0.0027537  0.0026888
-0.0027578  0.0022676
-0.0027006  0.0017462
-0.0025865  0.0012642
-0.0026336  0.0006473
-0.0026277  0.0003148
-0.0028063 -0.0001151
-0.0031203 -0.0004685
-0.0030293 -0.0005308
-0.0029129 -0.0006386
-0.0027295 -0.0005597
-0.0022695 -0.0005559
-0.0018095 -0.0003391
-0.0013794 -0.0001221
-0.0012678  0.0000111
-0.0012671  0.0002053
-0.0011874  0.0002273
-0.0012420  0.0005654
-0.0013951  0.0005213
-0.0016166  0.0004996
-0.0017815  0.0004663
-0.0018833  0.0005291
-0.0018782  0.0006269
-0.0016253  0.0006708
-0.0016168  0.0007393
-0.0013497  0.0008161
-0.0013312  0.0007933
-0.0013029  0.0006626
-0.0010854  0.0004672
-0.0009355  0.0001858
-0.0005310 -0.0002298
-0.0002641 -0.0006193
 0.0002275 -0.0009765
 0.0005280 -0.0013633
 0.0011804 -0.0016076
 0.0015614 -0.0016540
 0.0017169 -0.0015674
 0.0017832 -0.0012619
 0.0016384 -0.0009431
 0.0014774 -0.0005919
 0.0012090 -0.0002244
 0.0011924 -0.0000818
 0.0013788  0.0000627
 0.0015080  0.0000614
 0.0021311 -0.0002353
 0.0022395 -0.0005327
 0.0024325 -0.0007714
 0.0023647 -0.0010724
 0.0019222 -0.0009757
 0.0016093 -0.0006989
 0.0012774 -0.0003465
 0.0007549  0.0001492
 0.0004505  0.0005691
 0.0003105  0.0009401
 0.0003215  0.0011730
 0.0001361  0.0013113
 0.0002112  0.0014561
 0.0003130  0.0019481
 0.0004198  0.0023837
 0.0004466  0.0025432
 0.0007163  0.0028994
 0.0006184  0.0028967
 0.0005305  0.0029506
 0.0003041  0.0029992
 0.0000085  0.0029836
-0.0003559  0.0026989
-0.0006921  0.0024088
-0.0010156  0.0020421
-0.0011961  0.0017404
-0.0014538  0.0016358
-0.0017416  0.0016093
-0.0019282  0.0017892
-0.0024056  0.0019802
-0.0029737  0.0019417
-0.0032853  0.0018383
-0.0036375  0.0015591
-0.0034993  0.0011158
-0.0032565  0.0013308
-0.0031796  0.0014027
-0.0028782  0.0016064
-0.0026168  0.0017295
-0.0025161  0.0017858
-0.0024836  0.0014349
-0.0022634  0.0009447
-0.0021280  0.0003934
-0.0018966 -0.0000604
-0.0018117 -0.0003850
-0.0016048 -0.0004902
-0.0016466 -0.0004475
-0.0015461 -0.0003957
-0.0017079 -0.0005002
-0.0016822 -0.0005623
-0.0016091 -0.0008210
-0.0013379 -0.0014140
-0.0011149 -0.0017772
-0.0008533 -0.0024285
-0.0006999 -0.0032119
-0.0003372 -0.0038196
-0.0001538 -0.0044730
 0.0001397 -0.0049604
 0.0005090 -0.0052286
 0.0008226 -0.0053346
 0.0011594 -0.0054374
 0.0014695 -0.0053581
 0.0016843 -0.0052900
 0.0019915 -0.0053054
 0.0017894 -0.0051952
 0.0015286 -0.0050635
 0.0014099 -0.0052182
 0.0012306 -0.0052054
 0.0011797 -0.0052026
 0.0013227 -0.0050702
 0.0012807 -0.0049696
 0.0016934 -0.0047989
 0.0020038 -0.0044663
 0.0022804 -0.0040734
 0.0023366 -0.0036674
 0.0024183 -0.0030010
 0.0023164 -0.0022220
 0.0022969 -0.0017224
 0.0020119 -0.0011146
 0.0016453 -0.0006104
 0.0013598 -0.0003570
 0.0012159 -0.0001041
 0.0009449  0.0000574
 0.0010061 -0.0000072
 0.0010709  0.0002159
 0.0010643  0.0004173
 0.0011365  0.0007351
 0.0012362  0.0013102
 0.0011448  0.0017026
 0.0009498  0.0020686
 0.0008421  0.0026562
 0.0007662  0.0028184
 0.0004170  0.0031566
 0.0004269  0.0032449
 0.0002532  0.0032660
-0.0001657  0.0033033
-0.0004231  0.0034266
-0.0008468  0.0034139
-0.0012660  0.0034694
-0.0014314  0.0033898
-0.0016417  0.0033541
-0.0017945  0.0031776
-0.0020217  0.0029859
-0.0023954  0.0025435
-0.0027757  0.0020289
-0.0031809  0.0018882
-0.0037722  0.0014414
-0.0041159  0.0011081
-0.0042678  0.0010250
-0.0043607  0.0006551
-0.0042052  0.0006012
-0.0039196  0.0001248
-0.0036824 -0.0002046
-0.0034287 -0.0004977
-0.0033966 -0.0009115
-0.0034798 -0.0010954
-0.0035322 -0.0010141
-0.0036932 -0.0010331
-0.0038679 -0.0012153
-0.0039301 -0.0012991
-0.0040906 -0.0015345
-0.0041714 -0.0020277
-0.0039385 -0.0022051
-0.0038904 -0.0025007
-0.0034201 -0.0029036
-0.0030322 -0.0031516
-0.0025611 -0.0032797
-0.0021690 -0.0035885
-0.0016532 -0.0036086
-0.0011170 -0.0037769
-0.0005505 -0.0037899
-0.0001718 -0.0035286
 0.0004214 -0.0033702
 0.0005550 -0.0029678
 0.0006349 -0.0026213
 0.0006055 -0.0024016
 0.0005811 -0.0023355
 0.0003822 -0.0024623
