[PARAMETERS]
DW=1E-007
TAU=0.00025
TD=4096
BS=4096
NS=128
NSC=128
FR=56.230000
GAIN=4.974204
D0=0.05
D1=7E-006
D2=1.4E-005
D3=2.5E-005
D4=1E-005
D5=5E-005
D6=0.001
D7=0.001
D8=0.001
D9=0.05
C0=1
SEGTD=0
SEGOFF=0
SEGNUM=0
[ADDITIONAL]
PPFILE=UK_TWO_T2_SOLID.PC
DATEWR=12.09.2024
TIMEWR=14:53:38
DATESTA=12.09.2024
TIMESTA=14:53:29
DATEEND=12.09.2024
TIMEEND=14:53:38
CURR_Z0=0
CURR_Z1=1
TE=-1
[VARIABLES]
_USER=Measurements
_EMAIL_F=7NMR.NMR-270-ijs.si
_ITC_H=1
_ITC_R0= 80.00
_ITC_R1= 79.96
_ITC_R2= 80.48
_ITC_R3=  0.00
_ITC_R4= -0.04
_ITC_V= 21.90
_ITC_X=X0A1C1S00H1
_FW=100
_ORIENT=?
_THETA=0
_TITLE=?
_DESCR1=?
_DESCR2=?
_FR_LARM=56.23000000
_FR_SYNT=526.23000000
_TRIMLEV=1.572265625
_DATE=12.09.2024
_TIME=14:52:37
_ITC_DIR=I3I3
[PPFILE]
; pi/2 - pi/2


DELAY D9
PULSE [GT] 3u
PULSE [PHL1,GT] D1
DELAY TAU-3u
PULSE [GT] 3u
PULSE [PHL2,GT] D1
DELAY TAU-D3
PULSE [TR] 1u+DW
DELAY 1m
STOP

;PHL 1 [+X] [+X] [+Y] [+Y] [-X] [-X] [-Y] [-Y]
;PHL 2 [+Y] [-Y] [-X] [+X] [-Y] [+Y] [+X] [-X]
;!RLS +X+X+Y+Y-X-X-Y-Y

PHL 1 [+X] [+X] [-X] [-X] [+Y] [+Y] [-Y] [-Y] [+X] [+X] [-X] [-X] [+Y] [+Y] [-Y] [-Y]
PHL 2 [+Y] [-Y] [-Y] [+Y] [-X] [+X] [+X] [-X] [+X] [-X] [-X] [+X] [-Y] [+Y] [+Y] [-Y]
!RLS +X+X-X-X+Y+Y-Y-Y-X-X+X+X-Y-Y+Y+Y
[DATA]
 0.0003375  0.0031262
 0.0003641  0.0031020
 0.0007214  0.0033507
 0.0006769  0.0034674
 0.0003939  0.0034533
 0.0002801  0.0033475
-0.0002282  0.0029745
-0.0004066  0.0027206
-0.0006290  0.0026524
-0.0011014  0.0028362
-0.0013634  0.0030208
-0.0021252  0.0030628
-0.0025410  0.0026255
-0.0029609  0.0018782
-0.0031684  0.0015330
-0.0033170  0.0010699
-0.0031134  0.0007921
-0.0030492  0.0006342
-0.0033096  0.0010205
-0.0034977  0.0014008
-0.0036132  0.0016006
-0.0039717  0.0014019
-0.0042620  0.0011306
-0.0043028  0.0004741
-0.0044166 -0.0002922
-0.0043807 -0.0001174
-0.0045519  0.0001168
-0.0046863  0.0003082
-0.0048216  0.0011673
-0.0047098  0.0016800
-0.0046755  0.0023640
-0.0040897  0.0026260
-0.0036355  0.0027890
-0.0032766  0.0032404
-0.0026427  0.0031039
-0.0029512  0.0033969
-0.0031083  0.0034466
-0.0034769  0.0037788
-0.0037087  0.0037335
-0.0042756  0.0036895
-0.0046273  0.0031941
-0.0050779  0.0028982
-0.0055653  0.0019115
-0.0061487  0.0012680
-0.0067701  0.0008756
-0.0074024  0.0001481
-0.0080193 -0.0003328
-0.0083855 -0.0007633
-0.0083290 -0.0017299
-0.0083492 -0.0021676
-0.0080581 -0.0029647
-0.0074040 -0.0034875
-0.0068803 -0.0037835
-0.0061100 -0.0038223
-0.0054369 -0.0040932
-0.0049960 -0.0034614
-0.0046553 -0.0040246
-0.0044106 -0.0040605
-0.0035131 -0.0041752
-0.0029737 -0.0043706
-0.0018836 -0.0045790
-0.0012699 -0.0045777
-0.0004608 -0.0045612
 0.0002450 -0.0045579
 0.0006322 -0.0042858
 0.0006770 -0.0042026
 0.0009920 -0.0040592
 0.0007930 -0.0037265
 0.0004963 -0.0037233
 0.0006421 -0.0030684
 0.0004944 -0.0025439
 0.0008230 -0.0015421
 0.0013600 -0.0004876
 0.0016450  0.0006966
 0.0023508  0.0021525
 0.0029568  0.0035684
 0.0033148  0.0050534
 0.0040177  0.0066025
 0.0038731  0.0076547
 0.0034641  0.0084730
 0.0032844  0.0093140
 0.0029141  0.0096608
 0.0019916  0.0093132
 0.0015660  0.0093354
 0.0012386  0.0087423
 0.0002631  0.0082062
-0.0000990  0.0074839
-0.0004656  0.0068226
-0.0010373  0.0061230
-0.0014758  0.0053135
-0.0016829  0.0049942
-0.0020398  0.0044476
-0.0022675  0.0045699
-0.0025274  0.0044537
-0.0029614  0.0042247
-0.0035484  0.0040116
-0.0037062  0.0038791
-0.0040796  0.0037996
-0.0039972  0.0040273
-0.0040122  0.0039635
-0.0036072  0.0040555
-0.0029786  0.0043038
-0.0020536  0.0040902
-0.0011887  0.0038386
-0.0000748  0.0038528
 0.0008074  0.0032301
 0.0018204  0.0030735
 0.0021817  0.0027730
 0.0024017  0.0023668
 0.0024711  0.0014398
 0.0024436  0.0003626
 0.0025667 -0.0002511
 0.0027532 -0.0009779
 0.0028420 -0.0019594
 0.0030471 -0.0023017
 0.0033341 -0.0025856
 0.0035239 -0.0023409
 0.0034048 -0.0022024
 0.0036474 -0.0016977
 0.0034564 -0.0015204
 0.0035085 -0.0012248
 0.0041585 -0.0016358
 0.0045178 -0.0020129
 0.0050717 -0.0024465
 0.0066629 -0.0028268
 0.0072560 -0.0033072
 0.0082157 -0.0025567
 0.0088686 -0.0017298
 0.0087026 -0.0010002
 0.0080959 -0.0005161
 0.0073865  0.0005409
 0.0059552  0.0011361
 0.0050965  0.0016577
 0.0040625  0.0020627
 0.0025517  0.0025403
 0.0014204  0.0032877
 0.0005741  0.0030398
-0.0006957  0.0030216
-0.0017802  0.0027386
-0.0024767  0.0020745
-0.0027711  0.0012957
-0.0027025  0.0004192
-0.0021683 -0.0000003
-0.0015385 -0.0000031
-0.0005259  0.0002411
-0.0000608  0.0008273
 0.0001206  0.0016061
 0.0003951  0.0022314
 0.0001037  0.0028148
 0.0000598  0.0031152
 0.0007248  0.0038803
 0.0010632  0.0041875
 0.0018380  0.0047422
 0.0030744  0.0045868
 0.0035483  0.0048904
 0.0038487  0.0046937
 0.0046222  0.0052687
 0.0048030  0.0049404
 0.0045821  0.0052501
 0.0048178  0.0048088
 0.0046232  0.0047898
 0.0044500  0.0041709
 0.0040042  0.0042621
 0.0035444  0.0041050
 0.0035803  0.0044974
 0.0033279  0.0046996
 0.0033368  0.0044804
 0.0035402  0.0045893
 0.0039140  0.0042203
 0.0038433  0.0043733
 0.0038974  0.0037443
 0.0041816  0.0038259
 0.0042236  0.0034859
 0.0041728  0.0033766
 0.0043133  0.0030120
 0.0044857  0.0022061
 0.0046016  0.0013643
 0.0045612  0.0006380
 0.0046755 -0.0005987
 0.0045431 -0.0014328
 0.0042176 -0.0024744
 0.0040562 -0.0031498
 0.0041402 -0.0037307
 0.0043991 -0.0042616
 0.0046406 -0.0044113
 0.0051433 -0.0043677
 0.0055692 -0.0038872
 0.0059568 -0.0036559
 0.0064167 -0.0031338
 0.0068657 -0.0029614
 0.0076393 -0.0027293
 0.0077795 -0.0024810
 0.0077472 -0.0021778
 0.0080124 -0.0023502
 0.0078425 -0.0024277
 0.0077105 -0.0024709
 0.0082495 -0.0028545
 0.0085785 -0.0032231
 0.0088260 -0.0034953
 0.0091329 -0.0035308
 0.0097260 -0.0038756
 0.0101467 -0.0041424
 0.0105011 -0.0039074
 0.0106097 -0.0039591
 0.0102568 -0.0042986
 0.0103052 -0.0040055
 0.0099551 -0.0046531
 0.0098586 -0.0049001
 0.0098021 -0.0055159
 0.0099789 -0.0063795
 0.0102733 -0.0072584
 0.0101655 -0.0082565
 0.0099035 -0.0093688
 0.0098168 -0.0104004
 0.0097805 -0.0113374
 0.0093214 -0.0116427
 0.0088199 -0.0128252
 0.0082991 -0.0135301
 0.0079523 -0.0146368
 0.0075102 -0.0155496
 0.0072647 -0.0166946
 0.0073232 -0.0175138
 0.0072518 -0.0181969
 0.0071973 -0.0183652
 0.0064573 -0.0188408
 0.0054314 -0.0192248
 0.0047289 -0.0196661
 0.0034939 -0.0204579
 0.0022387 -0.0215036
 0.0014749 -0.0222401
 0.0008317 -0.0237849
 0.0003719 -0.0251560
 0.0007699 -0.0266140
 0.0010748 -0.0280021
 0.0014736 -0.0293098
 0.0019674 -0.0301008
 0.0023808 -0.0311792
 0.0027966 -0.0317413
 0.0033053 -0.0323841
 0.0033376 -0.0333273
 0.0039464 -0.0342317
 0.0044983 -0.0345999
 0.0047833 -0.0350840
 0.0060652 -0.0351042
 0.0067911 -0.0344958
 0.0070758 -0.0334869
 0.0073006 -0.0317888
 0.0073955 -0.0300568
 0.0066804 -0.0282795
 0.0060602 -0.0263080
 0.0052321 -0.0246256
 0.0043031 -0.0228762
 0.0033906 -0.0215329
 0.0027106 -0.0204795
 0.0019741 -0.0192832
 0.0016159 -0.0180183
 0.0008649 -0.0167307
 0.0006069 -0.0150600
-0.0001057 -0.0129088
-0.0006237 -0.0107568
-0.0003750 -0.0078094
 0.0001854 -0.0046161
 0.0005589 -0.0014446
 0.0019264  0.0019376
 0.0033541  0.0058956
 0.0045315  0.0094473
 0.0066326  0.0138623
 0.0087463  0.0187913
 0.0105636  0.0238728
 0.0125589  0.0299751
 0.0144081  0.0364758
 0.0152766  0.0432236
 0.0165085  0.0498192
 0.0176447  0.0563967
 0.0190513  0.0629147
 0.0208993  0.0697607
 0.0231062  0.0771193
 0.0255138  0.0851139
 0.0283187  0.0937020
 0.0303378  0.1034969
 0.0326065  0.1128690
 0.0346063  0.1232558
 0.0358377  0.1332904
 0.0376380  0.1432912
 0.0389809  0.1538055
 0.0403359  0.1638183
 0.0417163  0.1743730
 0.0429517  0.1845809
 0.0443381  0.1949620
 0.0456857  0.2055405
 0.0468779  0.2158546
 0.0481839  0.2266710
 0.0490156  0.2373251
 0.0501117  0.2483838
 0.0511267  0.2593876
 0.0524259  0.2708295
 0.0544774  0.2822329
 0.0566665  0.2936703
 0.0592371  0.3048417
 0.0618466  0.3163388
 0.0646094  0.3276401
 0.0673577  0.3385199
 0.0699700  0.3499161
 0.0727967  0.3620499
 0.0755495  0.3740694
 0.0783778  0.3866222
 0.0813599  0.3991678
 0.0843363  0.4118135
 0.0874666  0.4244435
 0.0906320  0.4369079
 0.0936379  0.4488609
 0.0963579  0.4604666
 0.0987852  0.4721297
 0.1009085  0.4835444
 0.1030531  0.4949753
 0.1050226  0.5063020
 0.1074019  0.5177151
 0.1094780  0.5291444
 0.1118007  0.5404820
 0.1143722  0.5510526
 0.1166360  0.5616622
 0.1190153  0.5712739
 0.1221230  0.5803650
 0.1249011  0.5894085
 0.1281036  0.5982368
 0.1307680  0.6065466
 0.1332707  0.6152384
 0.1356581  0.6236876
 0.1377728  0.6320678
 0.1399255  0.6395839
 0.1420831  0.6470476
 0.1444147  0.6541697
 0.1469429  0.6609022
 0.1503211  0.6673468
 0.1532212  0.6731717
 0.1558400  0.6785709
 0.1584551  0.6835709
 0.1603414  0.6882608
 0.1618850  0.6922768
 0.1630547  0.6962020
 0.1640527  0.6994521
 0.1650908  0.7023594
 0.1663400  0.7045817
 0.1678314  0.7062846
 0.1689570  0.7070477
 0.1706135  0.7076012
 0.1722842  0.7073921
 0.1735559  0.7069795
 0.1748656  0.7065112
 0.1761236  0.7057603
 0.1774471  0.7046037
 0.1791352  0.7034078
 0.1799492  0.7014053
 0.1813595  0.6991871
 0.1825546  0.6965616
 0.1836351  0.6931544
 0.1842185  0.6898611
 0.1844681  0.6857280
 0.1839843  0.6814563
 0.1831050  0.6765714
 0.1823754  0.6713603
 0.1815708  0.6653243
 0.1812639  0.6589798
 0.1819039  0.6527125
 0.1821248  0.6460753
 0.1827676  0.6393028
 0.1836983  0.6326838
 0.1835917  0.6259270
 0.1834856  0.6185058
 0.1832979  0.6106606
 0.1821641  0.6025670
 0.1815117  0.5939196
 0.1809929  0.5850222
 0.1798434  0.5755616
 0.1790520  0.5661575
 0.1785461  0.5568487
 0.1780030  0.5470590
 0.1770179  0.5375031
 0.1758776  0.5279831
 0.1747423  0.5183582
 0.1729343  0.5088087
 0.1713782  0.4987643
 0.1698993  0.4884749
 0.1679411  0.4780555
 0.1658460  0.4670385
 0.1639278  0.4565476
 0.1622228  0.4455706
 0.1600063  0.4353776
 0.1581935  0.4253054
 0.1561328  0.4149352
 0.1543737  0.4049082
 0.1527305  0.3950729
 0.1517914  0.3852550
 0.1506024  0.3754738
 0.1493742  0.3659381
 0.1480188  0.3564646
 0.1464697  0.3468126
 0.1440597  0.3370439
 0.1421904  0.3271662
 0.1398786  0.3173790
 0.1377727  0.3081332
 0.1356627  0.2992192
 0.1339189  0.2907260
 0.1319050  0.2824897
 0.1299122  0.2744386
 0.1276496  0.2659659
 0.1258101  0.2576468
 0.1233492  0.2488253
 0.1214653  0.2402093
 0.1195035  0.2314254
 0.1173628  0.2231058
 0.1154409  0.2150357
 0.1130592  0.2068663
 0.1107517  0.1988342
 0.1082800  0.1911638
 0.1054490  0.1832023
 0.1033867  0.1754976
 0.1005589  0.1679423
 0.0985164  0.1611025
 0.0966099  0.1546268
 0.0947968  0.1481450
 0.0927865  0.1419318
 0.0911150  0.1357952
 0.0884285  0.1298872
 0.0859111  0.1236868
 0.0830905  0.1177400
 0.0801177  0.1114646
 0.0776637  0.1054043
 0.0756737  0.1003014
 0.0742020  0.0948915
 0.0727627  0.0910151
 0.0712523  0.0867173
 0.0695461  0.0834674
 0.0673783  0.0796306
 0.0650943  0.0762464
 0.0620618  0.0722497
 0.0595831  0.0682760
 0.0565853  0.0640544
 0.0540816  0.0601029
 0.0524391  0.0564292
 0.0504159  0.0531989
 0.0492409  0.0501660
 0.0487972  0.0477069
 0.0479130  0.0453802
 0.0472650  0.0429141
 0.0462120  0.0407553
 0.0453739  0.0388206
 0.0438239  0.0367873
 0.0423507  0.0350984
 0.0406638  0.0342320
 0.0387941  0.0327530
 0.0373164  0.0315745
 0.0363163  0.0302065
 0.0357393  0.0288204
 0.0349633  0.0275825
 0.0346451  0.0265577
 0.0339833  0.0255330
 0.0331083  0.0244089
 0.0321409  0.0235045
 0.0310855  0.0224446
 0.0298173  0.0214280
 0.0287409  0.0202519
 0.0279379  0.0195086
 0.0269539  0.0189894
 0.0252614  0.0188577
 0.0243145  0.0185962
 0.0227593  0.0183470
 0.0211221  0.0182001
 0.0190815  0.0179514
 0.0175061  0.0172457
 0.0159827  0.0163865
 0.0145603  0.0154713
 0.0134302  0.0142132
 0.0126037  0.0129960
 0.0115512  0.0118558
 0.0107873  0.0107524
 0.0098147  0.0098461
 0.0086903  0.0088598
 0.0084097  0.0079304
 0.0075562  0.0072869
 0.0074303  0.0057034
 0.0075983  0.0047882
 0.0078947  0.0045040
 0.0083749  0.0038285
 0.0090997  0.0037089
 0.0102630  0.0038514
 0.0103184  0.0047057
 0.0105401  0.0054990
 0.0100116  0.0071704
 0.0091739  0.0082689
 0.0081576  0.0092512
 0.0070239  0.0099714
 0.0062886  0.0104587
 0.0053451  0.0108144
 0.0054553  0.0104998
 0.0044164  0.0105745
 0.0045282  0.0101065
 0.0044136  0.0096414
 0.0040696  0.0093099
 0.0044689  0.0086905
 0.0045993  0.0085871
 0.0047078  0.0085850
 0.0049900  0.0085406
 0.0047901  0.0078680
 0.0043601  0.0078300
 0.0041263  0.0071796
 0.0039656  0.0060737
 0.0036955  0.0051556
 0.0036357  0.0040333
 0.0037075  0.0033263
 0.0036127  0.0029121
 0.0037447  0.0022044
 0.0028035  0.0020703
 0.0024377  0.0018563
 0.0024728  0.0018688
 0.0019669  0.0014448
 0.0020012  0.0010027
 0.0017085  0.0005235
 0.0009979 -0.0001512
 0.0008053 -0.0008206
 0.0004262 -0.0016846
-0.0003752 -0.0028361
-0.0005266 -0.0037530
-0.0002008 -0.0042104
-0.0001600 -0.0047841
 0.0003027 -0.0050465
 0.0004178 -0.0045047
 0.0003633 -0.0044627
 0.0004194 -0.0036960
 0.0001505 -0.0034448
-0.0000817 -0.0030827
-0.0004273 -0.0026257
-0.0006986 -0.0026103
-0.0008314 -0.0024255
-0.0009235 -0.0025034
-0.0007337 -0.0021239
-0.0004765 -0.0018393
 0.0000843 -0.0020080
 0.0004134 -0.0021416
 0.0006121 -0.0023887
 0.0010449 -0.0033423
 0.0014762 -0.0043069
 0.0014641 -0.0050607
 0.0016200 -0.0053717
 0.0021218 -0.0054375
 0.0018885 -0.0047928
 0.0019777 -0.0038965
 0.0018012 -0.0028253
 0.0013340 -0.0021357
 0.0011297 -0.0017340
 0.0014082 -0.0022581
 0.0013746 -0.0029348
 0.0020839 -0.0044529
 0.0022829 -0.0060065
 0.0030778 -0.0075569
 0.0030657 -0.0088739
 0.0028847 -0.0101166
 0.0025343 -0.0105139
 0.0020909 -0.0105058
 0.0016827 -0.0098472
 0.0012987 -0.0084357
 0.0014009 -0.0073895
 0.0010251 -0.0059012
 0.0006311 -0.0044311
 0.0002811 -0.0035420
-0.0002623 -0.0028258
-0.0010786 -0.0027236
-0.0016600 -0.0027918
-0.0015723 -0.0027102
-0.0017321 -0.0028656
-0.0017010 -0.0027328
-0.0009992 -0.0024720
-0.0008332 -0.0023704
-0.0003672 -0.0022457
-0.0004556 -0.0020059
-0.0007188 -0.0020297
-0.0015764 -0.0019764
-0.0021274 -0.0015202
-0.0028211 -0.0013196
-0.0037239 -0.0008864
-0.0037308 -0.0003261
-0.0036351  0.0003723
-0.0033896  0.0012101
-0.0031825  0.0024455
-0.0032988  0.0032089
-0.0034171  0.0038069
-0.0036736  0.0042539
-0.0040987  0.0042459
-0.0041815  0.0042209
-0.0042809  0.0035839
-0.0042845  0.0030449
-0.0042494  0.0020643
-0.0046790  0.0011741
-0.0052741  0.0001329
-0.0053557 -0.0007553
-0.0055087 -0.0013992
-0.0055475 -0.0022159
-0.0056424 -0.0026717
-0.0059847 -0.0032261
-0.0057291 -0.0034687
-0.0053621 -0.0039702
-0.0052636 -0.0041264
-0.0052212 -0.0046061
-0.0050290 -0.0048617
-0.0055850 -0.0052711
-0.0061034 -0.0055626
-0.0063937 -0.0060980
-0.0065709 -0.0069749
-0.0061882 -0.0078474
-0.0052297 -0.0081622
-0.0049798 -0.0082882
-0.0036115 -0.0083559
-0.0029396 -0.0082966
-0.0022827 -0.0084157
-0.0012034 -0.0085356
-0.0001489 -0.0087747
 0.0009812 -0.0088450
 0.0021476 -0.0087764
 0.0027544 -0.0082778
 0.0033079 -0.0079564
 0.0034109 -0.0073193
 0.0035841 -0.0069341
 0.0034788 -0.0067097
 0.0030646 -0.0070404
 0.0029391 -0.0067990
 0.0026173 -0.0066330
 0.0020662 -0.0063916
 0.0017449 -0.0058430
 0.0011122 -0.0053158
 0.0006552 -0.0050319
 0.0001723 -0.0046541
-0.0000397 -0.0041966
-0.0004228 -0.0046165
-0.0004863 -0.0049972
-0.0003542 -0.0050917
 0.0000604 -0.0048398
 0.0002477 -0.0043581
 0.0004713 -0.0036454
 0.0001766 -0.0027976
-0.0002729 -0.0016594
-0.0010852 -0.0009620
-0.0024911 -0.0007097
-0.0029768 -0.0008336
-0.0044146 -0.0009458
-0.0056234 -0.0011283
-0.0062577 -0.0015178
-0.0067931 -0.0019671
-0.0070954 -0.0022961
-0.0069549 -0.0025883
-0.0065079 -0.0029569
-0.0059875 -0.0028539
-0.0054642 -0.0026932
-0.0044104 -0.0026718
-0.0040591 -0.0025397
-0.0041508 -0.0020997
-0.0044705 -0.0019523
-0.0043453 -0.0014186
-0.0044482 -0.0010568
-0.0044207 -0.0009273
-0.0041069 -0.0007634
-0.0039684 -0.0003496
-0.0035800 -0.0001615
-0.0033636  0.0004062
-0.0032638  0.0003976
-0.0030272  0.0007735
-0.0024631  0.0004997
-0.0016705  0.0007835
-0.0005554  0.0011190
 0.0002509  0.0014787
 0.0013051  0.0018566
 0.0018178  0.0027884
 0.0023612  0.0034352
 0.0024641  0.0039875
 0.0023736  0.0044671
 0.0017057  0.0048305
 0.0011574  0.0049105
 0.0009175  0.0049545
 0.0002771  0.0041482
 0.0000978  0.0037098
-0.0000011  0.0030949
 0.0003622  0.0025191
 0.0000332  0.0020366
-0.0004440  0.0017766
-0.0008627  0.0011282
-0.0014513  0.0007144
-0.0018155 -0.0001584
-0.0021777 -0.0009315
-0.0015821 -0.0014822
-0.0012030 -0.0024746
-0.0006842 -0.0034084
 0.0001749 -0.0037096
 0.0006154 -0.0040552
 0.0011936 -0.0038796
 0.0015210 -0.0039401
 0.0017968 -0.0034851
 0.0022624 -0.0031827
 0.0022644 -0.0024649
 0.0022083 -0.0026297
 0.0020912 -0.0028559
 0.0014274 -0.0031697
 0.0012279 -0.0036711
 0.0006642 -0.0044015
 0.0002911 -0.0041132
 0.0001789 -0.0036929
 0.0000683 -0.0028471
 0.0004712 -0.0020182
 0.0012246 -0.0007871
 0.0021242  0.0003107
 0.0029817  0.0014279
 0.0037827  0.0022354
 0.0043338  0.0022907
 0.0045013  0.0026996
 0.0043822  0.0022502
 0.0037354  0.0019865
 0.0038925  0.0014955
 0.0034936  0.0014631
 0.0033855  0.0016657
 0.0034040  0.0015825
 0.0027883  0.0020242
 0.0023995  0.0022378
 0.0015714  0.0020162
 0.0013558  0.0020009
 0.0016226  0.0017159
 0.0016969  0.0021729
 0.0015923  0.0027018
 0.0015462  0.0033114
 0.0013023  0.0039412
 0.0001608  0.0041092
-0.0005195  0.0037438
-0.0009153  0.0030166
-0.0017870  0.0020428
-0.0018125  0.0010920
-0.0017241  0.0002567
-0.0013813 -0.0003295
-0.0008811 -0.0012019
-0.0005891 -0.0008260
-0.0004502 -0.0005336
-0.0003258  0.0002355
-0.0005062  0.0004099
-0.0007662  0.0009522
-0.0011400  0.0013753
-0.0014763  0.0014359
-0.0018715  0.0016572
-0.0013515  0.0019524
-0.0006013  0.0022851
 0.0001642  0.0025436
 0.0013742  0.0024552
 0.0023182  0.0020934
 0.0031544  0.0015911
 0.0034520  0.0007994
 0.0040932 -0.0000950
 0.0037178 -0.0002812
 0.0035854 -0.0001763
 0.0031223  0.0000098
 0.0025643  0.0007325
 0.0021985  0.0011924
 0.0021746  0.0022607
 0.0020753  0.0024884
 0.0024172  0.0024419
 0.0024911  0.0026594
 0.0026243  0.0022113
 0.0029740  0.0022245
 0.0029191  0.0027195
 0.0022877  0.0027781
 0.0018314  0.0026848
 0.0010974  0.0031455
 0.0003783  0.0031116
 0.0006730  0.0030430
 0.0006079  0.0035667
 0.0004851  0.0042620
 0.0006720  0.0052682
 0.0002736  0.0060753
-0.0001669  0.0070754
-0.0012489  0.0070955
-0.0022792  0.0066922
-0.0032276  0.0052847
-0.0033902  0.0039370
-0.0029461  0.0024503
-0.0022343  0.0014437
-0.0014668  0.0004012
-0.0006605 -0.0002339
-0.0002979 -0.0006595
-0.0001635 -0.0006986
-0.0000452 -0.0012122
 0.0004930 -0.0013038
 0.0008992 -0.0016478
 0.0014144 -0.0015137
 0.0019506 -0.0011475
 0.0021629 -0.0007042
 0.0026240 -0.0001148
 0.0025485  0.0006491
 0.0030649  0.0011663
 0.0028715  0.0017235
 0.0028618  0.0023574
 0.0028880  0.0029759
 0.0028705  0.0038246
 0.0023201  0.0044779
 0.0018469  0.0048865
 0.0015884  0.0047998
 0.0011641  0.0041481
 0.0008048  0.0034638
 0.0009825  0.0026834
 0.0011428  0.0020891
 0.0013717  0.0019397
 0.0010503  0.0022094
 0.0009328  0.0022902
 0.0003704  0.0028251
-0.0001913  0.0029620
-0.0005768  0.0027913
-0.0015390  0.0018501
-0.0021184  0.0001027
-0.0031944 -0.0016294
-0.0037940 -0.0034576
-0.0038348 -0.0053581
-0.0034791 -0.0059871
-0.0029288 -0.0068269
-0.0024755 -0.0068014
-0.0021117 -0.0066596
-0.0017693 -0.0066915
-0.0011726 -0.0068401
-0.0007494 -0.0071473
 0.0005110 -0.0071675
 0.0019863 -0.0070973
 0.0032423 -0.0067343
 0.0048056 -0.0056022
 0.0060450 -0.0048262
 0.0064625 -0.0034954
 0.0063684 -0.0023115
 0.0063386 -0.0012593
 0.0059079 -0.0005454
 0.0058453 -0.0001909
 0.0064188  0.0005811
 0.0068371  0.0009255
 0.0080000  0.0014806
 0.0084708  0.0018395
 0.0087309  0.0018806
 0.0088133  0.0019003
 0.0087002  0.0018384
 0.0079698  0.0019094
 0.0082153  0.0020595
 0.0078293  0.0025608
 0.0077840  0.0030416
 0.0078971  0.0034719
 0.0075119  0.0042120
 0.0071085  0.0040464
 0.0063798  0.0038885
 0.0053409  0.0036523
 0.0047434  0.0027854
 0.0039665  0.0022101
 0.0034198  0.0017534
 0.0028169  0.0015088
 0.0020990  0.0011886
 0.0015552  0.0007603
 0.0009931  0.0005436
 0.0002619  0.0000765
-0.0001616 -0.0004067
-0.0004083 -0.0010478
-0.0008504 -0.0013481
-0.0010471 -0.0021092
-0.0007002 -0.0030822
-0.0010640 -0.0033668
-0.0011193 -0.0033293
-0.0012315 -0.0028694
-0.0018622 -0.0023138
-0.0020123 -0.0015257
-0.0024504 -0.0012273
-0.0027495 -0.0006467
-0.0028028 -0.0001779
-0.0025864  0.0003091
-0.0023865  0.0005986
-0.0018450  0.0011743
-0.0015301  0.0020141
-0.0009499  0.0028143
-0.0006151  0.0032874
 0.0000083  0.0039879
 0.0005373  0.0044873
 0.0010263  0.0048713
 0.0012645  0.0047752
 0.0014806  0.0046775
 0.0021149  0.0041260
 0.0022901  0.0038995
 0.0026159  0.0038656
 0.0029215  0.0037287
 0.0030939  0.0034711
 0.0036668  0.0035809
 0.0037201  0.0042240
 0.0039684  0.0041832
 0.0040043  0.0045284
 0.0037181  0.0047404
 0.0034335  0.0040416
 0.0030322  0.0032797
 0.0029974  0.0026931
 0.0030180  0.0019898
 0.0028105  0.0012994
 0.0026430  0.0010875
 0.0023822  0.0012764
 0.0022910  0.0009425
 0.0024118  0.0006989
 0.0024699  0.0006384
 0.0029269  0.0008051
 0.0030383  0.0009589
 0.0034925  0.0015185
 0.0035829  0.0016207
 0.0035405  0.0017370
 0.0032280  0.0015072
 0.0027834  0.0010502
 0.0024140  0.0003202
 0.0013974  0.0001301
 0.0008204 -0.0004581
-0.0003493 -0.0006067
-0.0015128 -0.0009862
-0.0020433 -0.0011335
-0.0028588 -0.0011081
-0.0027405 -0.0006756
-0.0025080 -0.0000917
-0.0018139  0.0009350
-0.0010003  0.0021681
-0.0004338  0.0028807
-0.0001362  0.0032792
-0.0000485  0.0034298
 0.0000791  0.0030736
 0.0000118  0.0019685
 0.0001107  0.0015530
 0.0000905  0.0012154
 0.0001058  0.0007434
-0.0000590  0.0012186
-0.0006844  0.0014236
-0.0012493  0.0015185
-0.0012223  0.0019162
-0.0016887  0.0019819
-0.0021987  0.0022613
-0.0021560  0.0023489
-0.0020947  0.0027255
-0.0020326  0.0028902
-0.0018711  0.0035196
-0.0019188  0.0040344
-0.0020335  0.0044341
-0.0024804  0.0051431
-0.0032072  0.0052173
-0.0038815  0.0052077
-0.0045912  0.0053878
-0.0058764  0.0053798
-0.0062636  0.0055103
-0.0070743  0.0053856
-0.0080546  0.0045490
-0.0087661  0.0040569
-0.0098045  0.0030068
-0.0104347  0.0019914
-0.0112576  0.0011290
-0.0113916  0.0008576
-0.0110968  0.0007846
-0.0101173  0.0011342
-0.0091172  0.0017706
-0.0081894  0.0022571
-0.0077461  0.0024740
-0.0072781  0.0021683
-0.0067189  0.0023436
-0.0065800  0.0019757
-0.0060401  0.0018324
-0.0055811  0.0020523
-0.0049654  0.0022727
-0.0042576  0.0019339
-0.0035099  0.0017918
-0.0023786  0.0008813
-0.0012271  0.0002227
 0.0000576 -0.0009090
 0.0015358 -0.0020185
 0.0026937 -0.0030904
 0.0035388 -0.0036459
 0.0036951 -0.0043509
 0.0041570 -0.0045374
 0.0038436 -0.0043444
 0.0036312 -0.0037827
 0.0027014 -0.0031262
 0.0018886 -0.0023732
 0.0014763 -0.0017752
 0.0004923 -0.0008720
-0.0000140 -0.0005228
-0.0006899 -0.0000205
-0.0010763  0.0004014
-0.0016859  0.0007321
-0.0025975  0.0006578
-0.0030901  0.0009639
-0.0032342  0.0014241
-0.0035906  0.0021137
-0.0034117  0.0020552
-0.0027346  0.0028264
-0.0024027  0.0031425
-0.0021039  0.0031721
-0.0020530  0.0032335
-0.0019084  0.0026791
-0.0022583  0.0023876
-0.0021719  0.0027465
-0.0027008  0.0028720
-0.0027516  0.0031356
-0.0033629  0.0037691
-0.0037852  0.0041931
-0.0041373  0.0042920
-0.0045596  0.0037244
-0.0046028  0.0035646
-0.0046073  0.0032138
-0.0045149  0.0029369
-0.0039787  0.0022513
-0.0032903  0.0022590
-0.0024057  0.0021234
-0.0014992  0.0020995
-0.0005561  0.0022844
 0.0002123  0.0026255
 0.0005095  0.0027551
 0.0006802  0.0031697
 0.0000254  0.0034321
-0.0001725  0.0033481
-0.0010967  0.0032811
-0.0015918  0.0027751
-0.0024046  0.0025191
-0.0032981  0.0022397
-0.0036692  0.0019574
-0.0047513  0.0019315
-0.0052956  0.0019355
-0.0060881  0.0020194
-0.0065577  0.0021828
-0.0068986  0.0027537
-0.0067541  0.0033258
-0.0064239  0.0036359
-0.0058963  0.0038499
-0.0052479  0.0036844
-0.0049224  0.0032464
-0.0039574  0.0031535
-0.0028810  0.0025790
-0.0019940  0.0024578
-0.0012652  0.0026064
-0.0008441  0.0019644
-0.0005361  0.0018077
-0.0002865  0.0015190
-0.0003737  0.0012118
-0.0003632  0.0009271
 0.0001868  0.0005456
 0.0004513  0.0004156
 0.0009989  0.0003414
 0.0014842  0.0004044
 0.0024876  0.0005623
 0.0029829  0.0004339
 0.0039992  0.0004594
 0.0043274  0.0004424
 0.0053304  0.0006403
 0.0061988  0.0007974
 0.0069943  0.0006254
 0.0077493  0.0008192
 0.0080211  0.0012807
 0.0080598  0.0012023
 0.0082822  0.0010477
 0.0084627  0.0009904
 0.0085914  0.0005256
 0.0082530  0.0003645
 0.0084149  0.0000887
 0.0081625  0.0000236
 0.0077164  0.0006664
 0.0069621  0.0011238
 0.0067122  0.0015417
 0.0062846  0.0021695
 0.0059975  0.0027052
 0.0062050  0.0030908
 0.0057201  0.0033375
 0.0057024  0.0034134
 0.0058517  0.0031635
 0.0058299  0.0028582
 0.0057181  0.0027662
 0.0053947  0.0029826
 0.0045549  0.0036226
 0.0039630  0.0040906
 0.0026779  0.0044863
 0.0017376  0.0048239
 0.0005857  0.0047525
-0.0000539  0.0048393
-0.0009979  0.0050917
-0.0013216  0.0044671
-0.0015296  0.0043368
-0.0019038  0.0041507
-0.0020220  0.0037958
-0.0022388  0.0035346
-0.0021991  0.0029674
-0.0017214  0.0022665
-0.0012069  0.0015616
-0.0006024  0.0008882
-0.0000218  0.0003750
 0.0000577  0.0001961
-0.0006157 -0.0003490
-0.0014620 -0.0008351
-0.0023830 -0.0016475
-0.0034751 -0.0020569
-0.0039192 -0.0023307
-0.0047021 -0.0023356
-0.0046084 -0.0019964
-0.0050925 -0.0012185
-0.0054983 -0.0004175
-0.0064976  0.0000824
-0.0077900  0.0005039
-0.0089254  0.0013567
-0.0096178  0.0012703
-0.0106167  0.0012954
-0.0106615  0.0013757
-0.0104318  0.0016628
-0.0102384  0.0018929
-0.0100813  0.0021166
-0.0100975  0.0021262
-0.0104556  0.0019009
-0.0111827  0.0017567
-0.0117374  0.0006495
-0.0122607  0.0005542
-0.0123633  0.0000903
-0.0122749 -0.0001414
-0.0118240  0.0000883
-0.0108538  0.0004791
-0.0107259  0.0009023
-0.0107150  0.0014276
-0.0102366  0.0014559
-0.0099063  0.0012331
-0.0096903  0.0013538
-0.0090701  0.0014209
-0.0073731  0.0016184
-0.0057577  0.0023379
-0.0033776  0.0031874
-0.0007669  0.0040224
 0.0011678  0.0047144
 0.0030283  0.0046773
 0.0042420  0.0045848
 0.0045153  0.0045469
 0.0045081  0.0038783
 0.0043261  0.0032683
 0.0038327  0.0027943
 0.0035138  0.0024713
 0.0028997  0.0023785
 0.0032611  0.0021697
 0.0037540  0.0015221
 0.0046491  0.0008507
 0.0059742  0.0005996
 0.0074341 -0.0004050
 0.0080866 -0.0010066
 0.0089514 -0.0009602
 0.0089098 -0.0007988
 0.0081560 -0.0005001
 0.0072286 -0.0005408
 0.0057876 -0.0009830
 0.0040567 -0.0006567
 0.0032613 -0.0005663
 0.0023298 -0.0005538
 0.0014015 -0.0000048
 0.0003970  0.0005007
-0.0004813  0.0011688
-0.0018343  0.0017159
-0.0022817  0.0017906
-0.0029790  0.0013456
-0.0029580  0.0006927
-0.0024396  0.0000411
-0.0024157 -0.0001511
-0.0019469 -0.0002072
-0.0017285 -0.0005702
-0.0017224 -0.0004337
-0.0019501 -0.0003880
-0.0017910 -0.0008947
-0.0021507 -0.0012475
-0.0024716 -0.0016972
-0.0024296 -0.0020521
-0.0023105 -0.0028680
-0.0018631 -0.0028486
-0.0012813 -0.0034029
-0.0006252 -0.0032697
 0.0005663 -0.0028325
 0.0012426 -0.0024162
 0.0018745 -0.0021110
 0.0024829 -0.0022834
 0.0027069 -0.0025519
 0.0038854 -0.0029665
 0.0047974 -0.0039758
 0.0054281 -0.0047336
 0.0061124 -0.0053033
 0.0073010 -0.0052044
 0.0077395 -0.0049565
 0.0085462 -0.0043319
 0.0089071 -0.0034744
 0.0086968 -0.0024158
 0.0083846 -0.0005155
 0.0076753  0.0008778
 0.0068112  0.0024419
 0.0060606  0.0039910
 0.0053896  0.0053731
 0.0049422  0.0060837
 0.0047121  0.0070826
 0.0042547  0.0072792
 0.0042183  0.0076410
 0.0042365  0.0077552
 0.0041227  0.0083277
 0.0034892  0.0085958
 0.0028888  0.0090548
 0.0018834  0.0084452
 0.0008256  0.0082728
-0.0000562  0.0075828
-0.0009319  0.0067765
-0.0015779  0.0062520
-0.0021908  0.0058038
-0.0019388  0.0055329
-0.0017874  0.0054752
-0.0019332  0.0055753
-0.0020180  0.0050885
-0.0019466  0.0055234
-0.0022879  0.0052889
-0.0024655  0.0053224
-0.0028111  0.0051424
-0.0030962  0.0049216
-0.0033247  0.0050613
-0.0029734  0.0050638
-0.0026802  0.0050028
-0.0025462  0.0050585
-0.0022732  0.0053007
-0.0023204  0.0048194
-0.0028501  0.0041242
-0.0026264  0.0034055
-0.0024232  0.0027279
-0.0021842  0.0022179
-0.0018502  0.0024190
-0.0012870  0.0025445
-0.0009034  0.0028157
-0.0006963  0.0032602
-0.0008901  0.0033412
-0.0015305  0.0036327
-0.0021478  0.0035377
-0.0028613  0.0035259
-0.0031310  0.0034003
-0.0029986  0.0033975
-0.0030430  0.0037968
-0.0026247  0.0044351
-0.0024766  0.0051841
-0.0023135  0.0053367
-0.0021468  0.0056035
-0.0017673  0.0056378
-0.0019099  0.0046874
-0.0015918  0.0035633
-0.0016960  0.0030941
-0.0021474  0.0018222
-0.0024438  0.0013979
-0.0031015  0.0005234
-0.0036773 -0.0003180
-0.0038493 -0.0011880
-0.0039232 -0.0016204
-0.0036114 -0.0023592
-0.0030333 -0.0024282
-0.0022459 -0.0026106
-0.0016665 -0.0029626
-0.0008393 -0.0030049
-0.0003374 -0.0034296
 0.0003244 -0.0039467
 0.0003668 -0.0049842
 0.0010100 -0.0055599
 0.0016504 -0.0059498
 0.0024261 -0.0059801
 0.0032340 -0.0060374
 0.0038069 -0.0056046
 0.0045073 -0.0051170
 0.0055526 -0.0048401
 0.0059805 -0.0046229
 0.0069696 -0.0048240
 0.0079806 -0.0050396
 0.0090921 -0.0050122
 0.0102609 -0.0048649
 0.0111282 -0.0048706
 0.0113612 -0.0046514
 0.0114391 -0.0043095
 0.0113479 -0.0039283
 0.0106579 -0.0033138
 0.0100115 -0.0022378
 0.0097245 -0.0014666
 0.0093115 -0.0010641
 0.0092606 -0.0000677
 0.0092288  0.0011351
 0.0092534  0.0027605
 0.0085877  0.0038543
 0.0074180  0.0054244
 0.0066674  0.0064233
 0.0058955  0.0068267
 0.0056015  0.0069862
 0.0055518  0.0072232
 0.0055889  0.0069600
 0.0056599  0.0067586
 0.0050874  0.0072047
 0.0045121  0.0068462
 0.0035573  0.0067978
 0.0027220  0.0065722
 0.0021087  0.0063724
 0.0017526  0.0062650
 0.0017619  0.0058459
 0.0016126  0.0061693
 0.0022662  0.0059247
 0.0020737  0.0057502
 0.0023001  0.0053118
 0.0022598  0.0046473
 0.0019141  0.0032523
 0.0014361  0.0020541
 0.0010574  0.0007157
 0.0005419 -0.0003336
-0.0003734 -0.0010854
-0.0012519 -0.0012764
-0.0019424 -0.0009906
-0.0025367 -0.0005513
-0.0026554  0.0003858
-0.0022516  0.0015950
-0.0020211  0.0022467
-0.0013892  0.0031454
-0.0008490  0.0040284
 0.0000558  0.0041196
 0.0004579  0.0036726
 0.0011508  0.0032051
 0.0019381  0.0018706
 0.0019005  0.0009791
 0.0021311  0.0000645
 0.0017843 -0.0005601
 0.0019542 -0.0008363
 0.0018108 -0.0009401
 0.0019545 -0.0006373
 0.0021523  0.0001116
 0.0025814  0.0007431
 0.0031446  0.0014553
 0.0038273  0.0021090
 0.0044975  0.0022099
 0.0052073  0.0025992
 0.0055231  0.0024918
 0.0062801  0.0024640
 0.0065749  0.0024931
 0.0066553  0.0024031
 0.0068466  0.0020442
 0.0066710  0.0019691
 0.0066278  0.0019094
 0.0065676  0.0015266
 0.0062801  0.0009913
 0.0055789 -0.0001070
 0.0050496 -0.0009136
 0.0047125 -0.0016832
 0.0038978 -0.0021443
 0.0029591 -0.0025993
 0.0016413 -0.0021354
 0.0003892 -0.0022790
-0.0013574 -0.0023888
-0.0025440 -0.0021336
-0.0034996 -0.0023646
-0.0038153 -0.0018535
-0.0041314 -0.0013089
-0.0042335 -0.0005362
-0.0043986  0.0002551
-0.0048552  0.0013900
-0.0052520  0.0018239
-0.0055585  0.0015869
-0.0056485  0.0013499
-0.0050731  0.0007087
-0.0045749 -0.0000884
-0.0038284 -0.0001373
-0.0032192 -0.0001470
-0.0028046  0.0004226
-0.0029669  0.0007117
-0.0033828  0.0005446
-0.0038694  0.0003327
-0.0038557 -0.0000491
-0.0040326 -0.0003426
-0.0040693 -0.0003687
-0.0045712  0.0002510
-0.0053758  0.0004392
-0.0064583  0.0010678
-0.0072364  0.0014675
-0.0085329  0.0016778
-0.0092508  0.0017986
-0.0097377  0.0012499
-0.0104855  0.0009702
-0.0109033  0.0005184
-0.0105751 -0.0000141
-0.0108722 -0.0004332
-0.0103138 -0.0012011
-0.0096981 -0.0017950
-0.0086112 -0.0023671
-0.0081029 -0.0033252
-0.0069228 -0.0046277
-0.0061065 -0.0053165
-0.0052526 -0.0056229
-0.0043216 -0.0059269
-0.0028108 -0.0057339
-0.0018907 -0.0047173
-0.0013678 -0.0036590
-0.0008796 -0.0025277
-0.0006018 -0.0015830
-0.0004011 -0.0009688
-0.0002008 -0.0009087
 0.0000948 -0.0013088
 0.0005962 -0.0022915
 0.0014994 -0.0028374
 0.0030712 -0.0033833
 0.0038561 -0.0035990
 0.0050153 -0.0031444
 0.0056985 -0.0028363
 0.0059985 -0.0019557
 0.0057499 -0.0014604
 0.0056067 -0.0004886
 0.0051161  0.0000580
 0.0049833  0.0010270
 0.0049587  0.0019023
 0.0050248  0.0029096
 0.0052420  0.0044406
 0.0054285  0.0058787
 0.0053372  0.0070331
 0.0056387  0.0081535
 0.0053795  0.0086829
 0.0048392  0.0088836
 0.0042001  0.0085320
 0.0037127  0.0078860
 0.0026278  0.0074270
 0.0022906  0.0068133
 0.0019094  0.0067139
 0.0017285  0.0068374
 0.0018669  0.0074822
 0.0017675  0.0081100
 0.0022044  0.0086978
 0.0023970  0.0088883
 0.0022843  0.0090797
 0.0026385  0.0093378
 0.0023950  0.0089938
 0.0020765  0.0084196
 0.0017390  0.0080595
 0.0011528  0.0070482
 0.0006256  0.0062229
 0.0002675  0.0054368
 0.0003660  0.0048251
-0.0002577  0.0043229
-0.0005601  0.0038335
-0.0007652  0.0033279
-0.0013385  0.0029932
-0.0018153  0.0021800
-0.0015270  0.0014096
-0.0016397  0.0001019
-0.0011737 -0.0010084
-0.0008632 -0.0018135
-0.0007643 -0.0021361
-0.0000912 -0.0017690
 0.0002593 -0.0012276
 0.0003545 -0.0005776
 0.0008980 -0.0003062
 0.0008270  0.0000159
 0.0012005 -0.0000838
 0.0015336 -0.0000079
 0.0015579 -0.0005344
 0.0018110 -0.0004238
 0.0016407 -0.0002110
 0.0014077  0.0003259
 0.0007899  0.0006308
 0.0002263  0.0015166
 0.0000857  0.0021158
-0.0002696  0.0024234
-0.0002802  0.0026649
-0.0000436  0.0025988
-0.0002605  0.0027111
 0.0000258  0.0028057
 0.0001288  0.0028837
 0.0001381  0.0027271
 0.0001482  0.0027768
 0.0007680  0.0026340
 0.0011787  0.0023562
 0.0019289  0.0020534
 0.0029798  0.0021863
 0.0039003  0.0022036
 0.0048600  0.0021443
 0.0055307  0.0019605
 0.0059328  0.0019189
 0.0057483  0.0015413
 0.0055626  0.0012474
 0.0048609  0.0013980
 0.0040818  0.0013341
 0.0037459  0.0010616
 0.0032405  0.0007834
 0.0037254  0.0008128
 0.0043238  0.0004029
 0.0045123  0.0004312
 0.0046237  0.0002878
 0.0047101  0.0001860
 0.0045497  0.0005816
 0.0041419  0.0006515
 0.0041415  0.0010661
 0.0041169  0.0014076
 0.0036768  0.0017100
 0.0030574  0.0018073
 0.0025200  0.0020746
 0.0021167  0.0017891
 0.0018437  0.0014084
 0.0015526  0.0015518
 0.0015151  0.0015542
 0.0017266  0.0024796
 0.0017501  0.0029407
 0.0012175  0.0034414
 0.0004718  0.0036707
-0.0000256  0.0029848
-0.0008855  0.0019689
-0.0015202  0.0012665
-0.0020544  0.0008288
-0.0022304  0.0000460
-0.0018873 -0.0003743
-0.0016212 -0.0010300
-0.0007637 -0.0013748
-0.0004803 -0.0019889
-0.0004076 -0.0026967
-0.0005082 -0.0036305
-0.0006091 -0.0040657
-0.0010666 -0.0050783
-0.0013928 -0.0050928
-0.0010666 -0.0057820
-0.0012030 -0.0062447
-0.0008599 -0.0065314
-0.0002313 -0.0066097
 0.0009429 -0.0067599
 0.0020621 -0.0064308
 0.0029940 -0.0060832
 0.0039328 -0.0051941
 0.0048538 -0.0045231
 0.0053913 -0.0038904
 0.0057499 -0.0033312
 0.0060689 -0.0023525
 0.0061554 -0.0016007
 0.0059689 -0.0006176
 0.0054315 -0.0000575
 0.0047919  0.0005372
 0.0041742  0.0009365
 0.0033719  0.0009732
 0.0024279  0.0010071
 0.0022635  0.0009622
 0.0012214  0.0012961
 0.0006812  0.0018407
 0.0002309  0.0023510
-0.0005754  0.0027696
-0.0010187  0.0030139
-0.0019756  0.0031281
-0.0021471  0.0034939
-0.0019929  0.0038763
-0.0019146  0.0046067
-0.0015363  0.0057574
-0.0012759  0.0067575
-0.0012921  0.0075856
-0.0016511  0.0085538
-0.0018059  0.0084856
-0.0025194  0.0083827
-0.0029947  0.0084534
-0.0034704  0.0073565
-0.0045525  0.0067942
-0.0047636  0.0061967
-0.0053341  0.0055116
-0.0058040  0.0050227
-0.0058306  0.0042968
-0.0057385  0.0039532
-0.0054837  0.0034723
-0.0053431  0.0028756
-0.0051094  0.0027403
-0.0050751  0.0028574
-0.0045740  0.0029963
-0.0043374  0.0030202
-0.0040224  0.0030367
-0.0036109  0.0031126
-0.0031454  0.0029131
-0.0025805  0.0031343
-0.0021174  0.0033519
-0.0024392  0.0035468
-0.0026705  0.0031288
-0.0032677  0.0031599
-0.0037704  0.0029180
-0.0040607  0.0025340
-0.0035637  0.0023645
-0.0033574  0.0026544
-0.0033029  0.0033823
-0.0032476  0.0043255
-0.0037087  0.0052799
-0.0038290  0.0064080
-0.0039526  0.0071843
-0.0043984  0.0080184
-0.0045991  0.0082978
-0.0049342  0.0085614
-0.0056848  0.0083236
-0.0067524  0.0082614
-0.0076782  0.0074736
-0.0085099  0.0070945
-0.0092836  0.0066194
-0.0094225  0.0057239
-0.0099070  0.0053137
-0.0101396  0.0042664
-0.0101190  0.0034299
-0.0098077  0.0025736
-0.0090554  0.0019829
-0.0078345  0.0009683
-0.0061379  0.0007176
-0.0048446  0.0004652
-0.0038937  0.0004228
-0.0034035  0.0005932
-0.0032953  0.0006691
-0.0035960  0.0006118
-0.0041273  0.0006889
-0.0045109  0.0005968
-0.0043809  0.0009614
-0.0039433  0.0016167
-0.0028197  0.0020015
-0.0018224  0.0022886
-0.0005942  0.0029637
 0.0003853  0.0035422
 0.0007822  0.0036771
 0.0008828  0.0042896
 0.0010855  0.0042665
 0.0009023  0.0046654
 0.0003887  0.0043900
-0.0000905  0.0045576
-0.0002556  0.0044470
-0.0008059  0.0038543
-0.0007651  0.0036682
-0.0008296  0.0034203
-0.0001493  0.0034498
 0.0004334  0.0034873
 0.0008061  0.0034708
 0.0010923  0.0038370
 0.0010362  0.0038535
 0.0002222  0.0037154
-0.0003431  0.0035176
-0.0012060  0.0034138
-0.0020108  0.0026612
-0.0024267  0.0024197
-0.0022709  0.0023179
-0.0020683  0.0021184
-0.0018846  0.0023412
-0.0015414  0.0023982
-0.0016549  0.0020126
-0.0015867  0.0020732
-0.0014357  0.0015035
-0.0019921  0.0006508
-0.0022848  0.0000324
-0.0026494 -0.0006055
-0.0027859 -0.0018425
-0.0027108 -0.0031422
-0.0018892 -0.0041576
-0.0013999 -0.0053919
 0.0001832 -0.0062938
 0.0008008 -0.0067606
 0.0012699 -0.0064921
 0.0018590 -0.0061085
 0.0013405 -0.0053959
 0.0006921 -0.0040849
 0.0001023 -0.0031821
-0.0004609 -0.0028329
-0.0009732 -0.0025701
-0.0014254 -0.0025923
-0.0016882 -0.0031939
-0.0015921 -0.0037019
-0.0017806 -0.0041731
-0.0016296 -0.0050654
-0.0012065 -0.0055705
-0.0005181 -0.0064947
 0.0001558 -0.0065533
 0.0012079 -0.0068751
 0.0015503 -0.0067777
 0.0024486 -0.0060433
 0.0034591 -0.0052762
 0.0036565 -0.0042995
 0.0041211 -0.0033616
 0.0038199 -0.0022901
 0.0034827 -0.0016595
 0.0027075 -0.0011431
 0.0019330 -0.0009484
 0.0010307 -0.0006928
 0.0001889 -0.0007639
-0.0001494 -0.0006415
-0.0004555 -0.0007856
-0.0002221 -0.0008805
-0.0003590 -0.0006475
-0.0004712 -0.0001331
-0.0004712  0.0001701
-0.0003578  0.0007777
-0.0007022  0.0011547
-0.0004494  0.0013982
-0.0008091  0.0013384
-0.0004437  0.0017038
-0.0005168  0.0018035
-0.0002797  0.0022889
-0.0008074  0.0023943
-0.0007177  0.0026717
-0.0010685  0.0022579
-0.0008613  0.0024966
-0.0006028  0.0022366
-0.0003617  0.0017412
 0.0001062  0.0016516
 0.0008407  0.0012725
 0.0010636  0.0010242
 0.0018174  0.0005850
 0.0018425  0.0002930
 0.0019253  0.0001933
 0.0018894 -0.0000171
 0.0016419  0.0000811
 0.0012793  0.0005825
 0.0012814  0.0007614
 0.0013976  0.0012447
 0.0015749  0.0022626
 0.0015019  0.0029893
 0.0016949  0.0033482
 0.0014478  0.0035323
 0.0010634  0.0030049
 0.0006266  0.0025035
 0.0003560  0.0019443
 0.0000863  0.0015918
 0.0003932  0.0017585
 0.0004501  0.0021380
 0.0003689  0.0025724
 0.0005575  0.0026471
 0.0002280  0.0027040
-0.0007370  0.0021068
-0.0015288  0.0011912
-0.0026415  0.0005654
-0.0035100 -0.0003293
-0.0039686 -0.0008598
-0.0044136 -0.0008965
-0.0048198 -0.0007225
-0.0051525 -0.0009018
-0.0051639 -0.0016568
-0.0051203 -0.0020453
-0.0047146 -0.0035270
-0.0044381 -0.0046055
-0.0034284 -0.0057509
-0.0029294 -0.0068620
-0.0020391 -0.0069298
-0.0011265 -0.0070694
-0.0004526 -0.0069458
 0.0000243 -0.0065319
 0.0009018 -0.0057183
 0.0016064 -0.0054986
 0.0021507 -0.0052677
 0.0021519 -0.0051361
 0.0024196 -0.0052128
 0.0021288 -0.0047731
 0.0018163 -0.0048131
 0.0015829 -0.0047562
 0.0012745 -0.0042575
 0.0011892 -0.0039119
 0.0016091 -0.0033725
 0.0018142 -0.0030677
 0.0018122 -0.0024823
 0.0018497 -0.0016809
 0.0013507 -0.0007148
 0.0008694 -0.0001677
 0.0006615  0.0006086
 0.0002186  0.0014282
 0.0001144  0.0019740
-0.0002337  0.0023333
-0.0000290  0.0020616
 0.0000408  0.0015601
 0.0002314  0.0009468
 0.0008648 -0.0000847
 0.0014644 -0.0005422
 0.0021395 -0.0006750
 0.0026224  0.0003086
 0.0032591  0.0014044
 0.0034538  0.0026895
 0.0031849  0.0037271
 0.0024008  0.0048229
 0.0014072  0.0049937
 0.0008953  0.0050151
-0.0001763  0.0046554
-0.0009336  0.0041761
-0.0010196  0.0037086
-0.0014520  0.0033061
-0.0012888  0.0034248
-0.0007300  0.0034107
-0.0006839  0.0034866
-0.0004711  0.0035815
-0.0000666  0.0033247
-0.0000876  0.0028930
 0.0000057  0.0022155
 0.0001534  0.0006368
 0.0000912 -0.0007270
 0.0000327 -0.0023194
 0.0001429 -0.0036582
-0.0000869 -0.0052607
-0.0001297 -0.0059607
-0.0006659 -0.0065118
-0.0008766 -0.0067911
-0.0013926 -0.0066506
-0.0023091 -0.0061294
-0.0026248 -0.0059917
-0.0034088 -0.0056101
-0.0036857 -0.0053094
-0.0042203 -0.0051035
-0.0043398 -0.0049606
-0.0042866 -0.0048141
-0.0037928 -0.0044164
-0.0031888 -0.0042877
-0.0019688 -0.0039849
-0.0006901 -0.0033724
 0.0000871 -0.0029925
 0.0007153 -0.0025193
 0.0011476 -0.0022194
 0.0012183 -0.0022848
 0.0012142 -0.0025784
 0.0009974 -0.0029688
 0.0005944 -0.0028740
 0.0000801 -0.0029317
-0.0010456 -0.0023398
-0.0017674 -0.0023390
-0.0030901 -0.0024981
-0.0037991 -0.0025256
-0.0044564 -0.0033222
-0.0039429 -0.0034612
-0.0028984 -0.0036174
-0.0017910 -0.0037317
-0.0005087 -0.0037062
 0.0004660 -0.0036242
 0.0007554 -0.0034058
 0.0016215 -0.0034162
 0.0020644 -0.0028352
 0.0022780 -0.0021020
 0.0020664 -0.0015968
 0.0025206 -0.0010792
 0.0027500 -0.0004244
 0.0028242 -0.0006508
 0.0024495 -0.0010687
 0.0026227 -0.0014647
 0.0023571 -0.0019254
 0.0029183 -0.0022076
 0.0026983 -0.0016928
 0.0024157 -0.0011381
 0.0022547 -0.0002951
 0.0016120  0.0006997
 0.0008707  0.0017349
 0.0000701  0.0019227
-0.0006720  0.0021891
-0.0012436  0.0028355
-0.0014177  0.0029251
-0.0016317  0.0033627
-0.0020209  0.0041068
-0.0020605  0.0043563
-0.0025979  0.0045445
-0.0025252  0.0041968
-0.0025636  0.0035577
-0.0020480  0.0031168
-0.0013196  0.0021361
-0.0004730  0.0012119
 0.0002946  0.0000628
 0.0011004 -0.0010313
 0.0012765 -0.0021255
 0.0020267 -0.0032435
 0.0025382 -0.0038717
 0.0031107 -0.0042524
 0.0030820 -0.0045903
 0.0038591 -0.0046375
 0.0043278 -0.0048934
 0.0045704 -0.0047654
 0.0052903 -0.0045759
 0.0060885 -0.0041967
 0.0065604 -0.0031538
 0.0066532 -0.0019624
 0.0068389 -0.0011754
 0.0066661 -0.0005093
 0.0063911 -0.0009175
 0.0063907 -0.0016330
 0.0061202 -0.0026525
 0.0055780 -0.0038464
 0.0052727 -0.0046753
 0.0044640 -0.0050031
 0.0037683 -0.0047536
 0.0033892 -0.0045206
 0.0032164 -0.0038286
 0.0029294 -0.0033049
 0.0031838 -0.0026662
 0.0036889 -0.0020076
 0.0039288 -0.0019071
 0.0038949 -0.0017302
 0.0033462 -0.0017439
 0.0035214 -0.0014952
 0.0030232 -0.0009166
 0.0025020 -0.0000534
 0.0023635  0.0008732
 0.0022254  0.0021224
 0.0024102  0.0029118
 0.0026190  0.0037835
 0.0029528  0.0041110
 0.0030981  0.0045151
 0.0028639  0.0053586
 0.0024343  0.0057385
 0.0015586  0.0060808
 0.0008149  0.0059956
 0.0001379  0.0060630
 0.0002094  0.0058227
 0.0001053  0.0050846
 0.0006315  0.0045581
 0.0013465  0.0037832
 0.0012161  0.0034699
 0.0012908  0.0026175
 0.0013126  0.0022093
 0.0004882  0.0016881
-0.0008724  0.0012056
-0.0018273  0.0004934
-0.0029594 -0.0002128
-0.0038743 -0.0009589
-0.0042615 -0.0017240
-0.0042058 -0.0023151
-0.0038836 -0.0026917
-0.0035086 -0.0029158
-0.0033160 -0.0026993
-0.0027834 -0.0025374
-0.0023664 -0.0020331
-0.0021577 -0.0013729
-0.0019425 -0.0009086
-0.0017289 -0.0006377
-0.0018948 -0.0005097
-0.0023247 -0.0001686
-0.0029739  0.0001088
-0.0034883  0.0001782
-0.0032916  0.0004418
-0.0031435  0.0010878
-0.0027999  0.0013889
-0.0020615  0.0019598
-0.0012976  0.0018366
-0.0007163  0.0019254
-0.0003053  0.0014938
-0.0002331  0.0010625
-0.0005860  0.0008804
-0.0009732  0.0007176
-0.0015477  0.0012538
-0.0017226  0.0016284
-0.0026096  0.0020891
-0.0032153  0.0027997
-0.0036986  0.0030710
-0.0035965  0.0028660
-0.0038945  0.0028724
-0.0041171  0.0022430
-0.0037408  0.0019822
-0.0041272  0.0017445
-0.0040299  0.0015237
-0.0036423  0.0013412
-0.0034262  0.0014475
-0.0034763  0.0012985
-0.0034459  0.0012452
-0.0035533  0.0010430
-0.0040830  0.0006449
-0.0042489 -0.0002501
-0.0048371 -0.0014880
-0.0047014 -0.0025954
-0.0045323 -0.0038741
-0.0037821 -0.0048269
-0.0030566 -0.0050731
-0.0021599 -0.0046092
-0.0010464 -0.0047949
-0.0002393 -0.0042014
 0.0004705 -0.0040476
 0.0007294 -0.0038413
 0.0009256 -0.0033310
 0.0008307 -0.0033799
 0.0008728 -0.0025482
 0.0006765 -0.0018922
 0.0006143 -0.0011232
-0.0000261 -0.0007542
-0.0001913 -0.0006122
-0.0003697 -0.0009845
-0.0005894 -0.0012603
-0.0007498 -0.0016326
-0.0002168 -0.0023831
 0.0000492 -0.0023666
 0.0007643 -0.0021211
 0.0012258 -0.0014921
 0.0019186 -0.0005171
 0.0026506 -0.0000786
 0.0028263  0.0002815
 0.0028085  0.0001244
 0.0030197 -0.0007021
 0.0029075 -0.0015806
 0.0026922 -0.0022459
 0.0029656 -0.0026573
 0.0030274 -0.0026819
 0.0026669 -0.0027509
 0.0030739 -0.0023927
 0.0029208 -0.0021556
 0.0037292 -0.0018306
 0.0044765 -0.0014422
 0.0046534 -0.0011196
 0.0044685 -0.0006561
 0.0039921 -0.0003242
 0.0030239 -0.0001070
 0.0020723 -0.0003637
 0.0009863 -0.0012906
-0.0000856 -0.0016689
-0.0004664 -0.0025095
-0.0011911 -0.0032766
-0.0019053 -0.0032395
-0.0022687 -0.0028377
-0.0023426 -0.0026056
-0.0023987 -0.0022322
-0.0023901 -0.0019306
-0.0019040 -0.0012140
-0.0020105 -0.0013594
-0.0018898 -0.0012400
-0.0019757 -0.0009816
-0.0030271 -0.0009352
-0.0033121 -0.0010213
-0.0040070 -0.0014848
-0.0043805 -0.0015607
-0.0043737 -0.0018417
-0.0042102 -0.0020592
-0.0039070 -0.0018400
-0.0033890 -0.0011778
-0.0031157 -0.0001752
-0.0028980  0.0004797
-0.0028366  0.0011507
-0.0029674  0.0019533
-0.0033110  0.0023671
-0.0032755  0.0027014
-0.0030325  0.0033106
-0.0026570  0.0032609
-0.0020543  0.0032754
-0.0011608  0.0029851
-0.0007268  0.0027566
-0.0005440  0.0023969
-0.0001269  0.0020557
 0.0000002  0.0017800
-0.0003507  0.0018269
-0.0007738  0.0015265
-0.0008905  0.0020119
-0.0004710  0.0018080
 0.0002004  0.0021758
 0.0008723  0.0020640
 0.0014290  0.0024335
 0.0018768  0.0022457
 0.0016705  0.0024779
 0.0017368  0.0023830
 0.0013201  0.0018077
 0.0012338  0.0013805
 0.0011623  0.0008019
 0.0012464  0.0003961
 0.0005245 -0.0003536
 0.0002754 -0.0009326
-0.0004106 -0.0010448
-0.0006391 -0.0014982
-0.0002127 -0.0014756
 0.0004612 -0.0015285
 0.0010410 -0.0006806
 0.0019894  0.0000688
 0.0023007  0.0012558
 0.0019245  0.0025938
 0.0014824  0.0033512
 0.0005473  0.0035506
-0.0007213  0.0034084
-0.0018905  0.0027632
-0.0025858  0.0018793
-0.0029395  0.0009915
-0.0028846 -0.0000372
-0.0025269 -0.0004733
-0.0022035 -0.0009335
-0.0017849 -0.0016397
-0.0011397 -0.0014677
-0.0010659 -0.0015601
-0.0006690 -0.0020930
-0.0003113 -0.0022242
-0.0001434 -0.0026272
 0.0005482 -0.0032594
 0.0007000 -0.0032397
 0.0009698 -0.0027633
 0.0008410 -0.0022263
 0.0006298 -0.0013094
-0.0000198 -0.0001773
-0.0013412  0.0002022
-0.0019380  0.0002773
-0.0029546 -0.0000663
-0.0028206 -0.0012549
-0.0027459 -0.0019247
-0.0019525 -0.0031533
-0.0014902 -0.0040799
-0.0002398 -0.0050239
 0.0007979 -0.0062958
 0.0011992 -0.0066842
 0.0024056 -0.0075090
 0.0028444 -0.0079301
 0.0034202 -0.0080613
 0.0038796 -0.0077141
 0.0039806 -0.0073665
 0.0040860 -0.0068085
 0.0037457 -0.0060813
 0.0036198 -0.0055686
 0.0033574 -0.0045152
 0.0031878 -0.0037263
 0.0035746 -0.0022494
 0.0038120 -0.0012109
 0.0043466 -0.0000433
 0.0044188  0.0013561
 0.0039186  0.0019132
 0.0032027  0.0025273
 0.0021223  0.0032969
 0.0012599  0.0038173
 0.0004358  0.0039708
-0.0002962  0.0045102
 0.0000700  0.0047585
 0.0005743  0.0050298
 0.0012849  0.0055676
 0.0019253  0.0055490
 0.0028858  0.0055640
 0.0031192  0.0060428
 0.0032088  0.0066096
 0.0027808  0.0068094
 0.0019066  0.0074570
 0.0009137  0.0075272
-0.0000012  0.0074303
-0.0008391  0.0070496
-0.0015832  0.0065389
-0.0020169  0.0059119
-0.0018139  0.0046155
-0.0013367  0.0035888
-0.0010088  0.0031379
-0.0000987  0.0025566
 0.0007000  0.0024104
 0.0012911  0.0021266
 0.0017821  0.0028619
 0.0022897  0.0033399
 0.0022368  0.0041599
 0.0024294  0.0043900
 0.0018327  0.0050223
 0.0017192  0.0048115
 0.0014269  0.0043796
 0.0011596  0.0040792
 0.0007042  0.0034308
 0.0004414  0.0030117
-0.0000697  0.0023052
-0.0004435  0.0012732
-0.0003042  0.0008332
-0.0001661  0.0001209
 0.0003358 -0.0002610
 0.0007532  0.0005198
 0.0007851  0.0005772
 0.0004152  0.0008198
 0.0002347  0.0016903
-0.0006911  0.0019786
-0.0017679  0.0024045
-0.0023857  0.0027671
-0.0028048  0.0026710
-0.0035311  0.0024118
-0.0036272  0.0022296
-0.0033991  0.0017560
-0.0036498  0.0009242
-0.0033280  0.0006282
-0.0031702 -0.0000873
-0.0029360  0.0001029
-0.0026226  0.0000242
-0.0024760  0.0000847
-0.0018166  0.0001433
-0.0013123  0.0000617
-0.0009292  0.0000217
-0.0005162 -0.0002044
-0.0000434 -0.0006073
 0.0000191 -0.0010478
 0.0002552 -0.0012816
 0.0005321 -0.0017212
 0.0010105 -0.0020729
 0.0014817 -0.0027662
 0.0022096 -0.0030759
 0.0023788 -0.0031356
 0.0025524 -0.0034251
 0.0023300 -0.0033290
 0.0017801 -0.0037102
 0.0011568 -0.0037849
 0.0008007 -0.0044708
 0.0007224 -0.0042931
 0.0007652 -0.0048814
 0.0013401 -0.0051809
 0.0015154 -0.0050541
 0.0014625 -0.0049704
 0.0015942 -0.0048707
 0.0015095 -0.0047161
 0.0018487 -0.0045412
 0.0019227 -0.0044892
 0.0026955 -0.0042401
 0.0034117 -0.0041880
 0.0036786 -0.0035174
 0.0044223 -0.0028117
 0.0044142 -0.0020094
 0.0039643 -0.0012496
 0.0036663 -0.0005261
 0.0031983  0.0004493
 0.0023323  0.0010169
 0.0015611  0.0018951
 0.0011198  0.0027179
 0.0004904  0.0031555
 0.0000253  0.0036509
-0.0007479  0.0043905
-0.0013859  0.0046307
-0.0021042  0.0047926
-0.0031649  0.0051070
-0.0043180  0.0046015
-0.0041476  0.0043681
-0.0043782  0.0040411
-0.0040103  0.0037609
-0.0030123  0.0033924
-0.0020142  0.0029277
-0.0010504  0.0024672
 0.0004628  0.0023312
 0.0010200  0.0022505
 0.0017524  0.0018614
 0.0016906  0.0016930
 0.0014031  0.0011391
 0.0009788  0.0006776
 0.0004390 -0.0002260
-0.0008235 -0.0011280
-0.0015688 -0.0021701
-0.0019839 -0.0027301
-0.0022789 -0.0032178
-0.0026503 -0.0029591
-0.0022158 -0.0025223
-0.0017672 -0.0016809
-0.0006851 -0.0007175
-0.0004481  0.0002826
 0.0001725  0.0013429
 0.0002686  0.0021314
-0.0003241  0.0022699
-0.0010408  0.0026708
-0.0015330  0.0027108
-0.0027742  0.0023248
-0.0036351  0.0019449
-0.0042812  0.0019118
-0.0046761  0.0018775
-0.0043761  0.0018626
-0.0040794  0.0023027
-0.0041061  0.0025106
-0.0044937  0.0030661
-0.0044590  0.0029705
-0.0048628  0.0027011
-0.0056679  0.0030056
-0.0054991  0.0032357
-0.0053226  0.0037154
-0.0048668  0.0048115
-0.0046048  0.0053025
-0.0039944  0.0058386
-0.0037861  0.0060708
-0.0037873  0.0055391
-0.0040113  0.0045887
-0.0045010  0.0032217
-0.0048745  0.0015284
-0.0057800 -0.0004353
-0.0064558 -0.0024564
-0.0067351 -0.0036733
-0.0073770 -0.0050678
-0.0069123 -0.0056427
-0.0066034 -0.0058345
-0.0061803 -0.0057288
-0.0054338 -0.0048955
-0.0047874 -0.0043905
-0.0045456 -0.0032750
-0.0036691 -0.0022495
-0.0033910 -0.0018951
-0.0033999 -0.0015527
-0.0030471 -0.0011510
-0.0030087 -0.0009233
-0.0027152 -0.0008861
-0.0025613 -0.0005010
-0.0026271 -0.0000516
-0.0026924 -0.0000751
-0.0031062  0.0000319
-0.0037163 -0.0000150
-0.0040800 -0.0004051
-0.0040663 -0.0004253
-0.0041302 -0.0008657
-0.0035428 -0.0005363
-0.0027454 -0.0002423
-0.0024620  0.0005268
-0.0024995  0.0016206
-0.0025165  0.0025379
-0.0034362  0.0031067
-0.0038177  0.0036170
-0.0042203  0.0035738
-0.0049664  0.0027421
-0.0051065  0.0023977
-0.0053387  0.0015538
-0.0052442  0.0005029
-0.0054550 -0.0005060
-0.0052660 -0.0007341
-0.0048643 -0.0010337
-0.0040407 -0.0011208
-0.0036458 -0.0008903
-0.0029421 -0.0009787
-0.0022017 -0.0007251
-0.0019575 -0.0003577
-0.0017512 -0.0003116
-0.0017697 -0.0002498
-0.0021295 -0.0004557
-0.0023906 -0.0010427
-0.0024766 -0.0014008
-0.0025044 -0.0020250
-0.0024947 -0.0024804
-0.0019298 -0.0029144
-0.0014432 -0.0036362
-0.0006943 -0.0035300
 0.0003211 -0.0032348
 0.0010099 -0.0027911
 0.0015061 -0.0019965
 0.0022692 -0.0012285
 0.0027492 -0.0009427
 0.0025918 -0.0010449
 0.0026705 -0.0004954
 0.0026693 -0.0011245
 0.0028792 -0.0014164
 0.0034723 -0.0015764
 0.0034735 -0.0015796
 0.0036278 -0.0010026
 0.0041635 -0.0006219
 0.0039738  0.0000459
 0.0043917  0.0012938
 0.0043456  0.0020322
 0.0041130  0.0024255
 0.0037791  0.0027270
 0.0034039  0.0032123
 0.0028807  0.0030685
 0.0019314  0.0026901
 0.0004807  0.0023574
-0.0011598  0.0015825
-0.0024204  0.0007181
-0.0032570  0.0000636
-0.0040847 -0.0008541
-0.0040055 -0.0017286
-0.0035441 -0.0019914
-0.0030539 -0.0023074
-0.0024106 -0.0023126
-0.0021728 -0.0020154
-0.0022046 -0.0019455
-0.0020084 -0.0014388
-0.0025611 -0.0010269
-0.0025244 -0.0000215
-0.0028324  0.0009212
-0.0023718  0.0017626
-0.0025413  0.0023549
-0.0021517  0.0023327
-0.0012812  0.0022733
-0.0005225  0.0018260
 0.0007643  0.0015344
 0.0021132  0.0013531
 0.0037888  0.0011371
 0.0045943  0.0021303
 0.0054212  0.0030278
 0.0059941  0.0040795
 0.0058072  0.0052472
 0.0056723  0.0063413
 0.0054644  0.0069175
 0.0049270  0.0072413
 0.0046420  0.0068908
 0.0049686  0.0066255
 0.0049674  0.0060215
 0.0053089  0.0055200
 0.0055342  0.0053286
 0.0054534  0.0050779
 0.0050489  0.0047513
 0.0049310  0.0043920
 0.0046867  0.0038731
 0.0044776  0.0039902
 0.0039253  0.0039160
 0.0033330  0.0043976
 0.0026244  0.0050743
 0.0015872  0.0057680
 0.0009751  0.0061011
 0.0002641  0.0066571
-0.0001957  0.0066797
-0.0001549  0.0075025
-0.0002882  0.0076766
-0.0002668  0.0083658
-0.0002240  0.0085361
-0.0000887  0.0086887
-0.0000689  0.0082507
-0.0002062  0.0080997
 0.0001766  0.0079318
 0.0005432  0.0074598
 0.0005077  0.0069693
 0.0006655  0.0063480
 0.0006510  0.0059322
 0.0005243  0.0050553
 0.0002405  0.0042332
 0.0000519  0.0034867
 0.0000160  0.0032174
 0.0005728  0.0028912
 0.0007085  0.0029873
 0.0009543  0.0033696
 0.0009139  0.0036006
 0.0009507  0.0036547
 0.0010427  0.0036345
 0.0012453  0.0033409
 0.0014476  0.0033922
 0.0019348  0.0034995
 0.0025772  0.0032443
 0.0025715  0.0033137
 0.0031254  0.0034207
 0.0034480  0.0033964
 0.0033737  0.0038692
 0.0032946  0.0048664
 0.0029683  0.0052298
 0.0021212  0.0053085
 0.0017538  0.0049625
 0.0013480  0.0041167
 0.0009616  0.0034222
 0.0010145  0.0025698
 0.0009260  0.0015681
 0.0005323  0.0011203
 0.0012312  0.0005999
 0.0010268 -0.0002044
 0.0014547 -0.0003327
 0.0018879 -0.0006241
 0.0022468 -0.0011143
 0.0024147 -0.0011041
 0.0026445 -0.0012280
 0.0022044 -0.0016842
 0.0019540 -0.0018183
 0.0020146 -0.0022382
 0.0016933 -0.0028337
 0.0016186 -0.0032593
 0.0027963 -0.0038972
 0.0030168 -0.0046539
 0.0041550 -0.0047564
 0.0051584 -0.0047593
 0.0060297 -0.0046107
 0.0064755 -0.0042986
 0.0069006 -0.0038141
 0.0070816 -0.0029060
 0.0071639 -0.0018825
 0.0063407 -0.0009252
 0.0056725 -0.0002368
 0.0050552  0.0008678
 0.0040159  0.0016219
 0.0035346  0.0014943
 0.0036885  0.0018685
 0.0041552  0.0015745
 0.0043551  0.0015519
 0.0047113  0.0016286
 0.0053586  0.0012862
 0.0052379  0.0009423
 0.0053954  0.0001570
 0.0054398 -0.0006150
 0.0055315 -0.0012513
 0.0053283 -0.0020189
 0.0051813 -0.0019409
 0.0044420 -0.0019813
 0.0037963 -0.0018589
 0.0026775 -0.0014160
 0.0012733 -0.0012198
 0.0004645 -0.0013312
-0.0001779 -0.0012863
-0.0007657 -0.0017801
-0.0004645 -0.0022314
-0.0008497 -0.0023009
-0.0008093 -0.0026000
-0.0007306 -0.0025200
-0.0010285 -0.0027808
-0.0013705 -0.0027800
-0.0018109 -0.0027206
-0.0020939 -0.0030804
-0.0020536 -0.0033246
-0.0013882 -0.0036621
-0.0010632 -0.0043472
-0.0004536 -0.0047219
 0.0004601 -0.0056157
 0.0010511 -0.0065722
 0.0022006 -0.0068750
 0.0028111 -0.0069525
 0.0035370 -0.0069557
 0.0044963 -0.0068847
 0.0053066 -0.0069271
 0.0064250 -0.0061257
 0.0073153 -0.0055128
 0.0078407 -0.0043836
 0.0080042 -0.0034800
 0.0079950 -0.0024452
 0.0079639 -0.0016191
 0.0076232 -0.0005427
 0.0079502 -0.0004066
 0.0078905 -0.0005584
 0.0080774 -0.0004038
 0.0084920 -0.0002273
 0.0083418 -0.0000355
 0.0084149  0.0004235
 0.0082102  0.0010134
 0.0076587  0.0015055
 0.0071993  0.0024595
 0.0064366  0.0026675
 0.0059610  0.0021813
 0.0053489  0.0018139
 0.0048507  0.0012183
 0.0044494  0.0003672
 0.0042737  0.0000192
 0.0039229 -0.0002199
 0.0034957 -0.0006434
 0.0034629 -0.0003721
 0.0030664 -0.0002546
 0.0033078 -0.0001892
 0.0027033 -0.0001629
 0.0022575 -0.0002521
 0.0017177 -0.0001091
 0.0013176 -0.0000630
 0.0007249 -0.0005164
 0.0000596 -0.0011046
-0.0001112 -0.0014821
 0.0002223 -0.0016662
 0.0008090 -0.0021628
 0.0011579 -0.0027530
 0.0019772 -0.0028245
 0.0021815 -0.0030599
 0.0027621 -0.0029327
 0.0027670 -0.0029021
 0.0024981 -0.0028206
 0.0027678 -0.0025344
 0.0026705 -0.0021985
 0.0022655 -0.0024149
 0.0026285 -0.0020903
 0.0027250 -0.0022994
 0.0024379 -0.0028183
 0.0026346 -0.0030221
 0.0023556 -0.0030407
 0.0025382 -0.0025368
 0.0027619 -0.0019408
 0.0026929 -0.0012339
 0.0028871 -0.0002803
 0.0035598  0.0004424
 0.0039962  0.0005889
 0.0043741  0.0006886
 0.0051472  0.0009485
 0.0057091  0.0010325
 0.0056776  0.0011515
 0.0058003  0.0014720
 0.0057336  0.0014098
 0.0057340  0.0008651
 0.0060994  0.0006503
 0.0061975  0.0001836
 0.0069881 -0.0004048
 0.0072207 -0.0004867
 0.0077532 -0.0006475
 0.0074411 -0.0001900
 0.0073736  0.0002359
 0.0068054  0.0005129
 0.0061077  0.0007581
 0.0058154  0.0006560
 0.0051613  0.0007873
 0.0049138  0.0008972
 0.0045335  0.0003304
 0.0042287 -0.0002578
 0.0041702 -0.0007314
 0.0041447 -0.0015663
 0.0041402 -0.0019676
 0.0036751 -0.0020803
 0.0038224 -0.0019579
 0.0033981 -0.0014548
 0.0028021 -0.0008209
 0.0027044 -0.0007938
 0.0025704 -0.0003174
 0.0027650 -0.0004531
 0.0028756 -0.0001842
 0.0027964 -0.0003598
 0.0029507 -0.0003057
 0.0029499 -0.0002549
 0.0029184 -0.0002792
 0.0027961 -0.0002093
 0.0028067 -0.0001565
 0.0028039  0.0000643
 0.0026655  0.0002843
 0.0022348  0.0003872
 0.0024335  0.0008212
 0.0021723  0.0016602
 0.0017677  0.0019230
 0.0015759  0.0023061
 0.0015731  0.0025601
 0.0012650  0.0029275
 0.0007203  0.0031205
-0.0002592  0.0034254
-0.0015306  0.0032885
-0.0028973  0.0031649
-0.0043783  0.0029460
-0.0054369  0.0027106
-0.0062824  0.0022636
-0.0068985  0.0017218
-0.0067689  0.0017048
-0.0069074  0.0012664
-0.0072397  0.0010040
-0.0079956  0.0003439
-0.0084397 -0.0002407
-0.0091883 -0.0009771
-0.0094164 -0.0014494
-0.0092201 -0.0018410
-0.0088309 -0.0018692
-0.0082911 -0.0015212
-0.0078675 -0.0011356
-0.0073370 -0.0000410
-0.0074041  0.0000131
-0.0077829 -0.0002025
-0.0079328 -0.0002611
-0.0080196 -0.0010557
-0.0078400 -0.0017740
-0.0077876 -0.0021834
-0.0072849 -0.0029001
-0.0067665 -0.0034246
-0.0055305 -0.0038353
-0.0043330 -0.0042056
-0.0026372 -0.0041733
-0.0010428 -0.0043493
 0.0002662 -0.0042665
 0.0013397 -0.0041850
 0.0027548 -0.0036996
 0.0034501 -0.0032704
 0.0043315 -0.0028255
 0.0045047 -0.0020959
 0.0044696 -0.0014834
 0.0045132 -0.0014483
 0.0045399 -0.0012469
 0.0040954 -0.0015094
 0.0044567 -0.0018615
 0.0044874 -0.0020206
 0.0044570 -0.0024510
 0.0046427 -0.0025875
 0.0043826 -0.0022988
 0.0041064 -0.0022770
 0.0039494 -0.0017529
 0.0031580 -0.0015736
 0.0030070 -0.0011795
 0.0023384 -0.0008666
 0.0019597 -0.0001866
 0.0016206  0.0004110
 0.0012972  0.0003573
 0.0012181  0.0006048
 0.0009084  0.0001490
 0.0008268 -0.0001271
 0.0005534  0.0000413
 0.0008248  0.0001528
 0.0008721 -0.0002153
 0.0006847  0.0004489
 0.0012294  0.0000323
 0.0014128 -0.0001434
 0.0017492 -0.0000554
 0.0020597  0.0003027
 0.0021804  0.0001783
 0.0027953  0.0003321
 0.0029891  0.0003148
 0.0029916  0.0001803
 0.0030699 -0.0004265
 0.0034591 -0.0011928
 0.0029888 -0.0016543
 0.0034693 -0.0018493
 0.0038234 -0.0017379
 0.0042878 -0.0007039
 0.0045938  0.0003478
 0.0045930  0.0012663
 0.0035759  0.0020335
 0.0034225  0.0023080
 0.0029082  0.0022511
 0.0027192  0.0018861
 0.0029950  0.0023076
 0.0032280  0.0023234
 0.0035567  0.0029302
 0.0034424  0.0032830
 0.0030366  0.0033342
 0.0017854  0.0036330
 0.0008959  0.0033035
-0.0002649  0.0034989
-0.0020185  0.0029446
-0.0024275  0.0027972
-0.0036791  0.0019979
-0.0040761  0.0015090
-0.0038908  0.0004758
-0.0036930 -0.0003813
-0.0033786 -0.0005715
-0.0028485 -0.0010677
-0.0027056 -0.0014488
-0.0025982 -0.0010269
-0.0018925 -0.0013458
-0.0015122 -0.0013652
-0.0011694 -0.0015327
-0.0001079 -0.0015852
 0.0003249 -0.0014834
 0.0012225 -0.0014022
 0.0020079 -0.0010954
 0.0025858 -0.0004223
 0.0029856 -0.0001328
 0.0033793  0.0003654
 0.0036983  0.0004437
 0.0040690 -0.0000719
 0.0046879 -0.0001877
 0.0050627 -0.0006109
 0.0046860 -0.0009456
 0.0046880 -0.0007062
 0.0040396 -0.0011375
 0.0034796 -0.0014380
 0.0029418 -0.0012155
 0.0023253 -0.0009955
 0.0019777 -0.0009616
 0.0014403 -0.0011353
 0.0007172 -0.0010424
 0.0004927 -0.0010997
-0.0001076 -0.0014433
-0.0000385 -0.0015980
-0.0001393 -0.0014849
-0.0000339 -0.0016242
-0.0003198 -0.0010311
-0.0007280 -0.0009116
-0.0014228 -0.0007566
-0.0021613 -0.0006036
-0.0027860 -0.0005644
-0.0036392 -0.0007000
-0.0042658 -0.0008769
-0.0049248 -0.0012060
-0.0054816 -0.0013755
-0.0064635 -0.0012588
-0.0071317 -0.0014239
-0.0077603 -0.0021442
-0.0082387 -0.0027546
-0.0079347 -0.0035338
-0.0077470 -0.0041277
-0.0069872 -0.0043567
-0.0069214 -0.0039384
-0.0064676 -0.0035132
-0.0063046 -0.0031341
-0.0063882 -0.0025088
-0.0059320 -0.0023033
-0.0054956 -0.0018834
-0.0047878 -0.0021156
-0.0039468 -0.0018644
-0.0026786 -0.0017869
-0.0017491 -0.0024300
-0.0012747 -0.0028459
-0.0009375 -0.0028943
-0.0005962 -0.0032907
-0.0005970 -0.0032305
 0.0001020 -0.0030941
 0.0003822 -0.0030222
 0.0005224 -0.0025850
 0.0013048 -0.0023209
 0.0015131 -0.0019294
 0.0016403 -0.0017114
 0.0015195 -0.0017752
 0.0013459 -0.0018940
 0.0011021 -0.0023720
 0.0016588 -0.0027354
 0.0020658 -0.0032562
 0.0023602 -0.0035639
 0.0025689 -0.0037040
 0.0022253 -0.0042281
 0.0017247 -0.0042289
 0.0011647 -0.0041050
 0.0003947 -0.0043965
-0.0001088 -0.0047429
-0.0002065 -0.0048762
 0.0000200 -0.0046836
 0.0004330 -0.0045645
 0.0010341 -0.0040662
 0.0019275 -0.0034097
 0.0028908 -0.0023870
 0.0038371 -0.0016925
 0.0041875 -0.0006145
 0.0045258  0.0002738
 0.0040986  0.0008181
 0.0028668  0.0015586
 0.0020427  0.0019898
 0.0007641  0.0022660
-0.0000737  0.0024062
-0.0007596  0.0027781
-0.0009082  0.0029694
-0.0008060  0.0029072
-0.0003861  0.0029617
 0.0003604  0.0032674
 0.0010496  0.0033981
 0.0014271  0.0028765
 0.0019972  0.0032770
 0.0022071  0.0030448
 0.0026060  0.0026754
 0.0028987  0.0024400
 0.0032221  0.0024557
 0.0033231  0.0024520
 0.0035573  0.0026975
 0.0035621  0.0033084
 0.0029206  0.0038397
 0.0025468  0.0045627
 0.0018855  0.0050347
 0.0007393  0.0049672
 0.0002492  0.0047483
-0.0004581  0.0038415
-0.0009733  0.0029003
-0.0015030  0.0019729
-0.0017674  0.0017355
-0.0020533  0.0016692
-0.0023185  0.0016276
-0.0027259  0.0018512
-0.0038811  0.0022485
-0.0050992  0.0027282
-0.0064239  0.0027136
-0.0074277  0.0030472
-0.0084108  0.0027690
-0.0088344  0.0024703
-0.0088368  0.0018660
-0.0087431  0.0013201
-0.0081908  0.0011179
-0.0076942  0.0000165
-0.0068718 -0.0001280
-0.0064705 -0.0009261
-0.0057821 -0.0018777
-0.0051099 -0.0026920
-0.0047998 -0.0034304
-0.0041618 -0.0039213
-0.0038332 -0.0042019
-0.0033527 -0.0043872
-0.0029316 -0.0041369
-0.0021443 -0.0038090
-0.0017611 -0.0031994
-0.0016824 -0.0023657
-0.0015624 -0.0017177
-0.0016924 -0.0008295
-0.0019916 -0.0001609
-0.0021349  0.0000029
-0.0028547  0.0001890
-0.0027517 -0.0006007
-0.0025877 -0.0011619
-0.0021759 -0.0018205
-0.0012307 -0.0020377
-0.0002875 -0.0014026
 0.0003162 -0.0005604
 0.0007768  0.0013231
 0.0009521  0.0026712
 0.0004543  0.0043221
-0.0002951  0.0052484
-0.0009330  0.0058823
-0.0015702  0.0061536
-0.0013590  0.0063866
-0.0014584  0.0065614
-0.0014022  0.0067144
-0.0012121  0.0073314
-0.0020224  0.0080016
-0.0025679  0.0092286
-0.0035725  0.0102642
-0.0047341  0.0107644
-0.0063891  0.0110882
-0.0077191  0.0113385
-0.0086292  0.0112033
-0.0095138  0.0106635
-0.0097727  0.0096642
-0.0098958  0.0091817
-0.0099872  0.0083952
-0.0095378  0.0075308
-0.0093897  0.0070915
-0.0092593  0.0061572
-0.0090873  0.0052412
-0.0089133  0.0045524
-0.0085010  0.0031179
-0.0080977  0.0017928
-0.0071165  0.0005488
-0.0060006 -0.0003144
-0.0044041 -0.0009103
-0.0027855 -0.0012939
-0.0011692 -0.0015357
 0.0003566 -0.0011533
 0.0010022 -0.0006349
 0.0012990 -0.0004637
 0.0010035 -0.0005631
 0.0003519 -0.0005861
 0.0003378 -0.0012051
 0.0004355 -0.0017292
 0.0011198 -0.0021963
 0.0016758 -0.0030116
 0.0026088 -0.0035219
 0.0027174 -0.0041696
 0.0027141 -0.0051560
 0.0024165 -0.0062175
 0.0016441 -0.0068736
 0.0012153 -0.0078709
 0.0001575 -0.0084825
-0.0003420 -0.0084615
-0.0010368 -0.0082604
-0.0015738 -0.0073928
-0.0020616 -0.0066175
-0.0025804 -0.0056121
-0.0030674 -0.0046649
-0.0034211 -0.0037569
-0.0030799 -0.0033293
-0.0027973 -0.0035408
-0.0024962 -0.0033115
-0.0017888 -0.0041747
-0.0015199 -0.0039906
-0.0009232 -0.0037646
-0.0009442 -0.0032894
-0.0005990 -0.0022768
-0.0005308 -0.0012602
-0.0004246 -0.0000081
-0.0007416  0.0009577
-0.0009036  0.0011992
-0.0007748  0.0011342
-0.0003488  0.0009316
-0.0000133  0.0005763
 0.0007309  0.0000604
 0.0009357 -0.0001722
 0.0014097 -0.0003689
 0.0012055 -0.0003378
 0.0009427 -0.0005018
 0.0001194 -0.0007776
-0.0005467 -0.0005923
-0.0012722 -0.0003695
-0.0023563 -0.0000307
-0.0026868 -0.0001672
-0.0029977 -0.0004438
-0.0032919 -0.0004503
-0.0025575 -0.0007196
-0.0021521 -0.0012958
-0.0016592 -0.0008726
-0.0012280 -0.0007898
-0.0012196 -0.0005290
-0.0017534 -0.0003303
-0.0021689 -0.0000161
-0.0027294 -0.0000662
-0.0031908 -0.0001110
-0.0031327 -0.0004805
-0.0029163 -0.0009356
-0.0029659 -0.0012703
-0.0024652 -0.0019890
-0.0025008 -0.0027090
-0.0021766 -0.0025006
-0.0023159 -0.0024413
-0.0027402 -0.0024554
-0.0027669 -0.0015037
-0.0031339 -0.0011516
-0.0034848 -0.0010106
-0.0039298 -0.0008285
-0.0039681 -0.0009500
-0.0043509 -0.0015378
-0.0049625 -0.0015135
-0.0055742 -0.0024272
-0.0061447 -0.0029944
-0.0067374 -0.0033586
-0.0070426 -0.0036028
-0.0068080 -0.0033856
-0.0064187 -0.0032854
-0.0052042 -0.0032034
-0.0037325 -0.0034719
-0.0023960 -0.0031857
-0.0008755 -0.0028631
 0.0003988 -0.0025216
 0.0013403 -0.0016438
 0.0015825 -0.0008816
 0.0016499  0.0001706
 0.0015542  0.0008396
 0.0008251  0.0009449
 0.0006167  0.0011136
 0.0003370  0.0009266
 0.0002098  0.0005362
 0.0003120  0.0004921
 0.0003899  0.0006625
 0.0006278  0.0008131
 0.0008402  0.0010812
 0.0007824  0.0017522
 0.0010844  0.0018866
 0.0009826  0.0024022
 0.0011626  0.0025338
 0.0013681  0.0024708
 0.0012223  0.0024466
 0.0014601  0.0021922
 0.0021985  0.0016507
 0.0026082  0.0013608
 0.0030591  0.0009736
 0.0037063  0.0013023
 0.0039279  0.0014218
 0.0037911  0.0016952
 0.0030744  0.0019928
 0.0023424  0.0025997
 0.0011343  0.0026712
 0.0002732  0.0029123
-0.0006672  0.0032124
-0.0008710  0.0032378
-0.0014964  0.0034466
-0.0013183  0.0037000
-0.0015464  0.0033778
-0.0014083  0.0032562
-0.0011959  0.0029368
-0.0012331  0.0025063
-0.0008301  0.0016181
-0.0009758  0.0008885
-0.0011030 -0.0000090
-0.0012915 -0.0009465
-0.0012079 -0.0013995
-0.0010961 -0.0017176
-0.0006895 -0.0018411
-0.0001150 -0.0009080
-0.0001529  0.0001766
-0.0001945  0.0007362
-0.0003306  0.0012542
-0.0011983  0.0013087
-0.0013982  0.0010151
-0.0017099  0.0007595
-0.0019622  0.0000602
-0.0014450 -0.0004998
-0.0012541 -0.0012945
-0.0006602 -0.0019328
-0.0004304 -0.0019038
-0.0005330 -0.0021945
-0.0006477 -0.0022123
-0.0008621 -0.0020019
-0.0007285 -0.0015788
-0.0007482 -0.0013486
-0.0002928 -0.0010999
 0.0001089 -0.0008698
 0.0015418 -0.0006715
 0.0020186 -0.0007458
 0.0029124 -0.0009937
 0.0034611 -0.0012335
 0.0037429 -0.0015795
 0.0033294 -0.0022105
 0.0026090 -0.0031472
 0.0021972 -0.0034871
 0.0012924 -0.0036938
 0.0004065 -0.0040713
-0.0003263 -0.0044528
-0.0010123 -0.0049284
-0.0015303 -0.0053257
-0.0020660 -0.0060936
-0.0023765 -0.0069520
-0.0025122 -0.0077699
-0.0028974 -0.0081652
-0.0030669 -0.0086916
-0.0033047 -0.0092576
-0.0030866 -0.0096359
-0.0030159 -0.0100372
-0.0025435 -0.0104220
-0.0018558 -0.0110765
-0.0013280 -0.0116761
-0.0006093 -0.0123734
 0.0001441 -0.0131462
 0.0006823 -0.0133259
 0.0007945 -0.0132189
 0.0003932 -0.0131281
 0.0000609 -0.0124954
-0.0004059 -0.0117114
-0.0002379 -0.0108675
 0.0001795 -0.0099070
 0.0002308 -0.0089534
 0.0006143 -0.0085929
 0.0006539 -0.0082533
 0.0006716 -0.0078557
 0.0002760 -0.0074011
-0.0000312 -0.0072117
-0.0009122 -0.0063377
-0.0017540 -0.0054256
-0.0024238 -0.0046642
-0.0034037 -0.0037134
-0.0038883 -0.0034724
-0.0042181 -0.0031725
-0.0043639 -0.0028568
-0.0041395 -0.0030175
-0.0036082 -0.0031758
-0.0034003 -0.0028957
-0.0032703 -0.0026461
-0.0031556 -0.0025642
-0.0040580 -0.0024091
-0.0039785 -0.0024398
-0.0040123 -0.0028564
-0.0038573 -0.0030498
-0.0031269 -0.0032581
-0.0028394 -0.0034523
-0.0024749 -0.0030255
-0.0023004 -0.0026908
-0.0026395 -0.0026492
-0.0028793 -0.0025268
-0.0026899 -0.0029426
-0.0026204 -0.0033968
-0.0018746 -0.0034538
-0.0008660 -0.0034303
 0.0000837 -0.0031045
 0.0006651 -0.0029176
 0.0013947 -0.0025699
 0.0015251 -0.0027072
 0.0014112 -0.0030912
 0.0009639 -0.0034295
 0.0007099 -0.0040738
 0.0003122 -0.0052160
-0.0002397 -0.0059128
-0.0004096 -0.0061699
-0.0000378 -0.0063714
 0.0004839 -0.0057504
 0.0009260 -0.0051354
 0.0014456 -0.0045181
 0.0016903 -0.0035027
 0.0010915 -0.0029334
 0.0003736 -0.0022305
-0.0005583 -0.0024737
-0.0019133 -0.0026470
-0.0020987 -0.0034150
-0.0023559 -0.0039662
-0.0026075 -0.0046530
-0.0026091 -0.0048335
-0.0026660 -0.0048388
-0.0027415 -0.0044222
-0.0031461 -0.0040043
-0.0034021 -0.0033862
-0.0037732 -0.0022714
-0.0037082 -0.0020719
-0.0040228 -0.0014452
-0.0036772 -0.0013761
-0.0031996 -0.0018432
-0.0031963 -0.0024480
-0.0032690 -0.0031908
-0.0037280 -0.0038150
-0.0040175 -0.0046403
-0.0042267 -0.0049241
-0.0042473 -0.0048825
-0.0041310 -0.0048437
-0.0044964 -0.0040948
-0.0042816 -0.0040338
-0.0042238 -0.0032267
-0.0038568 -0.0028031
-0.0032770 -0.0024720
-0.0024654 -0.0022992
-0.0016139 -0.0019875
-0.0010329 -0.0017582
-0.0004478 -0.0017578
 0.0002152 -0.0013932
 0.0005108 -0.0010186
 0.0004822 -0.0000645
 0.0008149  0.0005790
 0.0007233  0.0013772
 0.0004544  0.0024410
 0.0005307  0.0032432
 0.0007402  0.0032763
 0.0006813  0.0033695
 0.0011185  0.0033861
 0.0010030  0.0029565
 0.0009033  0.0028022
 0.0010712  0.0026637
 0.0004365  0.0029883
-0.0001614  0.0035084
-0.0007776  0.0038370
-0.0016408  0.0046260
-0.0026970  0.0050269
-0.0031222  0.0053156
-0.0038469  0.0051036
-0.0046903  0.0042557
-0.0054227  0.0037336
-0.0063202  0.0028874
-0.0071087  0.0019890
-0.0082392  0.0008037
-0.0088909  0.0000830
-0.0089668 -0.0011020
-0.0091747 -0.0020193
-0.0086530 -0.0030569
-0.0077639 -0.0034045
-0.0074341 -0.0039848
-0.0071672 -0.0040663
-0.0063633 -0.0038217
-0.0062754 -0.0039937
-0.0064696 -0.0040486
-0.0061866 -0.0039307
-0.0057873 -0.0036734
-0.0058236 -0.0034372
-0.0056686 -0.0035268
-0.0053003 -0.0032151
-0.0047564 -0.0030762
-0.0037907 -0.0030750
-0.0025382 -0.0027047
-0.0013641 -0.0022832
-0.0002106 -0.0017454
 0.0009974 -0.0011939
 0.0015958 -0.0006230
 0.0017509 -0.0008843
 0.0015966 -0.0013321
 0.0012563 -0.0022204
 0.0009672 -0.0032480
 0.0006184 -0.0040393
 0.0006720 -0.0044459
 0.0005424 -0.0040313
 0.0004547 -0.0036716
-0.0000977 -0.0024677
-0.0009703 -0.0015467
-0.0016841 -0.0009520
-0.0028764 -0.0003552
-0.0035054 -0.0002789
-0.0036374  0.0004317
-0.0038433  0.0012347
-0.0038594  0.0021355
-0.0042236  0.0030370
-0.0047610  0.0034242
-0.0054688  0.0034275
-0.0059856  0.0029382
-0.0064042  0.0019075
-0.0067227  0.0006288
-0.0067934 -0.0005162
-0.0064445 -0.0018933
-0.0062115 -0.0030391
-0.0056184 -0.0037861
-0.0052333 -0.0039520
-0.0047948 -0.0040767
-0.0047153 -0.0040310
-0.0048703 -0.0042696
-0.0047144 -0.0044714
-0.0042740 -0.0048166
-0.0037043 -0.0051239
-0.0030200 -0.0054735
-0.0022783 -0.0058067
-0.0019166 -0.0059399
-0.0015363 -0.0060364
-0.0017054 -0.0059431
-0.0019703 -0.0060974
-0.0019274 -0.0060239
-0.0014978 -0.0060865
-0.0006903 -0.0057849
 0.0002113 -0.0054273
 0.0011706 -0.0043945
 0.0016066 -0.0029362
 0.0016284 -0.0013236
 0.0012295 -0.0004188
 0.0004931  0.0010186
 0.0001932  0.0017304
 0.0000830  0.0023017
 0.0004569  0.0027583
 0.0012995  0.0032496
 0.0020848  0.0032786
 0.0029036  0.0037687
 0.0029726  0.0038159
 0.0026568  0.0037868
 0.0022215  0.0037783
 0.0019489  0.0032401
 0.0018653  0.0027039
 0.0019602  0.0019941
 0.0019194  0.0009113
 0.0021649  0.0000538
 0.0024810 -0.0002599
 0.0030441 -0.0004750
 0.0033231 -0.0001543
 0.0038891  0.0007651
 0.0044228  0.0015254
 0.0048492  0.0022462
 0.0055598  0.0027888
 0.0054528  0.0032148
 0.0057864  0.0034986
 0.0050823  0.0033795
 0.0046656  0.0028203
 0.0039821  0.0025275
 0.0034294  0.0018351
 0.0030124  0.0010902
 0.0027092  0.0001898
 0.0026296 -0.0005591
 0.0030128 -0.0013064
 0.0037350 -0.0019540
 0.0043426 -0.0020824
 0.0045873 -0.0019072
 0.0049692 -0.0015018
 0.0047960 -0.0005582
 0.0046381 -0.0003636
 0.0042554 -0.0000172
 0.0043688  0.0006196
 0.0044096  0.0009623
 0.0045889  0.0011081
 0.0045356  0.0015210
 0.0038828  0.0019869
 0.0032756  0.0023401
 0.0024519  0.0019056
 0.0013755  0.0018733
 0.0009310  0.0013649
 0.0004489  0.0012009
 0.0004573  0.0004463
 0.0007416  0.0000619
 0.0008877 -0.0002260
 0.0011113 -0.0010153
 0.0016426 -0.0017743
 0.0023145 -0.0024384
 0.0030053 -0.0027961
 0.0035798 -0.0020782
 0.0040817 -0.0016535
 0.0041378 -0.0004414
 0.0042888  0.0005203
 0.0040611  0.0009996
 0.0040360  0.0015556
 0.0040146  0.0016706
 0.0039577  0.0014813
 0.0041131  0.0013662
 0.0039440  0.0010989
 0.0037934  0.0012515
 0.0038233  0.0011171
 0.0038912  0.0011893
 0.0038416  0.0007044
 0.0039644  0.0006834
 0.0047610 -0.0000445
 0.0053057 -0.0005266
 0.0059255 -0.0010381
 0.0059752 -0.0013066
 0.0060007 -0.0018452
 0.0055602 -0.0013648
 0.0049167 -0.0018057
 0.0043793 -0.0017891
 0.0039767 -0.0020584
 0.0038851 -0.0022470
 0.0042597 -0.0022098
 0.0049865 -0.0021137
 0.0051362 -0.0022002
 0.0053405 -0.0023593
 0.0059675 -0.0025604
 0.0059247 -0.0026642
 0.0061693 -0.0026529
 0.0068593 -0.0028100
 0.0065953 -0.0021786
 0.0071133 -0.0019488
 0.0067895 -0.0016057
 0.0066385 -0.0010440
 0.0062368 -0.0008066
 0.0057757 -0.0005934
 0.0055052 -0.0003559
 0.0049097 -0.0002380
 0.0042378 -0.0003462
 0.0035087 -0.0004346
 0.0025340 -0.0005407
 0.0013652 -0.0007062
 0.0002767 -0.0012363
-0.0007706 -0.0012290
-0.0017695 -0.0015355
-0.0023815 -0.0017559
-0.0026310 -0.0022706
-0.0027998 -0.0028023
-0.0026266 -0.0032710
-0.0021029 -0.0033259
-0.0020221 -0.0035867
-0.0016559 -0.0034466
-0.0015372 -0.0032322
-0.0007826 -0.0029980
-0.0001285 -0.0024973
 0.0004158 -0.0024598
 0.0008656 -0.0023310
 0.0010223 -0.0022450
 0.0011406 -0.0020242
 0.0010098 -0.0018434
 0.0009089 -0.0018160
 0.0002956 -0.0017470
 0.0001930 -0.0020006
 0.0001122 -0.0017172
-0.0002964 -0.0015295
-0.0002250 -0.0013777
-0.0005157 -0.0007111
-0.0011669 -0.0004091
-0.0019490 -0.0002085
-0.0024488  0.0005270
-0.0037186  0.0009215
-0.0045839  0.0012577
-0.0053014  0.0019635
-0.0064726  0.0022873
-0.0074586  0.0029042
-0.0082496  0.0034840
-0.0090159  0.0037739
-0.0092489  0.0035091
-0.0092060  0.0037824
-0.0089706  0.0034627
-0.0084829  0.0033707
-0.0080404  0.0037833
-0.0075138  0.0039259
-0.0072417  0.0044177
-0.0069909  0.0051256
-0.0075796  0.0054809
-0.0077710  0.0056474
-0.0080374  0.0060568
-0.0086511  0.0059817
-0.0086499  0.0061137
-0.0087674  0.0060127
-0.0086762  0.0057010
-0.0083726  0.0054297
-0.0078190  0.0049121
-0.0074351  0.0041240
-0.0063801  0.0033718
-0.0055334  0.0026047
-0.0048212  0.0020244
-0.0039196  0.0017358
-0.0037658  0.0012363
-0.0035324  0.0008576
-0.0036463  0.0005960
-0.0038522  0.0001245
-0.0031000 -0.0004576
-0.0028237 -0.0009679
-0.0019803 -0.0015792
-0.0012944 -0.0018820
-0.0002035 -0.0019058
 0.0001018 -0.0018360
 0.0005551 -0.0007310
 0.0004187  0.0002743
-0.0001187  0.0009166
-0.0000255  0.0017882
-0.0005229  0.0024697
-0.0009210  0.0024289
-0.0012702  0.0022306
-0.0018141  0.0023812
-0.0027403  0.0019028
-0.0031034  0.0014413
-0.0036950  0.0009463
-0.0040576  0.0004659
-0.0037629  0.0009253
-0.0036011  0.0010379
-0.0032171  0.0012034
-0.0026870  0.0018947
-0.0027234  0.0020065
-0.0026806  0.0019165
-0.0028675  0.0015229
-0.0033572  0.0010505
-0.0037891 -0.0000843
-0.0046818 -0.0005914
-0.0053996 -0.0016185
-0.0057985 -0.0024162
-0.0061412 -0.0032907
-0.0057795 -0.0045883
-0.0055877 -0.0056138
-0.0053580 -0.0058217
-0.0049542 -0.0069885
-0.0050293 -0.0075437
-0.0050834 -0.0081255
-0.0046187 -0.0087437
-0.0043473 -0.0089311
-0.0035192 -0.0086356
-0.0026487 -0.0076642
-0.0017116 -0.0062180
-0.0009457 -0.0046515
-0.0005246 -0.0031395
-0.0001427 -0.0017232
 0.0003123 -0.0005539
 0.0001775 -0.0001377
 0.0004819  0.0006221
 0.0008271  0.0004165
 0.0008271  0.0009967
 0.0014198  0.0011977
 0.0017448  0.0016813
 0.0013023  0.0017660
 0.0016240  0.0016384
 0.0013143  0.0016242
 0.0013074  0.0011231
 0.0012969  0.0010964
 0.0010013  0.0010548
 0.0008059  0.0007722
 0.0012031  0.0009495
 0.0012160  0.0011102
 0.0010238  0.0016751
 0.0012309  0.0020688
 0.0013573  0.0024258
 0.0012918  0.0022853
 0.0014722  0.0023165
 0.0014315  0.0019814
 0.0015639  0.0014732
 0.0015421  0.0011716
 0.0015392  0.0005038
 0.0012711 -0.0001846
 0.0014193 -0.0010321
 0.0016849 -0.0016813
 0.0015880 -0.0022764
 0.0018186 -0.0025853
 0.0019902 -0.0025626
 0.0021048 -0.0022101
 0.0024645 -0.0019198
 0.0028106 -0.0019876
 0.0032486 -0.0012326
 0.0035195 -0.0008050
 0.0036794 -0.0007815
 0.0036662 -0.0000544
 0.0038697  0.0003243
 0.0039400  0.0003974
 0.0043486  0.0008511
 0.0053375  0.0007679
 0.0057098  0.0011038
 0.0069255  0.0013303
 0.0078101  0.0017433
 0.0081408  0.0015890
 0.0091784  0.0015099
 0.0092741  0.0010262
 0.0092963  0.0007169
 0.0091162  0.0006539
 0.0091413  0.0006458
 0.0085639  0.0010798
 0.0080278  0.0016458
 0.0075114  0.0022356
 0.0067108  0.0026180
 0.0063078  0.0030625
 0.0057567  0.0027658
 0.0047764  0.0027376
 0.0043513  0.0024437
 0.0036015  0.0018793
 0.0029821  0.0011353
 0.0026308  0.0008325
 0.0017482  0.0002890
 0.0011499 -0.0001749
 0.0007445 -0.0008529
 0.0003411 -0.0017952
 0.0000161 -0.0032923
 0.0001094 -0.0048814
-0.0001054 -0.0062586
-0.0000897 -0.0074238
-0.0000699 -0.0084295
-0.0009311 -0.0092684
-0.0009634 -0.0093346
-0.0010864 -0.0093297
-0.0009596 -0.0090217
-0.0003160 -0.0087128
 0.0004996 -0.0083721
 0.0019451 -0.0080611
 0.0031543 -0.0081148
 0.0043607 -0.0086320
 0.0055316 -0.0089518
 0.0062010 -0.0087906
 0.0068469 -0.0087070
 0.0073448 -0.0082233
 0.0076504 -0.0078357
 0.0074388 -0.0068066
 0.0078054 -0.0055788
 0.0076932 -0.0041128
 0.0069903 -0.0031479
 0.0067251 -0.0019840
 0.0063274 -0.0013041
 0.0059636 -0.0010441
 0.0058155 -0.0011447
 0.0053160 -0.0011471
 0.0054501 -0.0013962
 0.0048335 -0.0012493
 0.0048554 -0.0012703
 0.0040660 -0.0014245
 0.0035702 -0.0015065
 0.0036667 -0.0015691
 0.0032048 -0.0019006
 0.0034317 -0.0023133
 0.0037119 -0.0026840
 0.0037805 -0.0028786
 0.0040013 -0.0031487
 0.0040691 -0.0033183
 0.0036164 -0.0038322
 0.0029942 -0.0044766
 0.0025977 -0.0051177
 0.0021115 -0.0059885
 0.0021070 -0.0068202
 0.0023715 -0.0076679
 0.0023517 -0.0081984
 0.0025547 -0.0082073
 0.0031276 -0.0079444
 0.0032564 -0.0075119
 0.0031691 -0.0072292
 0.0031704 -0.0071197
 0.0029007 -0.0071092
 0.0029273 -0.0071963
 0.0030574 -0.0077462
 0.0034176 -0.0076279
 0.0036067 -0.0075338
 0.0039593 -0.0074616
 0.0040187 -0.0066157
 0.0044420 -0.0058890
 0.0043225 -0.0048756
 0.0037359 -0.0040168
 0.0036802 -0.0033886
 0.0032151 -0.0035683
 0.0036483 -0.0030528
 0.0040221 -0.0027092
 0.0045089 -0.0024052
 0.0052280 -0.0018504
 0.0057250 -0.0010094
 0.0058066 -0.0001313
 0.0059455  0.0009515
 0.0057057  0.0014602
 0.0050097  0.0021021
 0.0037698  0.0023988
 0.0030023  0.0027375
 0.0017773  0.0027924
 0.0007724  0.0030786
-0.0003460  0.0027714
-0.0010853  0.0029276
-0.0020887  0.0033124
-0.0028062  0.0034469
-0.0035753  0.0035627
-0.0041559  0.0039281
-0.0049287  0.0040456
-0.0048202  0.0046085
-0.0049438  0.0049424
-0.0046648  0.0051654
-0.0044642  0.0052914
-0.0043387  0.0058191
-0.0046257  0.0056653
-0.0045280  0.0057045
-0.0046225  0.0055131
-0.0052458  0.0052910
-0.0053734  0.0053475
-0.0060973  0.0052461
-0.0072055  0.0049183
-0.0082202  0.0044439
-0.0087580  0.0037959
-0.0091201  0.0028031
-0.0084781  0.0017126
-0.0071473  0.0011522
-0.0056825  0.0007674
-0.0041050  0.0009341
-0.0026022  0.0014469
-0.0016368  0.0020412
-0.0009456  0.0021926
-0.0003452  0.0023464
 0.0000565  0.0025713
 0.0001768  0.0027804
 0.0003888  0.0030383
 0.0004800  0.0034699
 0.0006835  0.0035926
 0.0009500  0.0036204
 0.0007913  0.0034536
 0.0009935  0.0039239
 0.0008925  0.0034514
 0.0010072  0.0033836
 0.0013253  0.0029878
 0.0014589  0.0030189
 0.0016326  0.0025739
 0.0016870  0.0023615
 0.0013055  0.0022671
 0.0010976  0.0019276
 0.0004988  0.0018561
-0.0000249  0.0016135
-0.0006071  0.0014855
-0.0009427  0.0009563
-0.0012593  0.0007883
-0.0012488  0.0003786
-0.0010680  0.0000237
-0.0007264 -0.0005196
-0.0002496 -0.0007025
-0.0003049 -0.0012499
-0.0001672 -0.0018192
-0.0004886 -0.0021446
-0.0005071 -0.0025879
-0.0006598 -0.0030886
-0.0013010 -0.0031528
-0.0014435 -0.0029077
-0.0019729 -0.0028133
-0.0021740 -0.0026986
-0.0021001 -0.0029695
-0.0018457 -0.0033721
-0.0012139 -0.0037246
-0.0008218 -0.0037686
-0.0004519 -0.0035635
-0.0004083 -0.0029245
-0.0010571 -0.0017860
-0.0014952 -0.0012753
-0.0018848 -0.0002280
-0.0024848  0.0006546
-0.0026003  0.0013664
-0.0022240  0.0022720
-0.0017428  0.0026782
-0.0013204  0.0027137
-0.0001940  0.0028882
 0.0002312  0.0033044
 0.0005001  0.0029325
 0.0005331  0.0030246
 0.0002622  0.0029139
-0.0005102  0.0027432
-0.0012067  0.0025987
-0.0013456  0.0018586
-0.0016969  0.0011138
-0.0015289  0.0004872
-0.0009944 -0.0001257
 0.0000606 -0.0004838
 0.0005754 -0.0006881
 0.0012929 -0.0008597
 0.0019720 -0.0007930
 0.0021150 -0.0007663
 0.0024856 -0.0007533
 0.0030622 -0.0008175
 0.0031006 -0.0005001
 0.0034009 -0.0002214
 0.0037037  0.0003241
 0.0036254  0.0007521
 0.0033960  0.0011344
 0.0032430  0.0011530
 0.0033444  0.0010153
 0.0034280  0.0006677
 0.0037030  0.0006261
 0.0046304  0.0004286
 0.0054787  0.0006596
 0.0067857  0.0007722
 0.0080422  0.0008118
 0.0092995  0.0014101
 0.0099035  0.0016827
 0.0106271  0.0019354
 0.0104322  0.0019330
 0.0100427  0.0016750
 0.0093567  0.0010923
 0.0087289  0.0004883
 0.0080752 -0.0002898
 0.0075758 -0.0014906
 0.0075850 -0.0021310
 0.0080800 -0.0029446
 0.0085185 -0.0035640
 0.0093517 -0.0037247
 0.0098584 -0.0039440
 0.0100211 -0.0041422
 0.0100295 -0.0037635
 0.0093487 -0.0037442
 0.0092627 -0.0039666
 0.0088387 -0.0041474
 0.0077845 -0.0044449
 0.0073808 -0.0042789
 0.0065910 -0.0042700
 0.0059188 -0.0046152
 0.0055122 -0.0048255
 0.0052344 -0.0047533
 0.0048827 -0.0048345
 0.0051035 -0.0042975
 0.0052141 -0.0035514
 0.0050982 -0.0025525
 0.0048870 -0.0016061
 0.0042387 -0.0009863
 0.0039104 -0.0004214
 0.0033375 -0.0006216
 0.0030504 -0.0009349
 0.0026071 -0.0006901
 0.0019353 -0.0004668
 0.0013405 -0.0001853
 0.0002702  0.0001700
-0.0002082  0.0001374
-0.0000644  0.0002008
-0.0000155 -0.0001993
 0.0008397 -0.0005861
 0.0015839 -0.0011421
 0.0026127 -0.0017582
 0.0034671 -0.0021809
 0.0039181 -0.0024704
 0.0042855 -0.0025883
 0.0042331 -0.0025730
 0.0043877 -0.0027071
 0.0044430 -0.0023078
 0.0049747 -0.0019634
 0.0053514 -0.0014664
 0.0057264 -0.0007041
 0.0065032 -0.0002071
 0.0068249  0.0003270
 0.0074878  0.0009193
 0.0076958  0.0013953
 0.0075023  0.0019295
 0.0070150  0.0022908
 0.0063581  0.0026711
 0.0057403  0.0030357
 0.0047382  0.0034205
 0.0037950  0.0033046
 0.0032758  0.0029445
 0.0028127  0.0026570
 0.0029645  0.0024269
 0.0029088  0.0027147
 0.0031494  0.0024265
 0.0034344  0.0025573
 0.0031053  0.0024462
 0.0030782  0.0029300
 0.0026947  0.0029772
 0.0020814  0.0027572
 0.0013942  0.0026899
 0.0009211  0.0022341
 0.0000272  0.0016204
 0.0000280  0.0018880
-0.0001597  0.0011738
-0.0001355  0.0012150
 0.0002865  0.0013866
 0.0005800  0.0016975
 0.0009519  0.0015485
 0.0014784  0.0020682
 0.0016295  0.0019547
 0.0015658  0.0025854
 0.0009877  0.0029649
-0.0000155  0.0033362
-0.0007693  0.0030354
-0.0011896  0.0029663
-0.0015687  0.0025851
-0.0012573  0.0021283
-0.0005839  0.0013842
 0.0000718  0.0008124
 0.0009589  0.0002794
 0.0016138  0.0000585
 0.0019214  0.0001650
 0.0018350  0.0006951
 0.0011712  0.0014549
 0.0003878  0.0021647
-0.0009955  0.0028514
-0.0019876  0.0032415
-0.0029228  0.0029132
-0.0032406  0.0025458
-0.0029043  0.0022176
-0.0026386  0.0016588
-0.0027788  0.0013277
-0.0026823  0.0007131
-0.0031046  0.0002735
-0.0032972 -0.0001646
-0.0040268 -0.0010609
-0.0044903 -0.0016709
-0.0040522 -0.0023028
-0.0039590 -0.0029136
-0.0034236 -0.0029879
-0.0032694 -0.0032931
-0.0031155 -0.0036569
-0.0033638 -0.0037316
-0.0038015 -0.0047046
-0.0044709 -0.0057386
-0.0051988 -0.0067338
-0.0058174 -0.0074981
-0.0060867 -0.0086100
-0.0057633 -0.0092431
-0.0054375 -0.0094740
-0.0045545 -0.0090686
-0.0042711 -0.0080274
-0.0036146 -0.0069877
-0.0035895 -0.0062512
-0.0037381 -0.0054223
-0.0036714 -0.0054764
-0.0036447 -0.0057804
-0.0033924 -0.0056253
-0.0027375 -0.0056443
-0.0022542 -0.0048760
-0.0015819 -0.0035521
-0.0012113 -0.0019420
-0.0015145  0.0001644
-0.0014341  0.0022715
-0.0017130  0.0040464
-0.0018579  0.0051348
-0.0021583  0.0064877
-0.0020767  0.0067703
-0.0021122  0.0071668
-0.0023093  0.0071854
-0.0027175  0.0072968
-0.0030252  0.0072019
-0.0032452  0.0073157
-0.0039022  0.0071195
-0.0040827  0.0071167
-0.0043205  0.0065926
-0.0049847  0.0058969
-0.0055896  0.0054729
-0.0060823  0.0045371
-0.0066475  0.0033384
-0.0065798  0.0024466
-0.0063545  0.0014252
-0.0062831  0.0010497
-0.0063024  0.0006783
-0.0058208  0.0005706
-0.0060032  0.0009598
-0.0058106  0.0016381
-0.0057319  0.0018566
-0.0053798  0.0025551
-0.0051678  0.0031910
-0.0049518  0.0042344
-0.0048351  0.0048699
-0.0044491  0.0054424
-0.0041935  0.0059765
-0.0039371  0.0062644
-0.0041825  0.0070852
-0.0039830  0.0073529
-0.0047638  0.0075022
-0.0047618  0.0076197
-0.0049334  0.0071768
-0.0052213  0.0066758
-0.0051107  0.0057152
-0.0047445  0.0050987
-0.0040989  0.0044975
-0.0032514  0.0035688
-0.0021193  0.0026753
-0.0014519  0.0020720
-0.0007575  0.0018758
-0.0001393  0.0021362
 0.0000997  0.0028407
 0.0003037  0.0036462
 0.0000086  0.0046559
-0.0003672  0.0053043
-0.0002497  0.0057217
-0.0010391  0.0055828
-0.0008982  0.0052191
-0.0010856  0.0047612
-0.0015436  0.0038686
-0.0014290  0.0027648
-0.0014626  0.0023781
-0.0012499  0.0019914
-0.0011999  0.0018731
-0.0012249  0.0017525
-0.0012657  0.0025096
-0.0008983  0.0031875
-0.0014155  0.0033639
-0.0018269  0.0037277
-0.0011332  0.0039627
-0.0008946  0.0038860
-0.0001783  0.0039401
 0.0003228  0.0040358
 0.0004532  0.0044581
 0.0004568  0.0046342
 0.0004181  0.0050476
-0.0000349  0.0053000
 0.0001723  0.0052879
 0.0009367  0.0055807
 0.0012969  0.0056335
 0.0020378  0.0059533
 0.0026205  0.0059678
 0.0032015  0.0058628
 0.0033210  0.0056831
 0.0036675  0.0051989
 0.0037288  0.0045049
 0.0038398  0.0040938
 0.0043167  0.0040555
 0.0047511  0.0037991
 0.0052985  0.0039662
 0.0056570  0.0040082
 0.0059065  0.0039646
 0.0064096  0.0041353
 0.0065457  0.0036169
 0.0061335  0.0032673
 0.0056204  0.0027295
 0.0048016  0.0018198
 0.0041120  0.0012553
 0.0044540  0.0006779
 0.0043179  0.0003432
 0.0046590  0.0004263
 0.0053845  0.0009156
 0.0060333  0.0014832
 0.0062590  0.0020710
 0.0062533  0.0028930
 0.0061903  0.0032572
 0.0054805  0.0035467
 0.0051486  0.0037833
 0.0045264  0.0039202
 0.0036987  0.0039857
 0.0033636  0.0037810
 0.0027405  0.0037455
 0.0020424  0.0038440
 0.0018421  0.0033103
 0.0015736  0.0034435
 0.0016136  0.0037277
 0.0019895  0.0042611
 0.0021697  0.0048259
 0.0027019  0.0055861
 0.0032882  0.0058666
 0.0038139  0.0062223
 0.0039387  0.0062178
 0.0043098  0.0057225
 0.0046671  0.0054725
 0.0051965  0.0054064
 0.0048078  0.0053539
 0.0043427  0.0060282
 0.0038167  0.0063795
 0.0022857  0.0065507
 0.0007539  0.0067986
-0.0003229  0.0067912
-0.0014978  0.0064589
-0.0025008  0.0061589
-0.0032187  0.0060781
-0.0035320  0.0057240
-0.0042410  0.0058148
-0.0043799  0.0056226
-0.0048838  0.0052734
-0.0049056  0.0051134
-0.0046271  0.0046511
-0.0042302  0.0041218
-0.0032968  0.0038109
-0.0022467  0.0039392
-0.0017917  0.0039335
-0.0015898  0.0043550
-0.0016379  0.0048440
-0.0019360  0.0057880
-0.0025045  0.0066214
-0.0025401  0.0072069
-0.0033029  0.0079906
-0.0036465  0.0086742
-0.0040039  0.0087660
-0.0043803  0.0090672
-0.0045781  0.0088674
-0.0047711  0.0082017
-0.0045600  0.0075743
-0.0039410  0.0069061
-0.0034189  0.0059278
-0.0028807  0.0056977
-0.0021418  0.0052346
-0.0019638  0.0050799
-0.0020319  0.0049749
-0.0022952  0.0049898
-0.0029597  0.0040450
-0.0034910  0.0032569
-0.0032919  0.0014925
-0.0037449  0.0003863
-0.0037396 -0.0005120
-0.0032757 -0.0015815
-0.0029874 -0.0021762
-0.0021282 -0.0019889
-0.0015017 -0.0012997
-0.0006482 -0.0005294
-0.0005957  0.0007727
-0.0001424  0.0013360
 0.0003724  0.0018189
 0.0005464  0.0020127
 0.0010067  0.0019545
 0.0013515  0.0019307
 0.0020597  0.0012132
 0.0025740  0.0010920
 0.0029584  0.0004125
 0.0033819 -0.0000333
 0.0037324 -0.0003628
 0.0037954 -0.0001952
 0.0038427  0.0004201
 0.0037874  0.0013547
 0.0036744  0.0027347
 0.0030042  0.0038305
 0.0024635  0.0044652
 0.0012849  0.0052372
 0.0009143  0.0054230
-0.0005114  0.0052261
-0.0010484  0.0049375
-0.0016015  0.0041498
-0.0019955  0.0030336
-0.0017771  0.0018155
-0.0012469  0.0005538
-0.0008048 -0.0004604
-0.0001515 -0.0019183
 0.0002647 -0.0027411
 0.0005041 -0.0035777
 0.0008053 -0.0041622
 0.0008763 -0.0046935
 0.0002977 -0.0050476
 0.0002973 -0.0053875
 0.0001843 -0.0062277
 0.0001904 -0.0063605
 0.0006951 -0.0065192
 0.0011857 -0.0066218
 0.0017457 -0.0060320
 0.0022367 -0.0055006
 0.0026712 -0.0046044
 0.0029858 -0.0037501
 0.0032475 -0.0032563
 0.0034098 -0.0026083
 0.0036876 -0.0022531
 0.0034293 -0.0020254
 0.0038367 -0.0016858
 0.0038230 -0.0013439
 0.0040588 -0.0010815
 0.0039333 -0.0007601
 0.0044356 -0.0000811
 0.0043238  0.0005229
 0.0041901  0.0013142
 0.0039902  0.0021684
 0.0041565  0.0021821
 0.0039154  0.0019298
 0.0039626  0.0018123
 0.0043328  0.0015615
 0.0046295  0.0010036
 0.0047518  0.0008081
 0.0049302  0.0006535
 0.0047831  0.0012074
 0.0043866  0.0017856
 0.0038952  0.0021938
 0.0039666  0.0026400
 0.0038830  0.0028407
 0.0043412  0.0026191
 0.0046703  0.0020102
 0.0053595  0.0014208
 0.0058436  0.0012751
 0.0059074  0.0014677
 0.0054706  0.0016260
 0.0049393  0.0018650
 0.0045279  0.0024012
 0.0039393  0.0022741
 0.0035869  0.0015412
 0.0035619  0.0006796
 0.0032983 -0.0004561
 0.0034364 -0.0018030
 0.0037885 -0.0030612
 0.0045399 -0.0043411
 0.0053074 -0.0054248
 0.0058206 -0.0063447
 0.0062053 -0.0066831
 0.0064326 -0.0065814
 0.0059901 -0.0060166
 0.0053752 -0.0050246
 0.0042270 -0.0038986
 0.0036149 -0.0030745
 0.0032927 -0.0023450
 0.0033545 -0.0013651
 0.0041277 -0.0008801
 0.0047612 -0.0004328
 0.0053543  0.0002827
 0.0063875  0.0008092
 0.0063067  0.0016010
 0.0063979  0.0025825
 0.0062619  0.0034704
 0.0058210  0.0044866
 0.0049578  0.0057706
 0.0045956  0.0067303
 0.0043453  0.0074772
 0.0039577  0.0075870
 0.0041785  0.0075660
 0.0041098  0.0072159
 0.0040943  0.0067169
 0.0043850  0.0069305
 0.0041996  0.0069349
 0.0042064  0.0072903
 0.0037808  0.0077429
 0.0034405  0.0080067
 0.0033909  0.0085324
 0.0031329  0.0089434
 0.0030074  0.0092168
 0.0028060  0.0094481
 0.0026389  0.0094700
 0.0024656  0.0094159
 0.0018862  0.0086928
 0.0019222  0.0071957
 0.0015002  0.0059938
 0.0017292  0.0042682
 0.0017918  0.0026148
 0.0021039  0.0016135
 0.0021524  0.0006667
 0.0025489 -0.0001502
 0.0022522 -0.0001203
 0.0023399  0.0002357
 0.0027708  0.0001517
 0.0029109  0.0005804
 0.0029670  0.0005953
 0.0029274  0.0009369
 0.0029460  0.0008230
 0.0020440  0.0006757
 0.0011630  0.0008905
