[PARAMETERS]
DW=1E-007
TAU=0.00065
TD=4096
BS=4096
NS=128
NSC=128
FR=56.230000
GAIN=4.974204
D0=0.05
D1=7E-006
D2=1.4E-005
D3=2.5E-005
D4=1E-005
D5=5E-005
D6=0.001
D7=0.001
D8=0.001
D9=0.05
C0=1
SEGTD=0
SEGOFF=0
SEGNUM=0
[ADDITIONAL]
PPFILE=UK_TWO_T2_SOLID.PC
DATEWR=12.09.2024
TIMEWR=14:55:01
DATESTA=12.09.2024
TIMESTA=14:54:53
DATEEND=12.09.2024
TIMEEND=14:55:01
CURR_Z0=0
CURR_Z1=1
TE=-1
[VARIABLES]
_USER=Measurements
_EMAIL_F=7NMR.NMR-270-ijs.si
_ITC_H=1
_ITC_R0= 80.00
_ITC_R1= 79.96
_ITC_R2= 80.48
_ITC_R3=  0.00
_ITC_R4= -0.04
_ITC_V= 21.90
_ITC_X=X0A1C1S00H1
_FW=100
_ORIENT=?
_THETA=0
_TITLE=?
_DESCR1=?
_DESCR2=?
_FR_LARM=56.23000000
_FR_SYNT=526.23000000
_TRIMLEV=1.572265625
_DATE=12.09.2024
_TIME=14:52:37
_ITC_DIR=I3I3
[PPFILE]
; pi/2 - pi/2


DELAY D9
PULSE [GT] 3u
PULSE [PHL1,GT] D1
DELAY TAU-3u
PULSE [GT] 3u
PULSE [PHL2,GT] D1
DELAY TAU-D3
PULSE [TR] 1u+DW
DELAY 1m
STOP

;PHL 1 [+X] [+X] [+Y] [+Y] [-X] [-X] [-Y] [-Y]
;PHL 2 [+Y] [-Y] [-X] [+X] [-Y] [+Y] [+X] [-X]
;!RLS +X+X+Y+Y-X-X-Y-Y

PHL 1 [+X] [+X] [-X] [-X] [+Y] [+Y] [-Y] [-Y] [+X] [+X] [-X] [-X] [+Y] [+Y] [-Y] [-Y]
PHL 2 [+Y] [-Y] [-Y] [+Y] [-X] [+X] [+X] [-X] [+X] [-X] [-X] [+X] [-Y] [+Y] [+Y] [-Y]
!RLS +X+X-X-X+Y+Y-Y-Y-X-X+X+X-Y-Y+Y+Y
[DATA]
-0.0023449  0.0064042
-0.0030611  0.0057707
-0.0036432  0.0058483
-0.0039415  0.0054611
-0.0044155  0.0053617
-0.0046267  0.0051626
-0.0045326  0.0048917
-0.0042104  0.0048311
-0.0038523  0.0044390
-0.0034179  0.0035875
-0.0033473  0.0025652
-0.0027833  0.0018501
-0.0028318 -0.0000168
-0.0026127 -0.0012394
-0.0023765 -0.0021538
-0.0018997 -0.0030634
-0.0019220 -0.0033068
-0.0018089 -0.0029676
-0.0021093 -0.0031945
-0.0019877 -0.0036677
-0.0020814 -0.0047372
-0.0017898 -0.0060005
-0.0013651 -0.0076800
-0.0002923 -0.0092271
 0.0004546 -0.0103487
 0.0014304 -0.0111469
 0.0020599 -0.0111065
 0.0020970 -0.0109551
 0.0021345 -0.0105179
 0.0023437 -0.0096765
 0.0022674 -0.0088391
 0.0025912 -0.0084992
 0.0031616 -0.0073679
 0.0035246 -0.0061034
 0.0040745 -0.0050665
 0.0045137 -0.0037257
 0.0048169 -0.0028286
 0.0046837 -0.0022775
 0.0049336 -0.0021920
 0.0046123 -0.0019461
 0.0040983 -0.0013728
 0.0032791 -0.0005879
 0.0021774  0.0001182
 0.0011107  0.0004255
 0.0001954  0.0009620
-0.0004695  0.0011163
-0.0004134  0.0013848
-0.0001126  0.0019056
 0.0000157  0.0023667
 0.0004312  0.0028149
 0.0003851  0.0036801
 0.0001731  0.0042402
-0.0000578  0.0037617
-0.0009631  0.0032861
-0.0012917  0.0021048
-0.0016724  0.0007491
-0.0017108 -0.0002445
-0.0014185 -0.0015054
-0.0012985 -0.0017525
-0.0009283 -0.0010270
-0.0001583 -0.0004157
 0.0006117  0.0006336
 0.0014922  0.0022954
 0.0023373  0.0033661
 0.0030216  0.0047582
 0.0038230  0.0059791
 0.0041282  0.0068915
 0.0045655  0.0080720
 0.0047104  0.0089873
 0.0042020  0.0096583
 0.0035980  0.0103515
 0.0027040  0.0104957
 0.0016429  0.0096435
 0.0007910  0.0087755
 0.0006174  0.0075999
 0.0005790  0.0064799
 0.0009250  0.0061400
 0.0016764  0.0055122
 0.0022542  0.0057835
 0.0026592  0.0065317
 0.0028917  0.0069487
 0.0028134  0.0078527
 0.0018545  0.0089101
 0.0010716  0.0093490
 0.0000393  0.0097564
-0.0007948  0.0102175
-0.0015481  0.0102195
-0.0021464  0.0104125
-0.0026639  0.0104085
-0.0032020  0.0103677
-0.0037656  0.0099203
-0.0040550  0.0094931
-0.0041183  0.0091612
-0.0042442  0.0087659
-0.0043355  0.0081367
-0.0041251  0.0071689
-0.0039588  0.0055058
-0.0035438  0.0040200
-0.0027497  0.0019269
-0.0018970 -0.0002251
-0.0013532 -0.0018599
-0.0006262 -0.0032766
 0.0001618 -0.0031652
-0.0004652 -0.0034312
-0.0007188 -0.0030081
-0.0012223 -0.0025676
-0.0022942 -0.0028034
-0.0028796 -0.0030182
-0.0034154 -0.0035003
-0.0031017 -0.0041718
-0.0026571 -0.0046898
-0.0018678 -0.0049599
-0.0012137 -0.0047499
 0.0002075 -0.0045020
 0.0006076 -0.0034935
 0.0009944 -0.0027466
 0.0013182 -0.0021233
 0.0010675 -0.0016150
 0.0011038 -0.0011426
 0.0013630 -0.0010308
 0.0016084 -0.0003618
 0.0020820  0.0001247
 0.0023678  0.0013933
 0.0021357  0.0026066
 0.0015619  0.0042022
 0.0005267  0.0057744
-0.0007688  0.0069618
-0.0018561  0.0075767
-0.0032728  0.0077669
-0.0041453  0.0073091
-0.0051417  0.0069522
-0.0058842  0.0064427
-0.0067429  0.0059534
-0.0075056  0.0054282
-0.0082142  0.0049623
-0.0080377  0.0046269
-0.0081338  0.0040919
-0.0075564  0.0035590
-0.0065975  0.0030026
-0.0060081  0.0028682
-0.0054186  0.0031189
-0.0051530  0.0029881
-0.0049265  0.0032054
-0.0046544  0.0030039
-0.0043616  0.0022821
-0.0034733  0.0018271
-0.0025047  0.0011746
-0.0009478  0.0005173
 0.0005315  0.0003764
 0.0020403  0.0004655
 0.0030738  0.0006347
 0.0031025  0.0007288
 0.0026979  0.0013392
 0.0015032  0.0013824
 0.0006573  0.0018056
-0.0003827  0.0020042
-0.0009908  0.0018783
-0.0007433  0.0021154
-0.0003561  0.0022123
 0.0007628  0.0021223
 0.0014927  0.0018881
 0.0019777  0.0014464
 0.0021129  0.0013672
 0.0016502  0.0019248
 0.0011508  0.0016955
 0.0006110  0.0018291
 0.0001446  0.0012917
-0.0002180  0.0010612
-0.0000662  0.0008533
 0.0003352  0.0005060
 0.0007393  0.0002412
 0.0009158  0.0002759
 0.0011899 -0.0000338
 0.0012005 -0.0004577
 0.0016515 -0.0013880
 0.0018563 -0.0021249
 0.0019395 -0.0024819
 0.0019226 -0.0029297
 0.0024010 -0.0032664
 0.0023214 -0.0029838
 0.0025233 -0.0029338
 0.0025362 -0.0028826
 0.0027743 -0.0027938
 0.0026693 -0.0028523
 0.0026975 -0.0032565
 0.0023781 -0.0039663
 0.0018511 -0.0046906
 0.0012540 -0.0059159
 0.0007279 -0.0066411
-0.0001576 -0.0078644
-0.0005601 -0.0088535
-0.0007390 -0.0093836
-0.0006260 -0.0098345
-0.0005969 -0.0100021
 0.0004334 -0.0100142
 0.0010947 -0.0104320
 0.0017007 -0.0102959
 0.0023062 -0.0106246
 0.0029002 -0.0111608
 0.0030734 -0.0114519
 0.0035151 -0.0118383
 0.0039790 -0.0115714
 0.0035619 -0.0106497
 0.0034723 -0.0096128
 0.0029745 -0.0085732
 0.0022894 -0.0073260
 0.0016794 -0.0064018
 0.0010887 -0.0060748
 0.0014800 -0.0057683
 0.0013669 -0.0060049
 0.0017323 -0.0059658
 0.0021559 -0.0057017
 0.0021034 -0.0056089
 0.0019710 -0.0048983
 0.0013411 -0.0040714
 0.0005071 -0.0035651
-0.0011337 -0.0030999
-0.0028872 -0.0027866
-0.0043737 -0.0032275
-0.0054593 -0.0033789
-0.0063189 -0.0033970
-0.0067921 -0.0040467
-0.0069608 -0.0045247
-0.0068401 -0.0055970
-0.0065324 -0.0067683
-0.0057212 -0.0081499
-0.0052614 -0.0096107
-0.0044898 -0.0108232
-0.0035886 -0.0115370
-0.0027860 -0.0121362
-0.0020431 -0.0126752
-0.0012797 -0.0122727
-0.0007274 -0.0122904
-0.0003870 -0.0122137
-0.0001618 -0.0120062
-0.0003200 -0.0119130
-0.0004812 -0.0118028
-0.0011195 -0.0117438
-0.0016860 -0.0118738
-0.0021512 -0.0119105
-0.0025751 -0.0118863
-0.0025388 -0.0117252
-0.0025210 -0.0114485
-0.0020406 -0.0108946
-0.0015165 -0.0106055
-0.0009351 -0.0102983
-0.0007033 -0.0098949
-0.0003161 -0.0101816
 0.0001813 -0.0103289
 0.0004882 -0.0106430
 0.0011535 -0.0110180
 0.0017070 -0.0109142
 0.0026998 -0.0107357
 0.0036345 -0.0099702
 0.0045461 -0.0084631
 0.0051957 -0.0070072
 0.0060137 -0.0044995
 0.0063157 -0.0026027
 0.0072778 -0.0009147
 0.0074518  0.0008909
 0.0070905  0.0028616
 0.0067263  0.0039012
 0.0064045  0.0050721
 0.0055223  0.0060496
 0.0052563  0.0066661
 0.0054291  0.0074280
 0.0055244  0.0088580
 0.0064833  0.0103680
 0.0069746  0.0117572
 0.0079682  0.0133584
 0.0094580  0.0148494
 0.0106014  0.0165133
 0.0119559  0.0185061
 0.0131578  0.0197735
 0.0139750  0.0217668
 0.0146742  0.0234920
 0.0148587  0.0247384
 0.0150169  0.0264842
 0.0150225  0.0274879
 0.0146898  0.0281065
 0.0148524  0.0296073
 0.0153692  0.0307483
 0.0161424  0.0323682
 0.0171586  0.0341584
 0.0188516  0.0368878
 0.0204335  0.0391193
 0.0222782  0.0421733
 0.0244892  0.0450496
 0.0256443  0.0480813
 0.0270264  0.0515103
 0.0276397  0.0553415
 0.0280002  0.0589647
 0.0279304  0.0631979
 0.0276296  0.0669015
 0.0271197  0.0711037
 0.0273451  0.0745888
 0.0268041  0.0778616
 0.0264126  0.0806676
 0.0266508  0.0840497
 0.0265200  0.0873200
 0.0265139  0.0906145
 0.0267965  0.0945479
 0.0271720  0.0978905
 0.0276031  0.1016571
 0.0282087  0.1054415
 0.0290468  0.1089396
 0.0297328  0.1125067
 0.0309420  0.1157657
 0.0325509  0.1187163
 0.0341647  0.1214290
 0.0360462  0.1246230
 0.0375639  0.1276454
 0.0386782  0.1311656
 0.0396396  0.1344153
 0.0406829  0.1376097
 0.0412454  0.1407634
 0.0419967  0.1438072
 0.0429766  0.1468126
 0.0439331  0.1500515
 0.0450285  0.1529900
 0.0461953  0.1559317
 0.0470803  0.1590624
 0.0483239  0.1617215
 0.0495916  0.1649104
 0.0504754  0.1681880
 0.0513883  0.1714107
 0.0515187  0.1750157
 0.0510519  0.1794602
 0.0509316  0.1832388
 0.0500998  0.1867223
 0.0497110  0.1899818
 0.0496298  0.1927389
 0.0498732  0.1948824
 0.0501405  0.1970243
 0.0508644  0.1987701
 0.0511313  0.2006862
 0.0514401  0.2022209
 0.0514062  0.2037773
 0.0512395  0.2057222
 0.0504075  0.2070502
 0.0497862  0.2077257
 0.0489739  0.2086874
 0.0477999  0.2092987
 0.0470792  0.2089951
 0.0465895  0.2088780
 0.0462504  0.2085130
 0.0455067  0.2082897
 0.0449778  0.2084072
 0.0445794  0.2084484
 0.0442019  0.2085058
 0.0435753  0.2084497
 0.0432899  0.2081549
 0.0430597  0.2078266
 0.0431542  0.2076304
 0.0432891  0.2071063
 0.0434037  0.2063182
 0.0434268  0.2051642
 0.0437583  0.2034729
 0.0432939  0.2012398
 0.0427921  0.1988903
 0.0425542  0.1958690
 0.0423829  0.1928893
 0.0418503  0.1902334
 0.0422839  0.1880237
 0.0422717  0.1858531
 0.0429346  0.1837613
 0.0427788  0.1814051
 0.0426625  0.1794538
 0.0427586  0.1777004
 0.0424954  0.1754673
 0.0419629  0.1735956
 0.0426194  0.1726884
 0.0423441  0.1709374
 0.0418895  0.1690031
 0.0423434  0.1669210
 0.0425057  0.1641598
 0.0430290  0.1606435
 0.0440642  0.1575524
 0.0448999  0.1543858
 0.0456206  0.1525189
 0.0460707  0.1509458
 0.0458361  0.1496442
 0.0449305  0.1487640
 0.0441560  0.1475419
 0.0423723  0.1462233
 0.0406406  0.1447537
 0.0389464  0.1420398
 0.0372507  0.1392067
 0.0353037  0.1357216
 0.0337408  0.1324125
 0.0324286  0.1288095
 0.0308115  0.1249941
 0.0299673  0.1216406
 0.0289692  0.1182059
 0.0280709  0.1149391
 0.0276123  0.1109089
 0.0272295  0.1077395
 0.0263820  0.1045894
 0.0262867  0.1012173
 0.0259940  0.0985365
 0.0254805  0.0959978
 0.0254256  0.0930561
 0.0255067  0.0903632
 0.0257846  0.0877013
 0.0260418  0.0843127
 0.0261436  0.0806438
 0.0260664  0.0767210
 0.0262764  0.0719930
 0.0259506  0.0682599
 0.0261201  0.0646476
 0.0262352  0.0615140
 0.0266248  0.0591097
 0.0270718  0.0571038
 0.0270375  0.0554880
 0.0270481  0.0534115
 0.0265939  0.0517392
 0.0260428  0.0497850
 0.0251651  0.0479439
 0.0243822  0.0461998
 0.0238969  0.0447071
 0.0231071  0.0436550
 0.0223921  0.0424700
 0.0219645  0.0415406
 0.0213847  0.0407017
 0.0204294  0.0392531
 0.0194948  0.0378440
 0.0185815  0.0361265
 0.0174863  0.0344874
 0.0162161  0.0328801
 0.0154677  0.0317500
 0.0144742  0.0302557
 0.0133220  0.0290768
 0.0124730  0.0277645
 0.0119671  0.0262387
 0.0115868  0.0246176
 0.0111819  0.0235941
 0.0106433  0.0225738
 0.0097744  0.0215805
 0.0090371  0.0213088
 0.0079372  0.0206304
 0.0067998  0.0191834
 0.0060601  0.0181990
 0.0047310  0.0161806
 0.0041512  0.0139903
 0.0036650  0.0117245
 0.0030089  0.0097457
 0.0023822  0.0077067
 0.0020862  0.0067627
 0.0013485  0.0051485
 0.0005495  0.0047246
 0.0010581  0.0043217
 0.0013363  0.0041307
 0.0019959  0.0040996
 0.0034619  0.0036483
 0.0046036  0.0028913
 0.0051745  0.0025369
 0.0061084  0.0012300
 0.0062646  0.0006099
 0.0067059 -0.0001321
 0.0069793 -0.0011192
 0.0075599 -0.0012270
 0.0081995 -0.0013182
 0.0090094 -0.0008733
 0.0094015 -0.0003924
 0.0096216  0.0004692
 0.0097964  0.0007636
 0.0091851  0.0009965
 0.0085504  0.0004471
 0.0076852 -0.0000402
 0.0071644 -0.0002981
 0.0064368 -0.0002174
 0.0057666  0.0000209
 0.0049486  0.0009002
 0.0040903  0.0019128
 0.0030248  0.0030574
 0.0018035  0.0042593
 0.0006190  0.0049861
-0.0004134  0.0048100
-0.0013517  0.0052109
-0.0014700  0.0050228
-0.0014680  0.0046215
-0.0011636  0.0041471
-0.0007078  0.0033255
-0.0007679  0.0024243
-0.0002725  0.0014085
-0.0004470  0.0001270
-0.0008867 -0.0013882
-0.0008297 -0.0024230
-0.0005633 -0.0035753
 0.0000311 -0.0045012
 0.0010287 -0.0045246
 0.0025835 -0.0043805
 0.0040419 -0.0042013
 0.0055963 -0.0032921
 0.0070159 -0.0025182
 0.0077273 -0.0017241
 0.0084577 -0.0007354
 0.0086725 -0.0002804
 0.0086390  0.0000951
 0.0085656  0.0009922
 0.0079785  0.0012336
 0.0073536  0.0014770
 0.0069309  0.0019134
 0.0060115  0.0018294
 0.0049170  0.0019768
 0.0040279  0.0017285
 0.0026822  0.0013486
 0.0014685  0.0014834
 0.0005410  0.0018000
-0.0005543  0.0025006
-0.0014377  0.0031668
-0.0014579  0.0040087
-0.0017801  0.0048466
-0.0017962  0.0048749
-0.0013509  0.0040383
-0.0009076  0.0032769
-0.0004065  0.0027024
 0.0004386  0.0020923
 0.0000736  0.0013099
-0.0006560  0.0013688
-0.0016104  0.0009304
-0.0032537  0.0009481
-0.0050515  0.0005916
-0.0063657  0.0002189
-0.0073544  0.0003238
-0.0081958  0.0003173
-0.0085761  0.0005026
-0.0086730  0.0007682
-0.0086173  0.0015345
-0.0081252  0.0019650
-0.0081729  0.0019299
-0.0083352  0.0018754
-0.0080385  0.0010744
-0.0077636  0.0005135
-0.0072231  0.0001683
-0.0062615 -0.0007191
-0.0054379 -0.0012565
-0.0049212 -0.0018904
-0.0043572 -0.0028246
-0.0039047 -0.0035126
-0.0037170 -0.0038534
-0.0035211 -0.0039640
-0.0034056 -0.0034819
-0.0038400 -0.0030979
-0.0033151 -0.0030551
-0.0033648 -0.0024890
-0.0029174 -0.0018514
-0.0028297 -0.0014820
-0.0023577 -0.0007867
-0.0016749  0.0001754
-0.0019106  0.0009211
-0.0009621  0.0013669
-0.0003420  0.0020383
 0.0004365  0.0021615
 0.0008072  0.0026654
 0.0011646  0.0028996
 0.0009211  0.0028641
 0.0004649  0.0031524
-0.0006450  0.0031124
-0.0020714  0.0026126
-0.0032496  0.0023622
-0.0042941  0.0018192
-0.0054315  0.0014315
-0.0062600  0.0016136
-0.0070437  0.0016797
-0.0074034  0.0020903
-0.0078064  0.0023139
-0.0081879  0.0015250
-0.0082052  0.0009033
-0.0077878 -0.0001399
-0.0075778 -0.0014682
-0.0069500 -0.0023951
-0.0063808 -0.0031888
-0.0057699 -0.0032591
-0.0053299 -0.0028174
-0.0045785 -0.0023357
-0.0039983 -0.0019146
-0.0034536 -0.0011305
-0.0026779 -0.0009254
-0.0017896 -0.0005657
-0.0008162 -0.0004026
 0.0002004 -0.0000433
 0.0014576  0.0007169
 0.0029991  0.0012082
 0.0034718  0.0019111
 0.0045191  0.0028611
 0.0050851  0.0040816
 0.0051639  0.0049383
 0.0049688  0.0056024
 0.0045857  0.0060821
 0.0043337  0.0056246
 0.0040277  0.0056868
 0.0035876  0.0051822
 0.0035711  0.0046623
 0.0028819  0.0045989
 0.0016985  0.0048998
 0.0004227  0.0048308
-0.0011091  0.0049487
-0.0021600  0.0052362
-0.0031540  0.0042426
-0.0040305  0.0035695
-0.0043200  0.0027673
-0.0045828  0.0015706
-0.0045502  0.0008674
-0.0042405  0.0002828
-0.0041807 -0.0002449
-0.0043070 -0.0005295
-0.0040474 -0.0006454
-0.0044373 -0.0008998
-0.0042536 -0.0008506
-0.0046088 -0.0007505
-0.0045442 -0.0012435
-0.0043908 -0.0015279
-0.0038772 -0.0017112
-0.0037945 -0.0022991
-0.0035386 -0.0023048
-0.0032237 -0.0027126
-0.0032743 -0.0032335
-0.0033228 -0.0035811
-0.0032740 -0.0038141
-0.0036458 -0.0040116
-0.0034949 -0.0040471
-0.0032643 -0.0037241
-0.0026078 -0.0032832
-0.0013937 -0.0023021
 0.0001632 -0.0014764
 0.0018153 -0.0004598
 0.0036366  0.0007907
 0.0048022  0.0013696
 0.0055241  0.0018154
 0.0063465  0.0020855
 0.0065948  0.0017068
 0.0067894  0.0014702
 0.0068129  0.0012191
 0.0064721  0.0008472
 0.0060559  0.0003202
 0.0061144  0.0003182
 0.0059663  0.0003303
 0.0056611  0.0005221
 0.0055097  0.0012880
 0.0045371  0.0016788
 0.0032564  0.0027157
 0.0019774  0.0034053
 0.0006632  0.0039422
-0.0001770  0.0048967
-0.0014185  0.0052952
-0.0022191  0.0056549
-0.0029285  0.0063145
-0.0040242  0.0060181
-0.0048899  0.0054391
-0.0054919  0.0044411
-0.0060399  0.0036748
-0.0061320  0.0027191
-0.0065322  0.0023574
-0.0066062  0.0020513
-0.0070245  0.0021866
-0.0070981  0.0026893
-0.0071429  0.0026481
-0.0073751  0.0025500
-0.0065704  0.0025100
-0.0053616  0.0022027
-0.0043623  0.0022366
-0.0027691  0.0017388
-0.0018449  0.0013544
-0.0007088  0.0014110
 0.0007565  0.0009535
 0.0018632  0.0006144
 0.0025052  0.0008317
 0.0031464  0.0007437
 0.0033504  0.0010066
 0.0030314  0.0015113
 0.0026935  0.0022535
 0.0026548  0.0031219
 0.0024432  0.0039852
 0.0027299  0.0048710
 0.0027662  0.0057156
 0.0031102  0.0065240
 0.0034130  0.0069277
 0.0034303  0.0073702
 0.0033693  0.0079500
 0.0031206  0.0082969
 0.0023898  0.0086606
 0.0015476  0.0082238
 0.0009150  0.0077635
-0.0001974  0.0074409
-0.0010396  0.0069023
-0.0017441  0.0064578
-0.0021979  0.0058190
-0.0018886  0.0050479
-0.0016301  0.0038354
-0.0012615  0.0032076
-0.0002969  0.0023109
-0.0002484  0.0011130
 0.0001004  0.0008749
 0.0001655  0.0006928
 0.0000569  0.0007909
-0.0000149  0.0008067
-0.0002673  0.0006609
-0.0003513  0.0002869
 0.0002894  0.0005053
 0.0007565  0.0003999
 0.0013580  0.0004301
 0.0024779  0.0003906
 0.0031816  0.0000174
 0.0037537 -0.0005260
 0.0048124 -0.0008398
 0.0053130 -0.0018084
 0.0064318 -0.0023156
 0.0072204 -0.0025679
 0.0078526 -0.0031804
 0.0087114 -0.0035510
 0.0093371 -0.0038848
 0.0098499 -0.0047379
 0.0101676 -0.0054153
 0.0102959 -0.0060229
 0.0108268 -0.0065138
 0.0108381 -0.0064541
 0.0111013 -0.0063979
 0.0110173 -0.0060866
 0.0109559 -0.0047797
 0.0107448 -0.0039330
 0.0104387 -0.0030609
 0.0094612 -0.0021561
 0.0090058 -0.0024431
 0.0085472 -0.0024011
 0.0079141 -0.0029438
 0.0078241 -0.0042277
 0.0077345 -0.0049746
 0.0071657 -0.0055528
 0.0068492 -0.0058633
 0.0061491 -0.0059982
 0.0050053 -0.0056982
 0.0039560 -0.0056829
 0.0029620 -0.0052529
 0.0020802 -0.0055279
 0.0016163 -0.0055332
 0.0014790 -0.0056499
 0.0016490 -0.0057819
 0.0011649 -0.0057403
 0.0003715 -0.0056385
-0.0009342 -0.0057302
-0.0020437 -0.0060334
-0.0031762 -0.0062445
-0.0037128 -0.0067072
-0.0041840 -0.0064553
-0.0040412 -0.0065901
-0.0039289 -0.0066256
-0.0031926 -0.0064302
-0.0025692 -0.0066171
-0.0019596 -0.0067426
-0.0016015 -0.0068690
-0.0013948 -0.0065742
-0.0012261 -0.0062386
-0.0012995 -0.0051849
-0.0015652 -0.0044783
-0.0015562 -0.0035990
-0.0015695 -0.0034371
-0.0015178 -0.0028376
-0.0016595 -0.0027258
-0.0009322 -0.0031304
-0.0008046 -0.0033428
-0.0004512 -0.0028252
 0.0001734 -0.0028268
 0.0003531 -0.0021384
 0.0005873 -0.0014182
 0.0007278 -0.0006757
 0.0003689  0.0004450
 0.0001763  0.0012614
 0.0001235  0.0020200
 0.0002385  0.0025509
-0.0000110  0.0025803
 0.0002789  0.0024014
 0.0001049  0.0016488
-0.0000122  0.0008599
 0.0001594  0.0000919
 0.0005974 -0.0005403
 0.0008466 -0.0008984
 0.0013391 -0.0013736
 0.0012414 -0.0014620
 0.0011635 -0.0020910
 0.0007569 -0.0027406
 0.0005251 -0.0031060
 0.0000075 -0.0031831
-0.0010540 -0.0028808
-0.0015002 -0.0029046
-0.0020085 -0.0023345
-0.0025536 -0.0020297
-0.0026223 -0.0019599
-0.0024023 -0.0015206
-0.0024520 -0.0010519
-0.0020027 -0.0009446
-0.0018037 -0.0005708
-0.0022168  0.0000397
-0.0019024  0.0005165
-0.0019784  0.0012291
-0.0016611  0.0019838
-0.0007874  0.0026447
-0.0002347  0.0030368
 0.0010125  0.0030635
 0.0027418  0.0026291
 0.0043620  0.0020958
 0.0059605  0.0016347
 0.0076749  0.0015778
 0.0086266  0.0016404
 0.0088256  0.0018528
 0.0088556  0.0026631
 0.0081002  0.0032429
 0.0074607  0.0041506
 0.0071520  0.0049234
 0.0070329  0.0055646
 0.0069935  0.0059534
 0.0072241  0.0062223
 0.0073138  0.0063684
 0.0076284  0.0061826
 0.0073821  0.0049741
 0.0068826  0.0042101
 0.0060554  0.0034619
 0.0054150  0.0031816
 0.0048109  0.0029636
 0.0042138  0.0030144
 0.0034789  0.0031274
 0.0034200  0.0030620
 0.0034143  0.0027458
 0.0033957  0.0025088
 0.0033517  0.0016718
 0.0034970  0.0007480
 0.0029733 -0.0007661
 0.0033108 -0.0021247
 0.0031270 -0.0039205
 0.0028100 -0.0055225
 0.0032848 -0.0068346
 0.0033926 -0.0077079
 0.0036550 -0.0085267
 0.0039739 -0.0085004
 0.0041006 -0.0083021
 0.0043271 -0.0081459
 0.0044196 -0.0076811
 0.0048601 -0.0070254
 0.0050526 -0.0062789
 0.0055892 -0.0056483
 0.0062025 -0.0042856
 0.0069741 -0.0030739
 0.0080336 -0.0021316
 0.0093292 -0.0012635
 0.0099329  0.0001338
 0.0106746  0.0006300
 0.0112960  0.0011593
 0.0112307  0.0014552
 0.0108977  0.0011721
 0.0104265  0.0009520
 0.0097583  0.0006924
 0.0088923  0.0010153
 0.0082782  0.0013198
 0.0072369  0.0023586
 0.0064843  0.0035174
 0.0051111  0.0046201
 0.0038776  0.0047078
 0.0028008  0.0048382
 0.0017397  0.0049893
 0.0008184  0.0047569
 0.0004344  0.0042002
-0.0004276  0.0037686
-0.0012327  0.0035232
-0.0017656  0.0030096
-0.0023401  0.0026983
-0.0024301  0.0022517
-0.0026578  0.0021153
-0.0027135  0.0022969
-0.0025734  0.0021019
-0.0019928  0.0014304
-0.0016092  0.0006847
-0.0015026  0.0001873
-0.0013992 -0.0004998
-0.0011036 -0.0010134
-0.0010567 -0.0019719
-0.0007248 -0.0025105
-0.0010321 -0.0032251
-0.0009562 -0.0042059
-0.0013079 -0.0051906
-0.0012372 -0.0058686
-0.0008581 -0.0070823
-0.0005562 -0.0073164
 0.0001435 -0.0078216
 0.0007902 -0.0077255
 0.0014601 -0.0075571
 0.0022986 -0.0069648
 0.0026938 -0.0066951
 0.0034767 -0.0064222
 0.0041614 -0.0061117
 0.0048329 -0.0058908
 0.0048341 -0.0055952
 0.0051058 -0.0053049
 0.0050562 -0.0049552
 0.0050106 -0.0046455
 0.0044628 -0.0041820
 0.0045852 -0.0035849
 0.0038492 -0.0023954
 0.0030333 -0.0016114
 0.0020659 -0.0009827
 0.0012629 -0.0001026
 0.0003976  0.0006617
-0.0007603  0.0008163
-0.0013830  0.0011834
-0.0018348  0.0013837
-0.0024195  0.0017160
-0.0025608  0.0019187
-0.0025076  0.0022098
-0.0021632  0.0023475
-0.0019544  0.0025151
-0.0013783  0.0017600
-0.0005761  0.0016917
 0.0002270  0.0014296
 0.0006650  0.0013783
 0.0010805  0.0012769
 0.0008822  0.0017327
 0.0003375  0.0022685
-0.0002831  0.0026739
-0.0004991  0.0031721
-0.0005403  0.0031172
-0.0007539  0.0029307
-0.0005468  0.0026646
-0.0001229  0.0016912
-0.0000280  0.0003895
 0.0003148 -0.0005992
 0.0004702 -0.0015899
 0.0007185 -0.0019905
 0.0012341 -0.0020853
 0.0019269 -0.0018399
 0.0023823 -0.0015226
 0.0026294 -0.0006889
 0.0024364  0.0000330
 0.0019406  0.0006192
 0.0013455  0.0008061
 0.0007690  0.0008965
-0.0001128  0.0003938
-0.0005174 -0.0000665
-0.0008667 -0.0008525
-0.0008497 -0.0010802
-0.0009619 -0.0013665
-0.0010754 -0.0014993
-0.0013753 -0.0010588
-0.0014217 -0.0005223
-0.0021387 -0.0006785
-0.0029744 -0.0000499
-0.0037330 -0.0000322
-0.0039817 -0.0005187
-0.0045195 -0.0001376
-0.0047751  0.0000699
-0.0054865  0.0002189
-0.0066667  0.0007575
-0.0073991  0.0010527
-0.0082285  0.0012171
-0.0090905  0.0009555
-0.0091866  0.0004641
-0.0093912 -0.0002965
-0.0087941 -0.0007192
-0.0080100 -0.0013737
-0.0070539 -0.0020988
-0.0064657 -0.0021541
-0.0060079 -0.0026681
-0.0062445 -0.0028974
-0.0065687 -0.0032979
-0.0066591 -0.0041982
-0.0067285 -0.0046622
-0.0061455 -0.0047797
-0.0058878 -0.0050357
-0.0046927 -0.0047099
-0.0036975 -0.0041507
-0.0030132 -0.0037969
-0.0018306 -0.0031711
-0.0009961 -0.0030995
 0.0002397 -0.0031439
 0.0020953 -0.0028665
 0.0029875 -0.0021906
 0.0040542 -0.0018244
 0.0043715 -0.0011198
 0.0047453 -0.0006236
 0.0048543  0.0001802
 0.0048890  0.0006792
 0.0045426  0.0012917
 0.0046266  0.0014468
 0.0044199  0.0019103
 0.0048862  0.0018917
 0.0048128  0.0023512
 0.0048144  0.0023516
 0.0050417  0.0027743
 0.0046755  0.0030242
 0.0042463  0.0036795
 0.0038780  0.0038794
 0.0030301  0.0038266
 0.0020523  0.0041564
 0.0012302  0.0043172
 0.0003739  0.0035149
-0.0011300  0.0029226
-0.0020238  0.0022545
-0.0033614  0.0015563
-0.0043154  0.0007278
-0.0048092 -0.0001806
-0.0050749 -0.0006660
-0.0055384 -0.0019382
-0.0049118 -0.0026270
-0.0043664 -0.0032770
-0.0038198 -0.0043151
-0.0030967 -0.0048545
-0.0020506 -0.0053555
-0.0010138 -0.0055546
-0.0001695 -0.0056023
 0.0007753 -0.0052818
 0.0011827 -0.0050185
 0.0019167 -0.0048276
 0.0024012 -0.0044061
 0.0027905 -0.0045732
 0.0032803 -0.0044722
 0.0034620 -0.0043709
 0.0042413 -0.0039457
 0.0040855 -0.0031765
 0.0038147 -0.0026061
 0.0036916 -0.0022237
 0.0029791 -0.0021164
 0.0025088 -0.0018956
 0.0022637 -0.0024229
 0.0020513 -0.0028872
 0.0021866 -0.0033165
 0.0024740 -0.0034295
 0.0026323 -0.0030819
 0.0025799 -0.0023272
 0.0021645 -0.0013804
 0.0013094 -0.0004764
 0.0006432 -0.0000137
-0.0005450  0.0000598
-0.0010473  0.0002354
-0.0016093  0.0004482
-0.0018868  0.0004131
-0.0021638 -0.0000031
-0.0021137  0.0000792
-0.0019321 -0.0004735
-0.0017287 -0.0008122
-0.0014517 -0.0012292
-0.0019718 -0.0015365
-0.0028225 -0.0020504
-0.0036127 -0.0020658
-0.0047060 -0.0023310
-0.0052398 -0.0028272
-0.0053920 -0.0028849
-0.0053136 -0.0030581
-0.0046236 -0.0029282
-0.0038747 -0.0027259
-0.0031512 -0.0022132
-0.0023122 -0.0019669
-0.0017409 -0.0017150
-0.0014596 -0.0016721
-0.0014422 -0.0015732
-0.0012928 -0.0018401
-0.0012779 -0.0016693
-0.0011653 -0.0014848
-0.0015150 -0.0009629
-0.0016196 -0.0007045
-0.0012223  0.0000186
-0.0007661  0.0004574
-0.0009789  0.0009597
-0.0007673  0.0010615
-0.0005525  0.0017204
-0.0005488  0.0020111
-0.0004257  0.0020693
-0.0007301  0.0025065
-0.0005524  0.0032882
-0.0004317  0.0036301
-0.0004288  0.0045268
-0.0003933  0.0047021
-0.0000852  0.0047820
-0.0002177  0.0047202
-0.0004119  0.0048555
-0.0009101  0.0040694
-0.0015379  0.0033971
-0.0019784  0.0027075
-0.0027047  0.0017878
-0.0032376  0.0014232
-0.0031771  0.0009089
-0.0035231  0.0007195
-0.0034992  0.0003739
-0.0034984  0.0000485
-0.0035347 -0.0000864
-0.0038803 -0.0002959
-0.0043406 -0.0002794
-0.0054723  0.0000618
-0.0067009  0.0000408
-0.0076025  0.0001122
-0.0089256 -0.0001793
-0.0097319 -0.0004886
-0.0097953 -0.0007018
-0.0100868 -0.0016268
-0.0092697 -0.0018545
-0.0088926 -0.0018908
-0.0079535 -0.0015242
-0.0069373 -0.0014055
-0.0057652 -0.0006557
-0.0048252  0.0001808
-0.0036338  0.0011006
-0.0023701  0.0019234
-0.0017410  0.0028076
-0.0013244  0.0035388
-0.0011492  0.0044073
-0.0018565  0.0051772
-0.0020652  0.0056400
-0.0026704  0.0057187
-0.0028145  0.0056416
-0.0026905  0.0056848
-0.0019762  0.0052282
-0.0017545  0.0050739
-0.0010976  0.0043715
-0.0010399  0.0043908
-0.0013839  0.0042556
-0.0015769  0.0036011
-0.0018890  0.0031755
-0.0029690  0.0029236
-0.0035505  0.0021742
-0.0045571  0.0016546
-0.0050799  0.0014591
-0.0051785  0.0009985
-0.0053057  0.0009181
-0.0048050  0.0005305
-0.0040214  0.0001865
-0.0027544  0.0000161
-0.0015936 -0.0003630
-0.0009661 -0.0008777
-0.0006075 -0.0007412
-0.0001557 -0.0008567
-0.0001241 -0.0009585
 0.0000503 -0.0011002
 0.0000273 -0.0013744
 0.0002901 -0.0019542
 0.0007782 -0.0025126
 0.0007680 -0.0032677
 0.0015686 -0.0035947
 0.0016966 -0.0041394
 0.0027059 -0.0036432
 0.0033309 -0.0038794
 0.0041497 -0.0035787
 0.0049680 -0.0027320
 0.0057089 -0.0025151
 0.0060940 -0.0020665
 0.0066335 -0.0020354
 0.0068519 -0.0020583
 0.0073635 -0.0021600
 0.0074133 -0.0024034
 0.0083435 -0.0024341
 0.0084865 -0.0024317
 0.0087433 -0.0027397
 0.0080788 -0.0023396
 0.0077405 -0.0014962
 0.0068224 -0.0015770
 0.0058692 -0.0015835
 0.0048186 -0.0016061
 0.0038436 -0.0013982
 0.0034613 -0.0017224
 0.0028120 -0.0017010
 0.0029300 -0.0018438
 0.0028218 -0.0017925
 0.0030580 -0.0014941
 0.0033705 -0.0008367
 0.0032995 -0.0004128
 0.0028057  0.0001181
 0.0023503  0.0005162
 0.0017338  0.0002610
 0.0011383  0.0003292
 0.0004797 -0.0000003
 0.0000921 -0.0002704
 0.0003937 -0.0006726
 0.0005418 -0.0010791
 0.0013800 -0.0012701
 0.0023134 -0.0011361
 0.0033652 -0.0003912
 0.0036857  0.0006432
 0.0043365  0.0019389
 0.0040652  0.0027303
 0.0039122  0.0031983
 0.0039304  0.0037486
 0.0042190  0.0033167
 0.0046438  0.0031512
 0.0054121  0.0026170
 0.0058328  0.0020413
 0.0056580  0.0011296
 0.0063229 -0.0002396
 0.0066604 -0.0012313
 0.0070940 -0.0015809
 0.0073548 -0.0021987
 0.0077937 -0.0020077
 0.0079257 -0.0017227
 0.0083165 -0.0016407
 0.0084530 -0.0018684
 0.0086303 -0.0015365
 0.0094071 -0.0018195
 0.0097754 -0.0016834
 0.0101622 -0.0010079
 0.0104909 -0.0006288
 0.0103717 -0.0003289
 0.0097346  0.0005448
 0.0092731  0.0008064
 0.0085399  0.0008221
 0.0074453  0.0011435
 0.0067577  0.0009303
 0.0062430  0.0012226
 0.0053544  0.0015699
 0.0047904  0.0019736
 0.0037912  0.0025033
 0.0031162  0.0031145
 0.0024913  0.0033435
 0.0018239  0.0035687
 0.0014404  0.0031888
 0.0011637  0.0027075
 0.0009077  0.0023446
 0.0013999  0.0015944
 0.0018581  0.0009552
 0.0024472  0.0004663
 0.0030996 -0.0002735
 0.0041934 -0.0005170
 0.0052035 -0.0005255
 0.0059823 -0.0004371
 0.0067272 -0.0002070
 0.0071240  0.0002384
 0.0074507  0.0006074
 0.0071806  0.0008985
 0.0069113  0.0010532
 0.0063092  0.0014763
 0.0053083  0.0015583
 0.0044507  0.0019273
 0.0038983  0.0020740
 0.0033112  0.0015128
 0.0030879  0.0007801
 0.0032699  0.0001427
 0.0033987 -0.0004585
 0.0039881 -0.0002004
 0.0038666 -0.0000462
 0.0038831 -0.0000276
 0.0032068  0.0008493
 0.0027590  0.0012994
 0.0022563  0.0022345
 0.0020064  0.0032846
 0.0014157  0.0040271
 0.0010891  0.0045253
 0.0006963  0.0050465
 0.0006858  0.0050131
-0.0000368  0.0048665
-0.0002576  0.0042811
-0.0002491  0.0034979
-0.0006443  0.0032108
-0.0007352  0.0028640
-0.0014760  0.0021651
-0.0023202  0.0020209
-0.0026065  0.0015315
-0.0031802  0.0012500
-0.0034911  0.0013327
-0.0037782  0.0014215
-0.0033022  0.0016637
-0.0031165  0.0019843
-0.0026946  0.0023472
-0.0020998  0.0022661
-0.0017603  0.0026080
-0.0014583  0.0022535
-0.0010397  0.0018626
-0.0002011  0.0018743
-0.0000328  0.0019090
 0.0005781  0.0019280
 0.0010529  0.0020447
 0.0010327  0.0021032
 0.0011881  0.0014387
 0.0017465  0.0012542
 0.0021527  0.0002763
 0.0031354 -0.0002146
 0.0038275 -0.0002303
 0.0045373 -0.0001548
 0.0051122 -0.0000761
 0.0051114  0.0005550
 0.0049192  0.0010350
 0.0045348  0.0017840
 0.0043075  0.0019402
 0.0042522  0.0018082
 0.0042720  0.0018518
 0.0037112  0.0020465
 0.0034193  0.0019520
 0.0029331  0.0021038
 0.0022148  0.0021744
 0.0009252  0.0016964
-0.0002065  0.0015765
-0.0009575  0.0012898
-0.0017016  0.0003293
-0.0021008 -0.0002634
-0.0027517 -0.0006845
-0.0029184 -0.0009498
-0.0027428 -0.0006619
-0.0029523 -0.0004483
-0.0028166 -0.0001572
-0.0027972  0.0006301
-0.0026422  0.0011175
-0.0030968  0.0008155
-0.0034799  0.0008704
-0.0040896 -0.0000081
-0.0048006 -0.0012577
-0.0045563 -0.0021819
-0.0050259 -0.0030282
-0.0044934 -0.0040642
-0.0037373 -0.0042321
-0.0028200 -0.0040961
-0.0021926 -0.0036128
-0.0009248 -0.0031440
-0.0000034 -0.0025884
 0.0013802 -0.0016255
 0.0024183 -0.0010844
 0.0039368 -0.0000064
 0.0046260  0.0009719
 0.0052401  0.0017035
 0.0052756  0.0020499
 0.0049214  0.0032942
 0.0041503  0.0037178
 0.0034562  0.0039641
 0.0027472  0.0049633
 0.0026923  0.0051406
 0.0023916  0.0050098
 0.0026282  0.0054023
 0.0030566  0.0048936
 0.0037761  0.0045388
 0.0043765  0.0046793
 0.0049810  0.0046034
 0.0050222  0.0049333
 0.0054239  0.0057969
 0.0049790  0.0062362
 0.0047085  0.0069847
 0.0045377  0.0072561
 0.0040423  0.0076755
 0.0035167  0.0077833
 0.0034856  0.0079464
 0.0029786  0.0075676
 0.0026423  0.0069393
 0.0026900  0.0059690
 0.0024590  0.0051377
 0.0025374  0.0041755
 0.0025555  0.0031625
 0.0026455  0.0024560
 0.0029289  0.0019194
 0.0028639  0.0016481
 0.0024327  0.0006637
 0.0022860  0.0006015
 0.0019868  0.0003088
 0.0020114  0.0000988
 0.0024494 -0.0002617
 0.0025588 -0.0001405
 0.0024062 -0.0001555
 0.0023715 -0.0000561
 0.0027236  0.0000650
 0.0030325  0.0004333
 0.0031726  0.0009711
 0.0038040  0.0012251
 0.0045889  0.0017221
 0.0053128  0.0018965
 0.0061720  0.0019336
 0.0071256  0.0019897
 0.0077611  0.0013910
 0.0082779  0.0012553
 0.0087022  0.0012965
 0.0087261  0.0015440
 0.0085775  0.0022744
 0.0083668  0.0030855
 0.0079897  0.0036637
 0.0077575  0.0046069
 0.0077386  0.0052844
 0.0072383  0.0059409
 0.0070053  0.0068453
 0.0063549  0.0073654
 0.0055297  0.0079197
 0.0046281  0.0086283
 0.0033809  0.0090441
 0.0024257  0.0093869
 0.0012383  0.0097672
-0.0000638  0.0101095
-0.0005523  0.0098786
-0.0010045  0.0101975
-0.0015127  0.0103808
-0.0013520  0.0104300
-0.0010181  0.0107106
-0.0010152  0.0110093
-0.0007798  0.0114675
-0.0007390  0.0118313
-0.0009482  0.0123481
-0.0005993  0.0124079
-0.0006183  0.0124058
-0.0002367  0.0119839
 0.0003015  0.0114247
 0.0005635  0.0106180
 0.0013281  0.0101020
 0.0016842  0.0095840
 0.0019676  0.0092897
 0.0014649  0.0090567
 0.0008492  0.0088762
-0.0003084  0.0082160
-0.0013262  0.0074226
-0.0017332  0.0064035
-0.0021790  0.0054244
-0.0020119  0.0045019
-0.0014991  0.0038716
-0.0007014  0.0035648
 0.0001941  0.0034130
 0.0007803  0.0031106
 0.0021357  0.0032120
 0.0030069  0.0036375
 0.0031324  0.0034527
 0.0035466  0.0034018
 0.0036164  0.0034305
 0.0037880  0.0023461
 0.0038147  0.0020260
 0.0037998  0.0013800
 0.0038144  0.0011123
 0.0036324  0.0012100
 0.0030796  0.0014010
 0.0027397  0.0019025
 0.0019726  0.0022715
 0.0013895  0.0023152
 0.0007920  0.0022833
 0.0006192  0.0019850
 0.0008291  0.0016801
 0.0007322  0.0012946
 0.0010415  0.0012719
 0.0012494  0.0012675
 0.0007330  0.0011959
 0.0004988  0.0010744
 0.0000914  0.0011850
-0.0007714  0.0008898
-0.0010023  0.0001400
-0.0012482 -0.0006836
-0.0012627 -0.0015468
-0.0011448 -0.0027338
-0.0000894 -0.0034412
 0.0009825 -0.0037423
 0.0020198 -0.0035461
 0.0028797 -0.0028464
 0.0033339 -0.0016872
 0.0036997 -0.0012704
 0.0036763 -0.0004997
 0.0031163  0.0001726
 0.0035188 -0.0000337
 0.0037404  0.0004391
 0.0035838  0.0006304
 0.0038349  0.0008085
 0.0039734  0.0008105
 0.0037695  0.0012563
 0.0034979  0.0014085
 0.0028411  0.0014461
 0.0022214  0.0019790
 0.0015214  0.0022959
 0.0007603  0.0026511
 0.0009206  0.0030867
 0.0010086  0.0034671
 0.0013073  0.0038684
 0.0016267  0.0041958
 0.0021733  0.0048721
 0.0020360  0.0049904
 0.0014001  0.0057241
 0.0004251  0.0061856
-0.0010865  0.0062623
-0.0023070  0.0066854
-0.0037238  0.0069361
-0.0049975  0.0068041
-0.0051287  0.0070395
-0.0054456  0.0067682
-0.0052054  0.0068998
-0.0051585  0.0069082
-0.0058989  0.0069299
-0.0065267  0.0070243
-0.0077775  0.0067759
-0.0091443  0.0058940
-0.0096130  0.0048467
-0.0096999  0.0036915
-0.0092502  0.0022703
-0.0082227  0.0011237
-0.0068322  0.0002032
-0.0055560 -0.0003459
-0.0043561 -0.0008397
-0.0036355 -0.0017908
-0.0030799 -0.0023625
-0.0028147 -0.0031446
-0.0028482 -0.0041063
-0.0025914 -0.0049728
-0.0020087 -0.0062289
-0.0012512 -0.0071010
-0.0008039 -0.0079348
 0.0002936 -0.0079199
 0.0014067 -0.0074612
 0.0026337 -0.0068512
 0.0037480 -0.0060792
 0.0047602 -0.0047925
 0.0051603 -0.0035416
 0.0059860 -0.0023691
 0.0061386 -0.0011167
 0.0059141 -0.0002531
 0.0053767  0.0003796
 0.0052815  0.0007277
 0.0046549  0.0008988
 0.0039710  0.0007822
 0.0033254  0.0007389
 0.0027513  0.0004506
 0.0017544 -0.0000108
 0.0005468 -0.0005474
-0.0004129 -0.0008728
-0.0021426 -0.0014788
-0.0035617 -0.0020711
-0.0049224 -0.0022790
-0.0064756 -0.0019718
-0.0075269 -0.0023868
-0.0087886 -0.0022285
-0.0093611 -0.0020965
-0.0102901 -0.0023254
-0.0110762 -0.0024227
-0.0118235 -0.0026185
-0.0119026 -0.0031725
-0.0120832 -0.0032476
-0.0116867 -0.0036065
-0.0111691 -0.0038689
-0.0101553 -0.0039742
-0.0091940 -0.0035886
-0.0085673 -0.0039730
-0.0084320 -0.0034772
-0.0078337 -0.0037905
-0.0073677 -0.0037159
-0.0068138 -0.0031833
-0.0059704 -0.0029581
-0.0052097 -0.0025725
-0.0043502 -0.0021558
-0.0033053 -0.0021562
-0.0027846 -0.0019628
-0.0023361 -0.0017900
-0.0018851 -0.0022030
-0.0020612 -0.0023326
-0.0025243 -0.0023451
-0.0031953 -0.0020350
-0.0038619 -0.0019171
-0.0047816 -0.0012020
-0.0057768 -0.0005718
-0.0066558 -0.0005326
-0.0068863  0.0000795
-0.0069647  0.0001929
-0.0064681  0.0006318
-0.0056267  0.0008445
-0.0053602  0.0015588
-0.0049940  0.0020784
-0.0049754  0.0033470
-0.0052770  0.0033091
-0.0059331  0.0038856
-0.0066441  0.0043249
-0.0076264  0.0046887
-0.0080149  0.0049604
-0.0080775  0.0052297
-0.0080799  0.0051797
-0.0078534  0.0051442
-0.0075684  0.0047085
-0.0073346  0.0041360
-0.0066850  0.0034534
-0.0059724  0.0025332
-0.0057806  0.0013619
-0.0053587  0.0003744
-0.0051879 -0.0011618
-0.0050006 -0.0019665
-0.0045015 -0.0028124
-0.0042775 -0.0037208
-0.0034700 -0.0045167
-0.0031995 -0.0043730
-0.0032742 -0.0045927
-0.0032668 -0.0048438
-0.0034731 -0.0048818
-0.0035013 -0.0055842
-0.0033063 -0.0060376
-0.0029191 -0.0066436
-0.0022893 -0.0069064
-0.0013078 -0.0074534
 0.0002983 -0.0067008
 0.0015702 -0.0061174
 0.0027055 -0.0055525
 0.0031529 -0.0043961
 0.0038555 -0.0037969
 0.0039209 -0.0031219
 0.0044777 -0.0022231
 0.0051358 -0.0018032
 0.0051326 -0.0014472
 0.0054144 -0.0006086
 0.0051439 -0.0002848
 0.0048915  0.0003058
 0.0047154  0.0011658
 0.0042572  0.0012046
 0.0036669  0.0014488
 0.0035535  0.0015243
 0.0030444  0.0009865
 0.0027182  0.0009796
 0.0016269  0.0002298
 0.0005776 -0.0009992
-0.0010834 -0.0018814
-0.0023402 -0.0028039
-0.0040512 -0.0037071
-0.0048070 -0.0037128
-0.0061220 -0.0034633
-0.0069795 -0.0032607
-0.0074765 -0.0026745
-0.0075746 -0.0026943
-0.0076538 -0.0028889
-0.0075993 -0.0028872
-0.0076392 -0.0037319
-0.0072977 -0.0043880
-0.0067656 -0.0051006
-0.0061152 -0.0058343
-0.0050275 -0.0059893
-0.0034194 -0.0061856
-0.0020014 -0.0063006
-0.0002815 -0.0058779
 0.0011118 -0.0059897
 0.0027752 -0.0061560
 0.0044386 -0.0060761
 0.0061222 -0.0062868
 0.0081720 -0.0060797
 0.0098419 -0.0054128
 0.0108582 -0.0050183
 0.0114113 -0.0049857
 0.0117851 -0.0046058
 0.0121993 -0.0049089
 0.0118056 -0.0052852
 0.0121035 -0.0055658
 0.0126163 -0.0062646
 0.0135122 -0.0060817
 0.0142599 -0.0055212
 0.0145312 -0.0052285
 0.0139365 -0.0042688
 0.0132292 -0.0028476
 0.0122319 -0.0020562
 0.0109621 -0.0003019
 0.0095054  0.0010911
 0.0086067  0.0020226
 0.0071879  0.0032928
 0.0062867  0.0042162
 0.0058063  0.0046563
 0.0057049  0.0049009
 0.0056480  0.0048622
 0.0054005  0.0048900
 0.0052095  0.0045577
 0.0049830  0.0043231
 0.0043108  0.0037792
 0.0039846  0.0036366
 0.0033293  0.0033665
 0.0027741  0.0036866
 0.0023489  0.0039915
 0.0021588  0.0043318
 0.0017567  0.0046144
 0.0017728  0.0048768
 0.0020929  0.0052398
 0.0024353  0.0050221
 0.0030772  0.0049385
 0.0036828  0.0041657
 0.0041156  0.0031591
 0.0051418  0.0018687
 0.0056752  0.0004075
 0.0060914 -0.0006293
 0.0070301 -0.0011808
 0.0078409 -0.0012284
 0.0081938 -0.0009308
 0.0087748 -0.0004991
 0.0087982 -0.0001821
 0.0084010  0.0003836
 0.0080998  0.0003137
 0.0072665 -0.0004085
 0.0063937 -0.0006560
 0.0062900 -0.0012289
 0.0057639 -0.0017559
 0.0048523 -0.0015351
 0.0039585 -0.0012549
 0.0024085 -0.0007135
 0.0012570 -0.0002783
-0.0007185 -0.0002049
-0.0019149 -0.0002457
-0.0026856 -0.0007786
-0.0029586 -0.0014782
-0.0029025 -0.0026232
-0.0022096 -0.0039414
-0.0015515 -0.0049371
-0.0012834 -0.0059206
-0.0005938 -0.0067334
 0.0002876 -0.0074860
 0.0006428 -0.0079689
 0.0010570 -0.0081437
 0.0009145 -0.0084276
 0.0008502 -0.0080379
 0.0005991 -0.0077242
 0.0001582 -0.0074698
-0.0003025 -0.0070111
-0.0007256 -0.0066663
-0.0002876 -0.0066602
-0.0001547 -0.0065960
 0.0012039 -0.0063626
 0.0023719 -0.0061821
 0.0037519 -0.0052741
 0.0052062 -0.0040038
 0.0066988 -0.0028665
 0.0076973 -0.0012151
 0.0081923  0.0003369
 0.0087870  0.0017512
 0.0086752  0.0027411
 0.0086792  0.0030798
 0.0085645  0.0036891
 0.0080914  0.0036240
 0.0077849  0.0040790
 0.0071382  0.0040960
 0.0068709  0.0040879
 0.0064255  0.0048368
 0.0056229  0.0049139
 0.0050698  0.0049349
 0.0045752  0.0050524
 0.0037944  0.0043027
 0.0027475  0.0034180
 0.0025792  0.0031689
 0.0019893  0.0026295
 0.0016329  0.0021491
 0.0011746  0.0022633
 0.0010248  0.0023998
 0.0009893  0.0026311
 0.0010265  0.0026530
 0.0006788  0.0024608
 0.0008274  0.0020756
 0.0007317  0.0014615
 0.0005524  0.0010900
 0.0002088  0.0005869
 0.0001495  0.0001989
-0.0007764 -0.0000591
-0.0016577 -0.0006337
-0.0026966 -0.0010532
-0.0040609 -0.0015712
-0.0051526 -0.0024719
-0.0065993 -0.0038907
-0.0077919 -0.0049295
-0.0079506 -0.0063330
-0.0080573 -0.0077591
-0.0077174 -0.0086687
-0.0067439 -0.0096684
-0.0059191 -0.0102664
-0.0052513 -0.0100371
-0.0047547 -0.0098973
-0.0044107 -0.0094677
-0.0048476 -0.0091524
-0.0046590 -0.0082980
-0.0044111 -0.0082264
-0.0038952 -0.0076042
-0.0025357 -0.0075731
-0.0010605 -0.0068984
 0.0001265 -0.0064910
 0.0015945 -0.0056455
 0.0023608 -0.0053169
 0.0029148 -0.0046244
 0.0028599 -0.0036615
 0.0018852 -0.0034103
 0.0009276 -0.0028903
 0.0002420 -0.0029008
-0.0007722 -0.0029779
-0.0011541 -0.0025672
-0.0010927 -0.0019866
-0.0012207 -0.0012950
-0.0012917 -0.0003199
-0.0013684  0.0010197
-0.0021307  0.0014012
-0.0027032  0.0021469
-0.0038494  0.0024348
-0.0052403  0.0022814
-0.0065205  0.0023246
-0.0075864  0.0017291
-0.0086147  0.0009417
-0.0093963  0.0006555
-0.0098472  0.0000596
-0.0101121 -0.0003426
-0.0100899 -0.0005913
-0.0096820 -0.0009465
-0.0091955 -0.0013289
-0.0086004 -0.0018408
-0.0082850 -0.0024743
-0.0079329 -0.0025942
-0.0069356 -0.0027174
-0.0060345 -0.0029173
-0.0052730 -0.0024284
-0.0040752 -0.0017687
-0.0037010 -0.0010138
-0.0034677  0.0000525
-0.0027668  0.0008111
-0.0031799  0.0008199
-0.0036987  0.0008440
-0.0035146  0.0005133
-0.0036907  0.0001402
-0.0037327  0.0003118
-0.0034876  0.0003720
-0.0039140  0.0011048
-0.0042992  0.0018668
-0.0047034  0.0029351
-0.0051818  0.0034472
-0.0055778  0.0042240
-0.0054950  0.0046706
-0.0055087  0.0046904
-0.0048918  0.0049791
-0.0044279  0.0051519
-0.0034266  0.0052702
-0.0030983  0.0057523
-0.0024769  0.0059130
-0.0026238  0.0066781
-0.0032484  0.0070221
-0.0040474  0.0070931
-0.0049049  0.0071225
-0.0063745  0.0065956
-0.0071364  0.0059354
-0.0078215  0.0058853
-0.0076458  0.0059168
-0.0074912  0.0058170
-0.0068420  0.0061376
-0.0061556  0.0064036
-0.0055839  0.0063406
-0.0048734  0.0065352
-0.0044922  0.0065287
-0.0042217  0.0060301
-0.0039322  0.0058759
-0.0031824  0.0054725
-0.0029446  0.0046832
-0.0017762  0.0045149
-0.0006061  0.0041305
 0.0004045  0.0036508
 0.0015078  0.0035951
 0.0024776  0.0032556
 0.0031781  0.0027247
 0.0038224  0.0021995
 0.0045100  0.0012919
 0.0053711  0.0004025
 0.0063333 -0.0001816
 0.0080601 -0.0001727
 0.0098282  0.0001204
 0.0115017  0.0006586
 0.0131539  0.0009841
 0.0144567  0.0025352
 0.0155889  0.0038826
 0.0152816  0.0054386
 0.0139626  0.0069955
 0.0125628  0.0081107
 0.0103947  0.0093191
 0.0087203  0.0097373
 0.0079632  0.0094131
 0.0069401  0.0093905
 0.0069514  0.0094458
 0.0074435  0.0093885
 0.0072699  0.0090784
 0.0073668  0.0090735
 0.0074108  0.0088995
 0.0071654  0.0083899
 0.0067850  0.0073442
 0.0062473  0.0065265
 0.0053598  0.0054053
 0.0044275  0.0043583
 0.0033236  0.0033900
 0.0019843  0.0028268
 0.0016491  0.0025599
 0.0008149  0.0021009
 0.0002767  0.0017004
 0.0006009  0.0013415
 0.0005605  0.0012688
 0.0007200  0.0007952
 0.0012595  0.0005748
 0.0017795 -0.0002258
 0.0018966 -0.0010054
 0.0023581 -0.0017099
 0.0027994 -0.0025827
 0.0034668 -0.0028476
 0.0043033 -0.0026731
 0.0058290 -0.0017865
 0.0071311 -0.0008082
 0.0079943  0.0003602
 0.0087255  0.0013159
 0.0088123  0.0012508
 0.0086472  0.0004352
 0.0082314 -0.0002807
 0.0076977 -0.0009598
 0.0074474 -0.0019066
 0.0068288 -0.0023524
 0.0061307 -0.0025603
 0.0057588 -0.0025203
 0.0045879 -0.0024767
 0.0038394 -0.0023919
 0.0028817 -0.0026304
 0.0026250 -0.0032800
 0.0030950 -0.0032909
 0.0036405 -0.0030398
 0.0042466 -0.0024446
 0.0048882 -0.0017006
 0.0050048 -0.0011466
 0.0051082 -0.0002414
 0.0046096  0.0006259
 0.0038082  0.0006114
 0.0030884  0.0007482
 0.0027121  0.0009663
 0.0023375  0.0006458
 0.0020791  0.0008779
 0.0022205  0.0009752
 0.0023449  0.0015304
 0.0027858  0.0025417
 0.0029808  0.0029915
 0.0026336  0.0039006
 0.0021115  0.0047606
 0.0013766  0.0052620
 0.0003923  0.0056544
-0.0004003  0.0057036
-0.0005372  0.0056608
-0.0000975  0.0056175
 0.0012627  0.0052348
 0.0028745  0.0059672
 0.0044334  0.0066988
 0.0056087  0.0075855
 0.0057468  0.0082197
 0.0058053  0.0086845
 0.0055752  0.0083603
 0.0054065  0.0075738
 0.0051400  0.0065208
 0.0052336  0.0054654
 0.0049300  0.0047169
 0.0052151  0.0039312
 0.0051929  0.0033716
 0.0055526  0.0033712
 0.0061234  0.0036554
 0.0066386  0.0039182
 0.0071509  0.0042561
 0.0070524  0.0041680
 0.0067221  0.0036790
 0.0067915  0.0033253
 0.0061128  0.0025917
 0.0052423  0.0021427
 0.0048506  0.0020870
 0.0035965  0.0024726
 0.0016141  0.0031036
 0.0001146  0.0038913
-0.0019001  0.0048939
-0.0036815  0.0053780
-0.0048067  0.0056727
-0.0055640  0.0053494
-0.0060146  0.0041995
-0.0056443  0.0031816
-0.0046434  0.0018920
-0.0042760  0.0008346
-0.0032577 -0.0005147
-0.0024547 -0.0012871
-0.0014344 -0.0022287
-0.0009551 -0.0030136
-0.0000499 -0.0040245
 0.0006813 -0.0052240
 0.0012025 -0.0064465
 0.0019854 -0.0074720
 0.0032899 -0.0085790
 0.0038616 -0.0091754
 0.0049460 -0.0089848
 0.0062836 -0.0086202
 0.0071782 -0.0079896
 0.0076494 -0.0065926
 0.0080087 -0.0055707
 0.0079469 -0.0047265
 0.0075362 -0.0037074
 0.0079355 -0.0031091
 0.0079113 -0.0022357
 0.0080166 -0.0012905
 0.0085491 -0.0001276
 0.0089460  0.0013396
 0.0095540  0.0025574
 0.0098443  0.0036758
 0.0100567  0.0050405
 0.0104386  0.0061928
 0.0105710  0.0071727
 0.0102824  0.0083415
 0.0095483  0.0091664
 0.0086806  0.0096650
 0.0077766  0.0101402
 0.0066998  0.0095773
 0.0064652  0.0092127
 0.0056977  0.0088445
 0.0053840  0.0082332
 0.0047545  0.0078497
 0.0038962  0.0079858
 0.0029705  0.0079115
 0.0019281  0.0082748
 0.0007690  0.0081694
-0.0002335  0.0079893
-0.0013728  0.0076966
-0.0019017  0.0073638
-0.0023954  0.0071644
-0.0025787  0.0067437
-0.0028023  0.0068054
-0.0028140  0.0070780
-0.0034963  0.0067922
-0.0038136  0.0065249
-0.0045209  0.0059710
-0.0047676  0.0050076
-0.0046122  0.0039465
-0.0036936  0.0027538
-0.0024526  0.0016617
-0.0012300  0.0007791
 0.0005089  0.0003439
 0.0018118  0.0001784
 0.0028817 -0.0001567
 0.0037210 -0.0002669
 0.0048103 -0.0003375
 0.0057393 -0.0008304
 0.0066081 -0.0013250
 0.0076909 -0.0018220
 0.0090765 -0.0023804
 0.0097123 -0.0030583
 0.0108116 -0.0033676
 0.0110413 -0.0034088
 0.0108761 -0.0038352
 0.0099296 -0.0035219
 0.0087963 -0.0035404
 0.0074579 -0.0039365
 0.0059128 -0.0037229
 0.0050816 -0.0038161
 0.0046896 -0.0038573
 0.0050017 -0.0033550
 0.0054079 -0.0029582
 0.0059086 -0.0026909
 0.0058447 -0.0018919
 0.0056461 -0.0016424
 0.0052221 -0.0010659
 0.0046880 -0.0011466
 0.0039200 -0.0010122
 0.0031029 -0.0011898
 0.0020318 -0.0014628
 0.0012308 -0.0012529
 0.0005630 -0.0013094
 0.0004087 -0.0007550
 0.0006599 -0.0004062
 0.0008105 -0.0000408
 0.0010781  0.0000945
 0.0012877 -0.0002075
 0.0010426 -0.0008406
 0.0014278 -0.0013727
 0.0015284 -0.0016392
 0.0013604 -0.0018883
 0.0014206 -0.0015814
 0.0014953 -0.0014623
 0.0014384 -0.0008696
 0.0017848 -0.0003524
 0.0022951 -0.0000109
 0.0028159  0.0004853
 0.0033525  0.0009662
 0.0036202  0.0013296
 0.0037426  0.0016881
 0.0037362  0.0021261
 0.0031524  0.0025864
 0.0027992  0.0030051
 0.0021565  0.0037500
 0.0023737  0.0043249
 0.0019736  0.0046943
 0.0014564  0.0052729
 0.0017286  0.0049718
 0.0015808  0.0055503
 0.0019074  0.0049560
 0.0019297  0.0047404
 0.0019539  0.0045070
 0.0019588  0.0042304
 0.0013512  0.0043576
 0.0004359  0.0045836
-0.0007297  0.0049434
-0.0024484  0.0049958
-0.0038421  0.0049764
-0.0047590  0.0049328
-0.0061737  0.0049057
-0.0065907  0.0047066
-0.0072267  0.0044106
-0.0079389  0.0039237
-0.0083604  0.0032474
-0.0088405  0.0022477
-0.0090133  0.0008887
-0.0092668 -0.0004138
-0.0088417 -0.0016194
-0.0083463 -0.0019968
-0.0076398 -0.0021676
-0.0072615 -0.0018236
-0.0069409 -0.0013085
-0.0065522 -0.0010263
-0.0064121 -0.0009685
-0.0062746 -0.0007776
-0.0059076 -0.0009624
-0.0053663 -0.0013791
-0.0043784 -0.0016968
-0.0031369 -0.0020561
-0.0017593 -0.0021630
-0.0005501 -0.0022724
 0.0010452 -0.0017112
 0.0020226 -0.0017249
 0.0034826 -0.0013591
 0.0043846 -0.0011281
 0.0059790 -0.0003392
 0.0069060  0.0003681
 0.0079432  0.0010965
 0.0082590  0.0015911
 0.0088142  0.0020711
 0.0084896  0.0026315
 0.0082404  0.0023045
 0.0078173  0.0027139
 0.0071830  0.0024887
 0.0057638  0.0020252
 0.0048643  0.0015084
 0.0036482  0.0009455
 0.0027652  0.0000952
 0.0020089 -0.0001564
 0.0014081 -0.0003086
 0.0005651 -0.0008823
 0.0002284 -0.0013740
-0.0004184 -0.0016227
-0.0011705 -0.0018916
-0.0016141 -0.0022772
-0.0023093 -0.0023971
-0.0026456 -0.0027892
-0.0027331 -0.0027186
-0.0025179 -0.0029960
-0.0018085 -0.0026734
-0.0014666 -0.0025014
-0.0009312 -0.0027465
-0.0012021 -0.0028014
-0.0015086 -0.0023912
-0.0026770 -0.0028478
-0.0035031 -0.0031146
-0.0046599 -0.0031703
-0.0054129 -0.0033964
-0.0056733 -0.0034699
-0.0056322 -0.0035248
-0.0053537 -0.0033673
-0.0047554 -0.0031634
-0.0043655 -0.0028302
-0.0038952 -0.0027030
-0.0032496 -0.0027518
-0.0029476 -0.0025733
-0.0025479 -0.0023569
-0.0019197 -0.0022200
-0.0017296 -0.0021453
-0.0010190 -0.0015732
-0.0005833 -0.0013463
-0.0004921 -0.0011764
-0.0004962 -0.0006365
-0.0003658 -0.0002905
-0.0007150  0.0004464
-0.0005233  0.0013391
-0.0007102  0.0021470
-0.0008147  0.0025383
-0.0010561  0.0034419
-0.0015434  0.0034798
-0.0019382  0.0031859
-0.0021033  0.0030280
-0.0016559  0.0026961
-0.0014952  0.0029371
-0.0010466  0.0033149
-0.0009218  0.0036395
-0.0011781  0.0042859
-0.0015091  0.0050498
-0.0020327  0.0048180
-0.0022163  0.0043706
-0.0027686  0.0040747
-0.0026128  0.0032869
-0.0018642  0.0024601
-0.0008315  0.0018472
-0.0001269  0.0012392
 0.0003527  0.0008637
 0.0012971  0.0003975
 0.0016068 -0.0004374
 0.0021058 -0.0014294
 0.0027228 -0.0025442
 0.0030033 -0.0035508
 0.0040324 -0.0042166
 0.0049041 -0.0046495
 0.0058512 -0.0050687
 0.0065323 -0.0049093
 0.0075573 -0.0043239
 0.0077979 -0.0035830
 0.0080963 -0.0027122
 0.0080494 -0.0021191
 0.0078132 -0.0014299
 0.0079040 -0.0006224
 0.0073847 -0.0002114
 0.0069576  0.0005594
 0.0059389  0.0006455
 0.0047854  0.0005446
 0.0038640  0.0003444
 0.0030065  0.0003957
 0.0020133  0.0004810
 0.0009103  0.0010047
 0.0004012  0.0019829
-0.0003356  0.0035370
-0.0011846  0.0051031
-0.0015778  0.0061528
-0.0016504  0.0070886
-0.0017227  0.0077568
-0.0018398  0.0080411
-0.0015394  0.0077528
-0.0012807  0.0078836
-0.0015758  0.0075775
-0.0022901  0.0067543
-0.0034485  0.0061249
-0.0046432  0.0051139
-0.0055088  0.0041825
-0.0063321  0.0024408
-0.0070390  0.0013115
-0.0069042  0.0001221
-0.0066465 -0.0003604
-0.0059056 -0.0010125
-0.0053597 -0.0008013
-0.0046018 -0.0001133
-0.0041859  0.0004826
-0.0037793  0.0012946
-0.0029181  0.0015473
-0.0022346  0.0018574
-0.0009931  0.0010729
 0.0001656  0.0009962
 0.0014175  0.0007286
 0.0024200  0.0004221
 0.0032686  0.0005178
 0.0037579  0.0005945
 0.0040946  0.0003276
 0.0040732  0.0005626
 0.0044938  0.0001658
 0.0048790 -0.0000986
 0.0057451  0.0002090
 0.0065724  0.0004820
 0.0074005  0.0011728
 0.0082972  0.0022443
 0.0086404  0.0032181
 0.0086767  0.0038459
 0.0088067  0.0050063
 0.0084013  0.0057867
 0.0079802  0.0067185
 0.0071973  0.0070927
 0.0061093  0.0074859
 0.0046586  0.0073070
 0.0029032  0.0067321
 0.0014134  0.0060821
 0.0002123  0.0054914
-0.0010292  0.0048099
-0.0019796  0.0044684
-0.0026994  0.0043921
-0.0034003  0.0043295
-0.0038932  0.0044315
-0.0046575  0.0041707
-0.0052712  0.0036748
-0.0057286  0.0028406
-0.0058825  0.0017561
-0.0054787  0.0008884
-0.0050935  0.0002521
-0.0052082 -0.0003814
-0.0052316 -0.0006116
-0.0056980 -0.0005498
-0.0064740 -0.0002582
-0.0073813 -0.0003535
-0.0079017 -0.0005582
-0.0083455 -0.0011703
-0.0081371 -0.0017597
-0.0075998 -0.0026221
-0.0070805 -0.0037102
-0.0057438 -0.0043614
-0.0044114 -0.0046044
-0.0029229 -0.0043848
-0.0012231 -0.0041279
-0.0000038 -0.0032142
 0.0009696 -0.0025758
 0.0019046 -0.0021684
 0.0020903 -0.0018450
 0.0019906 -0.0019472
 0.0020834 -0.0016461
 0.0014689 -0.0012294
 0.0008391 -0.0000420
-0.0001141  0.0005556
-0.0018349  0.0021520
-0.0032596  0.0028921
-0.0046307  0.0034970
-0.0055585  0.0033270
-0.0058132  0.0026976
-0.0059015  0.0019717
-0.0058026  0.0014682
-0.0057804  0.0009901
-0.0063937  0.0006994
-0.0070978  0.0003502
-0.0074212 -0.0004283
-0.0079957 -0.0014708
-0.0081314 -0.0023813
-0.0082315 -0.0030778
-0.0081266 -0.0036431
-0.0075202 -0.0041030
-0.0067592 -0.0043480
-0.0059049 -0.0044276
-0.0050857 -0.0041381
-0.0044450 -0.0037929
-0.0043163 -0.0036794
-0.0040700 -0.0035833
-0.0044403 -0.0037355
-0.0049995 -0.0037529
-0.0055191 -0.0040008
-0.0057876 -0.0039435
-0.0058021 -0.0041356
-0.0054702 -0.0040218
-0.0046425 -0.0034303
-0.0045238 -0.0025926
-0.0034494 -0.0017277
-0.0029367 -0.0007486
-0.0025955  0.0001541
-0.0019185  0.0008304
-0.0017195  0.0015213
-0.0016901  0.0014248
-0.0019110  0.0019012
-0.0020483  0.0017824
-0.0025283  0.0015297
-0.0026422  0.0013936
-0.0031553  0.0008740
-0.0033035  0.0004508
-0.0031654  0.0002623
-0.0028141 -0.0000841
-0.0029598 -0.0006970
-0.0030918 -0.0015808
-0.0029509 -0.0020653
-0.0024994 -0.0028753
-0.0024150 -0.0029629
-0.0022357 -0.0023000
-0.0021723 -0.0016161
-0.0021262 -0.0006451
-0.0027314  0.0005802
-0.0033935  0.0012645
-0.0040350  0.0012997
-0.0045776  0.0010909
-0.0056987  0.0003436
-0.0063249 -0.0004566
-0.0068921 -0.0006443
-0.0071780 -0.0012717
-0.0074985 -0.0013278
-0.0072118 -0.0013662
-0.0065408 -0.0014582
-0.0055860 -0.0012826
-0.0046246 -0.0017235
-0.0033985 -0.0017553
-0.0023431 -0.0022471
-0.0018594 -0.0027231
-0.0012299 -0.0037732
-0.0006583 -0.0042888
-0.0000292 -0.0046687
 0.0001456 -0.0056606
 0.0006995 -0.0057733
 0.0009341 -0.0058278
 0.0014687 -0.0052108
 0.0018135 -0.0048681
 0.0018486 -0.0040816
 0.0023589 -0.0031400
 0.0022167 -0.0024088
 0.0028457 -0.0016191
 0.0029959 -0.0009258
 0.0030871 -0.0003925
 0.0034525  0.0003132
 0.0035688  0.0008333
 0.0031897  0.0013901
 0.0025777  0.0018519
 0.0019313  0.0025081
 0.0003010  0.0034464
-0.0006967  0.0044456
-0.0019968  0.0059419
-0.0029371  0.0069000
-0.0041265  0.0074402
-0.0048367  0.0079744
-0.0055126  0.0086785
-0.0057109  0.0092704
-0.0064667  0.0098812
-0.0075468  0.0103750
-0.0084702  0.0106233
-0.0096419  0.0108324
-0.0103492  0.0105300
-0.0105604  0.0096568
-0.0106561  0.0081274
-0.0097573  0.0063275
-0.0084832  0.0046621
-0.0066910  0.0028581
-0.0049565  0.0016626
-0.0027667  0.0004526
-0.0015696 -0.0002799
-0.0006172 -0.0003029
-0.0003528  0.0000823
-0.0007986  0.0001392
-0.0019133  0.0004828
-0.0028383  0.0006597
-0.0042979  0.0008704
-0.0047618  0.0007000
-0.0050880  0.0008159
-0.0045922  0.0006584
-0.0039983  0.0004449
-0.0030156  0.0003306
-0.0017078 -0.0000550
-0.0007090 -0.0001709
 0.0002540 -0.0004373
 0.0004478 -0.0008435
 0.0008657 -0.0005714
 0.0011862 -0.0002758
 0.0008374  0.0003626
 0.0007392  0.0012747
 0.0008155  0.0015145
 0.0006258  0.0019486
 0.0011111  0.0015930
 0.0013857  0.0013318
 0.0020208  0.0012196
 0.0026398  0.0012995
 0.0032018  0.0015648
 0.0038418  0.0017351
 0.0036177  0.0020775
 0.0033441  0.0024405
 0.0026804  0.0030658
 0.0020740  0.0035374
 0.0015616  0.0037041
 0.0006092  0.0042515
 0.0003819  0.0044768
-0.0003214  0.0045264
-0.0012931  0.0048062
-0.0019460  0.0047835
-0.0028310  0.0048291
-0.0039664  0.0044431
-0.0046600  0.0038241
-0.0048765  0.0036994
-0.0048983  0.0030010
-0.0047069  0.0021120
-0.0044792  0.0012667
-0.0039657 -0.0000127
-0.0034456 -0.0013607
-0.0029656 -0.0024972
-0.0024645 -0.0031581
-0.0018286 -0.0042066
-0.0012908 -0.0042470
-0.0007934 -0.0043217
-0.0003772 -0.0043653
 0.0002147 -0.0042296
 0.0002825 -0.0038408
 0.0004335 -0.0037612
 0.0006414 -0.0040640
 0.0000879 -0.0036046
 0.0001117 -0.0036304
-0.0002347 -0.0028096
-0.0001721 -0.0023199
-0.0002254 -0.0013530
 0.0001861 -0.0006166
 0.0005180  0.0003176
 0.0005802  0.0015393
 0.0006130  0.0022822
 0.0001427  0.0035253
-0.0003062  0.0044236
-0.0010289  0.0048366
-0.0016579  0.0051498
-0.0023839  0.0056016
-0.0031353  0.0056322
-0.0037930  0.0056056
-0.0040078  0.0049519
-0.0043550  0.0044541
-0.0048210  0.0037859
-0.0050721  0.0023275
-0.0049591  0.0008987
-0.0045969 -0.0005160
-0.0041750 -0.0023885
-0.0038343 -0.0040564
-0.0032085 -0.0051853
-0.0024438 -0.0065434
-0.0020462 -0.0072116
-0.0018015 -0.0081132
-0.0013498 -0.0086845
-0.0010094 -0.0092364
-0.0003400 -0.0095226
 0.0001933 -0.0097301
 0.0012446 -0.0099195
 0.0020683 -0.0096473
 0.0030070 -0.0093368
 0.0043276 -0.0088003
 0.0050395 -0.0083218
 0.0057060 -0.0075527
 0.0063132 -0.0066544
 0.0058868 -0.0062123
 0.0055767 -0.0055255
 0.0051120 -0.0055106
 0.0041902 -0.0054424
 0.0036977 -0.0049490
 0.0033352 -0.0048166
 0.0030590 -0.0048005
 0.0028729 -0.0051861
 0.0032989 -0.0047674
 0.0033954 -0.0049947
 0.0047205 -0.0047052
 0.0053701 -0.0040184
 0.0060008 -0.0035477
 0.0067424 -0.0025965
 0.0067218 -0.0023196
 0.0066237 -0.0016963
 0.0057407 -0.0013055
 0.0049187 -0.0006030
 0.0031184 -0.0003366
 0.0019286  0.0000688
 0.0005498  0.0000708
-0.0007329 -0.0003280
-0.0013095 -0.0003462
-0.0018283 -0.0007475
-0.0020540 -0.0012268
-0.0017200 -0.0018037
-0.0014220 -0.0022664
-0.0018107 -0.0027263
-0.0017667 -0.0028385
-0.0024498 -0.0029693
-0.0029811 -0.0028700
-0.0036958 -0.0030008
-0.0042707 -0.0031142
-0.0047334 -0.0028800
-0.0052151 -0.0026709
-0.0050988 -0.0022345
-0.0046620 -0.0017032
-0.0045550 -0.0014275
-0.0039256 -0.0012769
-0.0031868 -0.0013048
-0.0022380 -0.0020611
-0.0011512 -0.0024446
-0.0001843 -0.0032650
 0.0012167 -0.0040099
 0.0024025 -0.0044039
 0.0027288 -0.0047382
 0.0031341 -0.0049287
 0.0026388 -0.0049259
 0.0028540 -0.0049630
 0.0028564 -0.0050487
 0.0029699 -0.0047293
 0.0038565 -0.0045263
 0.0046200 -0.0033062
 0.0054646 -0.0023885
 0.0060363 -0.0007166
 0.0055591  0.0006683
 0.0050039  0.0016951
 0.0033001  0.0026027
 0.0013545  0.0032121
-0.0004974  0.0032206
-0.0025589  0.0032618
-0.0045408  0.0032004
-0.0062454  0.0029674
-0.0081616  0.0029617
-0.0100374  0.0028188
-0.0116677  0.0024477
-0.0128184  0.0017512
-0.0137357  0.0006295
-0.0137943 -0.0005511
-0.0129520 -0.0011370
-0.0119007 -0.0019171
-0.0108893 -0.0020608
-0.0100169 -0.0025999
-0.0096733 -0.0032205
-0.0091622 -0.0043885
-0.0089523 -0.0051556
-0.0082239 -0.0065897
-0.0077277 -0.0076435
-0.0071726 -0.0087731
-0.0059856 -0.0095317
-0.0055677 -0.0095087
-0.0052282 -0.0097893
-0.0051749 -0.0093189
-0.0050825 -0.0092163
-0.0054293 -0.0087136
-0.0056207 -0.0085775
-0.0060200 -0.0079864
-0.0066308 -0.0074043
-0.0070701 -0.0063376
-0.0078529 -0.0051741
-0.0087311 -0.0040121
-0.0096871 -0.0026499
-0.0103315 -0.0014637
-0.0111123 -0.0005654
-0.0116831  0.0002776
-0.0125798  0.0003919
-0.0126759  0.0003515
-0.0125035 -0.0002259
-0.0122153 -0.0004544
-0.0121563 -0.0008961
-0.0119629 -0.0016801
-0.0117453 -0.0020003
-0.0115454 -0.0025558
-0.0113095 -0.0026664
-0.0109578 -0.0021431
-0.0104943 -0.0015799
-0.0098576 -0.0008248
-0.0095096  0.0000663
-0.0089177  0.0005476
-0.0087114  0.0007854
-0.0087163  0.0004491
-0.0086097 -0.0004674
-0.0086380 -0.0013221
-0.0083381 -0.0024263
-0.0077317 -0.0030012
-0.0074301 -0.0032079
-0.0067401 -0.0039968
-0.0057477 -0.0040715
-0.0047690 -0.0041531
-0.0045768 -0.0045705
-0.0034233 -0.0049509
-0.0027644 -0.0053146
-0.0020287 -0.0058536
-0.0011824 -0.0060685
-0.0006216 -0.0064961
 0.0000664 -0.0067577
 0.0007846 -0.0071902
 0.0018641 -0.0070396
 0.0023090 -0.0068882
 0.0031184 -0.0066306
 0.0034684 -0.0060088
 0.0036496 -0.0055788
 0.0041983 -0.0049016
 0.0041361 -0.0044789
 0.0048418 -0.0039427
 0.0054527 -0.0028873
 0.0055330 -0.0018703
 0.0059804 -0.0010010
 0.0060442  0.0000585
 0.0058597  0.0003342
 0.0056898  0.0012447
 0.0059567  0.0017701
 0.0054423  0.0021621
 0.0054960  0.0027129
 0.0048245  0.0024534
 0.0035624  0.0024788
 0.0028939  0.0025491
 0.0015975  0.0022125
-0.0000033  0.0015822
-0.0006852  0.0010485
-0.0014648  0.0002551
-0.0025150  0.0000766
-0.0020664 -0.0003486
-0.0023708 -0.0006986
-0.0026005 -0.0002404
-0.0023320 -0.0006223
-0.0023098 -0.0007152
-0.0020986 -0.0008662
-0.0020680 -0.0017072
-0.0018621 -0.0030306
-0.0010449 -0.0043913
-0.0004257 -0.0058504
 0.0002776 -0.0072324
 0.0010193 -0.0079418
 0.0012978 -0.0088410
 0.0015829 -0.0094155
 0.0015280 -0.0095467
 0.0013580 -0.0095826
 0.0010580 -0.0094486
 0.0006196 -0.0089289
 0.0002046 -0.0092015
-0.0000829 -0.0093206
 0.0005712 -0.0094547
 0.0009915 -0.0099182
 0.0018361 -0.0092896
 0.0023206 -0.0092383
 0.0023243 -0.0081507
 0.0018091 -0.0070832
 0.0013356 -0.0061251
 0.0003246 -0.0054194
-0.0007078 -0.0048307
-0.0014563 -0.0045041
-0.0018144 -0.0046385
-0.0018156 -0.0045695
-0.0015290 -0.0044840
-0.0007033 -0.0046451
 0.0002164 -0.0043282
 0.0008257 -0.0035837
 0.0018395 -0.0030533
 0.0025884 -0.0021925
 0.0033519 -0.0011730
 0.0036208 -0.0003263
 0.0038154  0.0004110
 0.0043338  0.0006492
 0.0045850  0.0009864
 0.0046669  0.0011076
 0.0049213  0.0010357
 0.0046400  0.0012295
 0.0044724  0.0017249
 0.0037687  0.0020265
 0.0029302  0.0026737
 0.0021828  0.0031274
 0.0013196  0.0036006
 0.0001669  0.0037092
-0.0004508  0.0037253
-0.0008179  0.0034354
-0.0011526  0.0034164
-0.0011171  0.0035788
-0.0009665  0.0036183
-0.0010812  0.0036002
-0.0010198  0.0034480
-0.0006499  0.0033846
-0.0004141  0.0031681
-0.0001840  0.0032836
-0.0001901  0.0035266
-0.0000456  0.0034733
-0.0001712  0.0031746
 0.0002337  0.0029473
 0.0005308  0.0027822
 0.0015151  0.0023490
 0.0026064  0.0021064
 0.0038176  0.0026693
 0.0045727  0.0028086
 0.0045202  0.0034247
 0.0045877  0.0041600
 0.0040374  0.0050693
 0.0035073  0.0054424
 0.0025933  0.0061615
 0.0021363  0.0065774
 0.0014415  0.0069501
 0.0009926  0.0075925
 0.0006579  0.0081509
 0.0004036  0.0084025
-0.0000816  0.0086128
-0.0005107  0.0087589
-0.0008870  0.0084836
-0.0011667  0.0075117
-0.0014106  0.0071967
-0.0021220  0.0068199
-0.0031003  0.0061400
-0.0042203  0.0053829
-0.0057033  0.0047781
-0.0068451  0.0037210
-0.0077783  0.0029692
-0.0074222  0.0019300
-0.0063386  0.0008330
-0.0054209 -0.0001320
-0.0034325 -0.0005027
-0.0019047 -0.0010837
-0.0004105 -0.0016054
 0.0011032 -0.0020519
 0.0026766 -0.0030294
 0.0032701 -0.0031126
 0.0044216 -0.0036892
 0.0056239 -0.0042629
 0.0065634 -0.0044926
 0.0077508 -0.0046456
 0.0091676 -0.0046622
 0.0099141 -0.0040497
 0.0109501 -0.0032475
 0.0117903 -0.0021731
 0.0114847 -0.0005311
 0.0114673  0.0008307
 0.0106841  0.0016156
 0.0097260  0.0028785
 0.0086411  0.0029536
 0.0079144  0.0028010
 0.0073427  0.0028329
 0.0072503  0.0030271
 0.0071744  0.0029916
 0.0069665  0.0033961
 0.0072156  0.0031551
 0.0067537  0.0036393
 0.0056801  0.0042776
 0.0047188  0.0046874
 0.0032996  0.0051159
 0.0018219  0.0049378
 0.0012449  0.0044206
 0.0001447  0.0037838
-0.0001880  0.0029166
-0.0005954  0.0020158
-0.0014449  0.0009439
-0.0018426  0.0002523
-0.0021850 -0.0010119
-0.0024829 -0.0015533
-0.0023952 -0.0023245
-0.0019632 -0.0023834
-0.0015001 -0.0024291
-0.0013809 -0.0020880
-0.0012473 -0.0020508
-0.0013511 -0.0012474
-0.0015118 -0.0008638
-0.0019826 -0.0006272
-0.0029505 -0.0007608
-0.0034039 -0.0007588
-0.0039713 -0.0012897
-0.0045127 -0.0020172
-0.0045237 -0.0033407
-0.0037235 -0.0045120
-0.0031352 -0.0053389
-0.0017799 -0.0064351
-0.0001989 -0.0068194
 0.0012848 -0.0067383
 0.0025223 -0.0064213
 0.0034165 -0.0060724
 0.0041598 -0.0055685
 0.0046415 -0.0049932
 0.0048724 -0.0048006
 0.0050101 -0.0040335
 0.0050752 -0.0036297
 0.0045047 -0.0031662
 0.0039742 -0.0027204
 0.0038789 -0.0022355
 0.0035778 -0.0021297
 0.0032168 -0.0015430
 0.0028567 -0.0011109
 0.0022875 -0.0014633
 0.0014320 -0.0011633
 0.0009859 -0.0011176
 0.0004474 -0.0009024
-0.0001287 -0.0005556
-0.0009954 -0.0006105
-0.0019809 -0.0005766
-0.0026999 -0.0010288
-0.0034787 -0.0014589
-0.0039794 -0.0021982
-0.0038801 -0.0028200
-0.0036201 -0.0034220
-0.0038910 -0.0039243
-0.0036076 -0.0041181
-0.0027921 -0.0046518
-0.0023593 -0.0048408
-0.0011735 -0.0053288
-0.0004153 -0.0059942
 0.0002520 -0.0066822
 0.0009800 -0.0075982
 0.0013417 -0.0087049
 0.0018589 -0.0093610
 0.0027242 -0.0099904
 0.0038353 -0.0102210
 0.0046965 -0.0097236
 0.0059610 -0.0089968
 0.0065504 -0.0079822
 0.0072162 -0.0069272
 0.0073664 -0.0059433
 0.0077293 -0.0050623
 0.0083253 -0.0038192
 0.0086499 -0.0027448
 0.0081133 -0.0018444
 0.0077116 -0.0003106
 0.0070397  0.0008251
 0.0052580  0.0022262
 0.0032623  0.0036833
 0.0016126  0.0048949
-0.0005576  0.0055668
-0.0021144  0.0061046
-0.0031961  0.0060864
-0.0036952  0.0059717
-0.0041752  0.0061454
-0.0038817  0.0058538
-0.0036854  0.0058106
-0.0035493  0.0055381
-0.0029683  0.0052263
-0.0028529  0.0044919
-0.0028149  0.0035838
-0.0022077  0.0028284
-0.0028671  0.0018872
-0.0027642  0.0010596
-0.0030803  0.0001423
-0.0036061 -0.0008336
-0.0040692 -0.0015748
-0.0043954 -0.0025462
-0.0052207 -0.0028131
-0.0054112 -0.0027121
-0.0057556 -0.0027888
-0.0060241 -0.0018723
-0.0057924 -0.0022382
-0.0053474 -0.0016863
-0.0047086 -0.0014808
-0.0037000 -0.0019051
-0.0029987 -0.0016399
-0.0024677 -0.0018737
-0.0019363 -0.0021870
-0.0017582 -0.0030579
-0.0018712 -0.0033168
-0.0018176 -0.0036252
-0.0024119 -0.0036652
-0.0026873 -0.0036228
-0.0026146 -0.0032966
-0.0028533 -0.0028730
-0.0027604 -0.0029300
-0.0020604 -0.0023502
-0.0012400 -0.0017704
-0.0001321 -0.0012220
 0.0008946 -0.0003301
 0.0020642  0.0005380
 0.0024284  0.0010092
 0.0026226  0.0016302
 0.0022423  0.0017679
 0.0022262  0.0017348
 0.0017675  0.0016565
 0.0014264  0.0017179
 0.0008006  0.0016836
 0.0006327  0.0018572
 0.0005612  0.0021067
 0.0004531  0.0022734
 0.0003074  0.0024543
 0.0004091  0.0026104
 0.0005823  0.0022902
 0.0006174  0.0017551
 0.0009231  0.0012443
 0.0013046  0.0005442
 0.0010922 -0.0003227
 0.0013664 -0.0011326
 0.0016014 -0.0017620
 0.0016616 -0.0023394
 0.0018954 -0.0029309
 0.0019087 -0.0037368
 0.0018654 -0.0043731
 0.0018932 -0.0048188
 0.0018613 -0.0055739
 0.0018673 -0.0063083
 0.0024780 -0.0068267
 0.0029608 -0.0073213
 0.0040388 -0.0079261
 0.0048159 -0.0083015
 0.0060937 -0.0081194
 0.0071685 -0.0079046
 0.0076320 -0.0074245
 0.0079171 -0.0070418
 0.0084306 -0.0062404
 0.0084649 -0.0052678
 0.0080728 -0.0042115
 0.0071676 -0.0030459
 0.0069932 -0.0021072
 0.0062277 -0.0006929
 0.0057831  0.0004537
 0.0059176  0.0017194
 0.0061651  0.0027724
 0.0064889  0.0038278
 0.0064889  0.0044496
 0.0066035  0.0049297
 0.0061824  0.0052769
 0.0055147  0.0050520
 0.0051335  0.0046140
 0.0044278  0.0041000
 0.0039983  0.0033019
 0.0036410  0.0028105
 0.0034779  0.0023172
 0.0035829  0.0018190
 0.0032810  0.0021835
 0.0029229  0.0021213
 0.0024569  0.0025029
 0.0017261  0.0025513
 0.0011480  0.0024330
 0.0002847  0.0021629
-0.0001711  0.0014268
-0.0003902  0.0005062
-0.0005335 -0.0009372
-0.0007935 -0.0019538
-0.0001394 -0.0029123
 0.0003576 -0.0039116
 0.0010031 -0.0041397
 0.0025676 -0.0041926
 0.0039597 -0.0038235
 0.0045217 -0.0031048
 0.0055548 -0.0022565
 0.0057817 -0.0014106
 0.0059727  0.0000267
 0.0060296  0.0004660
 0.0057442  0.0009028
 0.0054414  0.0011495
 0.0052940  0.0017026
 0.0047215  0.0016594
 0.0048168  0.0015410
 0.0046416  0.0017514
 0.0046932  0.0014264
 0.0047449  0.0013497
 0.0043411  0.0008151
 0.0042063  0.0005878
 0.0037452  0.0003621
 0.0035490  0.0000928
 0.0031274 -0.0000973
 0.0026676  0.0001756
 0.0025339  0.0002209
 0.0023252  0.0011479
 0.0023668  0.0017487
 0.0022550  0.0020241
 0.0026220  0.0026229
 0.0027173  0.0027267
 0.0029325  0.0026884
 0.0031861  0.0019624
 0.0031744  0.0014836
 0.0027404  0.0003749
 0.0023646 -0.0007176
 0.0010868 -0.0014617
-0.0001725 -0.0026846
-0.0014774 -0.0041422
-0.0026879 -0.0055621
-0.0033654 -0.0067956
-0.0038119 -0.0084551
-0.0033061 -0.0098856
-0.0026683 -0.0111498
-0.0017575 -0.0124657
-0.0004776 -0.0133556
 0.0007292 -0.0137481
 0.0022291 -0.0137901
 0.0030447 -0.0136787
 0.0036092 -0.0130089
 0.0038899 -0.0127044
 0.0031301 -0.0125506
 0.0030223 -0.0120367
 0.0022597 -0.0118865
 0.0019585 -0.0117961
 0.0019771 -0.0117295
 0.0025904 -0.0113847
 0.0028552 -0.0108538
 0.0035424 -0.0105276
 0.0038617 -0.0101206
 0.0037066 -0.0093874
 0.0032847 -0.0088080
 0.0025188 -0.0080170
 0.0017154 -0.0071150
 0.0012406 -0.0065356
 0.0006652 -0.0057257
-0.0000938 -0.0052489
-0.0007042 -0.0045003
-0.0016227 -0.0041366
-0.0027338 -0.0037352
-0.0033895 -0.0039694
-0.0039903 -0.0039149
-0.0041050 -0.0037825
-0.0039718 -0.0039985
-0.0034162 -0.0033909
-0.0031094 -0.0032028
-0.0025922 -0.0023025
-0.0026132 -0.0018200
-0.0029951 -0.0019677
-0.0032430 -0.0020181
-0.0038183 -0.0023359
-0.0041591 -0.0027335
-0.0045329 -0.0034954
-0.0047977 -0.0040703
-0.0047707 -0.0044724
-0.0045974 -0.0045116
-0.0046935 -0.0047429
-0.0048486 -0.0044171
-0.0056363 -0.0037251
-0.0065229 -0.0033605
-0.0074249 -0.0028780
-0.0080451 -0.0024157
-0.0083887 -0.0028893
-0.0083459 -0.0026369
-0.0080205 -0.0029377
-0.0079154 -0.0030697
-0.0077991 -0.0027967
-0.0077228 -0.0021398
-0.0077406 -0.0014986
-0.0074346 -0.0012818
-0.0071657 -0.0003721
-0.0064773  0.0002663
-0.0059589  0.0002840
-0.0055802  0.0006037
-0.0049508  0.0008084
-0.0041485  0.0012622
-0.0033818  0.0016974
-0.0026139  0.0029434
-0.0021863  0.0042079
-0.0019868  0.0054526
-0.0015745  0.0067402
-0.0010460  0.0075295
-0.0002134  0.0077645
 0.0006785  0.0079922
 0.0016649  0.0077847
 0.0024353  0.0080310
 0.0023206  0.0079664
 0.0019734  0.0078670
 0.0012583  0.0079764
 0.0002166  0.0076627
-0.0006498  0.0076057
-0.0016746  0.0070680
-0.0029205  0.0066630
-0.0039900  0.0063723
-0.0044491  0.0061575
-0.0054943  0.0052474
-0.0064290  0.0046251
-0.0069046  0.0040441
-0.0073435  0.0032168
-0.0076503  0.0024271
-0.0076729  0.0016939
-0.0073899  0.0007007
-0.0063979 -0.0000446
-0.0055404 -0.0006918
-0.0040869 -0.0013011
-0.0028253 -0.0009667
-0.0015228 -0.0006566
-0.0004819 -0.0002633
-0.0000422  0.0000827
 0.0005578  0.0001566
 0.0010927  0.0001525
 0.0017605  0.0004331
 0.0023726  0.0001185
 0.0032111 -0.0003417
 0.0039342 -0.0007261
 0.0045459 -0.0012800
 0.0049230 -0.0013874
 0.0053182 -0.0011500
 0.0050460 -0.0004967
 0.0051260  0.0004509
 0.0046306  0.0014696
 0.0041187  0.0024875
 0.0038365  0.0033329
 0.0033605  0.0037875
 0.0027715  0.0040180
 0.0026580  0.0042421
 0.0021796  0.0044088
 0.0013435  0.0043333
 0.0010378  0.0049511
 0.0004896  0.0051606
 0.0001711  0.0054093
-0.0003215  0.0055829
-0.0006408  0.0050193
-0.0005043  0.0046466
-0.0000465  0.0044107
 0.0003383  0.0040740
 0.0000847  0.0032257
-0.0000344  0.0027626
-0.0000599  0.0025143
-0.0005811  0.0016749
-0.0006466  0.0013745
-0.0007286  0.0013479
-0.0006794  0.0016080
-0.0002256  0.0020942
 0.0002274  0.0022702
 0.0010857  0.0030737
 0.0019425  0.0035492
 0.0023155  0.0040947
 0.0030208  0.0042230
 0.0038557  0.0045625
 0.0037196  0.0046146
 0.0042174  0.0039464
 0.0040055  0.0039262
 0.0041089  0.0035463
 0.0038460  0.0028769
 0.0040972  0.0024130
 0.0040678  0.0019337
 0.0045293  0.0016051
 0.0048587  0.0019325
 0.0047861  0.0021772
 0.0053877  0.0022022
 0.0056812  0.0027347
 0.0059599  0.0027731
 0.0064472  0.0027590
 0.0069883  0.0031232
 0.0072479  0.0032044
 0.0072088  0.0041318
 0.0067312  0.0048868
 0.0058118  0.0055886
 0.0047354  0.0058458
 0.0036639  0.0060094
 0.0027640  0.0057490
 0.0020578  0.0057115
 0.0011978  0.0056513
 0.0002365  0.0059319
-0.0006877  0.0061188
-0.0013587  0.0060566
-0.0026314  0.0057638
-0.0029967  0.0053379
-0.0031134  0.0044117
-0.0030379  0.0042364
-0.0026213  0.0034301
-0.0020941  0.0025912
-0.0017970  0.0017526
-0.0012451  0.0006508
-0.0009039 -0.0002418
-0.0005212 -0.0010622
 0.0005185 -0.0015568
 0.0010604 -0.0016949
 0.0018295 -0.0012023
 0.0024852 -0.0009209
 0.0033339 -0.0007340
 0.0037538 -0.0005669
 0.0040772 -0.0009896
 0.0047999 -0.0020188
 0.0052928 -0.0025093
 0.0054393 -0.0030192
 0.0056646 -0.0033203
 0.0062326 -0.0037911
 0.0060582 -0.0040555
 0.0065342 -0.0046672
 0.0068386 -0.0052574
 0.0070110 -0.0054888
 0.0072403 -0.0053729
 0.0076441 -0.0049897
 0.0080358 -0.0046651
 0.0081525 -0.0042299
 0.0085235 -0.0037894
 0.0082591 -0.0028701
 0.0082058 -0.0022164
 0.0075938 -0.0014122
 0.0063527 -0.0005889
 0.0052069  0.0000082
 0.0044385  0.0004148
 0.0032689  0.0011407
 0.0027323  0.0013770
 0.0021925  0.0016923
 0.0011726  0.0020602
 0.0007838  0.0024163
-0.0004497  0.0025552
-0.0016420  0.0026893
-0.0026800  0.0022278
-0.0033947  0.0018014
-0.0040084  0.0014868
-0.0041098  0.0014820
-0.0043540  0.0018029
-0.0042797  0.0022155
-0.0045297  0.0029208
-0.0046678  0.0033338
-0.0051325  0.0033661
-0.0049690  0.0029405
-0.0040760  0.0023050
-0.0030658  0.0015771
-0.0016523  0.0011988
-0.0004233  0.0008980
 0.0004391  0.0008290
 0.0012886  0.0001447
 0.0014796 -0.0002162
 0.0018813 -0.0006922
 0.0016709 -0.0017666
 0.0019023 -0.0021922
 0.0016544 -0.0026161
 0.0017315 -0.0028842
 0.0022108 -0.0026173
 0.0021344 -0.0025782
 0.0025410 -0.0023113
 0.0024635 -0.0016076
 0.0025992 -0.0014385
 0.0024792 -0.0016525
 0.0027033 -0.0018132
 0.0029673 -0.0015992
 0.0033840 -0.0015443
 0.0038330 -0.0012103
 0.0044519 -0.0007052
 0.0045921 -0.0003806
 0.0047007  0.0001580
 0.0048037  0.0004632
 0.0042179  0.0000542
 0.0039010 -0.0001970
 0.0036633 -0.0010448
 0.0028478 -0.0016840
 0.0021271 -0.0022299
 0.0014844 -0.0027491
 0.0004920 -0.0021775
-0.0002582 -0.0018718
-0.0010624 -0.0017547
-0.0022386 -0.0009662
-0.0027235 -0.0002152
-0.0033788  0.0002095
-0.0036937  0.0005923
-0.0042970  0.0010667
-0.0046346  0.0011224
-0.0050634  0.0010997
-0.0053351  0.0007348
-0.0050497 -0.0001127
-0.0050311 -0.0006913
-0.0047767 -0.0013305
-0.0047553 -0.0017544
-0.0045813 -0.0023128
-0.0054413 -0.0026976
-0.0060368 -0.0031187
-0.0064773 -0.0032943
-0.0070894 -0.0030428
-0.0070304 -0.0025793
-0.0066468 -0.0017597
-0.0059762 -0.0006898
-0.0050016  0.0013168
-0.0046217  0.0024642
-0.0041441  0.0035749
-0.0040355  0.0046328
-0.0040698  0.0054674
-0.0042971  0.0051921
-0.0040205  0.0049406
-0.0043963  0.0043766
-0.0046377  0.0034477
-0.0048634  0.0031243
-0.0045868  0.0031433
-0.0048698  0.0030068
-0.0050240  0.0036330
-0.0045844  0.0042067
-0.0042581  0.0048720
-0.0040159  0.0057712
-0.0036736  0.0061947
-0.0032173  0.0064277
-0.0033744  0.0065770
-0.0035456  0.0061402
-0.0039134  0.0055302
-0.0041270  0.0049173
-0.0045881  0.0040528
-0.0044714  0.0030354
-0.0044524  0.0025162
-0.0039905  0.0017717
-0.0032985  0.0012702
-0.0021482  0.0010013
-0.0013246  0.0009613
-0.0005212  0.0012007
-0.0000133  0.0019371
 0.0007078  0.0022568
 0.0005430  0.0026908
 0.0004165  0.0028939
 0.0004064  0.0030679
-0.0004056  0.0026052
-0.0003564  0.0028934
-0.0001150  0.0025329
-0.0001598  0.0024029
 0.0001446  0.0025427
 0.0006420  0.0026497
 0.0011072  0.0030047
 0.0015335  0.0035259
 0.0020520  0.0037311
 0.0020717  0.0047013
 0.0023604  0.0055715
 0.0021509  0.0058703
 0.0018832  0.0062632
 0.0013527  0.0060222
 0.0004964  0.0057586
-0.0001492  0.0053984
-0.0001221  0.0051913
-0.0006723  0.0051724
-0.0003618  0.0050581
-0.0002378  0.0050973
 0.0003799  0.0053088
 0.0003803  0.0059044
 0.0007065  0.0074035
 0.0000129  0.0085962
-0.0009864  0.0099399
-0.0025449  0.0109585
-0.0040614  0.0114628
-0.0054099  0.0116232
-0.0063648  0.0112449
-0.0068363  0.0102145
-0.0063659  0.0095076
-0.0060299  0.0088358
-0.0055013  0.0081788
-0.0039396  0.0074856
-0.0030465  0.0074613
-0.0022720  0.0073753
-0.0017132  0.0068875
-0.0016147  0.0065899
-0.0015978  0.0062584
-0.0018360  0.0055607
-0.0017238  0.0044124
-0.0020432  0.0034709
-0.0015878  0.0022084
-0.0016447  0.0008090
-0.0014311 -0.0002517
-0.0010839 -0.0010067
-0.0009458 -0.0015179
-0.0003478 -0.0013016
-0.0003624 -0.0015027
-0.0006333 -0.0017405
-0.0005933 -0.0014228
-0.0005921 -0.0014103
-0.0003999 -0.0014301
-0.0001112 -0.0007022
-0.0002642  0.0000278
-0.0008973  0.0004728
-0.0013253  0.0016255
-0.0020779  0.0021916
-0.0027930  0.0028477
-0.0034713  0.0034348
-0.0036050  0.0040719
-0.0035997  0.0049368
-0.0034018  0.0057806
-0.0030315  0.0065857
-0.0034393  0.0070329
-0.0034356  0.0076538
-0.0037408  0.0071653
-0.0038018  0.0069072
-0.0037082  0.0060355
-0.0035043  0.0050201
-0.0029750  0.0044835
-0.0026771  0.0041169
-0.0027240  0.0034640
-0.0027337  0.0032661
-0.0031638  0.0032803
-0.0040363  0.0033517
-0.0045233  0.0034837
-0.0052193  0.0032019
-0.0053425  0.0029363
-0.0053849  0.0026783
-0.0055323  0.0019448
-0.0052044  0.0013639
-0.0051035  0.0006222
-0.0044292  0.0000336
-0.0037816  0.0000077
-0.0031914  0.0000194
-0.0020670  0.0007643
-0.0017876  0.0012205
-0.0017178  0.0020207
-0.0014146  0.0026550
-0.0016738  0.0038279
-0.0020054  0.0044250
-0.0025662  0.0050299
-0.0031064  0.0052116
-0.0035844  0.0049500
-0.0036757  0.0042875
-0.0037842  0.0035463
-0.0032185  0.0025551
-0.0022071  0.0018474
-0.0013737  0.0016984
-0.0009566  0.0016641
-0.0008669  0.0016068
-0.0012992  0.0019075
-0.0019262  0.0019641
-0.0027648  0.0018631
-0.0032101  0.0017650
-0.0032946  0.0020512
-0.0033245  0.0020537
-0.0027775  0.0025357
-0.0020992  0.0026532
-0.0019733  0.0028442
-0.0017097  0.0030723
-0.0014497  0.0022810
-0.0014529  0.0018687
-0.0010763  0.0012473
-0.0009006  0.0005019
-0.0006915 -0.0004514
-0.0003830 -0.0009816
 0.0001754 -0.0016261
 0.0002315 -0.0024764
-0.0000407 -0.0030239
-0.0001566 -0.0039029
-0.0005450 -0.0045678
-0.0009079 -0.0055061
-0.0010016 -0.0060402
-0.0010787 -0.0063536
-0.0007113 -0.0065716
-0.0002329 -0.0066310
 0.0002044 -0.0065612
 0.0010652 -0.0068850
 0.0018803 -0.0066714
 0.0024245 -0.0068058
 0.0024914 -0.0066512
 0.0026323 -0.0062236
 0.0026819 -0.0058166
 0.0027909 -0.0051993
 0.0025975 -0.0046913
 0.0022196 -0.0035886
 0.0023242 -0.0029421
 0.0027377 -0.0021459
 0.0027535 -0.0010618
 0.0032300 -0.0008025
 0.0037784  0.0002969
 0.0043061  0.0010103
 0.0042981  0.0017428
 0.0041681  0.0023718
 0.0039639  0.0032346
 0.0036041  0.0038297
 0.0028625  0.0041378
 0.0019694  0.0041806
 0.0015342  0.0038011
 0.0009089  0.0036332
-0.0003120  0.0036913
-0.0006681  0.0037555
-0.0018184  0.0047540
-0.0030276  0.0057339
-0.0038545  0.0063080
-0.0050331  0.0065317
-0.0057905  0.0060673
-0.0059166  0.0052949
-0.0061040  0.0040764
-0.0050785  0.0030129
-0.0042791  0.0020293
-0.0039445  0.0012735
-0.0036417  0.0006194
-0.0039469 -0.0002455
-0.0044112 -0.0007675
-0.0042550 -0.0013606
-0.0042893 -0.0020680
-0.0039820 -0.0019763
-0.0035593 -0.0020155
-0.0033493 -0.0019178
-0.0030619 -0.0013421
-0.0030041 -0.0012064
-0.0028483 -0.0007845
-0.0026190 -0.0006379
-0.0022338 -0.0006049
-0.0020420 -0.0009356
-0.0019269 -0.0011088
-0.0016584 -0.0018129
-0.0018345 -0.0019780
-0.0017368 -0.0019319
-0.0021756 -0.0017078
-0.0020957 -0.0017005
-0.0021279 -0.0017965
-0.0017342 -0.0014889
-0.0016449 -0.0010125
-0.0017660 -0.0004993
-0.0020029 -0.0002922
-0.0027983 -0.0000653
-0.0031943  0.0000465
-0.0036950 -0.0005127
-0.0038100 -0.0011075
-0.0030825 -0.0014474
-0.0030102 -0.0017514
-0.0022601 -0.0021285
-0.0014134 -0.0024704
-0.0010092 -0.0030825
-0.0008736 -0.0032561
 0.0001427 -0.0034701
 0.0001641 -0.0034261
-0.0000091 -0.0032161
 0.0004794 -0.0027191
 0.0005247 -0.0022613
 0.0006689 -0.0013343
 0.0008627 -0.0006953
 0.0008413 -0.0002298
 0.0007811  0.0001536
 0.0006212 -0.0000430
 0.0002695 -0.0004524
 0.0002658 -0.0014715
 0.0007027 -0.0030199
 0.0011448 -0.0043530
 0.0018731 -0.0055606
 0.0028543 -0.0068001
 0.0029334 -0.0071222
 0.0040239 -0.0070814
 0.0043538 -0.0072280
 0.0043510 -0.0067265
 0.0045193 -0.0060663
 0.0043380 -0.0059286
 0.0039830 -0.0050957
 0.0040339 -0.0046067
 0.0037795 -0.0045049
 0.0034674 -0.0041956
 0.0035178 -0.0042872
 0.0035759 -0.0044580
 0.0038412 -0.0041294
 0.0038787 -0.0037987
 0.0035961 -0.0038483
 0.0030224 -0.0033642
 0.0022392 -0.0033763
 0.0005939 -0.0032935
-0.0005721 -0.0026373
-0.0019456 -0.0021322
-0.0031443 -0.0020002
-0.0040349 -0.0018702
-0.0048694 -0.0021081
-0.0054301 -0.0026721
-0.0058443 -0.0033343
-0.0062246 -0.0036662
-0.0066615 -0.0039557
-0.0071016 -0.0039747
-0.0073906 -0.0038460
-0.0076797 -0.0037927
-0.0077980 -0.0031075
-0.0082204 -0.0032404
-0.0080690 -0.0033777
-0.0080133 -0.0038965
-0.0076136 -0.0044331
-0.0070209 -0.0046842
-0.0064694 -0.0053015
-0.0058824 -0.0058648
-0.0052207 -0.0060251
-0.0044831 -0.0065860
-0.0029223 -0.0070758
-0.0013586 -0.0070847
 0.0000896 -0.0073036
 0.0015333 -0.0072684
 0.0028059 -0.0069059
 0.0038915 -0.0070597
 0.0047858 -0.0068631
 0.0053789 -0.0067032
 0.0058036 -0.0065824
 0.0058040 -0.0064168
 0.0057540 -0.0063267
 0.0057993 -0.0060497
 0.0057690 -0.0055228
 0.0056382 -0.0052849
 0.0062733 -0.0043922
 0.0062802 -0.0036202
 0.0061091 -0.0029116
 0.0059036 -0.0019927
 0.0054486 -0.0011852
 0.0045325 -0.0003817
 0.0036403  0.0000797
 0.0020742  0.0005425
 0.0010075  0.0009313
-0.0002578  0.0004294
-0.0011970  0.0002937
-0.0018720 -0.0000305
-0.0025306 -0.0001883
-0.0030402 -0.0003620
-0.0035473 -0.0007459
-0.0036140 -0.0011444
-0.0041187 -0.0016018
-0.0040259 -0.0021888
-0.0041611 -0.0030678
-0.0042007 -0.0039314
-0.0036819 -0.0048358
-0.0036407 -0.0051443
-0.0038127 -0.0056873
-0.0036750 -0.0057504
-0.0038647 -0.0052158
-0.0036326 -0.0048553
-0.0040751 -0.0039190
-0.0043642 -0.0035730
-0.0044251 -0.0034975
-0.0047530 -0.0036332
-0.0045802 -0.0041161
-0.0044264 -0.0052502
-0.0045996 -0.0063658
-0.0040581 -0.0074777
-0.0036507 -0.0088056
-0.0029369 -0.0092857
-0.0027592 -0.0093455
-0.0022549 -0.0093842
-0.0022076 -0.0091541
-0.0022988 -0.0088824
-0.0020283 -0.0089772
-0.0019689 -0.0083978
-0.0015099 -0.0080433
-0.0013993 -0.0074808
-0.0010743 -0.0063023
-0.0014441 -0.0052250
-0.0012193 -0.0038806
-0.0019141 -0.0023596
-0.0023264 -0.0009574
-0.0026991  0.0004109
-0.0033185  0.0011527
-0.0032685  0.0021003
-0.0033480  0.0028368
-0.0029229  0.0031667
-0.0027852  0.0035264
-0.0022805  0.0035373
-0.0025000  0.0031629
-0.0026518  0.0028467
-0.0027302  0.0017033
-0.0033108  0.0003555
-0.0037570 -0.0007333
-0.0042278 -0.0015941
-0.0042161 -0.0025679
-0.0047543 -0.0035062
-0.0049469 -0.0043537
-0.0053329 -0.0051677
-0.0056018 -0.0064630
-0.0053741 -0.0076852
-0.0044633 -0.0089760
-0.0036692 -0.0096802
-0.0026837 -0.0099713
-0.0017127 -0.0096835
-0.0009311 -0.0092805
-0.0002399 -0.0088945
 0.0006956 -0.0086252
 0.0016577 -0.0084730
 0.0024067 -0.0081937
 0.0032481 -0.0071246
 0.0040940 -0.0066139
 0.0041707 -0.0055472
 0.0041654 -0.0044963
 0.0042042 -0.0039395
 0.0038820 -0.0032999
 0.0034621 -0.0027981
 0.0030677 -0.0023103
 0.0025412 -0.0018629
 0.0017891 -0.0014704
 0.0009938 -0.0006415
 0.0004674 -0.0005615
 0.0002135 -0.0001792
-0.0004466 -0.0000666
-0.0006250  0.0004115
-0.0008994  0.0009097
-0.0009854  0.0014446
-0.0006857  0.0024968
-0.0008157  0.0034961
-0.0005222  0.0045886
-0.0002739  0.0054502
-0.0000223  0.0060074
 0.0000313  0.0060417
-0.0002618  0.0059770
-0.0005764  0.0055878
-0.0009668  0.0052506
-0.0013767  0.0045384
-0.0019920  0.0042283
-0.0022250  0.0040555
-0.0030268  0.0037470
-0.0032351  0.0031285
-0.0030796  0.0027421
-0.0029282  0.0020815
-0.0026246  0.0014423
-0.0021107  0.0005153
-0.0013283  0.0000877
-0.0007331 -0.0005919
 0.0002415 -0.0015524
 0.0008148 -0.0017696
 0.0013736 -0.0020022
 0.0025271 -0.0025792
 0.0028748 -0.0026818
 0.0032579 -0.0032191
 0.0035607 -0.0033617
 0.0037230 -0.0036673
 0.0043661 -0.0036806
 0.0048554 -0.0033265
 0.0049087 -0.0027249
 0.0048832 -0.0018907
 0.0047451 -0.0009237
 0.0040781 -0.0002486
 0.0030203  0.0007152
 0.0023880  0.0012364
 0.0017965  0.0017347
 0.0014715  0.0020113
 0.0010900  0.0024954
 0.0010965  0.0026726
 0.0011207  0.0025657
 0.0010683  0.0025428
 0.0004837  0.0021920
 0.0000255  0.0024149
-0.0010804  0.0028292
-0.0023033  0.0029697
-0.0033926  0.0033218
-0.0040628  0.0038996
-0.0045731  0.0043232
-0.0045876  0.0045557
-0.0046817  0.0051658
-0.0047317  0.0051056
-0.0039359  0.0047786
-0.0034110  0.0046045
-0.0031796  0.0042565
-0.0029701  0.0034841
-0.0027815  0.0028510
-0.0026697  0.0026378
-0.0030408  0.0021909
-0.0034304  0.0021634
-0.0039731  0.0020155
-0.0041944  0.0021196
-0.0047387  0.0014538
-0.0046656  0.0010666
-0.0043632  0.0002021
-0.0040548 -0.0005218
-0.0028633 -0.0011504
-0.0018826 -0.0023749
-0.0008643 -0.0032959
 0.0004583 -0.0036774
 0.0017604 -0.0041970
 0.0026793 -0.0044276
 0.0032333 -0.0043080
 0.0038086 -0.0035849
 0.0036197 -0.0028992
 0.0034267 -0.0019753
 0.0026793 -0.0010010
 0.0022453 -0.0005641
 0.0018477 -0.0000739
 0.0014270 -0.0000351
 0.0012809 -0.0004054
 0.0010540 -0.0004931
 0.0006930 -0.0003296
 0.0002413 -0.0008000
-0.0001556 -0.0004015
-0.0008823  0.0001055
-0.0018137  0.0005746
-0.0024686  0.0008762
-0.0030109  0.0010933
-0.0035321  0.0008906
-0.0043635 -0.0000570
-0.0049082 -0.0008290
-0.0055626 -0.0022308
-0.0056789 -0.0032450
-0.0059507 -0.0041103
-0.0064093 -0.0046811
-0.0067977 -0.0049537
-0.0072580 -0.0054927
-0.0075108 -0.0059764
-0.0080353 -0.0068772
-0.0080979 -0.0074339
-0.0074115 -0.0081038
-0.0067849 -0.0083710
-0.0063477 -0.0086622
-0.0047994 -0.0087570
-0.0035171 -0.0082067
-0.0024786 -0.0080933
-0.0011527 -0.0074623
-0.0001139 -0.0072652
 0.0010256 -0.0072410
 0.0023551 -0.0070552
 0.0033783 -0.0069336
 0.0038785 -0.0070777
 0.0044196 -0.0070486
 0.0045552 -0.0072202
 0.0041547 -0.0077943
 0.0041539 -0.0085408
 0.0040401 -0.0093516
 0.0041349 -0.0097549
 0.0046166 -0.0099657
 0.0050773 -0.0096778
 0.0059046 -0.0093112
 0.0065421 -0.0084766
 0.0075644 -0.0075075
 0.0079581 -0.0064387
 0.0075480 -0.0053534
 0.0072582 -0.0039653
 0.0066228 -0.0031751
 0.0053429 -0.0022203
 0.0039141 -0.0018985
 0.0031882 -0.0012889
 0.0021275 -0.0010067
 0.0013571 -0.0003022
 0.0009324 -0.0001673
-0.0000697 -0.0003389
-0.0008607 -0.0003018
-0.0014999 -0.0010063
-0.0026364 -0.0017661
-0.0035982 -0.0022994
-0.0045195 -0.0032321
-0.0055325 -0.0041696
-0.0066032 -0.0047485
-0.0071786 -0.0054789
-0.0079247 -0.0059433
-0.0084023 -0.0065845
-0.0079865 -0.0069943
-0.0071294 -0.0072672
-0.0063493 -0.0078115
-0.0046145 -0.0083130
-0.0031098 -0.0089848
-0.0021562 -0.0099845
-0.0011287 -0.0109018
-0.0004674 -0.0122229
 0.0000017 -0.0123989
 0.0007349 -0.0123767
 0.0012593 -0.0115910
 0.0018983 -0.0104322
 0.0027110 -0.0089888
 0.0031482 -0.0074040
 0.0034357 -0.0057587
 0.0036383 -0.0049588
 0.0035806 -0.0044698
 0.0037530 -0.0039982
 0.0038103 -0.0037220
 0.0035398 -0.0031450
 0.0031373 -0.0024720
 0.0025381 -0.0012511
 0.0014460 -0.0003621
 0.0008060  0.0005314
-0.0001425  0.0008055
-0.0006976  0.0007594
-0.0009871  0.0005038
-0.0008369 -0.0001741
-0.0006952 -0.0010047
-0.0002074 -0.0012526
 0.0001851 -0.0014525
 0.0005025 -0.0016071
 0.0004133 -0.0013980
 0.0005349 -0.0014226
 0.0006104 -0.0014267
 0.0005841 -0.0017158
 0.0003870 -0.0018147
 0.0003426 -0.0018308
-0.0002178 -0.0019463
-0.0010076 -0.0023109
-0.0015030 -0.0027849
-0.0020803 -0.0031672
-0.0025886 -0.0041039
-0.0023367 -0.0046788
-0.0020108 -0.0054488
-0.0019596 -0.0058207
-0.0012155 -0.0061703
-0.0002878 -0.0059108
 0.0002791 -0.0057465
 0.0009028 -0.0050577
 0.0015677 -0.0048833
 0.0016981 -0.0045013
 0.0015625 -0.0043431
 0.0018338 -0.0046293
 0.0019489 -0.0050347
 0.0027346 -0.0059120
 0.0035586 -0.0063884
 0.0043273 -0.0068523
 0.0055152 -0.0068119
 0.0062108 -0.0068152
 0.0061225 -0.0061313
 0.0065880 -0.0054966
 0.0065594 -0.0052479
 0.0061707 -0.0045442
 0.0066390 -0.0038513
 0.0061683 -0.0032417
 0.0064211 -0.0028759
 0.0066904 -0.0024713
 0.0067457 -0.0019000
 0.0069189 -0.0020567
 0.0068740 -0.0013292
 0.0063205 -0.0008205
 0.0055789 -0.0002961
 0.0047783  0.0008093
 0.0029691  0.0013858
 0.0020410  0.0016805
 0.0012481  0.0017354
 0.0001055  0.0013255
-0.0003087  0.0005564
-0.0007875 -0.0012823
-0.0010984 -0.0027208
-0.0014626 -0.0045409
-0.0013367 -0.0056532
-0.0019883 -0.0070850
-0.0020110 -0.0080144
-0.0020760 -0.0085026
-0.0026409 -0.0089161
-0.0023995 -0.0092488
-0.0020717 -0.0098997
-0.0020880 -0.0102428
-0.0019899 -0.0100356
-0.0020235 -0.0094485
-0.0025888 -0.0086535
-0.0035179 -0.0079364
-0.0040593 -0.0069234
-0.0049423 -0.0064846
-0.0051733 -0.0060893
-0.0048293 -0.0060389
-0.0043827 -0.0059271
-0.0038825 -0.0054503
-0.0031476 -0.0048366
-0.0023417 -0.0035300
-0.0019347 -0.0021778
-0.0016553 -0.0012867
-0.0010896 -0.0003330
-0.0006938 -0.0001274
-0.0000676 -0.0005194
 0.0005187 -0.0012615
 0.0014280 -0.0020019
 0.0020264 -0.0022139
 0.0025093 -0.0022680
 0.0024330 -0.0017689
 0.0024395 -0.0006962
 0.0017531  0.0004561
 0.0014931  0.0011086
 0.0005222  0.0012628
 0.0002424  0.0009386
 0.0002477  0.0002478
 0.0000818 -0.0005472
 0.0005784 -0.0017064
 0.0001581 -0.0021401
 0.0001516 -0.0026283
-0.0001020 -0.0031960
-0.0003572 -0.0032231
-0.0005373 -0.0037254
 0.0000497 -0.0040471
 0.0005967 -0.0047723
 0.0011656 -0.0052091
 0.0020037 -0.0053552
 0.0025742 -0.0061805
 0.0031834 -0.0064502
 0.0036966 -0.0073905
 0.0043014 -0.0076522
 0.0047519 -0.0082522
 0.0057753 -0.0090173
 0.0061124 -0.0094198
 0.0066825 -0.0100415
 0.0071399 -0.0105502
 0.0071011 -0.0110799
 0.0071436 -0.0115341
 0.0066470 -0.0115288
 0.0062820 -0.0112401
 0.0058427 -0.0106199
 0.0057264 -0.0096739
 0.0056332 -0.0083113
 0.0053312 -0.0069268
 0.0049913 -0.0051822
 0.0044846 -0.0037514
 0.0040337 -0.0026027
 0.0032537 -0.0011755
 0.0023929 -0.0004359
 0.0020691 -0.0002102
 0.0013969 -0.0000399
 0.0016629 -0.0003628
 0.0021228 -0.0005489
 0.0023549 -0.0002037
 0.0028984  0.0002279
 0.0033074  0.0008057
 0.0030458  0.0014945
 0.0024391  0.0021853
 0.0017717  0.0016854
 0.0010962  0.0012982
 0.0007663  0.0004548
 0.0007606 -0.0004460
 0.0009641 -0.0011727
 0.0013197 -0.0013814
 0.0013520 -0.0014702
 0.0010254 -0.0016394
 0.0007205 -0.0015747
 0.0001747 -0.0019554
-0.0007724 -0.0020701
-0.0016622 -0.0023975
-0.0024192 -0.0026632
-0.0030062 -0.0026450
-0.0031398 -0.0027746
-0.0032771 -0.0030754
-0.0029562 -0.0037258
-0.0017575 -0.0038162
-0.0009617 -0.0044493
 0.0000637 -0.0046023
 0.0010933 -0.0046588
 0.0019116 -0.0045272
 0.0022948 -0.0042797
 0.0032177 -0.0038950
 0.0038904 -0.0031331
 0.0044310 -0.0024674
 0.0055442 -0.0018392
 0.0057711 -0.0011932
 0.0054254 -0.0001568
 0.0053096  0.0008248
 0.0045614  0.0015539
 0.0038222  0.0024365
 0.0031144  0.0033983
 0.0020292  0.0041403
 0.0011939  0.0044233
 0.0006069  0.0047980
-0.0003302  0.0055004
-0.0004969  0.0060923
-0.0003802  0.0067444
-0.0007004  0.0073560
-0.0005231  0.0078632
-0.0004435  0.0077118
-0.0005339  0.0073662
-0.0003995  0.0067739
-0.0007137  0.0057193
-0.0007561  0.0048335
-0.0004367  0.0034910
-0.0007509  0.0026637
-0.0006746  0.0013839
-0.0008857  0.0008740
-0.0010004  0.0007456
-0.0012830  0.0006774
-0.0008909  0.0005135
-0.0002316  0.0008245
 0.0000394  0.0002532
 0.0011331 -0.0002079
 0.0022999 -0.0009040
 0.0035992 -0.0018492
 0.0050506 -0.0019502
 0.0060232 -0.0016308
 0.0066526 -0.0006966
 0.0069950  0.0004823
 0.0067959  0.0015687
 0.0065197  0.0022353
 0.0063719  0.0025983
 0.0063024  0.0024267
 0.0064630  0.0017811
 0.0064008  0.0008844
 0.0060572  0.0003660
 0.0053091 -0.0004346
 0.0050067 -0.0006874
 0.0048577 -0.0007891
 0.0039666 -0.0007940
 0.0032507 -0.0003382
 0.0022482 -0.0001493
 0.0012622 -0.0000734
 0.0003647  0.0004342
-0.0004872  0.0010540
-0.0013200  0.0015179
-0.0018469  0.0026323
-0.0021621  0.0035899
-0.0023915  0.0042630
-0.0027569  0.0046825
-0.0032595  0.0044879
-0.0035713  0.0040478
-0.0041390  0.0032601
-0.0043691  0.0018417
-0.0042206  0.0007900
-0.0037203 -0.0003918
-0.0028777 -0.0015562
-0.0015562 -0.0020277
-0.0001197 -0.0026959
 0.0016583 -0.0031525
 0.0029523 -0.0029995
 0.0038300 -0.0027532
 0.0032567 -0.0032785
 0.0027403 -0.0036326
 0.0015174 -0.0042710
 0.0004640 -0.0050224
-0.0007985 -0.0063091
-0.0012167 -0.0076274
-0.0009276 -0.0085265
-0.0000895 -0.0090239
 0.0010426 -0.0093295
 0.0020156 -0.0093085
 0.0027779 -0.0092322
 0.0032006 -0.0090005
 0.0036419 -0.0090400
 0.0032983 -0.0091151
 0.0033658 -0.0092616
 0.0035035 -0.0094708
 0.0035071 -0.0099823
 0.0041839 -0.0103335
 0.0048573 -0.0100108
 0.0049001 -0.0094625
 0.0053096 -0.0090086
 0.0053540 -0.0081497
 0.0053762 -0.0071968
 0.0046778 -0.0062665
 0.0043254 -0.0050662
 0.0032248 -0.0041093
 0.0021861 -0.0030926
 0.0018655 -0.0025085
 0.0020444 -0.0011972
 0.0026444 -0.0006954
 0.0027760  0.0004172
 0.0024457  0.0013171
 0.0022160  0.0019210
 0.0017113  0.0022363
 0.0004007  0.0020405
-0.0006592  0.0018673
-0.0012616  0.0008111
-0.0014033  0.0001970
-0.0011801 -0.0006840
-0.0009981 -0.0009484
-0.0004829 -0.0011737
-0.0003166 -0.0012258
-0.0007829 -0.0016440
-0.0010547 -0.0020574
-0.0014447 -0.0026473
-0.0021614 -0.0037782
-0.0025890 -0.0052123
-0.0029185 -0.0072584
-0.0032257 -0.0092489
-0.0030460 -0.0108348
-0.0023136 -0.0122648
-0.0020556 -0.0128769
-0.0020608 -0.0125978
