[PARAMETERS]
DW=1E-007
TAU=0.0001
TD=4096
BS=4096
NS=256
NSC=256
FR=56.120000
GAIN=4.974204
D0=0.05
D1=5E-006
D2=1E-005
D3=2.5E-005
D4=1E-005
D5=5E-005
D6=0.001
D7=0.001
D8=0.001
D9=0.05
C0=1
SEGTD=0
SEGOFF=0
SEGNUM=0
[ADDITIONAL]
PPFILE=ZG_TWO_T2.PC
DATEWR=27.09.2024
TIMEWR=14:07:09
DATESTA=27.09.2024
TIMESTA=14:06:50
DATEEND=27.09.2024
TIMEEND=14:07:09
CURR_Z0=0
CURR_Z1=1
TE=-1
[VARIABLES]
_USER=Measurements
_EMAIL_F=7NMR.NMR-270-ijs.si
_ITC_H=1
_ITC_R0= 70.00
_ITC_R1= 70.01
_ITC_R2= 70.67
_ITC_R3=  0.00
_ITC_R4=  0.01
_ITC_V=  9.99
_ITC_X=X0A1C1S00H1
_FW=100
_ORIENT=?
_THETA=0
_TITLE=?
_DESCR1=?
_DESCR2=?
_FR_LARM=56.12000000
_FR_SYNT=526.12000000
_TRIMLEV=1.66015625
_DATE=27.09.2024
_TIME=14:04:44
[PPFILE]
; pi/2 - pi


DELAY D9
PULSE [GT] 3u
PULSE [PHL1,GT] D1
DELAY TAU-3u
PULSE [GT] 3u
PULSE [PHL2,GT] 2*D1
DELAY TAU-D3
PULSE [TR] 1u+DW
DELAY 1m
STOP

;PHL 1 [+X] [+X] [+Y] [+Y] [-X] [-X] [-Y] [-Y]
;PHL 2 [+Y] [-Y] [-X] [+X] [-Y] [+Y] [+X] [-X]
;!RLS +X+X+Y+Y-X-X-Y-Y

PHL 1 [+X] [+X] [-X] [-X] [+Y] [+Y] [-Y] [-Y] [+X] [+X] [-X] [-X] [+Y] [+Y] [-Y] [-Y]
PHL 2 [+Y] [-Y] [-Y] [+Y] [-X] [+X] [+X] [-X] [+X] [-X] [-X] [+X] [-Y] [+Y] [+Y] [-Y]
!RLS +X+X-X-X+Y+Y-Y-Y-X-X+X+X-Y-Y+Y+Y
[DATA]
-0.0006538 -0.0039694
-0.0007099 -0.0041414
-0.0002303 -0.0043259
 0.0002790 -0.0043988
 0.0004743 -0.0045360
 0.0006774 -0.0041110
 0.0009124 -0.0042115
 0.0008137 -0.0040585
 0.0007283 -0.0039162
 0.0007013 -0.0039970
 0.0006280 -0.0040903
 0.0009401 -0.0041503
 0.0010230 -0.0039036
 0.0012965 -0.0039987
 0.0018303 -0.0038601
 0.0018753 -0.0037328
 0.0020757 -0.0034828
 0.0021724 -0.0033641
 0.0017897 -0.0034128
 0.0014774 -0.0031891
 0.0016110 -0.0028891
 0.0009899 -0.0026274
 0.0010493 -0.0024136
 0.0007583 -0.0023258
 0.0006360 -0.0021805
 0.0005131 -0.0022341
 0.0006162 -0.0024189
 0.0008973 -0.0026032
 0.0013668 -0.0023087
 0.0015170 -0.0022752
 0.0016411 -0.0023454
 0.0020214 -0.0018573
 0.0023444 -0.0014736
 0.0024117 -0.0017699
 0.0023801 -0.0016415
 0.0022626 -0.0015541
 0.0024449 -0.0018595
 0.0023757 -0.0017624
 0.0021714 -0.0020311
 0.0018738 -0.0022794
 0.0018007 -0.0023759
 0.0015294 -0.0024520
 0.0016680 -0.0023254
 0.0014308 -0.0024203
 0.0014391 -0.0020470
 0.0012166 -0.0018647
 0.0010989 -0.0015193
 0.0007159 -0.0010996
 0.0001686 -0.0006024
-0.0000619 -0.0004504
-0.0005438 -0.0004131
-0.0008674 -0.0000842
-0.0009350 -0.0003816
-0.0009992 -0.0003127
-0.0008932 -0.0006850
-0.0007060 -0.0007928
-0.0005609 -0.0009854
-0.0006731 -0.0012545
-0.0004093 -0.0013330
-0.0003802 -0.0015034
-0.0003845 -0.0016075
-0.0002525 -0.0013923
-0.0001951 -0.0010162
 0.0000568 -0.0005350
-0.0001160 -0.0000727
-0.0000467  0.0003305
 0.0000423  0.0004159
-0.0003406  0.0003666
-0.0004930  0.0002511
-0.0002902 -0.0002636
-0.0001262 -0.0007734
-0.0000959 -0.0012613
 0.0002616 -0.0016067
 0.0005695 -0.0019325
 0.0007907 -0.0013507
 0.0009268 -0.0012569
 0.0008979 -0.0007584
 0.0005364 -0.0003093
 0.0003375 -0.0000137
-0.0003302 -0.0001010
-0.0004637 -0.0000430
-0.0005176 -0.0002172
-0.0005989 -0.0003345
-0.0003481 -0.0005857
-0.0000374 -0.0007615
 0.0002036 -0.0007652
 0.0007699 -0.0011326
 0.0011037 -0.0008867
 0.0012053 -0.0008787
 0.0014041 -0.0008575
 0.0014384 -0.0008353
 0.0009943 -0.0008124
 0.0010120 -0.0007702
 0.0007554 -0.0009701
 0.0003844 -0.0008532
 0.0000856 -0.0010427
-0.0001826 -0.0012250
-0.0004584 -0.0012726
-0.0005753 -0.0011596
-0.0004891 -0.0013425
-0.0007895 -0.0012484
-0.0007994 -0.0014978
-0.0008214 -0.0018811
-0.0008989 -0.0021409
-0.0006426 -0.0024054
-0.0003737 -0.0026270
 0.0001456 -0.0025557
 0.0005691 -0.0025156
 0.0008027 -0.0020831
 0.0010353 -0.0019202
 0.0011534 -0.0013441
 0.0010880 -0.0008150
 0.0007262 -0.0008616
 0.0006316 -0.0008295
 0.0003940 -0.0006258
 0.0002232 -0.0004415
 0.0002060 -0.0003246
 0.0000143  0.0003140
-0.0001287  0.0008817
-0.0003703  0.0014700
-0.0008106  0.0017748
-0.0012309  0.0017118
-0.0015474  0.0016405
-0.0016367  0.0014972
-0.0016470  0.0014661
-0.0017142  0.0013906
-0.0013609  0.0016123
-0.0014554  0.0015745
-0.0012921  0.0016708
-0.0011956  0.0017865
-0.0008698  0.0017677
-0.0006132  0.0020362
-0.0003633  0.0024945
 0.0001337  0.0029370
 0.0000933  0.0038843
 0.0000152  0.0044028
-0.0001475  0.0045645
-0.0005308  0.0048693
-0.0007612  0.0048788
-0.0008193  0.0044449
-0.0008094  0.0045456
-0.0005343  0.0044114
-0.0003056  0.0046381
-0.0002608  0.0045991
-0.0002915  0.0047796
-0.0001774  0.0051062
-0.0001687  0.0053753
-0.0002830  0.0057179
-0.0004946  0.0058546
-0.0006857  0.0064398
-0.0010307  0.0063631
-0.0011549  0.0063146
-0.0013073  0.0060552
-0.0012490  0.0057007
-0.0009304  0.0054187
-0.0006231  0.0054169
-0.0001796  0.0058656
 0.0000804  0.0058890
 0.0003869  0.0062514
 0.0006731  0.0069993
 0.0008633  0.0070360
 0.0011231  0.0073219
 0.0014759  0.0078187
 0.0019841  0.0080950
 0.0022324  0.0085151
 0.0027455  0.0090142
 0.0031383  0.0090119
 0.0034421  0.0094920
 0.0037062  0.0096650
 0.0040762  0.0099652
 0.0043515  0.0102442
 0.0045806  0.0101501
 0.0049654  0.0102771
 0.0052801  0.0103452
 0.0055337  0.0104312
 0.0056720  0.0104081
 0.0058291  0.0108086
 0.0059074  0.0110957
 0.0058142  0.0113646
 0.0062062  0.0115273
 0.0060270  0.0116632
 0.0061612  0.0116070
 0.0063889  0.0115996
 0.0067067  0.0112570
 0.0068518  0.0113234
 0.0069027  0.0112090
 0.0070786  0.0111327
 0.0067951  0.0111886
 0.0071523  0.0113141
 0.0070782  0.0113967
 0.0070489  0.0116680
 0.0070293  0.0118416
 0.0068922  0.0122743
 0.0069294  0.0124592
 0.0070915  0.0125501
 0.0069082  0.0125711
 0.0071767  0.0124937
 0.0071183  0.0125220
 0.0071845  0.0125880
 0.0070699  0.0127281
 0.0066635  0.0128813
 0.0061216  0.0132707
 0.0058406  0.0132216
 0.0058353  0.0132319
 0.0060614  0.0134159
 0.0064918  0.0136484
 0.0072672  0.0143800
 0.0077380  0.0152939
 0.0081419  0.0166479
 0.0082279  0.0179605
 0.0083042  0.0194970
 0.0080727  0.0210391
 0.0076877  0.0225325
 0.0076951  0.0238933
 0.0078227  0.0251867
 0.0079157  0.0265791
 0.0082773  0.0281620
 0.0086061  0.0294471
 0.0094233  0.0312512
 0.0101733  0.0330661
 0.0108665  0.0353111
 0.0115892  0.0376971
 0.0126006  0.0404733
 0.0134463  0.0426299
 0.0142441  0.0457082
 0.0153177  0.0482876
 0.0164512  0.0507819
 0.0175141  0.0533924
 0.0190027  0.0558102
 0.0205373  0.0582529
 0.0222835  0.0608330
 0.0244539  0.0635377
 0.0262744  0.0663021
 0.0284728  0.0693942
 0.0309268  0.0727970
 0.0332467  0.0762015
 0.0357766  0.0798920
 0.0383153  0.0834678
 0.0408357  0.0875129
 0.0435479  0.0913392
 0.0461573  0.0952279
 0.0486995  0.0990534
 0.0516717  0.1029064
 0.0546744  0.1067805
 0.0577041  0.1105178
 0.0613085  0.1145044
 0.0649519  0.1184177
 0.0684716  0.1224037
 0.0720873  0.1267581
 0.0757025  0.1308602
 0.0798203  0.1353399
 0.0836563  0.1398249
 0.0873323  0.1438580
 0.0913021  0.1481217
 0.0953285  0.1522951
 0.0992779  0.1560989
 0.1034179  0.1599345
 0.1071659  0.1640685
 0.1109246  0.1679530
 0.1146643  0.1720090
 0.1185649  0.1762980
 0.1221310  0.1802037
 0.1260324  0.1846340
 0.1303272  0.1885582
 0.1342864  0.1930356
 0.1386200  0.1971980
 0.1430132  0.2014382
 0.1472041  0.2058965
 0.1516235  0.2105360
 0.1559795  0.2151573
 0.1601863  0.2197881
 0.1643051  0.2246861
 0.1683018  0.2291053
 0.1724025  0.2333729
 0.1765829  0.2375234
 0.1805709  0.2415286
 0.1849218  0.2458218
 0.1894379  0.2499505
 0.1938600  0.2543471
 0.1986421  0.2590497
 0.2035117  0.2638498
 0.2080549  0.2689580
 0.2130696  0.2740884
 0.2179873  0.2796202
 0.2229144  0.2851095
 0.2279372  0.2908950
 0.2332404  0.2964141
 0.2383226  0.3018534
 0.2436159  0.3074822
 0.2493711  0.3128620
 0.2551637  0.3181916
 0.2610045  0.3235124
 0.2669682  0.3290241
 0.2729588  0.3346332
 0.2785874  0.3404629
 0.2841981  0.3458428
 0.2901029  0.3514304
 0.2959245  0.3569115
 0.3020617  0.3619317
 0.3084770  0.3671896
 0.3151128  0.3723051
 0.3219412  0.3773079
 0.3287948  0.3822398
 0.3355351  0.3872556
 0.3426582  0.3918704
 0.3497198  0.3964084
 0.3568140  0.4007285
 0.3639472  0.4049121
 0.3711381  0.4091634
 0.3782449  0.4134621
 0.3848441  0.4171354
 0.3915110  0.4207846
 0.3980158  0.4241769
 0.4048753  0.4271366
 0.4113580  0.4296054
 0.4177146  0.4319114
 0.4244705  0.4338350
 0.4308529  0.4355288
 0.4371007  0.4368296
 0.4437893  0.4380572
 0.4502283  0.4391911
 0.4562871  0.4402966
 0.4621919  0.4406523
 0.4677046  0.4411348
 0.4731657  0.4410977
 0.4779857  0.4408904
 0.4825797  0.4401018
 0.4872884  0.4390953
 0.4915598  0.4380314
 0.4954913  0.4365525
 0.4995229  0.4345493
 0.5031542  0.4327557
 0.5065832  0.4305201
 0.5098333  0.4280964
 0.5125346  0.4254335
 0.5150568  0.4225960
 0.5172165  0.4195683
 0.5191363  0.4164146
 0.5209396  0.4131936
 0.5222567  0.4096664
 0.5234740  0.4062525
 0.5245758  0.4026188
 0.5254347  0.3991135
 0.5259996  0.3955648
 0.5261817  0.3920760
 0.5258641  0.3883565
 0.5252621  0.3846236
 0.5242956  0.3805849
 0.5228485  0.3766135
 0.5212808  0.3725366
 0.5194521  0.3680954
 0.5173350  0.3634170
 0.5151417  0.3588886
 0.5124594  0.3540424
 0.5096796  0.3493626
 0.5068160  0.3444718
 0.5033368  0.3393537
 0.5000854  0.3343097
 0.4966352  0.3292273
 0.4931623  0.3242437
 0.4895002  0.3193737
 0.4858366  0.3145251
 0.4818863  0.3097048
 0.4779251  0.3048725
 0.4740298  0.3003463
 0.4699467  0.2955894
 0.4663464  0.2908328
 0.4625518  0.2861312
 0.4586373  0.2814728
 0.4548294  0.2769835
 0.4506118  0.2726790
 0.4459893  0.2680007
 0.4413113  0.2637812
 0.4363158  0.2592943
 0.4315881  0.2547003
 0.4264175  0.2500122
 0.4215677  0.2452094
 0.4167231  0.2404870
 0.4118901  0.2355030
 0.4073636  0.2306122
 0.4029224  0.2253498
 0.3984647  0.2200459
 0.3940049  0.2148865
 0.3896042  0.2098509
 0.3852048  0.2051406
 0.3805076  0.2001723
 0.3755424  0.1955589
 0.3705698  0.1907526
 0.3656245  0.1858142
 0.3607683  0.1809412
 0.3557748  0.1759735
 0.3509347  0.1707874
 0.3461426  0.1659763
 0.3413629  0.1609648
 0.3362821  0.1559903
 0.3315791  0.1511978
 0.3265959  0.1464889
 0.3213652  0.1416571
 0.3163351  0.1369875
 0.3113624  0.1322871
 0.3065218  0.1274530
 0.3014574  0.1226934
 0.2967395  0.1178981
 0.2918472  0.1133693
 0.2868686  0.1089178
 0.2819940  0.1042749
 0.2769475  0.1000248
 0.2718318  0.0958715
 0.2667781  0.0920835
 0.2615510  0.0882532
 0.2559581  0.0848779
 0.2505804  0.0814664
 0.2448579  0.0783335
 0.2394895  0.0752382
 0.2340250  0.0720699
 0.2283800  0.0688498
 0.2229143  0.0656004
 0.2173028  0.0620656
 0.2116077  0.0586360
 0.2061010  0.0549167
 0.2006898  0.0513508
 0.1953654  0.0480046
 0.1900714  0.0448689
 0.1851063  0.0419631
 0.1802236  0.0397300
 0.1752474  0.0373208
 0.1702669  0.0353489
 0.1652057  0.0333663
 0.1598752  0.0312681
 0.1550337  0.0294686
 0.1496998  0.0276122
 0.1447030  0.0259179
 0.1396951  0.0241229
 0.1349077  0.0227859
 0.1302941  0.0212565
 0.1258924  0.0196884
 0.1216270  0.0184442
 0.1172355  0.0175247
 0.1131712  0.0163995
 0.1094143  0.0157864
 0.1053185  0.0150651
 0.1015479  0.0144291
 0.0979707  0.0137521
 0.0941062  0.0130609
 0.0905571  0.0123454
 0.0869813  0.0117055
 0.0835987  0.0110072
 0.0800724  0.0099729
 0.0769829  0.0090154
 0.0741551  0.0080286
 0.0713440  0.0070881
 0.0687834  0.0065824
 0.0664427  0.0059211
 0.0639007  0.0055014
 0.0614717  0.0047997
 0.0591522  0.0043594
 0.0568432  0.0036581
 0.0546385  0.0031776
 0.0524565  0.0024577
 0.0505815  0.0020441
 0.0485606  0.0018222
 0.0470803  0.0012965
 0.0454548  0.0011798
 0.0440463  0.0008889
 0.0425358  0.0004941
 0.0410068  0.0002134
 0.0394271 -0.0003361
 0.0381257 -0.0010755
 0.0365832 -0.0013388
 0.0355021 -0.0016376
 0.0344209 -0.0016790
 0.0331279 -0.0015177
 0.0323031 -0.0014400
 0.0313495 -0.0013073
 0.0303221 -0.0011743
 0.0296618 -0.0011170
 0.0290574 -0.0012985
 0.0282420 -0.0012040
 0.0277040 -0.0013760
 0.0270011 -0.0012426
 0.0261859 -0.0011768
 0.0255621 -0.0011479
 0.0245812 -0.0010666
 0.0238894 -0.0012206
 0.0232716 -0.0016239
 0.0227693 -0.0022112
 0.0220965 -0.0027262
 0.0217198 -0.0029359
 0.0213729 -0.0033469
 0.0208661 -0.0034135
 0.0207122 -0.0034038
 0.0204126 -0.0031874
 0.0201532 -0.0030651
 0.0200048 -0.0028933
 0.0198381 -0.0026969
 0.0194121 -0.0024771
 0.0192168 -0.0021152
 0.0188752 -0.0019815
 0.0182121 -0.0019448
 0.0178457 -0.0019184
 0.0174980 -0.0018332
 0.0168135 -0.0017775
 0.0165821 -0.0016325
 0.0160730 -0.0017112
 0.0154672 -0.0017793
 0.0151914 -0.0020571
 0.0149520 -0.0020754
 0.0146835 -0.0021877
 0.0146470 -0.0021755
 0.0142864 -0.0020225
 0.0141072 -0.0017239
 0.0138696 -0.0012538
 0.0135640 -0.0009659
 0.0134604 -0.0004877
 0.0131622 -0.0001913
 0.0130972 -0.0000282
 0.0128479  0.0005669
 0.0124232  0.0009103
 0.0118686  0.0011467
 0.0115041  0.0017032
 0.0109081  0.0016526
 0.0103021  0.0017010
 0.0099460  0.0017208
 0.0093381  0.0018241
 0.0089620  0.0018221
 0.0087349  0.0018524
 0.0085514  0.0019834
 0.0084925  0.0024340
 0.0079961  0.0026554
 0.0077835  0.0027536
 0.0073737  0.0026409
 0.0067499  0.0024698
 0.0058582  0.0023062
 0.0051000  0.0018664
 0.0042438  0.0016675
 0.0034949  0.0015143
 0.0025450  0.0013221
 0.0014424  0.0011860
 0.0007157  0.0011747
-0.0000321  0.0012894
-0.0006237  0.0013986
-0.0012144  0.0012386
-0.0018341  0.0012802
-0.0022617  0.0009423
-0.0024379  0.0008167
-0.0025709  0.0000361
-0.0026361 -0.0003147
-0.0023555 -0.0010627
-0.0022000 -0.0013955
-0.0020737 -0.0019032
-0.0019184 -0.0020573
-0.0018310 -0.0022521
-0.0018219 -0.0023653
-0.0020741 -0.0024905
-0.0019850 -0.0026922
-0.0021760 -0.0027687
-0.0022305 -0.0030347
-0.0021299 -0.0033676
-0.0023082 -0.0037197
-0.0023846 -0.0042607
-0.0022580 -0.0045339
-0.0022548 -0.0048553
-0.0019009 -0.0050705
-0.0015289 -0.0051912
-0.0011760 -0.0050017
-0.0007174 -0.0051642
-0.0004406 -0.0050197
 0.0000277 -0.0048836
 0.0005760 -0.0046896
 0.0006931 -0.0050479
 0.0009416 -0.0048885
 0.0010553 -0.0047996
 0.0011019 -0.0050493
 0.0013238 -0.0045527
 0.0015143 -0.0045489
 0.0014986 -0.0044746
 0.0012109 -0.0041688
 0.0012101 -0.0043422
 0.0012463 -0.0044015
 0.0012469 -0.0046327
 0.0012525 -0.0049430
 0.0014715 -0.0049115
 0.0017836 -0.0048432
 0.0017513 -0.0047247
 0.0017993 -0.0044806
 0.0018282 -0.0042784
 0.0019707 -0.0044952
 0.0018466 -0.0042265
 0.0020888 -0.0041657
 0.0022729 -0.0044136
 0.0025616 -0.0037680
 0.0026602 -0.0036884
 0.0024634 -0.0033026
 0.0023396 -0.0031657
 0.0021989 -0.0029459
 0.0021705 -0.0029189
 0.0022633 -0.0028617
 0.0026721 -0.0025583
 0.0029765 -0.0023171
 0.0030578 -0.0019065
 0.0028606 -0.0013612
 0.0027971 -0.0011551
 0.0024194 -0.0005878
 0.0020899 -0.0006326
 0.0017716 -0.0003189
 0.0013117 -0.0004208
 0.0015328 -0.0005050
 0.0015507 -0.0006170
 0.0017633 -0.0007759
 0.0015649 -0.0005451
 0.0016519 -0.0004450
 0.0012064 -0.0003232
 0.0007675 -0.0002201
 0.0004843 -0.0002025
-0.0002432 -0.0001874
-0.0005951 -0.0001895
-0.0006318 -0.0004299
-0.0009572 -0.0003348
-0.0010360 -0.0004796
-0.0009502 -0.0004682
-0.0009452 -0.0003158
-0.0008907 -0.0000552
-0.0006805 -0.0000245
-0.0003289  0.0001237
-0.0000997  0.0005711
 0.0001013  0.0003373
 0.0001685  0.0005907
-0.0000808  0.0002740
-0.0001653 -0.0003183
-0.0003650 -0.0003862
-0.0004405 -0.0007090
-0.0003827 -0.0007782
-0.0002479 -0.0007219
-0.0003252 -0.0004746
-0.0001827 -0.0002599
-0.0001427 -0.0001458
-0.0005862 -0.0001297
-0.0009222 -0.0001622
-0.0012486 -0.0004160
-0.0017753 -0.0008696
-0.0021304 -0.0013727
-0.0023629 -0.0017420
-0.0025747 -0.0022127
-0.0027294 -0.0023090
-0.0025293 -0.0028468
-0.0025941 -0.0031466
-0.0025240 -0.0036727
-0.0025907 -0.0041453
-0.0023542 -0.0041822
-0.0019977 -0.0043758
-0.0017078 -0.0041574
-0.0008236 -0.0039963
-0.0003233 -0.0038165
 0.0003652 -0.0035205
 0.0003646 -0.0030901
 0.0005839 -0.0029854
 0.0004080 -0.0026186
 0.0000236 -0.0019958
-0.0002093 -0.0018450
-0.0005677 -0.0014542
-0.0007803 -0.0013908
-0.0011101 -0.0010664
-0.0012163 -0.0011056
-0.0011418 -0.0007107
-0.0008784 -0.0004418
-0.0006249 -0.0003713
-0.0005997 -0.0004543
-0.0002692 -0.0004349
-0.0000525 -0.0007306
 0.0003184 -0.0010637
 0.0006531 -0.0010245
 0.0010657 -0.0009557
 0.0014701 -0.0012147
 0.0018470 -0.0009753
 0.0016673 -0.0006192
 0.0017196 -0.0005350
 0.0015598 -0.0004494
 0.0014170 -0.0003172
 0.0010236 -0.0003499
 0.0009578 -0.0004464
 0.0010698 -0.0004066
 0.0007456 -0.0003112
 0.0009114 -0.0004127
 0.0007781 -0.0004789
 0.0006673 -0.0004306
 0.0009076 -0.0000947
 0.0009477  0.0000492
 0.0008617  0.0001833
 0.0009496  0.0005644
 0.0011337  0.0009370
 0.0010600  0.0012443
 0.0010007  0.0018963
 0.0008583  0.0020128
 0.0006916  0.0024931
 0.0005860  0.0026122
 0.0001849  0.0026720
 0.0000315  0.0026631
 0.0000785  0.0028553
 0.0002503  0.0027221
 0.0001736  0.0029835
 0.0003258  0.0030225
 0.0002013  0.0031795
 0.0002711  0.0031315
 0.0000715  0.0029143
-0.0002055  0.0026212
-0.0002519  0.0026016
-0.0002878  0.0021920
 0.0000293  0.0021735
 0.0003840  0.0024016
 0.0005845  0.0026430
 0.0008435  0.0028746
 0.0008433  0.0031513
 0.0008437  0.0036831
 0.0007395  0.0037798
 0.0005114  0.0040132
 0.0000524  0.0036770
-0.0000960  0.0034005
-0.0004771  0.0032055
-0.0004945  0.0031001
-0.0008441  0.0027351
-0.0008495  0.0028463
-0.0011568  0.0029781
-0.0016637  0.0028990
-0.0017123  0.0026734
-0.0018286  0.0023718
-0.0016904  0.0020248
-0.0013779  0.0018372
-0.0009889  0.0013073
-0.0005716  0.0013238
-0.0001140  0.0013989
 0.0000537  0.0013800
 0.0005045  0.0012065
 0.0007702  0.0008409
 0.0009520  0.0007461
 0.0011909  0.0007560
 0.0016400  0.0005928
 0.0015401  0.0004316
 0.0016049  0.0003068
 0.0018627  0.0002693
 0.0020076 -0.0000457
 0.0020829 -0.0000279
 0.0022830 -0.0000079
 0.0026395 -0.0004494
 0.0028973 -0.0001999
 0.0030297  0.0000276
 0.0031264  0.0001305
 0.0030194  0.0003560
 0.0031209  0.0005920
 0.0031918  0.0007129
 0.0031219  0.0008544
 0.0032045  0.0010736
 0.0034342  0.0010345
 0.0032799  0.0010130
 0.0033169  0.0010310
 0.0035186  0.0009533
 0.0032886  0.0008251
 0.0032575  0.0008626
 0.0032456  0.0008632
 0.0029739  0.0007409
 0.0030116  0.0005717
 0.0028380  0.0005681
 0.0025041  0.0005623
 0.0024286  0.0007472
 0.0023739  0.0007896
 0.0025195  0.0011924
 0.0021939  0.0015875
 0.0019992  0.0017976
 0.0016237  0.0020001
 0.0014905  0.0018338
 0.0013887  0.0016446
 0.0011941  0.0013437
 0.0011182  0.0010223
 0.0010803  0.0010536
 0.0009862  0.0009168
 0.0011172  0.0005078
 0.0010062  0.0006140
 0.0007432  0.0005762
 0.0004049  0.0001263
 0.0002224 -0.0000562
-0.0001127 -0.0004977
-0.0004872 -0.0010335
-0.0004001 -0.0016540
-0.0002502 -0.0020515
-0.0002277 -0.0023581
-0.0000892 -0.0023753
 0.0001571 -0.0024621
 0.0001248 -0.0023377
 0.0002765 -0.0018807
 0.0005686 -0.0015289
 0.0004612 -0.0011296
 0.0006161 -0.0007981
 0.0004649 -0.0005973
 0.0002755 -0.0004812
-0.0000921 -0.0000494
-0.0001963 -0.0002411
-0.0002057 -0.0002327
-0.0002451 -0.0001271
-0.0002344 -0.0000304
-0.0000945  0.0000962
-0.0004537  0.0002593
-0.0008001  0.0000972
-0.0010244 -0.0002129
-0.0010095 -0.0003607
-0.0011268 -0.0008244
-0.0008615 -0.0013652
-0.0006597 -0.0016366
-0.0002495 -0.0020236
-0.0001082 -0.0023430
 0.0000735 -0.0026230
-0.0000531 -0.0027784
 0.0000983 -0.0027714
 0.0002118 -0.0026882
 0.0000874 -0.0024896
 0.0001452 -0.0023844
 0.0005784 -0.0023000
 0.0008021 -0.0023497
 0.0011263 -0.0021020
 0.0016643 -0.0021319
 0.0018845 -0.0021129
 0.0021304 -0.0017657
 0.0022075 -0.0016405
 0.0019963 -0.0016981
 0.0017840 -0.0014092
 0.0015365 -0.0016779
 0.0015641 -0.0018311
 0.0015928 -0.0017562
 0.0018225 -0.0016405
 0.0020417 -0.0013452
 0.0022721 -0.0009709
 0.0024356 -0.0006732
 0.0026149 -0.0002710
 0.0027002 -0.0001085
 0.0024410 -0.0003282
 0.0027814 -0.0002100
 0.0029059 -0.0002496
 0.0032111 -0.0001119
 0.0031437 -0.0002252
 0.0029808 -0.0003487
 0.0027709 -0.0005304
 0.0022609 -0.0006854
 0.0018753 -0.0006671
 0.0013297 -0.0007821
 0.0009265 -0.0008580
 0.0004560 -0.0008110
-0.0000891 -0.0008023
-0.0004040 -0.0010601
-0.0007441 -0.0013074
-0.0011152 -0.0013072
-0.0013534 -0.0011794
-0.0014656 -0.0013044
-0.0017135 -0.0011033
-0.0019608 -0.0005830
-0.0019224 -0.0002455
-0.0019694  0.0002545
-0.0021239  0.0010414
-0.0022571  0.0017739
-0.0024866  0.0022900
-0.0026058  0.0025065
-0.0027204  0.0026213
-0.0029348  0.0022202
-0.0029401  0.0020091
-0.0027899  0.0015995
-0.0025622  0.0011984
-0.0022974  0.0008088
-0.0021262  0.0006588
-0.0019720  0.0003259
-0.0014891  0.0002401
-0.0017287  0.0004333
-0.0017826  0.0005187
-0.0018470  0.0006927
-0.0019897  0.0010177
-0.0020545  0.0011730
-0.0019219  0.0013953
-0.0024647  0.0016737
-0.0026944  0.0021448
-0.0030372  0.0020798
-0.0030925  0.0022137
-0.0033389  0.0021013
-0.0029986  0.0019953
-0.0026959  0.0016604
-0.0024331  0.0015913
-0.0018842  0.0012235
-0.0020160  0.0007491
-0.0013956 -0.0000580
-0.0013028 -0.0003954
-0.0009608 -0.0008635
-0.0006265 -0.0014205
-0.0004341 -0.0016012
-0.0004249 -0.0017907
-0.0002232 -0.0020969
-0.0000429 -0.0022403
 0.0004264 -0.0025187
 0.0008568 -0.0026632
 0.0011734 -0.0025073
 0.0014629 -0.0024896
 0.0019409 -0.0025554
 0.0017420 -0.0023097
 0.0019689 -0.0019173
 0.0017842 -0.0018473
 0.0014515 -0.0017930
 0.0016217 -0.0016870
 0.0017582 -0.0018546
 0.0019369 -0.0019991
 0.0020420 -0.0021069
 0.0017578 -0.0020886
 0.0018731 -0.0022174
 0.0018913 -0.0023708
 0.0018398 -0.0024893
 0.0016637 -0.0027802
 0.0020362 -0.0028790
 0.0020541 -0.0027496
 0.0022748 -0.0026982
 0.0026076 -0.0025948
 0.0030219 -0.0021767
 0.0034549 -0.0021406
 0.0038270 -0.0016345
 0.0042396 -0.0017320
 0.0041431 -0.0015500
 0.0044913 -0.0013786
 0.0043098 -0.0015217
 0.0043455 -0.0009809
 0.0041281 -0.0005190
 0.0039226 -0.0005056
 0.0038228 -0.0000126
 0.0036177  0.0004196
 0.0033014  0.0007099
 0.0028859  0.0009687
 0.0026255  0.0011900
 0.0022520  0.0012186
 0.0023450  0.0007398
 0.0023174  0.0005304
 0.0024836  0.0000256
 0.0025338 -0.0002607
 0.0025189 -0.0006309
 0.0023974 -0.0008673
 0.0023625 -0.0007213
 0.0020216 -0.0007750
 0.0018914 -0.0006516
 0.0017844 -0.0000743
 0.0014293  0.0002550
 0.0009218  0.0007080
 0.0004826  0.0011925
 0.0001679  0.0011893
-0.0003311  0.0013072
-0.0004575  0.0012816
-0.0005003  0.0011302
-0.0004235  0.0012265
-0.0003549  0.0016064
 0.0002138  0.0017625
 0.0003771  0.0021061
 0.0008761  0.0020879
 0.0009159  0.0022034
 0.0010532  0.0022343
 0.0013219  0.0020829
 0.0014101  0.0018350
 0.0014602  0.0016927
 0.0015672  0.0014270
 0.0016825  0.0012196
 0.0015518  0.0009455
 0.0015569  0.0006828
 0.0013388  0.0004337
 0.0010987  0.0003287
 0.0009320 -0.0000484
 0.0006338 -0.0005548
 0.0007658 -0.0008950
 0.0010260 -0.0012941
 0.0013852 -0.0013797
 0.0019327 -0.0014511
 0.0022621 -0.0012670
 0.0024549 -0.0008912
 0.0025708 -0.0008482
 0.0027182 -0.0006183
 0.0028308 -0.0007069
 0.0028827 -0.0011775
 0.0029544 -0.0014621
 0.0030903 -0.0016068
 0.0032302 -0.0017031
 0.0033475 -0.0015778
 0.0033819 -0.0014936
 0.0036231 -0.0012843
 0.0037126 -0.0012564
 0.0039322 -0.0010075
 0.0038872 -0.0008763
 0.0041660 -0.0006107
 0.0042895 -0.0004076
 0.0041555  0.0003093
 0.0043658  0.0002828
 0.0043075  0.0007429
 0.0045158  0.0009064
 0.0046775  0.0011075
 0.0046177  0.0013358
 0.0045650  0.0016122
 0.0043199  0.0018312
 0.0039814  0.0021086
 0.0035213  0.0025083
 0.0030031  0.0028106
 0.0024283  0.0032184
 0.0021702  0.0034774
 0.0015235  0.0033627
 0.0012710  0.0032200
 0.0007614  0.0031867
 0.0005113  0.0031846
 0.0001574  0.0031967
 0.0002743  0.0031618
-0.0002538  0.0030277
-0.0002435  0.0029999
 0.0000739  0.0028446
-0.0000901  0.0026321
 0.0000159  0.0025164
-0.0000148  0.0022356
-0.0001129  0.0020902
-0.0001514  0.0021037
-0.0003271  0.0022858
-0.0002439  0.0023792
-0.0002738  0.0024354
-0.0005361  0.0025579
-0.0005857  0.0027709
-0.0004834  0.0029092
-0.0003948  0.0030537
-0.0001661  0.0033634
-0.0002046  0.0035033
-0.0001133  0.0040329
 0.0000021  0.0039513
 0.0003318  0.0041001
 0.0003373  0.0036819
 0.0005886  0.0035192
 0.0008517  0.0032040
 0.0010154  0.0026662
 0.0009272  0.0024018
 0.0010122  0.0020824
 0.0007879  0.0016958
 0.0003835  0.0018068
 0.0001812  0.0014783
 0.0000387  0.0015088
-0.0002187  0.0014008
-0.0001191  0.0013362
-0.0004132  0.0013185
-0.0003646  0.0013253
-0.0003345  0.0009785
-0.0002792  0.0007797
-0.0003491  0.0007170
-0.0001298  0.0001139
-0.0004177 -0.0001252
-0.0001803 -0.0000127
-0.0001823 -0.0007211
-0.0002027 -0.0008770
 0.0000179 -0.0008972
 0.0001721 -0.0011965
 0.0002262 -0.0013254
 0.0000621 -0.0014065
 0.0001584 -0.0015505
 0.0002456 -0.0016704
 0.0004172 -0.0017879
 0.0007741 -0.0019593
 0.0009302 -0.0018656
 0.0010913 -0.0018333
 0.0014280 -0.0020348
 0.0018427 -0.0018404
 0.0026082 -0.0019936
 0.0029564 -0.0017449
 0.0036670 -0.0013809
 0.0039293 -0.0012945
 0.0041220 -0.0011353
 0.0042268 -0.0007038
 0.0041612 -0.0005581
 0.0039884 -0.0006076
 0.0040732 -0.0004356
 0.0037635 -0.0004529
 0.0039452 -0.0005113
 0.0040376 -0.0003102
 0.0040899 -0.0002815
 0.0039804 -0.0000241
 0.0042635  0.0000810
 0.0040791 -0.0000710
 0.0038395 -0.0001380
 0.0039538 -0.0002310
 0.0039061 -0.0004020
 0.0040676 -0.0000853
 0.0042010  0.0002904
 0.0039699  0.0004069
 0.0037955  0.0008686
 0.0035825  0.0013491
 0.0033122  0.0014791
 0.0030810  0.0017030
 0.0027748  0.0017779
 0.0025873  0.0020511
 0.0025974  0.0020652
 0.0024197  0.0026188
 0.0023386  0.0031613
 0.0021327  0.0033462
 0.0023489  0.0038604
 0.0025563  0.0039777
 0.0027027  0.0042536
 0.0031373  0.0045593
 0.0031307  0.0046439
 0.0030931  0.0048972
 0.0030342  0.0047627
 0.0025477  0.0045752
 0.0018556  0.0040803
 0.0016719  0.0037164
 0.0007786  0.0031471
 0.0005281  0.0025798
 0.0001542  0.0021964
 0.0000967  0.0014848
 0.0001031  0.0011215
 0.0000083  0.0006354
-0.0002219  0.0003590
-0.0002715  0.0002462
-0.0002312 -0.0003847
-0.0002235 -0.0009891
-0.0000341 -0.0010382
 0.0003300 -0.0015273
 0.0003680 -0.0014116
 0.0007247 -0.0014611
 0.0006696 -0.0014239
 0.0008358 -0.0010564
 0.0007316 -0.0006486
 0.0004942 -0.0005301
 0.0003117 -0.0002772
 0.0000323 -0.0004196
-0.0002766 -0.0004109
-0.0005324 -0.0006138
-0.0005837 -0.0008147
-0.0006259 -0.0011956
-0.0006366 -0.0013476
-0.0003627 -0.0018224
-0.0000152 -0.0021254
 0.0001200 -0.0021760
 0.0004968 -0.0025240
 0.0004447 -0.0029731
 0.0007243 -0.0029410
 0.0008719 -0.0033207
 0.0008721 -0.0035993
 0.0011577 -0.0038186
 0.0014214 -0.0042889
 0.0016507 -0.0045271
 0.0020417 -0.0046160
 0.0024341 -0.0049690
 0.0025793 -0.0049511
 0.0029796 -0.0050308
 0.0030192 -0.0048998
 0.0028373 -0.0048639
 0.0030182 -0.0044234
 0.0027854 -0.0040750
 0.0026782 -0.0039319
 0.0028984 -0.0034811
 0.0029184 -0.0031858
 0.0029204 -0.0032837
 0.0033985 -0.0029478
 0.0037164 -0.0029764
 0.0036401 -0.0025949
 0.0039766 -0.0019017
 0.0037481 -0.0018080
 0.0032311 -0.0012079
 0.0031439 -0.0006331
 0.0026673 -0.0007290
 0.0024685 -0.0004892
 0.0025493 -0.0005348
 0.0028595 -0.0006608
 0.0029401 -0.0005752
 0.0033713 -0.0005156
 0.0032880 -0.0005629
 0.0033657 -0.0002241
 0.0035983  0.0003357
 0.0032793  0.0004324
 0.0031071  0.0011255
 0.0026145  0.0014152
 0.0021365  0.0013950
 0.0015870  0.0015104
 0.0011553  0.0013683
 0.0009103  0.0012436
 0.0006333  0.0013851
 0.0003013  0.0014703
 0.0000096  0.0016721
 0.0001731  0.0019475
-0.0001214  0.0019949
 0.0000241  0.0021950
 0.0000895  0.0025412
-0.0001640  0.0025319
-0.0001743  0.0025995
-0.0003417  0.0027271
-0.0008240  0.0025935
-0.0010097  0.0025856
-0.0012984  0.0026157
-0.0015661  0.0027380
-0.0020486  0.0029869
-0.0022868  0.0028723
-0.0021431  0.0025257
-0.0022309  0.0024952
-0.0021913  0.0022285
-0.0020764  0.0019457
-0.0021643  0.0018964
-0.0021144  0.0014987
-0.0023140  0.0011147
-0.0026372  0.0009304
-0.0028728  0.0009401
-0.0029826  0.0009013
-0.0033874  0.0013331
-0.0035363  0.0010638
-0.0039205  0.0010487
-0.0042471  0.0009516
-0.0042429  0.0009483
-0.0042729  0.0005626
-0.0041316  0.0003473
-0.0039704  0.0000694
-0.0037639 -0.0003239
-0.0033143 -0.0005314
-0.0031712 -0.0008394
-0.0027472 -0.0011329
-0.0022950 -0.0014234
-0.0018123 -0.0019381
-0.0017204 -0.0020645
-0.0013264 -0.0023157
-0.0011400 -0.0025690
-0.0010538 -0.0027285
-0.0008055 -0.0029537
-0.0005288 -0.0031410
-0.0001707 -0.0033205
 0.0002006 -0.0031292
 0.0002175 -0.0034853
 0.0004135 -0.0033700
 0.0005358 -0.0032026
 0.0004861 -0.0034677
 0.0003410 -0.0037393
 0.0000616 -0.0037004
-0.0003698 -0.0037747
-0.0004936 -0.0039281
-0.0005127 -0.0038037
-0.0007600 -0.0037549
-0.0005198 -0.0032867
-0.0003379 -0.0027669
-0.0001554 -0.0025087
-0.0001653 -0.0019047
 0.0000856 -0.0015302
 0.0001640 -0.0015310
 0.0005976 -0.0012072
 0.0011271 -0.0010167
 0.0011746 -0.0007601
 0.0019592 -0.0004064
 0.0021979  0.0000538
 0.0023672  0.0001330
 0.0022980  0.0005157
 0.0025055  0.0003544
 0.0023977  0.0004291
 0.0024612  0.0008137
 0.0027535  0.0009772
 0.0029317  0.0015620
 0.0029836  0.0021576
 0.0032864  0.0023631
 0.0030536  0.0028831
 0.0030112  0.0030317
 0.0028421  0.0027564
 0.0028037  0.0029964
 0.0025374  0.0030711
 0.0022223  0.0033188
 0.0020233  0.0035180
 0.0019020  0.0034732
 0.0014532  0.0037237
 0.0008216  0.0038291
 0.0002159  0.0035053
-0.0002153  0.0033248
-0.0003967  0.0032441
-0.0003249  0.0025852
-0.0001672  0.0022517
-0.0000394  0.0019457
 0.0002701  0.0016187
 0.0005227  0.0016599
 0.0006862  0.0014295
 0.0005635  0.0013621
 0.0003537  0.0015190
-0.0000008  0.0011830
-0.0002190  0.0008092
-0.0003619  0.0004357
-0.0004739 -0.0000474
-0.0003193 -0.0004417
-0.0001114 -0.0006171
-0.0001784 -0.0009134
-0.0000653 -0.0008747
-0.0001614 -0.0009774
-0.0000284 -0.0008900
-0.0002365 -0.0009669
-0.0003732 -0.0008708
-0.0004616 -0.0009286
-0.0005198 -0.0010981
-0.0007314 -0.0011298
-0.0008480 -0.0010133
-0.0013051 -0.0011250
-0.0016216 -0.0012903
-0.0018998 -0.0013749
-0.0022831 -0.0019650
-0.0022444 -0.0021766
-0.0020954 -0.0023324
-0.0016358 -0.0029384
-0.0011802 -0.0030523
-0.0006083 -0.0032630
-0.0001377 -0.0034132
 0.0001857 -0.0032322
 0.0004342 -0.0032039
 0.0006750 -0.0032309
 0.0006948 -0.0027896
 0.0006484 -0.0026933
 0.0004698 -0.0023023
 0.0006642 -0.0019852
 0.0005893 -0.0017181
 0.0006220 -0.0015049
 0.0004415 -0.0015687
 0.0008350 -0.0014817
 0.0006747 -0.0016220
 0.0011063 -0.0015828
 0.0017000 -0.0017917
 0.0021125 -0.0014828
 0.0026228 -0.0014843
 0.0030756 -0.0014972
 0.0032918 -0.0009322
 0.0034664 -0.0010119
 0.0034553 -0.0005331
 0.0034337  0.0001757
 0.0031285  0.0001452
 0.0028778  0.0005780
 0.0028850  0.0008954
 0.0029363  0.0006463
 0.0026410  0.0009903
 0.0029169  0.0008106
 0.0031200  0.0005316
 0.0033857  0.0003455
 0.0038148 -0.0000072
 0.0040599 -0.0000829
 0.0044418 -0.0000542
 0.0047234  0.0000723
 0.0047513  0.0001707
 0.0047810  0.0006693
 0.0045254  0.0008225
 0.0040962  0.0011463
 0.0036497  0.0011659
 0.0032579  0.0009354
 0.0028978  0.0010607
 0.0025043  0.0012448
 0.0023503  0.0013512
 0.0021121  0.0016151
 0.0019201  0.0019028
 0.0015876  0.0023651
 0.0012915  0.0024414
 0.0005756  0.0024466
 0.0001830  0.0027393
-0.0005450  0.0026676
-0.0011209  0.0025547
-0.0016383  0.0024663
-0.0020243  0.0023141
-0.0022793  0.0021704
-0.0022343  0.0020472
-0.0022842  0.0018599
-0.0022364  0.0017063
-0.0022168  0.0016984
-0.0022535  0.0012767
-0.0023744  0.0013904
-0.0021620  0.0013809
-0.0024669  0.0014206
-0.0025706  0.0014109
-0.0027596  0.0013229
-0.0027591  0.0008705
-0.0029525  0.0009652
-0.0029317  0.0008582
-0.0030864  0.0005473
-0.0031829  0.0007627
-0.0033190  0.0007996
-0.0039460  0.0006629
-0.0037096  0.0006231
-0.0034211  0.0004627
-0.0028703  0.0000321
-0.0019594 -0.0001472
-0.0015639 -0.0002031
-0.0010752 -0.0000478
-0.0009157  0.0000198
-0.0010733 -0.0000392
-0.0014524  0.0000064
-0.0016857 -0.0005431
-0.0016425 -0.0008649
-0.0013625 -0.0008942
-0.0012834 -0.0012467
-0.0009093 -0.0014318
-0.0006158 -0.0008771
-0.0003582 -0.0011571
-0.0003516 -0.0014435
-0.0003286 -0.0015006
-0.0001663 -0.0019766
-0.0001959 -0.0023219
 0.0004151 -0.0028843
 0.0005605 -0.0031115
 0.0011183 -0.0032813
 0.0013758 -0.0034131
 0.0017443 -0.0032581
 0.0020598 -0.0030548
 0.0024823 -0.0027867
 0.0028651 -0.0024409
 0.0031929 -0.0022210
 0.0032313 -0.0017059
 0.0031138 -0.0013023
 0.0029593 -0.0013437
 0.0030068 -0.0013552
 0.0027100 -0.0015390
 0.0026135 -0.0014913
 0.0025352 -0.0016371
 0.0023715 -0.0014566
 0.0022733 -0.0013529
 0.0022723 -0.0011889
 0.0020402 -0.0009475
 0.0016523 -0.0010044
 0.0015526 -0.0008671
 0.0012710 -0.0012107
 0.0014607 -0.0011606
 0.0017554 -0.0013879
 0.0017552 -0.0013679
 0.0021590 -0.0013867
 0.0022769 -0.0013562
 0.0021350 -0.0010974
 0.0023284 -0.0007689
 0.0019822 -0.0006260
 0.0014010 -0.0005572
 0.0010453 -0.0004035
 0.0004976 -0.0003755
-0.0001631 -0.0002592
-0.0003928 -0.0001720
-0.0007364 -0.0000973
-0.0007257 -0.0002871
-0.0007655 -0.0001647
-0.0006028  0.0000581
-0.0007320  0.0003646
-0.0009838  0.0004655
-0.0013479  0.0003523
-0.0016273  0.0003002
-0.0016168  0.0001137
-0.0020280  0.0000687
-0.0021528  0.0001689
-0.0021106  0.0000728
-0.0021178  0.0002539
-0.0019634  0.0000445
-0.0021215 -0.0000051
-0.0023009 -0.0002268
-0.0023364 -0.0005653
-0.0024365 -0.0008365
-0.0022215 -0.0011619
-0.0019722 -0.0013099
-0.0016171 -0.0016029
-0.0013004 -0.0015143
-0.0010662 -0.0012949
-0.0011094 -0.0010946
-0.0013410 -0.0009878
-0.0015354 -0.0008998
-0.0018709 -0.0010768
-0.0020607 -0.0013130
-0.0022512 -0.0013786
-0.0022218 -0.0015972
-0.0026423 -0.0015776
-0.0027369 -0.0019802
-0.0030240 -0.0019335
-0.0026901 -0.0020381
-0.0025274 -0.0021798
-0.0022111 -0.0020966
-0.0016272 -0.0020213
-0.0012364 -0.0020442
-0.0008805 -0.0019041
-0.0005359 -0.0017521
-0.0002888 -0.0017656
-0.0003728 -0.0018862
-0.0000653 -0.0019932
 0.0000671 -0.0019187
 0.0003733 -0.0016339
 0.0005637 -0.0011550
 0.0006408 -0.0006576
 0.0006305  0.0002332
 0.0009343  0.0009818
 0.0007540  0.0016056
 0.0006131  0.0019990
 0.0008663  0.0018454
 0.0010294  0.0020574
 0.0007537  0.0017641
 0.0011172  0.0014407
 0.0010595  0.0011851
 0.0007228  0.0009084
 0.0007432  0.0007011
 0.0008112  0.0003187
 0.0008237  0.0002420
 0.0009279 -0.0001619
 0.0010226 -0.0003824
 0.0011746 -0.0008736
 0.0018248 -0.0010359
 0.0019944 -0.0010423
 0.0026514 -0.0008551
 0.0031014 -0.0004122
 0.0033953  0.0005239
 0.0032691  0.0013151
 0.0031936  0.0019796
 0.0029546  0.0024526
 0.0027661  0.0024904
 0.0025087  0.0028630
 0.0026456  0.0027567
 0.0029423  0.0028105
 0.0031731  0.0028991
 0.0036499  0.0030802
 0.0036362  0.0034524
 0.0038637  0.0035663
 0.0034447  0.0036059
 0.0030468  0.0040016
 0.0026895  0.0039456
 0.0022266  0.0036049
 0.0019070  0.0031586
 0.0012547  0.0026222
 0.0014449  0.0017701
 0.0012999  0.0011500
 0.0014150  0.0007121
 0.0014039  0.0004063
 0.0018272  0.0004120
 0.0016369  0.0007588
 0.0016310  0.0008194
 0.0017661  0.0009666
 0.0014421  0.0013511
 0.0012701  0.0017932
 0.0011932  0.0020686
 0.0009255  0.0020676
 0.0007055  0.0022394
 0.0003724  0.0020179
-0.0000374  0.0017385
-0.0003333  0.0012659
-0.0002822  0.0006316
-0.0002675  0.0000237
-0.0002099 -0.0001884
 0.0000245 -0.0001935
 0.0002457 -0.0004158
 0.0003971 -0.0002242
 0.0004668 -0.0005113
 0.0004668 -0.0004800
 0.0007853 -0.0005720
 0.0009408 -0.0007079
 0.0011447 -0.0004860
 0.0014225 -0.0006225
 0.0015182 -0.0005086
 0.0014610 -0.0006653
 0.0014396 -0.0008002
 0.0013056 -0.0009475
 0.0013831 -0.0008244
 0.0014386 -0.0012102
 0.0018300 -0.0014535
 0.0021003 -0.0015639
 0.0027514 -0.0014981
 0.0033257 -0.0013247
 0.0036614 -0.0010372
 0.0036394 -0.0006242
 0.0036216 -0.0005903
 0.0036509 -0.0003403
 0.0031919 -0.0002507
 0.0029260 -0.0005085
 0.0025618 -0.0005823
 0.0023137 -0.0010043
 0.0020555 -0.0014912
 0.0018793 -0.0019898
 0.0016778 -0.0021238
 0.0016935 -0.0027680
 0.0016031 -0.0028209
 0.0015209 -0.0030287
 0.0015140 -0.0029377
 0.0017982 -0.0025305
 0.0018311 -0.0025628
 0.0016758 -0.0020745
 0.0018266 -0.0014901
 0.0019217 -0.0013920
 0.0017695 -0.0010837
 0.0018646 -0.0010019
 0.0017996 -0.0009512
 0.0018270 -0.0006571
 0.0016635 -0.0003771
 0.0017994 -0.0002416
 0.0018680  0.0001430
 0.0016742  0.0005358
 0.0016833  0.0009386
 0.0013266  0.0011697
 0.0011936  0.0015741
 0.0010125  0.0019704
 0.0007478  0.0017019
 0.0006342  0.0014362
 0.0004943  0.0011839
 0.0005912  0.0008465
 0.0009358  0.0006646
 0.0009667  0.0005378
 0.0010642  0.0006049
 0.0008991  0.0006927
 0.0006918  0.0006352
 0.0008079  0.0007708
 0.0006288  0.0007317
 0.0005848  0.0008473
 0.0005287  0.0012307
 0.0003967  0.0011526
 0.0004175  0.0014134
 0.0001420  0.0017588
 0.0000196  0.0016647
-0.0004558  0.0019623
-0.0008637  0.0016548
-0.0014824  0.0013361
-0.0023416  0.0011118
-0.0027687  0.0004096
-0.0033532 -0.0001217
-0.0034892 -0.0004143
-0.0038037 -0.0005217
-0.0037573 -0.0006317
-0.0039291 -0.0004521
-0.0036346 -0.0005855
-0.0036340 -0.0006438
-0.0035102 -0.0005011
-0.0032111 -0.0007795
-0.0029422 -0.0006354
-0.0027603 -0.0005576
-0.0026856 -0.0006551
-0.0025810 -0.0006846
-0.0023610 -0.0006644
-0.0022770 -0.0006749
-0.0020812 -0.0008009
-0.0018577 -0.0007708
-0.0018248 -0.0009257
-0.0018900 -0.0004957
-0.0017924 -0.0002847
-0.0019202 -0.0003635
-0.0020390 -0.0001715
-0.0021123 -0.0001224
-0.0024234 -0.0004478
-0.0023515 -0.0007422
-0.0020843 -0.0010954
-0.0019987 -0.0014862
-0.0016801 -0.0016849
-0.0013704 -0.0015851
-0.0013664 -0.0016326
-0.0011552 -0.0012367
-0.0012644 -0.0007467
-0.0015428 -0.0005741
-0.0016789 -0.0004273
-0.0016809 -0.0002184
-0.0018905 -0.0003523
-0.0019381 -0.0002547
-0.0017061 -0.0003357
-0.0018305  0.0001195
-0.0015648  0.0003831
-0.0012891  0.0008686
-0.0013222  0.0014906
-0.0012132  0.0022653
-0.0013410  0.0027268
-0.0012952  0.0030533
-0.0013841  0.0032535
-0.0012985  0.0030638
-0.0012226  0.0028708
-0.0010118  0.0028518
-0.0010595  0.0025300
-0.0010391  0.0025286
-0.0011636  0.0025038
-0.0013451  0.0024941
-0.0015639  0.0028472
-0.0015930  0.0029687
-0.0019400  0.0032378
-0.0023634  0.0033623
-0.0025160  0.0031990
-0.0024344  0.0030270
-0.0024338  0.0029693
-0.0022173  0.0025153
-0.0019369  0.0023879
-0.0019947  0.0024884
-0.0017659  0.0024670
-0.0015215  0.0029456
-0.0016297  0.0030928
-0.0016511  0.0031352
-0.0019513  0.0034399
-0.0021338  0.0035427
-0.0024877  0.0032138
-0.0023335  0.0032369
-0.0024784  0.0034022
-0.0024213  0.0031547
-0.0024048  0.0030914
-0.0023495  0.0028485
-0.0023418  0.0026957
-0.0021098  0.0024670
-0.0022283  0.0023333
-0.0021807  0.0022982
-0.0022261  0.0022041
-0.0022067  0.0022072
-0.0021149  0.0020152
-0.0022394  0.0018561
-0.0023761  0.0018067
-0.0021124  0.0011853
-0.0022788  0.0008910
-0.0021464  0.0006052
-0.0019389  0.0000531
-0.0017099 -0.0002825
-0.0015747 -0.0010746
-0.0011326 -0.0016285
-0.0007857 -0.0020514
-0.0007201 -0.0026001
-0.0004486 -0.0028665
-0.0008051 -0.0032375
-0.0010183 -0.0032448
-0.0012947 -0.0035842
-0.0017186 -0.0038162
-0.0017654 -0.0038846
-0.0021833 -0.0041745
-0.0018558 -0.0040112
-0.0014420 -0.0044446
-0.0009934 -0.0045339
-0.0003711 -0.0044229
 0.0002121 -0.0043278
 0.0005262 -0.0042467
 0.0011666 -0.0040844
 0.0016163 -0.0038926
 0.0018652 -0.0037323
 0.0019587 -0.0033574
 0.0022393 -0.0031741
 0.0024606 -0.0027176
 0.0025546 -0.0022000
 0.0028163 -0.0019202
 0.0029309 -0.0014493
 0.0031613 -0.0011446
 0.0037659 -0.0008953
 0.0040253 -0.0005423
 0.0046355 -0.0003436
 0.0050189 -0.0001720
 0.0049517  0.0002386
 0.0048847  0.0001800
 0.0047230  0.0003732
 0.0043039  0.0003029
 0.0043251  0.0002341
 0.0041511  0.0000980
 0.0043212  0.0002987
 0.0041955  0.0000871
 0.0043727  0.0003968
 0.0043808  0.0004939
 0.0042851  0.0000660
 0.0042496  0.0001833
 0.0042617 -0.0001841
 0.0040517 -0.0002417
 0.0037780 -0.0000117
 0.0036512  0.0001520
 0.0032897  0.0005337
 0.0032519  0.0009439
 0.0031575  0.0014430
 0.0031492  0.0018338
 0.0029813  0.0021188
 0.0028398  0.0023677
 0.0026026  0.0024820
 0.0021419  0.0022226
 0.0020577  0.0020312
 0.0019045  0.0016287
 0.0020771  0.0015078
 0.0023797  0.0010305
 0.0022531  0.0010198
 0.0026460  0.0010778
 0.0023712  0.0013170
 0.0020050  0.0013529
 0.0016141  0.0012956
 0.0008365  0.0013249
 0.0002840  0.0008943
-0.0003457  0.0003835
-0.0006979  0.0000103
-0.0010469 -0.0005275
-0.0009359 -0.0009717
-0.0009149 -0.0009448
-0.0011868 -0.0010512
-0.0011837 -0.0012703
-0.0013947 -0.0014521
-0.0014617 -0.0017776
-0.0012526 -0.0023133
-0.0011282 -0.0029543
-0.0008859 -0.0033271
-0.0006126 -0.0037938
-0.0004392 -0.0040040
-0.0002733 -0.0040028
-0.0000924 -0.0040211
-0.0000601 -0.0041067
 0.0000477 -0.0038211
 0.0002999 -0.0035260
 0.0001931 -0.0035074
 0.0000972 -0.0034917
 0.0002216 -0.0036473
 0.0002775 -0.0034965
 0.0003901 -0.0035242
 0.0007989 -0.0038131
 0.0011729 -0.0038706
 0.0015621 -0.0041486
 0.0020396 -0.0043686
 0.0021584 -0.0045822
 0.0024166 -0.0047577
 0.0028739 -0.0047748
 0.0027442 -0.0047932
 0.0025987 -0.0047274
 0.0026564 -0.0050423
 0.0025220 -0.0050338
 0.0023780 -0.0052809
 0.0022615 -0.0052803
 0.0023736 -0.0052613
 0.0026400 -0.0051626
 0.0025887 -0.0049407
 0.0027613 -0.0046094
 0.0027325 -0.0045115
 0.0026362 -0.0043706
 0.0025417 -0.0042677
 0.0021618 -0.0042887
 0.0021646 -0.0040234
 0.0017115 -0.0041526
 0.0016079 -0.0038670
 0.0017264 -0.0035234
 0.0017757 -0.0034279
 0.0019465 -0.0028839
 0.0023104 -0.0025944
 0.0023159 -0.0023164
 0.0025531 -0.0018063
 0.0026384 -0.0018351
 0.0026445 -0.0015574
 0.0029188 -0.0013545
 0.0028189 -0.0012806
 0.0027740 -0.0010206
 0.0027124 -0.0007511
 0.0022596 -0.0008084
 0.0021900 -0.0004527
 0.0019972 -0.0002222
 0.0019949 -0.0001450
 0.0020516 -0.0001810
 0.0019723  0.0004624
 0.0019420  0.0005969
 0.0017292  0.0012051
 0.0015835  0.0014664
 0.0011731  0.0017482
 0.0006288  0.0018582
 0.0002063  0.0020642
-0.0001060  0.0021144
-0.0004621  0.0021163
-0.0003091  0.0020216
-0.0004269  0.0020040
-0.0005594  0.0021405
-0.0004887  0.0019080
-0.0004436  0.0014572
-0.0006592  0.0014446
-0.0007117  0.0014113
-0.0006692  0.0012853
-0.0009157  0.0013612
-0.0010897  0.0014557
-0.0012981  0.0014347
-0.0014440  0.0013598
-0.0012417  0.0013897
-0.0014030  0.0011888
-0.0008362  0.0013542
-0.0005289  0.0012312
 0.0001072  0.0013387
 0.0005487  0.0016784
 0.0007498  0.0015482
 0.0005762  0.0013874
 0.0004720  0.0015028
 0.0003765  0.0016308
-0.0000529  0.0014865
-0.0002212  0.0014695
-0.0008343  0.0012481
-0.0012923  0.0011247
-0.0017250  0.0011419
-0.0019464  0.0007315
-0.0019561  0.0003122
-0.0018340 -0.0000332
-0.0015453 -0.0004375
-0.0010438 -0.0009045
-0.0008357 -0.0010308
-0.0006421 -0.0013484
-0.0003716 -0.0017796
 0.0000233 -0.0021539
 0.0002268 -0.0028659
 0.0007432 -0.0033470
 0.0011457 -0.0037816
 0.0014546 -0.0039976
 0.0015670 -0.0041166
 0.0016178 -0.0041901
 0.0016732 -0.0042309
 0.0016776 -0.0039860
 0.0014165 -0.0036241
 0.0012920 -0.0039144
 0.0011002 -0.0036374
 0.0010653 -0.0038611
 0.0007494 -0.0036451
 0.0007681 -0.0033217
 0.0009754 -0.0030141
 0.0010097 -0.0023897
 0.0010238 -0.0018698
 0.0011561 -0.0011288
 0.0011179 -0.0007527
 0.0010509 -0.0004801
 0.0008894 -0.0004244
 0.0007632 -0.0004244
 0.0010491 -0.0004827
 0.0012029 -0.0008897
 0.0012194 -0.0008211
 0.0014871 -0.0007854
 0.0014679 -0.0007773
 0.0016849 -0.0005266
 0.0018464 -0.0004379
 0.0017416 -0.0003887
 0.0016866 -0.0002429
 0.0015402  0.0000498
 0.0010363  0.0003979
 0.0007987  0.0003044
 0.0005985  0.0006391
 0.0003998  0.0008816
 0.0002664  0.0013610
 0.0004612  0.0015536
 0.0004526  0.0019095
 0.0005993  0.0023302
 0.0007707  0.0021560
 0.0008274  0.0021267
 0.0004721  0.0020859
 0.0003443  0.0018816
 0.0001386  0.0019113
-0.0001148  0.0017413
-0.0003277  0.0018356
-0.0005391  0.0019162
-0.0008205  0.0019013
-0.0007139  0.0018664
-0.0011086  0.0017533
-0.0012330  0.0015920
-0.0017199  0.0014491
-0.0022274  0.0009200
-0.0024482  0.0004169
-0.0026394  0.0000327
-0.0028207 -0.0001904
-0.0029574 -0.0004136
-0.0029182 -0.0004346
-0.0028122 -0.0004015
-0.0026761 -0.0002774
-0.0027088 -0.0003343
-0.0023055 -0.0003876
-0.0022719 -0.0007542
-0.0018825 -0.0008965
-0.0016515 -0.0008398
-0.0013584 -0.0009760
-0.0010788 -0.0008840
-0.0010144 -0.0008974
-0.0005836 -0.0010540
-0.0003097 -0.0009424
 0.0000874 -0.0008189
 0.0003157 -0.0007765
 0.0001774 -0.0006550
 0.0002813 -0.0004667
 0.0000698 -0.0005392
 0.0001541 -0.0006437
 0.0003047 -0.0010372
 0.0003641 -0.0014010
 0.0005738 -0.0019446
 0.0007930 -0.0024222
 0.0008704 -0.0029279
 0.0012925 -0.0034251
 0.0011011 -0.0039500
 0.0011326 -0.0043737
 0.0009314 -0.0047223
 0.0007864 -0.0052185
 0.0005197 -0.0051709
 0.0007303 -0.0050841
 0.0004545 -0.0047853
 0.0004881 -0.0041867
 0.0005014 -0.0038401
 0.0003349 -0.0033235
-0.0000609 -0.0029280
-0.0001278 -0.0028612
-0.0001647 -0.0028210
-0.0001346 -0.0027041
 0.0002641 -0.0025852
 0.0002639 -0.0023698
 0.0005751 -0.0019959
 0.0004768 -0.0016778
 0.0007132 -0.0009769
 0.0004701 -0.0007261
 0.0003161 -0.0005362
 0.0003128 -0.0005560
 0.0004590 -0.0004027
 0.0003936  0.0000777
 0.0003468  0.0002033
 0.0002075  0.0005675
 0.0000266  0.0009870
-0.0001932  0.0011664
-0.0003642  0.0009058
-0.0006428  0.0010267
-0.0008709  0.0006520
-0.0008529  0.0002686
-0.0008448  0.0001322
-0.0005683  0.0000058
-0.0005398 -0.0000505
-0.0006448  0.0001800
-0.0007130  0.0004051
-0.0011830  0.0008967
-0.0014014  0.0008707
-0.0014973  0.0011442
-0.0018395  0.0014923
-0.0018588  0.0015817
-0.0019222  0.0021203
-0.0015677  0.0025053
-0.0017718  0.0030052
-0.0018869  0.0031087
-0.0019021  0.0032825
-0.0022297  0.0031733
-0.0025485  0.0028549
-0.0026456  0.0023720
-0.0028765  0.0019481
-0.0033362  0.0014454
-0.0036899  0.0012231
-0.0040518  0.0007499
-0.0040587  0.0004047
-0.0041931  0.0002406
-0.0038298  0.0000985
-0.0039745 -0.0001102
-0.0035564 -0.0001960
-0.0030598 -0.0004223
-0.0030421 -0.0006983
-0.0029844 -0.0008531
-0.0030881 -0.0011779
-0.0031345 -0.0014375
-0.0034462 -0.0018528
-0.0037894 -0.0020062
-0.0039862 -0.0023434
-0.0044654 -0.0028129
-0.0045916 -0.0029092
-0.0046992 -0.0030303
-0.0044443 -0.0032069
-0.0042616 -0.0032223
-0.0039927 -0.0032549
-0.0038643 -0.0030966
-0.0035515 -0.0033157
-0.0036928 -0.0031822
-0.0039379 -0.0032618
-0.0041068 -0.0034776
-0.0039619 -0.0034144
-0.0041545 -0.0032540
-0.0039742 -0.0032895
-0.0041777 -0.0032346
-0.0039383 -0.0029719
-0.0038137 -0.0029515
-0.0036318 -0.0029673
-0.0036292 -0.0030254
-0.0033678 -0.0030399
-0.0031618 -0.0034277
-0.0029379 -0.0036625
-0.0027540 -0.0036983
-0.0023527 -0.0035994
-0.0022233 -0.0032793
-0.0019977 -0.0029383
-0.0018723 -0.0026032
-0.0016011 -0.0021022
-0.0012829 -0.0018488
-0.0009198 -0.0018540
-0.0005189 -0.0015722
-0.0001539 -0.0010481
 0.0001540 -0.0010640
 0.0001643 -0.0004984
 0.0001637 -0.0000926
 0.0003050  0.0004527
 0.0003821  0.0011065
 0.0005823  0.0016076
 0.0007731  0.0019361
 0.0006477  0.0022472
 0.0008016  0.0026317
 0.0003900  0.0025647
 0.0001804  0.0024089
-0.0000659  0.0017637
-0.0000150  0.0012902
 0.0000159  0.0007468
 0.0005129  0.0002104
 0.0009966 -0.0003020
 0.0013326 -0.0002341
 0.0014676  0.0001073
 0.0013515  0.0000251
 0.0011898  0.0004129
 0.0010146  0.0002161
 0.0006863  0.0001027
 0.0004645  0.0002680
 0.0004824 -0.0001036
 0.0007816  0.0000678
 0.0005899  0.0003173
 0.0004308  0.0004903
 0.0003745  0.0007846
 0.0000802  0.0012423
-0.0004088  0.0009988
-0.0006472  0.0006582
-0.0005721  0.0001930
-0.0008307 -0.0002630
-0.0005166 -0.0006405
-0.0000755 -0.0010382
 0.0003390 -0.0010023
 0.0006809 -0.0005035
 0.0006842 -0.0002627
 0.0009137 -0.0000711
 0.0005297  0.0001235
 0.0002606  0.0001082
 0.0000188 -0.0002648
 0.0000101 -0.0007148
-0.0000739 -0.0014058
-0.0000803 -0.0014930
 0.0000570 -0.0018387
 0.0001446 -0.0019392
 0.0000421 -0.0022856
 0.0001971 -0.0025259
-0.0000502 -0.0026331
-0.0003342 -0.0028941
-0.0005466 -0.0030384
-0.0006876 -0.0030768
-0.0009264 -0.0028089
-0.0011990 -0.0029112
-0.0014883 -0.0027738
-0.0016209 -0.0028299
-0.0019332 -0.0029641
-0.0022259 -0.0031922
-0.0025323 -0.0031549
-0.0023276 -0.0030895
-0.0020908 -0.0029453
-0.0018619 -0.0025945
-0.0016437 -0.0021536
-0.0012533 -0.0016849
-0.0013825 -0.0014945
-0.0011938 -0.0012549
-0.0014966 -0.0010916
-0.0017663 -0.0012466
-0.0016438 -0.0013613
-0.0016541 -0.0015070
-0.0014064 -0.0018230
-0.0009695 -0.0019128
-0.0005105 -0.0018654
-0.0000036 -0.0015428
 0.0006561 -0.0013341
 0.0005408 -0.0010224
 0.0010017 -0.0006683
 0.0009050 -0.0003651
 0.0007795  0.0000154
 0.0009611  0.0002631
 0.0012119  0.0002841
 0.0013166  0.0004070
 0.0015203  0.0005629
 0.0020204  0.0008843
 0.0024470  0.0009739
 0.0025168  0.0011986
 0.0028639  0.0016478
 0.0031570  0.0016249
 0.0033615  0.0020022
 0.0033722  0.0022333
 0.0037199  0.0023607
 0.0036609  0.0025812
 0.0037082  0.0024883
 0.0035511  0.0027302
 0.0032232  0.0029236
 0.0026703  0.0027752
 0.0020244  0.0027112
 0.0015692  0.0026816
 0.0010885  0.0026673
 0.0005378  0.0026324
 0.0003862  0.0024049
-0.0001300  0.0022042
 0.0000073  0.0021651
 0.0002112  0.0021073
 0.0004452  0.0021005
 0.0004115  0.0022702
 0.0006170  0.0022212
 0.0006181  0.0025365
 0.0008416  0.0024166
 0.0007830  0.0025195
 0.0007652  0.0023505
 0.0002476  0.0023394
 0.0000254  0.0020792
-0.0003806  0.0017061
-0.0005720  0.0014863
-0.0006982  0.0011359
-0.0008157  0.0009523
-0.0006596  0.0008890
-0.0005629  0.0010158
-0.0004254  0.0011702
-0.0006614  0.0012942
-0.0006765  0.0013456
-0.0009589  0.0013341
-0.0009738  0.0011644
-0.0012865  0.0008466
-0.0014912  0.0005634
-0.0018255  0.0002432
-0.0022169  0.0001412
-0.0027537 -0.0002674
-0.0029665 -0.0004740
-0.0032188 -0.0002378
-0.0030769 -0.0005243
-0.0032043 -0.0002929
-0.0029494 -0.0003705
-0.0030305 -0.0003915
-0.0026611 -0.0005237
-0.0025897 -0.0003517
-0.0023917 -0.0005303
-0.0020451 -0.0007578
-0.0020853 -0.0008513
-0.0018574 -0.0013132
-0.0015525 -0.0013287
-0.0013674 -0.0018457
-0.0010880 -0.0018669
-0.0007719 -0.0022424
-0.0005294 -0.0025150
-0.0005405 -0.0023870
-0.0005995 -0.0025733
-0.0004566 -0.0028021
-0.0005543 -0.0026626
-0.0003912 -0.0027329
-0.0001489 -0.0029001
 0.0001390 -0.0028541
 0.0005419 -0.0025757
 0.0012053 -0.0024669
 0.0017358 -0.0020588
 0.0023243 -0.0017847
 0.0028837 -0.0013956
 0.0032497 -0.0005494
 0.0030214 -0.0004817
 0.0029832  0.0000831
 0.0026092  0.0003720
 0.0020479  0.0007057
 0.0016720  0.0010814
 0.0013935  0.0012364
 0.0012083  0.0015138
 0.0011110  0.0018528
 0.0012953  0.0019246
 0.0014774  0.0019755
 0.0014962  0.0020087
 0.0015549  0.0017422
 0.0017378  0.0014283
 0.0018566  0.0013714
 0.0015804  0.0013922
 0.0019716  0.0016015
 0.0021873  0.0018958
 0.0022617  0.0021833
 0.0022979  0.0025937
 0.0023447  0.0029050
 0.0023326  0.0030229
 0.0022130  0.0034925
 0.0022116  0.0037160
 0.0022805  0.0037256
 0.0019151  0.0038716
 0.0018206  0.0039925
 0.0015840  0.0037618
 0.0011074  0.0036729
 0.0007467  0.0034527
 0.0003393  0.0029708
 0.0000478  0.0025281
-0.0001554  0.0022013
-0.0002684  0.0018268
-0.0002916  0.0016334
-0.0003690  0.0017200
-0.0001584  0.0018042
-0.0002343  0.0020141
-0.0002708  0.0023694
-0.0006152  0.0024931
-0.0010472  0.0023395
-0.0013805  0.0020422
-0.0018121  0.0015183
-0.0022054  0.0012403
-0.0023774  0.0009654
-0.0027012  0.0007839
-0.0031711  0.0003230
-0.0031786  0.0004758
-0.0032331  0.0004351
-0.0036001  0.0006525
-0.0036013  0.0007954
-0.0038308  0.0007940
-0.0039269  0.0008394
-0.0038760  0.0008406
-0.0039477  0.0006480
-0.0041775  0.0005608
-0.0038940  0.0002632
-0.0035218  0.0000345
-0.0036718 -0.0001829
-0.0032630 -0.0004027
-0.0029199 -0.0004768
-0.0025926 -0.0005616
-0.0025000 -0.0004447
-0.0024578 -0.0001187
-0.0022381 -0.0000506
-0.0020829  0.0003661
-0.0020813  0.0004644
-0.0020702  0.0008116
-0.0021931  0.0009743
-0.0019634  0.0011865
-0.0021826  0.0011647
-0.0023554  0.0010288
-0.0022082  0.0009402
-0.0023138  0.0005721
-0.0022769  0.0003557
-0.0019403  0.0000565
-0.0016161 -0.0004538
-0.0012342 -0.0004742
-0.0007475 -0.0004534
-0.0000100 -0.0004421
 0.0005919 -0.0003083
 0.0011665  0.0001694
 0.0018653  0.0002277
 0.0021359  0.0006868
 0.0024716  0.0008590
 0.0028529  0.0009868
 0.0030705  0.0007934
 0.0032485  0.0004879
 0.0034468  0.0003186
 0.0035186  0.0002699
 0.0038492  0.0002507
 0.0042897  0.0001344
 0.0045273  0.0001052
 0.0048572  0.0006756
 0.0052867  0.0006623
 0.0053505  0.0010612
 0.0053953  0.0013547
 0.0050283  0.0015541
 0.0048652  0.0016607
 0.0045184  0.0016626
 0.0040411  0.0013583
 0.0040934  0.0015944
 0.0039996  0.0014054
 0.0038226  0.0014953
 0.0035666  0.0012609
 0.0032317  0.0015494
 0.0030165  0.0014943
 0.0023637  0.0018205
 0.0016638  0.0019647
 0.0007802  0.0020232
 0.0003954  0.0024076
 0.0001636  0.0022550
-0.0001828  0.0026406
-0.0002993  0.0030052
-0.0005977  0.0029293
-0.0007388  0.0027369
-0.0010563  0.0024583
-0.0012448  0.0020884
-0.0014231  0.0013879
-0.0013754  0.0009321
-0.0011315  0.0004869
-0.0011703 -0.0002059
-0.0010179 -0.0002754
-0.0010593 -0.0006153
-0.0010106 -0.0011400
-0.0009795 -0.0008561
-0.0007292 -0.0011482
-0.0006862 -0.0009433
-0.0005846 -0.0007973
-0.0001687 -0.0004818
-0.0000688 -0.0004848
 0.0000852 -0.0002567
 0.0003759 -0.0002830
 0.0006160 -0.0003842
 0.0010379 -0.0006070
 0.0011336 -0.0008221
 0.0016104 -0.0008887
 0.0017741 -0.0008412
 0.0015353 -0.0012058
 0.0016994 -0.0010607
 0.0017182 -0.0012252
 0.0016233 -0.0011013
 0.0014701 -0.0011477
 0.0009896 -0.0013265
 0.0005786 -0.0015847
 0.0003778 -0.0018574
 0.0003903 -0.0024412
 0.0002476 -0.0029607
 0.0004491 -0.0034668
 0.0008124 -0.0039894
 0.0013187 -0.0039735
 0.0014507 -0.0041110
 0.0014663 -0.0044508
 0.0017392 -0.0043866
 0.0017058 -0.0046387
 0.0016174 -0.0050233
 0.0019884 -0.0051089
 0.0021745 -0.0051953
 0.0019537 -0.0051862
 0.0021818 -0.0045404
 0.0021301 -0.0041367
 0.0019765 -0.0035151
 0.0021089 -0.0032070
 0.0024145 -0.0026816
 0.0024032 -0.0022294
 0.0026591 -0.0018458
 0.0027441 -0.0013643
 0.0028673 -0.0010668
 0.0027908 -0.0004492
 0.0027425 -0.0001607
 0.0023259  0.0003082
 0.0019359  0.0007873
 0.0014792  0.0010162
 0.0010993  0.0015063
 0.0007527  0.0015721
 0.0007137  0.0017623
 0.0004426  0.0019813
 0.0003625  0.0021374
 0.0002050  0.0019749
 0.0004454  0.0019967
 0.0004466  0.0021618
 0.0007069  0.0021336
 0.0009788  0.0023738
 0.0011260  0.0024612
 0.0011038  0.0025385
 0.0010083  0.0027519
 0.0008431  0.0029565
 0.0005466  0.0031109
 0.0002789  0.0030933
 0.0000104  0.0031628
-0.0002068  0.0031519
-0.0002720  0.0030630
-0.0002149  0.0030772
-0.0003780  0.0024782
-0.0004464  0.0023576
-0.0001755  0.0019312
-0.0001709  0.0015848
-0.0001845  0.0013279
-0.0002923  0.0011080
-0.0004612  0.0009025
-0.0007432  0.0009557
-0.0009866  0.0012276
-0.0013510  0.0012102
-0.0016118  0.0013649
-0.0019515  0.0013550
-0.0018629  0.0012611
-0.0016285  0.0012504
-0.0013705  0.0014242
-0.0011581  0.0015108
-0.0008383  0.0015708
-0.0005212  0.0015898
-0.0008914  0.0012520
-0.0008980  0.0006969
-0.0010012 -0.0000268
-0.0014491 -0.0006525
-0.0014417 -0.0013071
-0.0017112 -0.0019830
-0.0014554 -0.0024437
-0.0013335 -0.0025782
-0.0009641 -0.0028925
-0.0006906 -0.0027859
-0.0002449 -0.0023339
-0.0000650 -0.0025038
 0.0000505 -0.0024077
 0.0001617 -0.0024269
 0.0003636 -0.0026244
 0.0005281 -0.0029110
 0.0007649 -0.0026623
 0.0008079 -0.0027498
 0.0008955 -0.0025459
 0.0010825 -0.0019786
 0.0008663 -0.0017111
 0.0009180 -0.0013843
 0.0008348 -0.0012807
 0.0011157 -0.0012355
 0.0016046 -0.0014109
 0.0020544 -0.0016655
 0.0027829 -0.0017657
 0.0034406 -0.0017041
 0.0039647 -0.0014968
 0.0041613 -0.0009829
 0.0042599 -0.0007154
 0.0038927 -0.0004457
 0.0037764 -0.0004358
 0.0036983 -0.0001879
 0.0035374 -0.0003220
 0.0034539 -0.0002071
 0.0036141 -0.0001267
 0.0033555  0.0002871
 0.0033654  0.0005585
 0.0036745  0.0009879
 0.0034436  0.0013367
 0.0032522  0.0016491
 0.0032516  0.0018160
 0.0030000  0.0021903
 0.0029310  0.0023908
 0.0028898  0.0028872
 0.0023920  0.0028855
 0.0021895  0.0029596
 0.0015554  0.0032630
 0.0014805  0.0031754
 0.0008291  0.0034429
 0.0003676  0.0035450
-0.0000943  0.0035147
-0.0003715  0.0036203
-0.0007096  0.0039203
-0.0009303  0.0038531
-0.0011532  0.0041658
-0.0009810  0.0041737
-0.0013966  0.0042455
-0.0013892  0.0043562
-0.0015218  0.0041561
-0.0015963  0.0042230
-0.0016229  0.0042906
-0.0017667  0.0042308
-0.0018060  0.0040009
-0.0021058  0.0038733
-0.0024720  0.0035590
-0.0027432  0.0030995
-0.0031086  0.0028640
-0.0029656  0.0024657
-0.0031084  0.0020827
-0.0031634  0.0021237
-0.0029490  0.0020591
-0.0025319  0.0019536
-0.0026912  0.0022873
-0.0026409  0.0020307
-0.0028385  0.0019187
-0.0030883  0.0016451
-0.0032134  0.0011732
-0.0034710  0.0006617
-0.0037983  0.0001871
-0.0038651 -0.0003167
-0.0038433 -0.0009862
-0.0034665 -0.0015623
-0.0033973 -0.0021504
-0.0029465 -0.0023842
-0.0025894 -0.0024922
-0.0025252 -0.0030603
-0.0024883 -0.0033391
-0.0024247 -0.0034404
-0.0023413 -0.0041425
-0.0025150 -0.0045634
-0.0023737 -0.0046397
-0.0022386 -0.0050029
-0.0021617 -0.0049009
-0.0021641 -0.0046456
-0.0018930 -0.0046115
-0.0018185 -0.0045562
-0.0016158 -0.0043000
-0.0016237 -0.0044914
-0.0013727 -0.0044751
-0.0010725 -0.0044759
-0.0008200 -0.0048193
-0.0005519 -0.0050189
-0.0001215 -0.0051909
 0.0002047 -0.0054493
 0.0007126 -0.0053360
 0.0013958 -0.0054711
 0.0016461 -0.0051584
 0.0021942 -0.0051330
 0.0025429 -0.0045345
 0.0027062 -0.0041249
 0.0028685 -0.0033699
 0.0031499 -0.0026359
 0.0031372 -0.0018201
 0.0030776 -0.0011033
 0.0028999 -0.0004486
 0.0023908 -0.0001020
 0.0021114  0.0000813
 0.0019215  0.0001229
 0.0018544 -0.0001532
 0.0021718  0.0000482
 0.0024889  0.0000963
 0.0025002  0.0001429
 0.0027098  0.0007011
 0.0026415  0.0009979
 0.0027536  0.0012552
 0.0028686  0.0014392
 0.0029526  0.0015451
 0.0028940  0.0019749
 0.0029718  0.0019560
 0.0029205  0.0021172
 0.0027343  0.0021629
 0.0028478  0.0022010
 0.0026897  0.0022894
 0.0024182  0.0022141
 0.0023963  0.0022168
 0.0022439  0.0021639
 0.0021476  0.0021449
 0.0017568  0.0024629
 0.0016236  0.0026072
 0.0011082  0.0030663
 0.0006229  0.0032972
-0.0002072  0.0029793
-0.0007601  0.0030941
-0.0009777  0.0027056
-0.0010354  0.0023420
-0.0008820  0.0021353
-0.0007492  0.0019956
-0.0006335  0.0020384
-0.0006272  0.0022638
-0.0005709  0.0022006
-0.0009208  0.0022398
-0.0010746  0.0021824
-0.0012091  0.0018948
-0.0011453  0.0015578
-0.0011003  0.0014512
-0.0009564  0.0012788
-0.0010083  0.0013570
-0.0006824  0.0013765
-0.0007180  0.0014062
-0.0007759  0.0017912
-0.0005278  0.0018092
-0.0006394  0.0019793
-0.0007180  0.0018707
-0.0005472  0.0016369
-0.0005488  0.0013852
-0.0004947  0.0012467
-0.0004110  0.0010900
-0.0002888  0.0011164
-0.0000966  0.0013209
-0.0000868  0.0008788
 0.0000566  0.0009125
-0.0000645  0.0008230
 0.0003513  0.0001330
 0.0004583 -0.0002600
 0.0006633 -0.0004799
 0.0007341 -0.0006906
 0.0010614 -0.0010653
 0.0011971 -0.0011486
 0.0007745 -0.0011874
 0.0007269 -0.0016182
 0.0002856 -0.0018601
 0.0000020 -0.0029153
-0.0000533 -0.0033225
 0.0000289 -0.0040256
 0.0003266 -0.0045291
 0.0007310 -0.0047748
 0.0011141 -0.0045508
 0.0019582 -0.0041575
 0.0020312 -0.0041202
 0.0025179 -0.0035051
 0.0026378 -0.0029529
 0.0024047 -0.0024409
 0.0020754 -0.0017947
 0.0018903 -0.0012230
 0.0014586 -0.0007334
 0.0012392 -0.0001264
 0.0010224  0.0003058
 0.0008329  0.0006218
 0.0006056  0.0008933
 0.0001883  0.0012094
 0.0001623  0.0018831
-0.0002461  0.0019980
-0.0007693  0.0019015
-0.0011523  0.0018893
-0.0013471  0.0017652
-0.0012217  0.0012765
-0.0006855  0.0010140
 0.0000620  0.0008166
 0.0004625  0.0009595
 0.0011787  0.0013820
 0.0015790  0.0014392
 0.0016903  0.0018899
 0.0019545  0.0023312
 0.0016767  0.0022386
 0.0015316  0.0025281
 0.0014292  0.0026054
 0.0012013  0.0025493
 0.0008521  0.0026456
 0.0006165  0.0030197
 0.0002593  0.0027481
-0.0000847  0.0029371
-0.0003237  0.0033200
-0.0005537  0.0031091
-0.0007455  0.0035388
-0.0009603  0.0035318
-0.0011854  0.0036178
-0.0013118  0.0039343
-0.0015857  0.0038485
-0.0018771  0.0038677
-0.0020919  0.0037434
-0.0019974  0.0036967
-0.0019231  0.0038819
-0.0021914  0.0037672
-0.0020727  0.0037127
-0.0022548  0.0038575
-0.0024922  0.0036269
-0.0024304  0.0031267
-0.0027075  0.0024920
-0.0026995  0.0019406
-0.0024302  0.0013622
-0.0026448  0.0008515
-0.0025626  0.0002729
-0.0025643 -0.0005082
-0.0028084 -0.0009886
-0.0027048 -0.0014392
-0.0027795 -0.0019705
-0.0028164 -0.0021702
-0.0024577 -0.0023591
-0.0022459 -0.0025022
-0.0021088 -0.0027990
-0.0016459 -0.0029431
-0.0014757 -0.0031205
-0.0013237 -0.0031195
-0.0011241 -0.0033167
-0.0010797 -0.0029879
-0.0012493 -0.0027458
-0.0014713 -0.0023626
-0.0016203 -0.0024186
-0.0019736 -0.0020122
-0.0024695 -0.0020042
-0.0027257 -0.0022955
-0.0029833 -0.0026441
-0.0028321 -0.0029802
-0.0024772 -0.0035576
-0.0021138 -0.0038564
-0.0015720 -0.0040082
-0.0010948 -0.0041321
-0.0009521 -0.0038122
-0.0005922 -0.0035330
-0.0005082 -0.0034136
-0.0007400 -0.0030521
-0.0006911 -0.0031080
-0.0008815 -0.0032517
-0.0007254 -0.0031532
-0.0008538 -0.0034780
-0.0005055 -0.0036785
-0.0005237 -0.0032834
-0.0001969 -0.0035497
-0.0003872 -0.0033490
-0.0000170 -0.0031944
 0.0001459 -0.0032515
-0.0000259 -0.0029820
 0.0004065 -0.0030094
 0.0006516 -0.0027453
 0.0010201 -0.0025461
 0.0010904 -0.0022978
 0.0015745 -0.0019887
 0.0017570 -0.0015779
 0.0020527 -0.0011950
 0.0023208 -0.0009840
 0.0021839 -0.0006873
 0.0020638 -0.0006966
 0.0020522 -0.0007426
 0.0018092 -0.0008070
 0.0016473 -0.0010181
 0.0015901 -0.0010922
 0.0012456 -0.0009030
 0.0013887 -0.0008946
 0.0012413 -0.0008591
 0.0012201 -0.0005876
 0.0014550 -0.0006508
 0.0016621 -0.0003758
 0.0014976 -0.0000357
 0.0017457  0.0001092
 0.0016137  0.0001328
 0.0012812  0.0001857
 0.0012356  0.0001919
 0.0009601 -0.0001216
 0.0010079 -0.0000195
 0.0011022 -0.0000597
 0.0011016 -0.0001067
 0.0010884  0.0000403
 0.0010842  0.0001021
 0.0011881  0.0002208
 0.0010896  0.0004663
 0.0009449  0.0005499
 0.0004196  0.0004357
 0.0000756  0.0007508
-0.0004577  0.0007011
-0.0011764  0.0005341
-0.0011631  0.0004114
-0.0015343 -0.0001859
-0.0016693 -0.0003810
-0.0014663 -0.0009038
-0.0010720 -0.0014134
-0.0008253 -0.0015902
-0.0006636 -0.0014187
-0.0004922 -0.0014098
-0.0004710 -0.0013252
-0.0004712 -0.0012545
-0.0006882 -0.0014360
-0.0006559 -0.0013649
-0.0005875 -0.0017166
-0.0009252 -0.0019144
-0.0010331 -0.0020644
-0.0007311 -0.0023357
-0.0008197 -0.0024404
-0.0007684 -0.0024955
-0.0004991 -0.0022656
-0.0004834 -0.0020554
-0.0007537 -0.0017785
-0.0005472 -0.0018140
-0.0008006 -0.0016008
-0.0007564 -0.0014193
-0.0005581 -0.0014395
-0.0004542 -0.0009425
-0.0000380 -0.0007560
 0.0002287 -0.0008535
 0.0005303 -0.0005142
 0.0007782 -0.0006014
 0.0007665 -0.0007443
 0.0008246 -0.0006656
 0.0011323 -0.0001934
 0.0007522 -0.0001530
 0.0008329  0.0003493
 0.0009494  0.0008194
 0.0010822  0.0011669
 0.0012037  0.0015882
 0.0017466  0.0018696
 0.0017215  0.0020731
 0.0017041  0.0022667
 0.0018159  0.0022235
 0.0011986  0.0021767
 0.0009928  0.0019187
 0.0007322  0.0017469
 0.0000321  0.0015440
-0.0000932  0.0016641
-0.0001393  0.0014528
-0.0002933  0.0012985
-0.0003500  0.0016441
-0.0002521  0.0015311
-0.0002059  0.0016464
 0.0001676  0.0018628
 0.0003123  0.0019325
 0.0001135  0.0021071
 0.0003356  0.0021572
 0.0002435  0.0025207
 0.0001832  0.0025952
 0.0000793  0.0026305
 0.0000435  0.0028126
-0.0000891  0.0028560
-0.0001099  0.0029301
-0.0001379  0.0030437
-0.0000136  0.0033397
 0.0000918  0.0037208
 0.0000219  0.0036420
-0.0002565  0.0034006
-0.0000290  0.0033931
 0.0000748  0.0034971
-0.0001727  0.0032748
 0.0000756  0.0031024
 0.0000290  0.0031188
-0.0000344  0.0028591
-0.0004289  0.0025949
-0.0006961  0.0024374
-0.0011170  0.0019450
-0.0016914  0.0013276
-0.0018623  0.0005964
-0.0022530  0.0000776
-0.0021554 -0.0004495
-0.0021346 -0.0007856
-0.0019521 -0.0011094
-0.0020444 -0.0011734
-0.0022755 -0.0010401
-0.0022073 -0.0008725
-0.0024671 -0.0007201
-0.0030414 -0.0004030
-0.0034636 -0.0001559
-0.0038867 -0.0003130
-0.0041465 -0.0003790
-0.0046183 -0.0008506
-0.0045898 -0.0011156
-0.0043908 -0.0015743
-0.0039870 -0.0015319
-0.0034567 -0.0016948
-0.0031210 -0.0015405
-0.0029183 -0.0013132
-0.0029663 -0.0011055
-0.0030723 -0.0011362
-0.0031392 -0.0009957
-0.0033598 -0.0008932
-0.0036838 -0.0011272
-0.0034736 -0.0012265
-0.0034444 -0.0012080
-0.0033396 -0.0012015
-0.0029560 -0.0012308
-0.0024881 -0.0014385
-0.0022990 -0.0014078
-0.0020822 -0.0012301
-0.0016637 -0.0012236
-0.0015779 -0.0009604
-0.0013894 -0.0007163
-0.0013605 -0.0003838
-0.0014942 -0.0002017
-0.0011756 -0.0000961
-0.0011847  0.0000198
-0.0010649  0.0002747
-0.0008451  0.0000725
-0.0008524 -0.0000245
-0.0005837 -0.0000741
-0.0005187 -0.0002063
-0.0006226 -0.0002925
-0.0007571 -0.0002796
-0.0004393 -0.0005343
-0.0005404 -0.0006276
-0.0003008 -0.0007417
-0.0002889 -0.0007112
-0.0001145 -0.0005547
 0.0000188 -0.0003029
 0.0001718 -0.0001495
 0.0003436  0.0002068
 0.0004803  0.0001178
 0.0005749  0.0002801
 0.0007183  0.0004836
 0.0007483  0.0006838
 0.0006242  0.0006271
 0.0007984  0.0008665
 0.0007262  0.0008399
 0.0005974  0.0006358
 0.0004250  0.0005120
 0.0003804  0.0003885
 0.0002179  0.0003515
-0.0004116  0.0003162
-0.0006817  0.0002854
-0.0010685  0.0001378
-0.0017522 -0.0004132
-0.0021776 -0.0009740
-0.0026391 -0.0014416
-0.0029748 -0.0016428
-0.0030307 -0.0019796
-0.0034514 -0.0018968
-0.0032937 -0.0020626
-0.0030430 -0.0018161
-0.0031282 -0.0016742
-0.0028205 -0.0014525
-0.0026003 -0.0013865
-0.0023685 -0.0012733
-0.0023011 -0.0011485
-0.0018017 -0.0009458
-0.0018646 -0.0008691
-0.0013724 -0.0008669
-0.0015697 -0.0010879
-0.0017081 -0.0012264
-0.0018789 -0.0013694
-0.0021649 -0.0016223
-0.0022889 -0.0017899
-0.0024336 -0.0020134
-0.0023937 -0.0021521
-0.0022277 -0.0023863
-0.0019124 -0.0026413
-0.0016257 -0.0029625
-0.0014943 -0.0033037
-0.0011031 -0.0036782
-0.0013161 -0.0040121
-0.0012214 -0.0042490
-0.0012402 -0.0043423
-0.0012670 -0.0042761
-0.0009573 -0.0041832
-0.0007062 -0.0041483
-0.0006678 -0.0039023
-0.0003798 -0.0036467
-0.0004193 -0.0036098
-0.0002282 -0.0035613
-0.0005376 -0.0036794
-0.0005381 -0.0040323
-0.0008665 -0.0043690
-0.0010857 -0.0045707
-0.0011451 -0.0047806
-0.0013555 -0.0046575
-0.0011635 -0.0046286
-0.0013155 -0.0044294
-0.0010169 -0.0042112
-0.0007698 -0.0038511
-0.0007496 -0.0034142
-0.0005488 -0.0032443
-0.0001769 -0.0025264
-0.0000927 -0.0018958
-0.0001977 -0.0011808
-0.0002016 -0.0003553
-0.0006247 -0.0000420
-0.0009927  0.0006781
-0.0012362  0.0010467
-0.0015179  0.0013871
-0.0018645  0.0016799
-0.0018233  0.0017164
-0.0017943  0.0015378
-0.0016164  0.0015394
-0.0013700  0.0014954
-0.0011895  0.0015647
-0.0008942  0.0017783
-0.0006658  0.0018770
-0.0007327  0.0024657
-0.0009047  0.0027273
-0.0011620  0.0028456
-0.0014491  0.0032797
-0.0015430  0.0034656
-0.0016873  0.0036217
-0.0019354  0.0035258
-0.0019929  0.0035295
-0.0023123  0.0033861
-0.0025778  0.0033865
-0.0026345  0.0032428
-0.0028935  0.0032626
-0.0033039  0.0029428
-0.0029847  0.0024541
-0.0028785  0.0021896
-0.0026977  0.0021377
-0.0023783  0.0019245
-0.0020702  0.0017876
-0.0019242  0.0020799
-0.0017625  0.0022343
-0.0017127  0.0025598
-0.0020367  0.0030980
-0.0021816  0.0030992
-0.0028500  0.0032912
-0.0033307  0.0032821
-0.0035814  0.0029791
-0.0041107  0.0029193
-0.0043718  0.0027590
-0.0043647  0.0023779
-0.0044338  0.0023701
-0.0043500  0.0021494
-0.0040987  0.0016464
-0.0041199  0.0015711
-0.0039180  0.0012103
-0.0037644  0.0006562
-0.0034559  0.0003780
-0.0029995  0.0003506
-0.0027972  0.0002375
-0.0025499  0.0001039
-0.0020434  0.0001059
-0.0018914  0.0001078
-0.0016897  0.0000121
-0.0012951  0.0001584
-0.0011608 -0.0000228
-0.0012064  0.0001851
-0.0011753 -0.0002348
-0.0012022 -0.0002116
-0.0014581 -0.0005528
-0.0011981 -0.0006376
-0.0008535 -0.0006522
-0.0010715 -0.0007350
-0.0009292 -0.0006962
-0.0010255 -0.0005369
-0.0011129 -0.0004744
-0.0011638 -0.0006777
-0.0012831 -0.0010288
-0.0011330 -0.0009068
-0.0006592 -0.0010239
-0.0004412 -0.0009684
 0.0001632 -0.0010843
 0.0004660 -0.0007449
 0.0006588 -0.0002931
 0.0006421 -0.0000608
 0.0006536  0.0001639
 0.0007311  0.0006642
 0.0007063  0.0006644
 0.0005523  0.0008689
 0.0006694  0.0010786
 0.0007665  0.0012799
 0.0009780  0.0011941
 0.0013404  0.0013160
 0.0016022  0.0011257
 0.0019591  0.0008961
 0.0022101  0.0007090
 0.0027990  0.0002475
 0.0027905 -0.0001418
 0.0031369 -0.0003778
 0.0030418 -0.0004083
 0.0030790 -0.0001511
 0.0030709 -0.0000074
 0.0031173  0.0002384
 0.0028464  0.0008186
 0.0026056  0.0012401
 0.0026056  0.0019649
 0.0021917  0.0023801
 0.0019523  0.0031202
 0.0017865  0.0034701
 0.0014109  0.0034176
 0.0009871  0.0034196
 0.0009138  0.0031010
 0.0005781  0.0028794
 0.0004315  0.0029349
 0.0003447  0.0029137
 0.0003039  0.0030257
 0.0000845  0.0032231
 0.0001624  0.0032798
-0.0002523  0.0035760
-0.0003094  0.0035578
-0.0002141  0.0035409
-0.0003271  0.0031765
-0.0002795  0.0029197
-0.0001071  0.0024304
-0.0000273  0.0019406
 0.0000867  0.0016820
 0.0000665  0.0016978
 0.0000108  0.0014230
-0.0002484  0.0012403
-0.0003849  0.0013166
-0.0005966  0.0010073
-0.0005760  0.0008848
-0.0005569  0.0006946
-0.0008258  0.0008377
-0.0008843  0.0005430
-0.0009887  0.0005693
-0.0011395  0.0005965
-0.0013983  0.0000308
-0.0013890 -0.0003075
-0.0016682 -0.0006180
-0.0014990 -0.0012606
-0.0018479 -0.0018634
-0.0020120 -0.0026105
-0.0020623 -0.0031460
-0.0023699 -0.0033378
-0.0025219 -0.0030974
-0.0023673 -0.0033158
-0.0024345 -0.0032690
-0.0019718 -0.0029423
-0.0016373 -0.0029090
-0.0009933 -0.0028234
-0.0007541 -0.0027263
-0.0001495 -0.0026865
-0.0002272 -0.0023694
-0.0000736 -0.0026189
-0.0000348 -0.0026460
-0.0000940 -0.0030784
 0.0001832 -0.0033937
 0.0006063 -0.0036503
 0.0008257 -0.0038802
 0.0013134 -0.0040191
 0.0017755 -0.0042393
 0.0020341 -0.0042674
 0.0025221 -0.0041103
 0.0030076 -0.0041377
 0.0032163 -0.0036094
 0.0036273 -0.0032032
 0.0036075 -0.0027634
 0.0035520 -0.0025427
 0.0034190 -0.0022922
 0.0033265 -0.0019752
 0.0032625 -0.0016014
 0.0033161 -0.0010440
 0.0028308 -0.0006322
 0.0025278 -0.0003284
 0.0018479  0.0000756
 0.0016305  0.0004386
 0.0014678  0.0004212
 0.0015620  0.0006182
 0.0015761  0.0007145
 0.0017659  0.0009358
 0.0022425  0.0009715
 0.0023071  0.0008269
 0.0026006  0.0007706
 0.0025497  0.0006275
 0.0025586  0.0005609
 0.0025099  0.0003889
 0.0021746  0.0004592
 0.0016786  0.0002183
 0.0014574  0.0004394
 0.0010098  0.0004701
 0.0006990  0.0007918
 0.0006342  0.0005807
 0.0004568  0.0005556
 0.0001524  0.0007647
 0.0003072  0.0010413
 0.0003086  0.0012310
 0.0001568  0.0016059
-0.0000325  0.0016055
-0.0003230  0.0016261
-0.0006200  0.0015211
-0.0008881  0.0013881
-0.0011380  0.0010153
-0.0013322  0.0010433
-0.0009131  0.0009598
-0.0010399  0.0013019
-0.0009002  0.0017059
-0.0011803  0.0018428
-0.0014597  0.0017755
-0.0018707  0.0014425
-0.0024666  0.0010415
-0.0030651  0.0004299
-0.0035222 -0.0003193
-0.0038072 -0.0008958
-0.0039342 -0.0011092
-0.0041835 -0.0013913
-0.0041191 -0.0015835
-0.0039431 -0.0014327
-0.0035707 -0.0014104
-0.0032002 -0.0014284
-0.0027812 -0.0015721
-0.0024063 -0.0017645
-0.0019926 -0.0016105
-0.0017350 -0.0016495
-0.0016466 -0.0017365
-0.0016260 -0.0016014
-0.0014003 -0.0014571
-0.0015072 -0.0012271
-0.0014432 -0.0012265
-0.0016947 -0.0007138
-0.0020096 -0.0008993
-0.0021311 -0.0007304
-0.0024593 -0.0007385
-0.0024165 -0.0009826
-0.0023137 -0.0009553
-0.0023109 -0.0008839
-0.0022346 -0.0008304
-0.0020844 -0.0009566
-0.0017421 -0.0010650
-0.0016603 -0.0010644
-0.0013585 -0.0015422
-0.0006996 -0.0016739
-0.0000238 -0.0019554
 0.0003846 -0.0019502
 0.0007770 -0.0021173
 0.0012252 -0.0017755
 0.0011276 -0.0016338
 0.0012246 -0.0011717
 0.0010610 -0.0007687
 0.0010132 -0.0004161
 0.0007265 -0.0002239
 0.0009680 -0.0000232
 0.0008459  0.0001655
 0.0010677  0.0002876
 0.0012985  0.0006411
 0.0013754  0.0007354
 0.0012531  0.0008304
 0.0015123  0.0009164
 0.0013536  0.0008662
 0.0015854  0.0010127
 0.0016439  0.0008593
 0.0016752  0.0008870
 0.0013870  0.0008371
 0.0013746  0.0008060
 0.0012363  0.0007404
 0.0012535  0.0012501
 0.0013084  0.0013016
 0.0014398  0.0015112
 0.0017303  0.0015804
 0.0019315  0.0015901
 0.0021266  0.0010505
 0.0024623  0.0007529
 0.0025875  0.0004745
 0.0023945  0.0003683
 0.0023654  0.0000912
 0.0023648  0.0001473
 0.0020541  0.0002935
 0.0018035  0.0006780
 0.0016864  0.0009376
 0.0014947  0.0011306
 0.0012649  0.0015641
 0.0011585  0.0018760
 0.0009763  0.0021207
 0.0010707  0.0021666
 0.0010808  0.0019724
 0.0010148  0.0021426
 0.0011034  0.0019258
 0.0006384  0.0018796
 0.0001829  0.0018307
-0.0003898  0.0019331
-0.0010135  0.0017090
-0.0016600  0.0014729
-0.0017157  0.0013764
-0.0019591  0.0011929
-0.0019507  0.0011925
-0.0015857  0.0010762
-0.0014395  0.0011086
-0.0011714  0.0009329
-0.0009219  0.0010876
-0.0009633  0.0011661
-0.0008301  0.0009087
-0.0009082  0.0007979
-0.0006975  0.0005712
-0.0006058  0.0004830
-0.0003672  0.0002834
-0.0002893  0.0001949
-0.0000995  0.0003451
-0.0002725  0.0004565
-0.0003594  0.0004737
-0.0000436  0.0005725
-0.0003194  0.0003787
-0.0002885  0.0003198
-0.0002576  0.0001355
-0.0003422 -0.0002893
-0.0005444 -0.0006743
-0.0001692 -0.0013372
-0.0000371 -0.0016859
 0.0000184 -0.0021389
 0.0003428 -0.0023785
 0.0006191 -0.0026656
 0.0005963 -0.0025778
 0.0008091 -0.0027003
 0.0009038 -0.0025034
 0.0007723 -0.0022596
 0.0008436 -0.0022285
 0.0007376 -0.0018633
 0.0006941 -0.0017276
 0.0007048 -0.0019868
 0.0008085 -0.0021105
 0.0010199 -0.0023568
 0.0013958 -0.0025393
 0.0016744 -0.0024257
 0.0018563 -0.0024450
 0.0020581 -0.0023899
 0.0023042 -0.0021374
 0.0023823 -0.0021197
 0.0025995 -0.0017701
 0.0023207 -0.0012066
 0.0023682 -0.0010635
 0.0020064 -0.0009038
 0.0017850 -0.0003976
 0.0018338 -0.0000152
 0.0019192  0.0002387
 0.0018788  0.0005718
 0.0022989  0.0009808
 0.0024315  0.0013516
 0.0026881  0.0018995
 0.0029764  0.0020745
 0.0029364  0.0022595
 0.0030135  0.0023267
 0.0031657  0.0021577
 0.0032435  0.0019960
 0.0032523  0.0017282
 0.0032525  0.0017019
 0.0028962  0.0016906
 0.0028882  0.0015039
 0.0028022  0.0014863
 0.0021616  0.0016388
 0.0016263  0.0013820
 0.0016592  0.0014529
 0.0011135  0.0012048
 0.0008669  0.0012916
 0.0005627  0.0009964
 0.0003913  0.0011932
-0.0001257  0.0009427
-0.0001536  0.0009231
-0.0002277  0.0004990
-0.0003506  0.0004439
-0.0005502  0.0003583
-0.0006134  0.0000270
-0.0003871  0.0003375
-0.0005235  0.0004429
-0.0004336  0.0007588
-0.0004583  0.0008810
-0.0005937  0.0009888
-0.0005642  0.0012149
-0.0006133  0.0010029
-0.0008168  0.0006962
-0.0011168  0.0005412
-0.0009289  0.0001306
-0.0010724 -0.0002453
-0.0015050 -0.0006367
-0.0018333 -0.0007954
-0.0022253 -0.0014547
-0.0026573 -0.0020821
-0.0028873 -0.0026746
-0.0031454 -0.0029969
-0.0030586 -0.0032438
-0.0030316 -0.0032533
-0.0030914 -0.0031102
-0.0028614 -0.0030163
-0.0025889 -0.0027392
-0.0023489 -0.0024067
-0.0018909 -0.0021770
-0.0015838 -0.0019961
-0.0014134 -0.0014894
-0.0011254 -0.0017373
-0.0009612 -0.0019026
-0.0010307 -0.0018098
-0.0010499 -0.0021172
-0.0013171 -0.0023591
-0.0016579 -0.0020359
-0.0018711 -0.0020854
-0.0021431 -0.0022303
-0.0022527 -0.0019517
-0.0020646 -0.0019206
-0.0017973 -0.0017287
-0.0013889 -0.0014583
-0.0007668 -0.0013895
-0.0003905 -0.0011600
 0.0001074 -0.0011684
 0.0004522 -0.0010344
 0.0005176 -0.0011226
 0.0008254 -0.0015760
 0.0008028 -0.0017983
 0.0006960 -0.0021932
 0.0009116 -0.0023093
 0.0007805 -0.0025840
 0.0007500 -0.0026916
 0.0005063 -0.0028527
 0.0006472 -0.0029173
 0.0006476 -0.0026863
 0.0005996 -0.0024711
 0.0004530 -0.0020179
 0.0003115 -0.0017181
 0.0005606 -0.0012933
 0.0001127 -0.0009352
 0.0004220 -0.0006865
 0.0003689 -0.0007705
 0.0006465 -0.0006490
 0.0011677 -0.0004705
 0.0018107 -0.0001730
 0.0020671  0.0000372
 0.0022407  0.0004674
 0.0023267  0.0007573
 0.0022001  0.0010320
 0.0021165  0.0014349
 0.0018081  0.0017323
 0.0016752  0.0020167
 0.0015158  0.0022000
 0.0012386  0.0022551
 0.0009715  0.0019757
 0.0006267  0.0018687
 0.0000795  0.0017926
-0.0004472  0.0012104
-0.0006174  0.0007710
-0.0010492  0.0002156
-0.0011612  0.0001222
-0.0009751 -0.0002289
-0.0007140 -0.0003304
-0.0006329 -0.0002143
-0.0005426  0.0000601
-0.0008357  0.0002531
-0.0012760  0.0006320
-0.0014910  0.0005480
-0.0017750  0.0006835
-0.0018220  0.0006916
-0.0018468  0.0006340
-0.0018450  0.0006564
-0.0019155  0.0006746
-0.0015878  0.0004612
-0.0018971  0.0003249
-0.0018686  0.0002851
-0.0018301 -0.0002628
-0.0017725 -0.0003038
-0.0020208 -0.0003326
-0.0019338 -0.0000643
-0.0018961  0.0001075
-0.0021520 -0.0000058
-0.0021842  0.0001404
-0.0022908 -0.0001620
-0.0019468 -0.0005458
-0.0022163 -0.0011304
-0.0020296 -0.0013333
-0.0017215 -0.0015146
-0.0015717 -0.0017126
-0.0016486 -0.0015752
-0.0014880 -0.0014232
-0.0012881 -0.0011505
-0.0012633 -0.0012593
-0.0009882 -0.0008869
-0.0009312 -0.0006638
-0.0007199 -0.0007110
-0.0007605 -0.0004782
-0.0004994 -0.0004584
-0.0005335 -0.0007352
-0.0003432 -0.0007671
-0.0002562 -0.0011402
-0.0003022 -0.0012732
 0.0001601 -0.0014420
 0.0005336 -0.0014040
 0.0007478 -0.0012168
 0.0011517 -0.0010339
 0.0014332 -0.0004608
 0.0016903 -0.0002594
 0.0022818  0.0002958
 0.0024151  0.0003715
 0.0026258  0.0006208
 0.0029587  0.0006789
 0.0032052  0.0008358
 0.0034197  0.0010387
 0.0035959  0.0013038
 0.0033044  0.0015257
 0.0030718  0.0015715
 0.0028752  0.0017754
 0.0024636  0.0016335
 0.0022462  0.0013483
 0.0022865  0.0013013
 0.0020526  0.0011840
 0.0018043  0.0013925
 0.0017351  0.0015788
 0.0013789  0.0017350
 0.0012124  0.0019609
 0.0009572  0.0020804
 0.0006537  0.0024380
 0.0003236  0.0029439
-0.0000831  0.0030671
-0.0002186  0.0033652
-0.0004792  0.0032118
-0.0006127  0.0032221
-0.0010271  0.0030988
-0.0011321  0.0029445
-0.0012050  0.0026379
-0.0011763  0.0025351
-0.0013428  0.0022198
-0.0010902  0.0021821
-0.0009689  0.0020268
-0.0008574  0.0021011
-0.0006721  0.0022156
-0.0008980  0.0023177
-0.0009642  0.0021637
-0.0012413  0.0020968
-0.0016043  0.0019755
-0.0018060  0.0018239
-0.0020531  0.0016612
-0.0019444  0.0013576
-0.0019547  0.0010302
-0.0016648  0.0012371
-0.0014218  0.0011400
-0.0008180  0.0011757
-0.0005874  0.0010551
-0.0001286  0.0013943
 0.0003587  0.0014657
 0.0006345  0.0014400
 0.0007360  0.0014463
 0.0009209  0.0013954
 0.0007093  0.0011238
 0.0007739  0.0009729
 0.0010030  0.0002671
 0.0012711 -0.0001725
 0.0012816 -0.0003435
 0.0016575 -0.0003417
 0.0020530 -0.0004844
 0.0017865 -0.0005708
 0.0019232 -0.0003968
 0.0018229 -0.0006952
 0.0017765 -0.0009082
 0.0017329 -0.0010265
 0.0014011 -0.0012391
 0.0014866 -0.0012594
 0.0011622 -0.0013079
 0.0012101 -0.0011987
 0.0015371 -0.0014119
 0.0016918 -0.0016795
 0.0022088 -0.0017621
 0.0025901 -0.0015689
 0.0032123 -0.0015162
 0.0034022 -0.0013379
 0.0033356 -0.0014899
 0.0036243 -0.0013899
 0.0034723 -0.0015127
 0.0036851 -0.0016756
 0.0039081 -0.0017808
 0.0041387 -0.0018861
 0.0044966 -0.0018373
 0.0046511 -0.0018078
 0.0046807 -0.0016734
 0.0048572 -0.0014509
 0.0046182 -0.0014028
 0.0045790 -0.0007996
 0.0043176 -0.0005495
 0.0043351 -0.0000204
 0.0041129  0.0003821
 0.0040115  0.0005229
 0.0037016  0.0009860
 0.0036146  0.0009624
 0.0035387  0.0009634
 0.0035195  0.0010601
 0.0033661  0.0010006
 0.0036412  0.0005700
 0.0036778  0.0005712
 0.0036582  0.0003013
 0.0036689  0.0000534
 0.0035076 -0.0000698
 0.0034648 -0.0000968
 0.0031538 -0.0002601
 0.0028722 -0.0001745
 0.0023861  0.0001041
 0.0019577  0.0004761
 0.0013255  0.0006495
 0.0010267  0.0010696
 0.0005876  0.0013563
 0.0001362  0.0017392
-0.0002379  0.0017840
-0.0005090  0.0016883
-0.0005116  0.0017277
-0.0005225  0.0015852
-0.0009348  0.0012218
-0.0009392  0.0012917
-0.0007761  0.0007955
-0.0005193  0.0007141
-0.0004832  0.0005999
-0.0001297  0.0005450
 0.0000082  0.0003752
-0.0001303  0.0002113
-0.0002161  0.0000597
-0.0001988 -0.0001502
-0.0005355 -0.0001789
-0.0005438 -0.0003218
-0.0005545 -0.0006012
-0.0009372 -0.0006228
-0.0008708 -0.0008614
-0.0009784 -0.0010462
-0.0008718 -0.0015264
-0.0005448 -0.0017867
-0.0005747 -0.0018262
-0.0002394 -0.0019143
-0.0000559 -0.0017517
-0.0000311 -0.0015735
 0.0001484 -0.0016557
 0.0003682 -0.0020213
 0.0005451 -0.0019379
 0.0007435 -0.0021788
 0.0007546 -0.0026906
 0.0003894 -0.0028846
 0.0004900 -0.0031450
 0.0005394 -0.0037005
 0.0005532 -0.0038245
 0.0009272 -0.0041017
 0.0010738 -0.0040930
 0.0013621 -0.0038190
 0.0018426 -0.0036840
 0.0017572 -0.0032204
 0.0019958 -0.0030200
 0.0020642 -0.0029245
 0.0022485 -0.0030892
 0.0024896 -0.0031195
 0.0029902 -0.0035532
 0.0032230 -0.0036803
 0.0034935 -0.0037799
 0.0038999 -0.0037730
 0.0038145 -0.0035994
 0.0034714 -0.0032296
 0.0033068 -0.0032516
 0.0032144 -0.0026299
 0.0031669 -0.0023943
 0.0027158 -0.0020693
 0.0028777 -0.0015543
 0.0023990 -0.0011229
 0.0023227 -0.0007973
 0.0021969 -0.0002706
 0.0021388 -0.0001000
 0.0020510  0.0001705
 0.0023645  0.0005827
 0.0024026  0.0007551
 0.0027563  0.0008885
 0.0029174  0.0011471
 0.0029250  0.0011958
 0.0031231  0.0014637
 0.0029282  0.0013468
 0.0028608  0.0013730
 0.0026289  0.0010837
 0.0022414  0.0013199
 0.0019152  0.0013191
 0.0016744  0.0010865
 0.0013677  0.0014600
 0.0011093  0.0015950
 0.0007522  0.0015635
 0.0003686  0.0017163
 0.0002314  0.0018677
 0.0000499  0.0018084
-0.0004615  0.0014313
-0.0004351  0.0014977
-0.0006961  0.0013624
-0.0007936  0.0014484
-0.0009862  0.0016049
-0.0011479  0.0017638
-0.0013275  0.0018427
-0.0016243  0.0018197
-0.0016691  0.0017063
-0.0017803  0.0014305
-0.0016646  0.0012218
-0.0017211  0.0013169
-0.0019049  0.0014152
-0.0020086  0.0012832
-0.0020865  0.0012354
-0.0024923  0.0013040
-0.0027604  0.0008833
-0.0029532  0.0005405
-0.0031761  0.0004045
-0.0031089 -0.0003873
-0.0030624 -0.0007050
-0.0029393 -0.0007995
-0.0027098 -0.0008847
-0.0024964 -0.0008911
-0.0022850 -0.0008919
-0.0020296 -0.0010235
-0.0013927 -0.0013506
-0.0013247 -0.0014194
-0.0009964 -0.0016564
-0.0010043 -0.0017210
-0.0011559 -0.0016895
-0.0012786 -0.0018112
-0.0015862 -0.0016097
-0.0015749 -0.0017611
-0.0013959 -0.0018487
-0.0014014 -0.0019858
-0.0011930 -0.0023415
-0.0005642 -0.0027697
-0.0005013 -0.0028446
-0.0000699 -0.0027904
-0.0000152 -0.0028546
 0.0000551 -0.0027367
-0.0000026 -0.0022760
 0.0000458 -0.0022532
 0.0001207 -0.0022324
 0.0000791 -0.0020091
 0.0002571 -0.0020261
 0.0006397 -0.0021605
 0.0010890 -0.0021212
 0.0013073 -0.0020586
 0.0017096 -0.0020487
 0.0018172 -0.0021682
 0.0020832 -0.0020974
 0.0025819 -0.0019242
 0.0025954 -0.0020229
 0.0026511 -0.0018041
 0.0030367 -0.0016787
 0.0029158 -0.0015849
 0.0027263 -0.0015659
 0.0027574 -0.0011460
 0.0025488 -0.0012058
 0.0022436 -0.0011703
 0.0020518 -0.0010348
 0.0017266 -0.0010513
 0.0018048 -0.0008202
 0.0015746 -0.0006298
 0.0015942 -0.0002824
 0.0014634  0.0000065
 0.0011002  0.0002641
 0.0011697  0.0007845
 0.0008449  0.0008915
 0.0004535  0.0009291
 0.0002235  0.0011309
-0.0000569  0.0013138
-0.0002476  0.0012252
-0.0008161  0.0010342
-0.0014692  0.0011011
-0.0015588  0.0007934
-0.0019947  0.0007235
-0.0022011  0.0007910
-0.0022427  0.0008774
-0.0021968  0.0007359
-0.0023152  0.0012054
-0.0022269  0.0015066
-0.0021702  0.0016819
-0.0024548  0.0021143
-0.0027778  0.0022306
-0.0032245  0.0024611
-0.0037280  0.0025077
-0.0039739  0.0023634
-0.0042670  0.0020240
-0.0043525  0.0017024
-0.0044858  0.0014985
-0.0045635  0.0014947
-0.0045435  0.0012355
-0.0044589  0.0011872
-0.0045645  0.0010588
-0.0046992  0.0011186
-0.0049347  0.0007963
-0.0049256  0.0006011
-0.0051281  0.0002995
-0.0052323  0.0000467
-0.0049063 -0.0000998
-0.0049254 -0.0004249
-0.0046214 -0.0004273
-0.0042272 -0.0007888
-0.0039026 -0.0009126
-0.0037887 -0.0009596
-0.0036934 -0.0013133
-0.0032731 -0.0012911
-0.0029661 -0.0012067
-0.0027745 -0.0010644
-0.0028409 -0.0010533
-0.0027543 -0.0011580
-0.0028795 -0.0009929
-0.0027878 -0.0010876
-0.0026802 -0.0012919
-0.0021527 -0.0015428
-0.0018339 -0.0016708
-0.0014324 -0.0015420
-0.0010018 -0.0017474
-0.0006574 -0.0018568
-0.0003625 -0.0020621
-0.0001164 -0.0019277
 0.0002451 -0.0021094
 0.0005116 -0.0019255
 0.0010102 -0.0018925
 0.0014896 -0.0015536
 0.0018250 -0.0012164
 0.0019287 -0.0006792
 0.0018619 -0.0004757
 0.0018710 -0.0002628
 0.0017044 -0.0005886
 0.0015310 -0.0004699
 0.0015110 -0.0007997
 0.0016352 -0.0007389
 0.0019063 -0.0007306
 0.0022690 -0.0008345
 0.0028579 -0.0006038
 0.0035774 -0.0006270
 0.0040853 -0.0003018
 0.0047830  0.0002395
 0.0050680  0.0007195
 0.0050860  0.0012674
 0.0049196  0.0015491
 0.0043429  0.0017297
 0.0040907  0.0015936
 0.0037356  0.0015252
 0.0035319  0.0012706
 0.0034661  0.0010962
 0.0032999  0.0010235
 0.0032236  0.0009829
 0.0029743  0.0012199
 0.0030801  0.0013717
 0.0026860  0.0016058
 0.0023598  0.0020578
 0.0019365  0.0021261
 0.0017560  0.0026156
 0.0015560  0.0024457
 0.0015491  0.0026393
 0.0013886  0.0025244
 0.0015742  0.0026088
 0.0015837  0.0025968
 0.0012853  0.0026715
 0.0010489  0.0025361
 0.0006435  0.0024587
 0.0000014  0.0022183
-0.0003339  0.0017017
-0.0010443  0.0015893
-0.0012600  0.0015629
-0.0012026  0.0013469
-0.0013022  0.0013631
-0.0010527  0.0014309
-0.0011100  0.0016977
-0.0011479  0.0019454
-0.0015394  0.0017805
-0.0019164  0.0015171
-0.0019112  0.0012861
-0.0021304  0.0008049
-0.0024150  0.0002640
-0.0024237  0.0000565
-0.0025074 -0.0003778
-0.0026405 -0.0006665
-0.0028797 -0.0006483
-0.0028942 -0.0008593
-0.0030282 -0.0011544
-0.0030854 -0.0009352
-0.0033131 -0.0013613
-0.0035622 -0.0013118
-0.0036106 -0.0012327
-0.0036183 -0.0017208
-0.0036958 -0.0017678
-0.0037247 -0.0021460
-0.0034532 -0.0025354
-0.0031661 -0.0027480
-0.0028570 -0.0027151
-0.0027478 -0.0027951
-0.0024859 -0.0028346
-0.0023107 -0.0027874
-0.0022330 -0.0028435
-0.0022414 -0.0030169
-0.0019536 -0.0032467
-0.0018205 -0.0035646
-0.0015032 -0.0039773
-0.0009279 -0.0044874
-0.0006212 -0.0047404
-0.0001252 -0.0050698
-0.0001955 -0.0049332
-0.0002567 -0.0049177
-0.0006818 -0.0050570
-0.0009820 -0.0053354
-0.0012643 -0.0051801
-0.0014315 -0.0051698
-0.0011448 -0.0049667
-0.0010453 -0.0045834
-0.0010605 -0.0038903
-0.0009315 -0.0033538
-0.0009061 -0.0028527
-0.0009305 -0.0021730
-0.0006927 -0.0016461
-0.0008270 -0.0012539
-0.0004795 -0.0011326
-0.0001034 -0.0008263
 0.0000058 -0.0005910
-0.0000291 -0.0004057
 0.0003373 -0.0004265
 0.0005846 -0.0003183
 0.0007362 -0.0004818
 0.0009140 -0.0005188
 0.0013977 -0.0005757
 0.0018323 -0.0004737
 0.0019550 -0.0001741
 0.0021237  0.0002934
 0.0023343  0.0002654
 0.0021910  0.0007924
 0.0022972  0.0011786
 0.0023676  0.0015621
 0.0019665  0.0017442
 0.0017085  0.0020711
 0.0013829  0.0022009
 0.0009554  0.0021771
 0.0006689  0.0022981
 0.0005744  0.0020163
 0.0001378  0.0018170
 0.0004665  0.0020121
 0.0003809  0.0019891
 0.0001427  0.0021243
 0.0002489  0.0020870
 0.0002220  0.0018470
 0.0002331  0.0013885
 0.0001599  0.0013506
 0.0001272  0.0010407
 0.0002183  0.0007322
 0.0001466  0.0009403
 0.0000067  0.0009954
-0.0002997  0.0013860
-0.0008161  0.0016608
-0.0014023  0.0017062
-0.0021589  0.0016547
-0.0025815  0.0016646
-0.0031162  0.0016547
-0.0033389  0.0015116
-0.0034362  0.0012162
-0.0036863  0.0010164
-0.0038917  0.0007485
-0.0038648  0.0002154
-0.0040661 -0.0001074
-0.0041034 -0.0005279
-0.0042740 -0.0010534
-0.0045106 -0.0016947
-0.0044775 -0.0022410
-0.0044369 -0.0029758
-0.0045025 -0.0035784
-0.0044738 -0.0036056
-0.0043010 -0.0037677
-0.0043955 -0.0040160
-0.0041567 -0.0035442
-0.0042006 -0.0034403
-0.0039408 -0.0031138
-0.0036996 -0.0029332
-0.0036291 -0.0027317
-0.0032439 -0.0025726
-0.0027233 -0.0021487
-0.0022721 -0.0023708
-0.0021175 -0.0022482
-0.0019933 -0.0023901
-0.0018219 -0.0025648
-0.0014380 -0.0027180
-0.0009494 -0.0030608
-0.0008174 -0.0033614
-0.0003503 -0.0030842
 0.0000712 -0.0031246
 0.0002430 -0.0032613
 0.0005002 -0.0031872
 0.0009413 -0.0033931
 0.0008908 -0.0036562
 0.0014740 -0.0034362
 0.0018479 -0.0035349
 0.0022902 -0.0034632
 0.0025890 -0.0028693
 0.0030886 -0.0022956
 0.0032739 -0.0017914
 0.0033490 -0.0013430
 0.0036173 -0.0007130
 0.0035289 -0.0003488
 0.0032872  0.0001585
 0.0028724  0.0000699
 0.0026113 -0.0000083
 0.0025869  0.0000981
 0.0025086  0.0001284
 0.0022496  0.0000339
 0.0023349  0.0002972
 0.0020281  0.0002124
 0.0014810  0.0004664
 0.0011453  0.0005651
 0.0008776  0.0007612
 0.0003776  0.0006007
 0.0001070  0.0007077
 0.0000604  0.0005495
 0.0000959  0.0006195
 0.0002512  0.0008251
 0.0005033  0.0005687
 0.0008788  0.0006180
 0.0011193  0.0006973
 0.0009871  0.0008719
 0.0009287  0.0014455
 0.0009013  0.0016183
 0.0003905  0.0022392
 0.0001929  0.0025244
-0.0001513  0.0028432
-0.0001901  0.0032728
-0.0001701  0.0037708
-0.0001489  0.0041180
-0.0000903  0.0044160
 0.0003302  0.0047975
 0.0000336  0.0046819
 0.0001182  0.0048326
-0.0000185  0.0051964
-0.0003469  0.0049923
-0.0003764  0.0049354
-0.0003391  0.0050216
-0.0004836  0.0049178
-0.0008090  0.0047753
-0.0008282  0.0047140
-0.0014304  0.0045162
-0.0020499  0.0041964
-0.0024397  0.0040561
-0.0029046  0.0038200
-0.0032482  0.0037653
-0.0034757  0.0034471
-0.0038213  0.0031324
-0.0035167  0.0033044
-0.0036612  0.0030942
-0.0037703  0.0029008
-0.0037281  0.0029473
-0.0037328  0.0028528
-0.0037628  0.0028409
-0.0035561  0.0029533
-0.0036405  0.0025948
-0.0037300  0.0025261
-0.0034451  0.0024090
-0.0035041  0.0020830
-0.0033919  0.0017103
-0.0027039  0.0015188
-0.0023195  0.0013490
-0.0017793  0.0013024
-0.0013063  0.0014304
-0.0007087  0.0011744
-0.0006036  0.0009911
-0.0004398  0.0010392
-0.0004614  0.0007218
-0.0002245  0.0004131
-0.0000182  0.0002696
 0.0002968 -0.0000948
 0.0008032 -0.0004384
 0.0015096 -0.0006638
 0.0015887 -0.0010748
 0.0019335 -0.0013209
 0.0022406 -0.0015100
 0.0023413 -0.0018884
 0.0021407 -0.0017860
 0.0022834 -0.0016934
 0.0020829 -0.0017055
 0.0020987 -0.0017679
 0.0020391 -0.0014542
 0.0019327 -0.0012810
 0.0018996 -0.0010519
 0.0020685 -0.0009812
 0.0021562 -0.0009122
 0.0023925 -0.0006463
 0.0027620 -0.0006531
 0.0027329 -0.0006226
 0.0029273 -0.0004563
 0.0032279 -0.0003579
 0.0029429 -0.0002950
 0.0028838 -0.0003257
 0.0026813 -0.0002336
 0.0024204 -0.0002167
 0.0026191 -0.0000762
 0.0021648  0.0001008
 0.0020984  0.0000524
 0.0018727  0.0001066
 0.0016250 -0.0000690
 0.0015986 -0.0000516
 0.0012530  0.0001593
 0.0010142  0.0001688
 0.0009603  0.0004651
 0.0008674  0.0004344
 0.0006876  0.0007663
 0.0006971  0.0009857
 0.0007738  0.0012817
 0.0008412  0.0012574
 0.0007816  0.0014999
 0.0007501  0.0017609
 0.0005846  0.0019545
 0.0001907  0.0019798
-0.0001077  0.0018100
-0.0005964  0.0018226
-0.0011144  0.0017378
-0.0012545  0.0017099
-0.0016770  0.0016831
-0.0017333  0.0013171
-0.0020099  0.0013643
-0.0021962  0.0008954
-0.0023191  0.0009131
-0.0024523  0.0009117
-0.0027190  0.0007740
-0.0028547  0.0007514
-0.0032463  0.0010437
-0.0035931  0.0010996
-0.0040914  0.0010709
-0.0045482  0.0007635
-0.0048068  0.0006024
-0.0047311  0.0001526
-0.0052596 -0.0002099
-0.0051744 -0.0005525
-0.0050906 -0.0010493
-0.0051199 -0.0012782
-0.0050353 -0.0012185
-0.0047681 -0.0014760
-0.0045456 -0.0014966
-0.0042846 -0.0014573
-0.0040994 -0.0011708
-0.0039341 -0.0011819
-0.0037283 -0.0012496
-0.0035049 -0.0012914
-0.0031639 -0.0012256
-0.0025958 -0.0013025
-0.0023345 -0.0013804
-0.0021040 -0.0011598
-0.0020850 -0.0011127
-0.0019035 -0.0012199
-0.0019724 -0.0011265
-0.0018985 -0.0009549
-0.0020362 -0.0012739
-0.0019553 -0.0012268
-0.0016434 -0.0017087
-0.0015758 -0.0019324
-0.0015887 -0.0021256
-0.0013423 -0.0020604
-0.0015351 -0.0024093
-0.0016160 -0.0021799
-0.0015593 -0.0022108
-0.0016294 -0.0022304
-0.0014362 -0.0019153
-0.0012825 -0.0018984
-0.0012557 -0.0015540
-0.0010484 -0.0008644
-0.0007141 -0.0002129
-0.0008207  0.0004958
-0.0004840  0.0012579
-0.0007997  0.0016904
-0.0007884  0.0022966
-0.0008752  0.0026539
-0.0009880  0.0025413
-0.0011639  0.0025873
-0.0010525  0.0025988
-0.0010262  0.0022466
-0.0009241  0.0023140
-0.0006249  0.0022801
-0.0005008  0.0024915
-0.0008336  0.0028490
-0.0008914  0.0030830
-0.0010987  0.0030253
-0.0012220  0.0030566
-0.0013930  0.0026663
-0.0014974  0.0025551
-0.0012159  0.0020880
