[PARAMETERS]
DW=1E-007
TAU=7E-005
TD=4096
BS=4096
NS=512
NSC=512
FR=56.120000
GAIN=4.974204
D0=0.05
D1=4.5E-006
D2=1E-005
D3=2.5E-005
D4=1E-005
D5=5E-005
D6=0.001
D7=0.001
D8=0.001
D9=0.05
C0=1
SEGTD=0
SEGOFF=0
SEGNUM=0
[ADDITIONAL]
PPFILE=ZG_TWO_T2.PC
DATEWR=27.09.2024
TIMEWR=09:01:39
DATESTA=27.09.2024
TIMESTA=09:00:51
DATEEND=27.09.2024
TIMEEND=09:01:39
CURR_Z0=0
CURR_Z1=1
TE=-1
[VARIABLES]
_USER=Measurements
_EMAIL_F=7NMR.NMR-270-ijs.si
_ITC_H=1
_ITC_R0= 35.00
_ITC_R1= 35.00
_ITC_R2= 53.10
_ITC_R3=  0.00
_ITC_R4=  0.00
_ITC_V=  2.45
_ITC_X=X0A1C1S00H1
_FW=100
_ORIENT=?
_THETA=0
_TITLE=?
_DESCR1=?
_DESCR2=?
_FR_LARM=56.12000000
_FR_SYNT=526.12000000
_TRIMLEV=1.8505859375
_DATE=27.09.2024
_TIME=08:56:12
[PPFILE]
; pi/2 - pi


DELAY D9
PULSE [GT] 3u
PULSE [PHL1,GT] D1
DELAY TAU-3u
PULSE [GT] 3u
PULSE [PHL2,GT] 2*D1
DELAY TAU-D3
PULSE [TR] 1u+DW
DELAY 1m
STOP

;PHL 1 [+X] [+X] [+Y] [+Y] [-X] [-X] [-Y] [-Y]
;PHL 2 [+Y] [-Y] [-X] [+X] [-Y] [+Y] [+X] [-X]
;!RLS +X+X+Y+Y-X-X-Y-Y

PHL 1 [+X] [+X] [-X] [-X] [+Y] [+Y] [-Y] [-Y] [+X] [+X] [-X] [-X] [+Y] [+Y] [-Y] [-Y]
PHL 2 [+Y] [-Y] [-Y] [+Y] [-X] [+X] [+X] [-X] [+X] [-X] [-X] [+X] [-Y] [+Y] [+Y] [-Y]
!RLS +X+X-X-X+Y+Y-Y-Y-X-X+X+X-Y-Y+Y+Y
[DATA]
 0.0001101  0.0001210
-0.0000864 -0.0000282
 0.0000474  0.0000865
 0.0000481  0.0000343
-0.0000623  0.0001064
-0.0000230 -0.0000768
-0.0001014 -0.0000583
-0.0000819 -0.0001288
-0.0000927 -0.0000876
-0.0000190  0.0000076
-0.0000814 -0.0000099
-0.0001436  0.0000325
-0.0001385 -0.0002061
-0.0000492 -0.0000729
-0.0000766 -0.0000292
-0.0001441 -0.0001107
-0.0000922 -0.0000300
-0.0002150  0.0000905
-0.0000383  0.0001205
-0.0000997 -0.0001300
-0.0001680 -0.0000478
-0.0001283 -0.0000583
-0.0001394 -0.0000239
-0.0001541  0.0000424
-0.0000963 -0.0000146
-0.0000625  0.0001437
-0.0001057 -0.0000156
-0.0000342  0.0000196
 0.0000152  0.0001387
 0.0000829 -0.0000531
-0.0000104  0.0000681
 0.0001629  0.0001540
 0.0001161  0.0000087
 0.0000044 -0.0000674
 0.0000906  0.0000539
-0.0000614 -0.0000443
 0.0000099 -0.0000005
 0.0000674 -0.0001784
 0.0000518  0.0000855
 0.0001528 -0.0000092
-0.0000051 -0.0001584
-0.0000583 -0.0000337
 0.0000912 -0.0000443
 0.0001052  0.0001113
-0.0000491  0.0000191
 0.0000663  0.0001627
 0.0001870  0.0000923
-0.0000331 -0.0000284
-0.0001102  0.0000039
 0.0000517  0.0000569
-0.0000296  0.0001159
-0.0001301 -0.0001048
 0.0001289  0.0001053
 0.0002737  0.0000683
 0.0000382 -0.0000735
 0.0000433  0.0000132
 0.0001001  0.0000048
 0.0001143  0.0000871
 0.0000425 -0.0000426
 0.0001203 -0.0000224
 0.0000995 -0.0000282
 0.0000168  0.0000722
 0.0000378 -0.0001678
 0.0001089  0.0001074
-0.0000816  0.0001053
 0.0000141 -0.0001292
 0.0000845  0.0000967
 0.0000468  0.0000391
 0.0001766 -0.0000035
 0.0000362 -0.0000196
 0.0001782  0.0000255
-0.0000057 -0.0000389
-0.0000297  0.0000565
 0.0000854  0.0000878
 0.0000036  0.0000298
 0.0000479 -0.0000386
 0.0000331 -0.0000530
 0.0000136  0.0001101
-0.0001209 -0.0000005
-0.0001212  0.0000106
-0.0001790  0.0001436
-0.0000288 -0.0000253
 0.0000046  0.0000719
 0.0000751  0.0001783
-0.0000716  0.0000852
-0.0001337 -0.0000245
 0.0000608  0.0000966
 0.0000382  0.0001049
 0.0000294 -0.0001157
-0.0000166 -0.0000671
-0.0001635 -0.0003891
-0.0002542 -0.0006695
-0.0001336 -0.0009513
-0.0002621 -0.0012596
-0.0002315 -0.0015783
 0.0001033 -0.0015919
 0.0003337 -0.0011745
 0.0006168 -0.0010058
 0.0010169 -0.0001433
 0.0011250  0.0004830
 0.0013453  0.0010445
 0.0015180  0.0015710
 0.0015017  0.0020666
 0.0015798  0.0021135
 0.0017620  0.0024330
 0.0016437  0.0026663
 0.0017300  0.0029630
 0.0017251  0.0032858
 0.0017755  0.0035624
 0.0016020  0.0037453
 0.0015961  0.0036431
 0.0015571  0.0036153
 0.0014345  0.0035047
 0.0016157  0.0031270
 0.0015844  0.0027697
 0.0015748  0.0024699
 0.0017128  0.0021491
 0.0015989  0.0018598
 0.0016534  0.0017715
 0.0016343  0.0015421
 0.0016813  0.0015763
 0.0019384  0.0015510
 0.0019513  0.0014569
 0.0019815  0.0015546
 0.0020766  0.0014396
 0.0022601  0.0012749
 0.0024029  0.0012578
 0.0025351  0.0011218
 0.0026939  0.0010470
 0.0026737  0.0011844
 0.0027720  0.0014371
 0.0027493  0.0014425
 0.0025748  0.0018089
 0.0024340  0.0019883
 0.0023116  0.0020463
 0.0023991  0.0022945
 0.0024458  0.0023026
 0.0024980  0.0022920
 0.0025285  0.0023428
 0.0025037  0.0022652
 0.0022721  0.0022452
 0.0019842  0.0021535
 0.0015832  0.0017789
 0.0010531  0.0015832
 0.0007963  0.0011647
 0.0005557  0.0008336
 0.0003691  0.0003603
 0.0006918 -0.0000470
 0.0009042 -0.0005340
 0.0013753 -0.0007760
 0.0020039 -0.0007506
 0.0022584 -0.0007330
 0.0027688 -0.0006130
 0.0029820 -0.0005103
 0.0029417 -0.0005715
 0.0027827 -0.0003343
 0.0027081 -0.0003373
 0.0025196 -0.0004388
 0.0022436 -0.0003231
 0.0018593 -0.0002798
 0.0013245 -0.0002742
 0.0011743  0.0001248
 0.0009760  0.0003619
 0.0006315  0.0006795
 0.0003259  0.0007208
-0.0000544  0.0005964
-0.0003830  0.0003227
-0.0004994  0.0001238
-0.0007714 -0.0001934
-0.0009078 -0.0002849
-0.0009399 -0.0002479
-0.0010837  0.0000395
-0.0011891  0.0001120
-0.0012176  0.0001253
-0.0013127 -0.0000588
-0.0013835  0.0000208
-0.0012704 -0.0000904
-0.0012052 -0.0001126
-0.0007796  0.0000265
-0.0005486  0.0001384
-0.0003153  0.0003948
 0.0000165  0.0007306
 0.0001901  0.0009015
 0.0002962  0.0010696
 0.0003457  0.0010857
 0.0005006  0.0008111
 0.0004508  0.0005843
 0.0004823  0.0002861
 0.0004561  0.0001519
 0.0003579  0.0002578
 0.0004021  0.0001389
 0.0004895  0.0000600
 0.0005706  0.0000982
 0.0008827 -0.0000047
 0.0006433 -0.0001392
 0.0006648 -0.0001613
 0.0007632 -0.0005833
 0.0007870 -0.0009775
 0.0007868 -0.0013409
 0.0010506 -0.0015153
 0.0011942 -0.0012349
 0.0013622 -0.0013418
 0.0014948 -0.0009806
 0.0013506 -0.0004711
 0.0011237 -0.0001667
 0.0008932  0.0002010
 0.0004379  0.0002192
 0.0001455  0.0001879
-0.0000768  0.0003981
-0.0004086  0.0003094
-0.0004621  0.0001864
-0.0003476  0.0001297
-0.0003299  0.0000783
-0.0002701  0.0000034
-0.0001874 -0.0000191
-0.0002265 -0.0001359
-0.0004892 -0.0001245
-0.0007125 -0.0000461
-0.0009218 -0.0003211
-0.0012729 -0.0004720
-0.0014834 -0.0007981
-0.0016141 -0.0009628
-0.0014789 -0.0011557
-0.0014657 -0.0013616
-0.0011669 -0.0013799
-0.0010808 -0.0016216
-0.0006381 -0.0018693
-0.0005427 -0.0022050
-0.0002271 -0.0023095
 0.0000299 -0.0024400
 0.0003083 -0.0026027
 0.0004269 -0.0024343
 0.0005975 -0.0024730
 0.0005888 -0.0024343
 0.0005321 -0.0022456
 0.0004894 -0.0022924
 0.0005422 -0.0020886
 0.0005744 -0.0020785
 0.0009273 -0.0018563
 0.0013073 -0.0014129
 0.0018523 -0.0011052
 0.0024411 -0.0008009
 0.0029544 -0.0008068
 0.0038644 -0.0008117
 0.0046238 -0.0010010
 0.0051908 -0.0010841
 0.0057367 -0.0011182
 0.0059584 -0.0012794
 0.0060600 -0.0013440
 0.0062140 -0.0012040
 0.0064853 -0.0016023
 0.0066470 -0.0016390
 0.0072553 -0.0019905
 0.0080924 -0.0020288
 0.0088875 -0.0018655
 0.0096493 -0.0015035
 0.0102521 -0.0014362
 0.0107307 -0.0011733
 0.0110661 -0.0011839
 0.0115017 -0.0016135
 0.0117065 -0.0021854
 0.0122378 -0.0027995
 0.0129077 -0.0033755
 0.0135775 -0.0037548
 0.0143673 -0.0039703
 0.0150899 -0.0040812
 0.0156272 -0.0038810
 0.0162604 -0.0036249
 0.0166187 -0.0034781
 0.0172665 -0.0030956
 0.0178945 -0.0026702
 0.0182969 -0.0027218
 0.0187764 -0.0023749
 0.0190873 -0.0023537
 0.0192828 -0.0022823
 0.0195037 -0.0020368
 0.0197354 -0.0018621
 0.0197257 -0.0016720
 0.0199116 -0.0012482
 0.0202374 -0.0010924
 0.0202911 -0.0006558
 0.0207669 -0.0003556
 0.0212968 -0.0001361
 0.0218110  0.0001372
 0.0224174  0.0006866
 0.0232259  0.0009654
 0.0236579  0.0015798
 0.0243129  0.0020464
 0.0247422  0.0022318
 0.0254493  0.0025245
 0.0260750  0.0026421
 0.0266791  0.0026621
 0.0273496  0.0029466
 0.0278052  0.0030834
 0.0281363  0.0032690
 0.0284188  0.0034709
 0.0287431  0.0034453
 0.0290418  0.0032432
 0.0295228  0.0028956
 0.0299756  0.0024019
 0.0302858  0.0015719
 0.0309092  0.0010891
 0.0315234  0.0004014
 0.0319766 -0.0002059
 0.0323963 -0.0003983
 0.0329665 -0.0004663
 0.0332694 -0.0006832
 0.0335740 -0.0006525
 0.0340675 -0.0007041
 0.0342911 -0.0008122
 0.0348552 -0.0009701
 0.0351766 -0.0012623
 0.0355015 -0.0012174
 0.0361407 -0.0014536
 0.0366514 -0.0019079
 0.0371540 -0.0020675
 0.0380709 -0.0023300
 0.0389347 -0.0024198
 0.0396265 -0.0024017
 0.0402884 -0.0020985
 0.0408201 -0.0019971
 0.0411056 -0.0018153
 0.0415105 -0.0019449
 0.0414929 -0.0020900
 0.0414949 -0.0025255
 0.0416164 -0.0031090
 0.0413352 -0.0037383
 0.0413555 -0.0045527
 0.0415109 -0.0051809
 0.0418862 -0.0057439
 0.0419091 -0.0061826
 0.0421570 -0.0063988
 0.0420610 -0.0066505
 0.0421744 -0.0068145
 0.0423811 -0.0068311
 0.0424794 -0.0070895
 0.0427635 -0.0067838
 0.0431631 -0.0066541
 0.0432359 -0.0063887
 0.0432743 -0.0060804
 0.0431865 -0.0058858
 0.0430427 -0.0058735
 0.0428783 -0.0055819
 0.0427761 -0.0054062
 0.0423346 -0.0054319
 0.0419169 -0.0050330
 0.0413886 -0.0050190
 0.0407430 -0.0049825
 0.0400851 -0.0048539
 0.0393997 -0.0048259
 0.0388162 -0.0049840
 0.0380948 -0.0048942
 0.0374072 -0.0049343
 0.0368109 -0.0050656
 0.0362513 -0.0050516
 0.0358544 -0.0050313
 0.0355021 -0.0053816
 0.0352818 -0.0053775
 0.0352075 -0.0056644
 0.0351171 -0.0056498
 0.0351196 -0.0056845
 0.0347402 -0.0057534
 0.0344003 -0.0056490
 0.0338854 -0.0055677
 0.0332296 -0.0056262
 0.0325969 -0.0054137
 0.0320657 -0.0054922
 0.0316386 -0.0055745
 0.0313672 -0.0053636
 0.0313837 -0.0052335
 0.0314020 -0.0051027
 0.0310397 -0.0047529
 0.0306682 -0.0045937
 0.0302734 -0.0044910
 0.0295726 -0.0046227
 0.0288650 -0.0049359
 0.0281045 -0.0051986
 0.0276050 -0.0054994
 0.0271058 -0.0056404
 0.0265193 -0.0059089
 0.0260493 -0.0060100
 0.0254517 -0.0059169
 0.0246119 -0.0061195
 0.0238364 -0.0061756
 0.0228426 -0.0062812
 0.0215647 -0.0063495
 0.0207185 -0.0061346
 0.0198977 -0.0060556
 0.0191300 -0.0060034
 0.0189807 -0.0056685
 0.0187182 -0.0052924
 0.0183752 -0.0050685
 0.0184498 -0.0049005
 0.0183631 -0.0049274
 0.0182177 -0.0051047
 0.0179421 -0.0051002
 0.0179380 -0.0052249
 0.0177705 -0.0049365
 0.0175665 -0.0047889
 0.0172549 -0.0044205
 0.0167798 -0.0040301
 0.0162397 -0.0038799
 0.0156370 -0.0039623
 0.0149856 -0.0038041
 0.0144264 -0.0037965
 0.0138328 -0.0037649
 0.0134216 -0.0036563
 0.0129429 -0.0034267
 0.0124019 -0.0033942
 0.0120937 -0.0032705
 0.0117190 -0.0034878
 0.0111859 -0.0038570
 0.0106920 -0.0039778
 0.0101979 -0.0042822
 0.0098705 -0.0048192
 0.0095636 -0.0049579
 0.0095443 -0.0049845
 0.0096530 -0.0050226
 0.0096514 -0.0048655
 0.0095464 -0.0049660
 0.0094065 -0.0049833
 0.0091219 -0.0050648
 0.0089285 -0.0052369
 0.0087212 -0.0052666
 0.0087189 -0.0051938
 0.0086273 -0.0051020
 0.0084601 -0.0052004
 0.0083009 -0.0051775
 0.0080483 -0.0053028
 0.0077263 -0.0053802
 0.0076975 -0.0054387
 0.0074941 -0.0054466
 0.0072946 -0.0055748
 0.0072563 -0.0053041
 0.0072458 -0.0053685
 0.0072371 -0.0052755
 0.0073477 -0.0051725
 0.0073927 -0.0050122
 0.0074910 -0.0047706
 0.0076489 -0.0043912
 0.0078491 -0.0041101
 0.0079819 -0.0035616
 0.0081094 -0.0029639
 0.0083056 -0.0025612
 0.0083286 -0.0019142
 0.0082826 -0.0015083
 0.0082064 -0.0011715
 0.0080765 -0.0005451
 0.0078488 -0.0004245
 0.0073528 -0.0002448
 0.0069628 -0.0001080
 0.0068393 -0.0002811
 0.0064739 -0.0004214
 0.0067138 -0.0002143
 0.0066096 -0.0002630
 0.0064099 -0.0000750
 0.0062378  0.0002257
 0.0057544  0.0002772
 0.0051369  0.0003544
 0.0043986  0.0002730
 0.0037711 -0.0001262
 0.0033526 -0.0006552
 0.0032761 -0.0012169
 0.0030745 -0.0018396
 0.0029014 -0.0024631
 0.0029385 -0.0030666
 0.0027092 -0.0037576
 0.0025512 -0.0043113
 0.0025745 -0.0046657
 0.0020684 -0.0049396
 0.0018013 -0.0047190
 0.0015439 -0.0046479
 0.0009980 -0.0043039
 0.0006459 -0.0041305
 0.0002912 -0.0040370
-0.0000100 -0.0039483
-0.0004333 -0.0036779
-0.0005410 -0.0036595
-0.0007065 -0.0037523
-0.0008664 -0.0036285
-0.0009332 -0.0035403
-0.0010787 -0.0034576
-0.0010363 -0.0032240
-0.0008715 -0.0030747
-0.0008917 -0.0030761
-0.0008379 -0.0029208
-0.0005745 -0.0030277
-0.0005612 -0.0031209
-0.0001980 -0.0030033
 0.0000308 -0.0031234
 0.0003570 -0.0032247
 0.0008376 -0.0030077
 0.0011522 -0.0030067
 0.0015783 -0.0028370
 0.0019717 -0.0025223
 0.0020318 -0.0022243
 0.0019464 -0.0020427
 0.0017453 -0.0015739
 0.0015167 -0.0011258
 0.0011854 -0.0008285
 0.0007742 -0.0004533
 0.0003653 -0.0002780
 0.0000462 -0.0002240
-0.0000487 -0.0001762
 0.0000250 -0.0000283
 0.0001763  0.0000056
 0.0004940 -0.0000708
 0.0009366  0.0000698
 0.0011571  0.0002664
 0.0011189  0.0004064
 0.0010178  0.0004887
 0.0007269  0.0005441
 0.0003531  0.0000358
-0.0000483 -0.0002838
-0.0003117 -0.0006473
-0.0003977 -0.0011461
-0.0004166 -0.0013608
-0.0000515 -0.0015219
 0.0002479 -0.0016383
 0.0004501 -0.0012510
 0.0007532 -0.0007588
 0.0008863 -0.0004308
 0.0011200  0.0000779
 0.0012135  0.0002692
 0.0012367  0.0002602
 0.0011461  0.0003661
 0.0009414  0.0002469
 0.0009179  0.0000743
 0.0008417 -0.0000500
 0.0006557 -0.0001266
 0.0006148  0.0000282
 0.0005262  0.0002359
 0.0004868  0.0005744
 0.0002118  0.0007548
-0.0000059  0.0010239
-0.0000657  0.0011933
-0.0001516  0.0010732
-0.0001471  0.0008751
 0.0000092  0.0008182
 0.0000110  0.0003254
 0.0002734 -0.0002015
 0.0006014 -0.0004542
 0.0006934 -0.0006501
 0.0006632 -0.0008814
 0.0006448 -0.0007304
 0.0004214 -0.0008578
 0.0002039 -0.0007008
-0.0000275 -0.0005994
-0.0001522 -0.0007168
-0.0000016 -0.0006188
 0.0000387 -0.0004213
 0.0001496 -0.0003725
 0.0002190 -0.0001360
 0.0003081  0.0002210
 0.0003685  0.0003965
 0.0003785  0.0006488
 0.0003842  0.0008733
 0.0004511  0.0008011
 0.0003180  0.0010465
 0.0002627  0.0009183
 0.0002688  0.0005835
 0.0001402  0.0006087
 0.0001629  0.0004360
 0.0002153  0.0001015
 0.0004403  0.0002096
 0.0006183  0.0002719
 0.0006217  0.0002702
 0.0007769  0.0004444
 0.0008140  0.0003637
 0.0007411  0.0000214
 0.0006966  0.0000001
 0.0005415 -0.0004179
 0.0004728 -0.0007773
 0.0003106 -0.0013676
 0.0002365 -0.0016469
-0.0002087 -0.0020678
-0.0004214 -0.0022640
-0.0009582 -0.0026870
-0.0012528 -0.0030677
-0.0013845 -0.0036099
-0.0013659 -0.0039310
-0.0011323 -0.0043045
-0.0008396 -0.0044726
-0.0005914 -0.0044315
-0.0002724 -0.0043322
 0.0000038 -0.0039964
 0.0000935 -0.0035126
 0.0001949 -0.0032298
 0.0004633 -0.0026348
 0.0004221 -0.0024155
 0.0006826 -0.0022520
 0.0008153 -0.0022466
 0.0010161 -0.0020490
 0.0012752 -0.0017043
 0.0013856 -0.0012760
 0.0014584 -0.0007563
 0.0016629 -0.0004226
 0.0015706 -0.0001689
 0.0017102 -0.0001306
 0.0018395 -0.0004328
 0.0021998 -0.0007781
 0.0026503 -0.0009361
 0.0031487 -0.0010098
 0.0036138 -0.0006998
 0.0038120 -0.0004527
 0.0039136 -0.0001268
 0.0039374  0.0003806
 0.0039485  0.0006683
 0.0037873  0.0010293
 0.0037570  0.0012317
 0.0038289  0.0011626
 0.0038652  0.0009046
 0.0038845  0.0009570
 0.0038558  0.0009067
 0.0037193  0.0011296
 0.0032693  0.0014571
 0.0030169  0.0015005
 0.0024769  0.0015631
 0.0019119  0.0017354
 0.0014637  0.0015586
 0.0007907  0.0013793
 0.0006350  0.0010428
 0.0004024  0.0005652
 0.0001662  0.0000590
 0.0004288 -0.0004753
 0.0004933 -0.0009523
 0.0003486 -0.0014065
 0.0003917 -0.0016570
 0.0003828 -0.0016685
-0.0000614 -0.0018106
-0.0001100 -0.0016318
-0.0001846 -0.0015491
-0.0002464 -0.0014734
-0.0002376 -0.0013968
-0.0001697 -0.0015162
-0.0001549 -0.0017382
-0.0001005 -0.0016011
-0.0000199 -0.0017013
-0.0000585 -0.0014851
 0.0000671 -0.0011089
-0.0000191 -0.0011064
-0.0003621 -0.0008321
-0.0006420 -0.0005557
-0.0010552 -0.0006754
-0.0014550 -0.0008769
-0.0018140 -0.0010502
-0.0018242 -0.0013678
-0.0020064 -0.0017468
-0.0017194 -0.0019984
-0.0012785 -0.0021821
-0.0006438 -0.0024405
-0.0001966 -0.0024590
 0.0003858 -0.0026210
 0.0006867 -0.0025458
 0.0005378 -0.0027536
 0.0003003 -0.0029265
-0.0000854 -0.0032379
-0.0004966 -0.0035362
-0.0008275 -0.0039125
-0.0008315 -0.0042844
-0.0007255 -0.0043034
-0.0004042 -0.0045565
-0.0000600 -0.0044341
 0.0003253 -0.0043365
 0.0005703 -0.0041194
 0.0004751 -0.0040825
 0.0003852 -0.0039340
-0.0001022 -0.0039568
-0.0001704 -0.0039564
-0.0004164 -0.0039463
-0.0003144 -0.0040767
-0.0000387 -0.0041858
 0.0001708 -0.0043739
 0.0004195 -0.0044589
 0.0005180 -0.0045105
 0.0005382 -0.0043851
 0.0005243 -0.0041090
 0.0003577 -0.0037086
 0.0001674 -0.0032434
 0.0001458 -0.0029168
-0.0000053 -0.0025056
-0.0000108 -0.0023376
-0.0001279 -0.0020012
-0.0001006 -0.0018169
-0.0001595 -0.0016715
-0.0000890 -0.0014484
-0.0002078 -0.0012154
-0.0001121 -0.0010554
-0.0002379 -0.0009934
-0.0000800 -0.0010674
-0.0001996 -0.0012558
-0.0002151 -0.0011536
-0.0002336 -0.0012962
-0.0004464 -0.0012677
-0.0004473 -0.0010212
-0.0008146 -0.0008104
-0.0008047 -0.0005634
-0.0006937 -0.0003120
-0.0008622  0.0001468
-0.0008271  0.0001839
-0.0008106  0.0003362
-0.0006594  0.0003916
-0.0001972  0.0004841
 0.0001966  0.0005501
 0.0007593  0.0007303
 0.0011639  0.0011203
 0.0017133  0.0014286
 0.0019757  0.0020028
 0.0022713  0.0025177
 0.0022903  0.0030249
 0.0026153  0.0033229
 0.0024283  0.0034947
 0.0023127  0.0033808
 0.0023240  0.0032179
 0.0024738  0.0029475
 0.0026194  0.0023294
 0.0025803  0.0020538
 0.0026179  0.0018053
 0.0026134  0.0017593
 0.0025328  0.0018031
 0.0021332  0.0017911
 0.0017577  0.0019032
 0.0012842  0.0018017
 0.0006978  0.0016437
 0.0003667  0.0013656
-0.0000929  0.0013285
-0.0001544  0.0011441
-0.0002785  0.0009619
-0.0003898  0.0007114
-0.0000984  0.0003387
 0.0000164 -0.0001098
 0.0002822 -0.0004812
 0.0006806 -0.0007721
 0.0010842 -0.0010232
 0.0013791 -0.0012380
 0.0015484 -0.0014495
 0.0014561 -0.0016219
 0.0013050 -0.0016729
 0.0013944 -0.0018400
 0.0012302 -0.0021573
 0.0014315 -0.0022336
 0.0016384 -0.0023676
 0.0018502 -0.0023202
 0.0023076 -0.0021086
 0.0024930 -0.0015249
 0.0027917 -0.0011810
 0.0029742 -0.0007839
 0.0028822 -0.0006690
 0.0028843 -0.0007697
 0.0028741 -0.0010619
 0.0025881 -0.0014140
 0.0027359 -0.0018552
 0.0030989 -0.0022594
 0.0033766 -0.0024486
 0.0038186 -0.0025953
 0.0043153 -0.0024633
 0.0047573 -0.0022404
 0.0051844 -0.0017308
 0.0052363 -0.0011082
 0.0050014 -0.0005359
 0.0046880 -0.0000802
 0.0041871  0.0001897
 0.0037636  0.0001854
 0.0034544 -0.0001932
 0.0033584 -0.0005194
 0.0035059 -0.0011576
 0.0038070 -0.0015817
 0.0040344 -0.0017491
 0.0042468 -0.0017509
 0.0041379 -0.0016411
 0.0040928 -0.0012491
 0.0037710 -0.0010090
 0.0033684 -0.0008604
 0.0032941 -0.0007410
 0.0032012 -0.0007196
 0.0031434 -0.0008571
 0.0034061 -0.0010771
 0.0035217 -0.0010732
 0.0037865 -0.0011223
 0.0036808 -0.0009758
 0.0037529 -0.0009942
 0.0037921 -0.0006496
 0.0037823 -0.0004793
 0.0038010 -0.0001953
 0.0037229  0.0001374
 0.0039109  0.0002450
 0.0036996  0.0003732
 0.0035223  0.0006364
 0.0035271  0.0007220
 0.0033694  0.0010456
 0.0029014  0.0012821
 0.0026157  0.0014950
 0.0020827  0.0015940
 0.0015005  0.0014225
 0.0013925  0.0010823
 0.0010767  0.0008461
 0.0008781  0.0007687
 0.0008369  0.0006303
 0.0008557  0.0006359
 0.0007634  0.0010585
 0.0005188  0.0012748
 0.0004487  0.0015103
 0.0002257  0.0016180
 0.0001358  0.0016836
 0.0000236  0.0014073
 0.0002735  0.0010687
 0.0005656  0.0008582
 0.0009343  0.0004948
 0.0012519  0.0003955
 0.0015473  0.0002448
 0.0016107  0.0000441
 0.0016054  0.0000783
 0.0016790 -0.0000201
 0.0018237 -0.0000461
 0.0018350  0.0001449
 0.0019415  0.0000925
 0.0019174  0.0001669
 0.0020180  0.0002389
 0.0021020 -0.0000246
 0.0020000 -0.0001736
 0.0019925 -0.0004176
 0.0020721 -0.0006959
 0.0020218 -0.0009965
 0.0019677 -0.0009646
 0.0018734 -0.0010743
 0.0018682 -0.0011169
 0.0017707 -0.0010294
 0.0016774 -0.0010336
 0.0017351 -0.0009916
 0.0018271 -0.0011704
 0.0018644 -0.0014165
 0.0018669 -0.0017787
 0.0019988 -0.0021196
 0.0019666 -0.0024247
 0.0020769 -0.0026240
 0.0020454 -0.0023765
 0.0020918 -0.0020180
 0.0021836 -0.0018353
 0.0022641 -0.0011430
 0.0022276 -0.0005627
 0.0020499 -0.0000131
 0.0019390  0.0003230
 0.0016461  0.0008128
 0.0013817  0.0007534
 0.0013372  0.0005700
 0.0011594  0.0003540
 0.0008853  0.0002143
 0.0005902 -0.0000079
 0.0003386  0.0000384
 0.0002027  0.0000213
 0.0000039  0.0003517
 0.0000148  0.0006724
 0.0000966  0.0009868
 0.0002131  0.0012571
 0.0003650  0.0013769
 0.0001431  0.0015270
 0.0001715  0.0015644
-0.0000389  0.0015023
-0.0001270  0.0013454
-0.0001589  0.0013407
-0.0003773  0.0012731
-0.0004389  0.0011933
-0.0005957  0.0013848
-0.0007474  0.0014733
-0.0009330  0.0016733
-0.0010857  0.0019832
-0.0013603  0.0020829
-0.0012430  0.0024733
-0.0013076  0.0025228
-0.0013374  0.0025378
-0.0010972  0.0023786
-0.0008973  0.0022741
-0.0008733  0.0023415
-0.0006076  0.0018916
-0.0005036  0.0017206
-0.0005868  0.0015348
-0.0003674  0.0010216
-0.0003289  0.0006450
-0.0004908  0.0002005
-0.0007056 -0.0004190
-0.0009032 -0.0009442
-0.0011780 -0.0014457
-0.0016644 -0.0018192
-0.0019361 -0.0019721
-0.0023067 -0.0022922
-0.0025083 -0.0023402
-0.0026384 -0.0023557
-0.0024283 -0.0021500
-0.0020059 -0.0020450
-0.0016358 -0.0018431
-0.0011299 -0.0018171
-0.0008210 -0.0015898
-0.0005986 -0.0014114
-0.0004246 -0.0013413
-0.0006331 -0.0012300
-0.0008774 -0.0012112
-0.0010059 -0.0012940
-0.0008752 -0.0013412
-0.0008019 -0.0015919
-0.0004024 -0.0017183
-0.0001296 -0.0016892
 0.0002342 -0.0017461
 0.0002888 -0.0015663
 0.0003065 -0.0015433
 0.0004157 -0.0015681
 0.0004670 -0.0017733
 0.0004517 -0.0017868
 0.0006048 -0.0020350
 0.0010334 -0.0022741
 0.0013711 -0.0022341
 0.0014151 -0.0022281
 0.0016593 -0.0022155
 0.0015767 -0.0022368
 0.0015191 -0.0023133
 0.0016065 -0.0020568
 0.0019569 -0.0018972
 0.0022536 -0.0015473
 0.0026094 -0.0010239
 0.0029379 -0.0006592
 0.0030944 -0.0001514
 0.0032858  0.0001152
 0.0032649  0.0003157
 0.0031302  0.0003397
 0.0031088  0.0002767
 0.0030591  0.0004624
 0.0030925  0.0004360
 0.0033198  0.0007522
 0.0036020  0.0009887
 0.0037906  0.0011189
 0.0038222  0.0013290
 0.0037072  0.0014353
 0.0036117  0.0012823
 0.0032495  0.0011657
 0.0029553  0.0009785
 0.0027068  0.0007185
 0.0025323  0.0003786
 0.0026586  0.0003972
 0.0028868  0.0004182
 0.0029412  0.0005413
 0.0029988  0.0005960
 0.0030275  0.0006236
 0.0029199  0.0005355
 0.0028400  0.0003884
 0.0027521  0.0004050
 0.0030445  0.0003817
 0.0030899  0.0004623
 0.0030607  0.0007614
 0.0031505  0.0010553
 0.0029608  0.0014074
 0.0028033  0.0017171
 0.0024712  0.0020776
 0.0021981  0.0021471
 0.0020184  0.0022054
 0.0017417  0.0021368
 0.0014506  0.0022908
 0.0012647  0.0022714
 0.0009475  0.0025352
 0.0007422  0.0024361
 0.0004072  0.0022205
 0.0001170  0.0018431
-0.0003460  0.0015371
-0.0006346  0.0009680
-0.0007791  0.0002739
-0.0008254 -0.0004054
-0.0007513 -0.0008869
-0.0002848 -0.0013585
-0.0000937 -0.0016619
 0.0002043 -0.0016120
 0.0005110 -0.0014801
 0.0007875 -0.0012500
 0.0007892 -0.0009555
 0.0006508 -0.0007810
 0.0003368 -0.0007147
-0.0000554 -0.0005035
-0.0005865 -0.0006188
-0.0011522 -0.0005278
-0.0012423 -0.0006745
-0.0012370 -0.0007229
-0.0010318 -0.0008854
-0.0006341 -0.0010547
-0.0002634 -0.0012993
 0.0002379 -0.0013207
 0.0008409 -0.0012953
 0.0011557 -0.0013818
 0.0013547 -0.0009602
 0.0014562 -0.0007172
 0.0011752 -0.0005261
 0.0011141 -0.0004408
 0.0009211 -0.0005003
 0.0006822 -0.0005992
 0.0006686 -0.0007440
 0.0006766 -0.0009022
 0.0008211 -0.0010041
 0.0010641 -0.0010450
 0.0012720 -0.0006440
 0.0015437 -0.0004130
 0.0016816 -0.0003158
 0.0019604 -0.0001506
 0.0021864 -0.0001534
 0.0024560 -0.0001585
 0.0026607 -0.0003004
 0.0028015 -0.0003415
 0.0029776 -0.0003431
 0.0030720 -0.0004516
 0.0029501 -0.0004867
 0.0028357 -0.0003562
 0.0025201 -0.0004769
 0.0022883 -0.0007114
 0.0019118 -0.0006836
 0.0015743 -0.0008358
 0.0013180 -0.0010453
 0.0009882 -0.0011661
 0.0008177 -0.0013667
 0.0005514 -0.0015203
 0.0004921 -0.0015576
 0.0006476 -0.0015496
 0.0006957 -0.0015040
 0.0008023 -0.0012183
 0.0008412 -0.0008307
 0.0007793 -0.0003758
 0.0008015  0.0000051
 0.0007100  0.0005780
 0.0005746  0.0010395
 0.0004180  0.0014013
 0.0000457  0.0018280
-0.0003706  0.0022399
-0.0006266  0.0022711
-0.0009165  0.0022808
-0.0011703  0.0021825
-0.0011569  0.0016599
-0.0010699  0.0013520
-0.0007708  0.0009091
-0.0007678  0.0003299
-0.0004340 -0.0000213
-0.0005781 -0.0004406
-0.0003923 -0.0008386
-0.0003664 -0.0010687
-0.0003869 -0.0012279
 0.0000317 -0.0016202
 0.0001678 -0.0016599
 0.0004405 -0.0016696
 0.0003977 -0.0016171
 0.0004786 -0.0016488
 0.0004521 -0.0015420
 0.0002047 -0.0015013
 0.0000897 -0.0014221
-0.0000339 -0.0013781
-0.0000326 -0.0012311
-0.0000752 -0.0009725
-0.0000337 -0.0007109
-0.0000327 -0.0002884
-0.0002747  0.0001403
-0.0004100  0.0006236
-0.0005901  0.0008670
-0.0007522  0.0010058
-0.0007433  0.0011151
-0.0007436  0.0009563
-0.0005832  0.0009123
-0.0003993  0.0009016
-0.0002633  0.0008414
-0.0002833  0.0009249
-0.0004864  0.0012148
-0.0006573  0.0012888
-0.0012112  0.0013026
-0.0015305  0.0011033
-0.0017489  0.0007490
-0.0017107  0.0003836
-0.0017782 -0.0000315
-0.0015063 -0.0005129
-0.0011538 -0.0008454
-0.0008034 -0.0009528
-0.0003253 -0.0010852
-0.0000318 -0.0010215
 0.0002283 -0.0008898
 0.0005121 -0.0010044
 0.0001863 -0.0010204
 0.0002649 -0.0011139
 0.0003393 -0.0012593
 0.0005464 -0.0013701
 0.0007881 -0.0013993
 0.0010523 -0.0013748
 0.0015705 -0.0012517
 0.0015879 -0.0010933
 0.0017073 -0.0009081
 0.0016553 -0.0007572
 0.0014571 -0.0007061
 0.0012886 -0.0005858
 0.0010212 -0.0003617
 0.0008153 -0.0003047
 0.0005090 -0.0001982
 0.0002472 -0.0002738
 0.0000059 -0.0000492
-0.0000537  0.0001733
-0.0000866  0.0004608
-0.0001395  0.0008753
-0.0000442  0.0014719
 0.0001265  0.0017878
 0.0001249  0.0021804
 0.0000440  0.0025021
-0.0001720  0.0026474
-0.0002626  0.0026850
-0.0005149  0.0027479
-0.0007404  0.0028874
-0.0008964  0.0029228
-0.0010179  0.0029149
-0.0011398  0.0028828
-0.0013418  0.0029285
-0.0013789  0.0027282
-0.0014575  0.0025370
-0.0016822  0.0024023
-0.0017642  0.0021423
-0.0019766  0.0018931
-0.0019969  0.0016450
-0.0019634  0.0014640
-0.0018694  0.0014204
-0.0019175  0.0012287
-0.0018373  0.0013312
-0.0017268  0.0014334
-0.0018435  0.0017108
-0.0018344  0.0018685
-0.0019548  0.0019514
-0.0021873  0.0020478
-0.0022018  0.0019272
-0.0023687  0.0015277
-0.0024192  0.0009038
-0.0022703  0.0002698
-0.0022999 -0.0002690
-0.0022343 -0.0004495
-0.0021096 -0.0007944
-0.0020944 -0.0008662
-0.0020905 -0.0008008
-0.0019818 -0.0008526
-0.0018456 -0.0008117
-0.0016671 -0.0009256
-0.0015546 -0.0011111
-0.0015029 -0.0013618
-0.0017258 -0.0015895
-0.0018136 -0.0019410
-0.0021197 -0.0024213
-0.0023239 -0.0027369
-0.0023519 -0.0031428
-0.0025763 -0.0034762
-0.0024128 -0.0036389
-0.0020958 -0.0037065
-0.0017667 -0.0036041
-0.0016689 -0.0035803
-0.0013170 -0.0034108
-0.0013219 -0.0031500
-0.0010446 -0.0029679
-0.0008887 -0.0026607
-0.0005286 -0.0022202
-0.0003737 -0.0017225
-0.0000732 -0.0012580
-0.0001703 -0.0008055
-0.0001698 -0.0004471
-0.0002284 -0.0002351
-0.0003222 -0.0002734
-0.0006101 -0.0004278
-0.0004676 -0.0006197
-0.0005168 -0.0009086
-0.0003498 -0.0010422
 0.0000677 -0.0012087
 0.0004457 -0.0009580
 0.0006170 -0.0007763
 0.0007250 -0.0001962
 0.0009767  0.0002036
 0.0009891  0.0007020
 0.0008967  0.0013228
 0.0007319  0.0017341
 0.0005320  0.0021559
 0.0003792  0.0026265
 0.0001582  0.0028085
-0.0000372  0.0029190
-0.0003210  0.0030086
-0.0002148  0.0029587
-0.0004198  0.0030904
-0.0002768  0.0028603
 0.0000941  0.0029519
 0.0005460  0.0026643
 0.0009222  0.0027075
 0.0012414  0.0026881
 0.0014513  0.0028793
 0.0011542  0.0031554
 0.0008660  0.0034511
 0.0004764  0.0038012
 0.0001654  0.0040413
 0.0001464  0.0041224
 0.0000815  0.0042496
 0.0001414  0.0045143
 0.0003313  0.0046067
 0.0003486  0.0046907
 0.0003877  0.0048681
 0.0004143  0.0049976
 0.0005114  0.0051121
 0.0006008  0.0052320
 0.0007818  0.0050923
 0.0007972  0.0048722
 0.0008626  0.0045552
 0.0009868  0.0040857
 0.0011540  0.0036078
 0.0011039  0.0032093
 0.0013509  0.0031015
 0.0013525  0.0030986
 0.0012644  0.0031609
 0.0011305  0.0032745
 0.0008381  0.0034081
 0.0006916  0.0033317
 0.0004874  0.0035397
 0.0003684  0.0034475
 0.0001787  0.0031910
 0.0000503  0.0029291
-0.0000226  0.0025437
-0.0001992  0.0021413
-0.0002813  0.0019039
-0.0003330  0.0019971
-0.0004931  0.0019852
-0.0007558  0.0021953
-0.0012021  0.0025478
-0.0014750  0.0026224
-0.0018410  0.0027939
-0.0022389  0.0029020
-0.0027833  0.0027318
-0.0031255  0.0024146
-0.0034904  0.0018540
-0.0036696  0.0012704
-0.0035636  0.0008034
-0.0032726  0.0004616
-0.0026514  0.0001192
-0.0022718  0.0000884
-0.0018204 -0.0001010
-0.0014262 -0.0001994
-0.0010661 -0.0004550
-0.0006011 -0.0008129
-0.0001135 -0.0010406
 0.0003075 -0.0013688
 0.0009036 -0.0011195
 0.0013436 -0.0007402
 0.0018106 -0.0004376
 0.0017706 -0.0000179
 0.0018944  0.0005313
 0.0017016  0.0009930
 0.0016559  0.0013070
 0.0012950  0.0015853
 0.0011791  0.0019581
 0.0010521  0.0021105
 0.0008319  0.0022473
 0.0004809  0.0023957
 0.0003912  0.0024347
 0.0000703  0.0023667
 0.0000419  0.0024023
 0.0001384  0.0025825
 0.0002185  0.0025540
 0.0002661  0.0027036
 0.0005743  0.0027773
 0.0007275  0.0025556
 0.0011042  0.0024560
 0.0013040  0.0024437
 0.0017375  0.0021422
 0.0019535  0.0018794
 0.0021265  0.0018376
 0.0021891  0.0016010
 0.0022892  0.0017174
 0.0022646  0.0016771
 0.0023054  0.0013924
 0.0023081  0.0011039
 0.0023587  0.0010475
 0.0023010  0.0010003
 0.0020797  0.0011215
 0.0019502  0.0009893
 0.0015325  0.0011992
 0.0010640  0.0014331
 0.0005640  0.0017118
-0.0000172  0.0019126
-0.0004772  0.0019922
-0.0009650  0.0022844
-0.0014833  0.0025890
-0.0016061  0.0025026
-0.0015903  0.0026306
-0.0012341  0.0026765
-0.0005617  0.0024886
 0.0001207  0.0023542
 0.0007471  0.0021763
 0.0012127  0.0019031
 0.0013338  0.0018680
 0.0010915  0.0016051
 0.0009756  0.0012845
 0.0005359  0.0012226
 0.0001502  0.0009288
-0.0001333  0.0004586
-0.0004219  0.0000829
-0.0008590 -0.0005310
-0.0012029 -0.0009853
-0.0014361 -0.0013584
-0.0016887 -0.0016399
-0.0020079 -0.0019151
-0.0021589 -0.0021774
-0.0019447 -0.0022628
-0.0019060 -0.0022765
-0.0016249 -0.0022664
-0.0012655 -0.0019876
-0.0009452 -0.0015697
-0.0007508 -0.0012086
-0.0006895 -0.0008322
-0.0007088 -0.0007458
-0.0009075 -0.0006852
-0.0011879 -0.0007069
-0.0011764 -0.0007598
-0.0012713 -0.0011302
-0.0012034 -0.0015102
-0.0009781 -0.0021042
-0.0008289 -0.0023006
-0.0006898 -0.0025855
-0.0006621 -0.0028182
-0.0008383 -0.0028634
-0.0013557 -0.0028815
-0.0017881 -0.0029893
-0.0023630 -0.0030621
-0.0027469 -0.0032652
-0.0029759 -0.0034741
-0.0028302 -0.0033094
-0.0024775 -0.0035358
-0.0019084 -0.0037120
-0.0012687 -0.0034750
-0.0008414 -0.0032509
-0.0003360 -0.0029654
-0.0000805 -0.0024201
-0.0000554 -0.0017942
-0.0002200 -0.0013295
-0.0004388 -0.0007769
-0.0007571 -0.0004850
-0.0011695 -0.0002065
-0.0013433 -0.0002543
-0.0012707 -0.0004969
-0.0011208 -0.0010321
-0.0008158 -0.0013712
-0.0003127 -0.0016568
 0.0000359 -0.0019576
 0.0005145 -0.0020374
 0.0009699 -0.0022806
 0.0013820 -0.0022068
 0.0016189 -0.0023117
 0.0021014 -0.0021048
 0.0022359 -0.0016099
 0.0023245 -0.0012891
 0.0021858 -0.0008134
 0.0021145 -0.0004528
 0.0020398 -0.0002162
 0.0018793 -0.0001420
 0.0018091 -0.0001615
 0.0018500 -0.0003313
 0.0017915 -0.0004992
 0.0017634 -0.0004422
 0.0016891 -0.0003635
 0.0014708 -0.0001617
 0.0012063  0.0001272
 0.0007669  0.0002354
 0.0002379  0.0002726
-0.0001376 -0.0000288
-0.0004378 -0.0001433
-0.0004463 -0.0002671
-0.0006071 -0.0003751
-0.0005725 -0.0003402
-0.0005972 -0.0003016
-0.0004176 -0.0002647
-0.0003898 -0.0004034
-0.0002091 -0.0005828
 0.0000611 -0.0005876
 0.0000392 -0.0006969
 0.0001060 -0.0006461
 0.0004474 -0.0005876
 0.0005520 -0.0005551
 0.0007411 -0.0004689
 0.0009447 -0.0002359
 0.0011370 -0.0002588
 0.0012626  0.0001325
 0.0015730  0.0003374
 0.0017165  0.0007249
 0.0018061  0.0011693
 0.0019018  0.0016764
 0.0019467  0.0018781
 0.0020045  0.0020745
 0.0021694  0.0019319
 0.0021339  0.0013245
 0.0022164  0.0007469
 0.0023729 -0.0001229
 0.0023944 -0.0007042
 0.0021225 -0.0011212
 0.0017346 -0.0014644
 0.0015351 -0.0018106
 0.0013905 -0.0019794
 0.0016210 -0.0022692
 0.0015769 -0.0025411
 0.0019959 -0.0027168
 0.0022598 -0.0025968
 0.0023061 -0.0023196
 0.0024302 -0.0020359
 0.0024209 -0.0016051
 0.0024353 -0.0011798
 0.0024219 -0.0008965
 0.0025646 -0.0005658
 0.0025967 -0.0002198
 0.0026974 -0.0002093
 0.0026234  0.0000974
 0.0026486  0.0003028
 0.0024836  0.0003266
 0.0021822  0.0004495
 0.0020716  0.0005573
 0.0021342  0.0004950
 0.0021283  0.0004005
 0.0020696  0.0003076
 0.0021571 -0.0000396
 0.0023530 -0.0002419
 0.0024509 -0.0005561
 0.0024984 -0.0007211
 0.0026441 -0.0007907
 0.0023504 -0.0006538
 0.0022927 -0.0007542
 0.0018647 -0.0007355
 0.0016934 -0.0006475
 0.0014520 -0.0004448
 0.0011488 -0.0002617
 0.0009560 -0.0000180
 0.0005950 -0.0000289
 0.0003969 -0.0000469
 0.0002686  0.0000114
 0.0002633 -0.0000607
 0.0003304  0.0000489
 0.0002614  0.0003021
 0.0003239  0.0004706
 0.0003122  0.0006721
 0.0001844  0.0010226
 0.0000854  0.0007580
-0.0000680  0.0008090
-0.0002867  0.0002475
-0.0003007 -0.0003216
-0.0002228 -0.0008667
-0.0002310 -0.0017082
 0.0000305 -0.0022785
 0.0002481 -0.0027515
 0.0002675 -0.0031942
 0.0000145 -0.0033847
-0.0000052 -0.0034425
-0.0003110 -0.0034169
-0.0004210 -0.0029603
-0.0006490 -0.0025729
-0.0007552 -0.0020218
-0.0006502 -0.0017027
-0.0006981 -0.0015368
-0.0003368 -0.0015365
-0.0003676 -0.0016526
-0.0002909 -0.0017591
-0.0005068 -0.0015965
-0.0005849 -0.0016096
-0.0009180 -0.0016144
-0.0010989 -0.0017882
-0.0011838 -0.0019871
-0.0011295 -0.0021137
-0.0011098 -0.0023951
-0.0012509 -0.0024323
-0.0012361 -0.0026430
-0.0014660 -0.0026793
-0.0017212 -0.0025866
-0.0019188 -0.0025722
-0.0020668 -0.0024335
-0.0020962 -0.0023833
-0.0021008 -0.0023322
-0.0019179 -0.0023913
-0.0018497 -0.0022890
-0.0017576 -0.0024697
-0.0019511 -0.0026380
-0.0020506 -0.0030195
-0.0020803 -0.0032683
-0.0021046 -0.0036024
-0.0020958 -0.0038780
-0.0020630 -0.0040819
-0.0019246 -0.0039916
-0.0015798 -0.0037483
-0.0010815 -0.0035761
-0.0006914 -0.0033667
-0.0001445 -0.0030709
 0.0003306 -0.0028722
 0.0008112 -0.0024969
 0.0010042 -0.0020294
 0.0012508 -0.0016062
 0.0013350 -0.0012783
 0.0017053 -0.0008686
 0.0019649 -0.0004525
 0.0021631  0.0000222
 0.0024537  0.0006035
 0.0024533  0.0009831
 0.0025301  0.0013301
 0.0026180  0.0013025
 0.0027122  0.0011452
 0.0031003  0.0007668
 0.0034023  0.0005395
 0.0039584  0.0003946
 0.0044195  0.0003804
 0.0048426  0.0006966
 0.0051102  0.0009060
 0.0053101  0.0013501
 0.0054946  0.0014381
 0.0053889  0.0013855
 0.0053195  0.0014723
 0.0052823  0.0013681
 0.0050453  0.0011215
 0.0047056  0.0011117
 0.0045073  0.0009854
 0.0039745  0.0007301
 0.0036150  0.0006157
 0.0033023  0.0001795
 0.0031911 -0.0000843
 0.0030221 -0.0003044
 0.0030320 -0.0005519
 0.0028719 -0.0006823
 0.0028314 -0.0004568
 0.0026687 -0.0003873
 0.0025006  0.0000015
 0.0023241  0.0002359
 0.0018296  0.0003015
 0.0010962  0.0003716
 0.0006836  0.0001348
 0.0003006 -0.0002300
-0.0000245 -0.0005284
 0.0000461 -0.0011592
 0.0002371 -0.0014810
 0.0005244 -0.0018154
 0.0009197 -0.0019765
 0.0012591 -0.0021299
 0.0015912 -0.0020966
 0.0017862 -0.0021396
 0.0016769 -0.0021982
 0.0015086 -0.0022569
 0.0015179 -0.0024555
 0.0014964 -0.0024860
 0.0015643 -0.0020739
 0.0015828 -0.0020159
 0.0017033 -0.0016117
 0.0015601 -0.0014192
 0.0014749 -0.0012359
 0.0014397 -0.0014634
 0.0015394 -0.0018725
 0.0014472 -0.0022884
 0.0015566 -0.0024222
 0.0014991 -0.0025182
 0.0012876 -0.0024733
 0.0008363 -0.0024838
 0.0005140 -0.0024938
 0.0000741 -0.0025954
-0.0003715 -0.0024013
-0.0004405 -0.0023162
-0.0006733 -0.0022478
-0.0005213 -0.0022380
-0.0005029 -0.0022362
-0.0003512 -0.0025398
-0.0003760 -0.0028511
-0.0003771 -0.0033804
-0.0004076 -0.0038149
-0.0003513 -0.0043076
-0.0002735 -0.0044357
-0.0002134 -0.0046850
-0.0004362 -0.0046136
-0.0003891 -0.0044350
-0.0003147 -0.0043768
-0.0001989 -0.0044596
 0.0000729 -0.0045471
 0.0003181 -0.0044055
 0.0007021 -0.0042486
 0.0008478 -0.0042901
 0.0009157 -0.0040768
 0.0009707 -0.0036969
 0.0009065 -0.0034995
 0.0006956 -0.0030005
 0.0007794 -0.0027293
 0.0007184 -0.0025482
 0.0008647 -0.0024027
 0.0009603 -0.0021663
 0.0013411 -0.0019015
 0.0017812 -0.0013685
 0.0020535 -0.0007568
 0.0021040 -0.0001889
 0.0024621  0.0006899
 0.0023829  0.0011263
 0.0024929  0.0015711
 0.0026021  0.0018545
 0.0027063  0.0019068
 0.0028141  0.0018712
 0.0029687  0.0015985
 0.0029128  0.0016296
 0.0029123  0.0013603
 0.0027211  0.0011416
 0.0023190  0.0009895
 0.0019601  0.0009461
 0.0015627  0.0009540
 0.0010525  0.0006566
 0.0005180  0.0005059
-0.0001572  0.0003876
-0.0008280  0.0001328
-0.0017231 -0.0003322
-0.0023302 -0.0008595
-0.0027864 -0.0013016
-0.0030979 -0.0017484
-0.0030430 -0.0021537
-0.0028127 -0.0023873
-0.0021932 -0.0026556
-0.0015693 -0.0028457
-0.0007990 -0.0030749
-0.0000440 -0.0029261
 0.0004787 -0.0028334
 0.0008118 -0.0025948
 0.0008726 -0.0023090
 0.0008301 -0.0022486
 0.0006897 -0.0022373
 0.0004817 -0.0021063
 0.0002209 -0.0023043
-0.0002156 -0.0023919
-0.0004281 -0.0024560
-0.0005497 -0.0027016
-0.0007454 -0.0029584
-0.0007417 -0.0031462
-0.0008604 -0.0036068
-0.0007409 -0.0039786
-0.0008301 -0.0042269
-0.0006430 -0.0045268
-0.0004718 -0.0045526
-0.0001406 -0.0045140
 0.0000816 -0.0042560
 0.0000120 -0.0039303
 0.0001708 -0.0034417
 0.0000266 -0.0032125
 0.0000461 -0.0032189
 0.0001432 -0.0032142
 0.0004783 -0.0032877
 0.0008641 -0.0035380
 0.0011594 -0.0034736
 0.0015741 -0.0034422
 0.0015844 -0.0032569
 0.0014858 -0.0030499
 0.0013065 -0.0028217
 0.0012991 -0.0025884
 0.0014175 -0.0024729
 0.0016604 -0.0023346
 0.0021902 -0.0022149
 0.0027410 -0.0021354
 0.0031384 -0.0018289
 0.0032450 -0.0017761
 0.0031655 -0.0018355
 0.0029256 -0.0018401
 0.0026373 -0.0020470
 0.0024221 -0.0022231
 0.0019555 -0.0022453
 0.0017727 -0.0022039
 0.0013667 -0.0020663
 0.0011200 -0.0018059
 0.0008192 -0.0015121
 0.0006392 -0.0013781
 0.0002930 -0.0011126
-0.0000732 -0.0011462
-0.0005402 -0.0013952
-0.0011004 -0.0013296
-0.0014779 -0.0015278
-0.0018366 -0.0017578
-0.0019070 -0.0018378
-0.0017707 -0.0018102
-0.0013452 -0.0016075
-0.0009613 -0.0011891
-0.0006901 -0.0008150
-0.0006108 -0.0003226
-0.0005621  0.0000065
-0.0008358  0.0002456
-0.0010291  0.0004003
-0.0010798  0.0005347
-0.0011153  0.0003722
-0.0011208  0.0002392
-0.0011246  0.0002784
-0.0011237  0.0000838
-0.0011485  0.0000481
-0.0012723  0.0000518
-0.0013113 -0.0001017
-0.0012029  0.0000164
-0.0010680  0.0000447
-0.0009880 -0.0000573
-0.0009334 -0.0002242
-0.0004544 -0.0003655
-0.0001030 -0.0008400
 0.0002716 -0.0011528
 0.0007444 -0.0015282
 0.0008250 -0.0016982
 0.0009348 -0.0020077
 0.0007565 -0.0019437
 0.0004106 -0.0018861
 0.0000929 -0.0016953
-0.0001824 -0.0013745
-0.0004969 -0.0008554
-0.0008746 -0.0004051
-0.0012887  0.0002058
-0.0017191  0.0006594
-0.0023147  0.0009162
-0.0028083  0.0012043
-0.0034322  0.0010854
-0.0040394  0.0011217
-0.0046046  0.0009913
-0.0049270  0.0007455
-0.0050477  0.0005150
-0.0053771  0.0001119
-0.0054099 -0.0001742
-0.0053721 -0.0001188
-0.0051663 -0.0001936
-0.0050242 -0.0000711
-0.0047876 -0.0002252
-0.0044455 -0.0002385
-0.0043327 -0.0002094
-0.0040741 -0.0002766
-0.0038727 -0.0004381
-0.0037747 -0.0002969
-0.0037434 -0.0003060
-0.0035928 -0.0004583
-0.0032531 -0.0006628
-0.0031037 -0.0006689
-0.0026514 -0.0009568
-0.0021301 -0.0012048
-0.0016147 -0.0014302
-0.0010105 -0.0016980
-0.0006286 -0.0016517
-0.0004157 -0.0016734
-0.0003935 -0.0018283
-0.0005062 -0.0016617
-0.0006348 -0.0019005
-0.0008505 -0.0022490
-0.0009006 -0.0023415
-0.0009092 -0.0026756
-0.0009288 -0.0030062
-0.0007974 -0.0030300
-0.0006461 -0.0029876
-0.0004831 -0.0027881
-0.0001478 -0.0025636
 0.0001404 -0.0023276
 0.0005416 -0.0019640
 0.0007630 -0.0015720
 0.0012367 -0.0012667
 0.0014939 -0.0008951
 0.0019588 -0.0006815
 0.0024407 -0.0006223
 0.0027776 -0.0005443
 0.0032165 -0.0003315
 0.0033033  0.0000088
 0.0033110  0.0003174
 0.0030900  0.0008439
 0.0027909  0.0013138
 0.0024539  0.0017723
 0.0019599  0.0022448
 0.0016731  0.0024718
 0.0009649  0.0026199
 0.0006860  0.0026104
 0.0002237  0.0025308
-0.0002403  0.0026609
-0.0003386  0.0025605
-0.0005677  0.0024932
-0.0004843  0.0023431
-0.0002836  0.0024420
-0.0002840  0.0027143
-0.0003671  0.0029244
-0.0003242  0.0034723
-0.0005341  0.0039712
-0.0008480  0.0043698
-0.0008937  0.0046179
-0.0010441  0.0048118
-0.0010088  0.0044892
-0.0008217  0.0043012
-0.0007161  0.0039881
-0.0008586  0.0038501
-0.0009142  0.0037020
-0.0013566  0.0035603
-0.0020115  0.0032111
-0.0023902  0.0029394
-0.0025765  0.0023377
-0.0025289  0.0019798
-0.0023520  0.0014010
-0.0019013  0.0011946
-0.0014434  0.0009692
-0.0013788  0.0006724
-0.0013268  0.0004152
-0.0015929  0.0001898
-0.0018471 -0.0002178
-0.0023794 -0.0004502
-0.0026749 -0.0008777
-0.0027209 -0.0012986
-0.0026737 -0.0015191
-0.0026819 -0.0016658
-0.0023955 -0.0019282
-0.0019851 -0.0021297
-0.0014045 -0.0022127
-0.0007455 -0.0024270
-0.0000280 -0.0021056
 0.0006766 -0.0020246
 0.0011457 -0.0015497
 0.0016200 -0.0008896
 0.0015943 -0.0003868
 0.0018759  0.0001361
 0.0019633  0.0006082
 0.0020273  0.0008025
 0.0019426  0.0010525
 0.0020896  0.0014009
 0.0022905  0.0017914
 0.0022192  0.0020613
 0.0023604  0.0025241
 0.0023814  0.0028506
 0.0022561  0.0029853
 0.0020911  0.0029741
 0.0018023  0.0028858
 0.0015710  0.0027541
 0.0012706  0.0025615
 0.0008684  0.0024388
 0.0003304  0.0020582
 0.0000129  0.0020676
-0.0003192  0.0017214
-0.0008683  0.0015448
-0.0010434  0.0015706
-0.0012838  0.0012427
-0.0015170  0.0011963
-0.0015040  0.0011505
-0.0014921  0.0009807
-0.0013477  0.0010437
-0.0012484  0.0007980
-0.0014098  0.0007571
-0.0013696  0.0005669
-0.0013497  0.0003752
-0.0013695  0.0004485
-0.0010921  0.0005279
-0.0009571  0.0004200
-0.0008792  0.0004815
-0.0009207  0.0004607
-0.0008750  0.0005009
-0.0008444  0.0007360
-0.0009289  0.0008391
-0.0009602  0.0009471
-0.0011587  0.0008008
-0.0009374  0.0006360
-0.0007495  0.0004006
-0.0003442  0.0001361
-0.0000593 -0.0002793
 0.0003697 -0.0003792
 0.0006383 -0.0006481
 0.0010184 -0.0007580
 0.0012551 -0.0009142
 0.0010855 -0.0007976
 0.0011498 -0.0007911
 0.0009476 -0.0007367
 0.0007412 -0.0005524
 0.0006014 -0.0000647
 0.0002707  0.0005495
-0.0000745  0.0010511
-0.0002610  0.0015736
-0.0004355  0.0018020
-0.0004636  0.0019464
-0.0006626  0.0020176
-0.0006035  0.0017734
-0.0007903  0.0016371
-0.0007760  0.0014825
-0.0008819  0.0015575
-0.0009960  0.0016473
-0.0010080  0.0018034
-0.0011920  0.0018443
-0.0011619  0.0023015
-0.0012349  0.0023488
-0.0013521  0.0022416
-0.0014394  0.0022110
-0.0015157  0.0021508
-0.0015716  0.0018951
-0.0016825  0.0018550
-0.0018859  0.0017618
-0.0018104  0.0014961
-0.0019255  0.0015303
-0.0018907  0.0012721
-0.0015469  0.0009313
-0.0014058  0.0006729
-0.0010598  0.0006642
-0.0008513  0.0004259
-0.0007066  0.0007121
-0.0008973  0.0008267
-0.0008438  0.0008553
-0.0009054  0.0012261
-0.0006098  0.0014011
-0.0004549  0.0015808
-0.0001422  0.0016639
 0.0000755  0.0017726
 0.0003702  0.0014474
 0.0004464  0.0011765
 0.0003559  0.0007725
 0.0002127  0.0000573
 0.0001584 -0.0004603
 0.0003994 -0.0009746
 0.0005751 -0.0015477
 0.0008009 -0.0020650
 0.0009633 -0.0023094
 0.0010889 -0.0023671
 0.0010637 -0.0025609
 0.0008116 -0.0026831
 0.0004690 -0.0028328
 0.0004874 -0.0030569
 0.0002317 -0.0032200
 0.0002277 -0.0034224
 0.0004126 -0.0035310
 0.0006691 -0.0033473
 0.0005282 -0.0031502
 0.0006864 -0.0028853
 0.0006656 -0.0024903
 0.0006963 -0.0020112
 0.0008322 -0.0018372
 0.0009422 -0.0012628
 0.0012391 -0.0012725
 0.0014345 -0.0009539
 0.0015996 -0.0008740
 0.0017424 -0.0007148
 0.0017792 -0.0007478
 0.0016022 -0.0004136
 0.0012254 -0.0000079
 0.0004571  0.0003711
-0.0000321  0.0005720
-0.0008316  0.0007548
-0.0012292  0.0006327
-0.0016351  0.0006846
-0.0017910  0.0005967
-0.0020715  0.0004055
-0.0024109  0.0003528
-0.0026820  0.0002584
-0.0029812  0.0000239
-0.0029412 -0.0001148
-0.0029826 -0.0001617
-0.0028830 -0.0000875
-0.0028435 -0.0001466
-0.0025731  0.0001352
-0.0023270  0.0001316
-0.0022208  0.0002591
-0.0018157  0.0004077
-0.0014468  0.0004648
-0.0010307  0.0005185
-0.0005975  0.0004194
-0.0000221  0.0003245
 0.0002900  0.0000259
 0.0006836 -0.0002360
 0.0009492 -0.0006839
 0.0012749 -0.0009201
 0.0011518 -0.0010915
 0.0009248 -0.0013480
 0.0005328 -0.0015918
 0.0002508 -0.0017174
-0.0000648 -0.0020183
-0.0002381 -0.0023267
-0.0000792 -0.0024251
 0.0001636 -0.0027350
 0.0005225 -0.0025383
 0.0008757 -0.0026505
 0.0011330 -0.0025898
 0.0012264 -0.0026247
 0.0011704 -0.0024184
 0.0010027 -0.0023049
 0.0009410 -0.0020935
 0.0008913 -0.0017221
 0.0010950 -0.0013863
 0.0014769 -0.0009930
 0.0018741 -0.0005549
 0.0021374 -0.0003333
 0.0024642  0.0001285
 0.0026444  0.0002959
 0.0026832  0.0005179
 0.0025942  0.0007502
 0.0023625  0.0009779
 0.0022851  0.0011196
 0.0020358  0.0011870
 0.0018576  0.0010967
 0.0016041  0.0009714
 0.0014045  0.0008699
 0.0012402  0.0005036
 0.0010636  0.0002033
 0.0009915 -0.0001892
 0.0009459 -0.0005407
 0.0007941 -0.0008160
 0.0007064 -0.0010653
 0.0005121 -0.0011275
 0.0004071 -0.0011072
 0.0004805 -0.0008998
 0.0003367 -0.0008486
 0.0003895 -0.0007606
 0.0003980 -0.0007016
 0.0002884 -0.0006161
 0.0000906 -0.0005058
-0.0001450 -0.0004393
-0.0006830 -0.0003983
-0.0011783 -0.0003345
-0.0015097 -0.0004512
-0.0019295 -0.0004001
-0.0019824 -0.0006123
-0.0017037 -0.0009523
-0.0013844 -0.0010000
-0.0008732 -0.0009226
-0.0006035 -0.0005110
-0.0003139 -0.0000458
-0.0004360  0.0004051
-0.0006373  0.0008612
-0.0008318  0.0013716
-0.0008007  0.0016468
-0.0008084  0.0015317
-0.0005203  0.0014477
-0.0002646  0.0010977
 0.0001530  0.0007984
 0.0006040  0.0007484
 0.0009858  0.0005704
 0.0013017  0.0005210
 0.0015832  0.0007290
 0.0018765  0.0008674
 0.0019713  0.0007035
 0.0021155  0.0006762
 0.0020120  0.0004635
 0.0018088  0.0000058
 0.0015606 -0.0001443
 0.0011128 -0.0003712
 0.0009022 -0.0006122
 0.0005465 -0.0006795
 0.0001082 -0.0006592
-0.0001392 -0.0006485
-0.0004480 -0.0004178
-0.0006974 -0.0003897
-0.0006632 -0.0002560
-0.0008043 -0.0000937
-0.0009072 -0.0001103
-0.0009081  0.0001594
-0.0011787  0.0001269
-0.0014562  0.0000209
-0.0018621  0.0000251
-0.0021845 -0.0002350
-0.0026576 -0.0003516
-0.0028055 -0.0002793
-0.0027476 -0.0002511
-0.0027218 -0.0001356
-0.0024926  0.0004044
-0.0021075  0.0006718
-0.0020217  0.0012554
-0.0017691  0.0016024
-0.0017008  0.0018638
-0.0019025  0.0019017
-0.0019785  0.0018278
-0.0020710  0.0014550
-0.0021935  0.0011981
-0.0022138  0.0010644
-0.0022440  0.0009146
-0.0022232  0.0008001
-0.0018689  0.0006276
-0.0016549  0.0005187
-0.0014726  0.0004206
-0.0013244  0.0002086
-0.0014964 -0.0001364
-0.0013628 -0.0003599
-0.0011057 -0.0004852
-0.0010831 -0.0006061
-0.0009566 -0.0005498
-0.0010225 -0.0006019
-0.0010038 -0.0006729
-0.0012526 -0.0004976
-0.0008870 -0.0006799
-0.0009889 -0.0006979
-0.0009216 -0.0007733
-0.0007353 -0.0006913
-0.0008396 -0.0004913
-0.0010240 -0.0003332
-0.0008865 -0.0000332
-0.0006766 -0.0000105
-0.0003414  0.0001133
 0.0000243  0.0003522
 0.0004939  0.0006391
 0.0008993  0.0010927
 0.0010807  0.0014991
 0.0011241  0.0016224
 0.0005976  0.0018773
 0.0002915  0.0019772
-0.0000133  0.0019507
-0.0001944  0.0021645
-0.0001953  0.0021135
 0.0002595  0.0024112
 0.0003540  0.0027702
 0.0006766  0.0031092
 0.0011486  0.0033784
 0.0012200  0.0037021
 0.0013725  0.0040274
 0.0015013  0.0043443
 0.0013960  0.0045605
 0.0014503  0.0048112
 0.0011151  0.0049827
 0.0006918  0.0049235
 0.0004213  0.0048042
 0.0000295  0.0047993
-0.0001534  0.0045649
-0.0004223  0.0046061
-0.0006689  0.0044342
-0.0009314  0.0045979
-0.0010719  0.0048129
-0.0015847  0.0048239
-0.0020260  0.0046550
-0.0023178  0.0041977
-0.0026288  0.0038456
-0.0029815  0.0032021
-0.0030708  0.0025006
-0.0030794  0.0019693
-0.0028318  0.0015462
-0.0026325  0.0012221
-0.0024185  0.0009518
-0.0020266  0.0006625
-0.0015182  0.0004020
-0.0013211  0.0001381
-0.0007906 -0.0000541
-0.0006111 -0.0001613
-0.0004354 -0.0003363
-0.0002092 -0.0007013
-0.0001080 -0.0009589
 0.0005708 -0.0012147
 0.0006809 -0.0012356
 0.0011422 -0.0015077
 0.0014263 -0.0012476
 0.0013006 -0.0012522
 0.0011930 -0.0011901
 0.0011199 -0.0008173
 0.0009945 -0.0005970
 0.0011247 -0.0001909
 0.0011555  0.0003987
 0.0012427  0.0008476
 0.0011917  0.0012642
 0.0007435  0.0017679
 0.0005520  0.0018231
 0.0004692  0.0019786
 0.0002747  0.0019972
 0.0004002  0.0020483
 0.0004139  0.0022496
 0.0008118  0.0025957
 0.0008236  0.0027077
 0.0008960  0.0031022
 0.0010038  0.0033215
 0.0008427  0.0034054
 0.0006832  0.0035514
 0.0005185  0.0035096
 0.0005387  0.0035128
 0.0004933  0.0035370
 0.0006950  0.0034964
 0.0008627  0.0034930
 0.0009568  0.0039046
 0.0008002  0.0042133
 0.0005431  0.0044217
 0.0002076  0.0046584
-0.0001626  0.0045795
-0.0004258  0.0042997
-0.0004103  0.0041243
-0.0004348  0.0039933
-0.0002863  0.0038204
-0.0000808  0.0038563
 0.0001638  0.0038203
 0.0005073  0.0039011
 0.0010111  0.0041304
 0.0014354  0.0041121
 0.0016372  0.0041719
 0.0018857  0.0039813
 0.0018036  0.0038552
 0.0013389  0.0036550
 0.0008611  0.0033117
 0.0002514  0.0030796
-0.0006049  0.0027521
-0.0013588  0.0023617
-0.0018921  0.0018609
-0.0022625  0.0014167
-0.0025635  0.0010250
-0.0024483  0.0003960
-0.0021933 -0.0000687
-0.0018284 -0.0004230
-0.0013145 -0.0006822
-0.0009824 -0.0007382
-0.0006861 -0.0006310
-0.0006043 -0.0005005
-0.0005444 -0.0001109
-0.0004983  0.0002008
-0.0004848  0.0002940
-0.0005259  0.0005313
-0.0005588  0.0005162
-0.0007264  0.0007319
-0.0009007  0.0007450
-0.0011831  0.0006559
-0.0013339  0.0006347
-0.0012703  0.0004615
-0.0011639  0.0003533
-0.0009231  0.0002044
-0.0007555  0.0000902
-0.0005511  0.0000258
-0.0004110 -0.0001227
-0.0002134 -0.0000418
-0.0000128 -0.0000968
 0.0000685  0.0000136
 0.0002682  0.0001723
 0.0004241  0.0002878
 0.0001346  0.0003750
 0.0000386  0.0004555
-0.0002615  0.0004146
-0.0003875  0.0003054
-0.0006378  0.0000775
-0.0005324  0.0000179
-0.0004607 -0.0002114
-0.0005586 -0.0004511
-0.0004831 -0.0006253
-0.0006674 -0.0007661
-0.0007638 -0.0011266
-0.0008897 -0.0010185
-0.0010928 -0.0008311
-0.0011644 -0.0007352
-0.0013417 -0.0006190
-0.0013951 -0.0004154
-0.0014372 -0.0007106
-0.0016876 -0.0010395
-0.0017642 -0.0013441
-0.0015909 -0.0017856
-0.0014454 -0.0018790
-0.0010178 -0.0020564
-0.0004548 -0.0020610
-0.0000099 -0.0019410
 0.0004097 -0.0018139
 0.0007044 -0.0018307
 0.0009968 -0.0016663
 0.0011983 -0.0015299
 0.0013923 -0.0011425
 0.0015181 -0.0009269
 0.0016312 -0.0006589
 0.0018750 -0.0003141
 0.0022176  0.0002694
 0.0023386  0.0007764
 0.0022303  0.0012008
 0.0020325  0.0017889
 0.0017823  0.0020316
 0.0016058  0.0018675
 0.0013621  0.0017876
 0.0012191  0.0014183
 0.0012462  0.0011364
 0.0012769  0.0012651
 0.0010479  0.0012571
 0.0008809  0.0015228
 0.0004769  0.0015855
 0.0002237  0.0017138
 0.0002173  0.0017533
 0.0003359  0.0019325
 0.0005404  0.0021468
 0.0005485  0.0024659
 0.0005771  0.0026261
 0.0004088  0.0027928
 0.0003727  0.0026922
 0.0004513  0.0026640
 0.0002818  0.0024236
 0.0002035  0.0022994
 0.0000608  0.0021140
-0.0000582  0.0018730
-0.0005206  0.0018650
-0.0007027  0.0018732
-0.0009181  0.0019692
-0.0011378  0.0019659
-0.0010987  0.0021079
-0.0010852  0.0023599
-0.0008915  0.0025004
-0.0007752  0.0026665
-0.0007151  0.0024571
-0.0009043  0.0020750
-0.0008815  0.0017567
-0.0012173  0.0011406
-0.0014562  0.0008090
-0.0018473  0.0004108
-0.0020161  0.0003309
-0.0022942 -0.0000816
-0.0026456 -0.0002341
-0.0026786 -0.0004200
-0.0022654 -0.0004536
-0.0020184 -0.0004886
-0.0016514 -0.0001744
-0.0013596 -0.0000751
-0.0013628  0.0001406
-0.0013341  0.0001985
-0.0013449  0.0003071
-0.0014054  0.0002395
-0.0014117  0.0003170
-0.0012231  0.0004783
-0.0008967  0.0006432
-0.0004398  0.0009285
-0.0001471  0.0012702
-0.0001857  0.0013713
-0.0002388  0.0013114
-0.0002398  0.0010066
-0.0001557  0.0005235
-0.0000928  0.0002256
 0.0002808  0.0000435
 0.0002529 -0.0001126
 0.0003347  0.0002535
 0.0003283  0.0004591
 0.0000033  0.0006163
-0.0001955  0.0010440
-0.0002034  0.0014522
-0.0002573  0.0018842
-0.0001308  0.0020183
 0.0003418  0.0023704
 0.0008353  0.0023445
 0.0011856  0.0025598
 0.0014354  0.0025738
 0.0015161  0.0027130
 0.0014733  0.0029005
 0.0012385  0.0028901
 0.0011171  0.0029053
 0.0009399  0.0029960
 0.0009480  0.0030137
 0.0010099  0.0031604
 0.0009156  0.0032201
 0.0007083  0.0030966
 0.0005201  0.0029978
 0.0003651  0.0028654
 0.0002760  0.0027028
 0.0001872  0.0027582
 0.0001692  0.0028785
 0.0000192  0.0031142
-0.0000752  0.0034550
-0.0001310  0.0038898
-0.0003665  0.0041935
-0.0003536  0.0046956
-0.0001723  0.0049475
-0.0000647  0.0050915
-0.0000154  0.0049674
-0.0000306  0.0049485
 0.0001416  0.0046709
 0.0001796  0.0044279
 0.0000643  0.0041317
-0.0000947  0.0037652
-0.0000861  0.0036977
-0.0001627  0.0034586
-0.0004438  0.0032825
-0.0004799  0.0036029
-0.0005136  0.0034482
-0.0007481  0.0036389
-0.0010013  0.0036510
-0.0012617  0.0033499
-0.0016292  0.0028534
-0.0017163  0.0022251
-0.0018834  0.0013505
-0.0019651  0.0005922
-0.0017789 -0.0000582
-0.0016615 -0.0005555
-0.0012267 -0.0008005
-0.0010519 -0.0010564
-0.0007989 -0.0010535
-0.0005080 -0.0009275
-0.0001973 -0.0008713
-0.0000418 -0.0008011
 0.0003509 -0.0005891
 0.0005553 -0.0003958
 0.0006243 -0.0002813
 0.0005866 -0.0002010
 0.0004317 -0.0004930
-0.0000110 -0.0007795
-0.0003237 -0.0012437
-0.0006084 -0.0017095
-0.0009646 -0.0020574
-0.0010928 -0.0021359
-0.0012125 -0.0021392
-0.0014093 -0.0019879
-0.0015156 -0.0016638
-0.0015960 -0.0015728
-0.0018244 -0.0013758
-0.0021135 -0.0012422
-0.0023670 -0.0012808
-0.0024342 -0.0014531
-0.0024275 -0.0015635
-0.0026047 -0.0015682
-0.0025718 -0.0016379
-0.0025532 -0.0015495
-0.0028479 -0.0013485
-0.0033177 -0.0011239
-0.0036641 -0.0009247
-0.0040979 -0.0011191
-0.0045674 -0.0014494
-0.0045353 -0.0019217
-0.0045864 -0.0026522
-0.0041216 -0.0030586
-0.0036304 -0.0033378
-0.0030574 -0.0031950
-0.0024144 -0.0028744
-0.0019058 -0.0023197
-0.0015225 -0.0017108
-0.0011652 -0.0009537
-0.0007718 -0.0003746
-0.0006285  0.0003510
-0.0003797  0.0008947
-0.0003165  0.0012627
-0.0003952  0.0012377
-0.0003347  0.0013649
-0.0001663  0.0011334
 0.0000718  0.0008471
 0.0005591  0.0007291
 0.0009223  0.0006401
 0.0010602  0.0006615
 0.0012738  0.0006733
 0.0013222  0.0005345
 0.0015568  0.0003944
 0.0019626  0.0005315
 0.0021821  0.0003389
 0.0026211  0.0004212
 0.0030396  0.0002960
 0.0030999  0.0004162
 0.0031193  0.0004561
 0.0028906  0.0004867
 0.0024124  0.0001792
 0.0019679  0.0001617
 0.0014869 -0.0001345
 0.0008657 -0.0003620
 0.0006304 -0.0004540
 0.0004011 -0.0006352
 0.0002576 -0.0006334
 0.0000965 -0.0006948
 0.0002233 -0.0005354
 0.0000191 -0.0002513
-0.0001079  0.0001628
-0.0003755  0.0003013
-0.0008829  0.0003967
-0.0011467  0.0007662
-0.0016822  0.0008743
-0.0021085  0.0008912
-0.0026270  0.0009649
-0.0029076  0.0010424
-0.0031459  0.0011592
-0.0033785  0.0012253
-0.0033386  0.0012419
-0.0031726  0.0014126
-0.0030183  0.0013085
-0.0028559  0.0014770
-0.0026820  0.0013746
-0.0022652  0.0014190
-0.0022521  0.0013261
-0.0021937  0.0012474
-0.0019819  0.0010792
-0.0019672  0.0007496
-0.0016507  0.0002895
-0.0011545  0.0000671
-0.0011201 -0.0003051
-0.0007528 -0.0005360
-0.0006293 -0.0009418
-0.0007655 -0.0010820
-0.0009034 -0.0012640
-0.0009075 -0.0013903
-0.0008358 -0.0014881
-0.0006924 -0.0013471
-0.0003837 -0.0013231
-0.0002232 -0.0011439
 0.0000280 -0.0008677
 0.0001936 -0.0005376
 0.0005856 -0.0002625
 0.0011999  0.0000309
 0.0016594  0.0001352
 0.0021835  0.0003026
 0.0029338  0.0004464
 0.0033293  0.0003578
 0.0037442  0.0005242
 0.0039939  0.0007053
 0.0039393  0.0004591
 0.0038421  0.0004421
 0.0038974  0.0003489
 0.0039900  0.0000981
 0.0044469 -0.0001886
 0.0049638 -0.0003122
 0.0055335 -0.0001668
 0.0061546  0.0000831
 0.0064788  0.0001774
 0.0066787  0.0004814
 0.0065915  0.0009328
 0.0064525  0.0008885
 0.0061003  0.0008578
 0.0059019  0.0009878
 0.0056582  0.0009054
 0.0053386  0.0009824
 0.0053222  0.0012323
 0.0046784  0.0013269
 0.0045844  0.0014754
 0.0044659  0.0016471
 0.0043788  0.0014279
 0.0043282  0.0010459
 0.0043504  0.0007362
 0.0044099  0.0004310
 0.0041053  0.0003208
 0.0042110  0.0002435
 0.0039220  0.0003334
 0.0036951  0.0005407
 0.0037620  0.0004344
 0.0037120  0.0003575
 0.0037010  0.0001869
 0.0038699 -0.0002521
 0.0037200 -0.0004641
 0.0034169 -0.0004822
 0.0030266 -0.0004873
 0.0026348 -0.0004773
 0.0022032 -0.0002963
 0.0017619 -0.0001545
 0.0015728 -0.0002425
 0.0015911 -0.0001903
 0.0015199 -0.0003198
 0.0014508 -0.0002974
 0.0014797 -0.0003054
 0.0014011 -0.0004571
 0.0011592 -0.0004307
 0.0010166 -0.0003940
 0.0007685 -0.0004621
 0.0005592 -0.0004868
 0.0001986 -0.0004279
-0.0000023 -0.0003578
-0.0003216 -0.0001332
-0.0006288  0.0002102
-0.0009883  0.0003666
-0.0013381  0.0005925
-0.0016212  0.0006039
-0.0015596  0.0003689
-0.0014460  0.0001681
-0.0012992 -0.0000923
-0.0012044 -0.0003049
-0.0011671 -0.0003445
-0.0012141 -0.0001897
-0.0011853 -0.0001601
-0.0013123  0.0002149
-0.0012690  0.0006602
-0.0011547  0.0009230
-0.0009169  0.0012257
-0.0007007  0.0015624
-0.0003022  0.0015488
-0.0002754  0.0016135
 0.0000661  0.0013289
 0.0000450  0.0013774
 0.0001219  0.0015504
 0.0001918  0.0015054
 0.0000388  0.0018068
 0.0001959  0.0020417
 0.0003081  0.0019139
 0.0002306  0.0017721
 0.0006973  0.0013836
 0.0007731  0.0010480
 0.0012069  0.0006276
 0.0015793  0.0007337
 0.0017947  0.0006414
 0.0019178  0.0009241
 0.0019162  0.0010058
 0.0019395  0.0007756
 0.0019035  0.0007551
 0.0018193  0.0006258
 0.0018033  0.0006655
 0.0017571  0.0004577
 0.0017633  0.0006654
 0.0019394  0.0006030
 0.0020199  0.0005114
 0.0020955  0.0005765
 0.0019949  0.0007459
 0.0019157  0.0011058
 0.0018728  0.0014604
 0.0017337  0.0018265
 0.0015873  0.0021453
 0.0014412  0.0022181
 0.0012375  0.0022018
 0.0009272  0.0020521
 0.0004370  0.0016596
-0.0001290  0.0013615
-0.0008085  0.0011959
-0.0013002  0.0008391
-0.0017015  0.0005643
-0.0018141  0.0003763
-0.0018056  0.0000432
-0.0015279 -0.0001592
-0.0010722 -0.0003128
-0.0009465 -0.0002120
-0.0005389 -0.0002113
-0.0002011  0.0000949
 0.0000859  0.0002218
 0.0000503  0.0004226
 0.0002268  0.0006030
 0.0001498  0.0005297
 0.0000734  0.0007696
-0.0000885  0.0009566
-0.0000629  0.0011040
-0.0001151  0.0013576
-0.0002753  0.0018075
-0.0002815  0.0019902
-0.0005197  0.0023427
-0.0006051  0.0024607
-0.0008670  0.0022526
-0.0009189  0.0019802
-0.0008988  0.0012959
-0.0007475  0.0009487
-0.0001919  0.0007529
 0.0002329  0.0006875
 0.0008291  0.0005509
 0.0012291  0.0006809
 0.0015175  0.0006383
 0.0015829  0.0007361
 0.0013014  0.0007752
 0.0010831  0.0008003
 0.0004360  0.0007178
-0.0001209  0.0009481
-0.0005053  0.0008222
-0.0009000  0.0008737
-0.0010702  0.0008533
-0.0009785  0.0006811
-0.0008818  0.0002952
-0.0006118  0.0000890
-0.0003831 -0.0005257
 0.0000323 -0.0009083
 0.0003626 -0.0012525
 0.0008455 -0.0016021
 0.0010775 -0.0018465
 0.0014510 -0.0022648
 0.0015694 -0.0025439
 0.0016758 -0.0028172
 0.0017079 -0.0029708
 0.0019549 -0.0028064
 0.0021147 -0.0027094
 0.0021106 -0.0025218
 0.0020951 -0.0023385
 0.0019213 -0.0020061
 0.0018710 -0.0019425
 0.0017946 -0.0019230
 0.0019639 -0.0019466
 0.0022157 -0.0021668
 0.0024474 -0.0022660
 0.0026889 -0.0024119
 0.0027995 -0.0027165
 0.0027305 -0.0025374
 0.0026982 -0.0024352
 0.0025703 -0.0023154
 0.0023545 -0.0019093
 0.0022899 -0.0014454
 0.0021352 -0.0010078
 0.0021315 -0.0005607
 0.0021313  0.0000312
 0.0021653  0.0002352
 0.0021964  0.0003791
 0.0022642  0.0003766
 0.0024516  0.0002852
 0.0027496  0.0001741
 0.0030138  0.0002321
 0.0031442  0.0001458
 0.0032563  0.0000779
 0.0033318  0.0001253
 0.0032980 -0.0001232
 0.0033759 -0.0003218
 0.0032046 -0.0005361
 0.0029713 -0.0007481
 0.0028645 -0.0007760
 0.0028331 -0.0006690
 0.0023702 -0.0006759
 0.0019366 -0.0003150
 0.0015736 -0.0002800
 0.0010756 -0.0004999
 0.0006275 -0.0006442
 0.0003080 -0.0011016
-0.0002324 -0.0015067
-0.0006161 -0.0016655
-0.0011205 -0.0018533
-0.0013411 -0.0019761
-0.0014366 -0.0017833
-0.0014288 -0.0016192
-0.0014680 -0.0016605
-0.0012371 -0.0012735
-0.0010362 -0.0012228
-0.0010666 -0.0010619
-0.0012726 -0.0008898
-0.0015397 -0.0007103
-0.0018482 -0.0005329
-0.0020939 -0.0001529
-0.0026450 -0.0001710
-0.0025726  0.0000059
-0.0025221 -0.0000326
-0.0024028 -0.0002340
-0.0023219 -0.0001442
-0.0023026 -0.0003035
-0.0024552 -0.0004485
-0.0025492 -0.0004181
-0.0027454 -0.0005910
-0.0027532 -0.0006812
-0.0026847 -0.0004596
-0.0025553 -0.0003569
-0.0022902 -0.0003033
-0.0019889  0.0000411
-0.0017076  0.0002063
-0.0015480  0.0003972
-0.0015425  0.0005430
-0.0014948  0.0007372
-0.0015213  0.0005986
-0.0016447  0.0004887
-0.0015307  0.0002177
-0.0015825  0.0000062
-0.0011956 -0.0002032
-0.0007840 -0.0004025
-0.0003205 -0.0005506
 0.0000653 -0.0007375
 0.0004216 -0.0007439
 0.0003923 -0.0009589
 0.0002453 -0.0012596
 0.0000552 -0.0013225
-0.0004111 -0.0016833
-0.0007280 -0.0019436
-0.0008338 -0.0021494
-0.0008678 -0.0021989
-0.0005624 -0.0020118
-0.0002059 -0.0019868
 0.0000483 -0.0013754
 0.0005719 -0.0010017
 0.0006893 -0.0006625
 0.0006757 -0.0001941
 0.0005522  0.0001695
 0.0003282  0.0006015
-0.0000110  0.0008384
-0.0004204  0.0008701
-0.0005904  0.0006227
-0.0007953  0.0004844
-0.0006300  0.0001434
-0.0005020 -0.0001791
-0.0005097 -0.0000355
-0.0003124  0.0002750
-0.0003349  0.0003466
-0.0003653  0.0008419
-0.0004245  0.0010569
-0.0005507  0.0011461
-0.0005494  0.0012175
-0.0005490  0.0011869
-0.0003967  0.0009478
-0.0002715  0.0011406
-0.0000442  0.0012056
 0.0001263  0.0013112
 0.0000845  0.0015198
-0.0001296  0.0015611
-0.0003926  0.0012906
-0.0006486  0.0012717
-0.0008586  0.0009884
-0.0012936  0.0006758
-0.0015655  0.0004477
-0.0018510  0.0003845
-0.0021604  0.0003244
-0.0021822  0.0004047
-0.0023900  0.0005226
-0.0023994  0.0004956
-0.0026545  0.0005839
-0.0024600  0.0005843
-0.0026536  0.0006787
-0.0026615  0.0007111
-0.0028837  0.0003753
-0.0031331  0.0000887
-0.0031999 -0.0004333
-0.0032328 -0.0008530
-0.0031605 -0.0010593
-0.0032201 -0.0011419
-0.0030693 -0.0009373
-0.0032908 -0.0004761
-0.0031982  0.0000671
-0.0034302  0.0005683
-0.0034315  0.0009615
-0.0033702  0.0010433
-0.0032593  0.0010004
-0.0031373  0.0007888
-0.0029900  0.0003125
-0.0025402 -0.0001484
-0.0021873 -0.0002761
-0.0017939 -0.0005228
-0.0011403 -0.0004391
-0.0010665 -0.0001813
-0.0008080  0.0000823
-0.0009722  0.0005374
-0.0012908  0.0010090
-0.0017450  0.0013016
-0.0024203  0.0017089
-0.0028047  0.0021665
-0.0032166  0.0023533
-0.0035185  0.0025317
-0.0035128  0.0025836
-0.0033902  0.0024708
-0.0031027  0.0022067
-0.0026522  0.0018525
-0.0022702  0.0015153
-0.0020151  0.0014069
-0.0016884  0.0011547
-0.0017544  0.0009277
-0.0018071  0.0008427
-0.0018515  0.0005405
-0.0018564  0.0001145
-0.0015920 -0.0003097
-0.0010175 -0.0008475
-0.0004226 -0.0012014
 0.0001170 -0.0012954
 0.0006149 -0.0012708
 0.0007408 -0.0010768
 0.0006918 -0.0008446
 0.0003186 -0.0005881
-0.0000337 -0.0004121
-0.0005067 -0.0001572
-0.0007699 -0.0002859
-0.0011111 -0.0006048
-0.0011599 -0.0009446
-0.0008205 -0.0012838
-0.0007004 -0.0017546
-0.0004188 -0.0018184
 0.0000303 -0.0019476
 0.0002131 -0.0018841
 0.0001583 -0.0017279
 0.0001545 -0.0014771
-0.0001631 -0.0012828
-0.0003390 -0.0012332
-0.0005984 -0.0011820
-0.0007618 -0.0009297
-0.0007428 -0.0009654
-0.0006268 -0.0009667
-0.0003391 -0.0006479
-0.0001215 -0.0004486
-0.0000057 -0.0002483
 0.0003235 -0.0000077
 0.0005439  0.0000698
 0.0008825  0.0000292
 0.0011389  0.0000528
 0.0013034  0.0001202
 0.0014800  0.0003303
 0.0015613  0.0008384
 0.0016868  0.0012135
 0.0019138  0.0019035
 0.0020603  0.0024378
 0.0020275  0.0030696
 0.0018624  0.0036081
 0.0018112  0.0039826
 0.0016875  0.0038586
 0.0014164  0.0038874
 0.0012229  0.0037343
 0.0010480  0.0031167
 0.0007506  0.0025080
 0.0008115  0.0017907
 0.0004695  0.0007746
 0.0005328 -0.0000252
 0.0003544 -0.0007031
 0.0002294 -0.0015222
-0.0001031 -0.0018112
-0.0000128 -0.0020328
-0.0001754 -0.0020814
-0.0002765 -0.0020385
-0.0003217 -0.0016883
-0.0006931 -0.0014364
-0.0011933 -0.0011957
-0.0016620 -0.0008979
-0.0020863 -0.0008161
-0.0022494 -0.0007360
-0.0021593 -0.0007060
-0.0020845 -0.0007626
-0.0018946 -0.0008771
-0.0015889 -0.0009536
-0.0015267 -0.0009196
-0.0013638 -0.0007514
-0.0013623 -0.0005323
-0.0015281 -0.0001347
-0.0015601  0.0003412
-0.0015390  0.0006372
-0.0016093  0.0010324
-0.0015096  0.0011864
-0.0012941  0.0012906
-0.0010269  0.0010421
-0.0006140  0.0008715
-0.0001855  0.0004416
 0.0001041  0.0003275
 0.0006774  0.0002043
 0.0009449  0.0004332
 0.0011067  0.0009049
 0.0011917  0.0012568
 0.0012503  0.0015239
 0.0011071  0.0018454
 0.0010165  0.0017426
 0.0007064  0.0015525
 0.0005643  0.0016574
 0.0000007  0.0014475
-0.0004025  0.0014204
-0.0008953  0.0014041
-0.0015192  0.0013406
-0.0020116  0.0010181
-0.0023995  0.0008546
-0.0025759  0.0007338
-0.0029192  0.0003711
-0.0028270  0.0005765
-0.0029204  0.0006659
-0.0030608  0.0006785
-0.0026999  0.0008910
-0.0028501  0.0007833
-0.0026166  0.0008318
-0.0024620  0.0008719
-0.0024845  0.0007101
-0.0023984  0.0007677
-0.0023994  0.0006517
-0.0026159  0.0004925
-0.0026446  0.0004434
-0.0025790  0.0003807
-0.0025151  0.0001859
-0.0025984  0.0000491
-0.0026067  0.0000758
-0.0028143 -0.0001233
-0.0029805 -0.0002870
-0.0034554 -0.0005966
-0.0037783 -0.0011008
-0.0036077 -0.0014024
-0.0033938 -0.0016747
-0.0031407 -0.0019085
-0.0028073 -0.0017017
-0.0024456 -0.0016784
-0.0022265 -0.0015410
-0.0021579 -0.0012093
-0.0019191 -0.0011462
-0.0018854 -0.0008375
-0.0018052 -0.0007099
-0.0015584 -0.0007128
-0.0013053 -0.0009422
-0.0010200 -0.0010869
-0.0006280 -0.0013943
-0.0003152 -0.0018034
-0.0001983 -0.0019403
-0.0002467 -0.0019817
-0.0000760 -0.0020355
-0.0002231 -0.0021327
-0.0000397 -0.0023258
-0.0002282 -0.0022386
-0.0000756 -0.0021501
-0.0001374 -0.0021026
-0.0001841 -0.0018740
-0.0000367 -0.0017759
 0.0000445 -0.0015824
 0.0002364 -0.0012165
 0.0006068 -0.0010962
 0.0010432 -0.0010011
 0.0014899 -0.0007356
 0.0020855 -0.0002934
 0.0023044  0.0001591
 0.0022308  0.0009847
 0.0021337  0.0014229
 0.0016557  0.0019140
 0.0010941  0.0020990
 0.0007107  0.0021489
 0.0003816  0.0020378
 0.0003915  0.0018028
 0.0002678  0.0016493
 0.0003582  0.0011618
 0.0002630  0.0010008
-0.0000160  0.0008583
-0.0001050  0.0006086
-0.0000870  0.0006739
-0.0001753  0.0006978
-0.0002633  0.0007463
-0.0001107  0.0008179
-0.0000168  0.0007328
 0.0000156  0.0006349
 0.0001839  0.0007436
 0.0001918  0.0003130
 0.0002065  0.0001113
 0.0003084  0.0003093
 0.0003204  0.0000557
 0.0003454 -0.0001330
 0.0007290 -0.0000341
 0.0010942  0.0000291
 0.0013108  0.0002627
 0.0018822  0.0006220
 0.0023619  0.0007980
 0.0028317  0.0011452
 0.0035304  0.0015125
 0.0038982  0.0017432
 0.0041028  0.0019301
 0.0042589  0.0019412
 0.0042445  0.0021009
 0.0042104  0.0023221
 0.0040910  0.0024998
 0.0039361  0.0027156
 0.0036983  0.0029552
 0.0035018  0.0029654
 0.0033724  0.0029460
 0.0031526  0.0028408
 0.0032565  0.0028023
 0.0032426  0.0027894
 0.0032800  0.0030636
 0.0034981  0.0033107
 0.0037227  0.0037047
 0.0041177  0.0038013
 0.0047099  0.0037227
 0.0051346  0.0035682
 0.0056543  0.0034490
 0.0058949  0.0030984
 0.0060515  0.0031558
 0.0058169  0.0031723
 0.0052589  0.0033085
 0.0045748  0.0035365
 0.0037655  0.0036865
 0.0027421  0.0036885
 0.0019946  0.0038936
 0.0014125  0.0039593
 0.0009209  0.0038160
 0.0006426  0.0037314
 0.0003645  0.0036193
 0.0000721  0.0034343
-0.0002203  0.0030286
-0.0004465  0.0027178
-0.0006303  0.0022544
-0.0008250  0.0018776
-0.0010806  0.0013087
-0.0015786  0.0008861
-0.0020079  0.0007139
-0.0026869  0.0002263
-0.0033637  0.0000948
-0.0035819 -0.0001788
-0.0041649 -0.0001361
-0.0043951 -0.0002843
-0.0045658 -0.0002864
-0.0047262 -0.0004491
-0.0047129 -0.0005951
-0.0047194 -0.0007589
-0.0047728 -0.0009273
-0.0044514 -0.0011229
-0.0037761 -0.0012858
-0.0030728 -0.0015860
-0.0022633 -0.0017813
-0.0013379 -0.0017184
-0.0005750 -0.0015738
 0.0001746 -0.0014114
 0.0006790 -0.0009834
 0.0010082 -0.0008973
 0.0013577 -0.0006041
 0.0014266 -0.0006650
 0.0013983 -0.0008602
 0.0014612 -0.0010158
 0.0017168 -0.0010879
 0.0020173 -0.0012411
 0.0023317 -0.0011706
 0.0028986 -0.0010338
 0.0032390 -0.0009191
 0.0038909 -0.0003689
 0.0041122 -0.0002209
 0.0041463 -0.0000422
 0.0039709  0.0003563
 0.0037427  0.0004157
 0.0033033  0.0004251
 0.0031747  0.0004049
 0.0030271  0.0001687
 0.0030871  0.0000267
 0.0030104  0.0001528
 0.0030212  0.0002135
 0.0029275  0.0002494
 0.0027204  0.0004773
 0.0024019  0.0004621
 0.0021854  0.0005241
 0.0021885  0.0004770
 0.0020135  0.0004793
 0.0019016  0.0006458
 0.0017874  0.0007750
 0.0012184  0.0008074
 0.0010104  0.0010183
 0.0005029  0.0011710
-0.0000810  0.0011080
-0.0008092  0.0010727
-0.0012871  0.0012520
-0.0020240  0.0010030
-0.0023486  0.0010294
-0.0026274  0.0010432
-0.0030518  0.0009753
-0.0030816  0.0008429
-0.0032324  0.0008431
-0.0032351  0.0006151
-0.0031471  0.0005877
-0.0032963  0.0003501
-0.0031189  0.0001972
-0.0031394  0.0002107
-0.0030370 -0.0000682
-0.0029197 -0.0000720
-0.0027988 -0.0000050
-0.0026754  0.0001150
-0.0026478  0.0001477
-0.0023581  0.0002997
-0.0025701  0.0005165
-0.0024515  0.0008972
-0.0022555  0.0009479
-0.0023246  0.0010408
-0.0021903  0.0011696
-0.0017906  0.0012266
-0.0015621  0.0013657
-0.0012238  0.0013508
-0.0007972  0.0017060
-0.0005005  0.0019551
-0.0002684  0.0021498
 0.0001128  0.0025696
 0.0003590  0.0027456
 0.0006499  0.0030577
 0.0009393  0.0031957
 0.0006857  0.0031495
 0.0006782  0.0030103
 0.0006047  0.0028276
 0.0005768  0.0024639
 0.0005883  0.0022514
 0.0008172  0.0020440
 0.0009344  0.0019056
 0.0010378  0.0018238
 0.0011293  0.0018993
 0.0011825  0.0016963
 0.0012022  0.0017637
 0.0010731  0.0015122
 0.0008886  0.0012383
 0.0009000  0.0010575
 0.0007239  0.0007244
 0.0006135  0.0003848
 0.0004711  0.0000898
 0.0001998 -0.0002438
-0.0000025 -0.0002777
-0.0003968 -0.0002837
-0.0005959 -0.0003352
-0.0008100 -0.0001528
-0.0009105 -0.0001850
-0.0010718 -0.0002247
-0.0011030 -0.0001302
-0.0009435 -0.0000516
-0.0009656 -0.0001594
-0.0007375  0.0000667
-0.0004674  0.0002531
-0.0005135  0.0001423
-0.0004701  0.0002699
-0.0001931  0.0001423
-0.0002132 -0.0001137
-0.0001968 -0.0001599
 0.0002672 -0.0003828
 0.0002823 -0.0005018
 0.0002690 -0.0003072
 0.0002386 -0.0002313
 0.0000584  0.0000211
 0.0002240  0.0002840
 0.0002899  0.0005815
 0.0002843  0.0007770
 0.0004637  0.0011078
 0.0005558  0.0010030
 0.0007969  0.0010058
 0.0010164  0.0011981
 0.0011535  0.0010935
 0.0012758  0.0008489
 0.0016330  0.0008649
 0.0014647  0.0006243
 0.0014943  0.0004631
 0.0015205  0.0005133
 0.0015034  0.0003504
 0.0016393  0.0003273
 0.0018466  0.0004485
 0.0020202  0.0006699
 0.0019336  0.0011492
 0.0019411  0.0015385
 0.0020110  0.0019643
 0.0019404  0.0022139
 0.0020494  0.0027672
 0.0018576  0.0029278
 0.0018529  0.0033549
 0.0017890  0.0037467
 0.0015803  0.0036128
 0.0012757  0.0037850
 0.0010458  0.0035382
 0.0006593  0.0031297
 0.0005450  0.0030727
 0.0004805  0.0028781
 0.0003184  0.0028874
 0.0000121  0.0030474
-0.0003393  0.0032589
-0.0007180  0.0035504
-0.0010457  0.0038468
-0.0010502  0.0039128
-0.0012168  0.0039374
-0.0010928  0.0038384
-0.0008699  0.0037902
-0.0005299  0.0037776
-0.0004567  0.0036765
-0.0004692  0.0035760
-0.0004662  0.0033766
-0.0006843  0.0030232
-0.0009062  0.0026161
-0.0007925  0.0021373
-0.0005457  0.0017079
-0.0003500  0.0013740
 0.0002560  0.0015213
 0.0006885  0.0014911
 0.0009160  0.0018084
 0.0012313  0.0023543
 0.0013763  0.0026436
 0.0012124  0.0028638
 0.0013522  0.0031637
 0.0013712  0.0032957
 0.0013090  0.0031451
 0.0015083  0.0028707
 0.0015384  0.0024062
 0.0017340  0.0018809
 0.0018643  0.0011812
 0.0019059  0.0003454
 0.0020357 -0.0003939
 0.0017887 -0.0010753
 0.0020164 -0.0015639
 0.0020173 -0.0020292
 0.0022739 -0.0021112
 0.0024800 -0.0018437
 0.0027756 -0.0017674
 0.0028704 -0.0016299
 0.0027407 -0.0017726
 0.0027304 -0.0017565
 0.0026732 -0.0014208
 0.0028252 -0.0011121
 0.0025712 -0.0007386
 0.0025159 -0.0001108
 0.0024710  0.0003986
 0.0024657  0.0006458
 0.0024135  0.0010159
 0.0023408  0.0012047
 0.0024808  0.0014339
 0.0024949  0.0015884
 0.0025304  0.0018832
 0.0024551  0.0023551
 0.0024878  0.0027262
 0.0023377  0.0028225
 0.0022374  0.0028303
 0.0021044  0.0028261
 0.0023092  0.0022395
 0.0026114  0.0020178
 0.0031213  0.0018643
 0.0034480  0.0017228
 0.0039347  0.0016734
 0.0041280  0.0017214
 0.0038092  0.0019447
 0.0037594  0.0021396
 0.0032723  0.0021241
 0.0026775  0.0022955
 0.0023179  0.0023964
 0.0017902  0.0024080
 0.0015411  0.0022259
 0.0011812  0.0020711
 0.0010148  0.0019290
 0.0006984  0.0019551
 0.0005301  0.0018663
 0.0002978  0.0017140
 0.0001099  0.0016127
 0.0000888  0.0014480
 0.0001430  0.0012855
 0.0002312  0.0011448
 0.0004040  0.0008589
 0.0002438  0.0003811
 0.0002442 -0.0000478
 0.0005224 -0.0004969
 0.0003706 -0.0009757
 0.0002071 -0.0012564
 0.0003134 -0.0014751
 0.0003287 -0.0017825
 0.0004051 -0.0018086
 0.0006175 -0.0015605
 0.0005805 -0.0013909
 0.0007083 -0.0010029
 0.0007860 -0.0004978
 0.0006646  0.0001508
 0.0005179  0.0006439
 0.0004481  0.0011121
 0.0001644  0.0014256
-0.0001259  0.0014033
-0.0001014  0.0012255
-0.0001203  0.0009668
 0.0000786  0.0007538
 0.0003324  0.0005733
 0.0005227  0.0002976
 0.0005951  0.0002717
 0.0006745  0.0002987
 0.0005210  0.0003395
 0.0003293  0.0005679
 0.0002870  0.0004220
 0.0001562  0.0004187
 0.0003538  0.0005573
 0.0003509  0.0002601
 0.0005255  0.0001832
 0.0009012 -0.0000538
 0.0009440 -0.0003179
 0.0010685 -0.0003120
 0.0012293 -0.0002564
 0.0012232 -0.0003922
 0.0010178 -0.0001475
 0.0009587  0.0000961
 0.0007376  0.0002415
 0.0006614  0.0005977
 0.0007158  0.0009681
 0.0006873  0.0011642
 0.0007965  0.0014835
 0.0009396  0.0016737
 0.0010772  0.0020114
 0.0010825  0.0023973
 0.0013050  0.0024502
 0.0012456  0.0023443
 0.0014422  0.0022421
 0.0013658  0.0018680
 0.0013346  0.0014002
 0.0014003  0.0009361
 0.0014135  0.0002903
 0.0013035 -0.0002934
 0.0013764 -0.0008549
 0.0013231 -0.0012217
 0.0009408 -0.0014187
 0.0007749 -0.0014435
 0.0000922 -0.0011111
-0.0002943 -0.0009097
-0.0008816 -0.0004455
-0.0012957 -0.0001851
-0.0015410  0.0000843
-0.0017984  0.0004406
-0.0019068  0.0006473
-0.0023372  0.0009030
-0.0025767  0.0008941
-0.0029614  0.0009191
-0.0031396  0.0008011
-0.0031280  0.0006225
-0.0032430  0.0003698
-0.0032209  0.0001592
-0.0031886  0.0000696
-0.0031587 -0.0000219
-0.0032266  0.0000851
-0.0030758  0.0003687
-0.0030068  0.0004644
-0.0027727  0.0006896
-0.0026057  0.0010381
-0.0024665  0.0012999
-0.0022649  0.0012880
-0.0020119  0.0012291
-0.0017654  0.0010874
-0.0014423  0.0009807
-0.0010997  0.0009656
-0.0008378  0.0008117
-0.0006888  0.0007672
-0.0005928  0.0004612
-0.0006244  0.0001587
-0.0003720  0.0000431
-0.0001443 -0.0003160
-0.0002688 -0.0004250
-0.0002466 -0.0005392
-0.0002859 -0.0006100
-0.0005108 -0.0004189
-0.0005474 -0.0003795
-0.0006752 -0.0002886
-0.0004864  0.0000592
-0.0002614  0.0004797
-0.0001681  0.0008787
-0.0000755  0.0011478
 0.0000432  0.0014064
 0.0001489  0.0013347
 0.0000746  0.0010414
-0.0000359  0.0004709
-0.0002168 -0.0001687
-0.0003789 -0.0007658
-0.0001930 -0.0013295
 0.0000261 -0.0018400
 0.0004111 -0.0022971
 0.0010099 -0.0024924
 0.0014938 -0.0026398
 0.0021622 -0.0024430
 0.0027683 -0.0024238
 0.0032663 -0.0021309
 0.0035362 -0.0014379
 0.0037714 -0.0008138
 0.0038292 -0.0002036
 0.0041556  0.0004692
 0.0041608  0.0008758
 0.0044807  0.0012298
 0.0045918  0.0016988
 0.0045730  0.0018218
 0.0046683  0.0020747
 0.0046058  0.0020356
 0.0044705  0.0020494
 0.0044492  0.0019408
 0.0043890  0.0021494
 0.0044506  0.0021892
 0.0044739  0.0022453
 0.0046563  0.0023001
 0.0048079  0.0020748
 0.0049383  0.0020798
 0.0052939  0.0018669
 0.0053490  0.0017552
 0.0055776  0.0015918
 0.0054452  0.0014616
 0.0052595  0.0015245
 0.0053288  0.0015802
 0.0050805  0.0015368
 0.0048480  0.0017140
 0.0046160  0.0018212
 0.0041122  0.0018481
 0.0038325  0.0019246
 0.0034190  0.0020763
 0.0027504  0.0019891
 0.0024698  0.0020030
 0.0022697  0.0020621
 0.0022472  0.0023403
 0.0022072  0.0023753
 0.0021478  0.0026591
 0.0020121  0.0029464
 0.0018904  0.0030033
 0.0014773  0.0030909
 0.0012568  0.0029816
 0.0011833  0.0026971
 0.0010199  0.0025487
 0.0009396  0.0022552
 0.0009077  0.0020113
 0.0009200  0.0020017
 0.0006707  0.0018512
 0.0009238  0.0019773
 0.0008459  0.0019339
 0.0006199  0.0018274
 0.0006522  0.0017054
 0.0006073  0.0016701
 0.0008113  0.0012695
 0.0009771  0.0011746
 0.0012829  0.0009536
 0.0017900  0.0009321
 0.0022910  0.0008476
 0.0030882  0.0010634
 0.0034535  0.0010909
 0.0037964  0.0012145
 0.0037686  0.0011808
 0.0034799  0.0012181
 0.0033641  0.0010727
 0.0030525  0.0009418
 0.0028099  0.0007840
 0.0027983  0.0007131
 0.0027159  0.0005354
 0.0028305  0.0006559
 0.0027959  0.0009458
 0.0027424  0.0010218
 0.0026785  0.0010910
 0.0023299  0.0010406
 0.0019933  0.0008337
 0.0017106  0.0006824
 0.0016575  0.0006375
 0.0012781  0.0003928
 0.0011824  0.0003309
 0.0012523  0.0003335
 0.0012060  0.0003561
 0.0013061  0.0004583
 0.0013311  0.0005172
 0.0015159  0.0006802
 0.0016216  0.0009499
 0.0015318  0.0011404
 0.0015689  0.0015501
 0.0015501  0.0019796
 0.0015184  0.0021707
 0.0011612  0.0023892
 0.0010834  0.0026512
 0.0008254  0.0026988
 0.0006421  0.0026184
 0.0004145  0.0025351
 0.0002402  0.0023342
 0.0002072  0.0020194
 0.0000206  0.0017944
-0.0000991  0.0014791
-0.0001752  0.0012554
-0.0004094  0.0011582
-0.0005897  0.0011337
-0.0007047  0.0010916
-0.0007560  0.0010782
-0.0008786  0.0009789
-0.0008091  0.0006348
-0.0007923  0.0004569
-0.0008984  0.0002155
-0.0008954  0.0001984
-0.0010824  0.0002549
-0.0011342  0.0003666
-0.0010305  0.0006940
-0.0006151  0.0008987
-0.0003187  0.0011896
 0.0003019  0.0013991
 0.0006111  0.0014420
 0.0007065  0.0015163
 0.0010353  0.0017384
 0.0008305  0.0018621
 0.0005041  0.0018520
 0.0002725  0.0017470
-0.0002870  0.0016420
-0.0006365  0.0014324
-0.0011145  0.0011094
-0.0015070  0.0007935
-0.0016060  0.0004369
-0.0015322  0.0000759
-0.0013956  0.0000064
-0.0011195  0.0000081
-0.0007097  0.0002147
-0.0006615  0.0002014
-0.0005530  0.0004550
-0.0006818  0.0007115
-0.0009132  0.0005131
-0.0008506  0.0002982
-0.0006452  0.0000828
-0.0004344 -0.0000928
-0.0002180 -0.0002064
 0.0000588 -0.0001662
 0.0001850 -0.0001127
 0.0004266  0.0000843
 0.0006657  0.0002825
 0.0006749  0.0004855
 0.0007683  0.0006751
 0.0007556  0.0007418
 0.0003985  0.0006055
 0.0001677  0.0006012
-0.0002000  0.0002260
-0.0006996 -0.0000428
-0.0008354 -0.0001284
-0.0009530 -0.0001409
-0.0011593 -0.0002395
-0.0012345 -0.0000719
-0.0012740  0.0001386
-0.0016348  0.0002970
-0.0019235  0.0005155
-0.0022015  0.0007460
-0.0026611  0.0007339
-0.0029283  0.0009003
-0.0032159  0.0009388
-0.0032512  0.0011677
-0.0032173  0.0013706
-0.0030348  0.0013849
-0.0024199  0.0017163
-0.0020788  0.0019799
-0.0014579  0.0021343
-0.0009265  0.0021930
-0.0004785  0.0023763
-0.0001743  0.0023108
 0.0001488  0.0023697
 0.0004192  0.0023146
 0.0005419  0.0022014
 0.0009853  0.0021644
 0.0011228  0.0021182
 0.0014181  0.0019943
 0.0014294  0.0021160
 0.0015475  0.0022330
 0.0015814  0.0019929
 0.0014434  0.0020193
 0.0012821  0.0022898
 0.0012649  0.0020465
 0.0009825  0.0020830
 0.0007599  0.0019707
 0.0005961  0.0019921
 0.0003849  0.0019131
 0.0001844  0.0014525
 0.0000317  0.0011377
-0.0001392  0.0009952
-0.0002347  0.0006888
-0.0005337  0.0006704
-0.0007577  0.0005077
-0.0010445  0.0003336
-0.0013485 -0.0000036
-0.0017204 -0.0002141
-0.0018660 -0.0004428
-0.0022495 -0.0007395
-0.0025813 -0.0009685
-0.0028214 -0.0013449
-0.0029044 -0.0014338
-0.0028979 -0.0014086
-0.0029755 -0.0013989
-0.0028644 -0.0011556
-0.0026095 -0.0008729
-0.0025787 -0.0005978
-0.0027410 -0.0000703
-0.0027680  0.0002935
-0.0029363  0.0005429
-0.0033361  0.0007580
-0.0035552  0.0007241
-0.0040290  0.0004964
-0.0044424  0.0002592
-0.0045113 -0.0002244
-0.0045107 -0.0009021
-0.0043291 -0.0013521
-0.0039892 -0.0016899
-0.0038939 -0.0018757
-0.0038725 -0.0018205
-0.0037007 -0.0015544
-0.0037058 -0.0014030
-0.0038467 -0.0010584
-0.0039589 -0.0009347
-0.0041186 -0.0009802
-0.0042725 -0.0009003
-0.0041861 -0.0011247
-0.0040578 -0.0012413
-0.0037917 -0.0014623
-0.0034010 -0.0017404
-0.0029771 -0.0019235
-0.0026611 -0.0021329
-0.0022293 -0.0026399
-0.0019239 -0.0029677
-0.0016594 -0.0030174
-0.0015327 -0.0032495
-0.0013785 -0.0031965
-0.0014373 -0.0031661
-0.0014179 -0.0031271
-0.0012991 -0.0029623
-0.0011123 -0.0028417
-0.0008655 -0.0030072
-0.0005743 -0.0032080
-0.0001824 -0.0034310
 0.0004272 -0.0033902
 0.0006908 -0.0033240
 0.0008615 -0.0031361
 0.0012309 -0.0027504
 0.0012338 -0.0023828
 0.0012507 -0.0019195
 0.0014133 -0.0014896
 0.0014811 -0.0009430
 0.0015200 -0.0004829
 0.0016348 -0.0002329
 0.0015763  0.0003614
 0.0015829  0.0006543
 0.0016869  0.0010008
 0.0016965  0.0014273
 0.0016848  0.0018511
 0.0014491  0.0022003
 0.0012812  0.0027279
 0.0009868  0.0028677
 0.0006987  0.0030776
 0.0005904  0.0033151
 0.0005370  0.0031586
 0.0003867  0.0031609
 0.0002358  0.0033115
 0.0003792  0.0032342
 0.0002482  0.0033066
 0.0000959  0.0033180
 0.0000225  0.0031897
-0.0001192  0.0031243
-0.0002749  0.0031276
-0.0005040  0.0029798
-0.0007158  0.0030026
-0.0009693  0.0031705
-0.0008379  0.0033141
-0.0010575  0.0034487
-0.0009868  0.0036381
-0.0010491  0.0036650
-0.0010158  0.0035884
-0.0010330  0.0035083
-0.0011171  0.0031468
-0.0008498  0.0030260
-0.0008513  0.0030715
-0.0008759  0.0031078
-0.0009597  0.0032812
-0.0013324  0.0035184
-0.0011631  0.0036456
-0.0014596  0.0040399
-0.0014323  0.0041332
-0.0015209  0.0043508
-0.0014713  0.0045635
-0.0014781  0.0045317
-0.0015944  0.0043214
-0.0015247  0.0042495
-0.0014265  0.0040336
-0.0012233  0.0040807
-0.0010713  0.0040332
-0.0010937  0.0040654
-0.0007726  0.0042236
-0.0007336  0.0043118
-0.0008241  0.0044594
-0.0006387  0.0042492
-0.0006048  0.0043188
-0.0005699  0.0043094
-0.0003666  0.0042372
-0.0000998  0.0041593
-0.0002456  0.0041744
-0.0001584  0.0040550
-0.0002068  0.0037245
-0.0004308  0.0029808
-0.0003039  0.0021846
-0.0002693  0.0014220
 0.0000214  0.0006632
 0.0001742  0.0007107
 0.0001390  0.0007325
-0.0002129  0.0011016
-0.0005392  0.0017322
-0.0006643  0.0022095
-0.0009996  0.0024584
-0.0011061  0.0027024
-0.0012028  0.0025282
-0.0010625  0.0025219
-0.0009015  0.0022253
-0.0006799  0.0017485
-0.0003671  0.0015323
-0.0001335  0.0014401
 0.0002160  0.0013458
 0.0004587  0.0013575
 0.0007018  0.0012970
 0.0008782  0.0012682
 0.0009192  0.0013196
 0.0009260  0.0011802
 0.0009094  0.0008867
 0.0008449  0.0006862
 0.0009877  0.0004376
 0.0009124  0.0000647
 0.0011526 -0.0002662
 0.0014445 -0.0005187
 0.0015923 -0.0006412
 0.0019014 -0.0005807
 0.0022499 -0.0002199
 0.0021151  0.0001114
 0.0022500  0.0004379
 0.0022331  0.0006291
 0.0021829  0.0004813
 0.0022437  0.0003192
 0.0025411 -0.0002765
 0.0029059 -0.0007123
 0.0032773 -0.0010085
 0.0037123 -0.0012619
 0.0038930 -0.0014915
 0.0039298 -0.0016258
 0.0036649 -0.0017280
 0.0034587 -0.0018965
 0.0032716 -0.0021190
 0.0029601 -0.0021832
 0.0027469 -0.0020315
 0.0025430 -0.0017682
 0.0024037 -0.0013042
 0.0021092 -0.0008776
 0.0019457 -0.0002329
 0.0017283  0.0002643
 0.0015971  0.0007952
 0.0015286  0.0015553
 0.0011338  0.0020926
 0.0007189  0.0027913
 0.0002137  0.0033896
-0.0004207  0.0037643
-0.0007996  0.0041456
-0.0015958  0.0041961
-0.0020740  0.0038991
-0.0025146  0.0034055
-0.0027880  0.0026987
-0.0026858  0.0019110
-0.0020762  0.0012634
-0.0015532  0.0006115
-0.0007646  0.0005488
-0.0000938  0.0003165
 0.0005248  0.0004541
 0.0008781  0.0006322
 0.0009132  0.0006370
 0.0005670  0.0006769
 0.0001773  0.0006004
-0.0001932  0.0002672
-0.0005924 -0.0002030
-0.0008435 -0.0005095
-0.0010358 -0.0008587
-0.0009694 -0.0010066
-0.0009125 -0.0011270
-0.0006751 -0.0013886
-0.0003559 -0.0013819
 0.0000189 -0.0013521
 0.0002294 -0.0012138
 0.0005223 -0.0011559
 0.0007655 -0.0009216
 0.0008105 -0.0008301
 0.0008253 -0.0006662
 0.0007210 -0.0007018
 0.0004180 -0.0011004
 0.0003399 -0.0015007
 0.0001807 -0.0020703
 0.0002840 -0.0027088
 0.0001204 -0.0031142
-0.0000416 -0.0034262
-0.0000528 -0.0035217
-0.0002809 -0.0036710
-0.0004801 -0.0036803
-0.0006558 -0.0032965
-0.0007824 -0.0029877
-0.0007783 -0.0023340
-0.0006121 -0.0019084
-0.0005405 -0.0013313
-0.0003400 -0.0008134
-0.0000518 -0.0005845
-0.0000516 -0.0002768
 0.0001543 -0.0000743
 0.0001732  0.0001574
 0.0002002  0.0003470
 0.0004232  0.0005308
 0.0003996  0.0009047
 0.0004804  0.0012888
 0.0004462  0.0015820
 0.0002973  0.0017688
 0.0002887  0.0017989
 0.0002955  0.0020538
 0.0005470  0.0022424
 0.0007215  0.0025033
 0.0008905  0.0028493
 0.0010254  0.0030938
 0.0011685  0.0033767
 0.0012196  0.0035314
 0.0010876  0.0037136
 0.0010873  0.0036433
 0.0009191  0.0036038
 0.0007083  0.0035154
 0.0006916  0.0034721
 0.0002734  0.0034412
 0.0001260  0.0033418
 0.0002975  0.0031234
-0.0000036  0.0030790
 0.0000200  0.0029953
 0.0001284  0.0029395
 0.0000100  0.0030134
-0.0000050  0.0030279
-0.0001023  0.0031202
-0.0001606  0.0031940
-0.0000806  0.0033581
-0.0000809  0.0033232
-0.0001338  0.0032296
 0.0000444  0.0029895
-0.0000144  0.0025687
-0.0001157  0.0022954
-0.0001051  0.0022064
-0.0003638  0.0018678
-0.0006354  0.0017480
-0.0009326  0.0012506
-0.0012660  0.0007881
-0.0016815  0.0000247
-0.0018885 -0.0004843
-0.0022653 -0.0010859
-0.0025176 -0.0013253
-0.0026520 -0.0016919
-0.0027765 -0.0017415
-0.0027716 -0.0017743
-0.0026200 -0.0017091
-0.0024626 -0.0014191
-0.0021955 -0.0013554
-0.0017997 -0.0012552
-0.0014869 -0.0007525
-0.0012704 -0.0006883
-0.0009932 -0.0004787
-0.0006895 -0.0004568
-0.0003639 -0.0004841
 0.0000259 -0.0007047
 0.0004273 -0.0008865
 0.0009373 -0.0010292
 0.0013820 -0.0011866
 0.0016693 -0.0011116
 0.0021009 -0.0012075
 0.0023878 -0.0011036
 0.0028635 -0.0010343
 0.0033454 -0.0009026
 0.0035523 -0.0006008
 0.0037912 -0.0004336
 0.0038275 -0.0002801
 0.0036351 -0.0000365
 0.0035415 -0.0002666
 0.0031772 -0.0002272
 0.0030464  0.0000087
 0.0028880  0.0000022
 0.0028401  0.0001308
 0.0028364  0.0005060
 0.0026756  0.0007470
 0.0024559  0.0008208
 0.0024011  0.0009044
 0.0022714  0.0010834
 0.0024065  0.0014243
 0.0023938  0.0018797
 0.0022608  0.0025804
 0.0020748  0.0030841
 0.0017718  0.0036605
 0.0014066  0.0042799
 0.0012992  0.0047109
 0.0012506  0.0051432
 0.0014610  0.0053864
 0.0016326  0.0056843
 0.0017947  0.0059855
 0.0016647  0.0058139
 0.0014762  0.0056989
 0.0011380  0.0052282
 0.0010710  0.0047110
 0.0010034  0.0040098
 0.0012214  0.0033223
 0.0015024  0.0028621
 0.0017463  0.0022814
 0.0020638  0.0019443
 0.0022883  0.0018045
 0.0023720  0.0019101
 0.0022225  0.0021061
 0.0020314  0.0023677
 0.0017064  0.0025487
 0.0018107  0.0027307
 0.0016871  0.0029453
 0.0018308  0.0031846
 0.0019170  0.0035212
 0.0018646  0.0036556
 0.0019608  0.0039899
 0.0017116  0.0038994
 0.0013763  0.0037813
 0.0009984  0.0035553
 0.0007632  0.0031698
 0.0007380  0.0026217
 0.0005276  0.0023326
 0.0005259  0.0017104
 0.0004414  0.0014507
 0.0004242  0.0014164
 0.0001107  0.0011913
-0.0003765  0.0010549
-0.0009175  0.0006821
-0.0012307  0.0002756
-0.0014535 -0.0003888
-0.0013887 -0.0009124
-0.0011449 -0.0014203
-0.0008977 -0.0018397
-0.0006291 -0.0021606
-0.0004801 -0.0023213
-0.0002099 -0.0024624
 0.0001442 -0.0023227
 0.0002244 -0.0019717
 0.0003911 -0.0017424
 0.0004548 -0.0014608
 0.0004335 -0.0010842
 0.0002775 -0.0009147
 0.0002570 -0.0009790
 0.0001969 -0.0010539
 0.0002536 -0.0012625
 0.0004344 -0.0015021
 0.0004380 -0.0016776
 0.0005891 -0.0017636
 0.0005506 -0.0017433
 0.0005479 -0.0016141
 0.0005868 -0.0015708
 0.0005910 -0.0016325
 0.0005833 -0.0016883
 0.0008506 -0.0017212
 0.0011130 -0.0018139
 0.0014715 -0.0017537
 0.0017862 -0.0015894
 0.0018127 -0.0015063
 0.0020620 -0.0011368
 0.0019496 -0.0007490
 0.0018860 -0.0004128
 0.0019502 -0.0001357
 0.0019655  0.0001843
 0.0021677  0.0004006
 0.0024793  0.0008081
 0.0029170  0.0013119
 0.0033454  0.0017765
 0.0037064  0.0019215
 0.0038373  0.0021816
 0.0040431  0.0019349
 0.0040008  0.0017541
 0.0040658  0.0014949
 0.0041404  0.0012098
 0.0041392  0.0010209
 0.0041365  0.0011900
 0.0041867  0.0012592
 0.0039423  0.0013960
 0.0038708  0.0014854
 0.0037550  0.0014822
 0.0036778  0.0016142
 0.0036027  0.0018452
 0.0034119  0.0021496
 0.0029096  0.0024196
 0.0023312  0.0025161
 0.0016602  0.0024845
 0.0008329  0.0026005
 0.0003167  0.0023545
-0.0001350  0.0020687
-0.0002502  0.0020765
-0.0001227  0.0020515
 0.0000346  0.0020939
 0.0001772  0.0022493
 0.0002874  0.0023092
 0.0001689  0.0024028
 0.0001455  0.0024934
-0.0001674  0.0023540
-0.0004827  0.0020189
-0.0006478  0.0017497
-0.0009437  0.0014327
-0.0012782  0.0011660
-0.0015502  0.0008842
-0.0016687  0.0005170
-0.0021305  0.0002209
-0.0023586  0.0000455
-0.0025817 -0.0001468
-0.0028970 -0.0004839
-0.0031984 -0.0008691
-0.0033907 -0.0011629
-0.0034209 -0.0017514
-0.0035912 -0.0023546
-0.0033531 -0.0027852
-0.0033348 -0.0030553
-0.0032248 -0.0033287
-0.0027857 -0.0029411
-0.0025249 -0.0026828
-0.0022248 -0.0022823
-0.0020817 -0.0018437
-0.0018947 -0.0017294
-0.0017224 -0.0016028
-0.0017349 -0.0015994
-0.0014506 -0.0017709
-0.0011448 -0.0020757
-0.0010257 -0.0022493
-0.0010067 -0.0022173
-0.0009051 -0.0021185
-0.0008252 -0.0019568
-0.0010040 -0.0018964
-0.0010044 -0.0018322
-0.0012024 -0.0017417
-0.0012605 -0.0017976
-0.0012790 -0.0015021
-0.0014193 -0.0011413
-0.0015490 -0.0010665
-0.0015837 -0.0009064
-0.0015566 -0.0009055
-0.0015576 -0.0009962
-0.0014733 -0.0010897
-0.0011082 -0.0013047
-0.0009170 -0.0013948
-0.0005043 -0.0014840
-0.0002998 -0.0015910
 0.0004297 -0.0016180
 0.0009704 -0.0015239
 0.0014132 -0.0013146
 0.0015900 -0.0011011
 0.0017656 -0.0007165
 0.0019636 -0.0002861
 0.0020940 -0.0000159
 0.0024060  0.0002425
 0.0026313  0.0006502
 0.0028828  0.0008869
 0.0030888  0.0013535
 0.0031262  0.0016189
 0.0032606  0.0019765
 0.0034483  0.0019017
 0.0035302  0.0019379
 0.0037309  0.0020660
 0.0039261  0.0018695
 0.0040083  0.0016718
 0.0041243  0.0014579
 0.0040605  0.0011379
 0.0037379  0.0009363
 0.0035277  0.0008472
 0.0032005  0.0007030
 0.0027845  0.0009352
 0.0025420  0.0011550
 0.0025138  0.0015390
 0.0022459  0.0019699
 0.0023449  0.0023511
 0.0020833  0.0022178
 0.0019285  0.0021068
 0.0018412  0.0019527
 0.0015379  0.0017229
 0.0012368  0.0015232
 0.0008729  0.0014810
 0.0004173  0.0015947
 0.0001345  0.0013583
 0.0000246  0.0014471
-0.0001767  0.0014011
-0.0004835  0.0015467
-0.0008430  0.0016024
-0.0013356  0.0014161
-0.0016533  0.0013525
-0.0021680  0.0011578
-0.0027037  0.0006046
-0.0030001  0.0002351
-0.0032197 -0.0002976
-0.0033113 -0.0007319
-0.0033295 -0.0009863
-0.0031250 -0.0013532
-0.0027491 -0.0018308
-0.0021020 -0.0019333
-0.0014094 -0.0020854
-0.0011340 -0.0021551
-0.0010094 -0.0019724
-0.0009980 -0.0021483
-0.0012049 -0.0021756
-0.0013678 -0.0020945
-0.0015260 -0.0022866
-0.0015728 -0.0023282
-0.0016489 -0.0019703
-0.0015877 -0.0019582
-0.0015936 -0.0017324
-0.0018046 -0.0013811
-0.0019713 -0.0011887
-0.0020465 -0.0006988
-0.0021000 -0.0005260
-0.0019105 -0.0004784
-0.0015242 -0.0005594
-0.0010457 -0.0006882
-0.0003712 -0.0006183
 0.0002401 -0.0004957
 0.0006009 -0.0002995
 0.0011305 -0.0001998
 0.0012456  0.0002599
 0.0013344  0.0004073
 0.0014272  0.0007772
 0.0013059  0.0009227
 0.0012473  0.0010984
 0.0010461  0.0010511
 0.0008721  0.0010558
 0.0008141  0.0007496
 0.0004164  0.0002327
 0.0004098 -0.0000108
 0.0004253 -0.0003413
 0.0004184 -0.0006276
 0.0005862 -0.0008294
 0.0005940 -0.0010396
 0.0005030 -0.0011140
 0.0005418 -0.0013755
 0.0004128 -0.0014366
 0.0002797 -0.0014175
 0.0002413 -0.0012467
 0.0002378 -0.0011430
 0.0001313 -0.0007948
 0.0002214 -0.0005175
-0.0001799 -0.0004942
-0.0003802 -0.0003825
-0.0005729 -0.0005097
