[PARAMETERS]
DW=1E-007
TAU=0.00025
TD=4096
BS=4096
NS=128
NSC=128
FR=56.130000
GAIN=4.974204
D0=0.05
D1=7E-006
D2=1.4E-005
D3=2.5E-005
D4=1E-005
D5=5E-005
D6=0.001
D7=0.001
D8=0.001
D9=0.05
C0=1
SEGTD=0
SEGOFF=0
SEGNUM=0
[ADDITIONAL]
PPFILE=UK_TWO_T2_SOLID.PC
DATEWR=12.09.2024
TIMEWR=14:40:16
DATESTA=12.09.2024
TIMESTA=14:40:07
DATEEND=12.09.2024
TIMEEND=14:40:16
CURR_Z0=0
CURR_Z1=1
TE=-1
[VARIABLES]
_USER=Measurements
_EMAIL_F=7NMR.NMR-270-ijs.si
_ITC_H=1
_ITC_R0= 80.00
_ITC_R1= 79.94
_ITC_R2= 80.43
_ITC_R3=  0.00
_ITC_R4= -0.06
_ITC_V= 21.98
_ITC_X=X0A1C1S00H1
_FW=100
_ORIENT=?
_THETA=0
_TITLE=?
_DESCR1=?
_DESCR2=?
_FR_LARM=56.13000000
_FR_SYNT=526.13000000
_TRIMLEV=1.5673828125
_DATE=12.09.2024
_TIME=14:39:03
_ITC_DIR=I3I3
[PPFILE]
; pi/2 - pi/2


DELAY D9
PULSE [GT] 3u
PULSE [PHL1,GT] D1
DELAY TAU-3u
PULSE [GT] 3u
PULSE [PHL2,GT] D1
DELAY TAU-D3
PULSE [TR] 1u+DW
DELAY 1m
STOP

;PHL 1 [+X] [+X] [+Y] [+Y] [-X] [-X] [-Y] [-Y]
;PHL 2 [+Y] [-Y] [-X] [+X] [-Y] [+Y] [+X] [-X]
;!RLS +X+X+Y+Y-X-X-Y-Y

PHL 1 [+X] [+X] [-X] [-X] [+Y] [+Y] [-Y] [-Y] [+X] [+X] [-X] [-X] [+Y] [+Y] [-Y] [-Y]
PHL 2 [+Y] [-Y] [-Y] [+Y] [-X] [+X] [+X] [-X] [+X] [-X] [-X] [+X] [-Y] [+Y] [+Y] [-Y]
!RLS +X+X-X-X+Y+Y-Y-Y-X-X+X+X-Y-Y+Y+Y
[DATA]
 0.0026865 -0.0044865
 0.0035965 -0.0032838
 0.0044665 -0.0021686
 0.0045145 -0.0004822
 0.0046017  0.0008433
 0.0041894  0.0021244
 0.0030900  0.0028875
 0.0020434  0.0034155
 0.0013614  0.0040058
 0.0006662  0.0043110
-0.0000122  0.0043687
-0.0004802  0.0037752
-0.0007733  0.0032617
-0.0009122  0.0025560
-0.0011295  0.0011945
-0.0005763  0.0003895
-0.0006604 -0.0000102
-0.0005938  0.0001836
-0.0009253  0.0000871
-0.0015459  0.0006705
-0.0025925  0.0010953
-0.0036346  0.0011199
-0.0042192  0.0015145
-0.0051640  0.0016166
-0.0061415  0.0016445
-0.0060668  0.0018667
-0.0062682  0.0021816
-0.0062964  0.0026924
-0.0059613  0.0033514
-0.0061615  0.0036845
-0.0056342  0.0038840
-0.0050156  0.0040653
-0.0042081  0.0038194
-0.0033655  0.0036915
-0.0020448  0.0030476
-0.0008178  0.0028405
 0.0002565  0.0030032
 0.0015800  0.0026625
 0.0023100  0.0024731
 0.0026774  0.0034110
 0.0028716  0.0038709
 0.0025305  0.0044195
 0.0019745  0.0048511
 0.0015910  0.0058076
 0.0006926  0.0058374
 0.0005429  0.0057372
 0.0004904  0.0059864
 0.0005397  0.0058131
 0.0005923  0.0055669
 0.0006238  0.0061083
 0.0000449  0.0054950
-0.0001443  0.0055322
-0.0002864  0.0054304
-0.0006069  0.0046705
-0.0000917  0.0040087
 0.0000519  0.0035161
 0.0007136  0.0031978
 0.0014839  0.0032103
 0.0023333  0.0038922
 0.0029381  0.0049072
 0.0035045  0.0058649
 0.0039284  0.0066514
 0.0039317  0.0072647
 0.0040125  0.0073967
 0.0037109  0.0075663
 0.0029539  0.0077144
 0.0028308  0.0078452
 0.0020589  0.0078412
 0.0012850  0.0077818
 0.0004695  0.0081080
-0.0002536  0.0078771
-0.0007692  0.0079974
-0.0010397  0.0078513
-0.0013345  0.0073927
-0.0013038  0.0069405
-0.0010677  0.0062917
-0.0010984  0.0054693
-0.0011296  0.0042592
-0.0011652  0.0033585
-0.0010062  0.0023002
-0.0013656  0.0017435
-0.0014932  0.0015068
-0.0017291  0.0015003
-0.0024260  0.0018172
-0.0032545  0.0018830
-0.0036735  0.0020997
-0.0041189  0.0023338
-0.0041185  0.0024735
-0.0036348  0.0026523
-0.0029020  0.0025686
-0.0018970  0.0027560
-0.0010322  0.0023316
-0.0004709  0.0023296
-0.0000692  0.0016432
 0.0002703  0.0010373
 0.0004152  0.0006659
 0.0000849 -0.0000669
-0.0003806 -0.0000304
-0.0003092  0.0001945
-0.0007101  0.0006306
-0.0011365  0.0014067
-0.0011587  0.0019163
-0.0018495  0.0025473
-0.0015261  0.0027246
-0.0012172  0.0026834
-0.0006527  0.0023321
-0.0000120  0.0020975
 0.0007302  0.0014959
 0.0008784  0.0010869
 0.0010388  0.0006770
 0.0010053 -0.0000501
 0.0002022 -0.0004882
-0.0003970 -0.0008850
-0.0007846 -0.0011264
-0.0012436 -0.0011773
-0.0011883 -0.0010941
-0.0009598 -0.0005740
-0.0003635 -0.0010129
 0.0008841 -0.0012188
 0.0019420 -0.0014679
 0.0030373 -0.0018906
 0.0046293 -0.0015797
 0.0051506 -0.0014073
 0.0055519 -0.0014012
 0.0060654 -0.0008953
 0.0060517 -0.0009857
 0.0057881 -0.0012295
 0.0058083 -0.0014899
 0.0058136 -0.0017572
 0.0053780 -0.0021617
 0.0053953 -0.0019397
 0.0052443 -0.0020815
 0.0049536 -0.0016467
 0.0047251 -0.0014057
 0.0045176 -0.0011986
 0.0044272 -0.0012588
 0.0038991 -0.0013561
 0.0034312 -0.0014505
 0.0026343 -0.0013710
 0.0023759 -0.0017590
 0.0020227 -0.0020715
 0.0017401 -0.0018293
 0.0009569 -0.0018451
 0.0005313 -0.0013756
 0.0003354 -0.0011355
-0.0000340 -0.0006655
-0.0002969 -0.0001738
-0.0004044 -0.0001977
-0.0001097 -0.0003362
 0.0002237 -0.0005845
 0.0007869 -0.0011041
 0.0011434 -0.0010447
 0.0015770 -0.0011424
 0.0016088 -0.0010108
 0.0015632 -0.0012604
 0.0013237 -0.0009152
 0.0012393 -0.0009131
 0.0012719 -0.0005598
 0.0013418 -0.0007398
 0.0015077 -0.0006679
 0.0017584 -0.0004458
 0.0022909 -0.0001049
 0.0026922  0.0003639
 0.0031101  0.0011355
 0.0035857  0.0021125
 0.0038828  0.0032785
 0.0041811  0.0040028
 0.0039021  0.0048624
 0.0041253  0.0056501
 0.0040429  0.0060151
 0.0038648  0.0063458
 0.0037538  0.0060401
 0.0032027  0.0054115
 0.0024203  0.0049315
 0.0020836  0.0038595
 0.0011861  0.0032862
 0.0012116  0.0026164
 0.0007554  0.0024868
 0.0005281  0.0027820
 0.0007494  0.0036529
 0.0002225  0.0045573
 0.0005008  0.0056213
 0.0010297  0.0062019
 0.0014626  0.0068511
 0.0026977  0.0072508
 0.0035307  0.0074567
 0.0044973  0.0078168
 0.0055345  0.0078729
 0.0061486  0.0079908
 0.0061135  0.0076081
 0.0062839  0.0071143
 0.0062790  0.0063900
 0.0060428  0.0054582
 0.0059443  0.0049273
 0.0059023  0.0044574
 0.0058058  0.0042305
 0.0057799  0.0041995
 0.0053188  0.0046638
 0.0050075  0.0047413
 0.0052711  0.0048947
 0.0052844  0.0043755
 0.0055315  0.0039722
 0.0059421  0.0029717
 0.0063916  0.0026483
 0.0066408  0.0020140
 0.0070018  0.0013995
 0.0066757  0.0007837
 0.0064787  0.0000868
 0.0069459 -0.0009516
 0.0073476 -0.0013796
 0.0075143 -0.0020733
 0.0085002 -0.0023995
 0.0092213 -0.0035522
 0.0099076 -0.0043811
 0.0107135 -0.0055088
 0.0111617 -0.0069292
 0.0115207 -0.0086750
 0.0117820 -0.0099278
 0.0120279 -0.0113325
 0.0117304 -0.0123362
 0.0113929 -0.0131280
 0.0110324 -0.0142105
 0.0105132 -0.0151520
 0.0103767 -0.0163249
 0.0102216 -0.0176933
 0.0106217 -0.0185985
 0.0113291 -0.0196781
 0.0108866 -0.0206657
 0.0112269 -0.0216134
 0.0112979 -0.0224678
 0.0114255 -0.0232051
 0.0114295 -0.0239738
 0.0113418 -0.0242427
 0.0107947 -0.0248362
 0.0103218 -0.0250958
 0.0096059 -0.0252839
 0.0085679 -0.0252596
 0.0080054 -0.0247606
 0.0074689 -0.0246257
 0.0067958 -0.0238615
 0.0061825 -0.0232906
 0.0056847 -0.0226475
 0.0055155 -0.0222934
 0.0055765 -0.0214456
 0.0057316 -0.0208655
 0.0060174 -0.0195118
 0.0063424 -0.0182889
 0.0066202 -0.0167769
 0.0072274 -0.0148401
 0.0077203 -0.0130576
 0.0080804 -0.0105822
 0.0084434 -0.0081613
 0.0087107 -0.0055523
 0.0085613 -0.0027878
 0.0088294 -0.0000641
 0.0090151  0.0024662
 0.0093191  0.0053622
 0.0100062  0.0087029
 0.0105420  0.0118513
 0.0111937  0.0155040
 0.0111949  0.0192092
 0.0116963  0.0232621
 0.0118118  0.0273319
 0.0116818  0.0316698
 0.0114335  0.0365822
 0.0110153  0.0417223
 0.0107694  0.0469213
 0.0107371  0.0525766
 0.0107993  0.0587123
 0.0116105  0.0652316
 0.0119638  0.0725407
 0.0130221  0.0802147
 0.0137496  0.0890200
 0.0143637  0.0978294
 0.0149540  0.1063316
 0.0156399  0.1148878
 0.0165633  0.1228832
 0.0179885  0.1303977
 0.0202572  0.1376187
 0.0224945  0.1451020
 0.0248984  0.1531822
 0.0276488  0.1617617
 0.0298791  0.1705537
 0.0317036  0.1803215
 0.0334692  0.1904430
 0.0349308  0.2012553
 0.0368866  0.2119893
 0.0387333  0.2229142
 0.0408821  0.2339518
 0.0430736  0.2457751
 0.0462471  0.2573929
 0.0488965  0.2696991
 0.0513368  0.2820679
 0.0542543  0.2944803
 0.0563994  0.3066250
 0.0592341  0.3190286
 0.0616634  0.3307361
 0.0647496  0.3425926
 0.0684653  0.3542197
 0.0731786  0.3658351
 0.0776057  0.3775255
 0.0828172  0.3894655
 0.0883687  0.4020252
 0.0941338  0.4147731
 0.1003026  0.4277976
 0.1060862  0.4408923
 0.1114944  0.4539095
 0.1174541  0.4669246
 0.1226099  0.4795291
 0.1282668  0.4916621
 0.1341857  0.5029654
 0.1398955  0.5143716
 0.1457966  0.5253604
 0.1518738  0.5358538
 0.1583911  0.5455627
 0.1646035  0.5554279
 0.1716033  0.5646935
 0.1783143  0.5740491
 0.1854784  0.5833458
 0.1928891  0.5926226
 0.1999914  0.6018422
 0.2076814  0.6111562
 0.2147615  0.6201912
 0.2217333  0.6288823
 0.2279599  0.6375552
 0.2342713  0.6453996
 0.2398745  0.6527656
 0.2454018  0.6593834
 0.2511511  0.6653282
 0.2571540  0.6710077
 0.2634057  0.6762867
 0.2701135  0.6818548
 0.2764261  0.6872312
 0.2830435  0.6929341
 0.2891252  0.6987332
 0.2946545  0.7033267
 0.3007778  0.7074526
 0.3056728  0.7109862
 0.3111206  0.7134830
 0.3167754  0.7153632
 0.3222159  0.7172096
 0.3277335  0.7183054
 0.3330964  0.7194762
 0.3383273  0.7199179
 0.3431573  0.7207408
 0.3474132  0.7212406
 0.3511499  0.7215071
 0.3542935  0.7209721
 0.3568633  0.7198514
 0.3593399  0.7183814
 0.3620103  0.7162480
 0.3646876  0.7134586
 0.3667876  0.7102416
 0.3689876  0.7068283
 0.3709960  0.7027654
 0.3721213  0.6984053
 0.3739333  0.6936035
 0.3748801  0.6878465
 0.3753828  0.6816263
 0.3757115  0.6750032
 0.3760046  0.6673671
 0.3754305  0.6596907
 0.3754887  0.6517647
 0.3752024  0.6433070
 0.3750102  0.6347128
 0.3750796  0.6256555
 0.3751692  0.6165429
 0.3752225  0.6071182
 0.3747170  0.5972930
 0.3737552  0.5873128
 0.3727976  0.5771217
 0.3712823  0.5666239
 0.3695381  0.5559371
 0.3673712  0.5459395
 0.3650876  0.5352761
 0.3625214  0.5253762
 0.3594546  0.5154638
 0.3561782  0.5055882
 0.3525812  0.4956960
 0.3483347  0.4860493
 0.3442552  0.4760569
 0.3394050  0.4657755
 0.3351435  0.4554557
 0.3310853  0.4447742
 0.3276030  0.4335997
 0.3239070  0.4226009
 0.3206870  0.4117793
 0.3168005  0.4008435
 0.3124912  0.3901943
 0.3078776  0.3795650
 0.3032139  0.3689711
 0.2977047  0.3582783
 0.2924269  0.3478124
 0.2869033  0.3376703
 0.2816881  0.3273146
 0.2761927  0.3173800
 0.2708108  0.3074829
 0.2657196  0.2977014
 0.2604580  0.2883029
 0.2548290  0.2790414
 0.2495763  0.2696801
 0.2442250  0.2609345
 0.2384502  0.2525960
 0.2334554  0.2440466
 0.2283884  0.2358809
 0.2236488  0.2279375
 0.2188922  0.2201908
 0.2143654  0.2123666
 0.2095999  0.2046579
 0.2047339  0.1968922
 0.2002337  0.1893434
 0.1955752  0.1821414
 0.1905400  0.1749798
 0.1852420  0.1683931
 0.1798734  0.1622490
 0.1747014  0.1554471
 0.1692828  0.1492153
 0.1640184  0.1426172
 0.1584588  0.1360931
 0.1530163  0.1295907
 0.1480902  0.1234764
 0.1433118  0.1177888
 0.1383045  0.1129286
 0.1339501  0.1081685
 0.1294867  0.1041965
 0.1251380  0.1001260
 0.1205240  0.0962626
 0.1155265  0.0924553
 0.1109747  0.0886011
 0.1064604  0.0845124
 0.1021141  0.0802080
 0.0982875  0.0763635
 0.0946626  0.0719383
 0.0912845  0.0683998
 0.0877723  0.0649591
 0.0836270  0.0619245
 0.0797167  0.0591241
 0.0758831  0.0564424
 0.0719592  0.0535698
 0.0686093  0.0510056
 0.0656850  0.0486118
 0.0627583  0.0459418
 0.0598328  0.0435177
 0.0576917  0.0413035
 0.0551486  0.0391870
 0.0533184  0.0370891
 0.0516760  0.0357438
 0.0500381  0.0344793
 0.0479387  0.0331776
 0.0459103  0.0324586
 0.0437123  0.0311816
 0.0411267  0.0295771
 0.0385581  0.0276432
 0.0359850  0.0254008
 0.0336073  0.0228285
 0.0312688  0.0200995
 0.0292876  0.0175583
 0.0275043  0.0158213
 0.0256801  0.0147715
 0.0240288  0.0140907
 0.0226455  0.0135602
 0.0208387  0.0133792
 0.0193610  0.0126407
 0.0181118  0.0117323
 0.0173612  0.0104253
 0.0172042  0.0089517
 0.0173923  0.0076451
 0.0175623  0.0070759
 0.0179995  0.0063573
 0.0179922  0.0059386
 0.0176401  0.0056229
 0.0178019  0.0050339
 0.0172924  0.0040043
 0.0168017  0.0031246
 0.0165825  0.0019965
 0.0166103  0.0011733
 0.0167189  0.0003678
 0.0163680  0.0004239
 0.0160195  0.0003274
 0.0157749  0.0005192
 0.0155282  0.0004462
 0.0154551  0.0007546
 0.0152908  0.0002750
 0.0149707 -0.0001061
 0.0146699 -0.0007541
 0.0142396 -0.0012322
 0.0133998 -0.0012850
 0.0121030 -0.0013783
 0.0108272 -0.0013750
 0.0095321 -0.0009087
 0.0079894 -0.0003277
 0.0071751 -0.0003191
 0.0061517 -0.0002141
 0.0058186 -0.0002097
 0.0059471 -0.0003138
 0.0065685 -0.0001171
 0.0067700 -0.0003468
 0.0080976 -0.0001934
 0.0083705 -0.0001054
 0.0090403 -0.0002274
 0.0092103 -0.0002525
 0.0092591 -0.0003405
 0.0086163 -0.0005021
 0.0081446 -0.0002599
 0.0072358  0.0005330
 0.0069253  0.0007724
 0.0059821  0.0017983
 0.0056728  0.0025702
 0.0053631  0.0030021
 0.0053627  0.0037866
 0.0047866  0.0042856
 0.0048237  0.0047540
 0.0043098  0.0051703
 0.0035504  0.0054349
 0.0029125  0.0057955
 0.0019335  0.0053643
 0.0010869  0.0047168
 0.0007923  0.0046223
 0.0009534  0.0041378
 0.0014343  0.0044583
 0.0023685  0.0047207
 0.0028598  0.0060963
 0.0030928  0.0072267
 0.0030347  0.0081057
 0.0026225  0.0086213
 0.0017088  0.0089483
 0.0006991  0.0084299
-0.0004673  0.0076054
-0.0014440  0.0065343
-0.0020229  0.0056905
-0.0024344  0.0046726
-0.0027195  0.0042519
-0.0024612  0.0037529
-0.0026922  0.0040367
-0.0024767  0.0043807
-0.0021053  0.0048745
-0.0014481  0.0055059
-0.0010941  0.0059778
-0.0001412  0.0063702
 0.0003617  0.0062632
 0.0012875  0.0059656
 0.0015587  0.0051726
 0.0013560  0.0046917
 0.0014209  0.0041370
 0.0010519  0.0033368
 0.0007442  0.0028640
 0.0004947  0.0022576
-0.0001141  0.0013411
-0.0001282  0.0009620
-0.0000681  0.0004279
 0.0003797 -0.0005157
 0.0009603 -0.0009400
 0.0018123 -0.0014443
 0.0021058 -0.0017222
 0.0025169 -0.0018631
 0.0024220 -0.0015615
 0.0019424 -0.0012208
 0.0013472 -0.0010443
 0.0008849 -0.0011933
 0.0003269 -0.0013547
 0.0004073 -0.0016643
 0.0008514 -0.0019352
 0.0011971 -0.0016545
 0.0017958 -0.0017627
 0.0021007 -0.0017146
 0.0020183 -0.0013677
 0.0026065 -0.0010564
 0.0027530 -0.0008267
 0.0030389 -0.0006963
 0.0030574 -0.0000241
 0.0028903  0.0003946
 0.0026271  0.0010200
 0.0022149  0.0009537
 0.0020288  0.0011002
 0.0018395  0.0013994
 0.0016695  0.0018524
 0.0016905  0.0026183
 0.0018241  0.0036325
 0.0015306  0.0047274
 0.0011066  0.0055172
 0.0004522  0.0062500
-0.0001050  0.0064987
-0.0010582  0.0061979
-0.0020700  0.0053335
-0.0028302  0.0045103
-0.0028233  0.0036051
-0.0029274  0.0027406
-0.0027304  0.0017938
-0.0026904  0.0002749
-0.0023077 -0.0011552
-0.0022693 -0.0028308
-0.0018494 -0.0038374
-0.0012757 -0.0046357
-0.0006055 -0.0049717
-0.0004759 -0.0045772
-0.0000996 -0.0037976
-0.0002357 -0.0032429
-0.0004889 -0.0025319
-0.0010812 -0.0020647
-0.0014994 -0.0018640
-0.0022794 -0.0017820
-0.0028830 -0.0017400
-0.0030485 -0.0022342
-0.0034235 -0.0020185
-0.0037990 -0.0022067
-0.0037364 -0.0024146
-0.0042087 -0.0025260
-0.0039192 -0.0029108
-0.0041098 -0.0035023
-0.0037472 -0.0039036
-0.0033734 -0.0043231
-0.0027089 -0.0050094
-0.0018381 -0.0049678
-0.0009075 -0.0052383
-0.0001270 -0.0058351
 0.0004745 -0.0059227
 0.0013106 -0.0063169
 0.0017874 -0.0065369
 0.0019360 -0.0068947
 0.0026054 -0.0070692
 0.0024354 -0.0070506
 0.0019364 -0.0065281
 0.0014394 -0.0058530
 0.0003880 -0.0055974
-0.0010513 -0.0044992
-0.0023510 -0.0039400
-0.0031912 -0.0036812
-0.0039430 -0.0035895
-0.0038687 -0.0034143
-0.0037209 -0.0033586
-0.0029034 -0.0030885
-0.0023927 -0.0029213
-0.0021242 -0.0026706
-0.0018218 -0.0020799
-0.0023172 -0.0015195
-0.0028005 -0.0014945
-0.0032608 -0.0013696
-0.0038365 -0.0018314
-0.0043698 -0.0022961
-0.0045555 -0.0029513
-0.0040480 -0.0029565
-0.0037144 -0.0020888
-0.0026303 -0.0010063
-0.0016480 -0.0000219
-0.0007626  0.0017312
 0.0002230  0.0026970
 0.0012639  0.0033188
 0.0016362  0.0039902
 0.0026965  0.0038953
 0.0035052  0.0034347
 0.0041572  0.0033955
 0.0042311  0.0031056
 0.0042650  0.0023756
 0.0041249  0.0023575
 0.0039686  0.0023946
 0.0035422  0.0022928
 0.0033852  0.0025980
 0.0029220  0.0024979
 0.0030177  0.0019968
 0.0031332  0.0018938
 0.0035204  0.0010492
 0.0032984  0.0005073
 0.0031866  0.0000846
 0.0031333 -0.0006825
 0.0026771 -0.0016455
 0.0024663 -0.0028171
 0.0026020 -0.0038140
 0.0021793 -0.0049724
 0.0023727 -0.0056301
 0.0026593 -0.0059996
 0.0023812 -0.0061240
 0.0027684 -0.0064450
 0.0032182 -0.0063377
 0.0033337 -0.0062372
 0.0037508 -0.0058650
 0.0037306 -0.0054096
 0.0033187 -0.0046861
 0.0031075 -0.0037252
 0.0025681 -0.0029726
 0.0015087 -0.0024485
 0.0004323 -0.0014419
-0.0005844 -0.0010870
-0.0019285 -0.0004300
-0.0023346 -0.0006347
-0.0023973 -0.0013808
-0.0024829 -0.0022505
-0.0015584 -0.0029837
-0.0004805 -0.0039079
 0.0000003 -0.0041704
 0.0002728 -0.0043683
 0.0006054 -0.0043558
 0.0001172 -0.0036521
 0.0004394 -0.0032116
 0.0004374 -0.0030546
 0.0003800 -0.0025156
 0.0003590 -0.0023161
 0.0004094 -0.0024585
 0.0001074 -0.0026814
-0.0001188 -0.0038029
-0.0010007 -0.0047529
-0.0018220 -0.0061660
-0.0025423 -0.0072145
-0.0028763 -0.0083454
-0.0032623 -0.0089429
-0.0031044 -0.0095166
-0.0025427 -0.0098078
-0.0018822 -0.0104477
-0.0011420 -0.0110243
-0.0004201 -0.0116215
 0.0000092 -0.0121072
 0.0006318 -0.0126244
 0.0008074 -0.0132954
 0.0007319 -0.0136212
 0.0009710 -0.0140912
 0.0009597 -0.0139494
 0.0015258 -0.0136361
 0.0022115 -0.0132605
 0.0028155 -0.0117932
 0.0033841 -0.0108472
 0.0037774 -0.0098043
 0.0038969 -0.0086657
 0.0038198 -0.0074884
 0.0036320 -0.0071124
 0.0027701 -0.0063784
 0.0024442 -0.0066795
 0.0025658 -0.0068883
 0.0025113 -0.0072524
 0.0030729 -0.0076138
 0.0041934 -0.0074398
 0.0052116 -0.0069989
 0.0056186 -0.0060985
 0.0063296 -0.0048558
 0.0067177 -0.0033628
 0.0066281 -0.0022771
 0.0069022 -0.0007268
 0.0066935  0.0006121
 0.0063903  0.0010348
 0.0057201  0.0018939
 0.0054128  0.0017999
 0.0048524  0.0013977
 0.0042363  0.0009358
 0.0039831  0.0006096
 0.0031712  0.0003956
 0.0024004  0.0002563
 0.0023580  0.0003124
 0.0016441  0.0005146
 0.0013490  0.0009870
 0.0012912  0.0014363
 0.0007736  0.0020774
 0.0003113  0.0030576
-0.0001898  0.0037338
-0.0009710  0.0042994
-0.0012035  0.0048465
-0.0011890  0.0052470
-0.0013231  0.0050160
-0.0020910  0.0055752
-0.0023005  0.0059075
-0.0025686  0.0060525
-0.0031650  0.0063146
-0.0032393  0.0060187
-0.0031840  0.0061964
-0.0034024  0.0055456
-0.0032373  0.0051378
-0.0034905  0.0045547
-0.0038838  0.0043936
-0.0042516  0.0037338
-0.0052864  0.0034996
-0.0056110  0.0030543
-0.0059675  0.0028597
-0.0064613  0.0015947
-0.0065710  0.0006326
-0.0062775 -0.0005387
-0.0057829 -0.0016886
-0.0051180 -0.0029031
-0.0048019 -0.0039593
-0.0044140 -0.0044963
-0.0045396 -0.0050465
-0.0048190 -0.0057490
-0.0051138 -0.0056577
-0.0052313 -0.0059120
-0.0051530 -0.0064949
-0.0048025 -0.0068910
-0.0038189 -0.0073815
-0.0029460 -0.0082003
-0.0016427 -0.0082956
-0.0005259 -0.0089092
 0.0001467 -0.0089658
 0.0011856 -0.0088556
 0.0020512 -0.0082217
 0.0023440 -0.0082823
 0.0028446 -0.0079984
 0.0033453 -0.0076536
 0.0032690 -0.0077897
 0.0026920 -0.0068312
 0.0020214 -0.0062882
 0.0008897 -0.0051326
-0.0004507 -0.0034558
-0.0015311 -0.0023135
-0.0022275 -0.0005539
-0.0025411  0.0006259
-0.0028334  0.0015896
-0.0024042  0.0022804
-0.0021518  0.0025647
-0.0018038  0.0026567
-0.0018817  0.0024750
-0.0013282  0.0021778
-0.0014816  0.0020534
-0.0016366  0.0019810
-0.0013120  0.0022402
-0.0014663  0.0025163
-0.0016229  0.0030592
-0.0016641  0.0034323
-0.0017239  0.0035429
-0.0023574  0.0041670
-0.0022988  0.0043915
-0.0029347  0.0046349
-0.0039130  0.0050326
-0.0046664  0.0049485
-0.0053230  0.0042331
-0.0061672  0.0038434
-0.0062678  0.0027840
-0.0059754  0.0022033
-0.0059108  0.0018178
-0.0055587  0.0017616
-0.0056252  0.0014722
-0.0062494  0.0016405
-0.0068566  0.0019259
-0.0069519  0.0020200
-0.0070367  0.0023672
-0.0067008  0.0024254
-0.0064380  0.0022526
-0.0061199  0.0026575
-0.0057400  0.0029878
-0.0061054  0.0027932
-0.0065208  0.0019873
-0.0069609  0.0009501
-0.0076481  0.0002415
-0.0086639 -0.0003762
-0.0091185 -0.0006984
-0.0094447 -0.0008502
-0.0094972 -0.0009951
-0.0092424 -0.0007452
-0.0095698  0.0002125
-0.0097026  0.0012449
-0.0099356  0.0022405
-0.0110548  0.0036177
-0.0115244  0.0043097
-0.0122807  0.0047498
-0.0128888  0.0051002
-0.0130887  0.0048225
-0.0134840  0.0039339
-0.0136860  0.0031241
-0.0137296  0.0021843
-0.0135407  0.0010369
-0.0136743  0.0003001
-0.0131518  0.0000939
-0.0127077  0.0003801
-0.0124771  0.0003716
-0.0115586  0.0004002
-0.0106393  0.0006012
-0.0093954  0.0008055
-0.0082027  0.0003201
-0.0076080  0.0001340
-0.0070839  0.0000804
-0.0065222 -0.0006036
-0.0060426 -0.0012297
-0.0052916 -0.0015111
-0.0045200 -0.0021773
-0.0042309 -0.0028297
-0.0034242 -0.0030429
-0.0025755 -0.0033571
-0.0017523 -0.0034027
-0.0010809 -0.0027919
-0.0004462 -0.0022585
-0.0002721 -0.0016134
-0.0001728 -0.0005786
-0.0006343  0.0000178
-0.0014043  0.0010938
-0.0022061  0.0015742
-0.0031629  0.0019800
-0.0038101  0.0027475
-0.0042268  0.0028412
-0.0041354  0.0029514
-0.0034934  0.0037883
-0.0025014  0.0044367
-0.0017451  0.0055232
-0.0006683  0.0066751
 0.0004836  0.0079024
 0.0013068  0.0087883
 0.0013391  0.0096684
 0.0015813  0.0100516
 0.0013451  0.0102426
 0.0010697  0.0097044
 0.0009352  0.0087859
 0.0005497  0.0081120
 0.0005460  0.0074195
 0.0009288  0.0065580
 0.0014778  0.0064376
 0.0015077  0.0064307
 0.0023070  0.0062951
 0.0019093  0.0069414
 0.0017300  0.0072818
 0.0015002  0.0071271
 0.0010783  0.0071065
 0.0004489  0.0074493
 0.0001477  0.0071416
-0.0010764  0.0074319
-0.0016683  0.0067209
-0.0023138  0.0060697
-0.0033870  0.0055727
-0.0040988  0.0048112
-0.0048745  0.0040300
-0.0051523  0.0040369
-0.0056772  0.0038242
-0.0058775  0.0041477
-0.0057455  0.0050498
-0.0060136  0.0056050
-0.0059921  0.0061724
-0.0053909  0.0065253
-0.0051164  0.0068184
-0.0047828  0.0066686
-0.0044529  0.0063218
-0.0039507  0.0052450
-0.0033749  0.0041460
-0.0027649  0.0032577
-0.0022401  0.0020214
-0.0016204  0.0012882
-0.0012312  0.0010491
-0.0010904  0.0006590
-0.0014800 -0.0000152
-0.0021123  0.0000380
-0.0029929 -0.0001780
-0.0036590 -0.0000831
-0.0038884 -0.0004465
-0.0042966 -0.0005022
-0.0041431 -0.0012455
-0.0037830 -0.0017223
-0.0033627 -0.0023739
-0.0029755 -0.0028124
-0.0027389 -0.0034854
-0.0023129 -0.0027199
-0.0022107 -0.0022423
-0.0019725 -0.0013811
-0.0022539 -0.0005228
-0.0023096  0.0003957
-0.0025752  0.0005479
-0.0025340  0.0005512
-0.0023200  0.0000526
-0.0017192 -0.0006746
-0.0013522 -0.0014235
-0.0009489 -0.0017918
-0.0004264 -0.0022141
 0.0001510 -0.0023906
 0.0005762 -0.0022545
 0.0013627 -0.0022941
 0.0023426 -0.0020013
 0.0032074 -0.0021374
 0.0039927 -0.0017853
 0.0046023 -0.0016145
 0.0048514 -0.0011138
 0.0049528 -0.0009798
 0.0044748 -0.0005615
 0.0042870 -0.0001635
 0.0040416 -0.0003738
 0.0035962 -0.0002103
 0.0037484 -0.0000957
 0.0039749 -0.0006714
 0.0041614 -0.0004631
 0.0042539 -0.0004244
 0.0040806 -0.0003048
 0.0036167  0.0008402
 0.0033854  0.0012984
 0.0026372  0.0018713
 0.0021349  0.0032622
 0.0015612  0.0042170
 0.0005499  0.0049397
 0.0002091  0.0058574
-0.0002108  0.0065054
-0.0008357  0.0062304
-0.0014482  0.0061872
-0.0015277  0.0052226
-0.0017260  0.0039681
-0.0009266  0.0024105
-0.0008229  0.0009529
 0.0000334 -0.0004695
 0.0002336 -0.0009685
 0.0000176 -0.0017909
-0.0003180 -0.0019440
-0.0010125 -0.0019432
-0.0018797 -0.0021196
-0.0028835 -0.0017026
-0.0034633 -0.0018064
-0.0034883 -0.0023470
-0.0035546 -0.0029837
-0.0028683 -0.0036560
-0.0019510 -0.0048567
-0.0014095 -0.0051566
-0.0006577 -0.0053197
 0.0000569 -0.0047560
 0.0008067 -0.0039437
 0.0010623 -0.0029213
 0.0014628 -0.0011545
 0.0016958  0.0001887
 0.0017366  0.0016636
 0.0013805  0.0027400
 0.0010035  0.0040397
 0.0004976  0.0043324
-0.0004491  0.0044862
-0.0012671  0.0041661
-0.0016986  0.0035968
-0.0020179  0.0024712
-0.0019162  0.0013989
-0.0013537  0.0001392
-0.0008054 -0.0009566
 0.0005448 -0.0013434
 0.0014820 -0.0018049
 0.0020893 -0.0016349
 0.0023514 -0.0011783
 0.0024827 -0.0006211
 0.0019159  0.0000100
 0.0014031  0.0005659
 0.0008702  0.0007791
 0.0004305  0.0014251
 0.0000276  0.0016948
 0.0001426  0.0020182
 0.0001390  0.0024526
 0.0005758  0.0029067
 0.0010114  0.0034784
 0.0011753  0.0040501
 0.0016469  0.0049529
 0.0017558  0.0056445
 0.0018232  0.0064924
 0.0021389  0.0075551
 0.0020993  0.0083081
 0.0021150  0.0088508
 0.0024598  0.0093676
 0.0022487  0.0099244
 0.0019677  0.0101331
 0.0023206  0.0106680
 0.0023861  0.0117020
 0.0026425  0.0124691
 0.0031266  0.0138665
 0.0029364  0.0151682
 0.0026272  0.0165817
 0.0016456  0.0171336
 0.0008159  0.0177105
-0.0002839  0.0172821
-0.0009469  0.0164375
-0.0010919  0.0156077
-0.0007960  0.0149351
-0.0004024  0.0142071
 0.0000881  0.0137065
 0.0005055  0.0133419
 0.0006747  0.0124981
 0.0000654  0.0117685
-0.0001970  0.0106372
-0.0002094  0.0093496
-0.0005147  0.0086681
-0.0006742  0.0078585
-0.0011571  0.0074689
-0.0019723  0.0070199
-0.0023672  0.0066573
-0.0030290  0.0061058
-0.0034970  0.0061087
-0.0035814  0.0053464
-0.0036638  0.0050481
-0.0035895  0.0044635
-0.0033828  0.0038810
-0.0030235  0.0032988
-0.0026044  0.0027130
-0.0017618  0.0023021
-0.0014772  0.0019670
-0.0009802  0.0016295
-0.0006289  0.0015819
-0.0006277  0.0013801
-0.0002166  0.0015396
 0.0000806  0.0018150
-0.0000837  0.0015465
 0.0000374  0.0019446
 0.0001747  0.0017116
 0.0001146  0.0014762
 0.0002849  0.0009133
 0.0008413  0.0000695
 0.0009737 -0.0007198
 0.0013771 -0.0017700
 0.0017643 -0.0032533
 0.0020364 -0.0036315
 0.0022161 -0.0037946
 0.0021629 -0.0036835
 0.0023224 -0.0030391
 0.0029926 -0.0027225
 0.0037617 -0.0026344
 0.0044146 -0.0026881
 0.0059621 -0.0031690
 0.0069424 -0.0035541
 0.0075145 -0.0036167
 0.0078832 -0.0036159
 0.0081977 -0.0039458
 0.0080540 -0.0039858
 0.0077941 -0.0038901
 0.0077655 -0.0045405
 0.0079625 -0.0043124
 0.0081394 -0.0042551
 0.0081806 -0.0041400
 0.0082565 -0.0036689
 0.0077756 -0.0032930
 0.0072725 -0.0029749
 0.0065401 -0.0027925
 0.0054774 -0.0021671
 0.0043428 -0.0018611
 0.0034401 -0.0010185
 0.0029015 -0.0006700
 0.0028070  0.0000761
 0.0030537  0.0008985
 0.0033597  0.0013313
 0.0032587  0.0014944
 0.0037529  0.0015209
 0.0039370  0.0016065
 0.0038731  0.0013436
 0.0039042  0.0015062
 0.0039413  0.0016544
 0.0039377  0.0021675
 0.0033858  0.0024889
 0.0033115  0.0030251
 0.0025993  0.0030186
 0.0022706  0.0025756
 0.0019024  0.0019434
 0.0015281  0.0013119
 0.0009071  0.0004903
 0.0003983  0.0001528
-0.0005320 -0.0000357
-0.0013209 -0.0002226
-0.0024530  0.0000693
-0.0039118  0.0003625
-0.0044843  0.0000960
-0.0055191 -0.0003639
-0.0067848 -0.0003227
-0.0069738 -0.0008762
-0.0078023 -0.0014689
-0.0084427 -0.0013138
-0.0085767 -0.0017701
-0.0093503 -0.0015932
-0.0100799 -0.0012682
-0.0107658 -0.0013412
-0.0114716 -0.0009278
-0.0123501 -0.0011475
-0.0123432 -0.0015347
-0.0123198 -0.0016587
-0.0118938 -0.0017964
-0.0108121 -0.0017932
-0.0101181 -0.0014843
-0.0093049 -0.0009255
-0.0085167 -0.0003655
-0.0075587  0.0004865
-0.0070237  0.0011446
-0.0069502  0.0020741
-0.0068796  0.0028299
-0.0069592  0.0033354
-0.0075414  0.0035547
-0.0081902  0.0038685
-0.0085168  0.0038741
-0.0084736  0.0037507
-0.0083165  0.0036058
-0.0078134  0.0031875
-0.0070443  0.0028673
-0.0061375  0.0026570
-0.0050409  0.0025403
-0.0037678  0.0018261
-0.0029304  0.0018955
-0.0022270  0.0020073
-0.0020767  0.0016403
-0.0017116  0.0015789
-0.0017664  0.0010068
-0.0017324  0.0007993
-0.0013416  0.0005675
-0.0011045  0.0003592
-0.0007597  0.0006071
-0.0002099  0.0005865
 0.0002645  0.0007940
 0.0004110  0.0009793
 0.0004239  0.0011432
 0.0007824  0.0012336
 0.0004501  0.0010329
 0.0003116  0.0014540
 0.0000746  0.0018343
-0.0006760  0.0020539
-0.0010249  0.0020494
-0.0018352  0.0021435
-0.0025058  0.0021551
-0.0033246  0.0016779
-0.0035111  0.0014029
-0.0035765  0.0015705
-0.0035251  0.0018325
-0.0030357  0.0023403
-0.0022778  0.0034058
-0.0016778  0.0044179
-0.0014642  0.0051039
-0.0015191  0.0061403
-0.0017230  0.0066822
-0.0026395  0.0070484
-0.0036529  0.0071493
-0.0044172  0.0069059
-0.0054701  0.0065268
-0.0064541  0.0060665
-0.0065510  0.0056124
-0.0067129  0.0049397
-0.0063371  0.0043636
-0.0057868  0.0035597
-0.0052414  0.0029234
-0.0047933  0.0025160
-0.0044958  0.0016701
-0.0042003  0.0013641
-0.0039758  0.0010168
-0.0033694  0.0004843
-0.0034514  0.0007173
-0.0037478  0.0005998
-0.0040438  0.0001052
-0.0045530 -0.0000631
-0.0052887 -0.0005367
-0.0055830 -0.0012573
-0.0056299 -0.0018072
-0.0053485 -0.0026611
-0.0055072 -0.0032271
-0.0053458 -0.0036599
-0.0046207 -0.0041871
-0.0045864 -0.0046356
-0.0050507 -0.0045738
-0.0049716 -0.0047167
-0.0055961 -0.0046912
-0.0058112 -0.0046880
-0.0054881 -0.0049681
-0.0052046 -0.0050408
-0.0044064 -0.0048627
-0.0035875 -0.0051082
-0.0029080 -0.0052769
-0.0015243 -0.0051404
-0.0008500 -0.0044924
-0.0002420 -0.0039401
 0.0007879 -0.0027350
 0.0013370 -0.0014902
 0.0018105 -0.0002616
 0.0026491  0.0009319
 0.0027024  0.0017059
 0.0027395  0.0022441
 0.0031445  0.0021290
 0.0029503  0.0013825
 0.0025481  0.0007434
 0.0019910  0.0004543
 0.0017604 -0.0001049
 0.0012218 -0.0001041
 0.0012602 -0.0000674
 0.0016054 -0.0002043
 0.0019901 -0.0001881
 0.0023410 -0.0004078
 0.0028235 -0.0010090
 0.0028312 -0.0010584
 0.0035083 -0.0014537
 0.0030739 -0.0017529
 0.0028442 -0.0014946
 0.0023097 -0.0015011
 0.0019867 -0.0013917
 0.0017355 -0.0013033
 0.0016241 -0.0012472
 0.0017429 -0.0016178
 0.0024934 -0.0012367
 0.0035117 -0.0010882
 0.0039163 -0.0010402
 0.0046644 -0.0005101
 0.0054840  0.0000035
 0.0054940  0.0002812
 0.0060047  0.0006591
 0.0065279  0.0009033
 0.0066684  0.0015117
 0.0073292  0.0019078
 0.0076659  0.0019566
 0.0077345  0.0024051
 0.0075044  0.0024296
 0.0076962  0.0022649
 0.0069641  0.0024594
 0.0062535  0.0026483
 0.0053306  0.0022470
 0.0048658  0.0020464
 0.0046325  0.0015793
 0.0042444  0.0011930
 0.0046082  0.0008410
 0.0048880  0.0005274
 0.0048665  0.0005569
 0.0049776  0.0008286
 0.0049013  0.0011622
 0.0041208  0.0015502
 0.0034502  0.0021449
 0.0029020  0.0021263
 0.0023125  0.0019737
 0.0018535  0.0017561
 0.0013318  0.0018856
 0.0009260  0.0015219
 0.0004189  0.0015804
-0.0001634  0.0017230
-0.0010516  0.0016366
-0.0014178  0.0014715
-0.0016173  0.0004028
-0.0012374 -0.0005330
-0.0002152 -0.0013530
 0.0010226 -0.0023915
 0.0022597 -0.0031368
 0.0032690 -0.0027863
 0.0038964 -0.0030511
 0.0042796 -0.0023724
 0.0043010 -0.0018281
 0.0040406 -0.0009374
 0.0037608  0.0002993
 0.0039058  0.0014016
 0.0036907  0.0017392
 0.0039548  0.0031245
 0.0038519  0.0036235
 0.0039626  0.0044112
 0.0038190  0.0048335
 0.0037928  0.0051157
 0.0037779  0.0051545
 0.0040884  0.0056103
 0.0043980  0.0056672
 0.0051078  0.0056628
 0.0056452  0.0061981
 0.0061705  0.0065978
 0.0065881  0.0072091
 0.0067371  0.0082423
 0.0063977  0.0091159
 0.0058576  0.0096283
 0.0054135  0.0098664
 0.0050414  0.0098805
 0.0047951  0.0099475
 0.0046598  0.0100993
 0.0048351  0.0101905
 0.0051011  0.0106132
 0.0051564  0.0109354
 0.0056971  0.0110501
 0.0060835  0.0114671
 0.0059543  0.0117695
 0.0064727  0.0115180
 0.0067218  0.0111917
 0.0069487  0.0109838
 0.0076903  0.0100706
 0.0077626  0.0100201
 0.0078316  0.0097024
 0.0081223  0.0092474
 0.0078849  0.0090956
 0.0076523  0.0085788
 0.0070180  0.0076171
 0.0069401  0.0072493
 0.0067830  0.0069198
 0.0069372  0.0063602
 0.0070345  0.0064700
 0.0072861  0.0064465
 0.0069647  0.0062370
 0.0061927  0.0062136
 0.0060926  0.0061348
 0.0056201  0.0054481
 0.0052038  0.0051223
 0.0053414  0.0049749
 0.0052311  0.0049047
 0.0052020  0.0054817
 0.0049468  0.0058668
 0.0043101  0.0062141
 0.0034028  0.0064822
 0.0027491  0.0063497
 0.0022630  0.0057562
 0.0016973  0.0045474
 0.0019742  0.0030148
 0.0020549  0.0022501
 0.0023831  0.0010623
 0.0029058  0.0007575
 0.0027237  0.0001070
 0.0022170  0.0000885
 0.0014325 -0.0002531
 0.0004320 -0.0006572
-0.0005079 -0.0013283
-0.0008952 -0.0020344
-0.0009586 -0.0019908
-0.0007160 -0.0024474
 0.0000023 -0.0023581
 0.0000733 -0.0021372
 0.0004730 -0.0023406
 0.0004354 -0.0025110
 0.0002457 -0.0029325
 0.0000636 -0.0032737
-0.0000178 -0.0036803
-0.0003044 -0.0038902
-0.0002655 -0.0039229
-0.0003099 -0.0037860
-0.0002973 -0.0038813
-0.0002537 -0.0034932
 0.0000915 -0.0039119
 0.0002005 -0.0038187
 0.0007585 -0.0041627
 0.0009115 -0.0045850
 0.0016996 -0.0044332
 0.0027054 -0.0046044
 0.0037237 -0.0049891
 0.0048780 -0.0050618
 0.0061139 -0.0054974
 0.0066901 -0.0057206
 0.0071326 -0.0057909
 0.0075900 -0.0061304
 0.0076841 -0.0059980
 0.0075105 -0.0057315
 0.0078924 -0.0051182
 0.0071108 -0.0048796
 0.0069424 -0.0041990
 0.0066594 -0.0044179
 0.0061269 -0.0039120
 0.0059602 -0.0037445
 0.0060212 -0.0036306
 0.0055270 -0.0034603
 0.0053982 -0.0030763
 0.0049606 -0.0029625
 0.0044321 -0.0022995
 0.0038827 -0.0019047
 0.0033840 -0.0014542
 0.0025790 -0.0006472
 0.0022326 -0.0005633
 0.0015958  0.0002837
 0.0013233  0.0008089
 0.0006688  0.0011626
 0.0001669  0.0020944
-0.0006794  0.0025465
-0.0016221  0.0028449
-0.0030651  0.0028755
-0.0039914  0.0029215
-0.0054122  0.0027195
-0.0069513  0.0026735
-0.0080652  0.0023012
-0.0091037  0.0015243
-0.0096641  0.0002509
-0.0095510 -0.0005789
-0.0095547 -0.0009996
-0.0094065 -0.0012838
-0.0093569 -0.0015862
-0.0095532 -0.0010984
-0.0099840 -0.0008993
-0.0107382 -0.0009267
-0.0113233 -0.0013397
-0.0119580 -0.0015633
-0.0122834 -0.0022820
-0.0121466 -0.0028847
-0.0119709 -0.0033558
-0.0113354 -0.0035601
-0.0105259 -0.0037288
-0.0097987 -0.0037462
-0.0088637 -0.0037829
-0.0082116 -0.0036275
-0.0070162 -0.0032851
-0.0057545 -0.0032233
-0.0047686 -0.0027998
-0.0037023 -0.0018768
-0.0025949 -0.0017375
-0.0019106 -0.0020976
-0.0009557 -0.0024363
-0.0002476 -0.0033516
 0.0001372 -0.0040916
 0.0006593 -0.0041408
 0.0010526 -0.0036583
 0.0008314 -0.0027786
 0.0005116 -0.0019784
-0.0000819 -0.0012908
-0.0008280 -0.0006832
-0.0012136 -0.0003574
-0.0018083 -0.0005011
-0.0021386  0.0000614
-0.0022129  0.0009339
-0.0019044  0.0016587
-0.0019226  0.0025886
-0.0020323  0.0034624
-0.0019128  0.0030296
-0.0017190  0.0028810
-0.0016201  0.0019860
-0.0009276  0.0010065
-0.0003713  0.0006399
 0.0011105  0.0001376
 0.0024195  0.0000382
 0.0032129  0.0005485
 0.0042421  0.0012539
 0.0049294  0.0021736
 0.0050235  0.0028426
 0.0045787  0.0034547
 0.0043587  0.0033222
 0.0045198  0.0032621
 0.0047520  0.0031228
 0.0048477  0.0027698
 0.0052894  0.0024949
 0.0055578  0.0027928
 0.0051541  0.0028246
 0.0052732  0.0032554
 0.0049656  0.0038844
 0.0044512  0.0045159
 0.0041617  0.0053136
 0.0038755  0.0062309
 0.0040652  0.0071458
 0.0041173  0.0079799
 0.0041330  0.0083367
 0.0038370  0.0086129
 0.0037760  0.0082777
 0.0034877  0.0075998
 0.0031983  0.0069784
 0.0027025  0.0064765
 0.0023476  0.0053109
 0.0014142  0.0047949
 0.0006374  0.0040157
-0.0004656  0.0035224
-0.0018629  0.0027391
-0.0027649  0.0025627
-0.0033625  0.0019288
-0.0037339  0.0018068
-0.0031534  0.0017607
-0.0023557  0.0016598
-0.0016189  0.0015802
-0.0005353  0.0013662
-0.0000105  0.0005034
 0.0004950 -0.0000666
 0.0011187 -0.0009734
 0.0012822 -0.0015333
 0.0014085 -0.0018449
 0.0019196 -0.0021557
 0.0020690 -0.0020875
 0.0021566 -0.0020479
 0.0023984 -0.0021238
 0.0021920 -0.0020454
 0.0017353 -0.0025283
 0.0020130 -0.0040169
 0.0020792 -0.0048761
 0.0021825 -0.0055992
 0.0030037 -0.0062213
 0.0034385 -0.0059834
 0.0039569 -0.0057436
 0.0036105 -0.0055998
 0.0035164 -0.0051895
 0.0036137 -0.0049541
 0.0038854 -0.0050578
 0.0036594 -0.0047279
 0.0036622 -0.0047009
 0.0033400 -0.0044856
 0.0029832 -0.0047489
 0.0028540 -0.0047040
 0.0027018 -0.0046802
 0.0025952 -0.0044290
 0.0028153 -0.0042938
 0.0028634 -0.0039824
 0.0033496 -0.0032351
 0.0032814 -0.0033328
 0.0034352 -0.0031621
 0.0041099 -0.0031871
 0.0045088 -0.0033123
 0.0048895 -0.0033435
 0.0051482 -0.0025328
 0.0049649 -0.0019107
 0.0047291 -0.0012454
 0.0040156 -0.0002102
 0.0036514  0.0001209
 0.0034052  0.0006273
 0.0034521  0.0009414
 0.0032696  0.0011974
 0.0033363  0.0020037
 0.0031522  0.0024830
 0.0030077  0.0032477
 0.0020957  0.0040115
 0.0018163  0.0047387
 0.0012915  0.0047177
 0.0009040  0.0049046
 0.0004741  0.0044996
 0.0001084  0.0041891
-0.0003208  0.0042391
-0.0005540  0.0042331
-0.0006735  0.0038406
-0.0009133  0.0038474
-0.0008902  0.0038776
-0.0009390  0.0030793
-0.0012273  0.0031491
-0.0007642  0.0022625
-0.0007016  0.0015680
-0.0004715  0.0007791
-0.0004190  0.0003341
-0.0008103  0.0001750
-0.0013974  0.0005162
-0.0020563  0.0010540
-0.0035038  0.0015696
-0.0049513  0.0018925
-0.0057257  0.0020088
-0.0068869  0.0018534
-0.0077227  0.0023173
-0.0078686  0.0020763
-0.0081949  0.0020041
-0.0081732  0.0020485
-0.0070742  0.0016169
-0.0063589  0.0010844
-0.0058308  0.0006653
-0.0047609  0.0004372
-0.0040535 -0.0001914
-0.0033978 -0.0006516
-0.0027373 -0.0015734
-0.0028616 -0.0024952
-0.0019563 -0.0033810
-0.0013935 -0.0038037
-0.0008541 -0.0042471
-0.0002335 -0.0039979
-0.0000199 -0.0039572
 0.0002486 -0.0031129
 0.0004178 -0.0026696
 0.0002599 -0.0019013
 0.0000834 -0.0012484
 0.0004237 -0.0006286
 0.0002348 -0.0005487
 0.0004266 -0.0007331
 0.0005453 -0.0013040
 0.0011465 -0.0016370
 0.0019020 -0.0019329
 0.0020429 -0.0023047
 0.0024136 -0.0030746
 0.0024342 -0.0034670
 0.0019776 -0.0038606
 0.0020906 -0.0040297
 0.0018597 -0.0045473
 0.0015681 -0.0041117
 0.0012011 -0.0040019
 0.0010832 -0.0030685
 0.0009504 -0.0023680
 0.0008204 -0.0014314
 0.0009803 -0.0010119
 0.0014883 -0.0007071
 0.0017051 -0.0011871
 0.0026273 -0.0014560
 0.0028041 -0.0016878
 0.0029761 -0.0019026
 0.0027444 -0.0016769
 0.0022627 -0.0019923
 0.0022017 -0.0015349
 0.0014289 -0.0016923
 0.0008576 -0.0016952
 0.0001281 -0.0016168
-0.0001545 -0.0018058
-0.0013153 -0.0019350
-0.0016762 -0.0018756
-0.0022810 -0.0022240
-0.0027780 -0.0025011
-0.0028151 -0.0022597
-0.0029681 -0.0023332
-0.0031854 -0.0018674
-0.0028483 -0.0010167
-0.0026255 -0.0000094
-0.0021737  0.0012325
-0.0021245  0.0025527
-0.0016320  0.0033186
-0.0016958  0.0034522
-0.0018932  0.0034325
-0.0021105  0.0023540
-0.0026495  0.0014492
-0.0028514  0.0005428
-0.0033359 -0.0002078
-0.0032572 -0.0009555
-0.0033000 -0.0010092
-0.0028563 -0.0012539
-0.0025293 -0.0013649
-0.0024319 -0.0014524
-0.0026431 -0.0017710
-0.0031252 -0.0018989
-0.0032221 -0.0025053
-0.0036138 -0.0029829
-0.0035629 -0.0035413
-0.0029771 -0.0038155
-0.0022799 -0.0044676
-0.0015799 -0.0046263
-0.0001817 -0.0048802
 0.0007602 -0.0050422
 0.0022941 -0.0047043
 0.0027943 -0.0046567
 0.0038146 -0.0047593
 0.0046322 -0.0043039
 0.0041634 -0.0042110
 0.0041730 -0.0035800
 0.0041608 -0.0028157
 0.0038216 -0.0023017
 0.0032955 -0.0015495
 0.0032280 -0.0009895
 0.0025546 -0.0006948
 0.0020535 -0.0008570
 0.0014806 -0.0013871
 0.0008879 -0.0025470
 0.0006069 -0.0033839
 0.0002113 -0.0043990
 0.0000640 -0.0049105
-0.0000067 -0.0050837
-0.0004988 -0.0046924
-0.0004576 -0.0043217
-0.0009373 -0.0028355
-0.0014318 -0.0019642
-0.0018097 -0.0003382
-0.0021258  0.0005937
-0.0019763  0.0011804
-0.0014744  0.0011510
-0.0007920  0.0013072
 0.0003003  0.0011195
 0.0010642  0.0008256
 0.0021039  0.0008001
 0.0027669  0.0004657
 0.0024641  0.0002808
 0.0026406  0.0002900
 0.0027997  0.0004135
 0.0029200  0.0003666
 0.0035572  0.0005115
 0.0043840  0.0007017
 0.0047284  0.0014462
 0.0052779  0.0019303
 0.0051382  0.0024132
 0.0047836  0.0028190
 0.0045490  0.0028428
 0.0042628  0.0026555
 0.0038401  0.0026567
 0.0038829  0.0026155
 0.0037331  0.0022130
 0.0032753  0.0027988
 0.0028187  0.0032856
 0.0023580  0.0038516
 0.0011883  0.0043970
 0.0002896  0.0041386
-0.0004610  0.0040191
-0.0008801  0.0032814
-0.0010864  0.0023923
-0.0005445  0.0011196
-0.0003483  0.0001163
 0.0008053 -0.0012302
 0.0008081 -0.0019469
 0.0012728 -0.0024536
 0.0016221 -0.0030294
 0.0015450 -0.0033782
 0.0015034 -0.0031328
 0.0010366 -0.0028445
 0.0001592 -0.0028655
-0.0003088 -0.0029777
-0.0007400 -0.0032075
-0.0011127 -0.0026111
-0.0012113 -0.0027294
-0.0011378 -0.0026544
-0.0008588 -0.0026205
-0.0006715 -0.0026245
-0.0010822 -0.0028163
-0.0006853 -0.0027812
-0.0005659 -0.0028518
-0.0007711 -0.0025328
-0.0004776 -0.0018831
-0.0001397 -0.0015216
 0.0001017 -0.0016576
 0.0001982 -0.0014888
 0.0009334 -0.0018387
 0.0006953 -0.0018702
 0.0009215 -0.0016744
 0.0009195 -0.0015585
 0.0008166 -0.0007102
 0.0006709 -0.0001361
 0.0008914  0.0001979
 0.0008510  0.0006852
 0.0008490  0.0008670
 0.0009900  0.0013362
 0.0011611  0.0016483
 0.0011652  0.0017848
 0.0015342  0.0018187
 0.0013857  0.0015033
 0.0014810  0.0015727
 0.0021197  0.0013769
 0.0026951  0.0014927
 0.0030056  0.0019893
 0.0032475  0.0027213
 0.0027739  0.0034113
 0.0025572  0.0035450
 0.0019916  0.0040004
 0.0011720  0.0042846
 0.0006568  0.0041441
 0.0002587  0.0038054
-0.0005435  0.0035797
-0.0008620  0.0027795
-0.0015088  0.0021917
-0.0019642  0.0015045
-0.0022343  0.0008549
-0.0018758  0.0002832
-0.0017495 -0.0002703
-0.0016223 -0.0012788
-0.0015311 -0.0019619
-0.0011475 -0.0025861
-0.0011334 -0.0030035
-0.0007705 -0.0034444
-0.0002190 -0.0033165
 0.0005053 -0.0026899
 0.0006131 -0.0020282
 0.0004956 -0.0015002
 0.0000357 -0.0007359
-0.0002687 -0.0006842
-0.0004177 -0.0010214
-0.0005073 -0.0017393
-0.0001737 -0.0026175
 0.0009500 -0.0037090
 0.0015116 -0.0041846
 0.0021487 -0.0043208
 0.0024419 -0.0043601
 0.0024810 -0.0040509
 0.0023215 -0.0039076
 0.0019254 -0.0030489
 0.0016241 -0.0024937
 0.0012272 -0.0017209
 0.0005105 -0.0010648
-0.0002433 -0.0014104
-0.0004590 -0.0015420
-0.0010904 -0.0021994
-0.0013044 -0.0030464
-0.0011918 -0.0037215
-0.0009257 -0.0045859
-0.0002365 -0.0051936
 0.0000453 -0.0055855
 0.0004264 -0.0057660
 0.0003856 -0.0054296
 0.0003662 -0.0056076
-0.0002899 -0.0056992
-0.0004454 -0.0058490
-0.0007385 -0.0060819
-0.0007550 -0.0063731
-0.0005661 -0.0073050
 0.0000431 -0.0080984
 0.0007876 -0.0087783
 0.0013589 -0.0092402
 0.0017174 -0.0098160
 0.0022519 -0.0095543
 0.0023068 -0.0093285
 0.0020045 -0.0088116
 0.0021478 -0.0086012
 0.0017906 -0.0082850
 0.0016856 -0.0080673
 0.0015157 -0.0075828
 0.0009424 -0.0068310
-0.0001389 -0.0059702
-0.0012173 -0.0055430
-0.0020128 -0.0050355
-0.0024392 -0.0049325
-0.0027505 -0.0050245
-0.0025462 -0.0050019
-0.0019156 -0.0051925
-0.0010366 -0.0053261
-0.0000410 -0.0052857
 0.0008961 -0.0053220
 0.0014581 -0.0051419
 0.0017505 -0.0047127
 0.0017178 -0.0042492
 0.0009209 -0.0034933
 0.0003698 -0.0025922
-0.0011229 -0.0018449
-0.0017701 -0.0012848
-0.0019978 -0.0007483
-0.0020543 -0.0000340
-0.0019380  0.0003883
-0.0018003  0.0006568
-0.0016695  0.0011583
-0.0017074  0.0010610
-0.0019804  0.0010420
-0.0021972  0.0010416
-0.0026442  0.0006168
-0.0026354  0.0001541
-0.0027715  0.0001291
-0.0026390 -0.0003126
-0.0027929 -0.0004273
-0.0033395 -0.0007172
-0.0038255 -0.0009449
-0.0041982 -0.0013087
-0.0046289 -0.0014682
-0.0043143 -0.0013556
-0.0045053 -0.0009611
-0.0041964 -0.0003346
-0.0037212 -0.0003608
-0.0039793  0.0002859
-0.0044477  0.0008548
-0.0053247  0.0012941
-0.0060228  0.0013877
-0.0067548  0.0008511
-0.0072526  0.0002548
-0.0072692 -0.0007263
-0.0074544 -0.0015214
-0.0070511 -0.0022550
-0.0069748 -0.0026083
-0.0068795 -0.0022668
-0.0063442 -0.0015982
-0.0058229 -0.0006268
-0.0054575  0.0000596
-0.0046669  0.0012025
-0.0041194  0.0018271
-0.0040189  0.0027040
-0.0035698  0.0028142
-0.0041448  0.0031780
-0.0043563  0.0036423
-0.0052248  0.0039128
-0.0061923  0.0041062
-0.0065601  0.0043602
-0.0069905  0.0041523
-0.0073257  0.0041127
-0.0072114  0.0041119
-0.0069317  0.0036157
-0.0064375  0.0034639
-0.0064832  0.0031829
-0.0062963  0.0030001
-0.0066261  0.0026081
-0.0067234  0.0023889
-0.0071696  0.0019186
-0.0074979  0.0016788
-0.0076497  0.0008827
-0.0074405  0.0003151
-0.0074732  0.0000098
-0.0067230 -0.0006951
-0.0068349 -0.0016762
-0.0064154 -0.0023690
-0.0057113 -0.0037495
-0.0055191 -0.0046131
-0.0049074 -0.0052384
-0.0043317 -0.0055412
-0.0038330 -0.0055703
-0.0027005 -0.0055044
-0.0018563 -0.0048430
-0.0009301 -0.0038316
 0.0001633 -0.0031750
 0.0010132 -0.0025734
 0.0016297 -0.0026695
 0.0019378 -0.0019815
 0.0023811 -0.0020211
 0.0025362 -0.0019311
 0.0022697 -0.0015706
 0.0020722 -0.0012125
 0.0021534 -0.0004870
 0.0020747  0.0005862
 0.0019043  0.0017732
 0.0012333  0.0029424
 0.0008505  0.0042017
 0.0001024  0.0049425
-0.0001887  0.0050548
 0.0001734  0.0052792
 0.0005558  0.0052542
 0.0009555  0.0057455
 0.0014210  0.0060176
 0.0020481  0.0064177
 0.0023832  0.0065493
 0.0034286  0.0063547
 0.0037295  0.0063123
 0.0041219  0.0062501
 0.0042019  0.0065129
 0.0040283  0.0072953
 0.0035095  0.0080802
 0.0022235  0.0082094
 0.0010716  0.0091719
 0.0000179  0.0092789
-0.0010190  0.0093189
-0.0018632  0.0092312
-0.0026889  0.0089744
-0.0028847  0.0084442
-0.0029804  0.0081248
-0.0025258  0.0081195
-0.0017979  0.0078053
-0.0009791  0.0076891
-0.0000271  0.0071945
 0.0001796  0.0068291
 0.0005401  0.0061662
 0.0004400  0.0054605
 0.0000936  0.0049498
-0.0003304  0.0043752
-0.0010583  0.0034567
-0.0020988  0.0029803
-0.0026043  0.0026492
-0.0032459  0.0021481
-0.0034446  0.0017630
-0.0030777  0.0012833
-0.0029917  0.0010919
-0.0027508  0.0006935
-0.0025638  0.0007399
-0.0030451  0.0000556
-0.0029862 -0.0004304
-0.0031367 -0.0010615
-0.0021483 -0.0014398
-0.0012023 -0.0015875
-0.0003669 -0.0019884
 0.0009845 -0.0023518
 0.0018283 -0.0026554
 0.0026730 -0.0027119
 0.0033218 -0.0029917
 0.0034683 -0.0030809
 0.0036758 -0.0028212
 0.0033855 -0.0026262
 0.0027508 -0.0021606
 0.0024391 -0.0016798
 0.0017701 -0.0007774
 0.0014596  0.0000677
 0.0014810  0.0006673
 0.0012933  0.0013432
 0.0015299  0.0017869
 0.0015392  0.0017853
 0.0016265  0.0012475
 0.0010750  0.0007089
 0.0007977 -0.0000009
 0.0008772 -0.0009182
 0.0009770 -0.0012977
 0.0013666 -0.0014281
 0.0013892 -0.0015375
 0.0017571 -0.0005705
 0.0014947 -0.0001062
 0.0015581  0.0001846
 0.0013744  0.0003000
 0.0008282  0.0005426
 0.0006849  0.0009799
 0.0000249  0.0010085
 0.0000112  0.0008833
-0.0000389  0.0005691
 0.0002757  0.0000277
 0.0004130 -0.0004766
 0.0008369 -0.0010407
 0.0011030 -0.0009309
 0.0013496 -0.0008187
 0.0012737 -0.0002845
 0.0014276  0.0007628
 0.0015806  0.0020034
 0.0015649  0.0029877
 0.0017958  0.0037067
 0.0016226  0.0045780
 0.0017893  0.0052631
 0.0016516  0.0055840
 0.0019516  0.0060023
 0.0016717  0.0064646
 0.0018174  0.0068474
 0.0012715  0.0074049
 0.0007919  0.0075555
-0.0001872  0.0074703
-0.0010702  0.0071343
-0.0016315  0.0062614
-0.0019218  0.0054853
-0.0022722  0.0043500
-0.0025678  0.0036700
-0.0024911  0.0027152
-0.0024411  0.0022380
-0.0023862  0.0016230
-0.0021625  0.0017260
-0.0020729  0.0017511
-0.0015635  0.0018763
-0.0012643  0.0021005
-0.0011909  0.0025378
-0.0008699  0.0030296
-0.0016358  0.0030620
-0.0018457  0.0030374
-0.0025902  0.0026741
-0.0036497  0.0017959
-0.0037833  0.0008515
-0.0041148 -0.0000384
-0.0042352 -0.0009299
-0.0037233 -0.0013724
-0.0040031 -0.0022639
-0.0040524 -0.0027795
-0.0040734 -0.0034711
-0.0040428 -0.0042560
-0.0034715 -0.0045641
-0.0028231 -0.0053485
-0.0021331 -0.0054858
-0.0013103 -0.0056364
-0.0007309 -0.0054163
-0.0007841 -0.0056198
-0.0000981 -0.0057259
 0.0001882 -0.0055627
 0.0003632 -0.0052849
 0.0001917 -0.0047306
 0.0004126 -0.0042901
 0.0002095 -0.0042566
-0.0001950 -0.0040705
-0.0003142 -0.0043596
-0.0003376 -0.0051077
-0.0001103 -0.0056266
 0.0004630 -0.0057384
 0.0014425 -0.0051643
 0.0019258 -0.0043967
 0.0022371 -0.0037067
 0.0025347 -0.0023469
 0.0023470 -0.0015608
 0.0021807 -0.0011228
 0.0018593 -0.0004574
 0.0015574 -0.0001357
 0.0009485  0.0003391
 0.0000865  0.0010242
 0.0001492  0.0013146
 0.0003309  0.0019072
 0.0001343  0.0020829
 0.0003367  0.0024326
 0.0002560  0.0027402
 0.0002121  0.0026256
 0.0004750  0.0022259
 0.0005214  0.0016069
 0.0009527  0.0003977
 0.0014138  0.0000731
 0.0012006 -0.0004857
 0.0013705 -0.0013832
 0.0012853 -0.0019549
 0.0007830 -0.0025670
 0.0006433 -0.0030381
-0.0003055 -0.0032255
-0.0007150 -0.0035456
-0.0014111 -0.0036291
-0.0015181 -0.0036004
-0.0017523 -0.0034360
-0.0018920 -0.0031627
-0.0019962 -0.0028356
-0.0015017 -0.0024953
-0.0017210 -0.0023718
-0.0015518 -0.0022883
-0.0019003 -0.0020340
-0.0025535 -0.0023151
-0.0032088 -0.0022473
-0.0038843 -0.0027742
-0.0047153 -0.0029499
-0.0052462 -0.0029878
-0.0052629 -0.0031965
-0.0053546 -0.0029256
-0.0051568 -0.0028032
-0.0049587 -0.0031262
-0.0051565 -0.0030499
-0.0051400 -0.0026829
-0.0054477 -0.0026268
-0.0055393 -0.0027006
-0.0054234 -0.0025262
-0.0056709 -0.0024495
-0.0056866 -0.0027345
-0.0059341 -0.0029869
-0.0065272 -0.0032796
-0.0064703 -0.0038182
-0.0069095 -0.0041138
-0.0071393 -0.0043496
-0.0070044 -0.0041785
-0.0065652 -0.0043149
-0.0058194 -0.0046169
-0.0041758 -0.0047279
-0.0030118 -0.0050832
-0.0015955 -0.0051336
-0.0001162 -0.0056423
 0.0010567 -0.0052333
 0.0024626 -0.0055748
 0.0036202 -0.0055328
 0.0048379 -0.0049134
 0.0064558 -0.0043163
 0.0079057 -0.0033545
 0.0091949 -0.0018574
 0.0102547 -0.0008573
 0.0107005  0.0003333
 0.0112407  0.0012761
 0.0108011  0.0017416
 0.0108237  0.0017816
 0.0106731  0.0014546
 0.0100102  0.0008590
 0.0094781  0.0002974
 0.0090102 -0.0008315
 0.0087514 -0.0016353
 0.0082577 -0.0019736
 0.0078794 -0.0023140
 0.0082056 -0.0016639
 0.0084939 -0.0009917
 0.0080086 -0.0006736
 0.0076193  0.0002009
 0.0068449  0.0010935
 0.0059784  0.0013551
 0.0050551  0.0019284
 0.0044042  0.0021117
 0.0035269  0.0018533
 0.0031301  0.0018282
 0.0026751  0.0017603
 0.0018947  0.0013274
 0.0012079  0.0014909
 0.0007698  0.0018264
 0.0000992  0.0025660
-0.0008617  0.0025030
-0.0008427  0.0029350
-0.0010220  0.0031953
-0.0010640  0.0038805
-0.0012235  0.0044873
-0.0016281  0.0052923
-0.0019939  0.0064648
-0.0030093  0.0068339
-0.0044681  0.0070935
-0.0060839  0.0066438
-0.0071789  0.0056188
-0.0080708  0.0039045
-0.0084600  0.0023832
-0.0082776  0.0005127
-0.0084589 -0.0009771
-0.0083887 -0.0025476
-0.0084097 -0.0030257
-0.0083499 -0.0037577
-0.0081783 -0.0043948
-0.0082130 -0.0048208
-0.0081569 -0.0052278
-0.0078764 -0.0052904
-0.0078449 -0.0053905
-0.0078769 -0.0053102
-0.0076742 -0.0051531
-0.0072753 -0.0054938
-0.0069322 -0.0058172
-0.0062979 -0.0055079
-0.0053963 -0.0056242
-0.0049752 -0.0052399
-0.0041903 -0.0048777
-0.0043268 -0.0045882
-0.0040567 -0.0046217
-0.0034414 -0.0041800
-0.0035532 -0.0044493
-0.0032080 -0.0044299
-0.0028426 -0.0041751
-0.0021155 -0.0040968
-0.0017299 -0.0041117
-0.0009401 -0.0036110
-0.0008057 -0.0030922
-0.0004258 -0.0026860
-0.0007528 -0.0022258
-0.0010778 -0.0021289
-0.0020577 -0.0015256
-0.0032443 -0.0013088
-0.0037901 -0.0015700
-0.0042831 -0.0014343
-0.0044510 -0.0012183
-0.0038688 -0.0014464
-0.0036184 -0.0012542
-0.0033443 -0.0012324
-0.0025715 -0.0013087
-0.0021447 -0.0011185
-0.0018777 -0.0012295
-0.0021316 -0.0010543
-0.0020027 -0.0013252
-0.0018581 -0.0016716
-0.0018649 -0.0016349
-0.0014353 -0.0017112
-0.0009883 -0.0016373
-0.0005236 -0.0016704
 0.0001503 -0.0011702
 0.0001870 -0.0014734
 0.0006650 -0.0011484
 0.0004143 -0.0007152
 0.0006989 -0.0000829
 0.0007005  0.0006188
 0.0006581  0.0010544
 0.0005075  0.0014533
 0.0004349  0.0016467
 0.0005544  0.0016891
 0.0002928  0.0013871
-0.0000310  0.0012922
-0.0001246  0.0013294
-0.0007759  0.0014545
-0.0011098  0.0017226
-0.0018983  0.0015990
-0.0025363  0.0015594
-0.0028460  0.0014431
-0.0029494  0.0011540
-0.0030120  0.0008794
-0.0029208  0.0010841
-0.0029878  0.0015205
-0.0028042  0.0013816
-0.0027227  0.0010162
-0.0024990  0.0006884
-0.0024341 -0.0000945
-0.0020441 -0.0005684
-0.0017458 -0.0011789
-0.0015440 -0.0010585
-0.0014613 -0.0005046
-0.0018578 -0.0003524
-0.0015817 -0.0002579
-0.0016104 -0.0005842
-0.0016589 -0.0009855
-0.0017652 -0.0016904
-0.0012371 -0.0027975
-0.0009016 -0.0036986
-0.0000445 -0.0051698
 0.0011396 -0.0061885
 0.0019827 -0.0074612
 0.0032068 -0.0082311
 0.0044370 -0.0083498
 0.0052445 -0.0082134
 0.0058841 -0.0073316
 0.0058127 -0.0066371
 0.0055725 -0.0057307
 0.0047331 -0.0056107
 0.0041227 -0.0063007
 0.0038174 -0.0070836
 0.0035271 -0.0083142
 0.0036830 -0.0097407
 0.0039523 -0.0108781
 0.0044534 -0.0114026
 0.0045143 -0.0118859
 0.0047304 -0.0122872
 0.0048858 -0.0122654
 0.0050017 -0.0125439
 0.0053832 -0.0129121
 0.0055779 -0.0131643
 0.0060010 -0.0127625
 0.0062578 -0.0126506
 0.0063281 -0.0120469
 0.0067098 -0.0116593
 0.0064196 -0.0106871
 0.0062173 -0.0102576
 0.0063030 -0.0093109
 0.0060122 -0.0084821
 0.0061555 -0.0071861
 0.0062592 -0.0063471
 0.0064784 -0.0046647
 0.0069104 -0.0034571
 0.0069418 -0.0022103
 0.0067315 -0.0011380
 0.0066342 -0.0001456
 0.0062975  0.0001915
 0.0058284  0.0010260
 0.0057602  0.0014365
 0.0053831  0.0016016
 0.0054671  0.0019008
 0.0055673  0.0019169
 0.0056081  0.0019952
 0.0055354  0.0020962
 0.0058064  0.0020441
 0.0059247  0.0025480
 0.0059263  0.0033535
 0.0063433  0.0046370
 0.0063982  0.0050949
 0.0060667  0.0059491
 0.0055794  0.0059834
 0.0045526  0.0052680
 0.0035097  0.0043987
 0.0021619  0.0039121
 0.0014291  0.0033727
 0.0009862  0.0033541
 0.0007540  0.0034437
 0.0007149  0.0034037
 0.0000059  0.0033456
-0.0005368  0.0031506
-0.0013612  0.0023076
-0.0019927  0.0019256
-0.0023007  0.0014331
-0.0030460  0.0011364
-0.0035414  0.0010327
-0.0040529  0.0008704
-0.0047360  0.0004458
-0.0052884  0.0002076
-0.0059121 -0.0002393
-0.0068116 -0.0007488
-0.0075586 -0.0008392
-0.0076563 -0.0014496
-0.0080245 -0.0018695
-0.0079304 -0.0021425
-0.0076652 -0.0027755
-0.0076676 -0.0038330
-0.0068036 -0.0049142
-0.0057301 -0.0064509
-0.0049266 -0.0076799
-0.0037949 -0.0087382
-0.0027993 -0.0102688
-0.0016151 -0.0110895
-0.0006736 -0.0119875
 0.0003406 -0.0130562
 0.0007783 -0.0132786
 0.0006858 -0.0135802
 0.0005607 -0.0140162
-0.0001038 -0.0132224
-0.0007812 -0.0128925
-0.0012689 -0.0120491
-0.0015894 -0.0114976
-0.0013916 -0.0110934
-0.0007165 -0.0104208
 0.0003332 -0.0094586
 0.0013656 -0.0080176
 0.0022582 -0.0061927
 0.0028436 -0.0043290
 0.0031278 -0.0026958
 0.0036046 -0.0011547
 0.0034084 -0.0001756
 0.0035820  0.0006154
 0.0040084  0.0017911
 0.0044162  0.0027694
 0.0044615  0.0039597
 0.0041389  0.0049133
 0.0038745  0.0060401
 0.0027654  0.0066881
 0.0018246  0.0071068
 0.0007701  0.0062399
 0.0003328  0.0048191
 0.0001988  0.0038562
 0.0005391  0.0027269
 0.0011286  0.0023668
 0.0015036  0.0025981
 0.0019545  0.0034464
 0.0024038  0.0045261
 0.0028746  0.0057373
 0.0034261  0.0065069
 0.0036409  0.0073471
 0.0032989  0.0081444
 0.0033099  0.0077318
 0.0031892  0.0070441
 0.0031796  0.0065890
 0.0034195  0.0052525
 0.0035576  0.0044147
 0.0032834  0.0043230
 0.0032862  0.0039317
 0.0028796  0.0037310
 0.0022825  0.0038412
 0.0023753  0.0039728
 0.0019151  0.0039922
 0.0023002  0.0042062
 0.0021698  0.0040709
 0.0022078  0.0035368
 0.0023847  0.0030563
 0.0023431  0.0019456
 0.0021125  0.0010428
 0.0019381 -0.0001850
 0.0016453 -0.0006824
 0.0013332 -0.0014746
 0.0010033 -0.0021723
 0.0006153 -0.0026815
 0.0006419 -0.0028454
 0.0006338 -0.0028919
 0.0008732 -0.0036276
 0.0012813 -0.0034572
 0.0018865 -0.0034172
 0.0026858 -0.0034301
 0.0035466 -0.0032141
 0.0044490 -0.0027986
 0.0052428 -0.0028631
 0.0053627 -0.0030262
 0.0055178 -0.0039337
 0.0052307 -0.0048780
 0.0048423 -0.0058268
 0.0045726 -0.0062353
 0.0041135 -0.0064549
 0.0033848 -0.0061976
 0.0028922 -0.0054107
 0.0022047 -0.0039851
 0.0015801 -0.0029454
 0.0013375 -0.0016974
 0.0010916 -0.0013922
 0.0010537 -0.0011686
 0.0013807 -0.0017508
 0.0018369 -0.0029677
 0.0021946 -0.0044168
 0.0026710 -0.0060896
 0.0031684 -0.0071676
 0.0035677 -0.0081083
 0.0040329 -0.0087216
 0.0043599 -0.0087729
 0.0044382 -0.0082669
 0.0046518 -0.0079693
 0.0047294 -0.0076947
 0.0048436 -0.0068961
 0.0048630 -0.0062698
 0.0056285 -0.0054025
 0.0063730 -0.0041905
 0.0070222 -0.0030220
 0.0081276 -0.0013731
 0.0085661  0.0003129
 0.0087934  0.0017725
 0.0086250  0.0029248
 0.0081712  0.0035437
 0.0076061  0.0036435
 0.0073998  0.0031804
 0.0073130  0.0031751
 0.0077983  0.0028404
 0.0082962  0.0025928
 0.0086014  0.0028536
 0.0089482  0.0028212
 0.0086216  0.0035135
 0.0084887  0.0038680
 0.0082263  0.0039741
 0.0077520  0.0042478
 0.0075247  0.0038783
 0.0074343  0.0032383
 0.0072453  0.0026973
 0.0070552  0.0022338
 0.0070378  0.0022960
 0.0059259  0.0026755
 0.0048523  0.0030183
 0.0031384  0.0035528
 0.0016389  0.0035677
 0.0003262  0.0033884
-0.0004102  0.0030041
-0.0007256  0.0024800
-0.0009614  0.0018832
-0.0007196  0.0017257
-0.0004399  0.0022195
-0.0005610  0.0022352
-0.0009503  0.0023979
-0.0012220  0.0027741
-0.0019859  0.0026179
-0.0025410  0.0023477
-0.0034890  0.0021798
-0.0044547  0.0013433
-0.0053630  0.0013914
-0.0058063  0.0010373
-0.0064127  0.0009106
-0.0063743  0.0012591
-0.0062072  0.0010520
-0.0055447  0.0007673
-0.0051155  0.0006172
-0.0045548  0.0003697
-0.0036097  0.0001044
-0.0030219 -0.0001229
-0.0026997 -0.0008904
-0.0025532 -0.0014015
-0.0019770 -0.0019789
-0.0022839 -0.0027060
-0.0023428 -0.0038381
-0.0025020 -0.0040497
-0.0024277 -0.0045653
-0.0026647 -0.0046416
-0.0027620 -0.0041385
-0.0027285 -0.0043617
-0.0025359 -0.0043354
-0.0022638 -0.0034064
-0.0018313 -0.0033603
-0.0012491 -0.0028758
-0.0002405 -0.0018749
 0.0005045 -0.0016439
 0.0016092 -0.0009168
 0.0023094 -0.0006083
 0.0028945 -0.0007004
 0.0034545 -0.0010456
 0.0033023 -0.0008929
 0.0032643 -0.0004302
 0.0027657 -0.0004270
 0.0024447 -0.0000636
 0.0018367  0.0003954
 0.0012707  0.0009885
 0.0009987  0.0012126
 0.0005708  0.0012457
 0.0003298  0.0010986
 0.0001986  0.0013788
-0.0000150  0.0012536
-0.0005016  0.0017610
-0.0010063  0.0017162
-0.0015506  0.0019221
-0.0023407  0.0020133
-0.0029944  0.0013213
-0.0037962  0.0004185
-0.0041043 -0.0004108
-0.0042396 -0.0014061
-0.0036525 -0.0017896
-0.0024522 -0.0015009
-0.0010860 -0.0011282
 0.0003432 -0.0004467
 0.0017490  0.0006717
 0.0026432  0.0009633
 0.0034010  0.0012309
 0.0036045  0.0008966
 0.0038750  0.0000447
 0.0037381 -0.0001920
 0.0034849 -0.0007367
 0.0030448 -0.0013169
 0.0028151 -0.0019124
 0.0022987 -0.0023416
 0.0019547 -0.0028403
 0.0012862 -0.0031346
 0.0007839 -0.0034100
 0.0003583 -0.0036612
-0.0001323 -0.0038756
-0.0002951 -0.0040900
-0.0001324 -0.0040661
 0.0001627 -0.0040467
 0.0007933 -0.0044097
 0.0009370 -0.0046346
 0.0010876 -0.0050270
 0.0013314 -0.0054609
 0.0013851 -0.0060419
 0.0014747 -0.0066212
 0.0016091 -0.0067475
 0.0019358 -0.0065654
 0.0020751 -0.0066405
 0.0023533 -0.0071754
 0.0020715 -0.0075424
 0.0021176 -0.0077795
 0.0018940 -0.0083399
 0.0018589 -0.0083649
 0.0014584 -0.0087699
 0.0013598 -0.0086363
 0.0014890 -0.0088083
 0.0014256 -0.0085741
 0.0012516 -0.0083713
 0.0012726 -0.0077475
 0.0012007 -0.0072779
 0.0016477 -0.0062289
 0.0019688 -0.0053745
 0.0016935 -0.0043110
 0.0022249 -0.0036714
 0.0021046 -0.0031098
 0.0024043 -0.0030121
 0.0029881 -0.0030541
 0.0035138 -0.0035192
 0.0037250 -0.0043357
 0.0039971 -0.0051529
 0.0033778 -0.0058761
 0.0027778 -0.0067511
 0.0026187 -0.0075994
 0.0025569 -0.0084844
 0.0028068 -0.0088078
 0.0035178 -0.0087617
 0.0044057 -0.0082461
 0.0054098 -0.0075149
 0.0058329 -0.0062141
 0.0062626 -0.0049960
 0.0064939 -0.0033738
 0.0061846 -0.0023774
 0.0057385 -0.0015759
 0.0055649 -0.0008048
 0.0054514 -0.0002052
 0.0052641  0.0003226
 0.0055052  0.0006751
 0.0059736  0.0013781
 0.0063265  0.0026269
 0.0066027  0.0033944
 0.0067251  0.0046424
 0.0063270  0.0054983
 0.0058502  0.0061390
 0.0053907  0.0064341
 0.0041989  0.0064405
 0.0036066  0.0062539
 0.0026464  0.0057830
 0.0015943  0.0059630
 0.0003330  0.0064556
-0.0011984  0.0070854
-0.0024576  0.0077714
-0.0034178  0.0081743
-0.0041308  0.0081751
-0.0040928  0.0076026
-0.0039265  0.0072623
-0.0036621  0.0066179
-0.0031211  0.0059292
-0.0026620  0.0051253
-0.0027815  0.0043368
-0.0028668  0.0033177
-0.0033198  0.0021452
-0.0037725  0.0014285
-0.0042045  0.0003897
-0.0041368 -0.0001348
-0.0045054 -0.0003913
-0.0041606 -0.0008193
-0.0035134 -0.0008637
-0.0028642 -0.0015445
-0.0027277 -0.0015622
-0.0020769 -0.0015239
-0.0021140 -0.0009239
-0.0026643 -0.0005302
-0.0028702  0.0001498
-0.0035703  0.0007559
-0.0037943  0.0011673
-0.0040971  0.0013079
-0.0037890  0.0010071
-0.0036744  0.0005525
-0.0035852  0.0002134
-0.0033538  0.0000418
-0.0037975  0.0000071
-0.0043459  0.0001565
-0.0052350  0.0000987
-0.0060106 -0.0002622
-0.0064798 -0.0008759
-0.0064835 -0.0024638
-0.0065247 -0.0034933
-0.0057757 -0.0051910
-0.0051761 -0.0068948
-0.0044776 -0.0076389
-0.0045087 -0.0078674
-0.0042349 -0.0080766
-0.0042320 -0.0078456
-0.0043306 -0.0080621
-0.0045974 -0.0078868
-0.0047174 -0.0077318
-0.0042522 -0.0077318
-0.0039611 -0.0074031
-0.0034956 -0.0064753
-0.0029339 -0.0057049
-0.0025039 -0.0051416
-0.0015761 -0.0039857
-0.0008973 -0.0033122
-0.0000858 -0.0029630
 0.0003778 -0.0021946
 0.0007617 -0.0016617
 0.0008978 -0.0019633
 0.0012204 -0.0015652
 0.0015070 -0.0016266
 0.0016459 -0.0016876
 0.0018281 -0.0014280
 0.0015693 -0.0010517
 0.0019849 -0.0003735
 0.0015198  0.0007622
 0.0010128  0.0018788
 0.0004439  0.0026919
-0.0001092  0.0033565
-0.0011485  0.0035252
-0.0020392  0.0036976
-0.0024833  0.0033314
-0.0029884  0.0028522
-0.0025424  0.0030233
-0.0018637  0.0032890
-0.0009921  0.0036132
-0.0003898  0.0045604
 0.0000426  0.0051798
 0.0004819  0.0058383
 0.0004217  0.0063083
 0.0007314  0.0059858
 0.0007718  0.0053559
 0.0003143  0.0044148
 0.0003923  0.0033925
 0.0003939  0.0022959
 0.0002796  0.0017116
-0.0002182  0.0012865
-0.0006990  0.0008193
-0.0013358  0.0011402
-0.0016099  0.0015424
-0.0022438  0.0022522
-0.0033622  0.0032329
-0.0039553  0.0043036
-0.0050580  0.0051825
-0.0061352  0.0059222
-0.0069521  0.0065500
-0.0073437  0.0062476
-0.0072623  0.0053303
-0.0068146  0.0044223
-0.0057156  0.0032301
-0.0043321  0.0021324
-0.0031581  0.0013068
-0.0021399  0.0006690
-0.0016769  0.0004737
-0.0021098  0.0004293
-0.0027432  0.0002259
-0.0038543 -0.0001702
-0.0046311 -0.0008351
-0.0051349 -0.0013285
-0.0047949 -0.0020383
-0.0042639 -0.0030290
-0.0032432 -0.0032551
-0.0018014 -0.0037125
-0.0011126 -0.0043209
-0.0004444 -0.0049084
 0.0001491 -0.0055749
 0.0007676 -0.0061579
 0.0008113 -0.0062858
 0.0008020 -0.0062438
 0.0010823 -0.0063128
 0.0012018 -0.0058736
 0.0015329 -0.0052348
 0.0017433 -0.0046122
 0.0017788 -0.0041689
 0.0013197 -0.0040106
 0.0009568 -0.0046020
 0.0002579 -0.0049279
-0.0007498 -0.0057798
-0.0012374 -0.0063455
-0.0013613 -0.0067400
-0.0015748 -0.0065245
-0.0009881 -0.0067644
-0.0004430 -0.0062347
 0.0004848 -0.0055928
 0.0013868 -0.0050805
 0.0021721 -0.0047195
 0.0027272 -0.0039326
 0.0031822 -0.0039734
 0.0032210 -0.0036331
 0.0034535 -0.0036161
 0.0033987 -0.0034664
 0.0032650 -0.0030873
 0.0032199 -0.0023561
 0.0028444 -0.0017420
 0.0024904 -0.0007621
 0.0023100 -0.0001431
 0.0019753  0.0003919
 0.0014077  0.0011145
 0.0019152  0.0013608
 0.0019177  0.0018303
 0.0021692  0.0026293
 0.0019738  0.0031392
 0.0019693  0.0040532
 0.0016370  0.0049298
 0.0007455  0.0055939
-0.0001036  0.0058865
-0.0010517  0.0061053
-0.0020986  0.0061121
-0.0034504  0.0057382
-0.0050315  0.0049864
-0.0063434  0.0039552
-0.0074428  0.0026721
-0.0080198  0.0017197
-0.0083072  0.0011154
-0.0084453  0.0004484
-0.0087752  0.0003770
-0.0089941  0.0002421
-0.0089865  0.0005296
-0.0090188  0.0000722
-0.0096072 -0.0006768
-0.0096424 -0.0013627
-0.0091151 -0.0018739
-0.0087260 -0.0024205
-0.0080639 -0.0024382
-0.0073973 -0.0028799
-0.0070598 -0.0032466
-0.0065051 -0.0030217
-0.0062374 -0.0029684
-0.0061001 -0.0022409
-0.0065353 -0.0011504
-0.0070828 -0.0004386
-0.0074053  0.0005179
-0.0077444  0.0012140
-0.0075902  0.0008720
-0.0075777  0.0000137
-0.0072200 -0.0008079
-0.0064982 -0.0026925
-0.0061809 -0.0040232
-0.0059762 -0.0056422
-0.0057336 -0.0067213
-0.0053714 -0.0069219
-0.0053149 -0.0064899
-0.0051417 -0.0058479
-0.0050662 -0.0046197
-0.0056266 -0.0039232
-0.0060885 -0.0036716
-0.0068948 -0.0035480
-0.0072978 -0.0037325
-0.0081157 -0.0040704
-0.0087225 -0.0039686
-0.0084996 -0.0043482
-0.0089973 -0.0042153
-0.0084259 -0.0039339
-0.0076591 -0.0035407
-0.0067554 -0.0032251
-0.0054767 -0.0028561
-0.0041208 -0.0026353
-0.0028078 -0.0022651
-0.0015925 -0.0021731
-0.0006122 -0.0020456
-0.0003066 -0.0016467
-0.0003066 -0.0014210
-0.0002719 -0.0013689
-0.0008843 -0.0011082
-0.0014488 -0.0007537
-0.0019309  0.0000267
-0.0023552  0.0007498
-0.0030279  0.0016295
-0.0037748  0.0023756
-0.0046570  0.0032950
-0.0055202  0.0035037
-0.0065219  0.0033462
-0.0065074  0.0025177
-0.0067037  0.0017667
-0.0064817  0.0011147
-0.0064086  0.0003810
-0.0060271  0.0003253
-0.0056463  0.0000354
-0.0052479 -0.0000878
-0.0043504 -0.0002085
-0.0030923 -0.0005937
-0.0016247 -0.0006361
-0.0001600 -0.0010584
 0.0014606 -0.0014392
 0.0023895 -0.0018070
 0.0032999 -0.0023278
 0.0037521 -0.0026597
 0.0040165 -0.0031253
 0.0042652 -0.0032456
 0.0043831 -0.0033054
 0.0040779 -0.0034609
 0.0041979 -0.0031177
 0.0034711 -0.0029873
 0.0027674 -0.0026651
 0.0014064 -0.0028763
-0.0000140 -0.0028820
-0.0013968 -0.0030217
-0.0025730 -0.0033132
-0.0032162 -0.0032753
-0.0035110 -0.0033532
-0.0032490 -0.0035026
-0.0028509 -0.0034614
-0.0022966 -0.0035142
-0.0014556 -0.0036797
-0.0005363 -0.0041278
 0.0001170 -0.0045012
 0.0010149 -0.0047151
 0.0016464 -0.0052577
 0.0025641 -0.0050675
 0.0030409 -0.0051534
 0.0039808 -0.0047391
 0.0049979 -0.0040567
 0.0055591 -0.0037426
 0.0059863 -0.0026799
 0.0059556 -0.0019983
 0.0055200 -0.0013603
 0.0048926 -0.0012553
 0.0045878 -0.0012266
 0.0045511 -0.0015867
 0.0043613 -0.0020050
 0.0049153 -0.0021136
 0.0047808 -0.0024943
 0.0048604 -0.0023437
 0.0049630 -0.0019428
 0.0049452 -0.0014123
 0.0048447 -0.0008091
 0.0042400 -0.0002015
 0.0038666  0.0001166
 0.0033987  0.0003406
 0.0026074  0.0005130
 0.0017329  0.0004735
 0.0010934  0.0001630
 0.0007123  0.0000034
 0.0003498 -0.0003268
-0.0001864  0.0002973
-0.0008619  0.0008476
-0.0007529  0.0016433
-0.0007707  0.0025174
-0.0008115  0.0036422
-0.0000580  0.0042886
 0.0007168  0.0052450
 0.0015461  0.0059124
 0.0019172  0.0060371
 0.0021098  0.0064623
 0.0028583  0.0068866
 0.0027029  0.0072573
 0.0028337  0.0071249
 0.0032887  0.0072997
 0.0033209  0.0061454
 0.0040440  0.0054909
 0.0042087  0.0043370
 0.0046504  0.0034713
 0.0047651  0.0027018
 0.0048406  0.0025237
 0.0047090  0.0023848
 0.0047049  0.0023008
 0.0043383  0.0023286
 0.0040908  0.0024933
 0.0037428  0.0025417
 0.0035506  0.0024770
 0.0027624  0.0020680
 0.0026094  0.0023502
 0.0019146  0.0022694
 0.0012597  0.0020966
 0.0008886  0.0021959
 0.0005930  0.0020680
 0.0003443  0.0017701
 0.0004743  0.0021428
 0.0006620  0.0021085
 0.0010819  0.0020580
 0.0015079  0.0022741
 0.0016480  0.0023100
 0.0017481  0.0024081
 0.0019460  0.0024295
 0.0017385  0.0024679
 0.0013429  0.0021235
 0.0005814  0.0019903
 0.0000461  0.0011097
-0.0004889  0.0001750
-0.0012193 -0.0007951
-0.0016392 -0.0018812
-0.0019222 -0.0024657
-0.0025363 -0.0029562
-0.0029170 -0.0034274
-0.0033377 -0.0034423
-0.0034931 -0.0034544
-0.0038537 -0.0040681
-0.0038787 -0.0046571
-0.0038040 -0.0054254
-0.0031746 -0.0061934
-0.0027971 -0.0065992
-0.0024217 -0.0065434
-0.0024290 -0.0066077
-0.0025820 -0.0061733
-0.0024541 -0.0060235
-0.0026257 -0.0058713
-0.0024387 -0.0061596
-0.0017334 -0.0066356
-0.0007980 -0.0074338
 0.0004068 -0.0078431
 0.0016524 -0.0083885
 0.0027671 -0.0087619
 0.0035169 -0.0087732
 0.0039404 -0.0086508
 0.0046114 -0.0084154
 0.0046680 -0.0078307
 0.0049163 -0.0078601
 0.0051254 -0.0072000
 0.0052392 -0.0065794
 0.0051638 -0.0053689
 0.0046736 -0.0041823
 0.0038165 -0.0030349
 0.0031754 -0.0023708
 0.0024342 -0.0015306
 0.0016570 -0.0012714
 0.0003606 -0.0009868
-0.0008397 -0.0008548
-0.0020614 -0.0005904
-0.0029008 -0.0004047
-0.0038754  0.0001634
-0.0045666  0.0006014
-0.0046405  0.0008424
-0.0042537  0.0012340
-0.0036210  0.0014528
-0.0029273  0.0014240
-0.0024683  0.0016594
-0.0023763  0.0016896
-0.0030736  0.0012612
-0.0035044  0.0012446
-0.0040891  0.0007880
-0.0045146 -0.0000723
-0.0039809 -0.0004951
-0.0033543 -0.0010664
-0.0024556 -0.0013546
-0.0011414 -0.0015129
 0.0002062 -0.0011859
 0.0010164 -0.0006114
 0.0013256  0.0001380
 0.0013171  0.0004110
 0.0010207  0.0006637
 0.0002709  0.0006246
-0.0002463  0.0001639
-0.0006665 -0.0001462
-0.0005499 -0.0002976
-0.0002002 -0.0008144
-0.0000060 -0.0007143
 0.0003784 -0.0007118
-0.0001759 -0.0007421
-0.0004097 -0.0007558
-0.0004877 -0.0007113
-0.0011244 -0.0010105
-0.0008002 -0.0007185
-0.0005906 -0.0009095
-0.0000945 -0.0007161
 0.0002883 -0.0009733
 0.0010534 -0.0007597
 0.0012040 -0.0009903
 0.0015863 -0.0011594
 0.0020797 -0.0012276
 0.0022537 -0.0018687
 0.0027499 -0.0024868
 0.0034056 -0.0031985
 0.0039240 -0.0043111
 0.0043302 -0.0052728
 0.0049908 -0.0065647
 0.0056481 -0.0074363
 0.0064411 -0.0079692
 0.0065849 -0.0081849
 0.0073375 -0.0082301
 0.0075543 -0.0075623
 0.0078252 -0.0072216
 0.0079876 -0.0067827
 0.0073751 -0.0065134
 0.0068987 -0.0056716
 0.0061542 -0.0053236
 0.0048679 -0.0048060
 0.0039518 -0.0041527
 0.0027850 -0.0035919
 0.0023498 -0.0031890
 0.0026800 -0.0025200
 0.0029934 -0.0014678
 0.0033059 -0.0011275
 0.0034844 -0.0012313
 0.0030229 -0.0011268
 0.0025498 -0.0019432
 0.0017702 -0.0027196
 0.0010850 -0.0031331
 0.0006119 -0.0034311
 0.0002174 -0.0030710
 0.0001864 -0.0024856
-0.0001519 -0.0013394
-0.0002258 -0.0004460
-0.0003957  0.0004301
-0.0008988  0.0006501
-0.0010051  0.0011394
-0.0012595  0.0010703
-0.0015167  0.0013925
-0.0015591  0.0015770
-0.0018070  0.0017792
-0.0020928  0.0019475
-0.0023214  0.0025568
-0.0031297  0.0031054
-0.0037507  0.0034082
-0.0041234  0.0040937
-0.0040923  0.0043610
-0.0038452  0.0047034
-0.0036999  0.0049182
-0.0029651  0.0050712
-0.0032626  0.0053018
-0.0031398  0.0055666
-0.0037430  0.0055634
-0.0045246  0.0058629
-0.0054415  0.0063130
-0.0068272  0.0065754
-0.0081002  0.0069973
-0.0093147  0.0065165
-0.0100940  0.0063267
-0.0108305  0.0056759
-0.0109565  0.0046023
-0.0114447  0.0041239
-0.0112994  0.0033217
-0.0108617  0.0027685
-0.0108448  0.0023523
-0.0103474  0.0016272
-0.0100587  0.0010955
-0.0097155  0.0001370
-0.0095625 -0.0003608
-0.0090069 -0.0010649
-0.0089508 -0.0016960
-0.0081474 -0.0014993
-0.0076504 -0.0010491
-0.0068235 -0.0005032
-0.0061521 -0.0000517
-0.0051887  0.0009746
-0.0049751  0.0015795
-0.0040772  0.0021819
-0.0036763  0.0029935
-0.0036650  0.0034817
-0.0032100  0.0043352
-0.0029658  0.0050329
-0.0023602  0.0055974
-0.0013633  0.0057723
-0.0004885  0.0056039
 0.0006606  0.0051110
 0.0016368  0.0048635
 0.0027738  0.0042724
 0.0033977  0.0038001
 0.0038685  0.0041089
 0.0042032  0.0041356
 0.0040806  0.0041538
 0.0039510  0.0040605
 0.0041460  0.0037319
 0.0042260  0.0031759
 0.0041896  0.0026543
 0.0044993  0.0020934
 0.0039991  0.0016893
 0.0032671  0.0011704
 0.0027486  0.0008608
 0.0018099  0.0004897
 0.0014870  0.0005434
 0.0016485  0.0006140
 0.0013724  0.0008388
 0.0022119  0.0011957
 0.0033202  0.0022071
 0.0045816  0.0035822
 0.0055785  0.0049574
 0.0064115  0.0062760
 0.0068573  0.0074218
 0.0065670  0.0086108
 0.0063683  0.0086508
 0.0059609  0.0087340
 0.0054344  0.0084284
 0.0044318  0.0078530
 0.0037753  0.0073693
 0.0032561  0.0066890
 0.0021042  0.0063579
 0.0011639  0.0060615
 0.0004755  0.0057275
-0.0004224  0.0055103
-0.0011633  0.0054073
-0.0020914  0.0051892
-0.0022424  0.0047398
-0.0022012  0.0043881
-0.0021818  0.0034813
-0.0019396  0.0025971
-0.0015618  0.0013103
-0.0015687  0.0004451
-0.0014637 -0.0005744
-0.0013192 -0.0015345
-0.0013447 -0.0023820
-0.0010286 -0.0026303
-0.0013775 -0.0024151
-0.0017800 -0.0018349
-0.0024466 -0.0008897
-0.0029609 -0.0001371
-0.0035891  0.0004225
-0.0043728  0.0008614
-0.0045484  0.0008989
-0.0043587  0.0009777
-0.0039025  0.0006571
-0.0035646  0.0000067
-0.0030922 -0.0009033
-0.0025052 -0.0019316
-0.0018843 -0.0030564
-0.0019837 -0.0045345
-0.0017418 -0.0054736
-0.0022251 -0.0060143
-0.0020750 -0.0066163
-0.0022902 -0.0066450
-0.0021594 -0.0063184
-0.0019099 -0.0057649
-0.0021013 -0.0053219
-0.0019131 -0.0053756
-0.0021914 -0.0054204
-0.0020420 -0.0060259
-0.0019916 -0.0063945
-0.0019205 -0.0065547
-0.0020380 -0.0064444
-0.0020178 -0.0065122
-0.0025075 -0.0063906
-0.0029980 -0.0065162
-0.0034049 -0.0065149
-0.0033483 -0.0067443
-0.0032768 -0.0063022
-0.0029239 -0.0060341
-0.0024745 -0.0052512
-0.0020715 -0.0046024
-0.0022439 -0.0037841
-0.0024373 -0.0030581
-0.0026658 -0.0028304
-0.0033263 -0.0024578
-0.0035463 -0.0019818
-0.0038620 -0.0013008
-0.0038321 -0.0006560
-0.0031711 -0.0003557
-0.0018625  0.0005604
-0.0012807  0.0008806
-0.0005132  0.0009157
 0.0000799  0.0008398
 0.0001579  0.0007598
-0.0004982  0.0006217
-0.0010441 -0.0000340
-0.0019155 -0.0005242
-0.0028708 -0.0007996
-0.0029977 -0.0014400
-0.0031245 -0.0020028
-0.0030353 -0.0028475
-0.0025775 -0.0033691
-0.0021745 -0.0033562
-0.0013621 -0.0037451
-0.0013351 -0.0039256
-0.0015042 -0.0038166
-0.0013863 -0.0038360
-0.0017852 -0.0038384
-0.0023407 -0.0040561
-0.0022834 -0.0040569
-0.0024380 -0.0043702
-0.0022895 -0.0046416
-0.0025798 -0.0050324
-0.0028915 -0.0051536
-0.0033587 -0.0051011
-0.0037496 -0.0053737
-0.0038727 -0.0058186
-0.0039927 -0.0056854
-0.0043299 -0.0051096
-0.0046226 -0.0042254
-0.0050914 -0.0028414
-0.0057520 -0.0013055
-0.0068514 -0.0004451
-0.0076311  0.0003999
-0.0082945  0.0007604
-0.0089236  0.0001257
-0.0089503 -0.0001637
-0.0089827 -0.0012216
-0.0089888 -0.0024288
-0.0088786 -0.0034817
-0.0087865 -0.0044366
-0.0085358 -0.0050244
-0.0084538 -0.0055787
-0.0083512 -0.0053276
-0.0080758 -0.0058040
-0.0072610 -0.0057798
-0.0062989 -0.0057943
-0.0051845 -0.0056154
-0.0038796 -0.0052612
-0.0029829 -0.0047315
-0.0021234 -0.0041968
-0.0015307 -0.0037228
-0.0008641 -0.0034590
-0.0007288 -0.0031994
-0.0006105 -0.0034771
-0.0008919 -0.0030079
-0.0010170 -0.0025020
-0.0012399 -0.0018640
-0.0015568 -0.0012798
-0.0015721 -0.0006636
-0.0012038 -0.0002381
-0.0008203 -0.0001759
-0.0003790 -0.0000596
-0.0000899 -0.0003701
-0.0000887 -0.0005259
-0.0006163 -0.0007448
-0.0013192 -0.0010731
-0.0021747 -0.0010388
-0.0027581 -0.0010416
-0.0027718 -0.0006960
-0.0033147 -0.0002874
-0.0031738  0.0003643
-0.0029533  0.0001394
-0.0023137  0.0003893
-0.0017303  0.0003934
-0.0013915  0.0000119
-0.0006308 -0.0006761
 0.0003246 -0.0002360
 0.0009072  0.0000688
 0.0017830  0.0003881
 0.0021569  0.0009969
 0.0024760  0.0015234
 0.0021587  0.0018992
 0.0019181  0.0020490
 0.0011990  0.0021378
 0.0004631  0.0023421
-0.0002794  0.0021825
-0.0005761  0.0022132
-0.0012285  0.0028963
-0.0017316  0.0036375
-0.0022206  0.0047599
-0.0028630  0.0061524
-0.0034913  0.0072550
-0.0048031  0.0082813
-0.0057710  0.0089454
-0.0066992  0.0089038
-0.0078911  0.0085747
-0.0090038  0.0079990
-0.0099878  0.0068103
-0.0109091  0.0056048
-0.0113557  0.0042990
-0.0115875  0.0030935
-0.0117870  0.0019222
-0.0120083  0.0012148
-0.0118472  0.0008906
-0.0115505  0.0001804
-0.0112946 -0.0002758
-0.0111130 -0.0006610
-0.0107198 -0.0013699
-0.0105745 -0.0020192
-0.0102935 -0.0026151
-0.0099128 -0.0027871
-0.0095514 -0.0027814
-0.0090738 -0.0028549
-0.0088045 -0.0025476
-0.0082320 -0.0019097
-0.0077899 -0.0015422
-0.0075057 -0.0013315
-0.0073515 -0.0015979
-0.0076426 -0.0018652
-0.0080847 -0.0024959
-0.0079729 -0.0031879
-0.0079995 -0.0037996
-0.0084853 -0.0045642
-0.0084756 -0.0049809
-0.0086017 -0.0053014
-0.0089675 -0.0062304
-0.0090095 -0.0067778
-0.0085868 -0.0068589
-0.0072592 -0.0073086
-0.0062575 -0.0073566
-0.0045262 -0.0070784
-0.0033343 -0.0067606
-0.0018336 -0.0069023
-0.0001786 -0.0078486
 0.0011655 -0.0083952
 0.0027030 -0.0086746
 0.0035694 -0.0089155
 0.0043406 -0.0086369
 0.0051518 -0.0081710
 0.0054159 -0.0080926
 0.0060946 -0.0073986
 0.0066446 -0.0064393
 0.0071542 -0.0059002
 0.0074102 -0.0049789
 0.0076485 -0.0044217
 0.0080369 -0.0038686
 0.0085165 -0.0032400
 0.0085662 -0.0019202
 0.0089997 -0.0011942
 0.0091059  0.0000150
 0.0089666  0.0009166
 0.0084292  0.0012610
 0.0076935  0.0011778
 0.0070188  0.0012262
 0.0064031  0.0010808
 0.0057474  0.0010472
 0.0054547  0.0008618
 0.0046847  0.0010773
 0.0038917  0.0011859
 0.0029675  0.0014144
 0.0018746  0.0023002
 0.0011623  0.0021545
 0.0004954  0.0016995
 0.0000602  0.0014347
 0.0005693  0.0007673
 0.0008039  0.0001924
 0.0016026 -0.0002881
 0.0019358 -0.0000628
 0.0019592 -0.0001242
 0.0017715  0.0005779
 0.0006999  0.0004959
-0.0002533  0.0010619
-0.0013805  0.0012250
-0.0023003  0.0013621
-0.0032365  0.0011380
-0.0037000  0.0011981
-0.0040105  0.0010700
-0.0040954  0.0011398
-0.0042190  0.0009307
-0.0041136  0.0007624
-0.0038335  0.0001180
-0.0037096 -0.0004113
-0.0039119 -0.0009736
-0.0036136 -0.0013862
-0.0037170 -0.0015121
-0.0044539 -0.0014923
-0.0049029 -0.0015662
-0.0055699 -0.0012977
-0.0060824 -0.0010296
-0.0061918 -0.0008584
-0.0061697 -0.0006440
-0.0055847 -0.0006610
-0.0057935 -0.0007328
-0.0054487 -0.0008834
-0.0055960 -0.0012807
-0.0057825 -0.0019072
-0.0055112 -0.0026852
-0.0051058 -0.0033086
-0.0046843 -0.0042743
-0.0039035 -0.0045706
-0.0033467 -0.0048899
-0.0024669 -0.0048640
-0.0014168 -0.0045127
-0.0012601 -0.0043363
-0.0005148 -0.0040019
-0.0002972 -0.0039163
-0.0001619 -0.0045812
-0.0002721 -0.0050721
 0.0004413 -0.0051977
 0.0010260 -0.0055013
 0.0014593 -0.0050777
 0.0018542 -0.0040437
 0.0022281 -0.0037454
 0.0023654 -0.0031180
 0.0021611 -0.0022597
 0.0018353 -0.0020655
 0.0017400 -0.0018515
 0.0016423 -0.0015603
 0.0015062 -0.0015171
 0.0016782 -0.0013245
 0.0017970 -0.0015518
 0.0015050 -0.0014925
 0.0018535 -0.0012982
 0.0016447 -0.0015062
 0.0018789 -0.0016955
 0.0021709 -0.0016721
 0.0024789 -0.0015905
 0.0027107 -0.0013212
 0.0029021 -0.0011415
 0.0024184 -0.0007708
 0.0018051  0.0000399
 0.0014042  0.0006746
 0.0005434  0.0013630
 0.0004517  0.0021430
 0.0002491  0.0028608
 0.0003396  0.0037252
 0.0005036  0.0041853
 0.0009627  0.0047949
 0.0016888  0.0055978
 0.0022000  0.0061166
 0.0026502  0.0063256
 0.0027524  0.0060808
 0.0026930  0.0056339
 0.0025513  0.0048994
 0.0021794  0.0039773
 0.0014639  0.0033676
 0.0004961  0.0031161
-0.0000684  0.0028274
-0.0007322  0.0025565
-0.0012648  0.0025532
-0.0018326  0.0024494
-0.0021903  0.0018357
-0.0021609  0.0012628
-0.0022009  0.0006079
-0.0012561 -0.0001410
 0.0000710 -0.0000312
 0.0008620  0.0001960
 0.0017805  0.0010697
 0.0023142  0.0019656
 0.0025383  0.0028308
 0.0026238  0.0033101
 0.0023670  0.0032197
 0.0019217  0.0026702
 0.0013007  0.0014328
 0.0005674  0.0003096
-0.0000721 -0.0006989
-0.0005571 -0.0021124
-0.0008341 -0.0027834
-0.0009016 -0.0031517
-0.0007558 -0.0036120
-0.0005128 -0.0035978
-0.0002633 -0.0031578
-0.0001301 -0.0030217
 0.0000129 -0.0031723
-0.0001526 -0.0033184
-0.0000880 -0.0040786
-0.0004695 -0.0040721
-0.0008151 -0.0048715
-0.0012342 -0.0058474
-0.0013190 -0.0060969
-0.0010158 -0.0063843
-0.0005221 -0.0062664
 0.0001639 -0.0052869
 0.0008043 -0.0048202
 0.0014624 -0.0041826
 0.0016203 -0.0035290
 0.0020314 -0.0035657
 0.0024238 -0.0041806
 0.0030028 -0.0049073
 0.0039840 -0.0056708
 0.0051020 -0.0057592
 0.0065292 -0.0060959
 0.0073610 -0.0060506
 0.0082319 -0.0056081
 0.0087980 -0.0047481
 0.0089438 -0.0040263
 0.0093096 -0.0033844
 0.0092608 -0.0022999
 0.0095108 -0.0018898
 0.0090715 -0.0010989
 0.0086512 -0.0004942
 0.0082293  0.0002184
 0.0080754  0.0004949
 0.0075199  0.0010601
 0.0072655  0.0016661
 0.0068000  0.0020290
 0.0063348  0.0019519
 0.0058011  0.0017222
 0.0058019  0.0015498
 0.0052359  0.0010144
 0.0045960  0.0005489
 0.0037789 -0.0000717
 0.0030384 -0.0007880
 0.0027199 -0.0012366
 0.0027207 -0.0011042
 0.0032932 -0.0009677
 0.0043232  0.0004172
 0.0053931  0.0006699
 0.0060612  0.0012679
 0.0070185  0.0023455
 0.0070956  0.0029564
 0.0068143  0.0029281
 0.0064525  0.0035138
 0.0059163  0.0033491
 0.0053983  0.0031116
 0.0050354  0.0031261
 0.0045335  0.0030333
 0.0040934  0.0031310
 0.0038455  0.0029267
 0.0039602  0.0032013
 0.0037490  0.0025715
 0.0037676  0.0019033
 0.0037652  0.0010982
 0.0035479  0.0003678
 0.0032136 -0.0001110
 0.0031102 -0.0007808
 0.0025445 -0.0008208
 0.0017527 -0.0009536
 0.0008240 -0.0008616
-0.0004490 -0.0008632
-0.0013858 -0.0012463
-0.0024715 -0.0018580
-0.0031341 -0.0027378
-0.0034366 -0.0033599
-0.0033672 -0.0036380
-0.0032219 -0.0042783
-0.0030676 -0.0042459
-0.0031076 -0.0044918
-0.0028214 -0.0047575
-0.0025767 -0.0052516
-0.0024439 -0.0058439
-0.0019073 -0.0066671
-0.0015044 -0.0070866
-0.0010405 -0.0076179
-0.0002923 -0.0077289
 0.0004574 -0.0075916
 0.0005592 -0.0072456
 0.0007324 -0.0067995
-0.0000529 -0.0064110
-0.0007715 -0.0064259
-0.0017283 -0.0064182
-0.0022770 -0.0070052
-0.0030372 -0.0068037
-0.0030505 -0.0068550
-0.0031558 -0.0067742
-0.0030690 -0.0068925
-0.0022760 -0.0063761
-0.0010776 -0.0065938
 0.0000436 -0.0062567
 0.0010857 -0.0060112
 0.0018763 -0.0058247
 0.0025526 -0.0056552
 0.0027625 -0.0060271
 0.0028611 -0.0064930
 0.0028425 -0.0071087
 0.0031893 -0.0069222
 0.0030965 -0.0073325
 0.0035249 -0.0071621
 0.0038354 -0.0064947
 0.0038766 -0.0056962
 0.0041104 -0.0044651
 0.0042816 -0.0039088
 0.0037672 -0.0030839
 0.0037870 -0.0034452
 0.0034628 -0.0033120
 0.0032161 -0.0037739
 0.0033364 -0.0033895
 0.0033417 -0.0026644
 0.0032138 -0.0017253
 0.0038162 -0.0006134
 0.0041534  0.0009774
 0.0039144  0.0021838
 0.0038313  0.0032182
 0.0033985  0.0041887
 0.0025026  0.0046207
 0.0014340  0.0045932
-0.0000313  0.0039322
-0.0015551  0.0035244
-0.0031039  0.0033088
-0.0040593  0.0023495
-0.0047263  0.0017329
-0.0042027  0.0010607
-0.0038503  0.0005835
-0.0027865  0.0002375
-0.0017255 -0.0000867
-0.0009661 -0.0000859
-0.0007053  0.0000691
-0.0004853  0.0001313
-0.0003743  0.0000009
-0.0001119  0.0003720
-0.0001329  0.0002679
-0.0002286  0.0003705
 0.0000237  0.0006257
 0.0000036  0.0003835
-0.0004402 -0.0003828
-0.0003267 -0.0015731
-0.0003288 -0.0027581
-0.0005387 -0.0039088
-0.0005003 -0.0054006
-0.0010535 -0.0065335
-0.0014382 -0.0074553
-0.0013656 -0.0080924
-0.0016192 -0.0087073
-0.0016620 -0.0089568
-0.0014238 -0.0085914
-0.0013338 -0.0081679
-0.0016129 -0.0073249
-0.0018051 -0.0070923
-0.0022528 -0.0065880
-0.0027519 -0.0063183
-0.0029626 -0.0061233
-0.0031989 -0.0062528
-0.0034439 -0.0059148
-0.0039797 -0.0054057
-0.0042631 -0.0050346
-0.0040672 -0.0046635
-0.0036441 -0.0039072
-0.0028923 -0.0037110
-0.0019681 -0.0029959
-0.0007852 -0.0027548
 0.0001733 -0.0027435
 0.0007668 -0.0030382
 0.0007866 -0.0035303
 0.0011363 -0.0040030
 0.0015057 -0.0044927
 0.0019927 -0.0045852
 0.0021038 -0.0053539
 0.0023296 -0.0047972
 0.0024213 -0.0048404
 0.0022017 -0.0045049
 0.0023023 -0.0035836
 0.0022090 -0.0032234
 0.0017669 -0.0027321
 0.0012707 -0.0025767
 0.0013515 -0.0019876
 0.0014165 -0.0016332
 0.0015768 -0.0007058
 0.0012567 -0.0001592
 0.0010310  0.0010015
 0.0004759  0.0014561
-0.0006368  0.0017169
-0.0016749  0.0018242
-0.0024650  0.0010353
-0.0028312 -0.0000282
-0.0032758 -0.0008798
-0.0028272 -0.0015952
-0.0022115 -0.0014038
-0.0016943 -0.0008289
-0.0014649  0.0007288
-0.0016438  0.0027722
-0.0020500  0.0042164
-0.0029569  0.0056449
-0.0037523  0.0063584
-0.0041222  0.0066890
-0.0043531  0.0066668
-0.0042978  0.0066248
-0.0041658  0.0068646
-0.0043878  0.0065868
-0.0045977  0.0067478
-0.0042517  0.0067554
-0.0037551  0.0071692
-0.0030623  0.0072350
-0.0019895  0.0079019
-0.0011627  0.0083933
-0.0002546  0.0087913
 0.0001253  0.0086492
-0.0000867  0.0086439
-0.0000903  0.0078533
-0.0004844  0.0072409
-0.0011462  0.0062057
-0.0019078  0.0052145
-0.0026442  0.0040740
-0.0037267  0.0033137
-0.0045011  0.0024788
-0.0049106  0.0019859
-0.0051666  0.0015495
-0.0052651  0.0011175
-0.0048246  0.0010687
-0.0040281  0.0009456
-0.0030478  0.0008181
-0.0018834  0.0007293
-0.0008869  0.0002977
 0.0000938 -0.0001989
 0.0004979 -0.0007863
 0.0009396 -0.0013007
 0.0006381 -0.0023165
 0.0000502 -0.0027755
-0.0002723 -0.0034853
-0.0004798 -0.0044995
-0.0007463 -0.0050906
-0.0003595 -0.0059275
-0.0000829 -0.0059630
 0.0000762 -0.0058468
 0.0004942 -0.0057301
 0.0002734 -0.0049815
 0.0004620 -0.0045019
 0.0003211 -0.0036964
 0.0005053 -0.0032773
 0.0006677 -0.0031271
 0.0008825 -0.0032124
 0.0010359 -0.0033537
 0.0011514 -0.0035044
 0.0018196 -0.0038226
 0.0020707 -0.0039886
 0.0030680 -0.0039826
 0.0038177 -0.0033540
 0.0046067 -0.0026136
 0.0047770 -0.0020197
 0.0042158 -0.0015808
 0.0041697 -0.0014245
 0.0035293 -0.0012667
 0.0035027 -0.0011112
 0.0028857 -0.0011047
 0.0031885 -0.0010272
 0.0028954 -0.0006436
 0.0030508 -0.0006404
 0.0030302 -0.0009266
 0.0028360 -0.0013126
 0.0025530 -0.0012367
 0.0022668 -0.0014079
 0.0020738 -0.0012791
 0.0022873 -0.0009562
 0.0019001 -0.0004426
 0.0023802  0.0004355
 0.0022219  0.0013738
 0.0022534  0.0025653
 0.0020422  0.0039227
 0.0015419  0.0047310
 0.0011139  0.0055122
 0.0005152  0.0058368
 0.0003330  0.0059866
 0.0000156  0.0060427
-0.0000898  0.0063273
-0.0006369  0.0067299
-0.0011275  0.0072269
-0.0014037  0.0076480
-0.0020054  0.0081502
-0.0023736  0.0087486
-0.0026094  0.0089465
-0.0028012  0.0084313
-0.0027439  0.0078382
-0.0028993  0.0068555
-0.0027669  0.0056818
-0.0021552  0.0047882
-0.0018500  0.0035511
-0.0015444  0.0029688
-0.0014656  0.0025820
-0.0017172  0.0022776
-0.0018455  0.0017669
-0.0017078  0.0012574
-0.0015826  0.0006256
-0.0013048 -0.0002311
-0.0011243 -0.0010144
-0.0004080 -0.0014379
 0.0002728 -0.0018421
 0.0008740 -0.0016713
 0.0015729 -0.0012510
 0.0019185 -0.0012147
 0.0019346 -0.0005239
 0.0017841 -0.0005582
 0.0018814 -0.0006874
 0.0022027 -0.0007551
 0.0025483 -0.0008088
 0.0030466 -0.0009759
 0.0038076 -0.0009735
 0.0044007 -0.0011059
 0.0050309 -0.0014883
 0.0056616 -0.0017527
 0.0058554 -0.0019416
 0.0064158 -0.0016905
 0.0071091 -0.0007486
 0.0079230  0.0002273
 0.0086208  0.0012391
 0.0096943  0.0025213
 0.0100548  0.0033450
 0.0105482  0.0040738
 0.0112281  0.0039425
 0.0113181  0.0037799
 0.0117565  0.0032894
 0.0119120  0.0027060
 0.0123969  0.0025179
 0.0127123  0.0025207
 0.0126639  0.0030524
 0.0122323  0.0039830
 0.0114874  0.0045474
 0.0105301  0.0051110
 0.0093770  0.0053104
 0.0079760  0.0050552
 0.0067333  0.0043054
 0.0055842  0.0032500
 0.0049387  0.0023270
 0.0044082  0.0013467
 0.0041450  0.0010160
 0.0038757  0.0008957
 0.0032995  0.0009408
 0.0026402  0.0009953
 0.0019061  0.0008705
 0.0009028  0.0007490
 0.0000194  0.0005899
-0.0003860  0.0002979
-0.0005511 -0.0001713
-0.0004287 -0.0006735
-0.0001764 -0.0003304
-0.0001921 -0.0003655
 0.0000768 -0.0002484
-0.0002123  0.0001841
-0.0007146  0.0001894
-0.0013570  0.0004668
-0.0016101  0.0006634
-0.0018104  0.0009372
-0.0021872  0.0015529
-0.0027848  0.0019991
-0.0032103  0.0025450
-0.0032523  0.0026044
-0.0034425  0.0026274
-0.0030185  0.0023428
-0.0029814  0.0022301
-0.0031332  0.0022487
-0.0026511  0.0024207
-0.0023265  0.0024421
-0.0023624  0.0022318
-0.0018250  0.0017178
-0.0011128  0.0014954
-0.0009158  0.0005357
-0.0009747 -0.0000352
-0.0007268 -0.0012573
-0.0007050 -0.0024682
-0.0010050 -0.0030217
-0.0011370 -0.0029797
-0.0014414 -0.0027124
-0.0017962 -0.0026171
-0.0014333 -0.0018104
-0.0014886 -0.0015205
-0.0014147 -0.0014236
-0.0007473 -0.0015310
-0.0000820 -0.0020074
 0.0005668 -0.0026360
 0.0012120 -0.0030906
 0.0017292 -0.0033571
 0.0023215 -0.0036966
 0.0030135 -0.0037684
 0.0037116 -0.0035338
 0.0042361 -0.0028592
 0.0042656 -0.0019725
 0.0043747 -0.0008392
 0.0042496  0.0005618
 0.0034324  0.0012890
 0.0026496  0.0020347
 0.0017904  0.0027763
 0.0007912  0.0031571
 0.0001924  0.0035769
-0.0003446  0.0034598
-0.0006918  0.0034421
-0.0006741  0.0034437
-0.0003458  0.0031498
 0.0001379  0.0031840
 0.0014093  0.0030815
 0.0023561  0.0033786
 0.0029537  0.0036712
 0.0039724  0.0042388
 0.0042772  0.0045739
 0.0046454  0.0052796
 0.0046232  0.0053527
 0.0039836  0.0057508
 0.0030199  0.0056918
 0.0020755  0.0051165
 0.0009954  0.0043469
 0.0009147  0.0038826
 0.0005666  0.0029818
 0.0004907  0.0026503
 0.0005678  0.0025361
 0.0011993  0.0027327
 0.0015441  0.0026524
 0.0017161  0.0027262
 0.0021545  0.0030908
 0.0025687  0.0033153
 0.0028303  0.0035010
 0.0033661  0.0036378
 0.0032680  0.0039427
 0.0034448  0.0042107
 0.0032632  0.0045555
 0.0025619  0.0053231
 0.0022583  0.0054361
 0.0015708  0.0058176
 0.0009918  0.0062743
 0.0004677  0.0060215
-0.0003306  0.0057324
-0.0010768  0.0055398
-0.0013038  0.0046060
-0.0021598  0.0042152
-0.0025519  0.0039928
-0.0023666  0.0041015
-0.0023888  0.0039166
-0.0023153  0.0038851
-0.0020142  0.0033094
-0.0016355  0.0027030
-0.0016185  0.0020179
-0.0018705  0.0010069
-0.0018681  0.0003279
-0.0019564  0.0003768
-0.0019573  0.0006760
-0.0018385  0.0015663
-0.0019475  0.0026835
-0.0022693  0.0035265
-0.0018837  0.0046348
-0.0015086  0.0052679
-0.0011120  0.0050708
-0.0006581  0.0047809
-0.0001861  0.0038983
 0.0002241  0.0028062
 0.0006316  0.0018287
 0.0008790  0.0010450
 0.0012400  0.0003922
 0.0015185 -0.0000524
 0.0019711  0.0000215
 0.0019448  0.0004761
 0.0023804  0.0009864
 0.0026057  0.0018819
 0.0025681  0.0026082
 0.0026663  0.0031625
 0.0026452  0.0038744
 0.0020344  0.0038901
 0.0015915  0.0043512
 0.0007674  0.0046184
 0.0000399  0.0045789
-0.0009335  0.0045352
-0.0013279  0.0042417
-0.0015883  0.0036191
-0.0014684  0.0027498
-0.0008111  0.0015583
-0.0003524  0.0005215
 0.0001260 -0.0003942
 0.0008725 -0.0014241
 0.0009852 -0.0020111
 0.0007930 -0.0027157
 0.0007781 -0.0029070
 0.0002431 -0.0026398
 0.0005024 -0.0020467
 0.0001984 -0.0014382
 0.0005456 -0.0006586
 0.0009922  0.0004702
 0.0015465  0.0014622
 0.0016777  0.0021687
 0.0021990  0.0026250
 0.0023838  0.0026815
 0.0023584  0.0028058
 0.0020681  0.0026665
 0.0019420  0.0025837
 0.0014943  0.0022942
 0.0006645  0.0018698
-0.0006638  0.0012315
-0.0020124  0.0003024
-0.0031300 -0.0007615
-0.0042306 -0.0022345
-0.0042601 -0.0029318
-0.0041552 -0.0036497
-0.0039501 -0.0038839
-0.0031499 -0.0035544
-0.0027959 -0.0033194
-0.0024358 -0.0028894
-0.0021318 -0.0028037
-0.0019267 -0.0027540
-0.0014334 -0.0026886
-0.0011516 -0.0026062
-0.0010204 -0.0022395
-0.0003267 -0.0024083
-0.0004026 -0.0025985
-0.0002459 -0.0032093
 0.0002018 -0.0041827
 0.0001341 -0.0050507
 0.0002899 -0.0055775
 0.0005859 -0.0059316
 0.0002254 -0.0058266
 0.0001931 -0.0049972
-0.0000717 -0.0048757
-0.0001654 -0.0047574
 0.0001261 -0.0048676
 0.0003236 -0.0052063
 0.0003693 -0.0060271
 0.0004537 -0.0065616
 0.0006173 -0.0073832
 0.0003569 -0.0076719
 0.0002196 -0.0073279
-0.0003380 -0.0067381
-0.0009388 -0.0058967
-0.0017565 -0.0050763
-0.0026084 -0.0043569
-0.0030191 -0.0041873
-0.0034079 -0.0042285
-0.0029278 -0.0049003
-0.0023525 -0.0052649
-0.0014448 -0.0056650
-0.0007669 -0.0063724
 0.0000814 -0.0070228
 0.0006434 -0.0070208
 0.0011029 -0.0074745
 0.0012418 -0.0074903
 0.0010367 -0.0072673
 0.0010210 -0.0066241
 0.0009346 -0.0062143
 0.0005822 -0.0053236
 0.0003590 -0.0042682
-0.0000576 -0.0033864
-0.0003798 -0.0024191
-0.0009192 -0.0016407
-0.0020736 -0.0010800
-0.0028088 -0.0009355
-0.0028747 -0.0009613
-0.0031448 -0.0010478
-0.0030463 -0.0012856
-0.0026805 -0.0015045
-0.0019646 -0.0015732
-0.0013686 -0.0011041
-0.0001323 -0.0010537
 0.0005630 -0.0006786
 0.0014298 -0.0001073
 0.0018711 -0.0003230
 0.0024840 -0.0001332
 0.0024383 -0.0003213
 0.0023410 -0.0004764
 0.0021201 -0.0007017
 0.0016715 -0.0008123
 0.0016073 -0.0007141
 0.0009879 -0.0012781
 0.0008482 -0.0020181
 0.0010755 -0.0025062
 0.0011308 -0.0029511
 0.0009192 -0.0030168
 0.0007287 -0.0033503
 0.0006128 -0.0030712
 0.0003059 -0.0029533
 0.0002486 -0.0030490
 0.0004581 -0.0029937
 0.0007432 -0.0033252
 0.0017239 -0.0036361
 0.0025685 -0.0039607
 0.0032400 -0.0035792
 0.0037814 -0.0034294
 0.0038012 -0.0027798
 0.0035480 -0.0020943
 0.0032177 -0.0013126
 0.0023480 -0.0007438
 0.0020161 -0.0001127
 0.0011832  0.0003141
 0.0006809  0.0007974
-0.0002223  0.0013267
-0.0007932  0.0012226
-0.0013706  0.0018469
-0.0018906  0.0017383
-0.0024700  0.0016846
-0.0022023  0.0013818
-0.0018769  0.0011476
-0.0013936  0.0006704
-0.0006410  0.0002828
 0.0007257  0.0003224
 0.0014594 -0.0002130
 0.0023852  0.0000055
 0.0026367 -0.0000627
 0.0025435 -0.0000942
 0.0024700  0.0003197
 0.0015878  0.0004421
 0.0011369  0.0005043
 0.0006064  0.0006993
 0.0001308  0.0005693
-0.0006262  0.0005508
-0.0008712  0.0003602
-0.0013048 -0.0001396
-0.0013569 -0.0006003
-0.0014465 -0.0014958
-0.0011921 -0.0018842
-0.0007241 -0.0017700
