[PARAMETERS]
DW=1E-007
TAU=0.00125
TD=4096
BS=4096
NS=128
NSC=128
FR=56.130000
GAIN=4.974204
D0=0.05
D1=7E-006
D2=1.4E-005
D3=2.5E-005
D4=1E-005
D5=5E-005
D6=0.001
D7=0.001
D8=0.001
D9=0.05
C0=1
SEGTD=0
SEGOFF=0
SEGNUM=0
[ADDITIONAL]
PPFILE=UK_TWO_T2_SOLID.PC
DATEWR=12.09.2024
TIMEWR=14:44:16
DATESTA=12.09.2024
TIMESTA=14:44:06
DATEEND=12.09.2024
TIMEEND=14:44:15
CURR_Z0=0
CURR_Z1=1
TE=-1
[VARIABLES]
_USER=Measurements
_EMAIL_F=7NMR.NMR-270-ijs.si
_ITC_H=1
_ITC_R0= 80.00
_ITC_R1= 79.94
_ITC_R2= 80.43
_ITC_R3=  0.00
_ITC_R4= -0.06
_ITC_V= 21.98
_ITC_X=X0A1C1S00H1
_FW=100
_ORIENT=?
_THETA=0
_TITLE=?
_DESCR1=?
_DESCR2=?
_FR_LARM=56.13000000
_FR_SYNT=526.13000000
_TRIMLEV=1.572265625
_DATE=12.09.2024
_TIME=14:39:03
_ITC_DIR=I3I3
[PPFILE]
; pi/2 - pi/2


DELAY D9
PULSE [GT] 3u
PULSE [PHL1,GT] D1
DELAY TAU-3u
PULSE [GT] 3u
PULSE [PHL2,GT] D1
DELAY TAU-D3
PULSE [TR] 1u+DW
DELAY 1m
STOP

;PHL 1 [+X] [+X] [+Y] [+Y] [-X] [-X] [-Y] [-Y]
;PHL 2 [+Y] [-Y] [-X] [+X] [-Y] [+Y] [+X] [-X]
;!RLS +X+X+Y+Y-X-X-Y-Y

PHL 1 [+X] [+X] [-X] [-X] [+Y] [+Y] [-Y] [-Y] [+X] [+X] [-X] [-X] [+Y] [+Y] [-Y] [-Y]
PHL 2 [+Y] [-Y] [-Y] [+Y] [-X] [+X] [+X] [-X] [+X] [-X] [-X] [+X] [-Y] [+Y] [+Y] [-Y]
!RLS +X+X-X-X+Y+Y-Y-Y-X-X+X+X-Y-Y+Y+Y
[DATA]
-0.0015584 -0.0009092
-0.0017506  0.0001668
-0.0024587  0.0013934
-0.0033583  0.0023531
-0.0043180  0.0028122
-0.0046644  0.0034222
-0.0056278  0.0035171
-0.0061515  0.0038457
-0.0064987  0.0040771
-0.0069016  0.0041797
-0.0069933  0.0044769
-0.0072540  0.0042169
-0.0079113  0.0041128
-0.0081910  0.0034834
-0.0083682  0.0032153
-0.0086055  0.0026238
-0.0083564  0.0022184
-0.0085240  0.0020981
-0.0083330  0.0023625
-0.0081033  0.0025143
-0.0079535  0.0028749
-0.0076099  0.0032915
-0.0072494  0.0033440
-0.0066030  0.0029709
-0.0059740  0.0022130
-0.0051899  0.0011301
-0.0044600  0.0002555
-0.0039831 -0.0004244
-0.0036198 -0.0015025
-0.0036404 -0.0020823
-0.0038031 -0.0027315
-0.0041669 -0.0033779
-0.0045780 -0.0037271
-0.0042457 -0.0042782
-0.0044606 -0.0051378
-0.0045434 -0.0054414
-0.0050053 -0.0054761
-0.0054631 -0.0061620
-0.0061462 -0.0061979
-0.0063351 -0.0059674
-0.0063642 -0.0060251
-0.0064162 -0.0058523
-0.0057250 -0.0057026
-0.0047843 -0.0059755
-0.0029601 -0.0057668
-0.0011037 -0.0053651
 0.0007148 -0.0046969
 0.0024181 -0.0040065
 0.0038147 -0.0035199
 0.0046993 -0.0028404
 0.0053526 -0.0020805
 0.0053413 -0.0022807
 0.0050987 -0.0023501
 0.0043526 -0.0027461
 0.0036460 -0.0031697
 0.0028046 -0.0038576
 0.0028959 -0.0041814
 0.0036181 -0.0042977
 0.0043961 -0.0046368
 0.0052920 -0.0047482
 0.0064329 -0.0049509
 0.0070878 -0.0052302
 0.0074694 -0.0054321
 0.0078335 -0.0051970
 0.0079531 -0.0053735
 0.0078182 -0.0043383
 0.0080459 -0.0033116
 0.0076599 -0.0019950
 0.0074681 -0.0005601
 0.0072203  0.0005485
 0.0067285  0.0018308
 0.0057168  0.0024804
 0.0050700  0.0025478
 0.0043506  0.0024860
 0.0038915  0.0021755
 0.0031805  0.0019348
 0.0029467  0.0020083
 0.0029152  0.0016647
 0.0029264  0.0015158
 0.0026865  0.0022531
 0.0029716  0.0028269
 0.0030334  0.0030110
 0.0028291  0.0039030
 0.0033944  0.0045789
 0.0030553  0.0048057
 0.0027509  0.0045711
 0.0019850  0.0040479
 0.0012187  0.0037567
 0.0003167  0.0033118
-0.0001101  0.0029278
-0.0010904  0.0031192
-0.0011542  0.0032565
-0.0013327  0.0030457
-0.0011131  0.0031414
-0.0009085  0.0030708
-0.0009356  0.0024955
-0.0010733  0.0017279
-0.0015400  0.0005797
-0.0015578 -0.0009356
-0.0019236 -0.0022797
-0.0024614 -0.0033544
-0.0026366 -0.0045322
-0.0029677 -0.0053656
-0.0029205 -0.0059688
-0.0027030 -0.0064574
-0.0030361 -0.0069662
-0.0025452 -0.0072965
-0.0024895 -0.0081266
-0.0025658 -0.0091126
-0.0019868 -0.0097650
-0.0012717 -0.0104381
-0.0004049 -0.0106864
 0.0010280 -0.0110122
 0.0023119 -0.0110481
 0.0032619 -0.0105467
 0.0047747 -0.0105798
 0.0057861 -0.0101925
 0.0061701 -0.0095513
 0.0062682 -0.0092231
 0.0064350 -0.0089913
 0.0059845 -0.0085113
 0.0057245 -0.0082815
 0.0053160 -0.0075932
 0.0054799 -0.0069770
 0.0057513 -0.0057113
 0.0063848 -0.0042909
 0.0069544 -0.0026965
 0.0079056 -0.0010084
 0.0083259 -0.0003011
 0.0083985  0.0008472
 0.0086884  0.0013244
 0.0080372  0.0011100
 0.0075039  0.0011693
 0.0065470  0.0003820
 0.0053963 -0.0000205
 0.0046086 -0.0003786
 0.0040321 -0.0005824
 0.0033610 -0.0005174
 0.0030166  0.0002623
 0.0028301  0.0011938
 0.0026667  0.0018140
 0.0023078  0.0025290
 0.0013202  0.0027939
 0.0007934  0.0029077
 0.0005088  0.0025738
-0.0002329  0.0020748
-0.0007291  0.0014780
-0.0012818  0.0006948
-0.0017590  0.0002373
-0.0020453  0.0003581
-0.0026791  0.0000985
-0.0035666  0.0007542
-0.0042788  0.0016821
-0.0049515  0.0022784
-0.0060226  0.0030480
-0.0068022  0.0033956
-0.0075014  0.0033209
-0.0080295  0.0029018
-0.0088862  0.0025950
-0.0089028  0.0023850
-0.0094628  0.0018065
-0.0099865  0.0019179
-0.0104169  0.0019118
-0.0105797  0.0015254
-0.0104154  0.0011139
-0.0100912  0.0007840
-0.0095171  0.0001320
-0.0091331 -0.0004809
-0.0091864 -0.0009828
-0.0088181 -0.0017079
-0.0089106 -0.0022663
-0.0089303 -0.0027423
-0.0088726 -0.0033580
-0.0084317 -0.0035918
-0.0078762 -0.0041502
-0.0068163 -0.0042701
-0.0061077 -0.0046799
-0.0051068 -0.0047833
-0.0039582 -0.0050660
-0.0029262 -0.0050911
-0.0022205 -0.0049313
-0.0017098 -0.0043596
-0.0016117 -0.0039078
-0.0021470 -0.0037609
-0.0024753 -0.0033814
-0.0026085 -0.0026773
-0.0031039 -0.0028542
-0.0031637 -0.0030225
-0.0029331 -0.0032910
-0.0031794 -0.0031763
-0.0026408 -0.0030802
-0.0022564 -0.0029486
-0.0019916 -0.0023753
-0.0015011 -0.0023543
-0.0014038 -0.0020051
-0.0008819 -0.0018980
 0.0002509 -0.0016190
 0.0007580 -0.0014550
 0.0017306 -0.0013645
 0.0022878 -0.0011275
 0.0030218 -0.0014129
 0.0031619 -0.0010305
 0.0036675 -0.0005186
 0.0034810  0.0000910
 0.0039033  0.0009926
 0.0037313  0.0019874
 0.0035625  0.0030109
 0.0035444  0.0040167
 0.0032593  0.0048097
 0.0032295  0.0049890
 0.0031601  0.0050137
 0.0031694  0.0048417
 0.0030871  0.0045534
 0.0030408  0.0047984
 0.0027049  0.0046987
 0.0021401  0.0041585
 0.0015095  0.0041891
 0.0009588  0.0037490
 0.0002486  0.0031745
-0.0002900  0.0028454
-0.0002161  0.0024603
-0.0005609  0.0021542
 0.0001274  0.0022866
 0.0006293  0.0022648
 0.0009951  0.0021255
 0.0016831  0.0021437
 0.0016831  0.0020112
 0.0016835  0.0023775
 0.0007307  0.0027828
-0.0000703  0.0030166
-0.0016413  0.0038827
-0.0032288  0.0043232
-0.0050315  0.0048799
-0.0067729  0.0051621
-0.0078662  0.0052743
-0.0091069  0.0050543
-0.0095219  0.0047042
-0.0093245  0.0043472
-0.0091411  0.0037621
-0.0086970  0.0033454
-0.0081180  0.0030329
-0.0078919  0.0022593
-0.0080251  0.0011800
-0.0082226  0.0004229
-0.0084802 -0.0008812
-0.0089317 -0.0019431
-0.0088902 -0.0027691
-0.0090602 -0.0031535
-0.0085585 -0.0035338
-0.0079045 -0.0037211
-0.0071814 -0.0038903
-0.0062451 -0.0040764
-0.0050541 -0.0042027
-0.0045308 -0.0043517
-0.0034523 -0.0043068
-0.0025067 -0.0043440
-0.0020173 -0.0041575
-0.0015134 -0.0041474
-0.0005113 -0.0041337
-0.0002929 -0.0041826
 0.0005001 -0.0042537
 0.0010053 -0.0038820
 0.0013368 -0.0039494
 0.0017772 -0.0039886
 0.0020837 -0.0042312
 0.0022153 -0.0043370
 0.0023622 -0.0042323
 0.0024769 -0.0046812
 0.0027579 -0.0043081
 0.0029286 -0.0039944
 0.0029993 -0.0033144
 0.0032468 -0.0022364
 0.0036828 -0.0011980
 0.0045266 -0.0004470
 0.0054455  0.0009912
 0.0070912  0.0017583
 0.0080497  0.0029045
 0.0091995  0.0035178
 0.0108056  0.0048223
 0.0117282  0.0055087
 0.0123802  0.0068854
 0.0133545  0.0086267
 0.0140049  0.0103503
 0.0146694  0.0119411
 0.0151813  0.0134386
 0.0158838  0.0146164
 0.0165553  0.0158135
 0.0167301  0.0166210
 0.0170785  0.0176768
 0.0170047  0.0189591
 0.0168561  0.0198889
 0.0163571  0.0210662
 0.0159546  0.0219172
 0.0155120  0.0227723
 0.0147251  0.0234740
 0.0142265  0.0242572
 0.0140763  0.0254063
 0.0132555  0.0260204
 0.0127226  0.0275001
 0.0121864  0.0286137
 0.0113620  0.0301124
 0.0107467  0.0313273
 0.0098826  0.0323464
 0.0089447  0.0330162
 0.0084429  0.0339557
 0.0076402  0.0351823
 0.0072014  0.0364848
 0.0066305  0.0378619
 0.0058472  0.0391434
 0.0051028  0.0400639
 0.0044511  0.0405670
 0.0035120  0.0404907
 0.0028236  0.0401532
 0.0022673  0.0394895
 0.0014053  0.0390959
 0.0006022  0.0385497
-0.0000696  0.0383628
-0.0008343  0.0379651
-0.0012897  0.0379861
-0.0011912  0.0384391
-0.0010208  0.0388561
 0.0002429  0.0395005
 0.0018692  0.0398949
 0.0030477  0.0401286
 0.0049698  0.0406974
 0.0061653  0.0409590
 0.0074827  0.0409711
 0.0082276  0.0411225
 0.0091675  0.0416179
 0.0089616  0.0422436
 0.0090952  0.0423369
 0.0084456  0.0429114
 0.0078646  0.0433176
 0.0078424  0.0439555
 0.0079203  0.0440969
 0.0081476  0.0445031
 0.0092228  0.0451378
 0.0099322  0.0446904
 0.0114648  0.0448422
 0.0130345  0.0447812
 0.0145086  0.0440541
 0.0157945  0.0442701
 0.0172129  0.0442770
 0.0179829  0.0440315
 0.0187759  0.0439016
 0.0195640  0.0440570
 0.0201821  0.0439205
 0.0204506  0.0434372
 0.0213651  0.0432289
 0.0217022  0.0426879
 0.0221725  0.0423286
 0.0231790  0.0417714
 0.0239049  0.0413354
 0.0248577  0.0413350
 0.0253164  0.0413152
 0.0256632  0.0412397
 0.0263940  0.0406062
 0.0270057  0.0402053
 0.0277183  0.0396134
 0.0288851  0.0392363
 0.0294766  0.0394689
 0.0299901  0.0396853
 0.0301391  0.0403213
 0.0300410  0.0409184
 0.0292181  0.0410347
 0.0285096  0.0406685
 0.0277263  0.0403386
 0.0268453  0.0400099
 0.0259478  0.0395678
 0.0252954  0.0390837
 0.0242255  0.0383747
 0.0238027  0.0377615
 0.0229811  0.0367654
 0.0228091  0.0357149
 0.0225423  0.0351683
 0.0221099  0.0342365
 0.0217930  0.0335178
 0.0214781  0.0330289
 0.0202645  0.0322267
 0.0198709  0.0320410
 0.0198423  0.0316183
 0.0194814  0.0308504
 0.0198863  0.0300275
 0.0201565  0.0294897
 0.0198876  0.0283354
 0.0191374  0.0271819
 0.0181228  0.0263930
 0.0166879  0.0253719
 0.0154448  0.0245022
 0.0142025  0.0239425
 0.0131535  0.0231354
 0.0120243  0.0229630
 0.0112778  0.0220094
 0.0105869  0.0211890
 0.0099325  0.0203283
 0.0094508  0.0192773
 0.0082371  0.0188332
 0.0078325  0.0176962
 0.0069863  0.0168620
 0.0062316  0.0165305
 0.0057867  0.0164146
 0.0052291  0.0158167
 0.0049598  0.0157024
 0.0048996  0.0158930
 0.0047898  0.0151650
 0.0044612  0.0150710
 0.0045391  0.0141185
 0.0042149  0.0128791
 0.0043069  0.0116582
 0.0041095  0.0099019
 0.0047348  0.0082761
 0.0055883  0.0071088
 0.0065940  0.0058847
 0.0078141  0.0046755
 0.0087112  0.0039245
 0.0096256  0.0030374
 0.0101783  0.0018068
 0.0106350  0.0013182
 0.0108227  0.0006254
 0.0107540 -0.0000840
 0.0105367 -0.0001550
 0.0111044 -0.0002112
 0.0112711 -0.0001514
 0.0116918  0.0002734
 0.0126862  0.0009109
 0.0127407  0.0017696
 0.0127762  0.0029962
 0.0128695  0.0040516
 0.0122953  0.0048385
 0.0113852  0.0051143
 0.0112677  0.0053171
 0.0110005  0.0055214
 0.0110945  0.0055142
 0.0112104  0.0052603
 0.0111640  0.0050722
 0.0112872  0.0046842
 0.0113018  0.0041609
 0.0109034  0.0037729
 0.0110556  0.0038035
 0.0110539  0.0034365
 0.0110672  0.0032282
 0.0113296  0.0035605
 0.0111572  0.0034321
 0.0110244  0.0043220
 0.0107959  0.0055539
 0.0101108  0.0066537
 0.0089666  0.0077883
 0.0079338  0.0089612
 0.0071142  0.0091727
 0.0060237  0.0099790
 0.0057367  0.0100553
 0.0052223  0.0101090
 0.0047851  0.0097553
 0.0044451  0.0101864
 0.0036268  0.0102187
 0.0024426  0.0102271
 0.0015512  0.0095657
 0.0008661  0.0087526
 0.0002431  0.0077714
 0.0003833  0.0066910
 0.0003102  0.0059622
 0.0003461  0.0050574
 0.0006889  0.0040973
 0.0004167  0.0033685
 0.0003493  0.0029631
 0.0002451  0.0023846
-0.0002076  0.0022868
-0.0005803  0.0016877
-0.0015243  0.0010465
-0.0024460 -0.0000311
-0.0029314 -0.0011277
-0.0030775 -0.0026789
-0.0029208 -0.0038643
-0.0027472 -0.0050501
-0.0025510 -0.0058507
-0.0027750 -0.0065007
-0.0028517 -0.0070312
-0.0033269 -0.0075831
-0.0031331 -0.0081867
-0.0029615 -0.0083917
-0.0025896 -0.0091169
-0.0019133 -0.0094164
-0.0010271 -0.0094188
-0.0004897 -0.0090720
 0.0004482 -0.0089428
 0.0012843 -0.0085254
 0.0019840 -0.0078960
 0.0027995 -0.0075112
 0.0037280 -0.0069536
 0.0042036 -0.0068349
 0.0046962 -0.0067355
 0.0051116 -0.0069414
 0.0049767 -0.0073403
 0.0052598 -0.0076774
 0.0050724 -0.0081671
 0.0049145 -0.0084073
 0.0049174 -0.0082994
 0.0045916 -0.0083288
 0.0034796 -0.0078253
 0.0026564 -0.0074640
 0.0018946 -0.0075080
 0.0012090 -0.0070381
 0.0007314 -0.0072041
 0.0010031 -0.0072587
 0.0013661 -0.0066778
 0.0016685 -0.0061142
 0.0016661 -0.0053383
 0.0021045 -0.0041133
 0.0022600 -0.0033660
 0.0022632 -0.0030963
 0.0021914 -0.0023667
 0.0025770 -0.0021160
 0.0023909 -0.0022718
 0.0024171 -0.0016375
 0.0025936 -0.0015439
 0.0020325 -0.0012003
 0.0019300 -0.0004546
 0.0020064  0.0001975
 0.0016823  0.0007679
 0.0021370  0.0016703
 0.0015811  0.0024944
 0.0011330  0.0034165
-0.0001126  0.0044207
-0.0010533  0.0051366
-0.0025932  0.0061052
-0.0038881  0.0074186
-0.0046423  0.0081519
-0.0057005  0.0086525
-0.0061491  0.0089408
-0.0063470  0.0090975
-0.0065812  0.0095194
-0.0069321  0.0094071
-0.0079330  0.0091185
-0.0088346  0.0087902
-0.0096247  0.0084066
-0.0103337  0.0075632
-0.0109462  0.0067004
-0.0112756  0.0056071
-0.0120783  0.0040914
-0.0126871  0.0026153
-0.0129148  0.0010027
-0.0133472 -0.0005554
-0.0134764 -0.0018046
-0.0130681 -0.0026520
-0.0127944 -0.0032343
-0.0124302 -0.0032157
-0.0120087 -0.0030074
-0.0125469 -0.0029921
-0.0126220 -0.0029953
-0.0130802 -0.0030208
-0.0131545 -0.0035485
-0.0125783 -0.0040400
-0.0120228 -0.0047215
-0.0110849 -0.0051362
-0.0105895 -0.0056656
-0.0102257 -0.0066145
-0.0097432 -0.0073142
-0.0098571 -0.0081815
-0.0098538 -0.0084136
-0.0095446 -0.0088549
-0.0091622 -0.0091271
-0.0083826 -0.0092829
-0.0074198 -0.0101045
-0.0062619 -0.0105862
-0.0048371 -0.0106835
-0.0033502 -0.0106072
-0.0022314 -0.0103355
-0.0016646 -0.0101946
-0.0014244 -0.0095174
-0.0016037 -0.0092780
-0.0019320 -0.0092823
-0.0021597 -0.0091587
-0.0026591 -0.0089015
-0.0033834 -0.0088405
-0.0035373 -0.0087049
-0.0031707 -0.0084892
-0.0026684 -0.0085680
-0.0015920 -0.0084154
-0.0002305 -0.0083956
 0.0012080 -0.0081881
 0.0021496 -0.0069668
 0.0032586 -0.0060737
 0.0035267 -0.0044685
 0.0036995 -0.0025935
 0.0036818 -0.0010048
 0.0032796  0.0006219
 0.0032005  0.0020952
 0.0030067  0.0030331
 0.0030769  0.0036758
 0.0027975  0.0049367
 0.0026145  0.0054312
 0.0022043  0.0058152
 0.0014270  0.0065064
 0.0008617  0.0065650
 0.0001293  0.0063809
-0.0004885  0.0065953
-0.0003532  0.0067552
-0.0003120  0.0070363
 0.0002456  0.0073678
 0.0008068  0.0084099
 0.0010967  0.0089921
 0.0014629  0.0094524
 0.0012732  0.0096079
 0.0011617  0.0093426
 0.0004136  0.0096923
 0.0005678  0.0090076
-0.0001791  0.0087860
-0.0004980  0.0082332
-0.0011093  0.0080343
-0.0017367  0.0077949
-0.0023496  0.0075922
-0.0031736  0.0074227
-0.0041700  0.0074449
-0.0049565  0.0077663
-0.0062747  0.0075127
-0.0075381  0.0068731
-0.0084413  0.0058504
-0.0093016  0.0044833
-0.0097437  0.0031513
-0.0097635  0.0022589
-0.0097086  0.0011518
-0.0097898  0.0006600
-0.0102311  0.0001124
-0.0106756 -0.0006507
-0.0106393 -0.0016202
-0.0109882 -0.0023732
-0.0113346 -0.0030107
-0.0115114 -0.0030462
-0.0118611 -0.0033882
-0.0118511 -0.0034411
-0.0120283 -0.0029537
-0.0118778 -0.0036372
-0.0111539 -0.0044701
-0.0105220 -0.0054201
-0.0096959 -0.0070011
-0.0088311 -0.0081783
-0.0078471 -0.0092789
-0.0075887 -0.0105712
-0.0076205 -0.0121971
-0.0074990 -0.0132658
-0.0075531 -0.0145162
-0.0066119 -0.0154372
-0.0056018 -0.0160351
-0.0044729 -0.0157109
-0.0033881 -0.0147949
-0.0026452 -0.0135844
-0.0020727 -0.0128342
-0.0017861 -0.0115479
-0.0011397 -0.0110650
-0.0005999 -0.0106596
 0.0001470 -0.0105429
 0.0013426 -0.0108065
 0.0021751 -0.0110690
 0.0034102 -0.0112958
 0.0039570 -0.0107415
 0.0049478 -0.0101795
 0.0054868 -0.0092573
 0.0064926 -0.0082378
 0.0068568 -0.0069309
 0.0072965 -0.0058791
 0.0076970 -0.0049590
 0.0083260 -0.0040631
 0.0089566 -0.0028826
 0.0092243 -0.0019677
 0.0096067 -0.0008013
 0.0092776  0.0004979
 0.0094189  0.0011875
 0.0095768  0.0022788
 0.0094480  0.0032765
 0.0088602  0.0040448
 0.0090597  0.0043428
 0.0085482  0.0045274
 0.0079810  0.0041015
 0.0078340  0.0037742
 0.0076879  0.0037464
 0.0071719  0.0038316
 0.0065776  0.0044841
 0.0054043  0.0052859
 0.0037699  0.0063897
 0.0018255  0.0070716
 0.0003841  0.0073860
-0.0008429  0.0075120
-0.0015321  0.0072200
-0.0022936  0.0069661
-0.0022273  0.0066172
-0.0025413  0.0066915
-0.0024585  0.0073791
-0.0026765  0.0077400
-0.0026729  0.0084445
-0.0034537  0.0080577
-0.0036446  0.0075336
-0.0039721  0.0060922
-0.0041877  0.0048095
-0.0042103  0.0029911
-0.0043335  0.0012740
-0.0039754  0.0003207
-0.0038701  0.0001028
-0.0038185  0.0000289
-0.0040353  0.0007177
-0.0045957  0.0012349
-0.0048905  0.0016107
-0.0049935  0.0015380
-0.0058426  0.0011067
-0.0064648  0.0000602
-0.0067204 -0.0013457
-0.0066494 -0.0026955
-0.0062170 -0.0037347
-0.0056970 -0.0041789
-0.0044179 -0.0038910
-0.0038757 -0.0036064
-0.0029894 -0.0026293
-0.0025990 -0.0017855
-0.0026123 -0.0010583
-0.0026429 -0.0005807
-0.0027317 -0.0005634
-0.0028455 -0.0008508
-0.0027696 -0.0010038
-0.0022177 -0.0010414
-0.0015306 -0.0010571
-0.0006129 -0.0010704
 0.0001893 -0.0009380
 0.0007990 -0.0006526
 0.0010869 -0.0000454
 0.0014102  0.0006967
 0.0012669  0.0017250
 0.0013395  0.0024356
 0.0009309  0.0029181
 0.0000043  0.0032876
-0.0001124  0.0030894
-0.0007702  0.0027378
-0.0008521  0.0020212
-0.0011082  0.0017298
-0.0010706  0.0011844
-0.0009786  0.0007334
-0.0003822  0.0003778
 0.0002541  0.0002094
 0.0005997  0.0006176
 0.0014278  0.0007780
 0.0018336  0.0013206
 0.0023722  0.0020559
 0.0027970  0.0023446
 0.0032601  0.0027318
 0.0036989  0.0026740
 0.0041180  0.0028816
 0.0046929  0.0021830
 0.0053797  0.0020215
 0.0061117  0.0018736
 0.0064412  0.0014771
 0.0063520  0.0015763
 0.0066249  0.0016029
 0.0061752  0.0013021
 0.0059726  0.0010105
 0.0060178  0.0005046
 0.0061233  0.0002176
 0.0058019  0.0002967
 0.0056711  0.0011054
 0.0050457  0.0018403
 0.0042637  0.0029946
 0.0030759  0.0036507
 0.0020657  0.0040565
 0.0009546  0.0040698
-0.0004290  0.0032453
-0.0011953  0.0021863
-0.0021817  0.0012811
-0.0027975  0.0009092
-0.0029731  0.0007307
-0.0030329  0.0015164
-0.0025710  0.0019887
-0.0028717  0.0026755
-0.0026420  0.0035948
-0.0022289  0.0035960
-0.0020492  0.0034426
-0.0016794  0.0031555
-0.0011940  0.0021034
-0.0009747  0.0009354
-0.0005488  0.0001464
-0.0002399 -0.0006748
 0.0001412 -0.0013709
 0.0005365 -0.0018675
 0.0006365 -0.0022320
 0.0009320 -0.0025934
 0.0008044 -0.0029568
 0.0005092 -0.0033964
 0.0003295 -0.0035074
-0.0000251 -0.0036653
-0.0001668 -0.0040501
-0.0002928 -0.0041078
-0.0006494 -0.0043392
-0.0009701 -0.0047240
-0.0008853 -0.0047438
-0.0009532 -0.0046909
-0.0010780 -0.0046550
-0.0007030 -0.0042751
-0.0000546 -0.0042226
-0.0003420 -0.0042073
 0.0004312 -0.0045925
 0.0013005 -0.0043866
 0.0019986 -0.0047366
 0.0030201 -0.0041217
 0.0039088 -0.0029105
 0.0047571 -0.0019326
 0.0054132 -0.0001068
 0.0061702  0.0014100
 0.0067093  0.0028486
 0.0069063  0.0039432
 0.0070416  0.0048674
 0.0070077  0.0056079
 0.0067780  0.0065151
 0.0068740  0.0070478
 0.0067004  0.0078073
 0.0064699  0.0089083
 0.0062014  0.0101806
 0.0056055  0.0114500
 0.0049352  0.0124815
 0.0042295  0.0133476
 0.0034103  0.0137295
 0.0029553  0.0136157
 0.0026546  0.0140162
 0.0021237  0.0135741
 0.0017062  0.0138365
 0.0012492  0.0135405
 0.0003089  0.0132643
-0.0003960  0.0127596
-0.0012944  0.0121951
-0.0021588  0.0113431
-0.0032368  0.0104367
-0.0043379  0.0095694
-0.0055936  0.0089012
-0.0065861  0.0081002
-0.0072834  0.0074942
-0.0076524  0.0071790
-0.0080376  0.0068047
-0.0086472  0.0065440
-0.0086807  0.0062436
-0.0090425  0.0054757
-0.0094426  0.0052298
-0.0090335  0.0046969
-0.0092390  0.0040242
-0.0083334  0.0039132
-0.0076369  0.0033432
-0.0070954  0.0033625
-0.0059407  0.0031518
-0.0049786  0.0028062
-0.0043229  0.0024367
-0.0036857  0.0021282
-0.0031920  0.0021060
-0.0031928  0.0021044
-0.0028706  0.0024145
-0.0033761  0.0029172
-0.0040141  0.0029745
-0.0039035  0.0027872
-0.0043101  0.0024416
-0.0038320  0.0016567
-0.0027976  0.0008153
-0.0023353 -0.0002676
-0.0014346 -0.0012309
-0.0003425 -0.0026384
 0.0003080 -0.0036810
 0.0009584 -0.0044211
 0.0012967 -0.0056772
 0.0018111 -0.0062582
 0.0017654 -0.0063971
 0.0020109 -0.0069935
 0.0023334 -0.0070387
 0.0031381 -0.0070977
 0.0040328 -0.0070573
 0.0052799 -0.0068800
 0.0069466 -0.0063337
 0.0081558 -0.0059610
 0.0091906 -0.0056674
 0.0103821 -0.0051417
 0.0109603 -0.0049265
 0.0114411 -0.0048877
 0.0117472 -0.0046160
 0.0120096 -0.0047912
 0.0121618 -0.0044893
 0.0118146 -0.0045374
 0.0117560 -0.0040456
 0.0114063 -0.0036347
 0.0110438 -0.0030517
 0.0112917 -0.0029391
 0.0115210 -0.0026165
 0.0115545 -0.0023258
 0.0122057 -0.0022075
 0.0119736 -0.0015312
 0.0117043 -0.0008525
 0.0112412 -0.0005803
 0.0101490  0.0003831
 0.0092111  0.0009867
 0.0078315  0.0017942
 0.0066425  0.0020890
 0.0057421  0.0027649
 0.0048830  0.0032869
 0.0039249  0.0034093
 0.0033359  0.0040670
 0.0026471  0.0043380
 0.0016890  0.0049396
 0.0013676  0.0055436
 0.0002367  0.0057754
-0.0006850  0.0065462
-0.0012410  0.0065090
-0.0029872  0.0066984
-0.0036792  0.0064089
-0.0046789  0.0060564
-0.0051985  0.0055488
-0.0055837  0.0057737
-0.0060460  0.0058076
-0.0063178  0.0062852
-0.0066654  0.0069566
-0.0069727  0.0071323
-0.0073893  0.0077327
-0.0073836  0.0077388
-0.0078148  0.0076455
-0.0076710  0.0076512
-0.0075805  0.0070557
-0.0079733  0.0065005
-0.0087924  0.0055218
-0.0094739  0.0046368
-0.0103508  0.0034950
-0.0110473  0.0026987
-0.0118544  0.0016138
-0.0124754  0.0007025
-0.0125191 -0.0003953
-0.0122926 -0.0011867
-0.0118194 -0.0015101
-0.0111141 -0.0018743
-0.0101039 -0.0024451
-0.0096275 -0.0025186
-0.0088500 -0.0031097
-0.0083768 -0.0041000
-0.0076400 -0.0050302
-0.0071301 -0.0060957
-0.0065411 -0.0072604
-0.0054692 -0.0081757
-0.0044945 -0.0088265
-0.0035542 -0.0091907
-0.0024056 -0.0088814
-0.0014648 -0.0086582
-0.0006791 -0.0082738
 0.0002773 -0.0075685
 0.0009633 -0.0071615
 0.0019985 -0.0067715
 0.0024757 -0.0064775
 0.0030547 -0.0061848
 0.0036365 -0.0060624
 0.0041231 -0.0060059
 0.0039172 -0.0054939
 0.0041700 -0.0048201
 0.0045386 -0.0041135
 0.0045555 -0.0030602
 0.0045770 -0.0021029
 0.0046965 -0.0011464
 0.0047930 -0.0000741
 0.0044308  0.0005776
 0.0042031  0.0008436
 0.0043368  0.0010528
 0.0041805  0.0009700
 0.0045188  0.0004124
 0.0051228 -0.0000681
 0.0052112 -0.0003927
 0.0057776 -0.0006245
 0.0061522 -0.0004658
 0.0063738 -0.0001702
 0.0063153  0.0002937
 0.0063294  0.0008574
 0.0059705  0.0010892
 0.0056838  0.0020542
 0.0057254  0.0025007
 0.0058668  0.0034455
 0.0056447  0.0047763
 0.0051938  0.0060425
 0.0042075  0.0072901
 0.0029152  0.0086890
 0.0017569  0.0090677
-0.0001706  0.0092708
-0.0017706  0.0092126
-0.0023753  0.0090135
-0.0032175  0.0089905
-0.0030035  0.0089869
-0.0029248  0.0090401
-0.0028654  0.0089957
-0.0022864  0.0090663
-0.0021475  0.0086767
-0.0018176  0.0084796
-0.0015071  0.0078820
-0.0015584  0.0077682
-0.0022278  0.0079043
-0.0025338  0.0074497
-0.0032642  0.0071093
-0.0040338  0.0065756
-0.0045183  0.0061380
-0.0052515  0.0050507
-0.0062710  0.0040324
-0.0066400  0.0028632
-0.0071415  0.0024590
-0.0075424  0.0010370
-0.0076942  0.0002707
-0.0080535 -0.0007508
-0.0078036 -0.0018998
-0.0077418 -0.0032888
-0.0072472 -0.0042731
-0.0064967 -0.0055244
-0.0059238 -0.0069225
-0.0056177 -0.0078629
-0.0052519 -0.0088973
-0.0049665 -0.0098925
-0.0051038 -0.0108671
-0.0051305 -0.0113662
-0.0055161 -0.0122076
-0.0056158 -0.0126129
-0.0053510 -0.0130558
-0.0047562 -0.0131391
-0.0038777 -0.0126275
-0.0031926 -0.0118843
-0.0031373 -0.0109266
-0.0035455 -0.0101942
-0.0041229 -0.0096503
-0.0047002 -0.0097791
-0.0051342 -0.0100629
-0.0045234 -0.0098476
-0.0035483 -0.0097548
-0.0025172 -0.0095861
-0.0004941 -0.0093378
 0.0008605 -0.0094201
 0.0026188 -0.0092720
 0.0042616 -0.0090221
 0.0053892 -0.0085420
 0.0062335 -0.0078690
 0.0069973 -0.0067291
 0.0071500 -0.0058570
 0.0070316 -0.0050175
 0.0065879 -0.0046004
 0.0059577 -0.0045070
 0.0056161 -0.0042264
 0.0056008 -0.0044868
 0.0054914 -0.0044133
 0.0059917 -0.0040944
 0.0062222 -0.0033766
 0.0061092 -0.0023903
 0.0061689 -0.0013676
 0.0058996  0.0000810
 0.0054059  0.0013955
 0.0049109  0.0024448
 0.0047409  0.0037110
 0.0043263  0.0047644
 0.0039121  0.0058355
 0.0036130  0.0063729
 0.0024317  0.0069054
 0.0017477  0.0076717
 0.0008523  0.0078820
-0.0002152  0.0084154
-0.0013227  0.0086257
-0.0020292  0.0090658
-0.0025819  0.0094477
-0.0034007  0.0094110
-0.0038751  0.0089120
-0.0042146  0.0084921
-0.0042287  0.0082389
-0.0040127  0.0080484
-0.0036493  0.0075634
-0.0032464  0.0073155
-0.0029977  0.0070450
-0.0031293  0.0065431
-0.0031309  0.0063308
-0.0035496  0.0058834
-0.0039335  0.0053024
-0.0043728  0.0044173
-0.0044648  0.0037039
-0.0045795  0.0033740
-0.0046707  0.0033595
-0.0045500  0.0038396
-0.0049230  0.0043345
-0.0052839  0.0048723
-0.0056379  0.0050758
-0.0057275  0.0045549
-0.0058188  0.0042085
-0.0060848  0.0031866
-0.0058010  0.0022661
-0.0058285  0.0014214
-0.0061281  0.0004015
-0.0057006 -0.0004181
-0.0046853 -0.0012627
-0.0041492 -0.0018913
-0.0028808 -0.0024828
-0.0019563 -0.0033052
-0.0015053 -0.0038797
-0.0010948 -0.0040868
-0.0011784 -0.0046036
-0.0018393 -0.0045996
-0.0024797 -0.0053174
-0.0026792 -0.0059411
-0.0026631 -0.0069468
-0.0019561 -0.0081987
-0.0012492 -0.0088806
-0.0003480 -0.0091382
-0.0002293 -0.0091563
 0.0004425 -0.0089229
 0.0009379 -0.0083294
 0.0010732 -0.0080048
 0.0016493 -0.0074901
 0.0024387 -0.0069341
 0.0032619 -0.0064347
 0.0037638 -0.0056906
 0.0050303 -0.0047721
 0.0056230 -0.0036448
 0.0062714 -0.0026912
 0.0072650 -0.0013548
 0.0076829 -0.0001121
 0.0081633  0.0008254
 0.0086038  0.0014423
 0.0086660  0.0018250
 0.0084198  0.0026358
 0.0079664  0.0026762
 0.0071662  0.0036508
 0.0063156  0.0044373
 0.0056712  0.0047611
 0.0043203  0.0053869
 0.0038145  0.0055395
 0.0029723  0.0059473
 0.0025496  0.0056606
 0.0022609  0.0054188
 0.0023141  0.0048116
 0.0025390  0.0042985
 0.0025168  0.0033000
 0.0024534  0.0027804
 0.0021247  0.0024283
 0.0013168  0.0025138
 0.0009898  0.0024488
 0.0004709  0.0024274
 0.0002449  0.0026341
 0.0000790  0.0026777
-0.0001055  0.0031033
-0.0001386  0.0035099
-0.0004317  0.0036306
-0.0011264  0.0038878
-0.0019169  0.0047382
-0.0030683  0.0051864
-0.0042048  0.0054036
-0.0053743  0.0057945
-0.0062435  0.0061038
-0.0076570  0.0063880
-0.0086506  0.0072269
-0.0096895  0.0071248
-0.0100161  0.0074231
-0.0104441  0.0075486
-0.0103145  0.0075013
-0.0101874  0.0074149
-0.0094090  0.0069142
-0.0091296  0.0063954
-0.0084066  0.0058217
-0.0077251  0.0049068
-0.0079229  0.0040101
-0.0077934  0.0031889
-0.0078887  0.0020835
-0.0081188  0.0011081
-0.0082892  0.0004403
-0.0075931 -0.0003115
-0.0073815 -0.0007161
-0.0067670 -0.0011380
-0.0056789 -0.0017186
-0.0047290 -0.0025116
-0.0036074 -0.0025681
-0.0026603 -0.0036627
-0.0022473 -0.0047528
-0.0015419 -0.0057670
-0.0010874 -0.0066682
-0.0006489 -0.0073957
 0.0005332 -0.0082165
 0.0012220 -0.0083069
 0.0024635 -0.0079758
 0.0034406 -0.0070331
 0.0043603 -0.0056663
 0.0047931 -0.0041309
 0.0050942 -0.0024828
 0.0048213 -0.0009728
 0.0047995 -0.0000523
 0.0042782  0.0012462
 0.0038200  0.0018199
 0.0038418  0.0022591
 0.0034409  0.0030993
 0.0033464  0.0035402
 0.0031708  0.0044753
 0.0029427  0.0046464
 0.0028304  0.0046650
 0.0027804  0.0044292
 0.0029597  0.0043093
 0.0031370  0.0037129
 0.0035436  0.0034222
 0.0040171  0.0037908
 0.0041657  0.0037561
 0.0041023  0.0034509
 0.0040215  0.0030177
 0.0035778  0.0025599
 0.0032334  0.0021800
 0.0028914  0.0013980
 0.0026213  0.0009409
 0.0024522  0.0010617
 0.0023734  0.0009139
 0.0020880  0.0015858
 0.0020319  0.0027752
 0.0016281  0.0038690
 0.0015353  0.0053814
 0.0014739  0.0069108
 0.0011064  0.0078995
 0.0008363  0.0084300
 0.0011759  0.0090804
 0.0012885  0.0088135
 0.0012695  0.0086440
 0.0015413  0.0084946
 0.0014141  0.0084624
 0.0008856  0.0084075
 0.0003225  0.0080477
-0.0003549  0.0079488
-0.0009379  0.0078289
-0.0018269  0.0070738
-0.0023917  0.0060281
-0.0024813  0.0050199
-0.0024485  0.0038174
-0.0022539  0.0029227
-0.0018303  0.0018814
-0.0016184  0.0008029
-0.0016842 -0.0002739
-0.0015938 -0.0016732
-0.0017311 -0.0032983
-0.0019645 -0.0042766
-0.0018651 -0.0050033
-0.0017089 -0.0055427
-0.0020343 -0.0054850
-0.0017626 -0.0055864
-0.0021631 -0.0060333
-0.0022939 -0.0061133
-0.0021049 -0.0064759
-0.0016236 -0.0065158
-0.0011089 -0.0067423
-0.0004334 -0.0070290
 0.0005849 -0.0074501
 0.0016241 -0.0076794
 0.0030110 -0.0085245
 0.0043035 -0.0088551
 0.0058462 -0.0095157
 0.0067119 -0.0096732
 0.0075884 -0.0097952
 0.0080083 -0.0096285
 0.0081144 -0.0094197
 0.0079698 -0.0089033
 0.0081700 -0.0086155
 0.0082350 -0.0083106
 0.0088014 -0.0077547
 0.0094631 -0.0073885
 0.0101231 -0.0068095
 0.0110594 -0.0061130
 0.0113073 -0.0057819
 0.0119581 -0.0052384
 0.0122254 -0.0045444
 0.0125512 -0.0038540
 0.0123974 -0.0032007
 0.0119743 -0.0028922
 0.0114518 -0.0025837
 0.0110254 -0.0023487
 0.0105074 -0.0020713
 0.0101792 -0.0017765
 0.0099062 -0.0012177
 0.0094653 -0.0004449
 0.0093300  0.0008022
 0.0090248  0.0015649
 0.0085641  0.0022678
 0.0083574  0.0032387
 0.0081314  0.0038245
 0.0077341  0.0037813
 0.0077551  0.0043083
 0.0072408  0.0044459
 0.0064612  0.0044747
 0.0058878  0.0040790
 0.0049177  0.0035857
 0.0040008  0.0029179
 0.0031626  0.0028461
 0.0021040  0.0020079
 0.0009162  0.0017984
-0.0000839  0.0013567
-0.0011619  0.0013554
-0.0017607  0.0012371
-0.0024738  0.0011580
-0.0028973  0.0013627
-0.0028977  0.0014353
-0.0031291  0.0016206
-0.0035171  0.0021745
-0.0035175  0.0021741
-0.0033665  0.0019601
-0.0030056  0.0018297
-0.0029156  0.0015406
-0.0025142  0.0012568
-0.0025752  0.0013747
-0.0024242  0.0014402
-0.0022906  0.0013090
-0.0031777  0.0010599
-0.0035176  0.0007138
-0.0040178 -0.0001667
-0.0048027 -0.0013566
-0.0057374 -0.0024677
-0.0061911 -0.0035820
-0.0069703 -0.0044654
-0.0075981 -0.0054457
-0.0081254 -0.0065758
-0.0080822 -0.0075965
-0.0078169 -0.0082155
-0.0064946 -0.0090840
-0.0051005 -0.0093751
-0.0036685 -0.0093973
-0.0022942 -0.0093375
-0.0012218 -0.0089854
-0.0012828 -0.0089781
-0.0010647 -0.0087225
-0.0011410 -0.0090406
-0.0015997 -0.0089958
-0.0021863 -0.0086938
-0.0026582 -0.0087229
-0.0030720 -0.0083326
-0.0037988 -0.0084873
-0.0038157 -0.0080796
-0.0035274 -0.0078419
-0.0025100 -0.0075976
-0.0022137 -0.0077151
-0.0014147 -0.0076682
-0.0007316 -0.0078850
 0.0002906 -0.0085055
 0.0010682 -0.0086831
 0.0019802 -0.0088998
 0.0030251 -0.0085865
 0.0038442 -0.0077357
 0.0046255 -0.0062515
 0.0050231 -0.0046547
 0.0049440 -0.0031959
 0.0052104 -0.0014230
 0.0051749 -0.0003991
 0.0051123  0.0001064
 0.0048944  0.0003253
 0.0049037  0.0007929
 0.0045876  0.0011417
 0.0039869  0.0017001
 0.0034213  0.0025811
 0.0028771  0.0034394
 0.0023143  0.0045279
 0.0016732  0.0046954
 0.0007027  0.0054920
 0.0000410  0.0055634
-0.0012215  0.0052856
-0.0024711  0.0051867
-0.0039727  0.0053986
-0.0054779  0.0055545
-0.0074950  0.0058056
-0.0083805  0.0058699
-0.0097060  0.0059127
-0.0106366  0.0054908
-0.0105897  0.0051504
-0.0106736  0.0046469
-0.0102775  0.0039784
-0.0097683  0.0033998
-0.0091235  0.0023964
-0.0087924  0.0017928
-0.0084823  0.0012315
-0.0080389  0.0003384
-0.0082315  0.0000032
-0.0086785 -0.0005019
-0.0089490 -0.0009707
-0.0095571 -0.0012412
-0.0099553 -0.0016070
-0.0101173 -0.0021428
-0.0099562 -0.0026785
-0.0097960 -0.0031121
-0.0094738 -0.0037564
-0.0087648 -0.0046321
-0.0082981 -0.0051796
-0.0076742 -0.0051788
-0.0071820 -0.0048146
-0.0075199 -0.0049002
-0.0081247 -0.0050263
-0.0088131 -0.0052480
-0.0093218 -0.0066018
-0.0098936 -0.0075192
-0.0097815 -0.0088108
-0.0098640 -0.0103862
-0.0094264 -0.0116363
-0.0090454 -0.0127841
-0.0079275 -0.0134139
-0.0069783 -0.0138718
-0.0057942 -0.0136747
-0.0044558 -0.0127848
-0.0025153 -0.0120363
-0.0006957 -0.0109723
 0.0009706 -0.0102552
 0.0027790 -0.0091320
 0.0044752 -0.0079679
 0.0053392 -0.0064978
 0.0057115 -0.0047653
 0.0055444 -0.0035112
 0.0049743 -0.0021494
 0.0045726 -0.0015183
 0.0048286 -0.0012296
 0.0050591 -0.0016144
 0.0055012 -0.0021183
 0.0062502 -0.0026626
 0.0070137 -0.0032642
 0.0078139 -0.0032348
 0.0086896 -0.0033955
 0.0089495 -0.0031533
 0.0091360 -0.0026955
 0.0096129 -0.0026757
 0.0097106 -0.0021548
 0.0099645 -0.0016324
 0.0100675 -0.0009750
 0.0103025 -0.0000996
 0.0101362  0.0009865
 0.0098730  0.0010544
 0.0093240  0.0011998
 0.0095077  0.0010718
 0.0097629  0.0004279
 0.0099987  0.0003520
 0.0102935  0.0003924
 0.0103367  0.0004461
 0.0098607  0.0006140
 0.0092071  0.0011098
 0.0080184  0.0012179
 0.0066356  0.0014654
 0.0054199  0.0020436
 0.0045308  0.0027885
 0.0035860  0.0038072
 0.0030223  0.0049817
 0.0026157  0.0060399
 0.0017133  0.0073295
 0.0017125  0.0083264
 0.0011974  0.0087471
 0.0008962  0.0095162
-0.0000409  0.0101957
-0.0002819  0.0105138
-0.0009319  0.0103474
-0.0017354  0.0104309
-0.0027108  0.0094808
-0.0038182  0.0087258
-0.0046935  0.0079489
-0.0056266  0.0067865
-0.0065612  0.0056818
-0.0072690  0.0046166
-0.0077882  0.0034179
-0.0082929  0.0027577
-0.0083022  0.0022925
-0.0082457  0.0013082
-0.0078670  0.0007041
-0.0073886 -0.0003561
-0.0067769 -0.0016337
-0.0064103 -0.0030024
-0.0058923 -0.0040259
-0.0055851 -0.0053090
-0.0058289 -0.0064403
-0.0062512 -0.0070302
-0.0068419 -0.0072405
-0.0076433 -0.0070600
-0.0081028 -0.0074754
-0.0087923 -0.0069699
-0.0085852 -0.0073466
-0.0088005 -0.0081245
-0.0079195 -0.0090551
-0.0074818 -0.0103895
-0.0064503 -0.0118191
-0.0048406 -0.0128943
-0.0032151 -0.0133578
-0.0020907 -0.0136865
-0.0011593 -0.0136477
-0.0008186 -0.0132960
-0.0004088 -0.0129427
 0.0000442 -0.0128510
 0.0005924 -0.0125824
 0.0009711 -0.0122754
 0.0018113 -0.0120101
 0.0027694 -0.0114008
 0.0031739 -0.0104119
 0.0036815 -0.0094131
 0.0039577 -0.0081154
 0.0040603 -0.0065683
 0.0041208 -0.0057063
 0.0041984 -0.0042125
 0.0043065 -0.0034239
 0.0042229 -0.0031292
 0.0046549 -0.0033924
 0.0047231 -0.0033904
 0.0051199 -0.0036931
 0.0059964 -0.0039011
 0.0068972 -0.0032482
 0.0079518 -0.0030152
 0.0093362 -0.0020482
 0.0103384 -0.0014099
 0.0109606 -0.0008256
 0.0119672  0.0002375
 0.0118768  0.0013370
 0.0117113  0.0020746
 0.0115866  0.0035350
 0.0106968  0.0046849
 0.0098033  0.0058764
 0.0087774  0.0068312
 0.0072529  0.0075422
 0.0060490  0.0079419
 0.0048313  0.0088802
 0.0036625  0.0089492
 0.0028998  0.0091716
 0.0023822  0.0096532
 0.0013438  0.0096902
 0.0007619  0.0095016
 0.0003949  0.0096937
-0.0002426  0.0096254
-0.0010946  0.0097744
-0.0020414  0.0098882
-0.0033148  0.0101765
-0.0042472  0.0105819
-0.0056522  0.0109654
-0.0067298  0.0113300
-0.0082245  0.0115743
-0.0092702  0.0110922
-0.0104652  0.0106283
-0.0111834  0.0096096
-0.0113965  0.0083579
-0.0113851  0.0071644
-0.0109200  0.0054101
-0.0100588  0.0033873
-0.0090329  0.0019826
-0.0083596  0.0003466
-0.0077795 -0.0007536
-0.0072773 -0.0019431
-0.0069612 -0.0027106
-0.0072156 -0.0031947
-0.0071260 -0.0036941
-0.0071825 -0.0038335
-0.0069891 -0.0040087
-0.0067065 -0.0041852
-0.0065292 -0.0044932
-0.0065870 -0.0046256
-0.0059745 -0.0046058
-0.0057246 -0.0051291
-0.0049752 -0.0057097
-0.0039065 -0.0062092
-0.0025657 -0.0070397
-0.0009984 -0.0078654
 0.0003986 -0.0087649
 0.0013187 -0.0093407
 0.0026975 -0.0098736
 0.0032890 -0.0101611
 0.0039011 -0.0101986
 0.0046645 -0.0102333
 0.0054878 -0.0096176
 0.0062011 -0.0088456
 0.0070162 -0.0081305
 0.0074800 -0.0072596
 0.0080452 -0.0063140
 0.0082620 -0.0054754
 0.0083379 -0.0052322
 0.0084340 -0.0047441
 0.0089585 -0.0048466
 0.0091778 -0.0045510
 0.0096123 -0.0042066
 0.0100019 -0.0036647
 0.0103169 -0.0026461
 0.0107428 -0.0018410
 0.0107481 -0.0011284
 0.0104078 -0.0004375
 0.0096500  0.0001766
 0.0094284  0.0004540
 0.0089391 -0.0000176
 0.0088503 -0.0002020
 0.0093522 -0.0008819
 0.0098528 -0.0003752
 0.0104900  0.0000133
 0.0113572  0.0007853
 0.0114627  0.0018193
 0.0113355  0.0029424
 0.0112051  0.0038004
 0.0106561  0.0039243
 0.0102427  0.0039210
 0.0094994  0.0038193
 0.0088324  0.0035487
 0.0079571  0.0035657
 0.0071202  0.0035079
 0.0060350  0.0032447
 0.0052178  0.0032851
 0.0046804  0.0034567
 0.0038386  0.0031668
 0.0034882  0.0025172
 0.0028474  0.0018772
 0.0028554  0.0014690
 0.0032316  0.0011189
 0.0031282  0.0010806
 0.0035857  0.0011177
 0.0036773  0.0019417
 0.0038307  0.0023120
 0.0035259  0.0030432
 0.0034674  0.0036254
 0.0032586  0.0036509
 0.0023938  0.0034603
 0.0015265  0.0034038
 0.0007033  0.0035552
-0.0005071  0.0035520
-0.0013518  0.0031902
-0.0026373  0.0028414
-0.0033261  0.0022846
-0.0041485  0.0017682
-0.0048559  0.0012861
-0.0056581  0.0011347
-0.0058055  0.0002860
-0.0058204 -0.0003531
-0.0053952 -0.0011243
-0.0046244 -0.0023578
-0.0035666 -0.0028835
-0.0019730 -0.0037096
-0.0010109 -0.0044573
-0.0002429 -0.0051029
 0.0006033 -0.0054799
 0.0010883 -0.0054969
 0.0018941 -0.0050338
 0.0022183 -0.0047520
 0.0023318 -0.0046971
 0.0029410 -0.0042688
 0.0032454 -0.0045297
 0.0032539 -0.0046149
 0.0032470 -0.0044688
 0.0034314 -0.0040267
 0.0035961 -0.0037723
 0.0038985 -0.0032478
 0.0042974 -0.0026041
 0.0048089 -0.0021588
 0.0048840 -0.0014470
 0.0050540 -0.0006201
 0.0049946 -0.0000242
 0.0050354  0.0004535
 0.0052647  0.0015270
 0.0054202  0.0023882
 0.0059975  0.0036495
 0.0062269  0.0052580
 0.0069742  0.0064248
 0.0070872  0.0077075
 0.0072136  0.0088033
 0.0069947  0.0094174
 0.0063947  0.0100796
 0.0056256  0.0106626
 0.0048770  0.0110386
 0.0040570  0.0114884
 0.0029879  0.0116084
 0.0028055  0.0115551
 0.0024143  0.0114598
 0.0021156  0.0109741
 0.0018915  0.0105638
 0.0020458  0.0098924
 0.0021584  0.0096247
 0.0017559  0.0089743
 0.0012132  0.0089654
 0.0010214  0.0088548
 0.0005870  0.0088758
-0.0002491  0.0088218
-0.0011413  0.0090915
-0.0018785  0.0093814
-0.0027106  0.0092889
-0.0031648  0.0087899
-0.0035798  0.0078294
-0.0037332  0.0071394
-0.0035241  0.0061501
-0.0039299  0.0055259
-0.0035891  0.0049537
-0.0041689  0.0047485
-0.0046510  0.0044856
-0.0052788  0.0036555
-0.0059474  0.0029170
-0.0062288  0.0022064
-0.0061972  0.0012451
-0.0063042  0.0003883
-0.0057397  0.0003124
-0.0056553  0.0001276
-0.0057655  0.0002289
-0.0057445 -0.0001546
-0.0056888 -0.0005584
-0.0062533 -0.0007526
-0.0060861 -0.0018553
-0.0063764 -0.0026879
-0.0057700 -0.0036767
-0.0053340 -0.0046675
-0.0046864 -0.0051945
-0.0041620 -0.0059354
-0.0029411 -0.0062867
-0.0019169 -0.0066331
-0.0007586 -0.0067300
 0.0006920 -0.0072068
 0.0017405 -0.0074854
 0.0027374 -0.0077284
 0.0038328 -0.0077372
 0.0046879 -0.0080021
 0.0055440 -0.0078256
 0.0060374 -0.0071179
 0.0061667 -0.0069297
 0.0061433 -0.0065506
 0.0062330 -0.0059325
 0.0062589 -0.0052804
 0.0069784 -0.0047010
 0.0075809 -0.0043518
 0.0080811 -0.0038499
 0.0087913 -0.0031942
 0.0090731 -0.0025207
 0.0089733 -0.0019672
 0.0088530 -0.0011028
 0.0083681 -0.0011165
 0.0076393 -0.0008451
 0.0072941 -0.0004325
 0.0066025 -0.0005402
 0.0053723 -0.0002838
 0.0046976 -0.0001647
 0.0038687  0.0000110
 0.0026562  0.0005681
 0.0018870  0.0005653
 0.0019972  0.0006222
 0.0021111  0.0010231
 0.0024801  0.0010243
 0.0026941  0.0013732
 0.0024681  0.0018945
 0.0021249  0.0024589
 0.0009544  0.0027921
 0.0002967  0.0031284
-0.0003627  0.0029642
-0.0011420  0.0030615
-0.0016915  0.0030453
-0.0022056  0.0031035
-0.0027874  0.0026981
-0.0037338  0.0025790
-0.0047113  0.0019802
-0.0055337  0.0019980
-0.0058951  0.0013620
-0.0061772  0.0007273
-0.0064247  0.0005133
-0.0062083  0.0003454
-0.0063750  0.0005929
-0.0063855  0.0007471
-0.0067960  0.0012672
-0.0075365  0.0018199
-0.0082357  0.0018525
-0.0089600  0.0019058
-0.0092887  0.0015541
-0.0093521  0.0016195
-0.0096836  0.0009771
-0.0091753  0.0007957
-0.0092032  0.0006132
-0.0087894  0.0003633
-0.0089291  0.0003104
-0.0092812  0.0000637
-0.0095522  0.0001881
-0.0097500 -0.0001276
-0.0097331 -0.0006399
-0.0101042 -0.0016347
-0.0101098 -0.0028439
-0.0096795 -0.0043778
-0.0092253 -0.0054117
-0.0089859 -0.0062378
-0.0086303 -0.0066759
-0.0077724 -0.0064437
-0.0070852 -0.0062887
-0.0058727 -0.0060157
-0.0049283 -0.0057993
-0.0034813 -0.0055998
-0.0023225 -0.0054592
-0.0007789 -0.0052016
 0.0002773 -0.0050219
 0.0013529 -0.0046916
 0.0021378 -0.0043032
 0.0022262 -0.0041082
 0.0027769 -0.0039313
 0.0033877 -0.0040452
 0.0038649 -0.0039697
 0.0046502 -0.0044295
 0.0048832 -0.0046464
 0.0052264 -0.0046343
 0.0053277 -0.0046412
 0.0049268 -0.0045883
 0.0052951 -0.0045924
 0.0053928 -0.0048476
 0.0059491 -0.0050620
 0.0065790 -0.0045093
 0.0071729 -0.0038754
 0.0075306 -0.0032250
 0.0073206 -0.0019172
 0.0074732 -0.0016055
 0.0075104 -0.0009271
 0.0072584 -0.0000635
 0.0072733  0.0000972
 0.0072128  0.0004840
 0.0073964  0.0007832
 0.0075317  0.0007502
 0.0080473  0.0008362
 0.0082778  0.0009004
 0.0079778  0.0012876
 0.0074074  0.0010559
 0.0071227  0.0010098
 0.0062830  0.0012500
 0.0052829  0.0015645
 0.0042069  0.0013193
 0.0027421  0.0014997
 0.0012454  0.0014351
 0.0004750  0.0016450
-0.0005347  0.0019713
-0.0013474  0.0020104
-0.0021621  0.0027343
-0.0026890  0.0027505
-0.0029057  0.0033811
-0.0031294  0.0029127
-0.0025318  0.0025077
-0.0019883  0.0020285
-0.0012789  0.0019352
-0.0010335  0.0018844
-0.0007699  0.0016777
-0.0009694  0.0009542
-0.0014184  0.0002122
-0.0018294 -0.0008359
-0.0023745 -0.0020011
-0.0025861 -0.0036666
-0.0026644 -0.0050058
-0.0027779 -0.0064306
-0.0032349 -0.0074723
-0.0033867 -0.0085928
-0.0036507 -0.0094592
-0.0039923 -0.0104020
-0.0042389 -0.0110738
-0.0042212 -0.0118058
-0.0042055 -0.0119233
-0.0036960 -0.0121006
-0.0032285 -0.0117021
-0.0029560 -0.0115903
-0.0024316 -0.0113856
-0.0020566 -0.0110857
-0.0019492 -0.0113736
-0.0021641 -0.0119844
-0.0026199 -0.0129805
-0.0024034 -0.0140701
-0.0027809 -0.0148538
-0.0026606 -0.0154514
-0.0021752 -0.0153593
-0.0013899 -0.0150125
-0.0004863 -0.0147731
 0.0008371 -0.0143363
 0.0021554 -0.0139770
 0.0035333 -0.0136181
 0.0042201 -0.0132927
 0.0047893 -0.0132547
 0.0049504 -0.0130011
 0.0052459 -0.0132450
 0.0050670 -0.0133317
 0.0050217 -0.0133814
 0.0048828 -0.0133587
 0.0049781 -0.0130539
 0.0055316 -0.0127608
 0.0059272 -0.0115144
 0.0066713 -0.0108975
 0.0074005 -0.0100257
 0.0082613 -0.0093260
 0.0096356 -0.0086258
 0.0108497 -0.0079628
 0.0123884 -0.0071278
 0.0131579 -0.0057724
 0.0137228 -0.0042910
 0.0134225 -0.0030451
 0.0131278 -0.0015496
 0.0125969 -0.0001349
 0.0119687  0.0013541
 0.0113990  0.0024046
 0.0106949  0.0035339
 0.0099945  0.0040115
 0.0092193  0.0038977
 0.0081935  0.0042808
 0.0078172  0.0038646
 0.0068697  0.0032739
 0.0064353  0.0025270
 0.0060170  0.0019969
 0.0050363  0.0021903
 0.0040984  0.0017745
 0.0032150  0.0019740
 0.0020115  0.0018424
 0.0009032  0.0014358
 0.0000877  0.0010239
-0.0006362  0.0004619
-0.0009164 -0.0002766
-0.0010649 -0.0007834
-0.0012151 -0.0008464
-0.0012704 -0.0009276
-0.0014436 -0.0002759
-0.0016103  0.0005485
-0.0021098  0.0011659
-0.0026811  0.0023541
-0.0030379  0.0027203
-0.0033036  0.0035633
-0.0035491  0.0036029
-0.0037574  0.0035517
-0.0035862  0.0036728
-0.0037994  0.0031980
-0.0038789  0.0032388
-0.0038810  0.0033523
-0.0041164  0.0032101
-0.0047123  0.0029835
-0.0052146  0.0022822
-0.0062102  0.0013535
-0.0069430 -0.0000742
-0.0074990 -0.0013214
-0.0080158 -0.0030490
-0.0081313 -0.0045239
-0.0070961 -0.0060000
-0.0065365 -0.0072698
-0.0055053 -0.0077910
-0.0045505 -0.0089652
-0.0038019 -0.0096390
-0.0032323 -0.0101994
-0.0024894 -0.0107586
-0.0014409 -0.0113352
-0.0001033 -0.0115847
 0.0011955 -0.0117475
 0.0024681 -0.0116361
 0.0039893 -0.0112000
 0.0054404 -0.0105722
 0.0068950 -0.0105153
 0.0076779 -0.0105173
 0.0083304 -0.0103458
 0.0093700 -0.0107652
 0.0099619 -0.0107491
 0.0109361 -0.0100228
 0.0110488 -0.0093736
 0.0113948 -0.0088931
 0.0117832 -0.0080299
 0.0121200 -0.0077598
 0.0121083 -0.0069652
 0.0117010 -0.0056344
 0.0114427 -0.0045119
 0.0106465 -0.0031432
 0.0101734 -0.0019690
 0.0098140 -0.0011389
 0.0098020 -0.0003536
 0.0100370  0.0002217
 0.0107496  0.0004123
 0.0109377  0.0002374
 0.0111505  0.0004276
 0.0113229  0.0010429
 0.0105966  0.0022534
 0.0099922  0.0027491
 0.0086571  0.0038255
 0.0078387  0.0050081
 0.0071927  0.0053101
 0.0062722  0.0061482
 0.0056767  0.0066824
 0.0054259  0.0069363
 0.0050622  0.0074370
 0.0052564  0.0082837
 0.0052988  0.0082869
 0.0055746  0.0088647
 0.0060252  0.0089636
 0.0061492  0.0086547
 0.0059437  0.0087751
 0.0055255  0.0084117
 0.0049191  0.0079947
 0.0038641  0.0074666
 0.0027752  0.0067064
 0.0016786  0.0060984
 0.0004718  0.0058541
-0.0011424  0.0058396
-0.0027356  0.0056115
-0.0036630  0.0058227
-0.0048969  0.0055917
-0.0057476  0.0054197
-0.0059826  0.0049191
-0.0062786  0.0039384
-0.0064143  0.0036093
-0.0061511  0.0026221
-0.0062839  0.0021210
-0.0060162  0.0012158
-0.0062996  0.0008298
-0.0059916  0.0002230
-0.0059940 -0.0000818
-0.0061236 -0.0004960
-0.0066759 -0.0006591
-0.0065967 -0.0011524
-0.0072621 -0.0019922
-0.0076630 -0.0031800
-0.0080684 -0.0042233
-0.0081653 -0.0055925
-0.0080155 -0.0070618
-0.0076013 -0.0080514
-0.0069917 -0.0093653
-0.0065387 -0.0098873
-0.0062206 -0.0101268
-0.0057862 -0.0102988
-0.0054140 -0.0107033
-0.0050906 -0.0107405
-0.0048488 -0.0114499
-0.0044293 -0.0120232
-0.0035706 -0.0125218
-0.0029920 -0.0124596
-0.0021865 -0.0123821
-0.0012688 -0.0117155
-0.0009422 -0.0107389
 0.0000684 -0.0095761
 0.0007341 -0.0084303
 0.0012271 -0.0078429
 0.0021787 -0.0077480
 0.0025598 -0.0074803
 0.0030911 -0.0075942
 0.0032013 -0.0074759
 0.0033935 -0.0073535
 0.0037375 -0.0069441
 0.0044263 -0.0061515
 0.0045232 -0.0056112
 0.0056807 -0.0053032
 0.0063191 -0.0052091
 0.0069995 -0.0047953
 0.0077355 -0.0048922
 0.0079487 -0.0053412
 0.0081462 -0.0046747
 0.0086493 -0.0046206
 0.0092117 -0.0041219
 0.0098517 -0.0026656
 0.0107569 -0.0011883
 0.0110686  0.0003863
 0.0107404  0.0022319
 0.0103189  0.0037310
 0.0093147  0.0045215
 0.0087910  0.0051901
 0.0082835  0.0053823
 0.0079059  0.0051320
 0.0077807  0.0048619
 0.0077742  0.0040601
 0.0079607  0.0040003
 0.0075376  0.0032356
 0.0073329  0.0033919
 0.0070539  0.0034892
 0.0066285  0.0036002
 0.0054896  0.0040621
 0.0047544  0.0046968
 0.0040745  0.0048635
 0.0032170  0.0052261
 0.0028189  0.0051061
 0.0027475  0.0050233
 0.0024043  0.0047294
 0.0021540  0.0044091
 0.0024984  0.0037667
 0.0023627  0.0033536
 0.0021277  0.0029377
 0.0020441  0.0024927
 0.0013307  0.0019501
 0.0013799  0.0016161
 0.0011828  0.0007699
 0.0013104  0.0003096
 0.0020396 -0.0000501
 0.0023811  0.0000517
 0.0030199 -0.0002446
 0.0031539  0.0003211
 0.0030017  0.0006191
 0.0027159  0.0013176
 0.0023670  0.0018582
 0.0021332  0.0017880
 0.0016265  0.0016738
 0.0016163  0.0010282
 0.0018000 -0.0001139
 0.0018319 -0.0012186
 0.0020587 -0.0020514
 0.0023684 -0.0023053
 0.0029087 -0.0021228
 0.0031973 -0.0015983
 0.0030233 -0.0014222
 0.0030847 -0.0009628
 0.0033766 -0.0012906
 0.0034554 -0.0018381
 0.0033407 -0.0020986
 0.0036298 -0.0026590
 0.0040521 -0.0032082
 0.0041228 -0.0033298
 0.0045031 -0.0038535
 0.0051519 -0.0038765
 0.0054377 -0.0036286
 0.0061314 -0.0037626
 0.0065355 -0.0038426
 0.0068432 -0.0032491
 0.0072679 -0.0030165
 0.0077290 -0.0026128
 0.0076890 -0.0020346
 0.0078994 -0.0016817
 0.0078808 -0.0015617
 0.0078929 -0.0009981
 0.0077738 -0.0004719
 0.0082328  0.0000929
 0.0083608  0.0008843
 0.0086899  0.0021335
 0.0088219  0.0031308
 0.0087633  0.0039318
 0.0083479  0.0044647
 0.0079486  0.0055766
 0.0073620  0.0064196
 0.0067786  0.0065792
 0.0064638  0.0075607
 0.0065539  0.0078486
 0.0063783  0.0081158
 0.0062718  0.0084586
 0.0058200  0.0086641
 0.0045208  0.0086968
 0.0037896  0.0085381
 0.0029587  0.0091295
 0.0019339  0.0087399
 0.0010222  0.0087649
 0.0007040  0.0084242
-0.0000910  0.0076067
-0.0003256  0.0074069
-0.0007132  0.0070952
-0.0010164  0.0072527
-0.0012264  0.0074881
-0.0012950  0.0075083
-0.0017887  0.0081220
-0.0018816  0.0081757
-0.0020681  0.0081519
-0.0023123  0.0081276
-0.0024843  0.0076976
-0.0029236  0.0075372
-0.0034347  0.0071851
-0.0036826  0.0071197
-0.0043145  0.0070345
-0.0051781  0.0068495
-0.0056371  0.0065123
-0.0067357  0.0060641
-0.0072178  0.0057096
-0.0076248  0.0050349
-0.0084392  0.0045088
-0.0093312  0.0037699
-0.0096490  0.0030758
-0.0105070  0.0023971
-0.0110037  0.0018560
-0.0116542  0.0009306
-0.0119018  0.0005269
-0.0117113  0.0001013
-0.0111066 -0.0007413
-0.0104441 -0.0010651
-0.0099079 -0.0015286
-0.0093051 -0.0021762
-0.0087043 -0.0027911
-0.0080853 -0.0034283
-0.0070464 -0.0043872
-0.0063379 -0.0048321
-0.0054036 -0.0051745
-0.0042186 -0.0055605
-0.0033026 -0.0050223
-0.0025177 -0.0046387
-0.0020268 -0.0043513
-0.0018625 -0.0034933
-0.0016066 -0.0028429
-0.0016385 -0.0026115
-0.0011569 -0.0020721
-0.0005917 -0.0028570
 0.0005888 -0.0038490
 0.0018743 -0.0045337
 0.0033936 -0.0054857
 0.0041886 -0.0064224
 0.0046207 -0.0067219
 0.0047112 -0.0067687
 0.0043976 -0.0064421
 0.0042139 -0.0053220
 0.0041651 -0.0042020
 0.0043048 -0.0037542
 0.0048301 -0.0030359
 0.0054846 -0.0025283
 0.0063576 -0.0022889
 0.0064836 -0.0018427
 0.0061069 -0.0012460
 0.0054606 -0.0004813
 0.0049070 -0.0000961
 0.0039635  0.0001538
 0.0033934  0.0005188
 0.0027417  0.0000226
 0.0023033 -0.0004368
 0.0018536 -0.0013682
 0.0015948 -0.0023372
 0.0014927 -0.0028644
 0.0018675 -0.0031450
 0.0021263 -0.0033311
 0.0020751 -0.0037320
 0.0020787 -0.0037558
 0.0026949 -0.0036085
 0.0027938 -0.0032892
 0.0030837 -0.0024345
 0.0032077 -0.0020570
 0.0037354 -0.0008741
 0.0039559  0.0000590
 0.0042007  0.0008991
 0.0042814  0.0017393
 0.0035769  0.0019456
 0.0027678  0.0022880
 0.0018048  0.0021486
 0.0002596  0.0026061
-0.0009965  0.0021587
-0.0018690  0.0023848
-0.0023123  0.0020594
-0.0023741  0.0017666
-0.0023584  0.0014553
-0.0017492  0.0011658
-0.0011609  0.0010087
-0.0001863  0.0007168
 0.0009760  0.0008484
 0.0017230  0.0006328
 0.0024877  0.0006098
 0.0031356  0.0004931
 0.0036730  0.0004127
 0.0035733  0.0007744
 0.0036245  0.0016401
 0.0032555  0.0018529
 0.0028856  0.0014391
 0.0027661  0.0010289
 0.0031686  0.0005776
 0.0038029 -0.0003950
 0.0040924 -0.0010656
 0.0042491 -0.0018707
 0.0042252 -0.0023920
 0.0039721 -0.0028163
 0.0037940 -0.0032411
 0.0039405 -0.0034942
 0.0046636 -0.0031349
 0.0048077 -0.0023896
 0.0053188 -0.0017412
 0.0053268 -0.0007533
 0.0049137 -0.0003532
 0.0044284 -0.0000096
 0.0037162  0.0003166
 0.0032410  0.0001313
 0.0032536  0.0001451
 0.0034257  0.0005788
 0.0038679  0.0009003
 0.0038998  0.0012936
 0.0035293  0.0019331
 0.0029580  0.0016315
 0.0026891  0.0008285
 0.0019958 -0.0004405
 0.0019078 -0.0019747
 0.0018128 -0.0028537
 0.0017021 -0.0035626
 0.0011735 -0.0036179
 0.0005129 -0.0034782
-0.0000903 -0.0028657
-0.0007020 -0.0020764
-0.0011021 -0.0017918
-0.0010645 -0.0012725
-0.0010455 -0.0007747
-0.0005445 -0.0003278
 0.0000874  0.0000990
-0.0000067  0.0008314
-0.0002303  0.0014524
-0.0009901  0.0017448
-0.0018303  0.0024368
-0.0024953  0.0026657
-0.0036164  0.0028753
-0.0042252  0.0030662
-0.0045215  0.0030654
-0.0047072  0.0033937
-0.0047726  0.0038325
-0.0047406  0.0042185
-0.0046950  0.0042363
-0.0045875  0.0041378
-0.0045560  0.0034974
-0.0046847  0.0031118
-0.0048337  0.0023394
-0.0052532  0.0016651
-0.0057098  0.0013930
-0.0057808  0.0012226
-0.0059427  0.0004527
-0.0059329  0.0008168
-0.0060423  0.0005063
-0.0067258  0.0002144
-0.0069935 -0.0003626
-0.0071283 -0.0011862
-0.0068780 -0.0024713
-0.0064824 -0.0037173
-0.0057795 -0.0046927
-0.0047718 -0.0057986
-0.0034972 -0.0064380
-0.0024871 -0.0071801
-0.0020878 -0.0078854
-0.0015391 -0.0083267
-0.0007377 -0.0088286
 0.0000221 -0.0094355
 0.0012652 -0.0096007
 0.0027163 -0.0093702
 0.0038972 -0.0094006
 0.0052533 -0.0087029
 0.0062635 -0.0087098
 0.0066123 -0.0085580
 0.0068259 -0.0088112
 0.0066200 -0.0090405
 0.0059511 -0.0092133
 0.0054504 -0.0091197
 0.0045488 -0.0086388
 0.0036020 -0.0079443
 0.0028441 -0.0071934
 0.0023374 -0.0066741
 0.0021758 -0.0060592
 0.0026990 -0.0054867
 0.0030179 -0.0050668
 0.0035646 -0.0047075
 0.0042255 -0.0042646
 0.0049849 -0.0042997
 0.0052820 -0.0036650
 0.0058492 -0.0033735
 0.0062295 -0.0033089
 0.0063062 -0.0030597
 0.0069183 -0.0028260
 0.0073208 -0.0027860
 0.0078598 -0.0027674
 0.0083448 -0.0026107
 0.0088458 -0.0023782
 0.0092318 -0.0014176
 0.0093522 -0.0003186
 0.0092742  0.0008365
 0.0086771  0.0020296
 0.0087130  0.0029324
 0.0082301  0.0032796
 0.0077686  0.0036959
 0.0073483  0.0037524
 0.0066612  0.0040201
 0.0061654  0.0042700
 0.0055933  0.0045211
 0.0047572  0.0046031
 0.0043365  0.0047174
 0.0035322  0.0046847
 0.0031801  0.0045345
 0.0027925  0.0048850
 0.0020988  0.0049258
 0.0017875  0.0049686
 0.0010955  0.0053760
 0.0000647  0.0055884
-0.0005267  0.0055727
-0.0012869  0.0059986
-0.0020661  0.0058250
-0.0029414  0.0058448
-0.0029305  0.0055916
-0.0035142  0.0051608
-0.0038921  0.0045786
-0.0041767  0.0039119
-0.0049604  0.0032166
-0.0057126  0.0021955
-0.0067107  0.0012383
-0.0074423  0.0000343
-0.0077750 -0.0006718
-0.0073010 -0.0019166
-0.0061738 -0.0024330
-0.0050098 -0.0029102
-0.0036064 -0.0035000
-0.0023786 -0.0034334
-0.0014556 -0.0032751
-0.0010393 -0.0031870
-0.0013113 -0.0028906
-0.0015693 -0.0029019
-0.0022838 -0.0029717
-0.0031587 -0.0031816
-0.0039540 -0.0032547
-0.0044167 -0.0039011
-0.0051237 -0.0041126
-0.0049780 -0.0044364
-0.0047564 -0.0048406
-0.0044592 -0.0053998
-0.0039498 -0.0059029
-0.0031908 -0.0064241
-0.0030426 -0.0075228
-0.0023979 -0.0084453
-0.0024552 -0.0092128
-0.0024378 -0.0098786
-0.0027378 -0.0105645
-0.0031149 -0.0109255
-0.0035133 -0.0105060
-0.0029913 -0.0104289
-0.0026267 -0.0105690
-0.0021289 -0.0103252
-0.0011777 -0.0106365
-0.0002669 -0.0109466
 0.0005515 -0.0113548
 0.0021031 -0.0118122
 0.0031007 -0.0122886
 0.0041021 -0.0122713
 0.0047994 -0.0124647
 0.0054216 -0.0125063
 0.0060963 -0.0121466
 0.0066975 -0.0118297
 0.0068134 -0.0111849
 0.0072534 -0.0101534
 0.0076200 -0.0091581
 0.0077714 -0.0075682
 0.0078037 -0.0056257
 0.0076268 -0.0043406
 0.0074637 -0.0024220
 0.0076902 -0.0012648
 0.0075319  0.0002533
 0.0074503  0.0009837
 0.0067785  0.0019413
 0.0065124  0.0024965
 0.0053835  0.0034319
 0.0042906  0.0036778
 0.0032154  0.0039620
 0.0018871  0.0045576
 0.0007509  0.0048329
-0.0001568  0.0052254
-0.0009138  0.0060386
-0.0011295  0.0064574
-0.0016552  0.0064340
-0.0020032  0.0065795
-0.0021324  0.0062517
-0.0026443  0.0060886
-0.0028647  0.0058242
-0.0032002  0.0055928
-0.0035175  0.0056659
-0.0040847  0.0059679
-0.0046160  0.0061742
-0.0060711  0.0067430
-0.0072961  0.0067975
-0.0082335  0.0067143
-0.0095368  0.0065305
-0.0100944  0.0061966
-0.0101752  0.0059043
-0.0105685  0.0055344
-0.0096738  0.0048630
-0.0093226  0.0044447
-0.0088119  0.0039061
-0.0083618  0.0033675
-0.0080949  0.0022721
-0.0087098  0.0016305
-0.0093033  0.0012058
-0.0099299  0.0001451
-0.0113450 -0.0006261
-0.0119547 -0.0012608
-0.0124327 -0.0024184
-0.0132225 -0.0030478
-0.0135107 -0.0034899
-0.0139108 -0.0046006
-0.0144099 -0.0048254
-0.0142342 -0.0050338
-0.0138958 -0.0057383
-0.0130810 -0.0060431
-0.0121536 -0.0062208
-0.0110174 -0.0064691
-0.0095376 -0.0062826
-0.0080656 -0.0061077
-0.0068960 -0.0059156
-0.0060768 -0.0056216
-0.0054041 -0.0058234
-0.0051142 -0.0064108
-0.0048518 -0.0067842
-0.0045644 -0.0072772
-0.0043028 -0.0079438
-0.0038708 -0.0082094
-0.0032103 -0.0081629
-0.0027574 -0.0087346
-0.0017315 -0.0088057
-0.0011013 -0.0091084
-0.0003015 -0.0095501
 0.0006465 -0.0091101
 0.0011915 -0.0088836
 0.0011611 -0.0080483
 0.0018155 -0.0070732
 0.0016948 -0.0060070
 0.0016079 -0.0054975
 0.0018449 -0.0041220
 0.0018606 -0.0035684
 0.0018921 -0.0019191
 0.0020281 -0.0010232
 0.0020371 -0.0000982
 0.0026411  0.0009160
 0.0033804  0.0010520
 0.0041383  0.0013363
 0.0050794  0.0020048
 0.0056758  0.0020242
 0.0059071  0.0026928
 0.0064470  0.0031676
 0.0071600  0.0039888
 0.0073187  0.0044813
 0.0075480  0.0052048
 0.0080866  0.0055629
 0.0080277  0.0057535
 0.0083284  0.0054071
 0.0086353  0.0043880
 0.0089264  0.0036931
 0.0089688  0.0030919
 0.0086503  0.0025452
 0.0083132  0.0024728
 0.0077242  0.0026573
 0.0065424  0.0031495
 0.0054160  0.0036230
 0.0043683  0.0041152
 0.0038015  0.0043841
 0.0034773  0.0046925
 0.0032319  0.0048112
 0.0031778  0.0044168
 0.0023872  0.0047907
 0.0015632  0.0048756
 0.0002029  0.0046552
-0.0006809  0.0043883
-0.0009049  0.0032804
-0.0015343  0.0021629
-0.0016458  0.0011195
-0.0014883 -0.0006336
-0.0013469 -0.0025785
-0.0009831 -0.0039976
-0.0008285 -0.0057669
-0.0006412 -0.0076294
-0.0005508 -0.0087611
-0.0000768 -0.0098718
 0.0002999 -0.0107899
 0.0004278 -0.0109986
 0.0008526 -0.0113357
 0.0008150 -0.0111213
 0.0017339 -0.0106352
 0.0023105 -0.0102508
 0.0034793 -0.0095382
 0.0046449 -0.0083620
 0.0050693 -0.0077322
 0.0053774 -0.0067777
 0.0055332 -0.0062803
 0.0049603 -0.0066716
 0.0045800 -0.0067887
 0.0040693 -0.0077658
 0.0036704 -0.0086512
 0.0035772 -0.0090731
 0.0040956 -0.0097966
 0.0040919 -0.0097772
 0.0046394 -0.0094889
 0.0056903 -0.0091905
 0.0060084 -0.0089571
 0.0074396 -0.0081625
 0.0084906 -0.0083470
 0.0092961 -0.0081233
 0.0097131 -0.0077344
 0.0098879 -0.0079310
 0.0095048 -0.0082273
 0.0092379 -0.0081368
 0.0092420 -0.0086599
 0.0092085 -0.0087047
 0.0094843 -0.0086578
 0.0103923 -0.0084785
 0.0107924 -0.0076496
 0.0118854 -0.0065167
 0.0125318 -0.0055768
 0.0130812 -0.0042169
 0.0134244 -0.0024946
 0.0136029 -0.0013871
 0.0132254  0.0002747
 0.0124890  0.0015723
 0.0116763  0.0022453
 0.0105403  0.0030649
 0.0098806  0.0033952
 0.0089928  0.0032236
 0.0079480  0.0035470
 0.0071304  0.0036265
 0.0064094  0.0043327
 0.0052268  0.0051700
 0.0044464  0.0062193
 0.0033172  0.0068253
 0.0027765  0.0075109
 0.0020255  0.0072795
 0.0013484  0.0069492
 0.0006750  0.0066597
 0.0000721  0.0062196
-0.0007196  0.0057045
-0.0018574  0.0053395
-0.0027631  0.0052709
-0.0033804  0.0046382
-0.0041342  0.0037799
-0.0042509  0.0028238
-0.0045610  0.0016154
-0.0045061  0.0008075
-0.0043959  0.0003868
-0.0042445 -0.0000157
-0.0043031 -0.0000149
-0.0043431 -0.0002434
-0.0045159 -0.0001906
-0.0049769 -0.0001567
-0.0053040  0.0000415
-0.0061474 -0.0001831
-0.0063638 -0.0003289
-0.0071334 -0.0009963
-0.0071928 -0.0014910
-0.0067200 -0.0013275
-0.0060300 -0.0015690
-0.0049411 -0.0013688
-0.0039859 -0.0012986
-0.0031845 -0.0009474
-0.0023088 -0.0008062
-0.0018760 -0.0002269
-0.0016519  0.0004130
-0.0020787  0.0013210
-0.0022374  0.0022516
-0.0028540  0.0031487
-0.0033316  0.0036836
-0.0041924  0.0036861
-0.0047043  0.0032476
-0.0049679  0.0025831
-0.0050369  0.0022803
-0.0047280  0.0017074
-0.0039795  0.0012540
-0.0031413  0.0010518
-0.0025886  0.0010405
-0.0020920  0.0013518
-0.0015417  0.0009945
-0.0017145  0.0011879
-0.0021038  0.0012796
-0.0019738  0.0008568
-0.0022996  0.0009521
-0.0022637  0.0007870
-0.0016476  0.0007382
-0.0010528  0.0009381
 0.0001984  0.0008905
 0.0012546  0.0013658
 0.0025632  0.0019291
 0.0041427  0.0028012
 0.0057407  0.0031355
 0.0062402  0.0037355
 0.0071813  0.0045124
 0.0071248  0.0045403
 0.0066068  0.0048541
 0.0061081  0.0051137
 0.0056128  0.0044645
 0.0050455  0.0042764
 0.0043802  0.0033776
 0.0039842  0.0027393
 0.0035304  0.0017145
 0.0037201  0.0008683
 0.0036866 -0.0001532
 0.0040343 -0.0002671
 0.0043056 -0.0002687
 0.0043109  0.0000753
 0.0040126  0.0006555
 0.0036908  0.0013096
 0.0029673  0.0016007
 0.0020726  0.0019475
 0.0012712  0.0017380
 0.0002615  0.0011655
-0.0001766  0.0009055
-0.0012408  0.0004707
-0.0016683  0.0001869
-0.0021972 -0.0002503
-0.0026230 -0.0006166
-0.0031495 -0.0009315
-0.0030449 -0.0010943
-0.0034486 -0.0011832
-0.0038140 -0.0015199
-0.0035265 -0.0015095
-0.0042004 -0.0019185
-0.0042230 -0.0018289
-0.0040741 -0.0018309
-0.0044193 -0.0012976
-0.0047257 -0.0009985
-0.0047483 -0.0004692
-0.0053802 -0.0002125
-0.0052998  0.0001218
-0.0053325  0.0000357
-0.0053103 -0.0007097
-0.0052138 -0.0015632
-0.0049106 -0.0021430
-0.0051028 -0.0033786
-0.0058772 -0.0039584
-0.0059629 -0.0045604
-0.0064312 -0.0049109
-0.0062121 -0.0047248
-0.0064540 -0.0041592
-0.0069644 -0.0036440
-0.0069628 -0.0038019
-0.0068224 -0.0041971
-0.0066085 -0.0052811
-0.0057772 -0.0067103
-0.0043917 -0.0084242
-0.0023116 -0.0101207
-0.0002142 -0.0111159
 0.0023463 -0.0121103
 0.0042807 -0.0123598
 0.0058294 -0.0120154
 0.0065913 -0.0116662
 0.0064548 -0.0111316
 0.0059792 -0.0105316
 0.0052529 -0.0097564
 0.0047183 -0.0093902
 0.0046473 -0.0091362
 0.0051661 -0.0090954
 0.0056029 -0.0087539
 0.0065441 -0.0080251
 0.0073653 -0.0073904
 0.0076462 -0.0062607
 0.0084130 -0.0048944
 0.0081231 -0.0036246
 0.0081255 -0.0023536
 0.0078182 -0.0010220
 0.0076293 -0.0001766
 0.0075332  0.0010153
 0.0072235  0.0016504
 0.0071044  0.0021127
 0.0071605  0.0025722
 0.0070801  0.0023614
 0.0068880  0.0024240
 0.0069433  0.0028153
 0.0064669  0.0028267
 0.0058011  0.0033952
 0.0049835  0.0041535
 0.0043784  0.0050079
 0.0036743  0.0064509
 0.0025652  0.0078374
 0.0011299  0.0087930
 0.0000127  0.0095981
-0.0010096  0.0100390
-0.0025112  0.0099058
-0.0031730  0.0093094
-0.0034851  0.0087123
-0.0033551  0.0079391
-0.0033749  0.0075292
-0.0029922  0.0077343
-0.0029716  0.0076095
-0.0036022  0.0076753
-0.0039623  0.0077220
-0.0045526  0.0074273
-0.0049337  0.0072431
-0.0046063  0.0067170
-0.0048344  0.0065789
-0.0047964  0.0062712
-0.0047593  0.0058909
-0.0049866  0.0054400
-0.0051743  0.0047020
-0.0054726  0.0039066
-0.0055989  0.0026663
-0.0057592  0.0016562
-0.0055411  0.0002976
-0.0056113 -0.0011236
-0.0058766 -0.0021080
-0.0062408 -0.0030915
-0.0069453 -0.0041179
-0.0077257 -0.0047159
-0.0086620 -0.0055637
-0.0092898 -0.0063119
-0.0095760 -0.0067177
-0.0093063 -0.0071008
-0.0092853 -0.0074464
-0.0084754 -0.0074129
-0.0077248 -0.0074772
-0.0065713 -0.0073141
-0.0055691 -0.0069835
-0.0046684 -0.0067664
-0.0040712 -0.0067773
-0.0033247 -0.0065832
-0.0029270 -0.0062441
-0.0023558 -0.0057867
-0.0021656 -0.0054431
-0.0017671 -0.0055937
-0.0018471 -0.0056061
-0.0015786 -0.0056186
-0.0012754 -0.0060736
-0.0010869 -0.0057368
-0.0005600 -0.0052572
-0.0001938 -0.0050944
-0.0002725 -0.0049971
 0.0001659 -0.0048635
 0.0001606 -0.0050763
 0.0002539 -0.0051461
 0.0009778 -0.0052038
 0.0010569 -0.0050677
 0.0011853 -0.0040087
 0.0010298 -0.0027421
 0.0008340 -0.0017000
 0.0005065 -0.0006785
 0.0004302 -0.0000002
 0.0006232  0.0002421
 0.0011263  0.0001150
 0.0017202 -0.0003570
 0.0022988 -0.0007191
 0.0030247 -0.0007134
 0.0030805 -0.0004199
 0.0030651  0.0004260
 0.0033481  0.0016788
 0.0025467  0.0027120
 0.0018555  0.0034440
 0.0008425  0.0040440
 0.0001215  0.0038805
-0.0007902  0.0036528
-0.0017930  0.0036581
-0.0026275  0.0040647
-0.0040563  0.0044471
-0.0051823  0.0046542
-0.0061198  0.0049610
-0.0069200  0.0047599
-0.0076173  0.0046359
-0.0076363  0.0042656
-0.0074849  0.0041053
-0.0073916  0.0040588
-0.0073351  0.0040738
-0.0071656  0.0043063
-0.0071684  0.0047274
-0.0070126  0.0047141
-0.0067622  0.0046455
-0.0062967  0.0041320
-0.0055420  0.0036386
-0.0048880  0.0031271
-0.0039658  0.0027399
-0.0035084  0.0025845
-0.0029956  0.0020620
-0.0029856  0.0015145
-0.0029150  0.0011010
-0.0031273  0.0004521
-0.0034762  0.0002877
-0.0039369 -0.0003176
-0.0043794 -0.0003422
-0.0053779  0.0000223
-0.0066448  0.0000446
-0.0079865  0.0002638
-0.0097149  0.0001763
-0.0108293 -0.0008177
-0.0116380 -0.0009259
-0.0119836 -0.0014641
-0.0121750 -0.0021327
-0.0119315 -0.0027072
-0.0117765 -0.0030682
-0.0113389 -0.0035232
-0.0109008 -0.0039782
-0.0106133 -0.0042252
-0.0101971 -0.0040169
-0.0092875 -0.0038457
-0.0089855 -0.0035232
-0.0084134 -0.0026463
-0.0079197 -0.0013793
-0.0077865 -0.0005342
-0.0072680  0.0000847
-0.0060564  0.0002596
-0.0049424  0.0003601
-0.0029257  0.0004417
-0.0011226  0.0007473
 0.0009882  0.0008830
 0.0030013  0.0013481
 0.0041879  0.0016534
 0.0054161  0.0020810
 0.0065688  0.0022954
 0.0068583  0.0023531
 0.0070190  0.0028921
 0.0074656  0.0024916
 0.0077826  0.0026834
 0.0080382  0.0027613
 0.0081008  0.0028962
 0.0080730  0.0032079
 0.0078506  0.0031732
 0.0074384  0.0035031
 0.0068308  0.0034643
 0.0064109  0.0036318
 0.0061218  0.0035745
 0.0061198  0.0038252
 0.0061537  0.0047639
 0.0066499  0.0054148
 0.0064347  0.0061827
 0.0062384  0.0068344
 0.0056219  0.0067019
 0.0045059  0.0065077
 0.0038530  0.0061460
 0.0034513  0.0053058
 0.0033124  0.0049049
 0.0031602  0.0042153
 0.0031824  0.0040082
 0.0028546  0.0042997
 0.0022696  0.0045694
 0.0015663  0.0046263
 0.0012086  0.0048008
 0.0007697  0.0046235
 0.0002158  0.0043275
-0.0002291  0.0033036
-0.0008106  0.0028105
-0.0014448  0.0017289
-0.0020622  0.0008753
-0.0028866  0.0002163
-0.0029540 -0.0003021
-0.0034837 -0.0005132
-0.0036863 -0.0001890
-0.0040424 -0.0002952
-0.0036560  0.0000872
-0.0036160  0.0001635
-0.0040594  0.0002406
-0.0044304  0.0010581
-0.0045314  0.0009354
-0.0049416  0.0007561
-0.0048787  0.0008420
-0.0045057  0.0003353
-0.0043237  0.0000401
-0.0039329 -0.0002163
-0.0035356 -0.0005317
-0.0039051 -0.0009161
-0.0038902 -0.0010525
-0.0038712 -0.0013517
-0.0040589 -0.0014974
-0.0039798 -0.0014735
-0.0041283 -0.0017178
-0.0042583 -0.0019653
-0.0040912 -0.0021550
-0.0039006 -0.0029976
-0.0038320 -0.0043409
-0.0035555 -0.0050301
-0.0033488 -0.0057960
-0.0030275 -0.0064650
-0.0026863 -0.0062373
-0.0025680 -0.0060088
-0.0018574 -0.0057795
-0.0011072 -0.0051851
-0.0010269 -0.0050866
 0.0001618 -0.0046239
 0.0013459 -0.0042759
 0.0021906 -0.0046554
 0.0031062 -0.0047668
 0.0041741 -0.0054568
 0.0041749 -0.0058177
 0.0050002 -0.0064790
 0.0052885 -0.0064697
 0.0056208 -0.0063263
 0.0058788 -0.0053956
 0.0054456 -0.0045655
 0.0050900 -0.0036817
 0.0052119 -0.0024571
 0.0052596 -0.0016161
 0.0052257 -0.0011438
 0.0056748 -0.0007643
 0.0058294 -0.0002067
 0.0061040  0.0001781
 0.0065069  0.0009662
 0.0063188  0.0012537
 0.0062574  0.0021383
 0.0059085  0.0026938
 0.0050433  0.0028816
 0.0039443  0.0030350
 0.0030794  0.0030931
 0.0019651  0.0027706
 0.0015036  0.0028105
 0.0011584  0.0033847
 0.0009295  0.0039645
 0.0010801  0.0050388
 0.0011923  0.0063995
 0.0010736  0.0076479
 0.0011458  0.0090109
 0.0007743  0.0097042
 0.0000976  0.0105516
-0.0008904  0.0109413
-0.0022179  0.0108488
-0.0031224  0.0108703
-0.0042379  0.0102102
-0.0047515  0.0101347
-0.0052448  0.0092743
-0.0055872  0.0091593
-0.0056162  0.0088891
-0.0062424  0.0082132
-0.0066837  0.0078809
-0.0074734  0.0072434
-0.0083168  0.0066264
-0.0084966  0.0055101
-0.0087481  0.0048798
-0.0089911  0.0039250
-0.0090472  0.0036569
-0.0089245  0.0025450
-0.0088384  0.0018740
-0.0081225  0.0012372
-0.0075254  0.0005226
-0.0064740 -0.0005518
-0.0056690 -0.0008578
-0.0046705 -0.0016060
-0.0041969 -0.0017219
-0.0031060 -0.0016593
-0.0032227 -0.0019096
-0.0031343 -0.0010484
-0.0025614 -0.0010088
-0.0027924 -0.0009547
-0.0022950 -0.0011853
-0.0014701 -0.0015947
-0.0011604 -0.0028613
-0.0004123 -0.0035537
 0.0002579 -0.0047290
 0.0004526 -0.0053997
 0.0012354 -0.0059568
 0.0016710 -0.0063751
 0.0019565 -0.0063529
 0.0020134 -0.0064166
 0.0022984 -0.0062704
 0.0023215 -0.0062017
 0.0023978 -0.0063644
 0.0024422 -0.0062852
 0.0020801 -0.0061903
 0.0018273 -0.0062538
 0.0016129 -0.0067774
 0.0019153 -0.0064965
 0.0018514 -0.0064812
 0.0024445 -0.0069628
 0.0024074 -0.0061561
 0.0024454 -0.0056171
 0.0020566 -0.0051350
 0.0017422 -0.0043069
 0.0007906 -0.0035592
 0.0002653 -0.0032338
-0.0004779 -0.0027162
-0.0007044 -0.0023928
-0.0007799 -0.0023565
-0.0008954 -0.0017024
-0.0006289 -0.0006688
-0.0004198 -0.0001698
-0.0003774  0.0009058
-0.0006067  0.0018239
-0.0010044  0.0025490
-0.0016499  0.0032927
-0.0024517  0.0035741
-0.0033311  0.0039322
-0.0036359  0.0036819
-0.0039395  0.0035413
-0.0043957  0.0036713
-0.0043808  0.0041065
-0.0043986  0.0043887
-0.0047858  0.0048441
-0.0046348  0.0055709
-0.0042137  0.0058809
-0.0046170  0.0060586
-0.0045775  0.0064321
-0.0050147  0.0063248
-0.0056437  0.0061197
-0.0061016  0.0058561
-0.0064939  0.0051043
-0.0067951  0.0044110
-0.0066586  0.0040404
-0.0064030  0.0033604
-0.0060158  0.0023958
-0.0053407  0.0021439
-0.0056811  0.0014841
-0.0056819  0.0013085
-0.0055874  0.0009390
-0.0058983  0.0003859
-0.0057498 -0.0002363
-0.0052609 -0.0014237
-0.0049407 -0.0029051
-0.0046650 -0.0040392
-0.0048508 -0.0050050
-0.0049732 -0.0059866
-0.0052910 -0.0063750
-0.0057214 -0.0063992
-0.0064740 -0.0064396
-0.0067692 -0.0061756
-0.0070797 -0.0058135
-0.0074661 -0.0062192
-0.0076801 -0.0063355
-0.0073398 -0.0069888
-0.0071339 -0.0072993
-0.0061577 -0.0076029
-0.0050251 -0.0076142
-0.0042031 -0.0072278
-0.0034397 -0.0063823
-0.0027525 -0.0064457
-0.0022038 -0.0061570
-0.0019285 -0.0061466
-0.0016278 -0.0062665
-0.0011760 -0.0066892
-0.0008608 -0.0064409
-0.0006218 -0.0066077
-0.0003849 -0.0060650
-0.0001863 -0.0058308
 0.0000156 -0.0054561
 0.0003131 -0.0053398
 0.0006461 -0.0051315
 0.0013716 -0.0047932
 0.0022534 -0.0045865
 0.0027730 -0.0044242
 0.0036758 -0.0042195
 0.0042544 -0.0040875
 0.0044515 -0.0042200
 0.0042032 -0.0038884
 0.0038245 -0.0033987
 0.0032169 -0.0031963
 0.0021300 -0.0024962
 0.0015240 -0.0015724
 0.0011877 -0.0006247
 0.0003742  0.0004137
 0.0003444  0.0012818
 0.0004737  0.0016476
 0.0005004  0.0023429
 0.0015574  0.0028859
 0.0023891  0.0032207
 0.0028353  0.0038461
 0.0030057  0.0042201
 0.0031838  0.0046493
 0.0032076  0.0048415
 0.0028269  0.0052832
 0.0028297  0.0053575
 0.0025051  0.0059259
 0.0021571  0.0066506
 0.0010859  0.0066679
 0.0001036  0.0066894
-0.0009344  0.0071521
-0.0022732  0.0068048
-0.0031320  0.0067075
-0.0038026  0.0061600
-0.0041858  0.0056553
-0.0042839  0.0053613
-0.0038720  0.0050141
-0.0032506  0.0043871
-0.0030705  0.0041388
-0.0028726  0.0041965
-0.0030349  0.0040229
-0.0029921  0.0045118
-0.0025608  0.0047693
-0.0022858  0.0055437
-0.0021308  0.0057055
-0.0023205  0.0063696
-0.0027037  0.0058686
-0.0031878  0.0056360
-0.0032286  0.0043339
-0.0032323  0.0035866
-0.0034858  0.0027056
-0.0032387  0.0013499
-0.0035166  0.0004366
-0.0042688 -0.0001573
-0.0045966 -0.0015373
-0.0049435 -0.0025919
-0.0046637 -0.0038225
-0.0039127 -0.0052506
-0.0026857 -0.0061756
-0.0011870 -0.0069533
 0.0005810 -0.0075335
 0.0025594 -0.0079385
 0.0041712 -0.0076385
 0.0053222 -0.0076958
 0.0068867 -0.0073292
 0.0078536 -0.0065629
 0.0086122 -0.0062553
 0.0089453 -0.0055575
 0.0093397 -0.0051667
 0.0096074 -0.0048554
 0.0098516 -0.0044673
 0.0097987 -0.0042699
 0.0095327 -0.0042456
 0.0096877 -0.0039908
 0.0097499 -0.0036246
 0.0098856 -0.0030226
 0.0096744 -0.0021472
 0.0095602 -0.0014673
 0.0093300 -0.0004990
 0.0094471  0.0007893
 0.0095251  0.0013485
 0.0086482  0.0024056
 0.0084007  0.0032886
 0.0081613  0.0038667
 0.0075582  0.0043819
 0.0072194  0.0047671
 0.0068073  0.0049246
 0.0068848  0.0048685
 0.0072849  0.0049117
 0.0077972  0.0046650
 0.0077091  0.0044942
 0.0078322  0.0045734
 0.0082687  0.0048245
 0.0083421  0.0053017
 0.0083635  0.0059885
 0.0083627  0.0063272
 0.0081136  0.0068928
 0.0080373  0.0079248
 0.0083082  0.0081484
 0.0080781  0.0083785
 0.0074438  0.0088751
 0.0072339  0.0090669
 0.0066997  0.0090286
 0.0063513  0.0085259
 0.0057004  0.0079687
 0.0053520  0.0071418
 0.0052579  0.0069710
 0.0053952  0.0066820
 0.0050181  0.0068523
 0.0042595  0.0067364
 0.0034436  0.0071781
 0.0027791  0.0078355
 0.0016571  0.0082211
 0.0008569  0.0086277
 0.0000575  0.0087839
-0.0004173  0.0091493
-0.0007770  0.0087912
-0.0009469  0.0080415
-0.0010620  0.0074076
-0.0008363  0.0065766
-0.0003591  0.0051271
-0.0001710  0.0042723
 0.0003744  0.0039949
 0.0003340  0.0031426
 0.0001164  0.0032322
-0.0002741  0.0030779
-0.0011793  0.0026334
-0.0023485  0.0022098
-0.0031375  0.0016478
-0.0040197  0.0011621
-0.0038291  0.0003125
-0.0035816 -0.0000424
-0.0032191 -0.0002233
-0.0027463  0.0003463
-0.0021403  0.0004775
-0.0015356  0.0007848
-0.0009744  0.0015588
-0.0004657  0.0018342
 0.0002945  0.0024766
 0.0009017  0.0031425
 0.0016647  0.0035131
 0.0022219  0.0039678
 0.0028958  0.0043631
 0.0034522  0.0042958
 0.0038394  0.0044989
 0.0039165  0.0040835
 0.0039371  0.0036830
 0.0036088  0.0030717
 0.0032430  0.0029430
 0.0029749  0.0030811
 0.0024222  0.0024512
 0.0020770  0.0025938
 0.0019442  0.0030218
 0.0019487  0.0033533
 0.0023128  0.0041406
 0.0027170  0.0047704
 0.0029124  0.0052646
 0.0028535  0.0055266
 0.0023710  0.0060216
 0.0018150  0.0058467
 0.0012760  0.0060159
 0.0006958  0.0059408
 0.0000256  0.0058047
-0.0002239  0.0061116
-0.0007799  0.0062262
-0.0010855  0.0064794
-0.0011751  0.0070180
-0.0014953  0.0076564
-0.0016814  0.0080666
-0.0018852  0.0085309
-0.0018440  0.0089392
-0.0015150  0.0096595
-0.0012481  0.0097007
-0.0011714  0.0098759
-0.0005379  0.0098639
-0.0002863  0.0102252
-0.0000118  0.0100726
-0.0001825  0.0103802
-0.0002940  0.0106669
-0.0009052  0.0105922
-0.0014155  0.0108623
-0.0018281  0.0106100
-0.0022225  0.0103007
-0.0024252  0.0096656
-0.0027041  0.0084482
-0.0030242  0.0070536
-0.0038681  0.0051802
-0.0040013  0.0039975
-0.0045734  0.0025266
-0.0052820  0.0014833
-0.0055266  0.0008074
-0.0055993 -0.0000364
-0.0051915 -0.0003566
-0.0047086 -0.0004882
-0.0049120 -0.0007349
-0.0049479 -0.0011535
-0.0050440 -0.0012892
-0.0057005 -0.0014846
-0.0058609 -0.0020991
-0.0067491 -0.0027169
-0.0071372 -0.0037925
-0.0074727 -0.0048309
-0.0077792 -0.0064051
-0.0079709 -0.0073665
-0.0079867 -0.0086685
-0.0075413 -0.0091078
-0.0073992 -0.0092047
-0.0068949 -0.0084921
-0.0072360 -0.0077266
-0.0076987 -0.0069656
-0.0077452 -0.0059703
-0.0081752 -0.0056070
-0.0074401 -0.0051083
-0.0064913 -0.0049674
-0.0054400 -0.0051523
-0.0045986 -0.0050727
-0.0033869 -0.0053735
-0.0025757 -0.0057195
-0.0019200 -0.0054147
-0.0017201 -0.0054204
-0.0015820 -0.0055980
-0.0015033 -0.0056837
-0.0011956 -0.0056869
-0.0010043 -0.0060511
-0.0004891 -0.0061884
-0.0003930 -0.0061484
 0.0000903 -0.0059328
 0.0003604 -0.0053542
 0.0000019 -0.0048338
-0.0001664 -0.0045592
-0.0001325 -0.0042285
-0.0002714 -0.0044360
-0.0000082 -0.0044101
 0.0004888 -0.0042498
 0.0010245 -0.0037685
 0.0016031 -0.0033187
 0.0023913 -0.0023021
 0.0028625 -0.0013811
 0.0031903 -0.0001077
 0.0027559  0.0009494
 0.0025238  0.0021675
 0.0015410  0.0030033
 0.0010739  0.0040830
 0.0006644  0.0044961
 0.0000765  0.0050020
-0.0006006  0.0051372
-0.0012014  0.0052370
-0.0014538  0.0056177
-0.0017235  0.0056887
-0.0019346  0.0056463
-0.0018628  0.0058765
-0.0021898  0.0053544
-0.0018277  0.0044492
-0.0017316  0.0036627
-0.0009278  0.0030849
-0.0004836  0.0019924
-0.0003653  0.0016003
 0.0000607  0.0014016
-0.0002219  0.0015885
-0.0008340  0.0016963
-0.0013100  0.0017157
-0.0019951  0.0020576
-0.0025660  0.0023471
-0.0033444  0.0029410
-0.0040069  0.0031110
-0.0051963  0.0035264
-0.0060377  0.0036972
-0.0065759  0.0035558
-0.0068719  0.0035328
-0.0068191  0.0031093
-0.0067864  0.0029171
-0.0064230  0.0022448
-0.0059425  0.0013849
-0.0059211  0.0006186
-0.0055190 -0.0002624
-0.0055561 -0.0015112
-0.0055751 -0.0026405
-0.0058485 -0.0042474
-0.0059809 -0.0059350
-0.0060657 -0.0074454
-0.0060080 -0.0083821
-0.0058748 -0.0092784
-0.0056317 -0.0095259
-0.0058033 -0.0095024
-0.0055550 -0.0095755
-0.0055393 -0.0095541
-0.0056176 -0.0097289
-0.0056108 -0.0103236
-0.0052160 -0.0104622
-0.0051139 -0.0100153
-0.0047260 -0.0098300
-0.0043389 -0.0087851
-0.0041379 -0.0080141
-0.0038024 -0.0074670
-0.0034823 -0.0064185
-0.0036204 -0.0063483
-0.0031019 -0.0063047
-0.0032727 -0.0063010
-0.0033062 -0.0064633
-0.0029723 -0.0062262
-0.0029464 -0.0058156
-0.0032221 -0.0054276
-0.0033892 -0.0048651
-0.0035959 -0.0046152
-0.0041672 -0.0048700
-0.0039601 -0.0051550
-0.0041503 -0.0052935
-0.0033848 -0.0051203
-0.0027541 -0.0050395
-0.0024069 -0.0045603
-0.0023120 -0.0037088
-0.0022337 -0.0031035
-0.0021190 -0.0026032
-0.0021549 -0.0031176
-0.0018126 -0.0031466
-0.0015037 -0.0037748
-0.0014052 -0.0043957
-0.0006114 -0.0047494
 0.0000525 -0.0044921
 0.0006000 -0.0044311
 0.0012667 -0.0041033
 0.0020245 -0.0036854
 0.0026633 -0.0031876
 0.0028522 -0.0030213
 0.0035188 -0.0030762
 0.0037767 -0.0032260
 0.0033584 -0.0031456
 0.0030745 -0.0034096
 0.0023541 -0.0035598
 0.0012288 -0.0029074
 0.0000131 -0.0027123
-0.0012543 -0.0023280
-0.0024058 -0.0019666
-0.0033622 -0.0019287
-0.0039925 -0.0022727
-0.0046566 -0.0023514
-0.0049323 -0.0028133
-0.0049024 -0.0029667
-0.0051034 -0.0027847
-0.0055721 -0.0030923
-0.0058098 -0.0029478
-0.0058041 -0.0031247
-0.0060306 -0.0038365
-0.0062648 -0.0044947
-0.0057158 -0.0050179
-0.0055305 -0.0056741
-0.0056339 -0.0055239
-0.0053904 -0.0054520
-0.0054720 -0.0052372
-0.0058031 -0.0046131
-0.0059037 -0.0046930
-0.0057551 -0.0048089
-0.0054289 -0.0046438
-0.0055064 -0.0046681
-0.0054624 -0.0050214
-0.0054426 -0.0054312
-0.0052706 -0.0059618
-0.0051002 -0.0066583
-0.0040113 -0.0067197
-0.0033464 -0.0066236
-0.0025858 -0.0062356
-0.0017339 -0.0054846
-0.0008603 -0.0049375
-0.0001013 -0.0045438
 0.0002165 -0.0042478
 0.0003056 -0.0041976
 0.0002640 -0.0045590
-0.0000287 -0.0052457
-0.0002003 -0.0058384
-0.0002419 -0.0060557
-0.0001123 -0.0064849
 0.0001558 -0.0064684
 0.0003802 -0.0064906
 0.0009737 -0.0061676
 0.0013630 -0.0059156
 0.0019662 -0.0053205
 0.0022457 -0.0044791
 0.0026047 -0.0039805
 0.0027489 -0.0028924
 0.0030457 -0.0018750
 0.0030138 -0.0010352
 0.0037817  0.0000989
 0.0043954  0.0006924
 0.0046239  0.0009589
 0.0049102  0.0013610
 0.0047531  0.0018027
 0.0043873  0.0025497
 0.0042811  0.0030858
 0.0041821  0.0038182
 0.0043650  0.0045749
 0.0046480  0.0056582
 0.0047227  0.0062384
 0.0051490  0.0064573
 0.0048454  0.0073415
 0.0043154  0.0075672
 0.0038975  0.0077137
 0.0035402  0.0076632
 0.0031058  0.0074084
 0.0028604  0.0075129
 0.0029964  0.0076425
 0.0025410  0.0077588
 0.0018062  0.0081641
 0.0012474  0.0084609
 0.0000588  0.0083923
-0.0009813  0.0084041
-0.0020694  0.0083933
-0.0026758  0.0082282
-0.0037990  0.0076367
-0.0044986  0.0068712
-0.0050315  0.0059845
-0.0052596  0.0052323
-0.0056375  0.0043295
-0.0057651  0.0034894
-0.0058006  0.0031688
-0.0057166  0.0024978
-0.0050382  0.0019269
-0.0040543  0.0010391
-0.0028426  0.0003054
-0.0010717 -0.0000471
 0.0006733  0.0000231
 0.0012494  0.0000889
 0.0018994  0.0006561
 0.0023593  0.0004607
 0.0023028  0.0003540
 0.0022438  0.0006374
 0.0026423  0.0001360
 0.0025417 -0.0002306
 0.0028603 -0.0007478
 0.0029842 -0.0015085
 0.0029558 -0.0019808
 0.0032683 -0.0027390
 0.0031100 -0.0032138
 0.0030825 -0.0041101
 0.0027906 -0.0048174
 0.0020610 -0.0060340
 0.0017586 -0.0068455
 0.0015499 -0.0073902
 0.0014203 -0.0082091
 0.0014825 -0.0086205
 0.0016606 -0.0086497
 0.0019921 -0.0090817
 0.0014563 -0.0090878
 0.0015734 -0.0093773
 0.0013639 -0.0094932
 0.0007889 -0.0092190
 0.0003303 -0.0091168
 0.0001656 -0.0089347
 0.0000401 -0.0087191
-0.0000269 -0.0079713
-0.0000596 -0.0078950
-0.0003672 -0.0070973
-0.0004855 -0.0060839
-0.0007791 -0.0059143
-0.0011349 -0.0054000
-0.0015290 -0.0056067
-0.0013263 -0.0063516
-0.0004180 -0.0072656
 0.0010113 -0.0082410
 0.0028971 -0.0091733
 0.0050179 -0.0094147
 0.0066038 -0.0089099
 0.0076988 -0.0083822
 0.0080262 -0.0069985
 0.0076476 -0.0054788
 0.0068667 -0.0038646
 0.0054076 -0.0018879
 0.0041418 -0.0005091
 0.0029738  0.0007979
 0.0026645  0.0019691
 0.0017832  0.0027124
 0.0012111  0.0034626
 0.0008881  0.0040763
 0.0001489  0.0044154
-0.0004910  0.0048373
-0.0010562  0.0053533
-0.0020058  0.0058079
-0.0026860  0.0062649
-0.0033328  0.0066040
-0.0041726  0.0061728
-0.0047710  0.0056664
-0.0048897  0.0051403
-0.0053375  0.0044047
-0.0051167  0.0039831
-0.0048159  0.0041398
-0.0045458  0.0040086
-0.0037775  0.0047229
-0.0033325  0.0055857
-0.0030010  0.0057387
-0.0032299  0.0062547
-0.0036316  0.0062127
-0.0043806  0.0055445
-0.0047533  0.0052207
-0.0049859  0.0042485
-0.0051091  0.0041597
-0.0047938  0.0039744
-0.0046485  0.0040035
-0.0046760  0.0037060
-0.0051884  0.0038478
-0.0060201  0.0032212
-0.0068515  0.0024412
-0.0077232  0.0011536
-0.0082647  0.0001878
-0.0089761 -0.0009726
-0.0092111 -0.0022505
-0.0088651 -0.0034534
-0.0086729 -0.0042896
-0.0080212 -0.0052768
-0.0071584 -0.0061053
-0.0063162 -0.0067106
-0.0055560 -0.0074285
-0.0045390 -0.0081992
-0.0034913 -0.0087164
-0.0020758 -0.0092724
-0.0007668 -0.0099934
 0.0002317 -0.0101456
 0.0013860 -0.0105659
 0.0023946 -0.0111590
 0.0033814 -0.0119459
 0.0038627 -0.0120582
 0.0044256 -0.0124930
 0.0046004 -0.0126028
 0.0051649 -0.0128066
 0.0051948 -0.0122571
 0.0053992 -0.0112892
 0.0053532 -0.0099209
 0.0051603 -0.0086180
 0.0050715 -0.0071666
 0.0049258 -0.0061524
 0.0051390 -0.0053744
 0.0056421 -0.0046864
 0.0062315 -0.0043445
 0.0062473 -0.0033803
 0.0064140 -0.0024310
 0.0060223 -0.0015367
 0.0054978 -0.0003351
 0.0050294  0.0004063
 0.0045675  0.0008226
 0.0041811  0.0013899
 0.0035686  0.0016282
 0.0029635  0.0018955
 0.0024850  0.0020881
 0.0021992  0.0022556
 0.0015693  0.0022252
 0.0012217  0.0023169
 0.0012609  0.0021287
 0.0008571  0.0018314
 0.0011664  0.0018217
 0.0014951  0.0015439
 0.0017709  0.0012463
 0.0021226  0.0010040
 0.0026463  0.0008161
 0.0027113  0.0006550
 0.0028663  0.0012263
 0.0030190  0.0017249
 0.0026160  0.0024824
 0.0019244  0.0032956
 0.0011201  0.0040579
-0.0003749  0.0037584
-0.0013694  0.0039018
-0.0022269  0.0032711
-0.0032754  0.0027850
-0.0040998  0.0022807
-0.0045985  0.0014642
-0.0046772  0.0005578
-0.0048751 -0.0005739
-0.0046635 -0.0010911
-0.0048194 -0.0017169
-0.0054665 -0.0017963
-0.0061186 -0.0016093
-0.0074231 -0.0010032
-0.0084934 -0.0002494
-0.0091241 -0.0000491
-0.0103935  0.0000458
-0.0108186  0.0001204
-0.0115454 -0.0001142
-0.0119911 -0.0006011
-0.0120121 -0.0016420
-0.0121025 -0.0027467
-0.0120436 -0.0037166
-0.0116612 -0.0049149
-0.0109498 -0.0062292
-0.0099566 -0.0070056
-0.0088738 -0.0078980
-0.0079239 -0.0088032
-0.0071293 -0.0093652
-0.0057950 -0.0099002
-0.0054736 -0.0100528
-0.0052229 -0.0093240
-0.0042269 -0.0083607
-0.0035744 -0.0073586
-0.0025772 -0.0056325
-0.0015613 -0.0045800
-0.0003961 -0.0033344
 0.0003306 -0.0025314
 0.0009423 -0.0022290
 0.0014744 -0.0019056
 0.0015531 -0.0015798
 0.0019908 -0.0012442
 0.0021660 -0.0012918
 0.0019775 -0.0012243
 0.0019840 -0.0011136
 0.0019517 -0.0007765
 0.0021883 -0.0008249
 0.0023123 -0.0006662
 0.0019530 -0.0007388
 0.0022663 -0.0007768
 0.0021961 -0.0008176
 0.0019087 -0.0006109
 0.0012558  0.0003391
 0.0006792  0.0008337
-0.0002256  0.0018656
-0.0006923  0.0029388
-0.0015798  0.0038606
-0.0017781  0.0047064
-0.0022246  0.0051138
-0.0026345  0.0056981
-0.0026999  0.0059953
-0.0028199  0.0064092
-0.0028817  0.0066519
-0.0025567  0.0070254
-0.0024771  0.0072443
-0.0023547  0.0075770
-0.0020192  0.0080030
-0.0017175  0.0082513
-0.0008562  0.0080603
-0.0005764  0.0079796
-0.0004879  0.0074599
-0.0004043  0.0067279
-0.0009211  0.0056499
-0.0011710  0.0048799
-0.0018949  0.0037841
-0.0021299  0.0031898
-0.0028046  0.0026488
-0.0030904  0.0021259
-0.0037784  0.0019095
-0.0041809  0.0020992
-0.0046932  0.0017924
-0.0050950  0.0020415
-0.0053017  0.0021977
-0.0054167  0.0020686
-0.0057393  0.0018615
-0.0056755  0.0017698
-0.0057881  0.0023295
-0.0058390  0.0024231
-0.0062374  0.0028975
-0.0060303  0.0031228
-0.0058818  0.0032903
-0.0057736  0.0032834
-0.0059751  0.0037969
-0.0060822  0.0039479
-0.0067985  0.0036491
-0.0076871  0.0036826
-0.0084071  0.0032691
-0.0092005  0.0026626
-0.0098808  0.0017113
-0.0098889  0.0009006
-0.0105022 -0.0001924
-0.0105547 -0.0014775
-0.0108942 -0.0033331
-0.0110338 -0.0052501
-0.0108270 -0.0073585
-0.0108157 -0.0086678
-0.0103691 -0.0098262
-0.0099270 -0.0100867
-0.0092068 -0.0102503
-0.0085673 -0.0097186
-0.0079315 -0.0089793
-0.0075621 -0.0089983
-0.0072691 -0.0086761
-0.0071290 -0.0085603
-0.0066357 -0.0090003
-0.0063498 -0.0090185
-0.0060067 -0.0091267
-0.0057031 -0.0086405
-0.0055715 -0.0081532
-0.0052691 -0.0071264
-0.0053164 -0.0060612
-0.0049421 -0.0051883
-0.0045663 -0.0043965
-0.0038820 -0.0039136
-0.0027139 -0.0034146
-0.0016630 -0.0030904
-0.0008567 -0.0022655
 0.0002964 -0.0017847
 0.0012153 -0.0012049
 0.0023297 -0.0006977
 0.0039427 -0.0001865
 0.0053796  0.0002698
 0.0069962  0.0006308
 0.0080120  0.0012749
 0.0085761  0.0014603
 0.0088519  0.0018564
 0.0088625  0.0024217
 0.0082856  0.0029511
 0.0079150  0.0035345
 0.0073761  0.0045027
 0.0070900  0.0055259
 0.0067355  0.0064880
 0.0061336  0.0067557
 0.0053770  0.0066984
 0.0044399  0.0063895
 0.0038101  0.0057374
 0.0032211  0.0049852
 0.0027863  0.0039488
 0.0024863  0.0029293
 0.0024169  0.0020996
 0.0024593  0.0013652
 0.0025950  0.0007966
 0.0030759 -0.0003448
 0.0029353 -0.0006634
 0.0033285 -0.0010167
 0.0029950 -0.0012348
 0.0025601 -0.0010249
 0.0017771 -0.0010104
 0.0006963 -0.0017052
-0.0006378 -0.0016858
-0.0019875 -0.0022249
-0.0032945 -0.0027021
-0.0043854 -0.0028159
-0.0053620 -0.0027558
-0.0062571 -0.0033844
-0.0070363 -0.0037348
-0.0073787 -0.0045864
-0.0072789 -0.0056729
-0.0068368 -0.0064280
-0.0066648 -0.0070349
-0.0061707 -0.0075316
-0.0061194 -0.0082955
-0.0061271 -0.0085960
-0.0058098 -0.0094556
-0.0050141 -0.0101384
-0.0040843 -0.0103363
-0.0031917 -0.0104518
-0.0021601 -0.0098562
-0.0015278 -0.0092987
-0.0013744 -0.0082255
-0.0010845 -0.0070167
-0.0013712 -0.0061741
-0.0015428 -0.0053311
-0.0014475 -0.0051986
-0.0011757 -0.0049726
-0.0006557 -0.0048575
 0.0004409 -0.0052051
 0.0017240 -0.0047065
 0.0032182 -0.0040165
 0.0043483 -0.0035373
 0.0056141 -0.0031097
 0.0067849 -0.0026243
 0.0080919 -0.0026764
 0.0088647 -0.0021156
 0.0096746 -0.0014958
 0.0097348 -0.0010888
 0.0094143 -0.0003196
 0.0090299  0.0003155
 0.0082442  0.0011048
 0.0071856  0.0018187
 0.0065650  0.0024130
 0.0057546  0.0035273
 0.0050383  0.0042339
 0.0039801  0.0048863
 0.0032246  0.0048859
 0.0024733  0.0045048
 0.0022803  0.0042161
 0.0024204  0.0037934
 0.0033999  0.0032342
 0.0045179  0.0032156
 0.0051191  0.0036759
 0.0055983  0.0044071
 0.0058123  0.0052340
 0.0054474  0.0055675
 0.0052556  0.0060944
 0.0048551  0.0063872
 0.0052423  0.0064865
 0.0052892  0.0062394
 0.0053142  0.0060452
 0.0053591  0.0059249
 0.0050187  0.0061114
 0.0046413  0.0058215
 0.0039500  0.0056099
 0.0033743  0.0056527
 0.0027400  0.0054525
 0.0026625  0.0053335
 0.0021614  0.0050154
 0.0022765  0.0044813
 0.0024489  0.0041207
 0.0026390  0.0041781
 0.0023092  0.0047518
 0.0019224  0.0049064
 0.0011920  0.0054244
-0.0000362  0.0052694
-0.0012818  0.0048854
-0.0016282  0.0046120
-0.0028568  0.0034957
-0.0035056  0.0024382
-0.0038335  0.0014793
-0.0041532  0.0002734
-0.0043962 -0.0001453
-0.0040849 -0.0006815
-0.0044406 -0.0009096
-0.0039577 -0.0011971
-0.0034191 -0.0010877
-0.0029419 -0.0009573
-0.0023516 -0.0011176
-0.0011666 -0.0012404
-0.0006720 -0.0017096
-0.0001989 -0.0020084
 0.0002957 -0.0024186
 0.0006429 -0.0026343
 0.0010850 -0.0033271
 0.0016640 -0.0036550
 0.0020112 -0.0042501
 0.0026641 -0.0045004
 0.0028579 -0.0048348
 0.0032564 -0.0052950
 0.0027101 -0.0049704
 0.0024004 -0.0050520
 0.0013805 -0.0048437
 0.0006658 -0.0052656
 0.0002205 -0.0061127
 0.0001842 -0.0069969
 0.0008948 -0.0077854
 0.0017641 -0.0081504
 0.0025434 -0.0079595
 0.0030122 -0.0070752
 0.0027789 -0.0061519
 0.0018664 -0.0049592
 0.0012382 -0.0040556
 0.0006056 -0.0033615
 0.0001630 -0.0033393
 0.0003277 -0.0031455
 0.0012014 -0.0035827
 0.0021510 -0.0035617
 0.0037183 -0.0034422
 0.0047519 -0.0032335
 0.0056696 -0.0029209
 0.0061856 -0.0027296
 0.0060123 -0.0025127
 0.0051079 -0.0022171
 0.0045277 -0.0017908
 0.0034195 -0.0016143
 0.0024585 -0.0015278
 0.0019062 -0.0008556
 0.0014306 -0.0008758
 0.0008977 -0.0005681
 0.0004774 -0.0000513
-0.0005590  0.0006564
-0.0014585  0.0011159
-0.0026880  0.0014066
-0.0035112  0.0019658
-0.0043970  0.0022775
-0.0049712  0.0026247
-0.0048730  0.0032074
-0.0052554  0.0037121
-0.0056316  0.0039971
-0.0059090  0.0039443
-0.0061887  0.0039104
-0.0065989  0.0032026
-0.0065310  0.0029015
-0.0061781  0.0024630
-0.0066920  0.0018332
-0.0071886  0.0014787
-0.0074749  0.0010217
-0.0082634  0.0004302
-0.0085307 -0.0002590
-0.0086886 -0.0007855
-0.0086906 -0.0006794
-0.0082558 -0.0011114
-0.0073562 -0.0010105
-0.0065201 -0.0008434
-0.0060098 -0.0004591
-0.0054737 -0.0002648
-0.0053763  0.0002625
-0.0054498  0.0006736
-0.0057155  0.0006776
-0.0060546  0.0006131
-0.0059948  0.0004637
-0.0061232  0.0000628
-0.0060036 -0.0003195
-0.0054242 -0.0010858
-0.0048077 -0.0017371
-0.0046308 -0.0022159
-0.0044391 -0.0027723
-0.0042085 -0.0032883
-0.0039033 -0.0036298
-0.0032977 -0.0042439
-0.0024959 -0.0046291
-0.0017979 -0.0052032
-0.0008689 -0.0052311
 0.0002361 -0.0049489
 0.0006120 -0.0040155
 0.0009725 -0.0035617
 0.0007613 -0.0025124
 0.0006801 -0.0017053
 0.0006596 -0.0011130
 0.0008497 -0.0012055
 0.0015098 -0.0007250
 0.0024238 -0.0007497
 0.0037949 -0.0009390
 0.0052855 -0.0007892
 0.0066578  0.0000146
 0.0070603  0.0006695
 0.0077269  0.0019554
 0.0076631  0.0031457
 0.0070821  0.0044845
 0.0068781  0.0055544
 0.0070206  0.0070071
 0.0071808  0.0078117
 0.0076858  0.0083451
 0.0084250  0.0086903
 0.0092026  0.0091946
 0.0095248  0.0096371
 0.0099265  0.0100239
 0.0099677  0.0100086
 0.0098418  0.0102775
 0.0091635  0.0101947
 0.0087287  0.0098991
 0.0083533  0.0096814
 0.0073597  0.0089684
 0.0066128  0.0084879
 0.0053301  0.0075698
 0.0041435  0.0072283
 0.0029536  0.0069122
 0.0021082  0.0072816
 0.0012676  0.0069050
 0.0007504  0.0072014
 0.0004633  0.0073758
-0.0000159  0.0072430
 0.0000426  0.0073044
-0.0000345  0.0073427
-0.0000716  0.0074259
 0.0002518  0.0079803
 0.0000971  0.0082673
-0.0004411  0.0085726
-0.0008324  0.0090873
-0.0010839  0.0087179
-0.0017973  0.0082931
-0.0022976  0.0078704
-0.0029427  0.0072555
-0.0039335  0.0063922
-0.0044805  0.0057398
-0.0046395  0.0045734
-0.0050340  0.0039036
-0.0045297  0.0031619
-0.0048320  0.0025676
-0.0048708  0.0019608
-0.0044542  0.0015801
-0.0045341  0.0010641
-0.0048559  0.0006591
-0.0053372  0.0005210
-0.0063857  0.0003228
-0.0074778 -0.0001270
-0.0081480 -0.0007945
-0.0093173 -0.0013086
-0.0102007 -0.0019526
-0.0105236 -0.0028857
-0.0113505 -0.0035443
-0.0123062 -0.0034926
-0.0130894 -0.0040704
-0.0137738 -0.0041863
-0.0138827 -0.0045476
-0.0138807 -0.0046764
-0.0138003 -0.0050975
-0.0133578 -0.0053991
-0.0131467 -0.0059324
-0.0122839 -0.0063737
-0.0113920 -0.0066163
-0.0099951 -0.0067277
-0.0084051 -0.0068524
-0.0067591 -0.0067159
-0.0054962 -0.0069016
-0.0043657 -0.0067643
-0.0034549 -0.0066012
-0.0033216 -0.0067570
-0.0033051 -0.0067223
-0.0031178 -0.0064749
-0.0034089 -0.0061914
-0.0032987 -0.0057389
-0.0032616 -0.0054171
-0.0031703 -0.0050517
-0.0030210 -0.0045123
-0.0025587 -0.0039180
-0.0025187 -0.0040653
-0.0021364 -0.0031787
-0.0017516 -0.0029279
-0.0017144 -0.0026166
-0.0011209 -0.0016371
-0.0007725 -0.0014805
-0.0003312 -0.0011328
 0.0000661 -0.0009547
 0.0000442 -0.0008183
 0.0002740 -0.0004250
 0.0005558  0.0001968
 0.0005486  0.0004343
 0.0003188  0.0007291
 0.0000948  0.0014958
 0.0004089  0.0012660
 0.0007396  0.0022811
 0.0007990  0.0025265
 0.0010860  0.0028548
 0.0015992  0.0033138
 0.0018285  0.0035593
 0.0022100  0.0033263
 0.0023614  0.0036428
 0.0022831  0.0037836
 0.0020170  0.0040214
 0.0013597  0.0043936
 0.0008792  0.0047707
-0.0001237  0.0054396
-0.0010454  0.0058769
-0.0015469  0.0063630
-0.0026221  0.0070276
-0.0036000  0.0076784
-0.0039468  0.0084786
-0.0049069  0.0090652
-0.0055816  0.0094003
-0.0066043  0.0095678
-0.0078144  0.0095572
-0.0086037  0.0090174
-0.0092170  0.0086120
-0.0102118  0.0074222
-0.0110536  0.0064835
-0.0116027  0.0050252
-0.0117900  0.0033742
-0.0121897  0.0020140
-0.0115954  0.0009764
-0.0112332  0.0009182
-0.0105085  0.0001350
-0.0097979 -0.0000944
-0.0088051 -0.0003745
-0.0075802 -0.0008053
-0.0062397 -0.0016636
-0.0049728 -0.0024226
-0.0037902 -0.0025518
-0.0031628 -0.0028409
-0.0025766 -0.0027964
-0.0023918 -0.0021964
-0.0025888 -0.0011680
-0.0028194 -0.0006960
-0.0028896  0.0001423
-0.0032630  0.0005719
-0.0036998  0.0006720
-0.0037353  0.0001693
-0.0041366 -0.0003127
-0.0036853 -0.0010460
-0.0033091 -0.0015890
