[PARAMETERS]
DW=1E-007
TAU=0.0009
TD=4096
BS=4096
NS=128
NSC=128
FR=56.130000
GAIN=4.974204
D0=0.05
D1=7E-006
D2=1.4E-005
D3=2.5E-005
D4=1E-005
D5=5E-005
D6=0.001
D7=0.001
D8=0.001
D9=0.05
C0=1
SEGTD=0
SEGOFF=0
SEGNUM=0
[ADDITIONAL]
PPFILE=UK_TWO_T2_SOLID.PC
DATEWR=12.09.2024
TIMEWR=14:42:57
DATESTA=12.09.2024
TIMESTA=14:42:45
DATEEND=12.09.2024
TIMEEND=14:42:57
CURR_Z0=0
CURR_Z1=1
TE=-1
[VARIABLES]
_USER=Measurements
_EMAIL_F=7NMR.NMR-270-ijs.si
_ITC_H=1
_ITC_R0= 80.00
_ITC_R1= 79.94
_ITC_R2= 80.43
_ITC_R3=  0.00
_ITC_R4= -0.06
_ITC_V= 21.98
_ITC_X=X0A1C1S00H1
_FW=100
_ORIENT=?
_THETA=0
_TITLE=?
_DESCR1=?
_DESCR2=?
_FR_LARM=56.13000000
_FR_SYNT=526.13000000
_TRIMLEV=1.5771484375
_DATE=12.09.2024
_TIME=14:39:03
_ITC_DIR=I3I3
[PPFILE]
; pi/2 - pi/2


DELAY D9
PULSE [GT] 3u
PULSE [PHL1,GT] D1
DELAY TAU-3u
PULSE [GT] 3u
PULSE [PHL2,GT] D1
DELAY TAU-D3
PULSE [TR] 1u+DW
DELAY 1m
STOP

;PHL 1 [+X] [+X] [+Y] [+Y] [-X] [-X] [-Y] [-Y]
;PHL 2 [+Y] [-Y] [-X] [+X] [-Y] [+Y] [+X] [-X]
;!RLS +X+X+Y+Y-X-X-Y-Y

PHL 1 [+X] [+X] [-X] [-X] [+Y] [+Y] [-Y] [-Y] [+X] [+X] [-X] [-X] [+Y] [+Y] [-Y] [-Y]
PHL 2 [+Y] [-Y] [-Y] [+Y] [-X] [+X] [+X] [-X] [+X] [-X] [-X] [+X] [-Y] [+Y] [+Y] [-Y]
!RLS +X+X-X-X+Y+Y-Y-Y-X-X+X+X-Y-Y+Y+Y
[DATA]
-0.0012778 -0.0024157
-0.0009242 -0.0024516
-0.0004866 -0.0023696
 0.0000149 -0.0026672
 0.0006718 -0.0028290
 0.0012186 -0.0023986
 0.0010192 -0.0020081
 0.0015671 -0.0016391
 0.0019935 -0.0010423
 0.0021073 -0.0000859
 0.0024481  0.0007749
 0.0022292  0.0013119
 0.0021642  0.0022522
 0.0020083  0.0021041
 0.0019841  0.0021086
 0.0018908  0.0021885
 0.0018379  0.0019019
 0.0017851  0.0018207
 0.0016518  0.0019535
 0.0015433  0.0020035
 0.0004366  0.0027056
-0.0005727  0.0028368
-0.0015437  0.0025812
-0.0029386  0.0024439
-0.0039504  0.0017737
-0.0047881  0.0012779
-0.0060151  0.0007373
-0.0063207  0.0005269
-0.0067249  0.0005249
-0.0068965 -0.0000141
-0.0069332 -0.0002955
-0.0072207 -0.0010206
-0.0072191 -0.0017663
-0.0068290 -0.0028019
-0.0065371 -0.0029965
-0.0067078 -0.0029489
-0.0064749 -0.0029413
-0.0063990 -0.0028054
-0.0065116 -0.0026112
-0.0068209 -0.0029852
-0.0070498 -0.0032852
-0.0066699 -0.0043043
-0.0060276 -0.0048194
-0.0051923 -0.0055425
-0.0039161 -0.0055909
-0.0027384 -0.0055618
-0.0018033 -0.0049210
-0.0009636 -0.0039577
-0.0006785 -0.0034368
-0.0007540 -0.0029616
-0.0012527 -0.0027351
-0.0016003 -0.0026851
-0.0020864 -0.0033800
-0.0016508 -0.0039400
-0.0012540 -0.0049764
-0.0003948 -0.0058998
 0.0008301 -0.0067945
 0.0024617 -0.0079556
 0.0033471 -0.0084473
 0.0041987 -0.0088611
 0.0047554 -0.0088542
 0.0051434 -0.0088498
 0.0062013 -0.0088300
 0.0071800 -0.0085635
 0.0082701 -0.0079159
 0.0097599 -0.0070221
 0.0105185 -0.0059905
 0.0107179 -0.0047866
 0.0109378 -0.0035204
 0.0107396 -0.0023641
 0.0106535 -0.0017253
 0.0102837 -0.0011027
 0.0105501 -0.0005253
 0.0110310  0.0001692
 0.0118736  0.0008410
 0.0127170  0.0016832
 0.0127348  0.0030322
 0.0126940  0.0037278
 0.0122511  0.0042911
 0.0112530  0.0045689
 0.0101754  0.0040203
 0.0085955  0.0037236
 0.0074953  0.0031119
 0.0060522  0.0025749
 0.0050485  0.0022677
 0.0039168  0.0019539
 0.0032676  0.0016830
 0.0029272  0.0017173
 0.0024521  0.0017350
 0.0024206  0.0020596
 0.0025538  0.0025760
 0.0027464  0.0027299
 0.0031094  0.0029818
 0.0032547  0.0032362
 0.0037884  0.0028567
 0.0041126  0.0027857
 0.0044805  0.0025200
 0.0045479  0.0015211
 0.0049626  0.0011517
 0.0051101  0.0000502
 0.0054856 -0.0005324
 0.0051279 -0.0016452
 0.0048857 -0.0027244
 0.0044642 -0.0032169
 0.0038885 -0.0036723
 0.0033551 -0.0037838
 0.0028036 -0.0036740
 0.0021173 -0.0031806
 0.0020099 -0.0026599
 0.0013001 -0.0025000
 0.0013797 -0.0020923
 0.0018024 -0.0018538
 0.0023147 -0.0018574
 0.0034057 -0.0018045
 0.0034557 -0.0022620
 0.0041828 -0.0024691
 0.0042947 -0.0030424
 0.0046802 -0.0032128
 0.0052362 -0.0034582
 0.0057046 -0.0038418
 0.0064140 -0.0036298
 0.0068395 -0.0039577
 0.0071262 -0.0036371
 0.0074702 -0.0033396
 0.0077181 -0.0031208
 0.0075424 -0.0029994
 0.0077463 -0.0026962
 0.0082768 -0.0025896
 0.0078629 -0.0023017
 0.0079727 -0.0024370
 0.0076008 -0.0027208
 0.0078256 -0.0029816
 0.0073250 -0.0032044
 0.0077651 -0.0033312
 0.0078063 -0.0033194
 0.0077526 -0.0027731
 0.0082403 -0.0024799
 0.0081701 -0.0019966
 0.0079279 -0.0016894
 0.0077563 -0.0014039
 0.0072012 -0.0014980
 0.0070796 -0.0015162
 0.0073222 -0.0013579
 0.0072205 -0.0016389
 0.0076383 -0.0016340
 0.0078063 -0.0010885
 0.0082129 -0.0007315
 0.0082355  0.0000792
 0.0078613  0.0006619
 0.0070825  0.0011250
 0.0063840  0.0015716
 0.0051631  0.0017674
 0.0040928  0.0020145
 0.0029248  0.0023625
 0.0017349  0.0024598
 0.0007724  0.0030340
 0.0000812  0.0031890
-0.0002002  0.0030615
-0.0001966  0.0029912
 0.0002904  0.0026170
 0.0002271  0.0022404
 0.0005077  0.0017874
 0.0005579  0.0009686
 0.0006633  0.0000881
 0.0012060 -0.0001829
 0.0019702 -0.0003230
 0.0024240 -0.0001534
 0.0028011  0.0010654
 0.0030627  0.0015370
 0.0030384  0.0026683
 0.0024264  0.0028947
 0.0016427  0.0036058
 0.0010504  0.0036873
 0.0004181  0.0035949
 0.0001360  0.0034294
-0.0006699  0.0035671
-0.0010300  0.0036878
-0.0013914  0.0037105
-0.0020814  0.0038469
-0.0024980  0.0038131
-0.0031836  0.0032559
-0.0037177  0.0024916
-0.0037504  0.0009990
-0.0041690 -0.0007254
-0.0039070 -0.0024139
-0.0035833 -0.0037003
-0.0038796 -0.0046099
-0.0035672 -0.0046185
-0.0045560 -0.0047796
-0.0053761 -0.0037162
-0.0059035 -0.0036464
-0.0069803 -0.0038846
-0.0078879 -0.0042198
-0.0079267 -0.0047822
-0.0077119 -0.0056531
-0.0071494 -0.0059338
-0.0060537 -0.0066550
-0.0048565 -0.0071666
-0.0035512 -0.0074613
-0.0024978 -0.0077222
-0.0009668 -0.0077997
-0.0002668 -0.0074764
 0.0005496 -0.0073415
 0.0014636 -0.0069123
 0.0021455 -0.0062743
 0.0025064 -0.0056970
 0.0029816 -0.0050021
 0.0029622 -0.0044704
 0.0026740 -0.0042855
 0.0024277 -0.0040118
 0.0023320 -0.0043155
 0.0018297 -0.0043297
 0.0017069 -0.0047388
 0.0021615 -0.0048551
 0.0023323 -0.0046984
 0.0029754 -0.0038093
 0.0037385 -0.0034172
 0.0041822 -0.0028968
 0.0050987 -0.0019104
 0.0056530 -0.0018453
 0.0058206 -0.0016148
 0.0066781 -0.0014561
 0.0070750 -0.0017581
 0.0075844 -0.0023285
 0.0077500 -0.0026883
 0.0082643 -0.0032591
 0.0082813 -0.0036952
 0.0082692 -0.0040161
 0.0085890 -0.0047012
 0.0083339 -0.0047351
 0.0083638 -0.0047178
 0.0078019 -0.0049362
 0.0072375 -0.0046129
 0.0069121 -0.0041054
 0.0059738 -0.0042815
 0.0049051 -0.0039568
 0.0039297 -0.0039560
 0.0026700 -0.0039920
 0.0014883 -0.0043719
 0.0007644 -0.0046565
-0.0002227 -0.0045931
-0.0006390 -0.0047990
-0.0005202 -0.0046205
-0.0011719 -0.0044779
-0.0010395 -0.0040087
-0.0005614 -0.0042105
-0.0003547 -0.0039113
 0.0003526 -0.0040344
 0.0004709 -0.0040893
 0.0001677 -0.0036649
-0.0004237 -0.0032669
-0.0011613 -0.0034853
-0.0024933 -0.0030942
-0.0027553 -0.0033736
-0.0026103 -0.0033083
-0.0025436 -0.0028808
-0.0021753 -0.0026248
-0.0015964 -0.0024081
-0.0009657 -0.0021251
-0.0002967 -0.0023976
 0.0001615 -0.0025164
 0.0014261 -0.0023407
 0.0020587 -0.0018235
 0.0027375 -0.0017492
 0.0036019 -0.0009042
 0.0043149 -0.0004052
 0.0051955  0.0003438
 0.0062605  0.0014808
 0.0072901  0.0030219
 0.0078944  0.0047411
 0.0081281  0.0068835
 0.0081571  0.0088271
 0.0074784  0.0103126
 0.0072414  0.0120204
 0.0067709  0.0136673
 0.0057866  0.0147933
 0.0052560  0.0165718
 0.0051942  0.0177774
 0.0046899  0.0194860
 0.0050302  0.0207207
 0.0051614  0.0215949
 0.0060032  0.0225781
 0.0069799  0.0240590
 0.0080938  0.0258626
 0.0095505  0.0281429
 0.0118152  0.0309195
 0.0133304  0.0338886
 0.0149228  0.0372716
 0.0163379  0.0402456
 0.0170275  0.0430937
 0.0177490  0.0459741
 0.0182835  0.0484382
 0.0189529  0.0504053
 0.0196562  0.0524216
 0.0200684  0.0543411
 0.0207552  0.0560320
 0.0210822  0.0581848
 0.0212381  0.0602399
 0.0213439  0.0618730
 0.0215418  0.0640064
 0.0222168  0.0662852
 0.0232739  0.0685631
 0.0248210  0.0712440
 0.0261904  0.0744388
 0.0275987  0.0774030
 0.0290420  0.0812325
 0.0298809  0.0841968
 0.0302980  0.0873053
 0.0308774  0.0897386
 0.0309590  0.0919649
 0.0313240  0.0940390
 0.0316106  0.0961284
 0.0317241  0.0972625
 0.0320644  0.0982452
 0.0312157  0.0997230
 0.0306630  0.1004723
 0.0299879  0.1011317
 0.0295070  0.1015508
 0.0292846  0.1012290
 0.0298393  0.1014026
 0.0304611  0.1013404
 0.0316571  0.1010848
 0.0333500  0.1017336
 0.0347514  0.1026307
 0.0357499  0.1035294
 0.0374004  0.1044120
 0.0385115  0.1055223
 0.0397547  0.1061603
 0.0409945  0.1068285
 0.0426802  0.1077029
 0.0441781  0.1077219
 0.0461887  0.1087655
 0.0473842  0.1098883
 0.0488895  0.1109517
 0.0502215  0.1124705
 0.0514219  0.1138957
 0.0521394  0.1150581
 0.0530268  0.1154347
 0.0540859  0.1157020
 0.0550234  0.1156644
 0.0560557  0.1154590
 0.0573594  0.1154259
 0.0589546  0.1151619
 0.0607505  0.1154897
 0.0621592  0.1164506
 0.0634738  0.1172553
 0.0645745  0.1191574
 0.0652399  0.1205160
 0.0655182  0.1214167
 0.0659115  0.1220123
 0.0666282  0.1218637
 0.0668619  0.1210264
 0.0678184  0.1201668
 0.0682016  0.1185050
 0.0691576  0.1171892
 0.0701876  0.1159247
 0.0707770  0.1144123
 0.0713430  0.1133214
 0.0721165  0.1126451
 0.0721605  0.1119236
 0.0720082  0.1110035
 0.0717218  0.1101815
 0.0712280  0.1092856
 0.0712570  0.1083283
 0.0712323  0.1074227
 0.0714633  0.1062122
 0.0718819  0.1057834
 0.0716486  0.1051394
 0.0713623  0.1042672
 0.0706428  0.1036434
 0.0698349  0.1022775
 0.0686850  0.1004594
 0.0673450  0.0984710
 0.0664548  0.0967354
 0.0650296  0.0950054
 0.0634082  0.0938455
 0.0620400  0.0922039
 0.0606738  0.0909297
 0.0589526  0.0898622
 0.0577519  0.0880995
 0.0560304  0.0864554
 0.0549168  0.0855906
 0.0533870  0.0837322
 0.0522937  0.0826849
 0.0511620  0.0815152
 0.0499560  0.0800436
 0.0487121  0.0786075
 0.0475445  0.0775133
 0.0463025  0.0760360
 0.0443791  0.0745769
 0.0431707  0.0734383
 0.0417745  0.0716876
 0.0407224  0.0700891
 0.0402484  0.0689307
 0.0398774  0.0672749
 0.0396101  0.0655602
 0.0400571  0.0636404
 0.0400188  0.0609926
 0.0399186  0.0579806
 0.0397591  0.0545282
 0.0388531  0.0508278
 0.0382676  0.0472611
 0.0374399  0.0439791
 0.0361140  0.0408088
 0.0348268  0.0384683
 0.0334113  0.0364491
 0.0319937  0.0349900
 0.0308810  0.0342402
 0.0298862  0.0333193
 0.0287230  0.0327031
 0.0284941  0.0321492
 0.0280044  0.0309424
 0.0273964  0.0301329
 0.0271077  0.0289459
 0.0266749  0.0268181
 0.0261533  0.0250917
 0.0256131  0.0236725
 0.0249779  0.0217019
 0.0243089  0.0198583
 0.0238071  0.0183144
 0.0237579  0.0166004
 0.0240135  0.0151142
 0.0248638  0.0143938
 0.0252942  0.0128919
 0.0261272  0.0124530
 0.0267797  0.0121042
 0.0273954  0.0111848
 0.0276425  0.0107027
 0.0274660  0.0100268
 0.0276174  0.0094809
 0.0273663  0.0089601
 0.0269568  0.0087719
 0.0268014  0.0080390
 0.0265866  0.0076922
 0.0267706  0.0078593
 0.0263083  0.0073425
 0.0261302  0.0073256
 0.0250785  0.0075965
 0.0239484  0.0076038
 0.0229718  0.0081396
 0.0215352  0.0078546
 0.0204262  0.0075744
 0.0196570  0.0077496
 0.0190607  0.0074238
 0.0183109  0.0066196
 0.0171335  0.0065231
 0.0166494  0.0061811
 0.0150554  0.0058589
 0.0137824  0.0059764
 0.0124985  0.0054823
 0.0110838  0.0057189
 0.0099169  0.0065793
 0.0084045  0.0069612
 0.0066624  0.0075713
 0.0056453  0.0082011
 0.0041280  0.0084433
 0.0030092  0.0080791
 0.0026192  0.0079628
 0.0023446  0.0075764
 0.0022065  0.0072526
 0.0018758  0.0071904
 0.0012221  0.0071339
 0.0005111  0.0067681
 0.0001643  0.0064039
-0.0005871  0.0054265
-0.0007805  0.0042931
-0.0007228  0.0031304
-0.0001236  0.0013337
 0.0004166  0.0003365
 0.0010756 -0.0010072
 0.0016505 -0.0015256
 0.0016247 -0.0015894
 0.0010634 -0.0015006
 0.0000415 -0.0013835
-0.0009857 -0.0012883
-0.0021214 -0.0023008
-0.0030936 -0.0030388
-0.0040662 -0.0039496
-0.0047025 -0.0053627
-0.0050718 -0.0061787
-0.0053096 -0.0066002
-0.0048290 -0.0074597
-0.0043925 -0.0074618
-0.0036326 -0.0070043
-0.0020462 -0.0067209
-0.0011122 -0.0061719
 0.0000809 -0.0052005
 0.0011472 -0.0050915
 0.0019261 -0.0047677
 0.0026948 -0.0044879
 0.0028180 -0.0047774
 0.0032981 -0.0049361
 0.0036025 -0.0044585
 0.0038108 -0.0041731
 0.0038394 -0.0029655
 0.0033153 -0.0020647
 0.0023830 -0.0009512
 0.0012238 -0.0007339
-0.0003028 -0.0005579
-0.0010897 -0.0010908
-0.0014592 -0.0016580
-0.0011758 -0.0020565
-0.0007336 -0.0025139
-0.0001797 -0.0025878
 0.0007941 -0.0022026
 0.0010799 -0.0021639
 0.0013052 -0.0017068
 0.0014937 -0.0016838
 0.0012179 -0.0016414
 0.0013677 -0.0015973
 0.0010875 -0.0016531
 0.0012195 -0.0022247
 0.0007705 -0.0024153
 0.0008568 -0.0029168
 0.0008730 -0.0033411
 0.0013635 -0.0035733
 0.0022367 -0.0034308
 0.0029820 -0.0032629
 0.0039102 -0.0025794
 0.0043640 -0.0023529
 0.0043409 -0.0024300
 0.0044705 -0.0022725
 0.0044160 -0.0025196
 0.0039602 -0.0027021
 0.0036199 -0.0026011
 0.0033385 -0.0028659
 0.0024394 -0.0026689
 0.0023602 -0.0029680
 0.0017792 -0.0027685
 0.0014420 -0.0029575
 0.0011856 -0.0023910
 0.0010236 -0.0018903
 0.0002925 -0.0011240
 0.0000236 -0.0005511
-0.0008187  0.0001732
-0.0016766  0.0006125
-0.0017521  0.0010130
-0.0023080  0.0007506
-0.0025188  0.0007797
-0.0025233  0.0001761
-0.0029912 -0.0003733
-0.0033918 -0.0011142
-0.0031257 -0.0021857
-0.0034636 -0.0025705
-0.0031995 -0.0029936
-0.0029127 -0.0030118
-0.0029554 -0.0029407
-0.0029182 -0.0031596
-0.0023727 -0.0034713
-0.0024074 -0.0031286
-0.0025471 -0.0029812
-0.0023957 -0.0031136
-0.0027676 -0.0031318
-0.0034423 -0.0035743
-0.0032566 -0.0038961
-0.0034108 -0.0041456
-0.0030850 -0.0043229
-0.0024350 -0.0045316
-0.0018052 -0.0037907
-0.0009634 -0.0033745
-0.0006028 -0.0029704
-0.0000299 -0.0019549
 0.0000637 -0.0009734
 0.0007433 -0.0003508
 0.0010938  0.0009820
 0.0017527  0.0016765
 0.0022462  0.0024315
 0.0027433  0.0027941
 0.0029642  0.0034837
 0.0029626  0.0026564
 0.0022730  0.0026051
 0.0024883  0.0020163
 0.0025629  0.0013913
 0.0030147  0.0009915
 0.0036598  0.0006208
 0.0043009  0.0001338
 0.0047870  0.0003018
 0.0051669  0.0001310
 0.0050651 -0.0000006
 0.0051939  0.0001322
 0.0054063 -0.0003664
 0.0058149 -0.0004233
 0.0062780  0.0001686
 0.0068986  0.0002775
 0.0077279  0.0014080
 0.0079242  0.0027331
 0.0079052  0.0037712
 0.0076718  0.0051556
 0.0070145  0.0059841
 0.0065457  0.0064828
 0.0058682  0.0070089
 0.0051672  0.0074486
 0.0044885  0.0071656
 0.0040725  0.0066141
 0.0037499  0.0062883
 0.0037353  0.0053116
 0.0033363  0.0049636
 0.0029769  0.0044657
 0.0024648  0.0046551
 0.0017449  0.0049631
 0.0016419  0.0060153
 0.0011045  0.0068583
 0.0008736  0.0081834
 0.0005829  0.0090454
 0.0002009  0.0102530
 0.0002817  0.0106156
 0.0000100  0.0112478
-0.0001834  0.0113666
-0.0002044  0.0114885
-0.0002436  0.0115354
-0.0009130  0.0112448
-0.0011221  0.0105872
-0.0014774  0.0104463
-0.0012738  0.0100474
-0.0011809  0.0100135
-0.0010375  0.0096732
-0.0006055  0.0093998
-0.0006337  0.0089920
-0.0002279  0.0082237
-0.0001298  0.0072983
-0.0001140  0.0064916
-0.0003248  0.0054984
-0.0003046  0.0044454
-0.0004201  0.0033937
-0.0003607  0.0024534
-0.0004148  0.0013765
-0.0003938  0.0004903
-0.0004519  0.0000115
-0.0006780 -0.0000479
-0.0009239 -0.0000673
-0.0011322  0.0005686
-0.0018371  0.0010883
-0.0021448  0.0010185
-0.0027811  0.0005086
-0.0031885 -0.0003720
-0.0029451 -0.0013789
-0.0032705 -0.0029503
-0.0032931 -0.0039928
-0.0034445 -0.0052279
-0.0033976 -0.0059886
-0.0030645 -0.0062664
-0.0023833 -0.0066787
-0.0011862 -0.0066032
 0.0006271 -0.0063178
 0.0019038 -0.0058918
 0.0034877 -0.0050835
 0.0047233 -0.0040099
 0.0058433 -0.0030212
 0.0060799 -0.0021439
 0.0062346 -0.0017309
 0.0065091 -0.0016655
 0.0069549 -0.0019636
 0.0076853 -0.0024909
 0.0085897 -0.0026400
 0.0095441 -0.0032630
 0.0097484 -0.0035012
 0.0102571 -0.0040047
 0.0103026 -0.0040810
 0.0106409 -0.0042255
 0.0100765 -0.0044912
 0.0100740 -0.0044088
 0.0095936 -0.0043276
 0.0089015 -0.0038080
 0.0082474 -0.0033489
 0.0078461 -0.0025422
 0.0071549 -0.0021599
 0.0069417 -0.0012761
 0.0066906 -0.0006240
 0.0061577 -0.0000289
 0.0056425  0.0006462
 0.0049719  0.0011803
 0.0037408  0.0024210
 0.0028203  0.0026858
 0.0020071  0.0027593
 0.0013910  0.0029466
 0.0011176  0.0029438
 0.0011684  0.0029071
 0.0008171  0.0027173
 0.0008098  0.0029333
 0.0005349  0.0031663
 0.0003192  0.0039972
 0.0001226  0.0048088
 0.0001165  0.0056595
-0.0000406  0.0064093
-0.0000430  0.0071058
-0.0006963  0.0073759
-0.0008420  0.0077789
-0.0012009  0.0079117
-0.0019773  0.0081418
-0.0027993  0.0081600
-0.0033710  0.0081281
-0.0039055  0.0073481
-0.0045959  0.0070296
-0.0046557  0.0065165
-0.0054385  0.0063283
-0.0054724  0.0061757
-0.0061430  0.0056605
-0.0065403  0.0053311
-0.0071322  0.0045611
-0.0072024  0.0033935
-0.0074091  0.0020692
-0.0070190  0.0010554
-0.0063254  0.0001365
-0.0058578 -0.0004962
-0.0050334  0.0002730
-0.0043070  0.0004046
-0.0040155  0.0009246
-0.0029964  0.0017523
-0.0029944  0.0015803
-0.0030897  0.0016607
-0.0034345  0.0013361
-0.0040296  0.0007999
-0.0050560 -0.0000056
-0.0053681 -0.0015208
-0.0057214 -0.0031908
-0.0054182 -0.0036910
-0.0051720 -0.0045203
-0.0044428 -0.0051558
-0.0038424 -0.0050581
-0.0030280 -0.0051159
-0.0026767 -0.0051497
-0.0015777 -0.0051090
-0.0004379 -0.0050867
 0.0005013 -0.0051271
 0.0014057 -0.0047444
 0.0026157 -0.0048788
 0.0031107 -0.0045583
 0.0038972 -0.0044044
 0.0043312 -0.0039615
 0.0044458 -0.0038259
 0.0046089 -0.0035145
 0.0049076 -0.0032177
 0.0043686 -0.0033271
 0.0042487 -0.0027485
 0.0039006 -0.0027267
 0.0033701 -0.0022471
 0.0030108 -0.0019855
 0.0029237 -0.0017759
 0.0029677 -0.0010561
 0.0029544 -0.0006944
 0.0039125 -0.0004687
 0.0046586 -0.0000682
 0.0051693  0.0003129
 0.0056546  0.0008862
 0.0060433  0.0010158
 0.0055107  0.0018007
 0.0047883  0.0025307
 0.0039933  0.0031452
 0.0028934  0.0037783
 0.0015692  0.0043548
 0.0004705  0.0049257
-0.0003633  0.0056125
-0.0013109  0.0063876
-0.0023146  0.0073598
-0.0025331  0.0082969
-0.0031274  0.0089412
-0.0037637  0.0094027
-0.0040851  0.0095565
-0.0046325  0.0091601
-0.0050055  0.0088242
-0.0051860  0.0081597
-0.0046876  0.0070526
-0.0042201  0.0067866
-0.0033326  0.0063449
-0.0028513  0.0062669
-0.0024318  0.0067708
-0.0020507  0.0066360
-0.0022837  0.0062969
-0.0021703  0.0059751
-0.0023241  0.0051196
-0.0024916  0.0040695
-0.0022582  0.0030351
-0.0023139  0.0019397
-0.0024249  0.0012885
-0.0021007  0.0005993
-0.0022740 -0.0002240
-0.0024580 -0.0001073
-0.0029683 -0.0001044
-0.0035335  0.0000753
-0.0042134 -0.0001738
-0.0043724 -0.0009769
-0.0046101 -0.0017884
-0.0048301 -0.0030780
-0.0043214 -0.0047096
-0.0037613 -0.0060940
-0.0034682 -0.0071115
-0.0023773 -0.0075919
-0.0017515 -0.0074022
-0.0012812 -0.0072875
-0.0000664 -0.0070627
-0.0001626 -0.0065177
 0.0004119 -0.0061027
 0.0004114 -0.0062940
 0.0005704 -0.0065835
 0.0007375 -0.0073454
 0.0013290 -0.0075843
 0.0014295 -0.0083240
 0.0017849 -0.0086829
 0.0018265 -0.0087696
 0.0017167 -0.0083973
 0.0018778 -0.0080666
 0.0019594 -0.0074469
 0.0019416 -0.0071994
 0.0024039 -0.0065845
 0.0031711 -0.0060128
 0.0042220 -0.0055388
 0.0048127 -0.0044313
 0.0051146 -0.0033659
 0.0057251 -0.0021668
 0.0053189 -0.0008082
 0.0045283 -0.0000096
 0.0038020  0.0006561
 0.0037414  0.0012145
 0.0036845  0.0007514
 0.0037988  0.0003460
 0.0045243  0.0000610
 0.0053911 -0.0002661
 0.0063080  0.0001344
 0.0069940  0.0005378
 0.0071288  0.0006800
 0.0071417  0.0012598
 0.0069689  0.0015949
 0.0067049  0.0019878
 0.0064833  0.0024521
 0.0066020  0.0028741
 0.0066307  0.0037720
 0.0064228  0.0045875
 0.0064789  0.0060127
 0.0055027  0.0066170
 0.0046350  0.0075278
 0.0037520  0.0071043
 0.0023663  0.0069698
 0.0017336  0.0066489
 0.0008107  0.0059835
-0.0001664  0.0051902
-0.0006626  0.0047962
-0.0012533  0.0040138
-0.0019586  0.0032313
-0.0021435  0.0026931
-0.0024483  0.0019579
-0.0026974  0.0017035
-0.0026191  0.0012783
-0.0024806  0.0010445
-0.0022698  0.0011200
-0.0016589  0.0007147
-0.0015298  0.0004994
-0.0010994  0.0007437
-0.0007773  0.0006786
-0.0009004  0.0009959
-0.0011677  0.0013532
-0.0014588  0.0011711
-0.0024149  0.0014496
-0.0033710  0.0009663
-0.0039661  0.0004822
-0.0047938  0.0000817
-0.0049500 -0.0002772
-0.0051636 -0.0008420
-0.0057761 -0.0007749
-0.0056958 -0.0011802
-0.0064072 -0.0017232
-0.0069381 -0.0020368
-0.0073410 -0.0027559
-0.0073636 -0.0033412
-0.0077072 -0.0037070
-0.0076850 -0.0039008
-0.0078049 -0.0039626
-0.0081505 -0.0045017
-0.0078623 -0.0049211
-0.0073846 -0.0056495
-0.0070790 -0.0065523
-0.0058124 -0.0072362
-0.0053312 -0.0081378
-0.0045616 -0.0083510
-0.0035995 -0.0085666
-0.0029656 -0.0085182
-0.0027169 -0.0081221
-0.0015872 -0.0075710
-0.0009154 -0.0074302
-0.0003086 -0.0070919
 0.0006955 -0.0067301
 0.0018562 -0.0068125
 0.0024214 -0.0063527
 0.0035434 -0.0058278
 0.0038878 -0.0055564
 0.0042095 -0.0049036
 0.0045757 -0.0040585
 0.0046759 -0.0037186
 0.0047910 -0.0026874
 0.0044676 -0.0020746
 0.0041458 -0.0015388
 0.0034199 -0.0008423
 0.0032334 -0.0006263
 0.0027953 -0.0005196
 0.0026229 -0.0008712
 0.0029806 -0.0013436
 0.0032381 -0.0018276
 0.0042640 -0.0020912
 0.0051340 -0.0026237
 0.0056411 -0.0027013
 0.0058280 -0.0026637
 0.0059378 -0.0027053
 0.0057968 -0.0023411
 0.0053984 -0.0017646
 0.0049809 -0.0009777
 0.0040899  0.0002881
 0.0028977  0.0020920
 0.0014911  0.0035653
-0.0002203  0.0045556
-0.0016995  0.0050300
-0.0033011  0.0052553
-0.0045023  0.0051147
-0.0055322  0.0047736
-0.0070058  0.0040642
-0.0079656  0.0036645
-0.0087080  0.0025369
-0.0090855  0.0017338
-0.0094828  0.0008165
-0.0089554  0.0000865
-0.0087168 -0.0000310
-0.0084797 -0.0004965
-0.0083247 -0.0002886
-0.0091253  0.0000517
-0.0104108 -0.0002357
-0.0114456 -0.0007307
-0.0128232 -0.0011275
-0.0132967 -0.0019310
-0.0137711 -0.0024098
-0.0136128 -0.0024543
-0.0128025 -0.0020938
-0.0123455 -0.0018511
-0.0117173 -0.0013494
-0.0113442 -0.0010304
-0.0112567 -0.0010745
-0.0110920 -0.0007919
-0.0110411 -0.0008884
-0.0112757 -0.0012315
-0.0112011 -0.0014984
-0.0114700 -0.0016676
-0.0111284 -0.0025651
-0.0103556 -0.0031198
-0.0096713 -0.0034465
-0.0087116 -0.0038757
-0.0072379 -0.0040001
-0.0058983 -0.0039876
-0.0046326 -0.0035911
-0.0034617 -0.0032322
-0.0023445 -0.0029517
-0.0012471 -0.0027644
-0.0005183 -0.0021366
 0.0005552 -0.0022161
 0.0011830 -0.0025242
 0.0020793 -0.0024644
 0.0027047 -0.0029493
 0.0029647 -0.0031964
 0.0032759 -0.0035008
 0.0033154 -0.0041658
 0.0039512 -0.0048097
 0.0041893 -0.0052154
 0.0048106 -0.0057365
 0.0049213 -0.0061451
 0.0054409 -0.0063824
 0.0054966 -0.0066460
 0.0051163 -0.0072420
 0.0056141 -0.0069202
 0.0052132 -0.0068282
 0.0050000 -0.0067357
 0.0049431 -0.0063744
 0.0038865 -0.0063369
 0.0030781 -0.0062048
 0.0021576 -0.0067531
 0.0010024 -0.0064971
-0.0000142 -0.0069981
-0.0001066 -0.0072860
-0.0002584 -0.0072695
-0.0000448 -0.0070652
 0.0006250 -0.0065533
 0.0007348 -0.0064604
 0.0011353 -0.0058661
 0.0011688 -0.0057878
 0.0005938 -0.0054753
 0.0009378 -0.0056287
 0.0004985 -0.0053933
 0.0008511 -0.0050246
 0.0010526 -0.0041990
 0.0016950 -0.0031556
 0.0021969 -0.0021027
 0.0026697 -0.0012738
 0.0029770 -0.0002304
 0.0027505 -0.0001533
 0.0025171 -0.0006899
 0.0018800 -0.0015152
 0.0006663 -0.0023082
-0.0000888 -0.0029639
-0.0011648 -0.0037302
-0.0021245 -0.0040778
-0.0028467 -0.0043172
-0.0034664 -0.0051182
-0.0036666 -0.0056079
-0.0038991 -0.0064048
-0.0036221 -0.0072830
-0.0033212 -0.0079968
-0.0028808 -0.0081002
-0.0025141 -0.0087232
-0.0019335 -0.0091178
-0.0009322 -0.0089926
-0.0009233 -0.0085050
-0.0005704 -0.0079035
-0.0002885 -0.0072389
-0.0001600 -0.0062906
-0.0002658 -0.0053559
-0.0003364 -0.0049744
-0.0000428 -0.0045157
-0.0000651 -0.0043433
 0.0001969 -0.0045731
 0.0003802 -0.0052453
 0.0010435 -0.0053975
 0.0016079 -0.0058255
 0.0024848 -0.0059665
 0.0031514 -0.0052648
 0.0038632 -0.0051615
 0.0042137 -0.0040379
 0.0043332 -0.0027084
 0.0038911 -0.0016059
 0.0029508 -0.0005388
 0.0027723 -0.0000967
 0.0023467 -0.0002897
 0.0029394 -0.0001520
 0.0043069 -0.0005541
 0.0053623 -0.0002868
 0.0063289  0.0004221
 0.0073323  0.0010128
 0.0071837  0.0014682
 0.0073363  0.0018263
 0.0075087  0.0017116
 0.0071970  0.0007503
 0.0070347 -0.0000184
 0.0070265 -0.0015131
 0.0066538 -0.0023000
 0.0070325 -0.0029088
 0.0071823 -0.0032859
 0.0065468 -0.0030331
 0.0062375 -0.0023201
 0.0058672 -0.0014330
 0.0051316 -0.0002932
 0.0046051  0.0006883
 0.0043034  0.0018116
 0.0037538  0.0025295
 0.0036666  0.0035538
 0.0029232  0.0046573
 0.0020184  0.0056054
 0.0017846  0.0059385
 0.0013227  0.0066043
 0.0010756  0.0069803
 0.0009807  0.0072258
 0.0010768  0.0073382
 0.0005745  0.0072559
 0.0008987  0.0075382
 0.0002810  0.0070150
-0.0001631  0.0070671
-0.0007183  0.0069259
-0.0017143  0.0071682
-0.0020869  0.0070608
-0.0025746  0.0076015
-0.0031143  0.0075389
-0.0033917  0.0073204
-0.0033028  0.0069517
-0.0034057  0.0061002
-0.0034569  0.0057158
-0.0040674  0.0054130
-0.0046390  0.0045716
-0.0054441  0.0037525
-0.0062714  0.0026878
-0.0065589  0.0011217
-0.0061180  0.0001334
-0.0053064 -0.0008226
-0.0043806 -0.0015898
-0.0038957 -0.0017477
-0.0036397 -0.0020755
-0.0038629 -0.0021405
-0.0042481 -0.0022354
-0.0046466 -0.0028883
-0.0049708 -0.0038258
-0.0044350 -0.0042856
-0.0035346 -0.0051674
-0.0026516 -0.0056871
-0.0013104 -0.0057068
-0.0007128 -0.0056254
-0.0001000 -0.0055931
 0.0003010 -0.0051793
-0.0003160 -0.0048624
-0.0006858 -0.0041575
-0.0011824 -0.0035785
-0.0015825 -0.0035769
-0.0020206 -0.0029446
-0.0019007 -0.0031013
-0.0020884 -0.0034348
-0.0020549 -0.0037752
-0.0021477 -0.0045925
-0.0023424 -0.0054752
-0.0020549 -0.0062141
-0.0015958 -0.0065896
-0.0013484 -0.0068731
-0.0004500 -0.0061920
 0.0005254 -0.0058743
 0.0013809 -0.0053495
 0.0020826 -0.0046685
 0.0027075 -0.0041355
 0.0027943 -0.0035291
 0.0027099 -0.0030495
 0.0023974 -0.0025916
 0.0016649 -0.0021350
 0.0007387 -0.0015633
 0.0004419 -0.0013691
-0.0002336 -0.0009335
 0.0004467 -0.0003776
 0.0007244 -0.0002027
 0.0013135  0.0004659
 0.0019061  0.0009661
 0.0027096  0.0016582
 0.0035522  0.0023276
 0.0038942  0.0030406
 0.0039644  0.0034774
 0.0039942  0.0041113
 0.0032492  0.0044392
 0.0023387  0.0044654
 0.0013358  0.0044352
 0.0002929  0.0039908
-0.0006656  0.0033909
-0.0013330  0.0030752
-0.0019653  0.0027430
-0.0021913  0.0025956
-0.0022450  0.0027919
-0.0026302  0.0033757
-0.0031704  0.0035324
-0.0034030  0.0042059
-0.0039449  0.0045616
-0.0039073  0.0042419
-0.0042005  0.0041910
-0.0040499  0.0038132
-0.0038544  0.0033614
-0.0035847  0.0030223
-0.0033667  0.0024926
-0.0034555  0.0020921
-0.0031223  0.0020739
-0.0031364  0.0012899
-0.0027682  0.0013278
-0.0024549  0.0012648
-0.0023584  0.0013859
-0.0021690  0.0016838
-0.0021912  0.0015606
-0.0025942  0.0011165
-0.0032087 -0.0001452
-0.0035078 -0.0016883
-0.0036325 -0.0033900
-0.0041420 -0.0045318
-0.0040717 -0.0053316
-0.0040757 -0.0063066
-0.0038733 -0.0061144
-0.0037683 -0.0059053
-0.0044478 -0.0056170
-0.0040375 -0.0052318
-0.0042135 -0.0057813
-0.0036037 -0.0060878
-0.0029775 -0.0069255
-0.0020988 -0.0077512
-0.0014742 -0.0085046
-0.0006957 -0.0088341
 0.0000222 -0.0094579
-0.0004199 -0.0091326
-0.0001890 -0.0092962
-0.0003234 -0.0090955
-0.0004401 -0.0088776
 0.0002124 -0.0086127
 0.0012657 -0.0087431
 0.0022061 -0.0083802
 0.0035344 -0.0085501
 0.0042248 -0.0087036
 0.0049879 -0.0086874
 0.0055071 -0.0088433
 0.0056577 -0.0085215
 0.0050840 -0.0085005
 0.0045082 -0.0079647
 0.0042050 -0.0075836
 0.0039967 -0.0073002
 0.0042103 -0.0066349
 0.0045337 -0.0061513
 0.0054482 -0.0053580
 0.0059168 -0.0043511
 0.0060363 -0.0031907
 0.0058279 -0.0022714
 0.0050643 -0.0010981
 0.0040375 -0.0003092
 0.0030491  0.0005565
 0.0025852  0.0016184
 0.0022569  0.0020080
 0.0024806  0.0028180
 0.0027636  0.0032233
 0.0030470  0.0041277
 0.0034398  0.0043619
 0.0039484  0.0050011
 0.0043784  0.0049252
 0.0053514  0.0053306
 0.0059784  0.0052337
 0.0064596  0.0053273
 0.0067895  0.0059341
 0.0068756  0.0061368
 0.0061937  0.0065914
 0.0060290  0.0068925
 0.0055901  0.0063733
 0.0049232  0.0059312
 0.0048044  0.0056449
 0.0045509  0.0050337
 0.0038673  0.0049675
 0.0038377  0.0043615
 0.0037501  0.0039377
 0.0033927  0.0028602
 0.0032368  0.0017455
 0.0033107  0.0013027
 0.0032312  0.0007032
 0.0036402  0.0006996
 0.0037407  0.0008232
 0.0038372  0.0016764
 0.0040525  0.0020895
 0.0041926  0.0025546
 0.0039612  0.0030791
 0.0036503  0.0027384
 0.0028214  0.0024174
 0.0024867  0.0022870
 0.0017922  0.0017198
 0.0010114  0.0013213
 0.0009065  0.0012895
 0.0012263  0.0014057
 0.0011218  0.0013048
 0.0016314  0.0010738
 0.0020743  0.0003567
 0.0018478  0.0002005
 0.0022148 -0.0006429
 0.0025677 -0.0016963
 0.0025932 -0.0022180
 0.0033870 -0.0027364
 0.0038554 -0.0031401
 0.0042046 -0.0028434
 0.0047218 -0.0025003
 0.0048063 -0.0022177
 0.0049217 -0.0012628
 0.0047877 -0.0008240
 0.0043125 -0.0006371
 0.0044676 -0.0006238
 0.0044058 -0.0004974
 0.0042858 -0.0007183
 0.0049499 -0.0004588
 0.0052334 -0.0008670
 0.0056512 -0.0006082
 0.0060909 -0.0005319
 0.0063432 -0.0006874
 0.0066715 -0.0004431
 0.0068904 -0.0000051
 0.0069599  0.0001080
 0.0072418  0.0001774
 0.0070807  0.0006485
 0.0068240  0.0008083
 0.0061809  0.0013117
 0.0058426  0.0016621
 0.0055802  0.0014230
 0.0050460  0.0012405
 0.0054704  0.0007814
 0.0056069  0.0005331
 0.0055693  0.0005501
 0.0063954  0.0003826
 0.0062803  0.0006857
 0.0062145  0.0010499
 0.0057283  0.0010285
 0.0051679  0.0014137
 0.0049874  0.0020831
 0.0052139  0.0023149
 0.0053224  0.0021574
 0.0060847  0.0022155
 0.0065356  0.0018106
 0.0066075  0.0021497
 0.0064011  0.0024678
 0.0056605  0.0026345
 0.0044222  0.0027443
 0.0036300  0.0026506
 0.0021684  0.0014410
 0.0016565  0.0010001
 0.0017769  0.0002875
 0.0014612 -0.0004074
 0.0021597 -0.0006234
 0.0028130 -0.0008778
 0.0032204 -0.0008637
 0.0039830 -0.0010361
 0.0043613 -0.0019175
 0.0048389 -0.0024827
 0.0051405 -0.0032970
 0.0048922 -0.0042396
 0.0045478 -0.0053931
 0.0043358 -0.0055537
 0.0038800 -0.0066567
 0.0032849 -0.0070123
 0.0034468 -0.0068004
 0.0032550 -0.0070091
 0.0033854 -0.0065997
 0.0039962 -0.0065181
 0.0039793 -0.0064361
 0.0039926 -0.0062588
 0.0040321 -0.0057033
 0.0036990 -0.0061038
 0.0030978 -0.0064902
 0.0025890 -0.0073497
 0.0023948 -0.0089728
 0.0026023 -0.0102651
 0.0031813 -0.0113875
 0.0033017 -0.0119898
 0.0034987 -0.0122316
 0.0032383 -0.0121343
 0.0030894 -0.0115957
 0.0030349 -0.0109267
 0.0026913 -0.0104325
 0.0027293 -0.0100740
 0.0024757 -0.0097927
 0.0025677 -0.0095500
 0.0029541 -0.0093066
 0.0031467 -0.0090676
 0.0036074 -0.0084225
 0.0039207 -0.0075048
 0.0040064 -0.0064942
 0.0038558 -0.0055923
 0.0035958 -0.0051094
 0.0031639 -0.0045881
 0.0025421 -0.0044633
 0.0022107 -0.0051549
 0.0015357 -0.0055558
 0.0012019 -0.0057525
 0.0010397 -0.0066202
 0.0007575 -0.0065867
 0.0011794 -0.0063037
 0.0009868 -0.0055155
 0.0014818 -0.0049386
 0.0021112 -0.0044383
 0.0031791 -0.0038997
 0.0039199 -0.0032736
 0.0050080 -0.0028783
 0.0057302 -0.0024447
 0.0062050 -0.0021650
 0.0064666 -0.0012618
 0.0060576 -0.0006287
 0.0058020  0.0001070
 0.0054075  0.0008467
 0.0049980  0.0019090
 0.0049689  0.0026087
 0.0044630  0.0034239
 0.0041497  0.0037381
 0.0034544  0.0041851
 0.0022835  0.0045335
 0.0012644  0.0047806
 0.0000658  0.0040684
-0.0009254  0.0038729
-0.0015516  0.0041559
-0.0023304  0.0039403
-0.0022480  0.0041462
-0.0024951  0.0048677
-0.0024030  0.0051309
-0.0023263  0.0059121
-0.0021984  0.0071701
-0.0017236  0.0079505
-0.0018480  0.0084625
-0.0016615  0.0092037
-0.0018141  0.0089865
-0.0019550  0.0092477
-0.0022672  0.0092218
-0.0026354  0.0089113
-0.0028934  0.0085850
-0.0036658  0.0081317
-0.0043566  0.0077938
-0.0048516  0.0075403
-0.0053054  0.0070506
-0.0061019  0.0065411
-0.0064600  0.0059888
-0.0066853  0.0050654
-0.0068355  0.0044323
-0.0067996  0.0044040
-0.0069042  0.0041715
-0.0072571  0.0039752
-0.0075894  0.0045045
-0.0079819  0.0044314
-0.0081583  0.0044912
-0.0083517  0.0041456
-0.0078362  0.0039220
-0.0075879  0.0036228
-0.0077631  0.0035453
-0.0070913  0.0029756
-0.0070695  0.0025384
-0.0076068  0.0020006
-0.0076000  0.0009493
-0.0069579 -0.0002761
-0.0066285 -0.0018495
-0.0057963 -0.0034431
-0.0047744 -0.0052814
-0.0040404 -0.0065075
-0.0028505 -0.0083927
-0.0025008 -0.0094368
-0.0019416 -0.0098830
-0.0013651 -0.0104115
-0.0011955 -0.0103619
-0.0010264 -0.0101976
-0.0006295 -0.0098540
 0.0001077 -0.0093744
 0.0007896 -0.0091806
 0.0012950 -0.0087368
 0.0018008 -0.0084833
 0.0023611 -0.0080407
 0.0025836 -0.0081695
 0.0025420 -0.0080290
 0.0027354 -0.0081367
 0.0031093 -0.0082865
 0.0034981 -0.0083761
 0.0042507 -0.0083773
 0.0050534 -0.0084549
 0.0055871 -0.0082437
 0.0062726 -0.0078416
 0.0069243 -0.0075141
 0.0073910 -0.0068415
 0.0072102 -0.0060772
 0.0073007 -0.0052354
 0.0069124 -0.0043960
 0.0062919 -0.0030447
 0.0054195 -0.0022243
 0.0044683 -0.0013894
 0.0035571 -0.0009534
 0.0024133 -0.0005166
 0.0019365 -0.0001367
 0.0011960  0.0004536
 0.0009304  0.0005489
 0.0012001  0.0009667
 0.0012849  0.0008339
 0.0010180  0.0011714
 0.0012127  0.0011690
 0.0007912  0.0011471
 0.0004815  0.0014883
-0.0000790  0.0020047
-0.0001004  0.0024113
-0.0005090  0.0026430
-0.0005744  0.0030286
-0.0003302  0.0034158
-0.0004497  0.0033924
-0.0001736  0.0032167
-0.0004256  0.0030427
-0.0010647  0.0026725
-0.0016094  0.0024399
-0.0023967  0.0021912
-0.0032426  0.0022691
-0.0037408  0.0021973
-0.0033560  0.0021852
-0.0033165  0.0022329
-0.0025110  0.0019374
-0.0017955  0.0014699
-0.0013522  0.0008296
-0.0006614  0.0002018
-0.0003541 -0.0010780
-0.0003772 -0.0022158
 0.0000044 -0.0030835
 0.0002680 -0.0040122
 0.0002595 -0.0043873
 0.0005970 -0.0048734
 0.0004746 -0.0052215
 0.0002380 -0.0050725
 0.0003320 -0.0055869
 0.0000066 -0.0057375
 0.0001786 -0.0054023
 0.0003894 -0.0049933
 0.0005634 -0.0040053
 0.0008311 -0.0031170
 0.0012744 -0.0025194
 0.0017932 -0.0014826
 0.0026156 -0.0007542
 0.0033299 -0.0004090
 0.0041531  0.0001255
 0.0051124  0.0001061
 0.0058614  0.0000666
 0.0065901  0.0000472
 0.0072402  0.0001477
 0.0073281  0.0005693
 0.0074912  0.0015302
 0.0079821  0.0021830
 0.0076243  0.0034290
 0.0075730  0.0045450
 0.0074466  0.0058972
 0.0071126  0.0071141
 0.0065950  0.0083739
 0.0062349  0.0093042
 0.0056483  0.0103253
 0.0050827  0.0107294
 0.0043237  0.0109204
 0.0032142  0.0105925
 0.0026986  0.0100725
 0.0016869  0.0096102
 0.0008814  0.0094580
 0.0005015  0.0092125
 0.0003723  0.0093312
 0.0004922  0.0099321
 0.0007995  0.0105151
 0.0004547  0.0106003
 0.0006045  0.0111018
 0.0002944  0.0107429
-0.0003440  0.0107264
-0.0008858  0.0101490
-0.0014612  0.0097666
-0.0019174  0.0092640
-0.0024531  0.0089184
-0.0026461  0.0086898
-0.0031391  0.0082906
-0.0029239  0.0079466
-0.0036538  0.0073010
-0.0038387  0.0065763
-0.0042760  0.0058322
-0.0045816  0.0052432
-0.0050217  0.0045762
-0.0051925  0.0043453
-0.0051557  0.0044313
-0.0053806  0.0042226
-0.0058974  0.0039969
-0.0060814  0.0036953
-0.0066123  0.0028079
-0.0070592  0.0016495
-0.0072627  0.0011799
-0.0076381  0.0001627
-0.0074584 -0.0002988
-0.0077208 -0.0006348
-0.0083502 -0.0007055
-0.0085755 -0.0007528
-0.0085161 -0.0009491
-0.0085056 -0.0014530
-0.0080631 -0.0019367
-0.0069794 -0.0024244
-0.0062029 -0.0023777
-0.0050082 -0.0017770
-0.0036617 -0.0014035
-0.0027540 -0.0010503
-0.0014293 -0.0007738
-0.0002585 -0.0009135
 0.0007404 -0.0011659
 0.0021071 -0.0014356
 0.0032029 -0.0017235
 0.0037456 -0.0014340
 0.0041122 -0.0012983
 0.0041651 -0.0006450
 0.0038889 -0.0000491
 0.0031677  0.0006639
 0.0025225  0.0009748
 0.0015865  0.0014529
 0.0006179  0.0016661
-0.0003710  0.0013637
-0.0009791  0.0012143
-0.0011063  0.0006600
-0.0010377  0.0002878
-0.0001689  0.0003900
 0.0007039  0.0006908
 0.0021352  0.0009533
 0.0034385  0.0010224
 0.0044188  0.0015445
 0.0061101  0.0016773
 0.0070408  0.0020742
 0.0078470  0.0032914
 0.0085007  0.0038764
 0.0083998  0.0047307
 0.0078809  0.0053032
 0.0075160  0.0059795
 0.0069398  0.0061559
 0.0066976  0.0064350
 0.0064727  0.0065929
 0.0059176  0.0072259
 0.0054206  0.0074112
 0.0051149  0.0079191
 0.0046247  0.0080850
 0.0040017  0.0089393
 0.0034550  0.0094944
 0.0029611  0.0100544
 0.0022800  0.0102972
 0.0015859  0.0104652
 0.0010235  0.0112275
 0.0004671  0.0111626
-0.0003767  0.0115951
-0.0004365  0.0119096
-0.0011083  0.0122032
-0.0015141  0.0120203
-0.0017487  0.0118564
-0.0017754  0.0115400
-0.0022963  0.0108831
-0.0022975  0.0100902
-0.0027727  0.0096409
-0.0032822  0.0095207
-0.0039620  0.0092365
-0.0050779  0.0086292
-0.0057359  0.0084807
-0.0068922  0.0075561
-0.0075470  0.0064038
-0.0071690  0.0051723
-0.0066364  0.0036094
-0.0055898  0.0022152
-0.0042598  0.0015381
-0.0031584  0.0014145
-0.0020077  0.0018852
-0.0017166  0.0022514
-0.0011009  0.0029212
-0.0011194  0.0028716
-0.0006180  0.0023605
-0.0002259  0.0012345
 0.0001323 -0.0001056
 0.0011987 -0.0015865
 0.0016477 -0.0029952
 0.0016521 -0.0035703
 0.0018331 -0.0045309
 0.0013732 -0.0050490
 0.0007022 -0.0052598
 0.0002847 -0.0059435
 0.0001147 -0.0062023
-0.0002801 -0.0063065
-0.0005804 -0.0067894
-0.0007661 -0.0069041
-0.0010144 -0.0066674
-0.0011085 -0.0070308
-0.0011864 -0.0070671
-0.0003393 -0.0073679
 0.0000842 -0.0074995
 0.0007738 -0.0071478
 0.0014828 -0.0068426
 0.0021336 -0.0068446
 0.0023997 -0.0068471
 0.0023815 -0.0071439
 0.0023762 -0.0076090
 0.0016381 -0.0075767
 0.0013764 -0.0080839
 0.0010937 -0.0083936
 0.0007117 -0.0087408
 0.0012462 -0.0090372
 0.0018989 -0.0094623
 0.0031678 -0.0089302
 0.0036106 -0.0080784
 0.0041124 -0.0070642
 0.0038128 -0.0060520
 0.0030839 -0.0048828
 0.0024415 -0.0046272
 0.0019178 -0.0041253
 0.0013578 -0.0040288
 0.0011289 -0.0041636
 0.0006161 -0.0040070
 0.0002556 -0.0040441
 0.0002056 -0.0035362
-0.0000052 -0.0025514
 0.0000138 -0.0014228
 0.0000885 -0.0001182
-0.0000912  0.0012760
 0.0002499  0.0023480
 0.0003589  0.0029125
 0.0005236  0.0035262
 0.0006746  0.0029468
 0.0010500  0.0024239
 0.0011029  0.0023024
 0.0003887  0.0020100
-0.0001128  0.0018872
-0.0003772  0.0015057
-0.0010083  0.0014129
-0.0012905  0.0011529
-0.0009586  0.0009713
-0.0012238  0.0013109
-0.0013793  0.0014147
-0.0016663  0.0013469
-0.0014972  0.0011996
-0.0021763  0.0008180
-0.0025373  0.0006897
-0.0026479  0.0007305
-0.0029704  0.0008451
-0.0026547  0.0003840
-0.0027269  0.0001494
-0.0026437 -0.0001421
-0.0025028 -0.0008543
-0.0030002 -0.0016045
-0.0034015 -0.0023938
-0.0036457 -0.0034113
-0.0040664 -0.0040096
-0.0041120 -0.0044085
-0.0042375 -0.0044832
-0.0042294 -0.0047905
-0.0044090 -0.0047258
-0.0044525 -0.0050117
-0.0044969 -0.0049547
-0.0042695 -0.0053403
-0.0039258 -0.0054962
-0.0036593 -0.0057700
-0.0027996 -0.0056420
-0.0020550 -0.0054357
-0.0013120 -0.0046722
-0.0003273 -0.0039685
 0.0002929 -0.0030488
 0.0006983 -0.0021823
 0.0009482 -0.0021052
 0.0010084 -0.0026943
 0.0011618 -0.0031000
 0.0011990 -0.0039443
 0.0020181 -0.0043053
 0.0029491 -0.0045343
 0.0037436 -0.0037265
 0.0043980 -0.0026894
 0.0046136 -0.0018255
 0.0047322 -0.0005900
 0.0046066  0.0000180
 0.0045238  0.0005339
 0.0042678  0.0008226
 0.0043735  0.0013600
 0.0044817  0.0024320
 0.0044970  0.0035023
 0.0040831  0.0043582
 0.0035041  0.0051980
 0.0029376  0.0053861
 0.0021450  0.0051127
 0.0014432  0.0048826
 0.0012898  0.0040420
 0.0006951  0.0042940
 0.0006963  0.0048140
 0.0008364  0.0053534
 0.0007056  0.0060257
 0.0009200  0.0067379
 0.0007489  0.0072757
 0.0004787  0.0071433
 0.0004759  0.0073391
 0.0003136  0.0072830
 0.0000987  0.0064977
 0.0003010  0.0060068
 0.0007539  0.0056297
 0.0011334  0.0050633
 0.0024331  0.0048623
 0.0031445  0.0046863
 0.0038518  0.0049500
 0.0046997  0.0049647
 0.0044571  0.0049938
 0.0044047  0.0054573
 0.0046405  0.0049038
 0.0045848  0.0049405
 0.0049271  0.0048593
 0.0050006  0.0043870
 0.0053179  0.0042723
 0.0051337  0.0038944
 0.0058193  0.0033870
 0.0053537  0.0029122
 0.0051781  0.0026688
 0.0049855  0.0028913
 0.0043617  0.0030645
 0.0034921  0.0039289
 0.0026383  0.0047514
 0.0016931  0.0054821
 0.0007654  0.0058826
-0.0000469  0.0060781
-0.0009165  0.0061593
-0.0017704  0.0057196
-0.0025685  0.0052444
-0.0027344  0.0050559
-0.0024009  0.0049961
-0.0020549  0.0050546
-0.0016265  0.0051438
-0.0013927  0.0051563
-0.0014129  0.0041360
-0.0013895  0.0033826
-0.0010794  0.0021851
-0.0009150  0.0011813
-0.0006912  0.0005817
-0.0002951  0.0003281
 0.0000255 -0.0000122
 0.0000636 -0.0001067
 0.0005328 -0.0003756
 0.0001969 -0.0007167
 0.0002761 -0.0005827
 0.0001420 -0.0010309
-0.0000732 -0.0009211
-0.0004043 -0.0007411
-0.0006603 -0.0003684
-0.0008610 -0.0002280
-0.0007714 -0.0001178
-0.0002801 -0.0003900
 0.0004204 -0.0006770
 0.0006828 -0.0009039
 0.0014434 -0.0013238
 0.0017462 -0.0015119
 0.0018188 -0.0016868
 0.0021237 -0.0017490
 0.0022379 -0.0018697
 0.0024462 -0.0017417
 0.0028496 -0.0017107
 0.0030406 -0.0014709
 0.0033227 -0.0010357
 0.0035525 -0.0011972
 0.0037725 -0.0012449
 0.0036893 -0.0011582
 0.0042730 -0.0014142
 0.0036129 -0.0019819
 0.0040481 -0.0025028
 0.0036225 -0.0035247
 0.0030863 -0.0038392
 0.0032034 -0.0045305
 0.0030957 -0.0042285
 0.0030250 -0.0034605
 0.0039456 -0.0027293
 0.0040990 -0.0017882
 0.0044930 -0.0002883
 0.0050958  0.0007224
 0.0049673  0.0016398
 0.0047577  0.0021914
 0.0047620  0.0027091
 0.0040659  0.0026668
 0.0034482  0.0023382
 0.0027731  0.0015469
 0.0022002  0.0006184
 0.0015490 -0.0001749
 0.0012841 -0.0007026
 0.0006357 -0.0007147
 0.0000653 -0.0001732
-0.0008920 -0.0002418
-0.0016737  0.0006807
-0.0024524  0.0010078
-0.0035805  0.0011814
-0.0045576  0.0016376
-0.0055895  0.0023086
-0.0062367  0.0024168
-0.0073179  0.0026053
-0.0076752  0.0031968
-0.0079509  0.0028798
-0.0081123  0.0028536
-0.0072640  0.0021958
-0.0066103  0.0015215
-0.0056094  0.0015558
-0.0048568  0.0014061
-0.0046024  0.0015001
-0.0048673  0.0018792
-0.0050405  0.0022087
-0.0056158  0.0023981
-0.0053251  0.0029940
-0.0054385  0.0035487
-0.0055149  0.0034341
-0.0051074  0.0040688
-0.0043730  0.0043405
-0.0042151  0.0046655
-0.0037149  0.0049619
-0.0028080  0.0047023
-0.0022460  0.0044395
-0.0011490  0.0044711
-0.0001573  0.0035352
 0.0009797  0.0029009
 0.0025192  0.0025731
 0.0040199  0.0024217
 0.0047644  0.0027216
 0.0057613  0.0033571
 0.0065962  0.0038311
 0.0065376  0.0048421
 0.0073911  0.0055086
 0.0071533  0.0059212
 0.0070341  0.0058315
 0.0076640  0.0056280
 0.0075267  0.0048995
 0.0072574  0.0043624
 0.0069303  0.0034116
 0.0063546  0.0031099
 0.0054679  0.0031187
 0.0050670  0.0032701
 0.0044125  0.0037017
 0.0043552  0.0046222
 0.0046713  0.0055492
 0.0042243  0.0058936
 0.0039473  0.0065493
 0.0036654  0.0064565
 0.0030181  0.0061880
 0.0026644  0.0061678
 0.0022731  0.0059615
 0.0020749  0.0063471
 0.0017858  0.0064460
 0.0017619  0.0067788
 0.0012593  0.0072047
 0.0010283  0.0077070
 0.0008894  0.0080147
 0.0000819  0.0082036
-0.0002694  0.0082008
-0.0005028  0.0075253
-0.0010583  0.0069463
-0.0013095  0.0063289
-0.0020160  0.0052978
-0.0023838  0.0047875
-0.0026874  0.0044649
-0.0035507  0.0041415
-0.0037796  0.0042001
-0.0043590  0.0040870
-0.0050171  0.0038920
-0.0059409  0.0040059
-0.0061214  0.0036421
-0.0069705  0.0028095
-0.0074159  0.0021122
-0.0070129  0.0008198
-0.0075342 -0.0004751
-0.0069782 -0.0017433
-0.0067126 -0.0034741
-0.0062903 -0.0045432
-0.0055623 -0.0052251
-0.0050378 -0.0059482
-0.0052066 -0.0064052
-0.0048541 -0.0059740
-0.0048637 -0.0063139
-0.0046444 -0.0057725
-0.0045394 -0.0054191
-0.0040088 -0.0050057
-0.0044387 -0.0047266
-0.0044912 -0.0042962
-0.0052466 -0.0046357
-0.0060661 -0.0043111
-0.0062789 -0.0043684
-0.0067428 -0.0056790
-0.0068971 -0.0071398
-0.0064223 -0.0081726
-0.0062475 -0.0094928
-0.0060169 -0.0106209
-0.0051956 -0.0111538
-0.0051059 -0.0114239
-0.0045499 -0.0110416
-0.0034290 -0.0106035
-0.0025355 -0.0094771
-0.0015164 -0.0082146
-0.0005002 -0.0071786
 0.0002088 -0.0056496
 0.0008754 -0.0045603
 0.0018120 -0.0038319
 0.0023292 -0.0030471
 0.0030564 -0.0025553
 0.0037460 -0.0021771
 0.0037605 -0.0021666
 0.0038699 -0.0016737
 0.0041084 -0.0016414
 0.0038900 -0.0013814
 0.0042383 -0.0011190
 0.0044995 -0.0006587
 0.0048338  0.0000716
 0.0056905  0.0012619
 0.0061455  0.0020928
 0.0066986  0.0036646
 0.0075045  0.0048169
 0.0076401  0.0059696
 0.0082752  0.0068486
 0.0078190  0.0072858
 0.0066530  0.0073984
 0.0060479  0.0076270
 0.0048270  0.0079483
 0.0037809  0.0080553
 0.0030800  0.0087614
 0.0026989  0.0097865
 0.0023384  0.0108527
 0.0022657  0.0117090
 0.0019032  0.0125435
 0.0016016  0.0127870
 0.0012762  0.0127082
 0.0007998  0.0116141
 0.0004929  0.0115963
 0.0003205  0.0107723
 0.0005078  0.0100641
 0.0005793  0.0095267
 0.0008195  0.0091246
 0.0012288  0.0083983
 0.0014133  0.0081273
 0.0015033  0.0077046
 0.0015570  0.0076477
 0.0009808  0.0077215
 0.0009037  0.0078152
 0.0001176  0.0074918
-0.0003100  0.0074571
-0.0002935  0.0073918
-0.0003714  0.0069659
-0.0006274  0.0065771
-0.0004942  0.0062736
-0.0006310  0.0060404
-0.0010489  0.0057489
-0.0009326  0.0055730
-0.0004877  0.0052767
-0.0003459  0.0050349
 0.0000768  0.0048665
 0.0000106  0.0042318
-0.0001242  0.0042112
-0.0002768  0.0038995
-0.0005998  0.0036463
-0.0013500  0.0037747
-0.0016952  0.0035648
-0.0024195  0.0034271
-0.0034329  0.0037739
-0.0035080  0.0037396
-0.0042533  0.0033346
-0.0037897  0.0033532
-0.0030206  0.0024871
-0.0020435  0.0017325
-0.0011266  0.0013747
-0.0000163 -0.0000179
 0.0007027 -0.0011056
 0.0016115 -0.0020322
 0.0024443 -0.0028422
 0.0031238 -0.0029795
 0.0036857 -0.0031713
 0.0040418 -0.0028640
 0.0041532 -0.0021554
 0.0037882 -0.0012955
 0.0032294 -0.0008417
 0.0025208 -0.0003144
 0.0019253 -0.0003052
 0.0012725 -0.0004082
 0.0004847 -0.0003982
 0.0002138 -0.0006679
-0.0000906 -0.0003792
-0.0001600  0.0001768
 0.0000407  0.0008357
-0.0001866  0.0016820
 0.0001877  0.0023393
 0.0003827  0.0030693
 0.0011721  0.0037621
 0.0018451  0.0039394
 0.0026890  0.0040432
 0.0038958  0.0043146
 0.0044566  0.0036339
 0.0052060  0.0031817
 0.0053037  0.0032347
 0.0053893  0.0036845
 0.0050333  0.0037883
 0.0038660  0.0048849
 0.0028547  0.0056698
 0.0020904  0.0062678
 0.0010960  0.0070579
 0.0008440  0.0074488
 0.0009228  0.0077892
 0.0011335  0.0077428
 0.0019394  0.0081628
 0.0022640  0.0083231
 0.0026512  0.0084867
 0.0032003  0.0087431
 0.0031026  0.0086519
 0.0027698  0.0084836
 0.0026887  0.0082773
 0.0025106  0.0079579
 0.0023366  0.0077900
 0.0018169  0.0075272
 0.0020487  0.0075119
 0.0018396  0.0074880
 0.0019905  0.0074836
 0.0021997  0.0074411
 0.0021985  0.0071678
 0.0025416  0.0070523
 0.0023111  0.0065859
 0.0020208  0.0062177
 0.0013712  0.0055551
 0.0010219  0.0052542
 0.0007828  0.0047447
 0.0002575  0.0048883
-0.0001701  0.0050478
-0.0008080  0.0052165
-0.0014734  0.0055072
-0.0022324  0.0058387
-0.0027737  0.0061351
-0.0032730  0.0062022
-0.0032948  0.0059543
-0.0031559  0.0058949
-0.0032136  0.0050858
-0.0030505  0.0046037
-0.0026646  0.0037728
-0.0027176  0.0034114
-0.0028238  0.0029871
-0.0027932  0.0025256
-0.0033007  0.0014092
-0.0035733  0.0007688
-0.0039839 -0.0007554
-0.0039900 -0.0017983
-0.0039529 -0.0025646
-0.0034873 -0.0025823
-0.0032071 -0.0028476
-0.0032127 -0.0022108
-0.0030261 -0.0020130
-0.0033357 -0.0017465
-0.0031378 -0.0016468
-0.0031721 -0.0017114
-0.0022185 -0.0021531
-0.0018095 -0.0022743
-0.0006666 -0.0020833
-0.0001042 -0.0018705
 0.0005789 -0.0016182
 0.0008409 -0.0017106
 0.0013956 -0.0023437
 0.0014513 -0.0027289
 0.0019669 -0.0035998
 0.0016803 -0.0037993
 0.0022750 -0.0038461
 0.0022387 -0.0035087
 0.0024106 -0.0032487
 0.0024639 -0.0024432
 0.0023274 -0.0017350
 0.0017509 -0.0010091
 0.0013653 -0.0005291
 0.0008069  0.0000471
-0.0000943  0.0002578
-0.0009567  0.0007783
-0.0013786  0.0011683
-0.0019160  0.0018322
-0.0021804  0.0030939
-0.0023681  0.0039552
-0.0023810  0.0047164
-0.0021044  0.0049776
-0.0021924  0.0051186
-0.0021104  0.0053120
-0.0018015  0.0050992
-0.0017656  0.0052716
-0.0023074  0.0050754
-0.0028501  0.0049627
-0.0037796  0.0049288
-0.0048374  0.0048005
-0.0055852  0.0043616
-0.0064330  0.0043018
-0.0068780  0.0041080
-0.0068812  0.0036990
-0.0069991  0.0040563
-0.0070960  0.0040918
-0.0069995  0.0040906
-0.0066685  0.0041083
-0.0064573  0.0040163
-0.0060317  0.0040224
-0.0058347  0.0040809
-0.0054701  0.0040260
-0.0053179  0.0040438
-0.0050074  0.0040204
-0.0051006  0.0036319
-0.0048544  0.0031886
-0.0054042  0.0025854
-0.0058011  0.0022522
-0.0067361  0.0016914
-0.0071718  0.0008152
-0.0078020  0.0001885
-0.0074972 -0.0005887
-0.0073615 -0.0011387
-0.0065920 -0.0015102
-0.0054356 -0.0010370
-0.0048283 -0.0004819
-0.0042808  0.0004366
-0.0040203  0.0007221
-0.0040752  0.0015078
-0.0036868  0.0013297
-0.0035507  0.0009986
-0.0029358  0.0004935
-0.0020726 -0.0000533
-0.0013050 -0.0006545
-0.0003066 -0.0009339
 0.0002688 -0.0014592
 0.0005942 -0.0017548
 0.0012903 -0.0018392
 0.0016892 -0.0018667
 0.0022443 -0.0015515
 0.0027179 -0.0016343
 0.0027308 -0.0015891
 0.0027832 -0.0022852
 0.0024897 -0.0025751
 0.0018315 -0.0031072
 0.0009235 -0.0038166
 0.0002625 -0.0041000
-0.0004340 -0.0043026
-0.0008071 -0.0040648
-0.0008511 -0.0030949
-0.0000283 -0.0022591
 0.0002620 -0.0013845
 0.0011264 -0.0004886
 0.0016344 -0.0004029
 0.0019687 -0.0001663
 0.0020729 -0.0002567
 0.0020136 -0.0003516
 0.0011080 -0.0009903
 0.0010805 -0.0012233
 0.0003573 -0.0018782
-0.0007499 -0.0021871
-0.0011419 -0.0027430
-0.0016467 -0.0029457
-0.0020112 -0.0029598
-0.0020839 -0.0027228
-0.0021715 -0.0028362
-0.0021670 -0.0027558
-0.0013422 -0.0027405
-0.0010539 -0.0030663
-0.0000195 -0.0028197
 0.0007379 -0.0031834
 0.0010645 -0.0029711
 0.0017133 -0.0022213
 0.0021934 -0.0021167
 0.0022362 -0.0019410
 0.0025863 -0.0010366
 0.0035303 -0.0005133
 0.0040495 -0.0000745
 0.0046458  0.0006967
 0.0055087  0.0011784
 0.0058563  0.0014295
 0.0059015  0.0014740
 0.0058503  0.0011740
 0.0055867  0.0009181
 0.0054204 -0.0000298
 0.0054466 -0.0008768
 0.0052783 -0.0017480
 0.0060862 -0.0022785
 0.0061847 -0.0023342
 0.0058073 -0.0019127
 0.0049534 -0.0013576
 0.0037155 -0.0009151
 0.0021370 -0.0007229
 0.0007679 -0.0003397
-0.0003520 -0.0007055
-0.0008183 -0.0005162
-0.0010984 -0.0004415
-0.0013233 -0.0006749
-0.0013382 -0.0003531
-0.0009950 -0.0003184
-0.0010358 -0.0004602
-0.0008695 -0.0013682
-0.0001275 -0.0020651
 0.0007615 -0.0029377
 0.0015746 -0.0034408
 0.0029267 -0.0035825
 0.0035727 -0.0032046
 0.0041980 -0.0024610
 0.0044221 -0.0017750
 0.0043095 -0.0015473
 0.0039243 -0.0008779
 0.0041350 -0.0006898
 0.0038641 -0.0001718
 0.0042218  0.0002473
 0.0043630  0.0010099
 0.0042919  0.0018901
 0.0040633  0.0023916
 0.0039893  0.0031991
 0.0036320  0.0036008
 0.0033929  0.0039868
 0.0029661  0.0040207
 0.0026189  0.0040546
 0.0032156  0.0044143
 0.0031962  0.0043727
 0.0036945  0.0046941
 0.0045201  0.0047344
 0.0045589  0.0054232
 0.0049820  0.0054604
 0.0053817  0.0056187
 0.0048884  0.0054999
 0.0044612  0.0056958
 0.0041705  0.0055682
 0.0038204  0.0054956
 0.0035111  0.0054859
 0.0037380  0.0053467
 0.0036803  0.0053940
 0.0043137  0.0055927
 0.0049032  0.0052935
 0.0054261  0.0051833
 0.0061742  0.0053541
 0.0069393  0.0056258
 0.0077646  0.0062755
 0.0083944  0.0073721
 0.0089297  0.0078929
 0.0091797  0.0086092
 0.0092039  0.0081558
 0.0092064  0.0078938
 0.0094281  0.0071889
 0.0093009  0.0057116
 0.0090765  0.0045403
 0.0084434  0.0034808
 0.0076387  0.0027864
 0.0064444  0.0021295
 0.0049978  0.0026656
 0.0030896  0.0035886
 0.0014297  0.0036306
-0.0003056  0.0040158
-0.0017672  0.0040776
-0.0025792  0.0033133
-0.0029789  0.0024485
-0.0028258  0.0013596
-0.0028614  0.0007524
-0.0028936 -0.0001778
-0.0025754 -0.0009380
-0.0026214 -0.0018315
-0.0027190 -0.0023252
-0.0030867 -0.0028993
-0.0032558 -0.0034957
-0.0035827 -0.0042467
-0.0038523 -0.0047893
-0.0034332 -0.0050680
-0.0030774 -0.0050369
-0.0023797 -0.0048100
-0.0016453 -0.0046586
-0.0009892 -0.0048290
-0.0006993 -0.0046619
 0.0000113 -0.0053196
 0.0004361 -0.0057101
 0.0010151 -0.0064663
 0.0018614 -0.0070074
 0.0028235 -0.0073187
 0.0034635 -0.0076457
 0.0033508 -0.0075307
 0.0029681 -0.0078391
 0.0022434 -0.0082825
 0.0017024 -0.0081706
 0.0012082 -0.0088627
 0.0011827 -0.0086782
 0.0013018 -0.0085462
 0.0019676 -0.0084905
 0.0024634 -0.0082252
 0.0033411 -0.0076725
 0.0043294 -0.0077371
 0.0046084 -0.0075959
 0.0053621 -0.0074381
 0.0052898 -0.0075682
 0.0051435 -0.0072521
 0.0047405 -0.0071270
 0.0031917 -0.0068932
 0.0018940 -0.0067906
 0.0001945 -0.0064732
-0.0008657 -0.0063092
-0.0018392 -0.0059967
-0.0023769 -0.0057088
-0.0020116 -0.0055744
-0.0018089 -0.0054218
-0.0013422 -0.0052131
-0.0012030 -0.0051335
-0.0009516 -0.0048226
-0.0008087 -0.0044329
-0.0009517 -0.0036198
-0.0012973 -0.0028037
-0.0019304 -0.0019142
-0.0026773 -0.0012516
-0.0037847 -0.0006743
-0.0048183  0.0001486
-0.0056601  0.0003956
-0.0068964  0.0012003
-0.0074391  0.0017946
-0.0081731  0.0023526
-0.0080282  0.0024948
-0.0078405  0.0019021
-0.0072005  0.0009489
-0.0060858  0.0003017
-0.0051749 -0.0004081
-0.0041271 -0.0007888
-0.0033099 -0.0010735
-0.0031269 -0.0008344
-0.0034183 -0.0008214
-0.0034453 -0.0009582
-0.0035284 -0.0011741
-0.0036515 -0.0017220
-0.0035522 -0.0017575
-0.0034088 -0.0021612
-0.0036337 -0.0021839
-0.0032138 -0.0019243
-0.0028831 -0.0020422
-0.0030369 -0.0009505
-0.0030934 -0.0002423
-0.0035509  0.0004703
-0.0046624  0.0007166
-0.0059281  0.0010593
-0.0070970  0.0006733
-0.0084039  0.0003806
-0.0089050 -0.0001184
-0.0094181 -0.0003833
-0.0091839 -0.0006114
-0.0084979 -0.0002246
-0.0075801 -0.0002439
-0.0062812  0.0002708
-0.0050759 -0.0001955
-0.0037221 -0.0000886
-0.0030159 -0.0004205
-0.0026303 -0.0009656
-0.0024010 -0.0012579
-0.0029788 -0.0022564
-0.0036910 -0.0030813
-0.0039777 -0.0039659
-0.0039430 -0.0044112
-0.0038642 -0.0049374
-0.0029263 -0.0045429
-0.0015326 -0.0039951
-0.0012351 -0.0031364
-0.0004943 -0.0018690
-0.0005783 -0.0009630
-0.0009251 -0.0007408
-0.0007527 -0.0003100
-0.0004632 -0.0005110
-0.0000809 -0.0002756
 0.0008033  0.0000312
 0.0012644  0.0007362
 0.0016112  0.0013401
 0.0011857  0.0015613
 0.0011404  0.0018189
 0.0004419  0.0016957
-0.0000487  0.0007707
 0.0001285  0.0004659
 0.0001179 -0.0003780
 0.0007251 -0.0009525
 0.0015588 -0.0012585
 0.0025920 -0.0013559
 0.0031286 -0.0012218
 0.0031290 -0.0011298
 0.0032093 -0.0011879
 0.0031169 -0.0014931
 0.0029283 -0.0019861
 0.0028751 -0.0026522
 0.0029336 -0.0033010
 0.0025295 -0.0039172
 0.0026805 -0.0042483
 0.0023429 -0.0042935
 0.0024288 -0.0040505
 0.0024760 -0.0039795
 0.0024783 -0.0030456
 0.0026459 -0.0020734
 0.0028150 -0.0015203
 0.0026757 -0.0005853
 0.0028106 -0.0000160
 0.0022929 -0.0000637
 0.0015597 -0.0000484
 0.0011927 -0.0009148
 0.0001022 -0.0017962
-0.0005143 -0.0024083
-0.0013149 -0.0026683
-0.0017308 -0.0024716
-0.0014574 -0.0017808
-0.0017355 -0.0008574
-0.0018462  0.0001411
-0.0022422  0.0013531
-0.0022934  0.0017387
-0.0027428  0.0018223
-0.0025808  0.0020973
-0.0027826  0.0021619
-0.0030390  0.0017816
-0.0027260  0.0013973
-0.0025633  0.0012026
-0.0022766  0.0015264
-0.0021559  0.0009454
-0.0022144  0.0005384
-0.0022395 -0.0006486
-0.0021866 -0.0016806
-0.0021890 -0.0027456
-0.0022835 -0.0036407
-0.0021676 -0.0042681
-0.0016246 -0.0043407
-0.0008893 -0.0040916
-0.0004032 -0.0039628
 0.0004653 -0.0027964
 0.0010189 -0.0018630
 0.0014057 -0.0008306
 0.0020198 -0.0001439
 0.0022124  0.0008740
 0.0017949  0.0006624
 0.0017582  0.0008409
 0.0014332  0.0005187
 0.0008627 -0.0000542
 0.0008817 -0.0005512
 0.0011134 -0.0008964
 0.0011344 -0.0012913
 0.0010420 -0.0015130
 0.0008700 -0.0018749
 0.0003787 -0.0024277
 0.0000318 -0.0027520
 0.0000241 -0.0023850
-0.0003841 -0.0026068
-0.0002606 -0.0018498
-0.0000253 -0.0009099
 0.0002251 -0.0004088
 0.0001092 -0.0001048
-0.0000390  0.0004734
-0.0000898  0.0007786
-0.0001003  0.0012599
-0.0000025  0.0023686
-0.0001107  0.0035144
-0.0001664  0.0045831
-0.0006226  0.0053639
-0.0014859  0.0060066
-0.0019304  0.0066154
-0.0023753  0.0061701
-0.0025344  0.0056161
-0.0023326  0.0042208
-0.0018603  0.0031384
-0.0015632  0.0022264
-0.0009084  0.0017016
-0.0004005  0.0015765
-0.0001575  0.0011816
 0.0003181  0.0012681
 0.0005135  0.0011167
 0.0008822  0.0011555
 0.0015165  0.0016723
 0.0017672  0.0023074
 0.0017083  0.0030745
 0.0016114  0.0041323
 0.0011474  0.0047650
 0.0006658  0.0054796
-0.0001442  0.0056561
-0.0003772  0.0061002
-0.0007821  0.0067600
-0.0013397  0.0071113
-0.0014927  0.0070625
-0.0015884  0.0070331
-0.0018589  0.0069879
-0.0017851  0.0063028
-0.0011968  0.0058526
-0.0010128  0.0047601
-0.0008593  0.0042873
-0.0003789  0.0036777
-0.0005258  0.0034847
-0.0006877  0.0027786
-0.0011547  0.0022824
-0.0017034  0.0017095
-0.0017143  0.0006787
-0.0014417 -0.0001598
-0.0009439 -0.0008603
-0.0003730 -0.0012684
 0.0000650 -0.0009106
 0.0003562 -0.0004018
 0.0007317  0.0001292
 0.0008565  0.0013029
 0.0007548  0.0023493
 0.0011069  0.0037996
 0.0007258  0.0053769
 0.0008211  0.0064540
 0.0004157  0.0073567
 0.0006801  0.0074818
 0.0003817  0.0070728
-0.0001779  0.0054582
 0.0002323  0.0038881
 0.0002645  0.0018415
-0.0001061  0.0001393
-0.0002479 -0.0011389
-0.0001284 -0.0023396
-0.0001812 -0.0029529
 0.0001115 -0.0027817
 0.0006433 -0.0029610
 0.0017068 -0.0031440
 0.0022430 -0.0030390
 0.0032802 -0.0027003
 0.0044422 -0.0028962
 0.0053534 -0.0022845
 0.0061528 -0.0023786
 0.0068742 -0.0022409
 0.0073898 -0.0021625
 0.0076611 -0.0020248
 0.0079300 -0.0020369
 0.0077032 -0.0020720
 0.0076127 -0.0019686
 0.0072647 -0.0021180
 0.0067649 -0.0025169
 0.0065513 -0.0028996
 0.0067172 -0.0033987
 0.0062322 -0.0035792
 0.0060731 -0.0038554
 0.0057574 -0.0038276
 0.0053310 -0.0036996
 0.0053261 -0.0038014
 0.0054589 -0.0034029
 0.0054206 -0.0030581
 0.0058804 -0.0025695
 0.0063536 -0.0019167
 0.0064638 -0.0011237
 0.0064730 -0.0003856
 0.0060438 -0.0001086
 0.0053425  0.0008536
 0.0047465  0.0011504
 0.0041853  0.0015008
 0.0034339  0.0017367
 0.0035824  0.0018760
 0.0035037  0.0021275
 0.0036406  0.0022818
 0.0042143  0.0023238
 0.0040419  0.0020153
 0.0036406  0.0012312
 0.0031823  0.0004407
 0.0023195 -0.0004266
 0.0008786 -0.0013500
-0.0000416 -0.0025076
-0.0013126 -0.0031875
-0.0026208 -0.0034225
-0.0034142 -0.0036999
-0.0035070 -0.0041292
-0.0035405 -0.0039790
-0.0030741 -0.0038934
-0.0022226 -0.0037235
-0.0007017 -0.0039334
 0.0005120 -0.0038522
 0.0017233 -0.0044962
 0.0029943 -0.0045797
 0.0037622 -0.0051291
 0.0036924 -0.0051037
 0.0032988 -0.0050060
 0.0022677 -0.0048687
 0.0008998 -0.0048917
-0.0004547 -0.0051255
-0.0015003 -0.0054695
-0.0020050 -0.0063723
-0.0023804 -0.0066214
-0.0014275 -0.0073283
-0.0010693 -0.0081152
-0.0000107 -0.0081403
 0.0011961 -0.0081448
 0.0022103 -0.0078989
 0.0033727 -0.0073639
 0.0044063 -0.0068129
 0.0053438 -0.0063175
 0.0055315 -0.0059557
 0.0059885 -0.0057135
 0.0060685 -0.0057563
 0.0060850 -0.0057245
 0.0058351 -0.0058662
 0.0055492 -0.0060774
 0.0057378 -0.0062753
 0.0051439 -0.0070270
 0.0051859 -0.0074259
 0.0052799 -0.0076783
 0.0054564 -0.0080623
 0.0057830 -0.0078725
 0.0056255 -0.0071441
 0.0051087 -0.0064142
 0.0046893 -0.0054896
 0.0039064 -0.0046606
 0.0034890 -0.0035447
 0.0028179 -0.0024816
 0.0024101 -0.0010527
 0.0015796 -0.0002968
 0.0012791  0.0009420
 0.0012888  0.0011265
 0.0015455  0.0014023
 0.0023053  0.0012974
 0.0029961  0.0004584
 0.0043786 -0.0003042
 0.0056116 -0.0009300
 0.0064846 -0.0019071
 0.0068698 -0.0024654
 0.0067257 -0.0026209
 0.0063054 -0.0026060
 0.0052718 -0.0024776
 0.0049270 -0.0018248
 0.0039689 -0.0015365
 0.0040085 -0.0013051
 0.0039701 -0.0010301
 0.0038753 -0.0003361
 0.0040218 -0.0000437
 0.0042111 -0.0000021
 0.0037238  0.0005813
 0.0034714  0.0014494
 0.0029151  0.0020671
 0.0021104  0.0025835
 0.0017305  0.0031617
 0.0011757  0.0032711
 0.0003719  0.0031483
-0.0003383  0.0028358
-0.0014547  0.0023097
-0.0025282  0.0015946
-0.0040686  0.0002315
-0.0055499 -0.0010544
-0.0068153 -0.0026621
-0.0076373 -0.0044244
-0.0081525 -0.0058944
-0.0081645 -0.0070988
-0.0080809 -0.0082818
-0.0079061 -0.0088135
-0.0077139 -0.0093242
-0.0075827 -0.0100271
-0.0076296 -0.0103084
-0.0075137 -0.0109924
-0.0071564 -0.0109899
-0.0065084 -0.0115071
-0.0058552 -0.0120296
-0.0053998 -0.0121479
-0.0046771 -0.0118665
-0.0042435 -0.0114107
-0.0042747 -0.0109545
-0.0038398 -0.0102649
-0.0038261 -0.0099568
-0.0036401 -0.0093362
-0.0030772 -0.0093273
-0.0025915 -0.0097993
-0.0013547 -0.0098340
-0.0001305 -0.0101235
 0.0007190 -0.0099543
 0.0013974 -0.0098465
 0.0020672 -0.0094352
 0.0024866 -0.0085913
 0.0030377 -0.0078154
 0.0037039 -0.0074743
 0.0040208 -0.0072276
 0.0043854 -0.0075442
 0.0050148 -0.0081631
 0.0053233 -0.0087849
 0.0051880 -0.0093478
 0.0052131 -0.0101400
 0.0045400 -0.0100859
 0.0037753 -0.0103023
 0.0031984 -0.0102285
 0.0033506 -0.0101732
 0.0036740 -0.0102943
 0.0042452 -0.0103388
 0.0054112 -0.0104599
 0.0064662 -0.0102681
 0.0078442 -0.0096734
 0.0086150 -0.0094800
 0.0092666 -0.0086531
 0.0095965 -0.0076320
 0.0098275 -0.0067837
 0.0097338 -0.0056536
 0.0093454 -0.0047537
 0.0093078 -0.0035457
 0.0087264 -0.0020490
 0.0078402 -0.0006823
 0.0068594 -0.0000237
 0.0058061  0.0004471
 0.0049973  0.0006676
 0.0036173  0.0006163
 0.0026754  0.0006947
 0.0018683  0.0006006
 0.0012865  0.0001419
 0.0007401 -0.0001455
 0.0005270 -0.0009122
 0.0006973 -0.0020811
 0.0011629 -0.0029588
 0.0016845 -0.0043009
 0.0016935 -0.0053228
 0.0020076 -0.0065348
 0.0018017 -0.0072248
 0.0010952 -0.0071045
 0.0001391 -0.0075954
-0.0012207 -0.0076055
-0.0029285 -0.0072097
-0.0039444 -0.0071967
-0.0049808 -0.0070324
-0.0047470 -0.0066052
-0.0044534 -0.0066407
-0.0039100 -0.0065070
-0.0037109 -0.0067239
-0.0026874 -0.0069601
-0.0021847 -0.0074834
-0.0024236 -0.0079893
-0.0025342 -0.0085308
-0.0028225 -0.0085962
-0.0033970 -0.0083314
-0.0038755 -0.0077985
-0.0041205 -0.0073414
-0.0045990 -0.0069030
-0.0049171 -0.0062142
-0.0052352 -0.0060681
-0.0052118 -0.0058428
-0.0048609 -0.0058820
-0.0048617 -0.0056975
-0.0043792 -0.0054961
-0.0040986 -0.0050588
-0.0034874 -0.0048170
-0.0031886 -0.0047601
-0.0024676 -0.0053940
-0.0022076 -0.0059314
-0.0015604 -0.0068709
-0.0007768 -0.0076404
-0.0002596 -0.0083361
 0.0005714 -0.0086499
 0.0010341 -0.0085978
 0.0012097 -0.0080912
 0.0017496 -0.0073875
 0.0018816 -0.0071049
 0.0017261 -0.0067456
 0.0019542 -0.0065021
 0.0021222 -0.0064097
 0.0024455 -0.0066435
 0.0034533 -0.0065474
 0.0041368 -0.0064162
 0.0046681 -0.0065292
 0.0054670 -0.0065066
 0.0060194 -0.0065070
 0.0062866 -0.0069838
 0.0066488 -0.0071009
 0.0064909 -0.0069483
 0.0063330 -0.0064682
 0.0061723 -0.0054730
 0.0059381 -0.0045331
 0.0055819 -0.0031850
 0.0059937 -0.0017460
 0.0060005 -0.0001532
 0.0064571  0.0007685
 0.0064922  0.0006733
 0.0068548  0.0003826
 0.0073748 -0.0009175
 0.0072246 -0.0019923
 0.0071075 -0.0025672
 0.0063420 -0.0029838
 0.0054033 -0.0027400
 0.0043290 -0.0016111
 0.0034125 -0.0010560
 0.0025109 -0.0005973
 0.0019570  0.0001302
 0.0016530  0.0003599
 0.0008512  0.0005682
-0.0001485  0.0005868
-0.0010493 -0.0000693
-0.0017450 -0.0002458
-0.0026930 -0.0008260
-0.0030625 -0.0012681
-0.0031271 -0.0013048
-0.0028037 -0.0016900
-0.0024763 -0.0016274
-0.0022594 -0.0015692
-0.0018080 -0.0017582
-0.0011272 -0.0017755
-0.0010032 -0.0021171
-0.0012091 -0.0023597
-0.0016629 -0.0026366
-0.0018680 -0.0031828
-0.0022115 -0.0033463
-0.0022244 -0.0033996
-0.0024614 -0.0036309
-0.0023216 -0.0038594
-0.0023135 -0.0038841
-0.0016566 -0.0043529
-0.0013926 -0.0043541
-0.0011088 -0.0044712
-0.0009602 -0.0048511
-0.0006187 -0.0047489
-0.0003296 -0.0050134
 0.0001957 -0.0050089
 0.0006335 -0.0049512
 0.0008411 -0.0050340
 0.0009510 -0.0052149
 0.0006934 -0.0057241
 0.0006789 -0.0065191
 0.0004880 -0.0071566
 0.0003527 -0.0082920
 0.0003963 -0.0087926
 0.0007028 -0.0086820
 0.0013032 -0.0084935
 0.0019803 -0.0078447
 0.0026542 -0.0066960
 0.0027123 -0.0057424
 0.0029469 -0.0049571
 0.0032485 -0.0036946
 0.0032464 -0.0027576
 0.0034713 -0.0017978
 0.0035872 -0.0007065
 0.0037273  0.0001369
 0.0037681  0.0011955
 0.0038109  0.0018294
 0.0040431  0.0018472
 0.0039090  0.0021569
 0.0039692  0.0021169
 0.0041182  0.0025768
 0.0042082  0.0030589
 0.0045485  0.0039835
 0.0051816  0.0048891
 0.0056015  0.0054681
 0.0057678  0.0061670
 0.0057431  0.0058259
 0.0052743  0.0053753
 0.0054439  0.0045772
 0.0051165  0.0037031
 0.0046756  0.0028815
 0.0046768  0.0025985
 0.0045613  0.0024426
 0.0042702  0.0023998
 0.0041119  0.0028960
 0.0041276  0.0032267
 0.0035825  0.0030926
 0.0034622  0.0037124
 0.0033055  0.0041021
 0.0029542  0.0047578
 0.0030434  0.0054543
 0.0027470  0.0059190
 0.0026973  0.0060954
 0.0028249  0.0064439
 0.0030864  0.0065779
 0.0032980  0.0061718
 0.0035608  0.0064996
 0.0037159  0.0062654
 0.0035855  0.0059582
 0.0036267  0.0057656
 0.0031321  0.0055956
 0.0027485  0.0050631
 0.0023872  0.0046703
 0.0016794  0.0036436
 0.0010096  0.0033090
 0.0002203  0.0028960
-0.0006837  0.0028411
-0.0010879  0.0029800
-0.0013410  0.0032658
-0.0014638  0.0031463
-0.0009280  0.0028923
-0.0000842  0.0021365
 0.0005489  0.0016342
 0.0015922  0.0007116
 0.0017768 -0.0001879
 0.0019956 -0.0004354
 0.0023316 -0.0009910
 0.0021685 -0.0015340
 0.0019045 -0.0013475
 0.0024274 -0.0011433
 0.0027556 -0.0007699
 0.0027334 -0.0006278
 0.0030023 -0.0005556
 0.0031521 -0.0001163
 0.0026296  0.0004772
 0.0027027  0.0004029
 0.0026772  0.0007155
 0.0025411  0.0009307
 0.0028900  0.0014293
 0.0028928  0.0021157
 0.0031444  0.0026853
 0.0036479  0.0033906
 0.0035465  0.0043059
 0.0037181  0.0049143
 0.0031722  0.0056786
 0.0028124  0.0063464
 0.0023028  0.0064643
 0.0017367  0.0054460
 0.0015739  0.0044633
 0.0018755  0.0031390
 0.0025284  0.0016807
 0.0031457  0.0005400
 0.0041745 -0.0004637
 0.0045759 -0.0011618
 0.0049535 -0.0015568
 0.0053941 -0.0019509
 0.0055201 -0.0022844
 0.0055468 -0.0022142
 0.0048786 -0.0019473
 0.0043004 -0.0011786
 0.0036262 -0.0006573
 0.0030613 -0.0002713
 0.0026276  0.0002124
 0.0027333 -0.0000863
 0.0027991 -0.0000096
 0.0032718 -0.0004679
 0.0040300 -0.0011018
 0.0047543 -0.0013549
 0.0053906 -0.0016250
 0.0056632 -0.0014906
 0.0055405 -0.0009899
 0.0048348 -0.0004105
 0.0042845 -0.0002724
 0.0036006  0.0004447
 0.0025056  0.0002800
 0.0020433  0.0003862
 0.0015362  0.0007218
 0.0011639  0.0010581
 0.0012139  0.0018168
 0.0014045  0.0024241
 0.0017699  0.0026632
 0.0021756  0.0025530
 0.0026263  0.0025340
 0.0032251  0.0013289
 0.0033627  0.0006792
 0.0032146  0.0003130
 0.0028508 -0.0003209
 0.0020453 -0.0006544
 0.0012233 -0.0008139
 0.0002871 -0.0011648
-0.0002903 -0.0013764
-0.0001183 -0.0019921
-0.0005031 -0.0019715
-0.0000796 -0.0023575
-0.0000796 -0.0027019
-0.0001906 -0.0029518
-0.0002475 -0.0032239
-0.0003952 -0.0033984
-0.0008333 -0.0034351
-0.0010569 -0.0039131
-0.0013552 -0.0040249
-0.0011760 -0.0044642
-0.0012478 -0.0048449
-0.0005158 -0.0052067
 0.0000797 -0.0051094
 0.0006341 -0.0052055
 0.0011093 -0.0052462
 0.0014896 -0.0053480
 0.0017189 -0.0056573
 0.0018723 -0.0057405
 0.0022228 -0.0059606
 0.0020767 -0.0067160
 0.0023900 -0.0070847
 0.0028015 -0.0077457
 0.0032852 -0.0076928
 0.0034411 -0.0074671
 0.0036332 -0.0072778
 0.0033446 -0.0072192
 0.0030365 -0.0068934
 0.0031842 -0.0066608
 0.0031447 -0.0066588
 0.0034773 -0.0062902
 0.0032754 -0.0059446
 0.0031130 -0.0058089
 0.0034723 -0.0056155
 0.0033920 -0.0055041
 0.0033746 -0.0057980
 0.0032018 -0.0060141
 0.0031828 -0.0064005
 0.0029095 -0.0072471
 0.0026732 -0.0075515
 0.0026994 -0.0079125
 0.0025758 -0.0083110
 0.0027336 -0.0080360
 0.0033146 -0.0072466
 0.0039552 -0.0061105
 0.0050776 -0.0045185
 0.0055104 -0.0024420
 0.0057385 -0.0005068
 0.0054482  0.0015890
 0.0049346  0.0029154
 0.0038664  0.0036300
 0.0029951  0.0038832
 0.0024804  0.0034637
 0.0020294  0.0031642
 0.0019188  0.0029768
 0.0019370  0.0030144
 0.0013831  0.0026325
 0.0010310  0.0026131
 0.0006635  0.0025360
 0.0001201  0.0018666
-0.0001566  0.0015997
-0.0005829  0.0009880
-0.0007210  0.0005282
-0.0004521  0.0001107
-0.0002389 -0.0003690
 0.0000728  0.0001478
 0.0000950  0.0002613
-0.0006822  0.0003909
-0.0011921  0.0001083
-0.0020488 -0.0008300
-0.0030597 -0.0024038
-0.0038204 -0.0037059
-0.0043355 -0.0051453
-0.0044345 -0.0056229
-0.0041700 -0.0059685
-0.0038467 -0.0060408
-0.0030077 -0.0054820
-0.0023976 -0.0056269
-0.0018203 -0.0056208
-0.0008000 -0.0053438
-0.0006243 -0.0054221
-0.0004116 -0.0057342
-0.0002157 -0.0056063
-0.0003316 -0.0059402
-0.0005977 -0.0062693
-0.0010951 -0.0066355
-0.0021254 -0.0069032
-0.0029228 -0.0076089
-0.0038376 -0.0078564
-0.0046960 -0.0084689
-0.0050944 -0.0090842
-0.0049422 -0.0097072
-0.0046750 -0.0101958
-0.0040464 -0.0108345
-0.0029918 -0.0117797
-0.0019941 -0.0127048
-0.0008467 -0.0133823
 0.0001542 -0.0142083
 0.0013990 -0.0144760
 0.0020514 -0.0146868
 0.0025258 -0.0143400
 0.0030067 -0.0137799
 0.0030632 -0.0131040
 0.0029344 -0.0118387
 0.0025698 -0.0107260
 0.0021124 -0.0093068
 0.0014071 -0.0080814
 0.0012516 -0.0067455
 0.0006747 -0.0066151
 0.0010530 -0.0063402
 0.0013174 -0.0061363
 0.0017183 -0.0062826
 0.0022710 -0.0061542
 0.0028678 -0.0059895
 0.0034302 -0.0056084
 0.0036587 -0.0052228
 0.0040601 -0.0047011
 0.0045566 -0.0045247
 0.0048130 -0.0040547
 0.0050499 -0.0032980
 0.0049400 -0.0027141
 0.0046569 -0.0018400
 0.0041691 -0.0011463
 0.0036220 -0.0004870
 0.0028718  0.0001675
 0.0024983  0.0004780
 0.0018773  0.0011341
 0.0018176  0.0011200
 0.0019092  0.0014652
 0.0017699  0.0011084
 0.0020577  0.0006654
 0.0024417  0.0000917
 0.0021187 -0.0007089
 0.0024575 -0.0013407
 0.0020813 -0.0019269
 0.0019223 -0.0019378
 0.0019526 -0.0017844
 0.0021485 -0.0011868
 0.0025918 -0.0001512
 0.0024618  0.0012191
 0.0028054  0.0028659
 0.0032467  0.0042613
 0.0030981  0.0047946
 0.0028288  0.0050845
 0.0021804  0.0051620
 0.0013616  0.0043998
 0.0003478  0.0036577
-0.0010261  0.0029907
-0.0019789  0.0025333
-0.0030229  0.0021720
-0.0038809  0.0018692
-0.0046733  0.0020238
-0.0055058  0.0020779
-0.0066286  0.0018058
-0.0074110  0.0016697
-0.0077534  0.0010475
-0.0083913  0.0000870
-0.0086441 -0.0009321
-0.0082844 -0.0019516
-0.0070941 -0.0033861
-0.0057472 -0.0044011
-0.0041487 -0.0052590
-0.0030691 -0.0054904
-0.0015869 -0.0054617
-0.0006829 -0.0054411
-0.0002230 -0.0051391
 0.0001956 -0.0049118
 0.0007435 -0.0041710
 0.0013680 -0.0037233
 0.0020842 -0.0028343
 0.0028577 -0.0023087
 0.0034233 -0.0020693
 0.0040083 -0.0024198
 0.0041536 -0.0029192
 0.0049320 -0.0036092
 0.0051177 -0.0043537
 0.0054419 -0.0050421
 0.0055210 -0.0054950
 0.0056034 -0.0060849
 0.0050095 -0.0060675
 0.0045331 -0.0060704
 0.0040579 -0.0059396
 0.0032290 -0.0054446
 0.0024623 -0.0050457
 0.0019802 -0.0046460
 0.0011654 -0.0040356
 0.0010822 -0.0038115
 0.0009045 -0.0039327
 0.0009909 -0.0037882
 0.0012900 -0.0036772
 0.0014600 -0.0038867
 0.0021302 -0.0036105
 0.0020922 -0.0034817
 0.0021738 -0.0030459
 0.0023774 -0.0033786
 0.0026540 -0.0031371
 0.0032564 -0.0030006
 0.0040171 -0.0026889
 0.0048683 -0.0019952
 0.0047811 -0.0006334
 0.0045199  0.0006844
 0.0042971  0.0016050
 0.0036636  0.0028101
 0.0032376  0.0038199
 0.0029433  0.0049471
 0.0028362  0.0055749
 0.0023085  0.0069105
 0.0021590  0.0081560
 0.0017318  0.0088658
 0.0010345  0.0100189
 0.0000768  0.0103653
-0.0009543  0.0104772
-0.0018741  0.0106637
-0.0023319  0.0108143
-0.0031935  0.0102179
-0.0032645  0.0103346
-0.0035830  0.0100673
-0.0034388  0.0096164
-0.0035054  0.0090084
-0.0028186  0.0084387
-0.0023647  0.0077709
-0.0016435  0.0071997
-0.0010803  0.0071278
-0.0012676  0.0070939
-0.0014973  0.0073128
-0.0015224  0.0075244
-0.0025483  0.0072365
-0.0027184  0.0066377
-0.0027504  0.0057317
-0.0027097  0.0051494
-0.0016055  0.0039959
-0.0008642  0.0032033
 0.0006094  0.0027802
 0.0019693  0.0023797
 0.0029314  0.0023426
 0.0038536  0.0022324
 0.0041669  0.0018524
 0.0038920  0.0015335
 0.0039983  0.0008431
 0.0034896  0.0009158
 0.0033624  0.0007644
 0.0032119  0.0009303
 0.0026930  0.0015185
 0.0021766  0.0023381
 0.0022154  0.0029243
 0.0017935  0.0036280
 0.0022546  0.0039695
 0.0024351  0.0041560
 0.0029947  0.0041326
 0.0030755  0.0037046
 0.0035168  0.0029904
 0.0033024  0.0019333
 0.0034352  0.0010451
 0.0033907 -0.0001331
 0.0034271 -0.0015543
 0.0034803 -0.0028064
 0.0037468 -0.0037842
 0.0036870 -0.0048752
 0.0041292 -0.0054872
 0.0041485 -0.0051408
 0.0042801 -0.0051323
 0.0040682 -0.0047491
 0.0041582 -0.0040567
 0.0048417 -0.0032690
 0.0047791 -0.0030021
 0.0050879 -0.0022132
 0.0052509 -0.0012531
 0.0052767 -0.0003103
 0.0058802  0.0003684
 0.0059670  0.0018761
 0.0063077  0.0031342
 0.0063037  0.0039680
 0.0061466  0.0046076
 0.0058373  0.0053775
 0.0056641  0.0056481
 0.0054752  0.0055649
 0.0054554  0.0057356
 0.0055474  0.0055576
 0.0056254  0.0058018
 0.0056076  0.0059100
 0.0057857  0.0061005
 0.0053686  0.0067304
 0.0049548  0.0069601
 0.0050017  0.0064445
 0.0043129  0.0065992
 0.0039932  0.0061030
 0.0034005  0.0061017
 0.0025155  0.0060299
 0.0014205  0.0060658
 0.0004567  0.0061119
-0.0007408  0.0063638
-0.0014102  0.0062379
-0.0019444  0.0066461
-0.0022847  0.0069591
-0.0022152  0.0065626
-0.0022450  0.0064339
-0.0022394  0.0060531
-0.0020794  0.0052699
-0.0021917  0.0050781
-0.0022655  0.0050406
-0.0029531  0.0050999
-0.0037525  0.0055404
-0.0045131  0.0062898
-0.0048890  0.0065167
-0.0054731  0.0063600
-0.0053875  0.0058763
-0.0052800  0.0052597
-0.0054201  0.0038349
-0.0056425  0.0032353
-0.0060543  0.0020596
-0.0066615  0.0011313
-0.0068096  0.0004389
-0.0069021  0.0004522
-0.0069990  0.0002123
-0.0070745  0.0000936
-0.0069275  0.0006459
-0.0069914  0.0001960
-0.0069591 -0.0007653
-0.0069454 -0.0013786
-0.0071170 -0.0023403
-0.0072151 -0.0034361
-0.0069470 -0.0041116
-0.0063991 -0.0044415
-0.0055653 -0.0051008
-0.0050004 -0.0052603
-0.0037063 -0.0053645
-0.0025338 -0.0059488
-0.0020768 -0.0062254
-0.0016961 -0.0064394
-0.0017809 -0.0063599
-0.0021157 -0.0065888
-0.0023733 -0.0065233
-0.0030464 -0.0063465
-0.0035611 -0.0059342
-0.0041752 -0.0055288
-0.0042091 -0.0051174
-0.0045184 -0.0042307
-0.0041369 -0.0038580
-0.0037772 -0.0035318
-0.0031102 -0.0029617
-0.0020088 -0.0025689
-0.0013088 -0.0023865
-0.0002494 -0.0016291
-0.0001429 -0.0011091
 0.0001898 -0.0006419
-0.0003820  0.0003853
-0.0006615  0.0010548
-0.0012082  0.0016100
-0.0016390  0.0024713
-0.0017433  0.0025618
-0.0019552  0.0026721
-0.0016294  0.0028324
-0.0011861  0.0025866
-0.0003810  0.0021994
 0.0003409  0.0018275
 0.0010272  0.0005746
 0.0013061  0.0001103
 0.0022182 -0.0006048
 0.0027313 -0.0014878
 0.0030296 -0.0012778
 0.0031039 -0.0010081
 0.0032424 -0.0003128
 0.0028835  0.0005387
 0.0020708  0.0015420
 0.0010845  0.0025721
 0.0004208  0.0031802
-0.0001819  0.0030328
-0.0004072  0.0026368
-0.0000220  0.0024095
 0.0002905  0.0012943
 0.0005009  0.0007525
 0.0008909  0.0000794
 0.0007650 -0.0003780
 0.0000972 -0.0007789
-0.0005265 -0.0006194
-0.0010380 -0.0015092
-0.0013796 -0.0017877
-0.0016440 -0.0017623
-0.0013315 -0.0016572
-0.0010428 -0.0012672
-0.0005236 -0.0014376
-0.0004501 -0.0013737
 0.0000028 -0.0013515
 0.0003642 -0.0018110
 0.0008563 -0.0020738
 0.0015455 -0.0024929
 0.0021196 -0.0031086
 0.0031189 -0.0026681
 0.0031569 -0.0020217
 0.0030244 -0.0015659
 0.0023571 -0.0005166
 0.0012843  0.0000563
 0.0005439  0.0001895
 0.0004381  0.0005000
 0.0002310  0.0008420
 0.0010665  0.0010305
 0.0014331  0.0015263
 0.0017016  0.0023830
 0.0021227  0.0027032
 0.0023887  0.0033742
 0.0021368  0.0039540
 0.0016732  0.0041886
 0.0011920  0.0047466
 0.0001939  0.0046146
-0.0006442  0.0045342
-0.0016213  0.0038946
-0.0020202  0.0030964
-0.0019745  0.0022565
-0.0014747  0.0013650
-0.0004774  0.0005631
 0.0003430  0.0000349
 0.0017742 -0.0000693
 0.0027060 -0.0000366
 0.0030633  0.0003974
 0.0032688  0.0009690
 0.0028105  0.0015012
 0.0024827  0.0020135
 0.0022703  0.0027753
 0.0022546  0.0032138
 0.0024056  0.0035053
 0.0026716  0.0037976
 0.0035142  0.0032518
 0.0037383  0.0030900
 0.0044032  0.0026827
 0.0050480  0.0019843
 0.0054432  0.0019310
 0.0059717  0.0020328
 0.0058162  0.0019980
 0.0058295  0.0024414
 0.0054819  0.0025593
 0.0050030  0.0028318
 0.0049804  0.0026643
 0.0046893  0.0025755
 0.0046469  0.0023305
 0.0052153  0.0022954
 0.0052435  0.0016829
 0.0053291  0.0014911
 0.0053238  0.0015492
 0.0051106  0.0012387
 0.0046120  0.0017777
 0.0043249  0.0023180
 0.0033095  0.0030806
 0.0024075  0.0037488
 0.0014244  0.0041485
 0.0005789  0.0048139
-0.0003708  0.0049293
-0.0007794  0.0047706
-0.0011666  0.0044230
-0.0009312  0.0038295
-0.0005456  0.0031040
 0.0001315  0.0025270
 0.0013258  0.0017829
 0.0019605  0.0010081
 0.0022290 -0.0001264
 0.0027983 -0.0004208
 0.0034063 -0.0013285
 0.0035940 -0.0016632
 0.0042206 -0.0016834
 0.0044326 -0.0020710
 0.0044362 -0.0022661
 0.0043789 -0.0024591
 0.0043438 -0.0024578
 0.0038327 -0.0022891
 0.0033595 -0.0024655
 0.0031500 -0.0022229
 0.0025234 -0.0027115
 0.0023244 -0.0028912
 0.0020612 -0.0029155
 0.0019587 -0.0033616
 0.0021606 -0.0035026
 0.0022043 -0.0036806
 0.0018082 -0.0038636
 0.0018300 -0.0040300
 0.0011017 -0.0044661
 0.0004492 -0.0046754
-0.0001459 -0.0049370
-0.0004313 -0.0044300
-0.0006393 -0.0039330
-0.0009837 -0.0029313
-0.0010196 -0.0019861
-0.0011722 -0.0009819
-0.0009069 -0.0000533
-0.0009841  0.0003937
-0.0000498  0.0012993
 0.0008630  0.0020124
 0.0016095  0.0027201
 0.0017581  0.0037549
 0.0016002  0.0044046
 0.0012199  0.0052492
 0.0004932  0.0053465
-0.0003014  0.0052165
-0.0007874  0.0044676
-0.0008124  0.0043000
-0.0013190  0.0035890
-0.0015996  0.0030710
-0.0014046  0.0028821
-0.0016298  0.0029208
-0.0017061  0.0028482
-0.0013609  0.0024748
-0.0011683  0.0025903
-0.0010722  0.0024574
-0.0000992  0.0020755
 0.0002395  0.0026294
 0.0005427  0.0028200
 0.0005333  0.0035702
 0.0001433  0.0036408
-0.0002637  0.0032992
-0.0006740  0.0026839
-0.0013317  0.0019180
-0.0021961  0.0009220
-0.0031232  0.0000975
-0.0041220 -0.0004968
-0.0050054 -0.0012986
-0.0057387 -0.0016608
-0.0067993 -0.0019240
-0.0072596 -0.0027985
-0.0077664 -0.0028683
-0.0077870 -0.0030923
-0.0082262 -0.0031807
-0.0082444 -0.0032126
-0.0085452 -0.0025569
-0.0089937 -0.0027248
-0.0093538 -0.0022637
-0.0096121 -0.0025233
-0.0099743 -0.0028785
-0.0096848 -0.0030594
-0.0093157 -0.0036827
-0.0082603 -0.0041914
-0.0074157 -0.0042208
-0.0068561 -0.0043512
-0.0063913 -0.0044073
-0.0057240 -0.0044061
-0.0056287 -0.0047719
-0.0053780 -0.0047368
-0.0052257 -0.0045834
-0.0048963 -0.0043173
-0.0043799 -0.0042204
-0.0032300 -0.0037811
-0.0024209 -0.0039374
-0.0015621 -0.0031137
-0.0005839 -0.0024880
-0.0001397 -0.0020095
 0.0000581 -0.0014556
 0.0002378 -0.0005755
-0.0000036 -0.0001741
-0.0002643  0.0003043
-0.0003519  0.0005502
-0.0007690  0.0002611
-0.0007500  0.0002950
-0.0005558 -0.0001475
 0.0001916 -0.0006910
 0.0013786 -0.0009203
 0.0025345 -0.0012712
 0.0036117 -0.0018123
 0.0043825 -0.0022144
 0.0057262 -0.0026420
 0.0064307 -0.0024518
 0.0068263 -0.0022068
 0.0071263 -0.0021878
 0.0070447 -0.0021050
 0.0064245 -0.0017804
 0.0060765 -0.0019282
 0.0065513 -0.0018664
 0.0066845 -0.0018792
 0.0070466 -0.0016228
 0.0075436 -0.0015663
 0.0077083 -0.0012990
 0.0079720 -0.0009954
 0.0079840 -0.0007004
 0.0080373 -0.0000411
 0.0080486  0.0001991
 0.0083634  0.0011519
 0.0081070  0.0022040
 0.0083723  0.0031101
 0.0081748  0.0049367
 0.0076721  0.0059368
 0.0067463  0.0068060
 0.0058415  0.0077101
 0.0045572  0.0078203
 0.0037101  0.0074375
 0.0021141  0.0064951
 0.0007349  0.0053775
-0.0001982  0.0042862
-0.0006919  0.0036180
-0.0018530  0.0032361
-0.0027853  0.0027411
-0.0035524  0.0030314
-0.0046659  0.0031663
-0.0054956  0.0036472
-0.0058675  0.0041850
-0.0060585  0.0042637
-0.0058441  0.0042520
-0.0057060  0.0036779
-0.0058493  0.0035075
-0.0056465  0.0030291
-0.0056978  0.0020871
-0.0057502  0.0017371
-0.0058217  0.0010971
-0.0059779  0.0009751
-0.0057409  0.0001619
-0.0056605 -0.0005951
-0.0056400 -0.0012698
-0.0052519 -0.0025945
-0.0052111 -0.0034751
-0.0051687 -0.0043144
-0.0045542 -0.0053621
-0.0042441 -0.0057533
-0.0038763 -0.0058397
-0.0039098 -0.0058723
-0.0043692 -0.0058852
-0.0048832 -0.0057697
-0.0055308 -0.0060011
-0.0064538 -0.0059507
-0.0068571 -0.0062462
-0.0068030 -0.0065249
-0.0065241 -0.0066146
-0.0060332 -0.0060877
-0.0050053 -0.0054026
-0.0041122 -0.0046803
-0.0034593 -0.0041228
-0.0022844 -0.0039859
-0.0020490 -0.0040206
-0.0011603 -0.0045115
-0.0006503 -0.0046786
-0.0006418 -0.0048110
-0.0006684 -0.0047921
-0.0006829 -0.0046847
-0.0009098 -0.0046391
-0.0007939 -0.0041519
-0.0006462 -0.0036424
-0.0005376 -0.0028079
-0.0004347 -0.0024994
-0.0002947 -0.0017525
-0.0001853 -0.0020020
 0.0004934 -0.0020936
 0.0014243 -0.0032468
 0.0022241 -0.0037486
 0.0031596 -0.0038467
 0.0039643 -0.0035646
 0.0046224 -0.0034209
 0.0048792 -0.0029683
 0.0050775 -0.0026684
 0.0045664 -0.0026967
 0.0042450 -0.0025065
 0.0039378 -0.0028860
 0.0030782 -0.0028416
 0.0029421 -0.0026978
 0.0028101 -0.0025144
 0.0025053 -0.0020412
 0.0027920 -0.0010548
 0.0029466 -0.0001778
 0.0031537  0.0008252
 0.0036523  0.0015233
 0.0039019  0.0022751
 0.0040165  0.0032937
 0.0041897  0.0039103
 0.0044017  0.0044053
 0.0041922  0.0051728
 0.0045951  0.0051336
 0.0048389  0.0053097
 0.0050440  0.0052798
 0.0053456  0.0054793
 0.0052446  0.0054293
 0.0051877  0.0056804
 0.0050730  0.0051842
 0.0043649  0.0050667
 0.0038893  0.0051600
 0.0029203  0.0052193
 0.0017774  0.0056570
 0.0004842  0.0055028
-0.0005675  0.0053909
-0.0016309  0.0051410
-0.0026847  0.0048988
-0.0034498  0.0047309
-0.0038507  0.0049025
-0.0045977  0.0051354
-0.0051185  0.0050220
-0.0057152  0.0052380
-0.0057573  0.0050136
-0.0054524  0.0040838
-0.0050128  0.0033199
-0.0039998  0.0023473
-0.0031778  0.0017001
-0.0028503  0.0014700
-0.0023925  0.0012419
-0.0019286  0.0017648
-0.0019467  0.0022061
-0.0019839  0.0028452
-0.0023444  0.0031573
-0.0025721  0.0034872
-0.0026512  0.0029329
-0.0028656  0.0020313
-0.0026771  0.0007009
-0.0018426 -0.0006860
-0.0013703 -0.0023095
-0.0000710 -0.0036250
 0.0005705 -0.0044002
 0.0009641 -0.0048327
 0.0014393 -0.0048371
 0.0015862 -0.0045703
 0.0011982 -0.0039037
 0.0014432 -0.0039481
 0.0016301 -0.0036445
 0.0018405 -0.0033066
 0.0028975 -0.0032340
 0.0039210 -0.0032037
 0.0046373 -0.0031921
 0.0057190 -0.0034864
 0.0063218 -0.0036249
 0.0068084 -0.0034945
 0.0071250 -0.0029975
 0.0078025 -0.0024287
 0.0080989 -0.0019362
 0.0082152 -0.0009228
 0.0083682 -0.0004104
 0.0085184  0.0005432
 0.0088563  0.0008702
 0.0085195  0.0009094
 0.0077745  0.0010128
 0.0070344  0.0009236
 0.0060322  0.0007932
 0.0050713  0.0004186
 0.0043260  0.0004012
 0.0035670 -0.0000655
 0.0027898 -0.0002791
 0.0020837 -0.0005921
 0.0015665 -0.0010621
 0.0011567 -0.0011416
 0.0009709 -0.0016229
 0.0009587 -0.0017977
 0.0012364 -0.0014877
 0.0014370 -0.0011767
 0.0015554 -0.0008481
 0.0014774 -0.0004233
 0.0011161  0.0004060
 0.0006009  0.0009656
 0.0000288  0.0010653
-0.0009519  0.0013440
-0.0013766  0.0013133
-0.0020505  0.0010376
-0.0023973  0.0007454
-0.0030926  0.0004301
-0.0031471  0.0003854
-0.0037854  0.0007972
-0.0041777  0.0014142
-0.0043578  0.0020687
-0.0050949  0.0030582
-0.0057401  0.0031470
-0.0059872  0.0035649
-0.0059868  0.0034041
-0.0063893  0.0029959
-0.0062799  0.0023031
-0.0063587  0.0016110
-0.0066037  0.0006324
-0.0065719 -0.0000746
-0.0069550 -0.0011219
-0.0068326 -0.0023997
-0.0068290 -0.0033913
-0.0070373 -0.0037918
-0.0072654 -0.0043514
-0.0075953 -0.0038540
-0.0078283 -0.0030603
-0.0087649 -0.0024910
-0.0092858 -0.0019577
-0.0096322 -0.0018055
-0.0096520 -0.0023098
-0.0092240 -0.0026211
-0.0087156 -0.0031056
-0.0081507 -0.0027871
-0.0077207 -0.0025861
-0.0077506 -0.0021977
-0.0075555 -0.0013851
-0.0077061 -0.0011041
-0.0074211 -0.0004181
-0.0071348 -0.0000136
-0.0067545  0.0000845
-0.0064299  0.0001455
-0.0062212  0.0000935
-0.0063444 -0.0001742
-0.0066508 -0.0005497
-0.0066561 -0.0010616
-0.0072540 -0.0012336
-0.0069872 -0.0017657
-0.0062261 -0.0022647
-0.0052515 -0.0026519
-0.0036805 -0.0021186
-0.0019339 -0.0020657
-0.0005192 -0.0015591
 0.0011660 -0.0009729
 0.0023506 -0.0005030
 0.0027272  0.0003893
 0.0028572  0.0007292
 0.0028935  0.0008232
 0.0024441  0.0014410
 0.0022693  0.0013320
 0.0022669  0.0011128
 0.0025705  0.0011028
 0.0025470  0.0012829
 0.0024675  0.0008646
 0.0024997  0.0011186
 0.0024404  0.0010109
 0.0017076  0.0009378
 0.0010555  0.0013468
 0.0001329  0.0017958
-0.0012463  0.0026115
-0.0024676  0.0034028
-0.0033469  0.0044922
-0.0043179  0.0052456
-0.0050022  0.0055925
-0.0051903  0.0058622
-0.0050926  0.0060680
-0.0046057  0.0060397
-0.0037247  0.0062242
-0.0033787  0.0065593
-0.0028397  0.0065830
-0.0026446  0.0068022
-0.0027201  0.0070828
-0.0034840  0.0068062
-0.0040751  0.0063237
-0.0040932  0.0055977
-0.0045696  0.0047447
-0.0040996  0.0033046
-0.0040540  0.0024023
-0.0040059  0.0016753
-0.0041479  0.0008744
-0.0045972  0.0000419
-0.0050123 -0.0000998
-0.0053324 -0.0005475
-0.0053288 -0.0015225
-0.0052173 -0.0020199
-0.0043957 -0.0025375
-0.0034643 -0.0030818
-0.0027865 -0.0034690
-0.0018785 -0.0033556
-0.0011752 -0.0028020
-0.0015277 -0.0019631
-0.0020102 -0.0013542
-0.0024540 -0.0006651
-0.0028928 -0.0001329
-0.0034443  0.0003782
-0.0037318  0.0009305
-0.0038424  0.0010427
-0.0043980  0.0014589
-0.0048582  0.0009571
-0.0053779  0.0005719
-0.0062282  0.0001200
-0.0065920 -0.0005446
-0.0068625 -0.0011927
-0.0071342 -0.0015759
-0.0070777 -0.0022051
-0.0067168 -0.0022988
-0.0062985 -0.0022561
-0.0052806 -0.0027406
-0.0043209 -0.0027855
-0.0034743 -0.0025162
-0.0026199 -0.0023292
-0.0017502 -0.0018940
-0.0007860 -0.0012303
-0.0000936 -0.0004664
 0.0007874  0.0000112
 0.0016898  0.0002199
 0.0025477  0.0008389
 0.0036939  0.0010565
 0.0035942  0.0015378
 0.0037016  0.0017228
 0.0030685  0.0024044
 0.0028957  0.0022429
 0.0026878  0.0021784
 0.0023478  0.0024158
 0.0028558  0.0027445
 0.0033585  0.0034914
 0.0035923  0.0046017
 0.0035543  0.0058626
 0.0032826  0.0070480
 0.0022978  0.0082943
 0.0012000  0.0091430
 0.0003493  0.0097216
-0.0007704  0.0103051
-0.0017212  0.0107500
-0.0024561  0.0109487
-0.0035984  0.0109907
-0.0046627  0.0110759
-0.0056071  0.0109698
-0.0065866  0.0109012
-0.0071017  0.0107596
-0.0076282  0.0104398
-0.0076939  0.0104794
-0.0068387  0.0102529
-0.0064809  0.0104261
-0.0061615  0.0100752
-0.0059790  0.0096747
-0.0059874  0.0086363
-0.0060382  0.0075240
-0.0057096  0.0062017
-0.0058218  0.0048423
-0.0057055  0.0041733
-0.0055703  0.0033488
-0.0054713  0.0033549
-0.0057378  0.0036642
-0.0058322  0.0037656
-0.0063268  0.0041697
-0.0067661  0.0039231
-0.0072615  0.0033267
-0.0082765  0.0026557
-0.0085619  0.0020614
-0.0089402  0.0013899
-0.0097029  0.0010278
-0.0093928  0.0007779
-0.0095397  0.0005159
-0.0095579  0.0004993
-0.0092757 -0.0000550
-0.0094517 -0.0007636
-0.0098075 -0.0015711
-0.0102403 -0.0026657
-0.0108060 -0.0036472
-0.0113730 -0.0044051
-0.0113803 -0.0052397
-0.0110197 -0.0058607
-0.0103301 -0.0060691
-0.0093180 -0.0063990
-0.0082085 -0.0066949
-0.0067728 -0.0063203
-0.0053015 -0.0066679
-0.0045938 -0.0071282
-0.0034076 -0.0067814
-0.0022936 -0.0072768
-0.0010775 -0.0072962
 0.0002363 -0.0067353
 0.0018857 -0.0061168
 0.0032250 -0.0053715
 0.0042410 -0.0035498
 0.0056707 -0.0020890
 0.0064822 -0.0006306
 0.0070059  0.0010998
 0.0075260  0.0024710
 0.0067225  0.0036839
 0.0064710  0.0048407
 0.0052989  0.0053433
 0.0044110  0.0052893
 0.0035421  0.0048710
 0.0028044  0.0039492
 0.0028710  0.0031631
 0.0028806  0.0022204
 0.0033069  0.0013503
 0.0030626  0.0008782
 0.0032018 -0.0000710
 0.0032623 -0.0007494
 0.0035158 -0.0010054
 0.0039804 -0.0008193
 0.0038903 -0.0003594
 0.0038854  0.0006548
 0.0035555  0.0012705
 0.0030363  0.0018455
 0.0025046  0.0016924
 0.0019374  0.0014870
 0.0013665  0.0007780
 0.0013112  0.0001898
 0.0016164 -0.0003250
 0.0017815 -0.0005321
 0.0023669 -0.0003399
 0.0026079 -0.0002947
 0.0029495  0.0001095
 0.0032894  0.0008794
 0.0032894  0.0010002
 0.0029272  0.0016486
 0.0029107  0.0017839
 0.0027077  0.0017980
 0.0021219  0.0016615
 0.0014553  0.0016954
 0.0009886  0.0010805
 0.0002115  0.0006416
-0.0003335 -0.0001227
-0.0008240 -0.0009568
-0.0017195 -0.0020267
-0.0020870 -0.0024817
-0.0022287 -0.0033251
-0.0025643 -0.0034955
-0.0020697 -0.0039533
-0.0016700 -0.0044091
-0.0012295 -0.0037583
-0.0006134 -0.0034845
-0.0001919 -0.0033658
 0.0000815 -0.0030573
-0.0000526 -0.0032459
-0.0003009 -0.0036492
-0.0006638 -0.0048072
 0.0001259 -0.0058832
 0.0003371 -0.0070630
 0.0008587 -0.0079315
 0.0016473 -0.0085888
 0.0019739 -0.0090507
 0.0023825 -0.0096095
 0.0026761 -0.0101691
 0.0030253 -0.0102111
 0.0038967 -0.0104820
 0.0043008 -0.0097941
 0.0049788 -0.0087452
 0.0052327 -0.0075445
 0.0056034 -0.0060716
 0.0056479 -0.0049290
 0.0056523 -0.0041531
 0.0058498 -0.0038729
 0.0058748 -0.0038407
 0.0061272 -0.0037470
 0.0068927 -0.0036093
 0.0069678 -0.0032116
 0.0074813 -0.0029766
 0.0074373 -0.0028208
 0.0073638 -0.0030122
 0.0069746 -0.0031692
 0.0072192 -0.0038455
 0.0072172 -0.0046575
 0.0071869 -0.0048009
 0.0074254 -0.0051142
 0.0076676 -0.0052882
 0.0081133 -0.0050169
 0.0085057 -0.0045695
 0.0090604 -0.0033138
 0.0094242 -0.0020957
 0.0096543 -0.0001084
 0.0094258  0.0018939
 0.0091380  0.0034717
 0.0087318  0.0043563
 0.0079965  0.0050847
 0.0077780  0.0048731
 0.0072923  0.0043313
 0.0073476  0.0037935
 0.0073694  0.0032932
 0.0074526  0.0030784
 0.0078027  0.0036715
 0.0085012  0.0040115
 0.0081197  0.0048472
 0.0082735  0.0062800
 0.0075589  0.0069425
 0.0069811  0.0076677
 0.0060969  0.0083730
 0.0054864  0.0084941
 0.0046834  0.0084958
 0.0041388  0.0087336
 0.0039225  0.0081712
 0.0031643  0.0074304
 0.0028147  0.0069165
 0.0025769  0.0061154
 0.0022394  0.0053285
 0.0018224  0.0045275
 0.0011946  0.0035715
 0.0005821  0.0031350
 0.0001610  0.0023377
-0.0003929  0.0021367
-0.0012182  0.0018387
-0.0015601  0.0015449
-0.0020014  0.0012457
-0.0025990  0.0002937
-0.0031223 -0.0006994
-0.0035256 -0.0019462
-0.0035470 -0.0032677
-0.0035325 -0.0044030
-0.0033573 -0.0051367
-0.0025946 -0.0052860
-0.0019813 -0.0057665
-0.0015098 -0.0053046
-0.0007859 -0.0048023
-0.0001940 -0.0043162
 0.0002440 -0.0033585
 0.0004209 -0.0027819
 0.0008465 -0.0028042
 0.0008344 -0.0027574
 0.0011259 -0.0028467
 0.0015833 -0.0027413
 0.0018575 -0.0027156
 0.0023359 -0.0022703
 0.0021450 -0.0025897
 0.0019201 -0.0025458
 0.0020550 -0.0026730
 0.0018273 -0.0029129
 0.0015059 -0.0034027
 0.0015031 -0.0036393
 0.0018591 -0.0035824
 0.0022774 -0.0036438
 0.0027267 -0.0032025
 0.0031438 -0.0027426
 0.0030004 -0.0025343
 0.0027226 -0.0026328
 0.0026188 -0.0029256
 0.0022477 -0.0029454
 0.0022957 -0.0034452
 0.0018487 -0.0037339
 0.0020913 -0.0037876
 0.0019867 -0.0035021
 0.0021191 -0.0026753
 0.0020969 -0.0015238
 0.0023981 -0.0006198
 0.0024534  0.0005862
 0.0022382  0.0018415
 0.0025034  0.0022889
 0.0018057  0.0029676
 0.0020867  0.0034784
 0.0018311  0.0038875
 0.0012860  0.0044503
 0.0011195  0.0050115
 0.0012451  0.0051864
 0.0006790  0.0064719
 0.0005925  0.0064949
 0.0005101  0.0064437
 0.0001609  0.0068515
 0.0002702  0.0071096
 0.0007467  0.0070406
 0.0010160  0.0074508
 0.0012461  0.0078223
 0.0017286  0.0078502
 0.0014097  0.0080836
 0.0011238  0.0080864
 0.0001488  0.0076068
-0.0007887  0.0072034
-0.0014969  0.0065942
-0.0024283  0.0054431
-0.0031736  0.0042351
-0.0036665  0.0032588
-0.0033915  0.0014739
-0.0036499  0.0001508
-0.0024968 -0.0011686
-0.0023958 -0.0017197
-0.0021563 -0.0022284
-0.0017824 -0.0022728
-0.0027510 -0.0018423
-0.0030065 -0.0014446
-0.0041640 -0.0010900
-0.0051648 -0.0008748
-0.0063243 -0.0005623
-0.0070239 -0.0007952
-0.0075544 -0.0011296
-0.0074006 -0.0008123
-0.0070897 -0.0007280
-0.0063819 -0.0004369
-0.0055030  0.0003770
-0.0050084  0.0011937
-0.0044137  0.0019559
-0.0043996  0.0030909
-0.0046544  0.0039004
-0.0048808  0.0040171
-0.0049386  0.0042872
-0.0051639  0.0032888
-0.0050463  0.0021877
-0.0045816  0.0011840
-0.0034854  0.0000607
-0.0026775  0.0000340
-0.0019092 -0.0001271
-0.0015983 -0.0003436
