[PARAMETERS]
DW=1E-007
TAU=0.00115
TD=4096
BS=4096
NS=128
NSC=128
FR=56.230000
GAIN=4.974204
D0=0.05
D1=7E-006
D2=1.4E-005
D3=2.5E-005
D4=1E-005
D5=5E-005
D6=0.001
D7=0.001
D8=0.001
D9=0.05
C0=1
SEGTD=0
SEGOFF=0
SEGNUM=0
[ADDITIONAL]
PPFILE=UK_TWO_T2_SOLID.PC
DATEWR=12.09.2024
TIMEWR=14:56:43
DATESTA=12.09.2024
TIMESTA=14:56:35
DATEEND=12.09.2024
TIMEEND=14:56:43
CURR_Z0=0
CURR_Z1=1
TE=-1
[VARIABLES]
_USER=Measurements
_EMAIL_F=7NMR.NMR-270-ijs.si
_ITC_H=1
_ITC_R0= 80.00
_ITC_R1= 79.96
_ITC_R2= 80.48
_ITC_R3=  0.00
_ITC_R4= -0.04
_ITC_V= 21.90
_ITC_X=X0A1C1S00H1
_FW=100
_ORIENT=?
_THETA=0
_TITLE=?
_DESCR1=?
_DESCR2=?
_FR_LARM=56.23000000
_FR_SYNT=526.23000000
_TRIMLEV=1.572265625
_DATE=12.09.2024
_TIME=14:52:37
_ITC_DIR=I3I3
[PPFILE]
; pi/2 - pi/2


DELAY D9
PULSE [GT] 3u
PULSE [PHL1,GT] D1
DELAY TAU-3u
PULSE [GT] 3u
PULSE [PHL2,GT] D1
DELAY TAU-D3
PULSE [TR] 1u+DW
DELAY 1m
STOP

;PHL 1 [+X] [+X] [+Y] [+Y] [-X] [-X] [-Y] [-Y]
;PHL 2 [+Y] [-Y] [-X] [+X] [-Y] [+Y] [+X] [-X]
;!RLS +X+X+Y+Y-X-X-Y-Y

PHL 1 [+X] [+X] [-X] [-X] [+Y] [+Y] [-Y] [-Y] [+X] [+X] [-X] [-X] [+Y] [+Y] [-Y] [-Y]
PHL 2 [+Y] [-Y] [-Y] [+Y] [-X] [+X] [+X] [-X] [+X] [-X] [-X] [+X] [-Y] [+Y] [+Y] [-Y]
!RLS +X+X-X-X+Y+Y-Y-Y-X-X+X+X-Y-Y+Y+Y
[DATA]
 0.0020826 -0.0023741
 0.0014984 -0.0027024
 0.0005209 -0.0029394
 0.0008258 -0.0029208
 0.0006271 -0.0036326
 0.0011947 -0.0036714
 0.0017979 -0.0036508
 0.0026966 -0.0033213
 0.0029412 -0.0017843
 0.0031512 -0.0003812
 0.0032905  0.0007146
 0.0026005  0.0027809
 0.0020898  0.0042715
 0.0013388  0.0056111
 0.0005491  0.0072168
-0.0005706  0.0082306
-0.0015553  0.0086335
-0.0023322  0.0086340
-0.0025305  0.0083126
-0.0025353  0.0074187
-0.0021373  0.0065265
-0.0019871  0.0054433
-0.0014772  0.0046274
-0.0013670  0.0042713
-0.0013707  0.0040105
-0.0014918  0.0040323
-0.0013618  0.0043784
-0.0011305  0.0042782
-0.0007316  0.0046008
-0.0001926  0.0043060
 0.0001963  0.0045494
 0.0001067  0.0044670
-0.0001137  0.0048655
-0.0006010  0.0052059
-0.0011036  0.0058865
-0.0009905  0.0063601
-0.0005737  0.0065232
 0.0003820  0.0068409
 0.0011981  0.0068170
 0.0020734  0.0071158
 0.0024118  0.0070140
 0.0027264  0.0070095
 0.0029659  0.0069094
 0.0025513  0.0071273
 0.0028032  0.0066263
 0.0025658  0.0058894
 0.0024224  0.0053822
 0.0020585  0.0050358
 0.0011205  0.0043216
 0.0002811  0.0044015
-0.0007098  0.0044258
-0.0016554  0.0046463
-0.0029656  0.0050763
-0.0037364  0.0050791
-0.0042960  0.0049302
-0.0044353  0.0048741
-0.0045379  0.0046096
-0.0046921  0.0044974
-0.0045831  0.0040658
-0.0044305  0.0035649
-0.0042755  0.0037103
-0.0039637  0.0041472
-0.0037913  0.0046774
-0.0036528  0.0053545
-0.0028251  0.0059888
-0.0022296  0.0062008
-0.0018024  0.0066194
-0.0013216  0.0066138
-0.0008940  0.0065742
-0.0007526  0.0061854
-0.0009173  0.0053714
-0.0011272  0.0046773
-0.0015076  0.0039982
-0.0021572  0.0030332
-0.0022177  0.0017662
-0.0030224  0.0006369
-0.0032691  0.0000253
-0.0038383 -0.0005678
-0.0042727 -0.0002412
-0.0043983 -0.0003838
-0.0048327 -0.0010258
-0.0049865 -0.0012483
-0.0047031 -0.0019072
-0.0049591 -0.0026388
-0.0052131 -0.0031395
-0.0046228 -0.0032848
-0.0048311 -0.0033142
-0.0047463 -0.0034818
-0.0044689 -0.0037276
-0.0046319 -0.0036267
-0.0044357 -0.0035524
-0.0040287 -0.0039921
-0.0040889 -0.0044321
-0.0041527 -0.0051423
-0.0039274 -0.0055969
-0.0038960 -0.0063592
-0.0042089 -0.0063543
-0.0040737 -0.0064088
-0.0043579 -0.0058920
-0.0048331 -0.0048225
-0.0052703 -0.0045411
-0.0058832 -0.0041382
-0.0063641 -0.0039864
-0.0068845 -0.0041160
-0.0072907 -0.0041078
-0.0074651 -0.0040614
-0.0074639 -0.0044150
-0.0073670 -0.0039454
-0.0074986 -0.0037633
-0.0076665 -0.0032533
-0.0075482 -0.0026525
-0.0080238 -0.0032023
-0.0080375 -0.0036004
-0.0076709 -0.0038103
-0.0070277 -0.0041959
-0.0063300 -0.0047390
-0.0050589 -0.0054190
-0.0042821 -0.0063101
-0.0028803 -0.0069912
-0.0013985 -0.0077257
-0.0004384 -0.0076963
 0.0003308 -0.0071088
 0.0003497 -0.0064471
 0.0003493 -0.0053805
-0.0003423 -0.0042436
-0.0011094 -0.0036723
-0.0016682 -0.0030268
-0.0022080 -0.0028019
-0.0027615 -0.0027656
-0.0035658 -0.0030930
-0.0042938 -0.0034209
-0.0046830 -0.0036732
-0.0051752 -0.0033333
-0.0056489 -0.0028395
-0.0056082 -0.0029344
-0.0055497 -0.0024770
-0.0049156 -0.0021281
-0.0038191 -0.0018592
-0.0028562 -0.0021200
-0.0018675 -0.0023695
-0.0007980 -0.0024159
-0.0000171 -0.0031023
 0.0006345 -0.0033465
 0.0016919 -0.0038746
 0.0025894 -0.0040623
 0.0034349 -0.0037373
 0.0043918 -0.0029826
 0.0049973 -0.0022337
 0.0049000 -0.0017693
 0.0049537 -0.0010414
 0.0045128 -0.0000042
 0.0040191  0.0007686
 0.0034449  0.0012519
 0.0028175  0.0019811
 0.0024595  0.0023728
 0.0024821  0.0022662
 0.0025584  0.0022364
 0.0026129  0.0019930
 0.0026294  0.0014233
 0.0029355  0.0008529
 0.0025329  0.0001475
 0.0018058  0.0001443
 0.0010036 -0.0001004
 0.0002090 -0.0005082
-0.0002807 -0.0006136
-0.0006379 -0.0011442
-0.0008216 -0.0015209
-0.0009544 -0.0017249
-0.0006076 -0.0016253
-0.0003201 -0.0019192
 0.0001736 -0.0021175
 0.0007490 -0.0024647
 0.0014934 -0.0026545
 0.0018597 -0.0028866
 0.0023276 -0.0032698
 0.0025223 -0.0038855
 0.0028752 -0.0043648
 0.0028603 -0.0044253
 0.0027831 -0.0044278
 0.0026644 -0.0043696
 0.0031210 -0.0043849
 0.0038603 -0.0041096
 0.0050395 -0.0035855
 0.0058975 -0.0029083
 0.0062519 -0.0017714
 0.0068175 -0.0008811
 0.0064848 -0.0003206
 0.0057826 -0.0000336
 0.0056925 -0.0000715
 0.0051422 -0.0005302
 0.0051284 -0.0004857
 0.0050774 -0.0009944
 0.0048432 -0.0009649
 0.0048444 -0.0005308
 0.0040677 -0.0001977
 0.0030608  0.0000583
 0.0020761  0.0002521
 0.0008395  0.0002372
-0.0002482 -0.0000849
-0.0006991 -0.0003057
-0.0010798 -0.0008391
-0.0005969 -0.0010219
-0.0000204 -0.0016179
-0.0000551 -0.0015807
-0.0001084 -0.0015977
-0.0001002 -0.0019316
-0.0009957 -0.0020540
-0.0015036 -0.0020807
-0.0023979 -0.0021845
-0.0029251 -0.0021902
-0.0026691 -0.0015817
-0.0026089 -0.0011433
-0.0017663 -0.0006334
-0.0007109  0.0002286
 0.0001870  0.0004518
 0.0007373  0.0009020
 0.0013469  0.0007635
 0.0019735  0.0005809
 0.0018136 -0.0000756
 0.0019989 -0.0008815
 0.0015264 -0.0018795
 0.0015038 -0.0026394
 0.0015526 -0.0035687
 0.0013774 -0.0040572
 0.0017952 -0.0045845
 0.0020250 -0.0051876
 0.0022939 -0.0056034
 0.0022604 -0.0054245
 0.0023952 -0.0056708
 0.0021275 -0.0052040
 0.0014375 -0.0047987
 0.0012425 -0.0042721
 0.0008953 -0.0039976
 0.0008331 -0.0036180
 0.0007527 -0.0037649
 0.0006921 -0.0038868
 0.0002521 -0.0042497
-0.0002288 -0.0047900
-0.0007068 -0.0054146
-0.0010698 -0.0059113
-0.0014719 -0.0062764
-0.0011287 -0.0063152
-0.0003600 -0.0063904
 0.0012703 -0.0060723
 0.0022753 -0.0055741
 0.0032048 -0.0044363
 0.0035270 -0.0033563
 0.0031383 -0.0023480
 0.0029575 -0.0013677
 0.0023684 -0.0012692
 0.0018012 -0.0014767
 0.0016869 -0.0013302
 0.0021497 -0.0013875
 0.0022829 -0.0011590
 0.0027638 -0.0008352
 0.0027856 -0.0001270
 0.0030351  0.0005476
 0.0026532  0.0020807
 0.0022728  0.0027311
 0.0017399  0.0034191
 0.0008755  0.0034889
 0.0005113  0.0037501
 0.0004499  0.0032276
 0.0007305  0.0025513
 0.0018569  0.0024899
 0.0029409  0.0026805
 0.0042410  0.0032760
 0.0049075  0.0042018
 0.0054409  0.0055293
 0.0059391  0.0070148
 0.0052479  0.0080569
 0.0048623  0.0090857
 0.0039995  0.0098266
 0.0030051  0.0097568
 0.0023744  0.0091492
 0.0024560  0.0083882
 0.0021718  0.0076033
 0.0022295  0.0075847
 0.0024035  0.0078565
 0.0023074  0.0081084
 0.0024399  0.0087060
 0.0022279  0.0095167
 0.0029018  0.0099374
 0.0036079  0.0102984
 0.0043770  0.0104901
 0.0052168  0.0110045
 0.0060170  0.0118632
 0.0069529  0.0125157
 0.0073138  0.0138541
 0.0083450  0.0149809
 0.0091165  0.0160186
 0.0097722  0.0173606
 0.0107538  0.0181204
 0.0118132  0.0191875
 0.0124520  0.0201165
 0.0132627  0.0209901
 0.0134647  0.0215945
 0.0135648  0.0229151
 0.0132067  0.0238716
 0.0129827  0.0249234
 0.0126358  0.0262779
 0.0126589  0.0274637
 0.0127666  0.0285291
 0.0133928  0.0295869
 0.0136722  0.0299772
 0.0139826  0.0306910
 0.0141194  0.0311585
 0.0147952  0.0319183
 0.0148787  0.0325885
 0.0153106  0.0338163
 0.0151870  0.0349335
 0.0160442  0.0360757
 0.0162888  0.0371332
 0.0167067  0.0381555
 0.0167906  0.0390441
 0.0164914  0.0403568
 0.0166924  0.0415478
 0.0168522  0.0427825
 0.0171489  0.0441492
 0.0180262  0.0453242
 0.0185216  0.0470179
 0.0197304  0.0485797
 0.0202521  0.0503675
 0.0201245  0.0519853
 0.0197721  0.0536770
 0.0185532  0.0547345
 0.0172193  0.0555012
 0.0162843  0.0559057
 0.0153629  0.0560414
 0.0146543  0.0559086
 0.0140749  0.0554722
 0.0132727  0.0545330
 0.0128569  0.0542068
 0.0121746  0.0538640
 0.0113958  0.0538059
 0.0104252  0.0543231
 0.0093380  0.0551249
 0.0087679  0.0556611
 0.0077363  0.0558513
 0.0069806  0.0562142
 0.0066290  0.0553659
 0.0063557  0.0550360
 0.0061398  0.0545289
 0.0059897  0.0536184
 0.0058319  0.0533434
 0.0062268  0.0530854
 0.0061029  0.0526380
 0.0064865  0.0525580
 0.0071123  0.0526678
 0.0075257  0.0528378
 0.0081094  0.0530304
 0.0084057  0.0539158
 0.0087416  0.0542065
 0.0086753  0.0545699
 0.0088239  0.0546248
 0.0088194  0.0538500
 0.0088101  0.0531922
 0.0091468  0.0522834
 0.0090401  0.0510115
 0.0089149  0.0500946
 0.0088342  0.0490300
 0.0085855  0.0481818
 0.0081462  0.0472189
 0.0078644  0.0463461
 0.0074066  0.0450723
 0.0074082  0.0438300
 0.0073650  0.0431675
 0.0066503  0.0420189
 0.0066038  0.0409449
 0.0063519  0.0401996
 0.0059610  0.0393747
 0.0053288  0.0387679
 0.0052335  0.0384433
 0.0048366  0.0385600
 0.0040966  0.0387728
 0.0036638  0.0390437
 0.0027183  0.0397701
 0.0020203  0.0401334
 0.0006452  0.0408783
-0.0002309  0.0410079
-0.0009561  0.0412517
-0.0012237  0.0409909
-0.0011713  0.0405596
-0.0008358  0.0398813
-0.0008108  0.0391856
-0.0003199  0.0383599
-0.0004621  0.0371733
-0.0007536  0.0365249
-0.0009656  0.0350113
-0.0013645  0.0338380
-0.0018037  0.0326275
-0.0020117  0.0316823
-0.0019382  0.0305470
-0.0019608  0.0293559
-0.0018243  0.0279941
-0.0015167  0.0269452
-0.0012696  0.0256520
-0.0007830  0.0245107
-0.0005856  0.0231469
-0.0000082  0.0225236
 0.0006842  0.0212805
 0.0009535  0.0209393
 0.0020028  0.0202675
 0.0029932  0.0203005
 0.0042383  0.0201378
 0.0050014  0.0204026
 0.0049772  0.0204930
 0.0047858  0.0204563
 0.0045165  0.0196371
 0.0038693  0.0191672
 0.0033223  0.0179076
 0.0036788  0.0165332
 0.0038824  0.0157116
 0.0043750  0.0152295
 0.0051535  0.0147991
 0.0057176  0.0146945
 0.0055710  0.0145911
 0.0056486  0.0144530
 0.0049380  0.0139115
 0.0037643  0.0130916
 0.0026632  0.0123309
 0.0017184  0.0111125
 0.0008940  0.0097155
 0.0000344  0.0084114
-0.0000536  0.0070710
-0.0002207  0.0059675
 0.0001132  0.0052879
 0.0008412  0.0051781
 0.0013212  0.0054186
 0.0019470  0.0061550
 0.0023298  0.0069144
 0.0023608  0.0074998
 0.0025498  0.0079899
 0.0023180  0.0079398
 0.0022219  0.0082131
 0.0024100  0.0082623
 0.0022707  0.0082344
 0.0022332  0.0079945
 0.0023095  0.0079751
 0.0023833  0.0078952
 0.0029030  0.0079751
 0.0037872  0.0080732
 0.0047820  0.0081338
 0.0054486  0.0087924
 0.0056875  0.0092995
 0.0053556  0.0094655
 0.0051702  0.0095754
 0.0043974  0.0091863
 0.0036004  0.0081867
 0.0031910  0.0079562
 0.0025518  0.0072760
 0.0026055  0.0067459
 0.0020418  0.0063878
 0.0016514  0.0065073
 0.0011676  0.0062966
 0.0001898  0.0063600
-0.0006900  0.0064266
-0.0009487  0.0062393
-0.0012632  0.0062220
-0.0009030  0.0062967
-0.0007152  0.0064811
-0.0000828  0.0061121
 0.0003884  0.0058351
 0.0003049  0.0062368
 0.0004665  0.0060809
 0.0007212  0.0068868
 0.0010281  0.0080549
 0.0011407  0.0090888
 0.0014068  0.0101632
 0.0015150  0.0110228
 0.0015282  0.0116312
 0.0016901  0.0115225
 0.0013978  0.0113210
 0.0011001  0.0102361
 0.0005934  0.0094552
 0.0001452  0.0082382
 0.0001016  0.0069474
 0.0004282  0.0061920
 0.0006579  0.0055379
 0.0012947  0.0051099
 0.0019633  0.0049153
 0.0024978  0.0046686
 0.0032258  0.0047041
 0.0034555  0.0049573
 0.0038952  0.0052488
 0.0037894  0.0060777
 0.0035662  0.0063297
 0.0031487  0.0065428
 0.0027015  0.0068340
 0.0019549  0.0070484
 0.0019384  0.0073936
 0.0018080  0.0072410
 0.0019635  0.0072293
 0.0028412  0.0074243
 0.0031278  0.0074292
 0.0035885  0.0075879
 0.0039705  0.0077858
 0.0042369  0.0075839
 0.0041069  0.0072077
 0.0038017  0.0067539
 0.0030386  0.0064923
 0.0024310  0.0062477
 0.0017277  0.0062287
 0.0010632  0.0062097
 0.0001685  0.0061479
-0.0001500  0.0060716
-0.0006562  0.0054167
-0.0007466  0.0053355
-0.0005290  0.0048753
-0.0006198  0.0046819
-0.0010385  0.0046867
-0.0014910  0.0050917
-0.0015488  0.0054042
-0.0019097  0.0057939
-0.0020207  0.0061593
-0.0024241  0.0066179
-0.0024628  0.0068614
-0.0026776  0.0068020
-0.0024854  0.0057962
-0.0026821  0.0049241
-0.0027608  0.0039930
-0.0024593  0.0031217
-0.0020035  0.0023456
-0.0014564  0.0018736
-0.0007705  0.0022325
-0.0002808  0.0026931
 0.0002658  0.0036137
-0.0002264  0.0037567
-0.0003334  0.0041144
-0.0003997  0.0041419
-0.0006800  0.0038134
-0.0007232  0.0035167
-0.0008790  0.0031441
-0.0008250  0.0024255
-0.0009364  0.0023726
-0.0014305  0.0019915
-0.0013130  0.0014392
-0.0016715  0.0013657
-0.0014575  0.0007742
-0.0013804  0.0007629
-0.0011148  0.0005030
-0.0008665  0.0002394
-0.0006396 -0.0000788
-0.0011967 -0.0003440
-0.0009040 -0.0005301
-0.0005604 -0.0007021
-0.0002289 -0.0003989
 0.0007902 -0.0003670
 0.0013639 -0.0003921
 0.0021855 -0.0003251
 0.0027208 -0.0002529
 0.0022319 -0.0005303
 0.0019532 -0.0006135
 0.0012559 -0.0009842
 0.0006184 -0.0015034
 0.0004302 -0.0011598
 0.0001880 -0.0008917
-0.0001305 -0.0003584
-0.0001409  0.0003659
-0.0004385  0.0009974
-0.0008006  0.0015864
-0.0009399  0.0018876
-0.0008128  0.0018641
-0.0006526  0.0018807
 0.0000487  0.0017054
 0.0002865  0.0018201
 0.0002973  0.0024112
 0.0003074  0.0026607
-0.0001953  0.0026594
-0.0005466  0.0026833
-0.0007351  0.0024168
-0.0007686  0.0020712
-0.0009915  0.0020749
-0.0003902  0.0018431
 0.0007306  0.0016691
 0.0019455  0.0020337
 0.0032371  0.0028557
 0.0048913  0.0033511
 0.0060275  0.0044807
 0.0058934  0.0052381
 0.0056455  0.0058445
 0.0049345  0.0064158
 0.0038436  0.0061037
 0.0029469  0.0057173
 0.0021826  0.0053753
 0.0019994  0.0048210
 0.0017543  0.0044209
 0.0013740  0.0040026
 0.0015125  0.0036021
 0.0012444  0.0033922
 0.0009347  0.0028729
 0.0008415  0.0027236
 0.0004232  0.0025302
 0.0001535  0.0025875
 0.0003275  0.0023788
 0.0004410  0.0022415
 0.0011100  0.0019157
 0.0017947  0.0014417
 0.0022889  0.0016553
 0.0026861  0.0017756
 0.0029716  0.0018189
 0.0027221  0.0019788
 0.0023773  0.0021977
 0.0020006  0.0024241
 0.0010684  0.0028061
 0.0007280  0.0031254
 0.0002363  0.0030652
-0.0004698  0.0033058
-0.0011829  0.0039175
-0.0013234  0.0043204
-0.0017187  0.0050306
-0.0018270  0.0054001
-0.0014015  0.0056759
-0.0009885  0.0061233
-0.0004423  0.0067665
-0.0002768  0.0068121
 0.0005412  0.0069333
 0.0015933  0.0074323
 0.0021323  0.0076233
 0.0027460  0.0085232
 0.0029988  0.0096154
 0.0027194  0.0102432
 0.0019745  0.0104890
 0.0013471  0.0104321
 0.0004888  0.0101983
 0.0000181  0.0092757
-0.0003494  0.0086447
-0.0006905  0.0080068
-0.0001939  0.0075283
-0.0005762  0.0074274
-0.0007446  0.0074265
-0.0012190  0.0082288
-0.0018233  0.0088602
-0.0032242  0.0095688
-0.0038819  0.0097263
-0.0054172  0.0095539
-0.0066078  0.0085793
-0.0074354  0.0073616
-0.0083252  0.0060950
-0.0090261  0.0048164
-0.0088867  0.0039177
-0.0091152  0.0027299
-0.0089222  0.0019979
-0.0085064  0.0015900
-0.0082101  0.0011390
-0.0081105  0.0010909
-0.0078037  0.0010016
-0.0078575  0.0013387
-0.0076634  0.0013355
-0.0072161  0.0012567
-0.0065920  0.0013269
-0.0062742  0.0008881
-0.0056489  0.0001036
-0.0051378 -0.0004754
-0.0048346 -0.0009361
-0.0048111 -0.0013612
-0.0049258 -0.0010823
-0.0045019 -0.0009511
-0.0045241 -0.0003233
-0.0044877  0.0004753
-0.0044777  0.0015747
-0.0039480  0.0016579
-0.0036675  0.0015296
-0.0032520  0.0012874
-0.0029706  0.0007738
-0.0027240 -0.0003167
-0.0025762 -0.0007386
-0.0027551 -0.0019127
-0.0024838 -0.0028131
-0.0024801 -0.0038467
-0.0024337 -0.0044216
-0.0020375 -0.0058141
-0.0018966 -0.0059416
-0.0021376 -0.0058188
-0.0026669 -0.0053315
-0.0032971 -0.0049160
-0.0040541 -0.0042740
-0.0048526 -0.0039166
-0.0050004 -0.0035992
-0.0057045 -0.0038216
-0.0054590 -0.0041062
-0.0054429 -0.0050268
-0.0049475 -0.0059134
-0.0048098 -0.0064953
-0.0044662 -0.0068857
-0.0045171 -0.0064546
-0.0043317 -0.0061340
-0.0045566 -0.0053520
-0.0048512 -0.0046446
-0.0050741 -0.0034358
-0.0052440 -0.0024216
-0.0055501 -0.0019815
-0.0052848 -0.0011026
-0.0051371 -0.0002661
-0.0049691  0.0000137
-0.0046696  0.0008127
-0.0043511  0.0017833
-0.0042598  0.0025039
-0.0038250  0.0035132
-0.0039434  0.0040102
-0.0045777  0.0042957
-0.0053444  0.0046792
-0.0060469  0.0048331
-0.0068479  0.0049312
-0.0073788  0.0049155
-0.0081765  0.0050729
-0.0083800  0.0059632
-0.0086036  0.0064522
-0.0082515  0.0071314
-0.0076903  0.0074641
-0.0068634  0.0078194
-0.0056885  0.0077084
-0.0042891  0.0075934
-0.0030968  0.0070474
-0.0021746  0.0063994
-0.0011806  0.0062499
-0.0007583  0.0057895
-0.0006651  0.0056760
-0.0003602  0.0058342
-0.0005750  0.0059762
-0.0007685  0.0063150
-0.0006401  0.0061632
-0.0010128  0.0060711
-0.0013402  0.0064822
-0.0019261  0.0063385
-0.0023929  0.0063486
-0.0029880  0.0063370
-0.0030115  0.0064004
-0.0031439  0.0064214
-0.0035977  0.0063059
-0.0037490  0.0055162
-0.0039231  0.0047409
-0.0046942  0.0038386
-0.0046450  0.0029519
-0.0050771  0.0017257
-0.0049758  0.0014439
-0.0044312  0.0008998
-0.0041297  0.0004698
-0.0035576  0.0004089
-0.0030396  0.0005733
-0.0024218  0.0007349
-0.0020746  0.0016413
-0.0020273  0.0020656
-0.0018653  0.0031602
-0.0018423  0.0045430
-0.0012205  0.0055952
-0.0009616  0.0068779
-0.0005893  0.0079078
 0.0004576  0.0087306
 0.0007003  0.0092071
 0.0014582  0.0096455
 0.0014482  0.0093996
 0.0017405  0.0095200
 0.0018754  0.0089907
 0.0016234  0.0084025
 0.0016634  0.0078769
 0.0013129  0.0072737
 0.0009847  0.0068026
 0.0007343  0.0065616
 0.0007755  0.0057057
 0.0006278  0.0053262
 0.0006274  0.0047178
 0.0006278  0.0042975
 0.0003440  0.0040814
 0.0001142  0.0038687
-0.0000033  0.0041500
 0.0000318  0.0037155
 0.0003383  0.0036481
 0.0007743  0.0032495
 0.0015196  0.0031800
 0.0020937  0.0033237
 0.0028221  0.0037779
 0.0033046  0.0038662
 0.0034354  0.0038416
 0.0035847  0.0041468
 0.0034063  0.0038932
 0.0030513  0.0039316
 0.0026790  0.0042409
 0.0019421  0.0043620
 0.0010874  0.0047368
 0.0004902  0.0045317
 0.0002524  0.0043642
-0.0000577  0.0045168
 0.0000718  0.0044174
 0.0003924  0.0044505
 0.0012257  0.0044432
 0.0016181  0.0043794
 0.0016757  0.0039510
 0.0018868  0.0035056
 0.0023675  0.0031237
 0.0031717  0.0028827
 0.0037914  0.0025642
 0.0042407  0.0024827
 0.0046933  0.0022817
 0.0048677  0.0019244
 0.0053094  0.0017012
 0.0047967  0.0016479
 0.0045322  0.0019329
 0.0039242  0.0023907
 0.0035043  0.0029798
 0.0026694  0.0033011
 0.0021744  0.0032753
 0.0017417  0.0033641
 0.0013654  0.0029922
 0.0012354  0.0025246
 0.0013715  0.0023704
 0.0011442  0.0017773
 0.0017983  0.0013957
 0.0017648  0.0008249
 0.0023470  0.0002305
 0.0032539 -0.0008071
 0.0039524 -0.0012347
 0.0049182 -0.0021989
 0.0051750 -0.0025910
 0.0052203 -0.0030626
 0.0053826 -0.0033351
 0.0049430 -0.0031733
 0.0045077 -0.0034907
 0.0039502 -0.0037794
 0.0040059 -0.0041444
 0.0037774 -0.0044734
 0.0044871 -0.0048356
 0.0046067 -0.0045885
 0.0046628 -0.0038545
 0.0050843 -0.0032561
 0.0043123 -0.0023707
 0.0039784 -0.0015797
 0.0038128 -0.0009603
 0.0032648 -0.0006312
 0.0036649 -0.0005525
 0.0041199 -0.0005319
 0.0049242 -0.0003393
 0.0061165  0.0000232
 0.0074258  0.0004860
 0.0082431  0.0010036
 0.0087910  0.0016717
 0.0089930  0.0019237
 0.0086175  0.0026109
 0.0081266  0.0032476
 0.0069424  0.0037878
 0.0057534  0.0036187
 0.0049310  0.0031612
 0.0044901  0.0023780
 0.0041304  0.0013852
 0.0046302  0.0006815
 0.0046694  0.0000933
 0.0048244 -0.0001114
 0.0048632  0.0001487
 0.0043427 -0.0002086
 0.0034795 -0.0004174
 0.0029014 -0.0010221
 0.0016764 -0.0015163
 0.0016021 -0.0019144
 0.0016578 -0.0021828
 0.0016211 -0.0025297
 0.0019691 -0.0027057
 0.0021371 -0.0026177
 0.0021742 -0.0029125
 0.0022279 -0.0029606
 0.0020651 -0.0027959
 0.0017918 -0.0031686
 0.0012108 -0.0022711
 0.0009293 -0.0020450
 0.0003862 -0.0016235
 0.0002089 -0.0009929
 0.0002024 -0.0010518
 0.0006789 -0.0012105
 0.0010991 -0.0014007
 0.0021541 -0.0013975
 0.0026927 -0.0014301
 0.0032673 -0.0009072
 0.0034421 -0.0008612
 0.0034441 -0.0009286
 0.0036169 -0.0004602
 0.0038875 -0.0005308
 0.0039056  0.0003199
 0.0043683  0.0011856
 0.0045258  0.0017577
 0.0043397  0.0023273
 0.0043103  0.0023196
 0.0040915  0.0020430
 0.0039078  0.0022109
 0.0045103  0.0016105
 0.0050150  0.0013832
 0.0052678  0.0016154
 0.0057272  0.0017204
 0.0059347  0.0022486
 0.0058960  0.0028470
 0.0058762  0.0033339
 0.0051107  0.0040268
 0.0039673  0.0042302
 0.0029152  0.0043408
 0.0011807  0.0041850
-0.0002312  0.0037182
-0.0013325  0.0031723
-0.0019506  0.0025549
-0.0018101  0.0025860
-0.0018435  0.0027676
-0.0013433  0.0028172
-0.0012355  0.0033049
-0.0009207  0.0038605
-0.0008553  0.0039287
-0.0008477  0.0038285
-0.0002874  0.0036928
-0.0001949  0.0029423
-0.0000072  0.0025018
 0.0001632  0.0021327
 0.0002621  0.0019628
-0.0001211  0.0014641
-0.0005825  0.0013071
-0.0011942  0.0007705
-0.0014082  0.0002133
-0.0015826 -0.0001537
-0.0023142 -0.0004828
-0.0018358 -0.0006399
-0.0011454 -0.0006839
-0.0006924 -0.0003944
 0.0006048  0.0005072
 0.0017667  0.0010135
 0.0025447  0.0019624
 0.0044717  0.0029569
 0.0050793  0.0037616
 0.0053627  0.0045777
 0.0049505  0.0051058
 0.0043150  0.0049835
 0.0034869  0.0041817
 0.0028522  0.0033989
 0.0028522  0.0026689
 0.0025683  0.0026983
 0.0027791  0.0027273
 0.0027856  0.0028706
 0.0030061  0.0031661
 0.0029916  0.0036744
 0.0027167  0.0037781
 0.0024063  0.0034813
 0.0027641  0.0032850
 0.0024496  0.0031053
 0.0026095  0.0027964
 0.0027488  0.0026818
 0.0025962  0.0021840
 0.0023298  0.0021283
 0.0023285  0.0018602
 0.0016224  0.0020346
 0.0006276  0.0021258
-0.0004815  0.0023527
-0.0015914  0.0022574
-0.0031042  0.0022768
-0.0038403  0.0019833
-0.0042650  0.0016482
-0.0047136  0.0014419
-0.0044528  0.0012897
-0.0039954  0.0006635
-0.0038695  0.0003018
-0.0031254 -0.0000010
-0.0026551 -0.0005392
-0.0022441 -0.0010790
-0.0013696 -0.0016395
-0.0011125 -0.0016184
-0.0010266 -0.0023299
-0.0007238 -0.0022742
-0.0009963 -0.0021546
-0.0015713 -0.0021720
-0.0017210 -0.0019757
-0.0019298 -0.0013370
-0.0024627 -0.0011205
-0.0027271  0.0000758
-0.0033957  0.0005640
-0.0036824  0.0010687
-0.0039735  0.0013223
-0.0042650  0.0018241
-0.0036739  0.0017491
-0.0037386  0.0019755
-0.0031911  0.0026623
-0.0028120  0.0027676
-0.0028730  0.0037592
-0.0031028  0.0041536
-0.0034076  0.0043211
-0.0036361  0.0039331
-0.0035763  0.0032798
-0.0033240  0.0025644
-0.0022798  0.0018740
-0.0011465  0.0016051
-0.0000132  0.0012825
 0.0009877  0.0015873
 0.0016043  0.0022656
 0.0021074  0.0027696
 0.0022999  0.0030211
 0.0021853  0.0032888
 0.0028955  0.0033416
 0.0031615  0.0034070
 0.0037159  0.0034009
 0.0043804  0.0037594
 0.0043978  0.0040949
 0.0049121  0.0045394
 0.0048572  0.0053708
 0.0051310  0.0053793
 0.0049647  0.0053890
 0.0051085  0.0052598
 0.0054820  0.0048416
 0.0056931  0.0045566
 0.0061566  0.0041903
 0.0064611  0.0041165
 0.0069734  0.0041512
 0.0076957  0.0044964
 0.0079976  0.0045133
 0.0082988  0.0049352
 0.0085665  0.0053366
 0.0087175  0.0058199
 0.0081425  0.0061893
 0.0075733  0.0066004
 0.0069455  0.0067260
 0.0063952  0.0072113
 0.0056560  0.0078138
 0.0052204  0.0080891
 0.0051130  0.0083443
 0.0046390  0.0088462
 0.0044542  0.0099041
 0.0038510  0.0100546
 0.0030569  0.0104535
 0.0024683  0.0111552
 0.0014779  0.0112952
 0.0006571  0.0112419
 0.0002025  0.0110593
-0.0004083  0.0104294
-0.0003288  0.0095306
 0.0005163  0.0088635
 0.0006858  0.0080648
 0.0011433  0.0075609
 0.0014501  0.0071700
 0.0017049  0.0066928
 0.0019775  0.0061583
 0.0016795  0.0056661
 0.0015237  0.0050920
 0.0013149  0.0039615
 0.0012511  0.0030652
 0.0008970  0.0027180
 0.0009260  0.0020474
 0.0005129  0.0017058
-0.0000726  0.0013615
-0.0004796  0.0012916
-0.0009290  0.0008177
-0.0007627  0.0008044
-0.0003646  0.0003171
 0.0005317 -0.0000010
 0.0011147 -0.0007596
 0.0023566 -0.0009755
 0.0031378 -0.0010033
 0.0042852 -0.0011046
 0.0048186 -0.0007945
 0.0053503 -0.0002708
 0.0055408  0.0003461
 0.0050587  0.0012497
 0.0046017  0.0018553
 0.0042161  0.0021560
 0.0035439  0.0022820
 0.0030675  0.0025642
 0.0027005  0.0024120
 0.0022014  0.0023558
 0.0020178  0.0019574
 0.0019843  0.0018835
 0.0021091  0.0019073
 0.0019060  0.0026410
 0.0012185  0.0036217
 0.0007049  0.0043113
-0.0003299  0.0054212
-0.0012896  0.0061919
-0.0019800  0.0064617
-0.0031076  0.0069607
-0.0032542  0.0069660
-0.0037269  0.0067593
-0.0046014  0.0064557
-0.0043668  0.0061537
-0.0046349  0.0054051
-0.0049365  0.0046788
-0.0045880  0.0037397
-0.0045456  0.0027961
-0.0045350  0.0019882
-0.0037764  0.0014286
-0.0035175  0.0006110
-0.0031028  0.0000028
-0.0026994 -0.0004244
-0.0025089 -0.0007987
-0.0028630 -0.0011084
-0.0027016 -0.0011814
-0.0023871 -0.0015016
-0.0022257 -0.0011870
-0.0017549 -0.0010824
-0.0013052 -0.0007892
-0.0008514 -0.0005728
-0.0005111 -0.0008546
-0.0003642 -0.0006378
-0.0003626 -0.0003636
-0.0003299 -0.0004322
-0.0005217  0.0000705
-0.0005208  0.0006297
-0.0005749  0.0009769
-0.0008034  0.0014162
-0.0011054  0.0015293
-0.0014252  0.0010274
-0.0013407  0.0008319
-0.0010835  0.0001577
-0.0000228 -0.0004593
 0.0007298 -0.0006337
 0.0017464 -0.0009034
 0.0027424 -0.0005812
 0.0035475 -0.0001218
 0.0035039  0.0006393
 0.0032325  0.0014919
 0.0029604  0.0021201
 0.0018089  0.0029720
 0.0006756  0.0032142
 0.0000445  0.0036433
-0.0003770  0.0040943
-0.0007815  0.0044091
-0.0011155  0.0046134
-0.0014878  0.0046461
-0.0020959  0.0044947
-0.0023010  0.0037893
-0.0025050  0.0027069
-0.0022265  0.0017816
-0.0017707  0.0010856
-0.0007012  0.0003917
-0.0000701  0.0000623
 0.0004875  0.0003491
 0.0007947  0.0007913
 0.0009126  0.0013973
 0.0006046  0.0020660
 0.0003785  0.0027254
-0.0001153  0.0033641
-0.0002465  0.0028906
-0.0003797  0.0022967
-0.0000894  0.0013988
 0.0008518 -0.0003934
 0.0017917 -0.0014084
 0.0029642 -0.0024190
 0.0041569 -0.0025328
 0.0045812 -0.0021101
 0.0053112 -0.0009998
 0.0059665  0.0001072
 0.0061768  0.0009664
 0.0062733  0.0015720
 0.0063719  0.0017807
 0.0058728  0.0019207
 0.0050516  0.0021795
 0.0036781  0.0014624
 0.0020184  0.0011648
 0.0004390  0.0007017
-0.0005885  0.0000653
-0.0017295 -0.0001648
-0.0022749 -0.0005310
-0.0026742 -0.0005355
-0.0025510 -0.0007721
-0.0020871 -0.0006450
-0.0012178 -0.0004415
-0.0003279 -0.0000083
 0.0005196  0.0007515
 0.0013885  0.0011710
 0.0016243  0.0019365
 0.0015149  0.0024694
 0.0015468  0.0029717
 0.0010054  0.0034683
 0.0008834  0.0037578
 0.0008898  0.0040630
 0.0012426  0.0040791
 0.0021897  0.0030807
 0.0037360  0.0021020
 0.0051241  0.0014099
 0.0070358  0.0007426
 0.0078682 -0.0000778
 0.0085279  0.0002932
 0.0082811  0.0004952
 0.0079140  0.0008650
 0.0069752  0.0008348
 0.0063053  0.0011308
 0.0060485  0.0007484
 0.0056798  0.0004856
 0.0054485  0.0006572
 0.0044735  0.0005644
 0.0038618  0.0005886
 0.0029292  0.0007675
 0.0023571  0.0014434
 0.0020127  0.0017147
 0.0019404  0.0016760
 0.0023474  0.0019214
 0.0034222  0.0020543
 0.0044219  0.0020127
 0.0050433  0.0020845
 0.0052214  0.0022682
 0.0051661  0.0024151
 0.0050539  0.0019059
 0.0047906  0.0017456
 0.0045650  0.0009284
 0.0040522  0.0002335
 0.0039206 -0.0000201
 0.0037547 -0.0001541
 0.0033014 -0.0000778
 0.0030006  0.0000595
 0.0023361  0.0002363
 0.0018068  0.0001830
 0.0009686  0.0000712
 0.0006485 -0.0002150
 0.0001903 -0.0005635
-0.0001686 -0.0009519
-0.0008950 -0.0013085
-0.0011627 -0.0016234
-0.0018414 -0.0022844
-0.0021903 -0.0030415
-0.0023938 -0.0032320
-0.0026518 -0.0035558
-0.0030815 -0.0034783
-0.0034146 -0.0033988
-0.0039234 -0.0031295
-0.0044071 -0.0026470
-0.0046284 -0.0022981
-0.0047677 -0.0025682
-0.0043704 -0.0024140
-0.0043531 -0.0025270
-0.0041415 -0.0027402
-0.0042929 -0.0025892
-0.0039848 -0.0026474
-0.0041928 -0.0026878
-0.0046910 -0.0023401
-0.0048452 -0.0024350
-0.0054819 -0.0021225
-0.0061578 -0.0022186
-0.0066634 -0.0028480
-0.0071818 -0.0035008
-0.0068370 -0.0039970
-0.0066650 -0.0044973
-0.0058587 -0.0045211
-0.0048049 -0.0044048
-0.0038295 -0.0033478
-0.0027963 -0.0024293
-0.0026623 -0.0015217
-0.0027620 -0.0004255
-0.0034210  0.0003433
-0.0041711  0.0008649
-0.0043229  0.0009388
-0.0047077  0.0006848
-0.0047916  0.0000436
-0.0046240  0.0002665
-0.0042683  0.0003189
-0.0037913  0.0002434
-0.0036649  0.0004316
-0.0031392  0.0000133
-0.0027161 -0.0006759
-0.0022607 -0.0008309
-0.0014386 -0.0015738
-0.0006042 -0.0015282
-0.0004399 -0.0013670
-0.0003672 -0.0012051
-0.0003115 -0.0005986
-0.0003866  0.0002174
-0.0004431  0.0013189
-0.0004237  0.0018192
-0.0006098  0.0024353
-0.0003365  0.0024732
 0.0001836  0.0020497
 0.0006536  0.0017784
 0.0010242  0.0014113
 0.0012395  0.0012410
 0.0012645  0.0007472
 0.0011951  0.0003181
 0.0010115 -0.0004381
 0.0014064 -0.0009128
 0.0014904 -0.0015003
 0.0015526 -0.0017877
 0.0013120 -0.0020829
 0.0009325 -0.0020890
 0.0003031 -0.0020777
-0.0003425 -0.0018735
-0.0011576 -0.0013991
-0.0021145 -0.0009441
-0.0028359 -0.0007370
-0.0030245 -0.0004487
-0.0032772 -0.0001059
-0.0030867  0.0000838
-0.0025715  0.0006216
-0.0016158  0.0006361
-0.0009618  0.0006914
 0.0002660  0.0011472
 0.0010372  0.0013358
 0.0018047  0.0017326
 0.0027285  0.0017665
 0.0031682  0.0022183
 0.0041626  0.0024233
 0.0042736  0.0028755
 0.0038662  0.0030385
 0.0036490  0.0032246
 0.0031855  0.0031971
 0.0023396  0.0032080
 0.0018042  0.0029916
 0.0014603  0.0032713
 0.0006350  0.0032871
 0.0002292  0.0033230
-0.0001560  0.0031506
-0.0008843  0.0028982
-0.0009800  0.0023269
-0.0011694  0.0019615
-0.0012239  0.0017496
-0.0008019  0.0012865
-0.0007491  0.0009784
-0.0007548  0.0007248
-0.0003603  0.0002278
-0.0004133  0.0002476
-0.0006826  0.0003877
-0.0009992  0.0004722
-0.0015208  0.0013568
-0.0023110  0.0021061
-0.0028141  0.0031301
-0.0031254  0.0039400
-0.0032441  0.0046926
-0.0028081  0.0053079
-0.0022881  0.0057711
-0.0018415  0.0055429
-0.0015108  0.0050996
-0.0008890  0.0046551
-0.0004977  0.0039082
-0.0001085  0.0036809
 0.0000882  0.0038400
 0.0001088  0.0044028
-0.0002917  0.0053158
-0.0009599  0.0059961
-0.0014169  0.0062207
-0.0021804  0.0059611
-0.0026507  0.0058703
-0.0026673  0.0053333
-0.0031627  0.0046752
-0.0029430  0.0040945
-0.0031170  0.0035288
-0.0033072  0.0026761
-0.0033972  0.0015036
-0.0033547  0.0004817
-0.0038513 -0.0007828
-0.0039248 -0.0019929
-0.0034456 -0.0034537
-0.0030253 -0.0042220
-0.0022243 -0.0048373
-0.0015226 -0.0049116
-0.0012198 -0.0047578
-0.0018093 -0.0044509
-0.0028135 -0.0043960
-0.0041451 -0.0045519
-0.0052873 -0.0050885
-0.0066532 -0.0058750
-0.0068899 -0.0060219
-0.0065834 -0.0060764
-0.0062976 -0.0054364
-0.0061199 -0.0045316
-0.0050621 -0.0034693
-0.0048489 -0.0028540
-0.0046745 -0.0022609
-0.0036594 -0.0023892
-0.0032206 -0.0025972
-0.0026517 -0.0025527
-0.0015649 -0.0024320
-0.0009520 -0.0022898
-0.0000105 -0.0017084
 0.0011847 -0.0005871
 0.0017310  0.0008745
 0.0023132  0.0024660
 0.0019943  0.0038678
 0.0010180  0.0047884
-0.0006539  0.0059132
-0.0017650  0.0059713
-0.0029597  0.0056835
-0.0039263  0.0054142
-0.0044722  0.0048780
-0.0045352  0.0043963
-0.0044893  0.0041060
-0.0044966  0.0036478
-0.0042741  0.0032783
-0.0038567  0.0032044
-0.0032491  0.0027627
-0.0027178  0.0027781
-0.0018970  0.0030421
-0.0012668  0.0031143
-0.0006934  0.0034406
-0.0006535  0.0036138
-0.0004794  0.0039965
-0.0006865  0.0041503
-0.0015275  0.0039921
-0.0019301  0.0033408
-0.0026746  0.0031297
-0.0028090  0.0024780
-0.0029075  0.0017266
-0.0036569  0.0012796
-0.0035649  0.0007572
-0.0041067  0.0000179
-0.0047079 -0.0002208
-0.0047742 -0.0007065
-0.0054860 -0.0012674
-0.0059100 -0.0014616
-0.0057206 -0.0015718
-0.0057202 -0.0013113
-0.0055244 -0.0004190
-0.0050798 -0.0000406
-0.0047297  0.0009095
-0.0041322  0.0014897
-0.0040724  0.0017986
-0.0040942  0.0016270
-0.0040971  0.0013189
-0.0041564  0.0002817
-0.0043708 -0.0002045
-0.0045671 -0.0011682
-0.0045118 -0.0015773
-0.0044916 -0.0017598
-0.0043616 -0.0016706
-0.0040705 -0.0020776
-0.0041658 -0.0019242
-0.0040333 -0.0016516
-0.0038961 -0.0014538
-0.0042582 -0.0009903
-0.0040426 -0.0009656
-0.0039424 -0.0005251
-0.0033828 -0.0000128
-0.0027267  0.0006134
-0.0023076  0.0015238
-0.0020602  0.0019723
-0.0017759  0.0022113
-0.0020109  0.0023384
-0.0021543  0.0024086
-0.0017595  0.0017372
-0.0015403  0.0011433
-0.0011285  0.0011833
-0.0001019  0.0010174
 0.0005308  0.0011336
 0.0008146  0.0019238
 0.0008171  0.0023510
 0.0006693  0.0028335
 0.0008168  0.0025541
 0.0009420  0.0023761
 0.0013716  0.0023330
 0.0019587  0.0018680
 0.0029406  0.0021704
 0.0034986  0.0023712
 0.0039625  0.0025323
 0.0038491  0.0026938
 0.0036577  0.0030015
 0.0028038  0.0029433
 0.0020440  0.0025125
 0.0005756  0.0028665
-0.0008374  0.0033377
-0.0016990  0.0037091
-0.0025957  0.0047382
-0.0031472  0.0053539
-0.0037613  0.0054076
-0.0039305  0.0050628
-0.0038287  0.0043716
-0.0037520  0.0034251
-0.0026530  0.0026536
-0.0016492  0.0017532
-0.0010125  0.0014391
-0.0003766  0.0018238
 0.0000692  0.0019038
 0.0002234  0.0023269
-0.0004633  0.0021933
-0.0006304  0.0016600
-0.0007827  0.0014609
-0.0011279  0.0009170
-0.0010193 -0.0000472
-0.0012959 -0.0003424
-0.0011510 -0.0009226
-0.0007751 -0.0012323
-0.0002446 -0.0009896
 0.0000238 -0.0008815
 0.0006194 -0.0006025
 0.0007155  0.0003301
 0.0005649  0.0006857
 0.0005419  0.0003728
 0.0004635  0.0002864
 0.0005572 -0.0001214
 0.0015080 -0.0003338
 0.0021927 -0.0007235
 0.0034201 -0.0004542
 0.0043010  0.0001793
 0.0049398  0.0005209
 0.0051397  0.0009650
 0.0053170  0.0010966
 0.0046920  0.0010240
 0.0046052  0.0004551
 0.0040513 -0.0000588
 0.0036743 -0.0004573
 0.0036032 -0.0003902
 0.0037054  0.0003458
 0.0029690  0.0008699
 0.0026695  0.0020618
 0.0019597  0.0028136
 0.0012463  0.0031423
-0.0001548  0.0030922
-0.0012207  0.0030595
-0.0022789  0.0027002
-0.0030291  0.0018641
-0.0030138  0.0011560
-0.0029383  0.0007522
-0.0026747  0.0006319
-0.0021999  0.0008514
-0.0015749  0.0016145
-0.0011381  0.0024353
-0.0008729  0.0027357
-0.0006193  0.0029658
-0.0005668  0.0032347
-0.0004118  0.0035173
-0.0001061  0.0039190
-0.0000561  0.0042610
-0.0001958  0.0044738
-0.0002270  0.0045509
-0.0003199  0.0047665
-0.0003676  0.0046179
-0.0001238  0.0043382
 0.0005448  0.0042102
 0.0008517  0.0036212
 0.0016228  0.0035348
 0.0017367  0.0034473
 0.0012425  0.0034893
 0.0009954  0.0036855
 0.0002287  0.0039165
-0.0003030  0.0042976
-0.0004940  0.0045665
-0.0010293  0.0048713
-0.0010660  0.0050615
-0.0011209  0.0045669
-0.0013878  0.0039528
-0.0010567  0.0028841
-0.0007305  0.0016818
-0.0006869  0.0005162
-0.0001248 -0.0003801
 0.0000924 -0.0012038
 0.0000247 -0.0015106
 0.0003219 -0.0019568
 0.0006521 -0.0022083
 0.0008657 -0.0022923
 0.0011863 -0.0019512
 0.0008528 -0.0022427
 0.0008871 -0.0026348
 0.0013433 -0.0029683
 0.0018185 -0.0032074
 0.0023571 -0.0031012
 0.0033757 -0.0028094
 0.0045882 -0.0025503
 0.0052447 -0.0020812
 0.0059404 -0.0017429
 0.0063970 -0.0017469
 0.0069756 -0.0012673
 0.0074173 -0.0016859
 0.0072421 -0.0017416
 0.0076632 -0.0017759
 0.0079296 -0.0023492
 0.0080596 -0.0019802
 0.0083249 -0.0020173
 0.0076316 -0.0019778
 0.0071677 -0.0015607
 0.0061333 -0.0015091
 0.0053044 -0.0016888
 0.0046685 -0.0015576
 0.0041621 -0.0017885
 0.0035020 -0.0021127
 0.0035681 -0.0017065
 0.0035229 -0.0020622
 0.0038830 -0.0016660
 0.0045140 -0.0011540
 0.0052436 -0.0012714
 0.0060164 -0.0011756
 0.0065001 -0.0009140
 0.0074445 -0.0010762
 0.0080062 -0.0012372
 0.0079101 -0.0009708
 0.0079468 -0.0011081
 0.0075237 -0.0014000
 0.0077622 -0.0011719
 0.0073350 -0.0007278
 0.0070047 -0.0007051
 0.0073855 -0.0003304
 0.0075038  0.0001590
 0.0069704  0.0008991
 0.0068611  0.0016744
 0.0060302  0.0022719
 0.0045090  0.0028065
 0.0035461  0.0030297
 0.0021226  0.0029643
 0.0014076  0.0028980
 0.0012445  0.0023335
 0.0012179  0.0018986
 0.0012389  0.0016773
 0.0013932  0.0012036
 0.0013359  0.0014204
 0.0012135  0.0015951
 0.0012264  0.0017921
 0.0011391  0.0013794
 0.0009929  0.0011775
 0.0008043  0.0009417
 0.0007913  0.0007911
 0.0006099  0.0002577
 0.0000438 -0.0002360
-0.0005529 -0.0008287
-0.0007693 -0.0014751
-0.0013681 -0.0022220
-0.0012983 -0.0029116
-0.0008780 -0.0033339
-0.0002684 -0.0037760
 0.0003425 -0.0036953
 0.0013212 -0.0031579
 0.0017492 -0.0028470
 0.0022167 -0.0019203
 0.0026447 -0.0013587
 0.0028665 -0.0003408
 0.0030086  0.0004493
 0.0031108  0.0010238
 0.0030781  0.0012229
 0.0029408  0.0014769
 0.0029178  0.0014269
 0.0025912  0.0010664
 0.0029270  0.0013979
 0.0029387  0.0012687
 0.0028563  0.0013115
 0.0027913  0.0017213
 0.0025777  0.0017803
 0.0021194  0.0017448
 0.0013923  0.0009550
 0.0001249  0.0006211
-0.0008130  0.0001378
-0.0020808 -0.0000807
-0.0030574 -0.0002769
-0.0039218 -0.0002600
-0.0047855  0.0001147
-0.0050960  0.0004179
-0.0048117  0.0007235
-0.0044520  0.0012035
-0.0040458  0.0015883
-0.0031624  0.0019739
-0.0026593  0.0022936
-0.0019834  0.0027507
-0.0018086  0.0032614
-0.0016229  0.0034111
-0.0016794  0.0031564
-0.0020864  0.0031143
-0.0022980  0.0027449
-0.0026771  0.0022620
-0.0029642  0.0020896
-0.0030731  0.0015114
-0.0032584  0.0014234
-0.0031009  0.0009305
-0.0030520  0.0005324
-0.0026987 -0.0000389
-0.0021791 -0.0007317
-0.0012682 -0.0016151
-0.0007114 -0.0023084
-0.0003311 -0.0031175
-0.0001603 -0.0028869
 0.0001800 -0.0026128
 0.0001966 -0.0015182
 0.0004538 -0.0006057
 0.0006504  0.0003052
 0.0008511  0.0015419
 0.0011302  0.0025465
 0.0015586  0.0035515
 0.0009288  0.0044740
 0.0006708  0.0049582
-0.0000708  0.0051540
-0.0010442  0.0053244
-0.0014572  0.0042298
-0.0015060  0.0031873
-0.0012327  0.0022534
-0.0004607  0.0012056
 0.0005975  0.0007844
 0.0017228  0.0010552
 0.0024612  0.0008137
 0.0025616  0.0011290
 0.0028337  0.0012428
 0.0025893  0.0007450
 0.0022372  0.0004600
 0.0019065 -0.0003051
 0.0011790 -0.0012479
 0.0006561 -0.0025601
 0.0001332 -0.0036664
-0.0005899 -0.0046351
-0.0008194 -0.0050837
-0.0010137 -0.0056457
-0.0006682 -0.0057200
-0.0001260 -0.0060454
 0.0007440 -0.0058257
 0.0020376 -0.0060494
 0.0028341 -0.0065370
 0.0033868 -0.0065685
 0.0039577 -0.0070784
 0.0039508 -0.0072047
 0.0043901 -0.0076342
 0.0045213 -0.0077561
 0.0049609 -0.0074581
 0.0053114 -0.0071491
 0.0057806 -0.0071111
 0.0053551 -0.0067121
 0.0052543 -0.0067762
 0.0042579 -0.0075897
 0.0033286 -0.0077391
 0.0024367 -0.0081986
 0.0011779 -0.0086039
 0.0007076 -0.0086124
 0.0003701 -0.0090364
-0.0004879 -0.0092779
-0.0001745 -0.0092501
 0.0000778 -0.0095626
 0.0001352 -0.0096301
 0.0006540 -0.0099216
 0.0008211 -0.0100157
 0.0007214 -0.0103617
 0.0007399 -0.0102450
 0.0009341 -0.0101065
 0.0010714 -0.0096099
 0.0011550 -0.0088315
 0.0008506 -0.0080672
 0.0006040 -0.0079256
 0.0000113 -0.0078125
-0.0005419 -0.0081239
-0.0009403 -0.0087787
-0.0010667 -0.0095891
-0.0006391 -0.0100893
-0.0003612 -0.0102170
-0.0000095 -0.0108429
 0.0006570 -0.0106608
 0.0016688 -0.0100161
 0.0028723 -0.0096967
 0.0037501 -0.0086232
 0.0041493 -0.0076828
 0.0044174 -0.0065071
 0.0035130 -0.0054888
 0.0022400 -0.0047581
 0.0008531 -0.0040813
-0.0006166 -0.0041177
-0.0014472 -0.0045000
-0.0015865 -0.0049256
-0.0008675 -0.0051537
-0.0002530 -0.0050241
 0.0004173 -0.0045045
 0.0008028 -0.0034697
 0.0005804 -0.0025653
-0.0000329 -0.0014073
-0.0006429 -0.0003652
-0.0009824 -0.0003748
-0.0014827  0.0002651
-0.0014863  0.0003104
-0.0011577 -0.0001971
-0.0010656 -0.0002830
-0.0009292 -0.0001974
-0.0007551 -0.0002986
-0.0013882 -0.0001153
-0.0022490  0.0002517
-0.0024977  0.0008893
-0.0033201  0.0010193
-0.0038349  0.0011666
-0.0039616  0.0009344
-0.0042810  0.0001596
-0.0041751 -0.0007283
-0.0036502 -0.0021842
-0.0031693 -0.0031273
-0.0028803 -0.0042615
-0.0024991 -0.0050455
-0.0025266 -0.0051243
-0.0019788 -0.0053617
-0.0022336 -0.0056573
-0.0021497 -0.0056666
-0.0016999 -0.0059449
-0.0016685 -0.0061492
-0.0017771 -0.0066976
-0.0021717 -0.0070876
-0.0022379 -0.0080683
-0.0025331 -0.0084289
-0.0023999 -0.0093631
-0.0024984 -0.0099869
-0.0022250 -0.0106893
-0.0021504 -0.0110083
-0.0021544 -0.0114992
-0.0024318 -0.0122618
-0.0027403 -0.0131387
-0.0034388 -0.0135796
-0.0040558 -0.0140734
-0.0046081 -0.0148018
-0.0051039 -0.0143386
-0.0050368 -0.0136087
-0.0050811 -0.0130156
-0.0044149 -0.0117345
-0.0037050 -0.0106295
-0.0029402 -0.0093133
-0.0020854 -0.0081695
-0.0009815 -0.0074654
-0.0000537 -0.0065138
 0.0006755 -0.0056377
 0.0013259 -0.0050689
 0.0008249 -0.0043429
 0.0003758 -0.0036538
-0.0003723 -0.0034995
-0.0009913 -0.0034551
-0.0011843 -0.0039076
-0.0015711 -0.0046505
-0.0013752 -0.0049129
-0.0012469 -0.0048762
-0.0010450 -0.0049916
-0.0013180 -0.0045552
-0.0014812 -0.0044083
-0.0019855 -0.0045868
-0.0020509 -0.0046276
-0.0020917 -0.0053155
-0.0019746 -0.0064065
-0.0017029 -0.0068021
-0.0011429 -0.0071755
-0.0006316 -0.0076268
-0.0002683 -0.0072384
 0.0002352 -0.0070858
 0.0005441 -0.0066465
 0.0002469 -0.0062860
 0.0000688 -0.0063825
-0.0002845 -0.0061261
-0.0006568 -0.0063324
-0.0009851 -0.0067874
-0.0014437 -0.0069202
-0.0018281 -0.0064789
-0.0016928 -0.0066166
-0.0021341 -0.0067353
-0.0019242 -0.0063118
-0.0018834 -0.0068669
-0.0022096 -0.0071685
-0.0016718 -0.0076619
-0.0015729 -0.0081181
-0.0012995 -0.0077506
-0.0011453 -0.0072339
-0.0008824 -0.0064441
-0.0006631 -0.0052975
-0.0005787 -0.0040782
-0.0002750 -0.0033293
-0.0002095 -0.0023163
 0.0000703 -0.0020478
 0.0002904 -0.0019158
 0.0005436 -0.0021483
 0.0006280 -0.0027241
 0.0013212 -0.0038562
 0.0012821 -0.0039325
 0.0017646 -0.0047557
 0.0020916 -0.0055418
 0.0024929 -0.0057732
 0.0028736 -0.0059843
 0.0027360 -0.0061386
 0.0026390 -0.0057978
 0.0028296 -0.0059884
 0.0023467 -0.0062412
 0.0020754 -0.0066688
 0.0021690 -0.0076676
 0.0016425 -0.0083084
 0.0020959 -0.0085665
 0.0024717 -0.0089594
 0.0026178 -0.0086029
 0.0026497 -0.0083792
 0.0027805 -0.0077684
 0.0023957 -0.0071373
 0.0024357 -0.0063533
 0.0021099 -0.0056625
 0.0013969 -0.0045291
 0.0009931 -0.0037023
 0.0003543 -0.0025867
-0.0002452 -0.0016629
-0.0002695 -0.0012595
-0.0002546 -0.0007169
-0.0003499 -0.0002505
-0.0009417 -0.0000865
-0.0017068 -0.0003712
-0.0022216 -0.0006477
-0.0020613 -0.0011354
-0.0017956 -0.0015912
-0.0014839 -0.0017773
-0.0001229 -0.0014825
 0.0007569 -0.0009225
 0.0016197 -0.0003237
 0.0019669  0.0002755
 0.0025281  0.0009381
 0.0029319  0.0019975
 0.0034326  0.0030780
 0.0032118  0.0038076
 0.0029643  0.0039771
 0.0024487  0.0043913
 0.0021475  0.0045544
 0.0017672  0.0041022
 0.0014120  0.0032514
 0.0013813  0.0021181
 0.0020370  0.0010692
 0.0025175 -0.0002441
 0.0027694 -0.0010548
 0.0036100 -0.0010596
 0.0037069 -0.0014713
 0.0030763 -0.0014648
 0.0030202 -0.0011346
 0.0020241 -0.0011362
 0.0011662 -0.0004284
 0.0006470 -0.0001846
-0.0005053 -0.0004241
-0.0016092 -0.0000482
-0.0021988 -0.0001306
-0.0026373 -0.0003907
-0.0029031 -0.0004969
-0.0023448 -0.0003504
-0.0015341 -0.0003581
-0.0006451 -0.0002685
 0.0007243 -0.0001700
 0.0015249 -0.0002879
 0.0020801 -0.0002039
 0.0024451 -0.0004324
 0.0023542 -0.0010428
 0.0024346 -0.0012471
 0.0023583 -0.0012212
 0.0020814 -0.0008336
 0.0025065  0.0001540
 0.0027383  0.0015732
 0.0028215  0.0025696
 0.0036666  0.0037215
 0.0043223  0.0045097
 0.0040574  0.0042969
 0.0038265  0.0047810
 0.0032564  0.0040906
 0.0025935  0.0035181
 0.0014667  0.0022656
 0.0012047  0.0006680
 0.0009996 -0.0007807
 0.0018862 -0.0018450
 0.0025630 -0.0022404
 0.0032833 -0.0024052
 0.0038607 -0.0012650
 0.0040032 -0.0005081
 0.0037210  0.0003321
 0.0031138  0.0012094
 0.0021776  0.0013673
 0.0018954  0.0014457
 0.0013584  0.0011974
 0.0013447  0.0004500
 0.0012066  0.0001048
 0.0019927 -0.0004370
 0.0022349 -0.0008085
 0.0024000 -0.0006463
 0.0025388 -0.0003314
 0.0026478  0.0001224
 0.0025359  0.0007312
 0.0031204  0.0009468
 0.0034789  0.0012045
 0.0043155  0.0013313
 0.0054867  0.0012708
 0.0065870  0.0012120
 0.0076052  0.0012617
 0.0080740  0.0013041
 0.0081160  0.0021359
 0.0074644  0.0026757
 0.0065495  0.0031133
 0.0048873  0.0033851
 0.0031819  0.0032692
 0.0012343  0.0020777
-0.0003492  0.0010474
-0.0012148  0.0004712
-0.0023396  0.0000142
-0.0030651 -0.0001549
-0.0033510  0.0004277
-0.0044613  0.0008863
-0.0052502  0.0014225
-0.0057327  0.0013611
-0.0056160  0.0013510
-0.0055438  0.0017446
-0.0048958  0.0019287
-0.0044363  0.0025193
-0.0041674  0.0030102
-0.0038012  0.0036788
-0.0034725  0.0039978
-0.0032040  0.0043720
-0.0029662  0.0047495
-0.0027498  0.0045459
-0.0030889  0.0050158
-0.0030465  0.0044727
-0.0034886  0.0042155
-0.0032819  0.0039886
-0.0029981  0.0032413
-0.0024684  0.0025743
-0.0018459  0.0025788
-0.0012770  0.0021795
-0.0014200  0.0020520
-0.0011007  0.0021117
-0.0007813  0.0022111
-0.0006727  0.0020387
-0.0003106  0.0020374
-0.0005283  0.0023455
-0.0005315  0.0023080
-0.0010746  0.0022833
-0.0015389  0.0018767
-0.0023137  0.0015299
-0.0029751  0.0012161
-0.0038242  0.0007526
-0.0039062  0.0005209
-0.0036022  0.0005774
-0.0034879  0.0006775
-0.0031609  0.0008512
-0.0023126  0.0011802
-0.0016549  0.0011649
-0.0009015  0.0009501
 0.0003522  0.0002770
 0.0013749 -0.0005503
 0.0021412 -0.0011890
 0.0025886 -0.0021289
 0.0024207 -0.0032558
 0.0021744 -0.0037689
 0.0015071 -0.0039514
 0.0009196 -0.0041326
 0.0000613 -0.0037797
 0.0001053 -0.0033299
-0.0003880 -0.0029971
-0.0006169 -0.0024206
-0.0004268 -0.0020213
-0.0001781 -0.0013564
 0.0001841 -0.0006559
 0.0007174 -0.0001621
 0.0012887  0.0001415
 0.0016319  0.0002739
 0.0018043 -0.0002982
 0.0016125 -0.0001989
 0.0019044 -0.0012918
 0.0019464 -0.0016144
 0.0018107 -0.0018833
 0.0024640 -0.0020533
 0.0026199 -0.0016350
 0.0028298 -0.0011004
 0.0035380 -0.0004035
 0.0044799  0.0000422
 0.0049979  0.0005502
 0.0062806  0.0007545
 0.0070861  0.0013343
 0.0080660  0.0015330
 0.0091186  0.0017838
 0.0092647  0.0023752
 0.0094681  0.0029841
 0.0095508  0.0034229
 0.0086726  0.0041303
 0.0081041  0.0044961
 0.0069792  0.0050335
 0.0055680  0.0052438
 0.0042203  0.0050726
 0.0029537  0.0045914
 0.0015003  0.0044153
 0.0009952  0.0042566
 0.0006634  0.0042113
 0.0007745  0.0042581
 0.0013802  0.0051710
 0.0019072  0.0055827
 0.0026053  0.0059590
 0.0029784  0.0064887
 0.0029271  0.0066950
 0.0028767  0.0066534
 0.0029954  0.0061761
 0.0030592  0.0055710
 0.0028534  0.0049634
 0.0029317  0.0039020
 0.0022833  0.0033529
 0.0017334  0.0034527
 0.0008645  0.0035891
-0.0001695  0.0034914
-0.0013436  0.0032193
-0.0022500  0.0028123
-0.0032279  0.0018477
-0.0033974  0.0010257
-0.0033026  0.0000837
-0.0029331 -0.0009886
-0.0024155 -0.0018611
-0.0013597 -0.0025648
-0.0007254 -0.0031675
 0.0000199 -0.0037008
 0.0007087 -0.0035571
 0.0013179 -0.0037278
 0.0016788 -0.0037052
 0.0020971 -0.0035695
 0.0025339 -0.0035296
 0.0029554 -0.0033939
 0.0031089 -0.0033192
 0.0034549 -0.0029970
 0.0037238 -0.0027726
 0.0035885 -0.0025712
 0.0038150 -0.0022720
 0.0040253 -0.0020258
 0.0039829 -0.0020629
 0.0040988 -0.0021509
 0.0042906 -0.0021556
 0.0044626 -0.0019884
 0.0040762 -0.0014946
 0.0038618 -0.0005590
 0.0037088  0.0007520
 0.0031685  0.0020634
 0.0028027  0.0037370
 0.0024410  0.0056136
 0.0019222  0.0070089
 0.0019621  0.0083865
 0.0020425  0.0092274
 0.0020453  0.0103365
 0.0021483  0.0114085
 0.0018653  0.0122143
 0.0012008  0.0132100
 0.0006505  0.0141503
-0.0001170  0.0148964
-0.0006544  0.0152436
-0.0011349  0.0153607
-0.0014393  0.0149400
-0.0014389  0.0143114
-0.0004024  0.0129936
 0.0001919  0.0122241
 0.0015525  0.0114933
 0.0036056  0.0112046
 0.0047760  0.0115050
 0.0055593  0.0121073
 0.0063103  0.0126906
 0.0057317  0.0131589
 0.0053098  0.0132469
 0.0050990  0.0121883
 0.0046940  0.0110013
 0.0049152  0.0101029
 0.0051425  0.0084024
 0.0053521  0.0072388
 0.0047488  0.0062489
 0.0040193  0.0056821
 0.0026744  0.0050373
 0.0014284  0.0042553
 0.0003916  0.0037615
-0.0010239  0.0031329
-0.0015040  0.0020840
-0.0019865  0.0014170
-0.0024674  0.0003253
-0.0023943 -0.0001891
-0.0021081 -0.0001701
-0.0020116  0.0000330
-0.0022655  0.0005853
-0.0023290  0.0015405
-0.0023871  0.0019212
-0.0027908  0.0022273
-0.0027105  0.0020751
-0.0030904  0.0020912
-0.0031235  0.0019152
-0.0030960  0.0016224
-0.0035643  0.0021021
-0.0040823  0.0021763
-0.0043661  0.0020625
-0.0053072  0.0018723
-0.0058616  0.0014739
-0.0065540  0.0011715
-0.0069557  0.0007007
-0.0072589  0.0001299
-0.0073683 -0.0005310
-0.0074200 -0.0009856
-0.0073190 -0.0014361
-0.0068514 -0.0023793
-0.0065978 -0.0028969
-0.0064250 -0.0033386
-0.0057338 -0.0038756
-0.0054447 -0.0042410
-0.0049090 -0.0044158
-0.0050879 -0.0049746
-0.0045965 -0.0052060
-0.0045239 -0.0053820
-0.0042211 -0.0058637
-0.0037455 -0.0057939
-0.0027551 -0.0057245
-0.0015067 -0.0053123
-0.0001486 -0.0049583
 0.0009226 -0.0043164
 0.0021035 -0.0033833
 0.0032081 -0.0027519
 0.0037749 -0.0017744
 0.0041330 -0.0012019
 0.0043599 -0.0009104
 0.0043026 -0.0008753
 0.0042816 -0.0004982
 0.0040196 -0.0001187
 0.0040257  0.0005256
 0.0039228  0.0011110
 0.0038764  0.0016580
 0.0039128  0.0020525
 0.0038297  0.0023520
 0.0040720  0.0020334
 0.0038928  0.0017398
 0.0038185  0.0015407
 0.0040676  0.0014002
 0.0043971  0.0017785
 0.0045081  0.0020639
 0.0054214  0.0025048
 0.0050729  0.0032097
 0.0047398  0.0034181
 0.0040247  0.0036098
 0.0028712  0.0035554
 0.0015465  0.0033583
 0.0008000  0.0032065
 0.0003256  0.0029905
 0.0000192  0.0027567
 0.0005190  0.0028681
 0.0012680  0.0029767
 0.0020451  0.0034357
 0.0029963  0.0035738
 0.0031255  0.0039280
 0.0031751  0.0043394
 0.0029042  0.0047755
 0.0020959  0.0048999
 0.0010562  0.0046230
 0.0006173  0.0044208
 0.0001603  0.0042694
-0.0000678  0.0041160
 0.0001050  0.0040380
 0.0000856  0.0040227
 0.0002164  0.0043732
 0.0006533  0.0038976
 0.0009952  0.0040967
 0.0013901  0.0039732
 0.0013658  0.0032384
 0.0017610  0.0026547
 0.0020901  0.0023580
 0.0027070  0.0018456
 0.0034682  0.0016224
 0.0046302  0.0017367
 0.0051491  0.0017742
 0.0051617  0.0015739
 0.0050205  0.0014087
 0.0043394  0.0014773
 0.0040927  0.0012766
 0.0030010  0.0013081
 0.0019852  0.0013428
 0.0016214  0.0011134
 0.0014684  0.0011481
 0.0011825  0.0009527
 0.0014316  0.0006051
 0.0016654  0.0003615
 0.0016117  0.0003696
 0.0021245 -0.0000597
 0.0021616 -0.0001675
 0.0021378  0.0000921
 0.0027228  0.0001131
 0.0025834 -0.0000012
 0.0027699  0.0001434
 0.0033182 -0.0001888
 0.0034510  0.0002255
 0.0036214  0.0003289
 0.0039101  0.0007799
 0.0034732  0.0013730
 0.0033473  0.0020828
 0.0029868  0.0026928
 0.0026687  0.0029173
 0.0024579  0.0025692
 0.0027821  0.0017956
 0.0032957  0.0010232
 0.0042468  0.0005085
 0.0047168  0.0002400
 0.0053789  0.0005295
 0.0060466  0.0006147
 0.0062154  0.0013282
 0.0061770  0.0017533
 0.0060434  0.0024037
 0.0051410  0.0028394
 0.0046581  0.0030614
 0.0040961  0.0035903
 0.0037831  0.0037739
 0.0036652  0.0041324
 0.0033358  0.0042030
 0.0031876  0.0045482
 0.0026749  0.0053311
 0.0020850  0.0055406
 0.0014358  0.0058931
 0.0012097  0.0060934
 0.0010151  0.0057761
 0.0009900  0.0052469
 0.0011156  0.0047531
 0.0014361  0.0043175
 0.0017534  0.0038666
 0.0018826  0.0033724
 0.0020146  0.0030930
 0.0020732  0.0029090
 0.0020393  0.0030317
 0.0019262  0.0031533
 0.0019311  0.0034981
 0.0018895  0.0036128
 0.0023029  0.0035146
 0.0028148  0.0037964
 0.0036485  0.0037016
 0.0044111  0.0040605
 0.0044273  0.0049366
 0.0044471  0.0048574
 0.0042359  0.0051784
 0.0035063  0.0052135
 0.0028151  0.0048881
 0.0019539  0.0040330
 0.0007443  0.0033858
 0.0001553  0.0022420
-0.0005072  0.0014030
-0.0009780  0.0012335
-0.0010680  0.0008754
-0.0013853  0.0008503
-0.0012319  0.0007720
-0.0007773  0.0008927
-0.0005891  0.0011967
-0.0003679  0.0018928
-0.0001657  0.0029547
-0.0012280  0.0037449
-0.0022277  0.0042686
-0.0036126  0.0046368
-0.0047188  0.0046352
-0.0056320  0.0043663
-0.0059493  0.0039799
-0.0060769  0.0034178
-0.0057232  0.0024710
-0.0049891  0.0019857
-0.0044844  0.0013053
-0.0037508  0.0007433
-0.0025787  0.0004840
-0.0017691  0.0000116
-0.0008458  0.0005372
-0.0000572  0.0015174
 0.0000982  0.0025772
 0.0000788  0.0035784
-0.0003063  0.0044516
-0.0009802  0.0044649
-0.0011349  0.0035060
-0.0009318  0.0030313
-0.0011042  0.0024208
-0.0009165  0.0021003
-0.0007065  0.0020119
-0.0010069  0.0027261
-0.0010610  0.0030609
-0.0010161  0.0036984
-0.0006112  0.0039714
-0.0003972  0.0040707
-0.0001319  0.0040925
 0.0003300  0.0041366
 0.0006187  0.0035253
 0.0004717  0.0031272
 0.0006728  0.0027828
 0.0005041  0.0022648
 0.0003733  0.0023201
 0.0005849  0.0023807
 0.0007346  0.0023634
 0.0008267  0.0028463
 0.0010923  0.0025294
 0.0010636  0.0025169
 0.0010749  0.0023716
 0.0015509  0.0022477
 0.0014289  0.0021791
 0.0018920  0.0021827
 0.0019114  0.0020293
 0.0016994  0.0021783
 0.0012969  0.0024039
 0.0007240  0.0022836
 0.0000538  0.0021992
-0.0010549  0.0021164
-0.0019185  0.0017473
-0.0024567  0.0017065
-0.0029331  0.0016876
-0.0028523  0.0018285
-0.0027433  0.0022904
-0.0028276  0.0027519
-0.0025792  0.0034964
-0.0028537  0.0041234
-0.0026340  0.0043442
-0.0027381  0.0044140
-0.0030413  0.0046921
-0.0033643  0.0044567
-0.0033041  0.0040150
-0.0035932  0.0034344
-0.0032121  0.0028348
-0.0025072  0.0028654
-0.0017345  0.0031036
-0.0009783  0.0030369
-0.0001136  0.0036599
 0.0001654  0.0040321
 0.0004960  0.0043134
 0.0006421  0.0044006
 0.0009392  0.0042944
 0.0017370  0.0039524
 0.0025707  0.0038390
 0.0036918  0.0040542
 0.0046636  0.0036606
 0.0050605  0.0040943
 0.0052078  0.0036639
 0.0052191  0.0031973
 0.0050975  0.0028222
 0.0047256  0.0020818
 0.0049109  0.0016643
 0.0048846  0.0016329
 0.0048047  0.0016745
 0.0050150  0.0017432
 0.0052851  0.0019855
 0.0053098  0.0025334
 0.0054107  0.0030620
 0.0050539  0.0038929
 0.0050063  0.0045511
 0.0045141  0.0053335
 0.0038108  0.0062883
 0.0033769  0.0070147
 0.0029594  0.0070021
 0.0022569  0.0072302
 0.0019978  0.0063581
 0.0018084  0.0055840
 0.0015419  0.0047127
 0.0016352  0.0039840
 0.0013663  0.0035835
 0.0012641  0.0031070
 0.0013529  0.0031248
 0.0013307  0.0035496
 0.0013274  0.0041673
 0.0006717  0.0044609
-0.0002286  0.0049022
-0.0013022  0.0054807
-0.0021989  0.0051223
-0.0030378  0.0047730
-0.0040322  0.0044237
-0.0043144  0.0034818
-0.0048123  0.0030942
-0.0049277  0.0024966
-0.0053125  0.0019814
-0.0061168  0.0014650
-0.0063279  0.0009697
-0.0065068  0.0001699
-0.0064676 -0.0006134
-0.0061846 -0.0011269
-0.0056456 -0.0015864
-0.0053953 -0.0015097
-0.0049273 -0.0012812
-0.0050371 -0.0012848
-0.0052975 -0.0009651
-0.0055829 -0.0007564
-0.0057113 -0.0011201
-0.0060020 -0.0016414
-0.0061950 -0.0022223
-0.0061348 -0.0031739
-0.0061922 -0.0036038
-0.0057270 -0.0037649
-0.0057638 -0.0033922
-0.0056587 -0.0031172
-0.0053858 -0.0019382
-0.0055158 -0.0013406
-0.0053001 -0.0011234
-0.0051903 -0.0005069
-0.0052150 -0.0001782
-0.0059260 -0.0000393
-0.0063169  0.0002102
-0.0068789  0.0008384
-0.0075524  0.0007536
-0.0074765  0.0007830
-0.0079457  0.0005630
-0.0079098 -0.0001978
-0.0080140 -0.0010299
-0.0076732 -0.0017833
-0.0078065 -0.0021149
-0.0078089 -0.0020244
-0.0072477 -0.0020358
-0.0078206 -0.0019123
-0.0072258 -0.0019067
-0.0066287 -0.0028386
-0.0059928 -0.0036179
-0.0049653 -0.0040839
-0.0036083 -0.0048914
-0.0023919 -0.0054998
-0.0014811 -0.0056055
-0.0008771 -0.0052877
-0.0006506 -0.0049865
-0.0008695 -0.0044248
-0.0007928 -0.0036343
-0.0011437 -0.0022865
-0.0014126 -0.0013627
-0.0017759  0.0002922
-0.0021340  0.0015835
-0.0026625  0.0030285
-0.0029382  0.0039370
-0.0032349  0.0045588
-0.0031295  0.0044441
-0.0028468  0.0040238
-0.0019379  0.0031065
-0.0013540  0.0024363
-0.0005408  0.0017092
 0.0005400  0.0011346
 0.0010415  0.0009990
 0.0012963  0.0009606
 0.0018159  0.0017467
 0.0014122  0.0021625
 0.0011845  0.0026155
 0.0001654  0.0031081
-0.0008565  0.0038271
-0.0024728  0.0038581
-0.0033215  0.0042752
-0.0044023  0.0048073
-0.0049619  0.0053023
-0.0049466  0.0057617
-0.0051428  0.0060815
-0.0056427  0.0060956
-0.0057792  0.0055953
-0.0060513  0.0048786
-0.0061017  0.0035135
-0.0062350  0.0026091
-0.0060412  0.0016906
-0.0059426  0.0011363
-0.0057311  0.0004132
-0.0060210  0.0001524
-0.0058869 -0.0005460
-0.0055260 -0.0006299
-0.0055425 -0.0009929
-0.0057307 -0.0012331
-0.0059200 -0.0007675
-0.0062422 -0.0005370
-0.0066270  0.0001930
-0.0066896  0.0010736
-0.0071786  0.0014398
-0.0069973  0.0013425
-0.0061306  0.0008467
-0.0056037  0.0004866
-0.0044087 -0.0003342
-0.0028620 -0.0007262
-0.0019043 -0.0004165
-0.0008646 -0.0004149
 0.0003676  0.0003736
 0.0005328  0.0009263
 0.0005022  0.0012840
 0.0004312  0.0016437
-0.0000416  0.0019469
-0.0003823  0.0015593
-0.0009742  0.0011217
-0.0017583  0.0007046
-0.0022928 -0.0003415
-0.0024583 -0.0014077
-0.0024474 -0.0021881
-0.0022858 -0.0031022
-0.0017416 -0.0031050
-0.0008718 -0.0030844
-0.0007733 -0.0025560
-0.0006999 -0.0016782
-0.0008929 -0.0009447
-0.0015732 -0.0001716
-0.0022326  0.0008321
-0.0028899  0.0010876
-0.0034693  0.0013092
-0.0040075  0.0020335
-0.0040616  0.0021271
-0.0039800  0.0023734
-0.0039578  0.0024877
-0.0039347  0.0030452
-0.0037579  0.0029261
-0.0035108  0.0031587
-0.0031515  0.0033852
-0.0030268  0.0036492
-0.0031181  0.0038745
-0.0029369  0.0042556
-0.0033730  0.0041195
-0.0036706  0.0042515
-0.0044955  0.0038490
-0.0051528  0.0037719
-0.0058666  0.0037537
-0.0060996  0.0034828
-0.0061420  0.0035050
-0.0058703  0.0033944
-0.0057156  0.0033052
-0.0055367  0.0035418
-0.0052395  0.0031103
-0.0052084  0.0028705
-0.0052531  0.0026118
-0.0046326  0.0022141
-0.0044747  0.0019456
-0.0037851  0.0019411
-0.0034609  0.0022205
-0.0029469  0.0026928
-0.0026401  0.0032407
-0.0029445  0.0036314
-0.0032868  0.0036847
-0.0034758  0.0037933
-0.0032961  0.0033338
-0.0033494  0.0028929
-0.0033502  0.0023725
-0.0035601  0.0014305
-0.0044484  0.0005835
-0.0057008 -0.0002051
-0.0070506 -0.0011656
-0.0078791 -0.0022755
-0.0085150 -0.0030244
-0.0081311 -0.0040051
-0.0076510 -0.0047125
-0.0067866 -0.0051728
-0.0057514 -0.0052886
-0.0050230 -0.0048053
-0.0042320 -0.0042885
-0.0040584 -0.0035953
-0.0035590 -0.0028621
-0.0032695 -0.0022613
-0.0030983 -0.0016621
-0.0021423 -0.0010241
-0.0014163 -0.0011335
-0.0006278 -0.0008412
 0.0001769 -0.0002840
 0.0006004  0.0000867
 0.0010833  0.0000318
 0.0010882  0.0001521
 0.0011367 -0.0002060
 0.0016224 -0.0004902
 0.0019543 -0.0013457
 0.0025156 -0.0021645
 0.0026137 -0.0027309
 0.0028248 -0.0027615
 0.0029213 -0.0028067
 0.0028087 -0.0023444
 0.0029295 -0.0015518
 0.0027797 -0.0007063
 0.0020570  0.0001734
 0.0014482  0.0010754
 0.0005180  0.0014206
-0.0005305  0.0017452
-0.0014207  0.0013019
-0.0021830  0.0008396
-0.0024676  0.0001657
-0.0022370 -0.0007008
-0.0015390 -0.0013577
-0.0009391 -0.0016516
-0.0005249 -0.0019024
-0.0003869 -0.0019222
-0.0006829 -0.0021515
-0.0010322 -0.0025326
-0.0010940 -0.0028407
-0.0008820 -0.0032812
-0.0001924 -0.0039393
 0.0007051 -0.0036402
 0.0013317 -0.0035744
 0.0020116 -0.0031086
 0.0020563 -0.0021449
 0.0021229 -0.0014832
 0.0018120 -0.0007823
 0.0015761 -0.0004412
 0.0014998 -0.0005389
 0.0016169 -0.0008074
 0.0019662 -0.0014215
 0.0027325 -0.0018261
 0.0035384 -0.0023194
 0.0038868 -0.0022274
 0.0041848 -0.0017214
 0.0040838 -0.0010633
 0.0038637 -0.0004629
 0.0035447  0.0001577
 0.0035935  0.0002005
 0.0034844  0.0001711
 0.0036249 -0.0003610
 0.0040164 -0.0012920
 0.0047589 -0.0019816
 0.0054703 -0.0025166
 0.0062060 -0.0029550
 0.0065177 -0.0026478
 0.0067002 -0.0027822
 0.0064362 -0.0022218
 0.0059041 -0.0017765
 0.0052735 -0.0019254
 0.0053498 -0.0017061
 0.0054018 -0.0013391
 0.0055165 -0.0014360
 0.0061459 -0.0014615
 0.0063522 -0.0012031
 0.0067523 -0.0012306
 0.0065185 -0.0016429
 0.0062323 -0.0021327
 0.0053690 -0.0026358
 0.0044699 -0.0031640
 0.0037852 -0.0032500
 0.0031743 -0.0031216
 0.0025502 -0.0027652
 0.0023891 -0.0020461
 0.0019951 -0.0017215
 0.0012022 -0.0008248
 0.0007707 -0.0005039
 0.0002039 -0.0003270
 0.0000359 -0.0007457
-0.0005802 -0.0016008
-0.0005031 -0.0023820
-0.0003493 -0.0035052
-0.0001030 -0.0041508
 0.0001982 -0.0045633
 0.0003435 -0.0044942
 0.0005106 -0.0041813
 0.0006704 -0.0031792
 0.0010099 -0.0014738
 0.0016967  0.0003410
 0.0019277  0.0024554
 0.0022188  0.0037849
 0.0018376  0.0046896
 0.0018445  0.0045579
 0.0017307  0.0041973
 0.0014461  0.0028277
 0.0010225  0.0017678
 0.0013871  0.0007149
 0.0009389 -0.0001273
 0.0012756 -0.0001370
 0.0016321 -0.0000109
 0.0022966  0.0007324
 0.0023462  0.0015113
 0.0021694  0.0022543
 0.0015379  0.0028612
 0.0012129  0.0031378
 0.0006416  0.0033769
 0.0004769  0.0035396
 0.0006748  0.0039131
 0.0011040  0.0047271
 0.0013608  0.0056178
 0.0014840  0.0067742
 0.0014699  0.0080832
 0.0014179  0.0085095
 0.0014038  0.0087599
 0.0013331  0.0087788
 0.0013618  0.0081623
 0.0013223  0.0078126
 0.0013457  0.0071371
 0.0012400  0.0059820
 0.0013764  0.0054591
 0.0015699  0.0047283
 0.0017257  0.0036709
 0.0022776  0.0029034
 0.0024500  0.0018117
 0.0026583  0.0016013
 0.0021742  0.0015642
 0.0015383  0.0016252
 0.0005939  0.0020669
-0.0005071  0.0023568
-0.0014059  0.0025699
-0.0018872  0.0026515
-0.0022336  0.0023290
-0.0027649  0.0019623
-0.0028061  0.0016583
-0.0029240  0.0013919
-0.0030956  0.0005505
-0.0028703  0.0003644
-0.0023911 -0.0003199
-0.0016445 -0.0012930
-0.0005306 -0.0020403
 0.0001174 -0.0029378
 0.0008074 -0.0034671
 0.0012814 -0.0039071
 0.0015697 -0.0042103
 0.0014942 -0.0040714
 0.0011138 -0.0043379
 0.0011365 -0.0044154
 0.0009488 -0.0043415
 0.0013335 -0.0044243
 0.0014127 -0.0047001
 0.0011640 -0.0044793
 0.0005515 -0.0045012
-0.0000032 -0.0047345
-0.0010723 -0.0052356
-0.0019699 -0.0056753
-0.0029606 -0.0060980
-0.0039950 -0.0060851
-0.0047093 -0.0062248
-0.0052334 -0.0060218
-0.0054506 -0.0055874
-0.0055367 -0.0054982
-0.0058169 -0.0054292
-0.0057297 -0.0053327
-0.0054282 -0.0055277
-0.0051807 -0.0060453
-0.0048944 -0.0065056
-0.0042008 -0.0072731
-0.0036573 -0.0084670
-0.0029818 -0.0089685
-0.0032818 -0.0095309
-0.0027403 -0.0097276
-0.0026636 -0.0100506
-0.0027754 -0.0093222
-0.0026632 -0.0090073
-0.0028590 -0.0080213
-0.0027621 -0.0073785
-0.0025134 -0.0065414
-0.0024614 -0.0058437
-0.0026317 -0.0051864
-0.0024981 -0.0049373
-0.0026152 -0.0044778
-0.0028070 -0.0046926
-0.0031369 -0.0049207
-0.0040013 -0.0048246
-0.0046174 -0.0049534
-0.0051948 -0.0052687
-0.0051306 -0.0056001
-0.0051830 -0.0057603
-0.0048689 -0.0058248
-0.0045753 -0.0058563
-0.0041057 -0.0063137
-0.0033688 -0.0068511
-0.0030333 -0.0072602
-0.0027320 -0.0075141
-0.0026629 -0.0076591
-0.0027888 -0.0068275
-0.0030109 -0.0061654
-0.0035070 -0.0051799
-0.0037166 -0.0042856
-0.0041583 -0.0043878
-0.0040804 -0.0047629
-0.0037909 -0.0053464
-0.0033261 -0.0061987
-0.0026288 -0.0069191
-0.0019215 -0.0074444
-0.0012892 -0.0077206
-0.0007720 -0.0074566
-0.0003517 -0.0070779
-0.0003429 -0.0066939
-0.0001931 -0.0062324
 0.0000673 -0.0062102
 0.0006555 -0.0059950
 0.0009579 -0.0057584
 0.0015086 -0.0058451
 0.0021480 -0.0059509
 0.0030939 -0.0059258
 0.0037936 -0.0059762
 0.0042796 -0.0053197
 0.0043030 -0.0045110
 0.0035802 -0.0036478
 0.0028413 -0.0026089
 0.0018351 -0.0021454
 0.0009670 -0.0019928
 0.0001765 -0.0019706
-0.0000714 -0.0020077
-0.0002608 -0.0023497
-0.0004279 -0.0019059
-0.0001699 -0.0011566
-0.0000071 -0.0003511
 0.0001351  0.0009869
 0.0005070  0.0026705
 0.0005482  0.0043565
 0.0001101  0.0063236
-0.0006166  0.0076030
-0.0010910  0.0086370
-0.0019861  0.0094352
-0.0022364  0.0096741
-0.0023083  0.0097674
-0.0019643  0.0097972
-0.0013361  0.0100196
-0.0012618  0.0099595
-0.0013591  0.0099158
-0.0013224  0.0093837
-0.0013785  0.0090373
-0.0008968  0.0082343
-0.0006840  0.0071858
-0.0002778  0.0068862
-0.0002168  0.0062576
-0.0000581  0.0058624
-0.0001510  0.0053815
-0.0007025  0.0046854
-0.0008886  0.0038016
-0.0017147  0.0032428
-0.0020425  0.0027817
-0.0017159  0.0020554
-0.0018297  0.0019242
-0.0016812  0.0020825
-0.0017554  0.0016828
-0.0020623  0.0017256
-0.0019258  0.0018811
-0.0018438  0.0017349
-0.0012628  0.0018153
-0.0007407  0.0016672
 0.0001673  0.0015223
 0.0009958  0.0012615
 0.0021901  0.0009607
 0.0029758  0.0009297
 0.0037664  0.0009119
 0.0038835  0.0009765
 0.0037305  0.0011663
 0.0032532  0.0014727
 0.0025043  0.0013569
 0.0013710  0.0017925
 0.0004282  0.0022095
-0.0001831  0.0024332
-0.0011795  0.0023269
-0.0013350  0.0029494
-0.0011960  0.0032692
-0.0014443  0.0035897
-0.0013087  0.0034726
-0.0009061  0.0034359
-0.0008855  0.0031331
-0.0007293  0.0025416
-0.0006493  0.0018153
-0.0006626  0.0008552
-0.0003174  0.0006004
 0.0006678  0.0001349
 0.0012827  0.0000508
 0.0020490 -0.0000340
 0.0021620 -0.0001757
 0.0026150 -0.0001063
 0.0027660 -0.0007418
 0.0031394 -0.0012384
 0.0028801 -0.0016438
 0.0033921 -0.0024420
 0.0037138 -0.0031283
 0.0041704 -0.0035470
 0.0056057 -0.0035038
 0.0066345 -0.0034820
 0.0071795 -0.0026971
 0.0078585 -0.0021419
 0.0081181 -0.0017414
 0.0074740 -0.0009186
 0.0069285 -0.0004749
 0.0060790 -0.0004131
 0.0050793  0.0003399
 0.0042153  0.0007349
 0.0032233  0.0011257
 0.0029779  0.0018638
 0.0024870  0.0024634
 0.0025540  0.0031219
 0.0030987  0.0039052
 0.0032062  0.0042120
 0.0037335  0.0047248
 0.0035091  0.0049170
 0.0035156  0.0048407
 0.0029612  0.0046089
 0.0020076  0.0045556
 0.0011666  0.0043594
 0.0004629  0.0040279
 0.0000854  0.0038272
 0.0002772  0.0032982
 0.0008950  0.0032085
 0.0016233  0.0030272
 0.0021215  0.0025568
 0.0026614  0.0022281
 0.0031971  0.0009995
 0.0027793 -0.0001140
 0.0026444 -0.0007673
 0.0030058 -0.0015938
 0.0025959 -0.0019200
 0.0026096 -0.0018025
 0.0025866 -0.0020892
 0.0024517 -0.0021090
 0.0020904 -0.0023791
 0.0022079 -0.0034510
 0.0017888 -0.0044737
 0.0015805 -0.0054355
 0.0017876 -0.0068155
 0.0020129 -0.0082367
 0.0021788 -0.0087700
 0.0026244 -0.0094604
 0.0027508 -0.0094972
 0.0025609 -0.0095355
 0.0024502 -0.0091132
 0.0021461 -0.0087724
 0.0014395 -0.0079488
 0.0017762 -0.0075830
 0.0012517 -0.0070848
 0.0015173 -0.0068906
 0.0020931 -0.0074263
 0.0027798 -0.0078874
 0.0035490 -0.0080586
 0.0040011 -0.0080937
 0.0045324 -0.0074194
 0.0045082 -0.0067011
 0.0042005 -0.0060050
 0.0040657 -0.0048887
 0.0039324 -0.0040561
 0.0043762 -0.0036677
 0.0048482 -0.0033769
 0.0056049 -0.0033054
 0.0067701 -0.0036421
 0.0077977 -0.0034188
 0.0087288 -0.0030812
 0.0091362 -0.0023241
 0.0094657 -0.0012299
 0.0093482 -0.0004353
 0.0085225  0.0002926
 0.0077711  0.0008647
 0.0065292  0.0008247
 0.0058974  0.0016052
 0.0050176  0.0017125
 0.0045755  0.0015889
 0.0043248  0.0015090
 0.0041916  0.0013535
 0.0047843  0.0009922
 0.0041132  0.0008351
 0.0038633  0.0005501
 0.0028450  0.0004721
 0.0016326  0.0006776
 0.0003240  0.0003457
-0.0007213  0.0007954
-0.0014397  0.0008616
-0.0015624  0.0013190
-0.0015326  0.0016032
-0.0015423  0.0018205
-0.0010647  0.0022852
-0.0011984  0.0025214
-0.0014252  0.0028513
-0.0010409  0.0026673
-0.0015770  0.0027497
-0.0022832  0.0025974
-0.0025654  0.0023556
-0.0035775  0.0024150
-0.0043361  0.0029185
-0.0047426  0.0032831
-0.0054023  0.0044091
-0.0052561  0.0054407
-0.0050909  0.0061803
-0.0050634  0.0068008
-0.0052531  0.0074059
-0.0055018  0.0076139
-0.0061341  0.0075694
-0.0066182  0.0072036
-0.0075836  0.0063998
-0.0082761  0.0061123
-0.0087586  0.0056359
-0.0085390  0.0046043
-0.0077307  0.0039737
-0.0070439  0.0033608
-0.0058399  0.0022307
-0.0055012  0.0014640
-0.0049546  0.0005859
-0.0050386  0.0004345
-0.0047972  0.0000897
-0.0048982  0.0002205
-0.0048417  0.0006214
-0.0045522  0.0009791
-0.0037616  0.0015932
-0.0028964  0.0012609
-0.0015147  0.0016598
-0.0001170  0.0023550
 0.0012861  0.0028779
 0.0023556  0.0038623
 0.0030068  0.0043727
 0.0034101  0.0049771
 0.0030645  0.0057334
 0.0027565  0.0064723
 0.0017588  0.0060585
 0.0011984  0.0053709
 0.0006557  0.0045667
 0.0005960  0.0034737
 0.0001684  0.0027631
 0.0000363  0.0024167
 0.0003622  0.0027789
-0.0001683  0.0030849
-0.0005417  0.0028370
-0.0017061  0.0037228
-0.0023674  0.0036886
-0.0041014  0.0032889
-0.0053764  0.0032590
-0.0067463  0.0029736
-0.0079805  0.0027314
-0.0088162  0.0026337
-0.0089252  0.0029183
-0.0086667  0.0030854
-0.0083368  0.0036304
-0.0074599  0.0040591
-0.0065139  0.0040312
-0.0056527  0.0041527
-0.0048028  0.0039491
-0.0043001  0.0039390
-0.0045985  0.0036006
-0.0045754  0.0033248
-0.0048584  0.0027232
-0.0048939  0.0022762
-0.0040663  0.0014732
-0.0035817  0.0013052
-0.0028873  0.0011530
-0.0018064  0.0007699
-0.0013243  0.0006927
-0.0005802  0.0010702
 0.0001396  0.0011441
 0.0006038  0.0013912
 0.0013184  0.0014642
 0.0021666  0.0016952
 0.0022901  0.0021554
 0.0021447  0.0023686
 0.0021208  0.0024425
 0.0019064  0.0031697
 0.0022347  0.0038972
 0.0026574  0.0046025
 0.0031613  0.0050337
 0.0041953  0.0052392
 0.0052107  0.0053518
 0.0057420  0.0056933
 0.0063723  0.0051378
 0.0064239  0.0050466
 0.0059224  0.0044171
 0.0052853  0.0039484
 0.0039973  0.0035887
 0.0028285  0.0034551
 0.0018635  0.0032129
 0.0006870  0.0034665
-0.0005259  0.0030333
-0.0007048  0.0027358
-0.0012257  0.0026490
-0.0013444  0.0028101
-0.0012128  0.0024347
-0.0014074  0.0029935
-0.0011183  0.0040009
-0.0005773  0.0044636
-0.0004387  0.0054819
-0.0003196  0.0060951
-0.0005841  0.0057879
-0.0004254  0.0052703
-0.0010568  0.0046352
-0.0010374  0.0031962
-0.0012805  0.0023128
-0.0011419  0.0012211
-0.0008339 -0.0001064
-0.0003518 -0.0004396
 0.0006911 -0.0011361
 0.0014639 -0.0009839
 0.0020235 -0.0009294
 0.0024511 -0.0006799
 0.0024798 -0.0006407
 0.0024863 -0.0007759
 0.0024137 -0.0009451
 0.0025675 -0.0012309
 0.0027997 -0.0014437
 0.0031643 -0.0012160
 0.0030992 -0.0012266
 0.0028242 -0.0005835
 0.0026058  0.0000803
 0.0020623  0.0009709
 0.0015043  0.0014255
 0.0008276  0.0022467
 0.0001788  0.0027433
-0.0003441  0.0031882
-0.0006328  0.0032831
-0.0008855  0.0030393
-0.0011561  0.0028293
-0.0013745  0.0021438
-0.0014965  0.0016343
-0.0015244  0.0011995
-0.0015523  0.0006508
-0.0013209  0.0005637
-0.0008607  0.0006065
-0.0006414  0.0008750
-0.0008024  0.0011188
-0.0009453  0.0015730
-0.0009747  0.0017006
-0.0017721  0.0018471
-0.0020361  0.0021107
-0.0025929  0.0023788
-0.0032837  0.0023521
-0.0036854  0.0026804
-0.0043230  0.0032306
-0.0047671  0.0034583
-0.0048838  0.0041818
-0.0049864  0.0048310
-0.0049303  0.0054621
-0.0053764  0.0063790
-0.0058375  0.0071832
-0.0060729  0.0077186
-0.0063854  0.0076221
-0.0062761  0.0074675
-0.0055691  0.0069317
-0.0045347  0.0065344
-0.0033041  0.0052582
-0.0019588  0.0048812
-0.0011642  0.0042074
-0.0004071  0.0035918
-0.0000546  0.0026879
 0.0002749  0.0019745
 0.0002975  0.0011231
 0.0000109  0.0011292
-0.0001066  0.0010379
-0.0003227  0.0010618
-0.0004955  0.0016375
-0.0003808  0.0021398
-0.0006699  0.0024705
-0.0008415  0.0029195
-0.0008193  0.0030184
-0.0009497  0.0033075
-0.0006173  0.0034222
-0.0003395  0.0035579
 0.0000158  0.0034940
-0.0000520  0.0041573
-0.0000026  0.0037108
-0.0003752  0.0037224
-0.0006707  0.0036849
-0.0011564  0.0031487
-0.0016638  0.0025375
-0.0017143  0.0018540
-0.0015176  0.0013231
-0.0015668  0.0004894
-0.0013888 -0.0001517
-0.0012446 -0.0004533
-0.0009692 -0.0004719
-0.0009804 -0.0005155
-0.0010503 -0.0000068
-0.0015267  0.0005039
-0.0012796  0.0007412
-0.0019308  0.0009661
-0.0024311  0.0013468
-0.0024573  0.0012326
-0.0024634  0.0002704
-0.0022374 -0.0006328
-0.0017275 -0.0018638
-0.0004496 -0.0027372
 0.0002710 -0.0036993
 0.0016211 -0.0044564
 0.0024531 -0.0047730
 0.0033781 -0.0050682
 0.0038996 -0.0047085
 0.0041572 -0.0046035
 0.0043525 -0.0043964
 0.0042810 -0.0044954
 0.0045619 -0.0050566
 0.0049345 -0.0059792
 0.0051561 -0.0066163
 0.0051315 -0.0068832
 0.0047984 -0.0068266
 0.0044673 -0.0068658
 0.0038862 -0.0066353
 0.0035382 -0.0060212
 0.0031292 -0.0054874
 0.0029709 -0.0046799
 0.0026373 -0.0036960
 0.0023289 -0.0029232
 0.0012682 -0.0020551
 0.0013602 -0.0011858
 0.0010098 -0.0005127
 0.0005681  0.0000473
 0.0005127  0.0004086
 0.0005382  0.0008289
 0.0006230  0.0008656
 0.0012255  0.0004211
 0.0017508  0.0004252
 0.0021029  0.0004466
 0.0022636  0.0002435
 0.0020379  0.0001572
 0.0018167  0.0005654
 0.0015015  0.0005364
 0.0008167  0.0008267
 0.0000432  0.0012498
-0.0002527  0.0011493
-0.0010096  0.0011222
-0.0018135  0.0010414
-0.0019826  0.0008456
-0.0023064  0.0004575
-0.0021538  0.0000715
-0.0020206 -0.0000880
-0.0016754 -0.0006859
-0.0012547 -0.0014067
-0.0006600 -0.0020301
-0.0000516 -0.0030573
 0.0003506 -0.0041192
 0.0005597 -0.0047753
 0.0006372 -0.0055824
 0.0009610 -0.0059429
 0.0012348 -0.0059809
 0.0009877 -0.0062833
 0.0014496 -0.0061819
 0.0012384 -0.0064908
 0.0013127 -0.0061754
 0.0015049 -0.0059977
 0.0013111 -0.0060086
 0.0016410 -0.0057853
 0.0019890 -0.0057178
 0.0024525 -0.0056911
 0.0031631 -0.0052187
 0.0035200 -0.0050810
 0.0033234 -0.0047523
 0.0029434 -0.0042884
 0.0028908 -0.0042113
 0.0023788 -0.0046307
 0.0023493 -0.0050159
 0.0024340 -0.0058634
 0.0030428 -0.0064807
 0.0034203 -0.0072681
 0.0038406 -0.0079585
 0.0039758 -0.0084624
 0.0040320 -0.0087321
 0.0038934 -0.0088476
 0.0033746 -0.0080627
 0.0030286 -0.0073747
 0.0027197 -0.0070905
 0.0023943 -0.0061728
 0.0027020 -0.0057513
 0.0029119 -0.0054832
 0.0031211 -0.0056899
 0.0035607 -0.0055510
 0.0041224 -0.0058872
 0.0038406 -0.0062482
 0.0036920 -0.0063237
 0.0038742 -0.0063818
 0.0037216 -0.0056696
 0.0040102 -0.0049663
 0.0043724 -0.0037579
 0.0046360 -0.0028180
 0.0048201 -0.0022426
 0.0046969 -0.0021623
 0.0045761 -0.0024865
 0.0044978 -0.0035019
 0.0043387 -0.0042880
 0.0041687 -0.0052105
 0.0039463 -0.0058061
 0.0039932 -0.0060580
 0.0036186 -0.0056781
 0.0028636 -0.0054286
 0.0020295 -0.0049255
 0.0012152 -0.0042657
 0.0004546 -0.0042758
 0.0000375 -0.0042866
-0.0002471 -0.0044873
-0.0004183 -0.0046923
-0.0008337 -0.0044157
-0.0005071 -0.0036219
-0.0006932 -0.0030268
-0.0008029 -0.0019694
-0.0005885 -0.0005877
-0.0010472  0.0005250
-0.0008897  0.0013232
-0.0012837  0.0017414
-0.0010434  0.0017305
-0.0017043  0.0014284
-0.0020596  0.0008162
-0.0021694 -0.0002954
-0.0025344 -0.0010045
-0.0021702 -0.0014022
-0.0020014 -0.0012424
-0.0017127 -0.0009449
-0.0012529 -0.0003752
-0.0011959  0.0004576
-0.0008657  0.0006244
-0.0011915  0.0006869
-0.0007954  0.0006400
-0.0005698  0.0003452
-0.0002916 -0.0000803
-0.0004730 -0.0006024
-0.0007952 -0.0013214
-0.0014607 -0.0017506
-0.0023599 -0.0021781
-0.0027924 -0.0026786
-0.0034521 -0.0028740
-0.0037384 -0.0031505
-0.0034089 -0.0029861
-0.0029817 -0.0029836
-0.0024362 -0.0026542
-0.0020292 -0.0021564
-0.0017344 -0.0015988
-0.0020166 -0.0011599
-0.0024700 -0.0005034
-0.0032876 -0.0003479
-0.0036375 -0.0001921
-0.0042996  0.0003065
-0.0042911  0.0005783
-0.0042236  0.0012707
-0.0039523  0.0022494
-0.0039499  0.0029632
-0.0037012  0.0037550
-0.0036632  0.0042226
-0.0037420  0.0046066
-0.0041243  0.0047632
-0.0045293  0.0048226
-0.0051462  0.0053398
-0.0056263  0.0055885
-0.0059578  0.0059737
-0.0062856  0.0063189
-0.0064996  0.0063225
-0.0060103  0.0066665
-0.0052085  0.0065284
-0.0047507  0.0068938
-0.0041757  0.0071191
-0.0037490  0.0074614
-0.0032030  0.0075947
-0.0030968  0.0076104
-0.0032146  0.0072232
-0.0029929  0.0070673
-0.0035024  0.0065206
-0.0035112  0.0059549
-0.0034870  0.0057360
-0.0033335  0.0056351
-0.0029896  0.0054937
-0.0027243  0.0051881
-0.0016007  0.0048994
-0.0006895  0.0044589
 0.0001648  0.0042199
 0.0011127  0.0042138
 0.0014086  0.0047769
 0.0013783  0.0050567
 0.0005986  0.0055497
-0.0000935  0.0060503
-0.0010383  0.0061448
-0.0015373  0.0062611
-0.0014618  0.0058432
-0.0008481  0.0055780
-0.0001989  0.0050446
 0.0005117  0.0044378
 0.0010285  0.0038734
 0.0010495  0.0030018
 0.0011670  0.0026918
 0.0006518  0.0023398
-0.0001488  0.0021525
-0.0009143  0.0022737
-0.0020678  0.0021396
-0.0034147  0.0019599
-0.0042816  0.0019744
-0.0044601  0.0016623
-0.0042384  0.0016917
-0.0037031  0.0014575
-0.0028241  0.0015693
-0.0021123  0.0016242
-0.0011534  0.0024511
-0.0004610  0.0025121
 0.0000974  0.0032397
 0.0000986  0.0039293
 0.0000772  0.0040217
-0.0006491  0.0045752
-0.0010182  0.0047044
-0.0019787  0.0042372
-0.0027507  0.0036384
-0.0026647  0.0030970
-0.0025008  0.0020727
-0.0021468  0.0014549
-0.0016608  0.0014783
-0.0013681  0.0013108
-0.0008388  0.0014195
 0.0000930  0.0012088
 0.0005375  0.0014588
 0.0010967  0.0010907
 0.0020076  0.0007815
 0.0024703  0.0007133
 0.0030707  0.0005474
 0.0037050  0.0012249
 0.0039517  0.0014571
 0.0035677  0.0015560
 0.0037320  0.0015024
 0.0035200  0.0015650
 0.0032895  0.0021787
 0.0032519  0.0026793
 0.0032540  0.0035393
 0.0032419  0.0044134
 0.0023399  0.0051926
 0.0015381  0.0056084
 0.0009091  0.0057182
-0.0004891  0.0051961
-0.0012695  0.0044677
-0.0021411  0.0030482
-0.0029022  0.0023570
-0.0036083  0.0011841
-0.0038154  0.0006289
-0.0041033  0.0001105
-0.0038162 -0.0002170
-0.0029683 -0.0004657
-0.0021976 -0.0000862
-0.0011587 -0.0001690
-0.0001582 -0.0000253
 0.0003610  0.0002662
 0.0006820  0.0005794
 0.0011778  0.0004376
 0.0015140  0.0004695
 0.0016638  0.0001998
 0.0020772  0.0000092
 0.0022488 -0.0004369
 0.0030498 -0.0005132
 0.0043083 -0.0010171
 0.0057436 -0.0013119
 0.0075757 -0.0012437
 0.0089888 -0.0006171
 0.0105347  0.0008351
 0.0116361  0.0021533
 0.0121888  0.0031885
 0.0123781  0.0039500
 0.0126401  0.0047922
 0.0128711  0.0045976
 0.0127177  0.0042301
 0.0124443  0.0040061
 0.0119861  0.0036831
 0.0111996  0.0031979
 0.0107789  0.0030982
 0.0100864  0.0027701
 0.0100295  0.0027285
 0.0101268  0.0026132
 0.0107042  0.0023779
 0.0110518  0.0024849
 0.0104628  0.0023017
 0.0102177  0.0022726
 0.0098964  0.0022787
 0.0087340  0.0021100
 0.0077000  0.0023599
 0.0067278  0.0025719
 0.0055283  0.0022626
 0.0048671  0.0028965
 0.0046454  0.0031113
 0.0040229  0.0032425
 0.0039172  0.0038546
 0.0041987  0.0036603
 0.0039419  0.0035965
 0.0040510  0.0034184
 0.0041956  0.0027381
 0.0038351  0.0023827
 0.0040128  0.0017428
 0.0034919  0.0007560
 0.0030720 -0.0001384
 0.0022451 -0.0004667
 0.0013242 -0.0006423
 0.0003100 -0.0010242
-0.0007050 -0.0012205
-0.0013542 -0.0019723
-0.0024431 -0.0020737
-0.0027351 -0.0024637
-0.0029858 -0.0032220
-0.0033024 -0.0034748
-0.0036379 -0.0034813
-0.0038738 -0.0044809
-0.0044758 -0.0042500
-0.0044431 -0.0039621
-0.0049446 -0.0034970
-0.0047371 -0.0027327
-0.0040903 -0.0023883
-0.0036737 -0.0020068
-0.0026668 -0.0017387
-0.0013877 -0.0013955
-0.0004724 -0.0013725
-0.0002100 -0.0010591
-0.0000029 -0.0011257
-0.0005787 -0.0012868
-0.0008262 -0.0013743
-0.0008649 -0.0016755
-0.0011318 -0.0014817
-0.0011528 -0.0007941
-0.0012271 -0.0003544
-0.0013244  0.0006800
-0.0009243  0.0017902
-0.0004628  0.0023478
 0.0002894  0.0028658
 0.0014607  0.0033067
 0.0023441  0.0037266
 0.0031302  0.0037250
 0.0035815  0.0040298
 0.0037252  0.0043552
 0.0033154  0.0044154
 0.0030020  0.0043601
 0.0028264  0.0042115
 0.0032265  0.0040391
 0.0034805  0.0042184
 0.0037159  0.0038312
 0.0036848  0.0031541
 0.0041706  0.0024391
 0.0041359  0.0013602
 0.0041928  0.0008518
 0.0042901 -0.0000389
 0.0043220 -0.0007297
 0.0048302 -0.0007898
 0.0049214 -0.0010596
 0.0048225 -0.0009982
 0.0048370 -0.0007301
 0.0047026 -0.0005936
 0.0041256 -0.0006913
 0.0036048 -0.0006909
 0.0028534 -0.0007046
 0.0026365 -0.0006812
 0.0022538 -0.0002794
 0.0022736 -0.0004829
 0.0019679 -0.0001530
 0.0018602 -0.0005680
 0.0023257 -0.0010363
 0.0021764 -0.0018712
 0.0027125 -0.0027392
 0.0031199 -0.0040097
 0.0038430 -0.0049754
 0.0048948 -0.0059448
 0.0055799 -0.0074140
 0.0060333 -0.0080467
 0.0063328 -0.0090835
 0.0067147 -0.0096411
 0.0065625 -0.0102588
 0.0064354 -0.0103965
 0.0059457 -0.0105383
 0.0060548 -0.0099819
 0.0058982 -0.0091995
 0.0053754 -0.0087053
 0.0050222 -0.0073096
 0.0050473 -0.0064125
 0.0044166 -0.0058654
 0.0040690 -0.0057036
 0.0037383 -0.0056152
 0.0035784 -0.0059508
 0.0034770 -0.0059209
 0.0032618 -0.0060041
 0.0030647 -0.0057485
 0.0027312 -0.0047335
 0.0021828 -0.0041917
 0.0014988 -0.0034544
 0.0006775 -0.0029848
 0.0003799 -0.0026306
 0.0000650 -0.0023157
 0.0002745 -0.0023625
 0.0002014 -0.0020503
 0.0004009 -0.0016082
 0.0005435 -0.0011883
 0.0008120 -0.0005956
 0.0011229 -0.0003126
 0.0013465  0.0007403
 0.0017107  0.0012563
 0.0021492  0.0017331
 0.0023046  0.0020577
 0.0023507  0.0017646
 0.0027024  0.0015288
 0.0028215  0.0010277
 0.0032305  0.0000292
 0.0033036 -0.0003939
 0.0034025 -0.0014081
 0.0038612 -0.0023783
 0.0036690 -0.0026391
 0.0034792 -0.0034001
 0.0034817 -0.0034368
 0.0034535 -0.0033379
 0.0038245 -0.0031659
 0.0037015 -0.0030508
 0.0035933 -0.0024388
 0.0034670 -0.0022313
 0.0025299 -0.0019216
 0.0013643 -0.0024428
 0.0003356 -0.0037918
-0.0009261 -0.0052397
-0.0012854 -0.0069508
-0.0011065 -0.0085060
-0.0004718 -0.0091431
 0.0009284 -0.0085088
 0.0021178 -0.0077926
 0.0031732 -0.0062179
 0.0038422 -0.0046813
 0.0043227 -0.0034159
 0.0040941 -0.0019076
 0.0039193 -0.0006491
 0.0030165 -0.0000411
 0.0022247  0.0008152
 0.0017031  0.0014789
 0.0010821  0.0017999
 0.0011168  0.0025424
 0.0007118  0.0031532
 0.0005208  0.0036647
 0.0004861  0.0042364
 0.0004539  0.0043627
 0.0002645  0.0045089
-0.0001541  0.0044604
-0.0000233  0.0039552
 0.0001289  0.0035119
-0.0002224  0.0030851
-0.0001639  0.0024117
-0.0004897  0.0025417
-0.0004154  0.0030919
-0.0009573  0.0034682
-0.0014434  0.0041553
-0.0017568  0.0046693
-0.0019934  0.0047707
-0.0021917  0.0047957
-0.0023867  0.0046137
-0.0026503  0.0038200
-0.0026414  0.0036008
-0.0023664  0.0032254
-0.0024891  0.0031031
-0.0022941  0.0032036
-0.0020211  0.0033611
-0.0020586  0.0037314
-0.0021123  0.0043092
-0.0026283  0.0049051
-0.0031257  0.0054788
-0.0037802  0.0060670
-0.0041589  0.0056770
-0.0044121  0.0058029
-0.0048009  0.0051827
-0.0046462  0.0045827
-0.0045550  0.0038681
-0.0046205  0.0038636
-0.0048123  0.0030602
-0.0050997  0.0026617
-0.0043924  0.0022450
-0.0042192  0.0016766
-0.0031694  0.0014526
-0.0025214  0.0016331
-0.0017382  0.0018301
-0.0012295  0.0023708
-0.0006582  0.0029675
-0.0004152  0.0035816
-0.0004597  0.0039070
-0.0001355  0.0044481
-0.0002493  0.0043730
-0.0005351  0.0044538
-0.0010734  0.0039919
-0.0009203  0.0037085
-0.0012878  0.0034416
-0.0012922  0.0032510
-0.0014287  0.0026975
-0.0012212  0.0027964
-0.0012200  0.0033940
-0.0010431  0.0031069
-0.0012724  0.0031808
-0.0017170  0.0029672
-0.0017162  0.0022150
-0.0024114  0.0016607
-0.0027805  0.0013167
-0.0030502  0.0003990
-0.0031467 -0.0001327
-0.0028140 -0.0001456
-0.0025245 -0.0006249
-0.0022854 -0.0009474
-0.0018352 -0.0013136
-0.0016316 -0.0017356
-0.0018104 -0.0025298
-0.0014737 -0.0026122
-0.0015794 -0.0033083
-0.0017453 -0.0037981
-0.0020291 -0.0046133
-0.0020671 -0.0052343
-0.0018967 -0.0050518
-0.0015551 -0.0052662
-0.0010783 -0.0052166
-0.0006984 -0.0044758
-0.0002039 -0.0042897
 0.0000945 -0.0038488
 0.0006019 -0.0031087
 0.0007069 -0.0026828
 0.0008865 -0.0024078
 0.0010305 -0.0016956
 0.0013297 -0.0015296
 0.0012097 -0.0010018
 0.0012279 -0.0008374
 0.0011137 -0.0007853
 0.0006138 -0.0008700
-0.0000350 -0.0010315
-0.0010553 -0.0011768
-0.0015935 -0.0010807
-0.0023263 -0.0013859
-0.0024462 -0.0015971
-0.0025278 -0.0020218
-0.0022456 -0.0022120
-0.0016501 -0.0023048
-0.0013017 -0.0021288
-0.0010634 -0.0016899
-0.0006854 -0.0009834
-0.0006745 -0.0004508
-0.0010454  0.0006376
-0.0013401  0.0014762
-0.0020034  0.0020660
-0.0024528  0.0021831
-0.0030390  0.0023051
-0.0036029  0.0019999
-0.0034959  0.0013894
-0.0031010  0.0013366
-0.0028029  0.0017766
-0.0021803  0.0024436
-0.0021008  0.0033185
-0.0018294  0.0038449
-0.0015626  0.0041231
-0.0010236  0.0043576
-0.0004099  0.0037515
 0.0003213  0.0031268
 0.0007029  0.0029423
 0.0012960  0.0030298
 0.0013299  0.0031562
 0.0011477  0.0030019
 0.0008101  0.0031280
 0.0010293  0.0030969
 0.0007135  0.0022216
 0.0010131  0.0020590
 0.0017535  0.0017888
 0.0022271  0.0017274
 0.0026550  0.0020678
 0.0028560  0.0021792
 0.0027837  0.0029217
 0.0029693  0.0031369
 0.0027823  0.0035608
 0.0025235  0.0037571
 0.0022299  0.0034737
 0.0022461  0.0027877
 0.0025105  0.0027506
 0.0027431  0.0021777
 0.0030269  0.0020073
 0.0032958  0.0022940
 0.0033491  0.0027583
 0.0035788  0.0028350
 0.0038590  0.0035617
 0.0038375  0.0037878
 0.0040862  0.0034563
 0.0046971  0.0031458
 0.0046245  0.0023597
 0.0049217  0.0017085
 0.0054869  0.0007944
 0.0056719  0.0001420
 0.0047571 -0.0002763
 0.0048254 -0.0004438
 0.0041559 -0.0008637
 0.0035963 -0.0005411
 0.0029661 -0.0005214
 0.0021400 -0.0008488
 0.0015280 -0.0007180
 0.0014157 -0.0003554
 0.0011311 -0.0002787
 0.0010407 -0.0003134
 0.0014489 -0.0006942
 0.0014114 -0.0005787
 0.0022766 -0.0003518
 0.0028152 -0.0005125
 0.0030033 -0.0000979
 0.0031963  0.0004648
 0.0032892  0.0010914
 0.0032645  0.0015460
 0.0029730  0.0015823
 0.0031607  0.0016647
 0.0028498  0.0022401
 0.0024638  0.0024525
 0.0024634  0.0025700
 0.0017694  0.0027989
 0.0014617  0.0027012
 0.0012518  0.0019889
 0.0009808  0.0012767
 0.0010378  0.0010454
 0.0007676  0.0000493
 0.0003837 -0.0003153
-0.0000609 -0.0009459
 0.0001123 -0.0016129
-0.0001994 -0.0019423
 0.0000736 -0.0024402
 0.0008444 -0.0034172
 0.0014823 -0.0038759
 0.0021824 -0.0048319
 0.0024962 -0.0052324
 0.0023497 -0.0052696
 0.0023425 -0.0056676
 0.0017324 -0.0052425
 0.0009835 -0.0047216
 0.0004873 -0.0042149
-0.0001281 -0.0039193
-0.0009323 -0.0031150
-0.0012953 -0.0027254
-0.0028481 -0.0021307
-0.0038235 -0.0017302
-0.0050727 -0.0013684
-0.0064495 -0.0015231
-0.0072162 -0.0016390
-0.0078097 -0.0017779
-0.0080612 -0.0018409
-0.0078170 -0.0016733
-0.0080395 -0.0010880
-0.0082576 -0.0004610
-0.0081712  0.0001232
-0.0077558  0.0006569
-0.0074332  0.0007320
-0.0070452  0.0005427
-0.0064634 -0.0002208
-0.0060935 -0.0004255
-0.0053752 -0.0009019
-0.0054442 -0.0016133
-0.0055169 -0.0015115
-0.0052512 -0.0020638
-0.0049654 -0.0020957
-0.0043586 -0.0019894
-0.0037667 -0.0023196
-0.0029273 -0.0020535
-0.0021424 -0.0018895
-0.0012223 -0.0016516
-0.0006659 -0.0011869
-0.0002242 -0.0007101
-0.0000276 -0.0008143
-0.0000853 -0.0000302
 0.0000697  0.0007130
-0.0000627  0.0015750
-0.0004858  0.0026865
-0.0005625  0.0035905
-0.0010559  0.0040335
-0.0014734  0.0044533
-0.0017390  0.0043903
-0.0021520  0.0041533
-0.0025646  0.0040277
-0.0030934  0.0035432
-0.0026610  0.0029077
-0.0025188  0.0021155
-0.0021453  0.0015813
-0.0016975  0.0007803
-0.0017084  0.0005546
-0.0018569 -0.0001305
-0.0016235 -0.0003529
-0.0016982 -0.0006581
-0.0017305 -0.0011709
-0.0016514 -0.0012823
-0.0014927 -0.0015561
-0.0017098 -0.0020922
-0.0016294 -0.0031315
-0.0014546 -0.0038676
-0.0012777 -0.0046210
-0.0011417 -0.0061387
-0.0011082 -0.0066183
-0.0007642 -0.0074577
-0.0010214 -0.0074169
-0.0008704 -0.0074355
-0.0008563 -0.0077988
-0.0005398 -0.0068973
 0.0001549 -0.0065537
 0.0008118 -0.0063574
 0.0012150 -0.0059723
 0.0013530 -0.0054692
 0.0012815 -0.0052685
 0.0006338 -0.0052616
 0.0003745 -0.0047775
-0.0003050 -0.0044278
-0.0006749 -0.0044225
-0.0006038 -0.0040777
-0.0008340 -0.0044205
-0.0009919 -0.0038035
-0.0008703 -0.0038609
-0.0010766 -0.0042259
-0.0011517 -0.0045913
-0.0009489 -0.0053229
-0.0006942 -0.0061530
-0.0004406 -0.0066965
 0.0003561 -0.0074301
 0.0011519 -0.0074701
 0.0017337 -0.0072638
 0.0023229 -0.0069606
 0.0025070 -0.0067741
 0.0027845 -0.0061895
 0.0027550 -0.0061379
 0.0030308 -0.0060705
 0.0029190 -0.0056611
 0.0029804 -0.0056164
 0.0026695 -0.0058332
 0.0025265 -0.0057295
 0.0025143 -0.0056153
 0.0027715 -0.0057509
 0.0027964 -0.0054477
 0.0028836 -0.0049850
 0.0028928 -0.0050416
 0.0025403 -0.0046209
 0.0025008 -0.0047319
 0.0020384 -0.0044734
 0.0020130 -0.0042319
 0.0018971 -0.0042214
 0.0022168 -0.0040525
 0.0021736 -0.0036972
 0.0020371 -0.0032474
 0.0016746 -0.0026256
 0.0016713 -0.0020470
 0.0015793 -0.0017765
 0.0017876 -0.0011413
 0.0019669 -0.0007368
 0.0022968 -0.0005958
 0.0024547 -0.0012269
 0.0022859 -0.0016859
 0.0017530 -0.0025249
 0.0009051 -0.0024870
-0.0000929 -0.0026775
-0.0013842 -0.0026177
-0.0022543 -0.0019859
-0.0031099 -0.0014344
-0.0036941 -0.0011284
-0.0040470 -0.0005571
-0.0043018 -0.0001133
-0.0045530  0.0000784
-0.0046721  0.0004785
-0.0045542  0.0008601
-0.0043979  0.0008584
-0.0043378  0.0013324
-0.0038532  0.0014442
-0.0039065  0.0018580
-0.0037498  0.0026933
-0.0037684  0.0026328
-0.0040022  0.0025342
-0.0042493  0.0016920
-0.0039990  0.0003540
-0.0039210 -0.0011213
-0.0032674 -0.0022348
-0.0024328 -0.0035401
-0.0019495 -0.0039830
-0.0016204 -0.0038349
-0.0015392 -0.0034134
-0.0020399 -0.0026277
-0.0023628 -0.0018977
-0.0030763 -0.0009376
-0.0033860 -0.0004220
-0.0036928 -0.0002508
-0.0036145 -0.0001992
-0.0034413 -0.0001738
-0.0028800 -0.0007395
-0.0028570 -0.0013758
-0.0027597 -0.0016496
-0.0027359 -0.0025512
-0.0028291 -0.0030441
-0.0031360 -0.0036517
-0.0036895 -0.0044309
-0.0031941 -0.0050272
-0.0033318 -0.0048059
-0.0034505 -0.0046282
-0.0029382 -0.0041957
-0.0025421 -0.0037306
-0.0021982 -0.0032440
-0.0019188 -0.0029719
-0.0013277 -0.0026989
-0.0013665 -0.0021393
-0.0013794 -0.0018433
-0.0014520 -0.0007471
-0.0017508 -0.0002239
-0.0017818  0.0006624
-0.0016619  0.0016552
-0.0015775  0.0023423
-0.0014244  0.0032762
-0.0013090  0.0046210
-0.0011539  0.0052039
-0.0009081  0.0057106
-0.0008318  0.0054323
-0.0007760  0.0049862
-0.0005221  0.0038945
-0.0000190  0.0027603
 0.0004151  0.0016323
 0.0005371  0.0007892
 0.0011193  0.0001142
 0.0011981 -0.0004967
 0.0015008 -0.0006917
 0.0015703 -0.0009562
 0.0020769 -0.0007389
 0.0023708 -0.0004470
 0.0027107 -0.0001893
 0.0029392 -0.0002026
 0.0029388 -0.0000645
 0.0029453  0.0001289
 0.0031593 -0.0001388
 0.0026792 -0.0004828
 0.0027204 -0.0009992
 0.0027015 -0.0013944
 0.0027770 -0.0015825
 0.0031977 -0.0018058
 0.0033680 -0.0016018
 0.0034851 -0.0014217
 0.0034294 -0.0016062
 0.0033337 -0.0022634
 0.0032429 -0.0027382
 0.0032894 -0.0033660
 0.0032389 -0.0039393
 0.0025571 -0.0041501
 0.0016600 -0.0042111
 0.0009744 -0.0045195
-0.0000002 -0.0044873
 0.0000785 -0.0047219
 0.0000632 -0.0048285
 0.0004803 -0.0047607
 0.0006910 -0.0046166
 0.0010858 -0.0045246
 0.0014129 -0.0044515
 0.0013341 -0.0043760
 0.0015614 -0.0040737
 0.0017124 -0.0036307
 0.0024597 -0.0029819
 0.0023390 -0.0019532
 0.0024306 -0.0006944
 0.0023894  0.0001026
 0.0022760  0.0012411
 0.0023358  0.0016928
 0.0021888  0.0018006
 0.0020625  0.0022709
 0.0022479  0.0019770
 0.0017941  0.0018534
 0.0015858  0.0019236
 0.0009696  0.0021283
 0.0002711  0.0017798
-0.0007379  0.0022454
-0.0011098  0.0021178
-0.0012124  0.0023819
-0.0009488  0.0031834
-0.0002806  0.0035667
-0.0000690  0.0039608
 0.0006541  0.0044127
 0.0005894  0.0046138
 0.0004509  0.0042775
 0.0000746  0.0035742
-0.0002589  0.0026016
-0.0005335  0.0017828
-0.0005759  0.0011377
-0.0009046  0.0001473
-0.0008860 -0.0002875
-0.0007294 -0.0011491
 0.0000245 -0.0022408
 0.0001024 -0.0024362
 0.0011404 -0.0028069
 0.0016407 -0.0030250
 0.0017921 -0.0025797
 0.0020791 -0.0024970
 0.0024978 -0.0022334
 0.0023581 -0.0017259
 0.0022822 -0.0014219
 0.0026451 -0.0010953
 0.0026298 -0.0005462
 0.0025221 -0.0004550
 0.0023150 -0.0002479
 0.0015721 -0.0002185
 0.0012899 -0.0003578
 0.0006225 -0.0013216
 0.0007198 -0.0018852
 0.0004175 -0.0028292
 0.0007622 -0.0034906
 0.0013521 -0.0034801
 0.0017897 -0.0034240
 0.0022048 -0.0025838
 0.0028091 -0.0016996
 0.0028410 -0.0005808
 0.0031062  0.0004311
 0.0036408  0.0015737
 0.0043841  0.0024342
 0.0050543  0.0028715
 0.0055921  0.0029443
 0.0062857  0.0025955
 0.0064028  0.0023529
 0.0063548  0.0019334
 0.0060888  0.0008929
 0.0054137  0.0004447
 0.0046950 -0.0000220
 0.0039722 -0.0001440
 0.0032070 -0.0007157
 0.0022339 -0.0013286
 0.0019318 -0.0016818
 0.0014796 -0.0019232
 0.0012575 -0.0019324
 0.0015937 -0.0020979
 0.0019934 -0.0013845
 0.0020673 -0.0009956
 0.0022438 -0.0001151
