[PARAMETERS]
DW=1E-007
TAU=0.00012
TD=4096
BS=4096
NS=256
NSC=256
FR=56.120000
GAIN=4.974204
D0=0.05
D1=5E-006
D2=1E-005
D3=2.5E-005
D4=1E-005
D5=5E-005
D6=0.001
D7=0.001
D8=0.001
D9=0.05
C0=1
SEGTD=0
SEGOFF=0
SEGNUM=0
[ADDITIONAL]
PPFILE=ZG_TWO_T2.PC
DATEWR=27.09.2024
TIMEWR=14:07:50
DATESTA=27.09.2024
TIMESTA=14:07:31
DATEEND=27.09.2024
TIMEEND=14:07:49
CURR_Z0=0
CURR_Z1=1
TE=-1
[VARIABLES]
_USER=Measurements
_EMAIL_F=7NMR.NMR-270-ijs.si
_ITC_H=1
_ITC_R0= 70.00
_ITC_R1= 70.01
_ITC_R2= 70.67
_ITC_R3=  0.00
_ITC_R4=  0.01
_ITC_V=  9.99
_ITC_X=X0A1C1S00H1
_FW=100
_ORIENT=?
_THETA=0
_TITLE=?
_DESCR1=?
_DESCR2=?
_FR_LARM=56.12000000
_FR_SYNT=526.12000000
_TRIMLEV=1.66015625
_DATE=27.09.2024
_TIME=14:04:44
[PPFILE]
; pi/2 - pi


DELAY D9
PULSE [GT] 3u
PULSE [PHL1,GT] D1
DELAY TAU-3u
PULSE [GT] 3u
PULSE [PHL2,GT] 2*D1
DELAY TAU-D3
PULSE [TR] 1u+DW
DELAY 1m
STOP

;PHL 1 [+X] [+X] [+Y] [+Y] [-X] [-X] [-Y] [-Y]
;PHL 2 [+Y] [-Y] [-X] [+X] [-Y] [+Y] [+X] [-X]
;!RLS +X+X+Y+Y-X-X-Y-Y

PHL 1 [+X] [+X] [-X] [-X] [+Y] [+Y] [-Y] [-Y] [+X] [+X] [-X] [-X] [+Y] [+Y] [-Y] [-Y]
PHL 2 [+Y] [-Y] [-Y] [+Y] [-X] [+X] [+X] [-X] [+X] [-X] [-X] [+X] [-Y] [+Y] [+Y] [-Y]
!RLS +X+X-X-X+Y+Y-Y-Y-X-X+X+X-Y-Y+Y+Y
[DATA]
 0.0017120  0.0001999
 0.0016565  0.0006551
 0.0016125  0.0010983
 0.0014601  0.0017065
 0.0014591  0.0022383
 0.0012494  0.0026342
 0.0010671  0.0031082
 0.0011145  0.0033107
 0.0006157  0.0032639
 0.0005573  0.0035929
 0.0002995  0.0032683
-0.0001797  0.0032611
-0.0001771  0.0029944
-0.0001577  0.0026058
 0.0000176  0.0027811
-0.0000105  0.0027615
 0.0000997  0.0028091
-0.0001374  0.0027344
-0.0005367  0.0027697
-0.0010991  0.0026304
-0.0019304  0.0023672
-0.0026021  0.0021113
-0.0029733  0.0019448
-0.0029640  0.0017054
-0.0031748  0.0013666
-0.0031348  0.0012332
-0.0031734  0.0011734
-0.0030664  0.0010466
-0.0029769  0.0009691
-0.0030375  0.0006965
-0.0027764  0.0004480
-0.0024603  0.0001507
-0.0024393 -0.0003294
-0.0025047 -0.0004903
-0.0024292 -0.0007285
-0.0026589 -0.0006996
-0.0026024 -0.0008096
-0.0028738 -0.0005924
-0.0031174 -0.0002622
-0.0035632 -0.0006119
-0.0038473 -0.0008428
-0.0040526 -0.0009284
-0.0041065 -0.0010598
-0.0040956 -0.0010659
-0.0037215 -0.0010531
-0.0034022 -0.0004828
-0.0029590 -0.0004842
-0.0026044  0.0001008
-0.0023722  0.0005114
-0.0026328  0.0008431
-0.0023916  0.0011770
-0.0023060  0.0011362
-0.0024980  0.0015546
-0.0024703  0.0017638
-0.0022412  0.0016013
-0.0021073  0.0014656
-0.0016507  0.0012357
-0.0012714  0.0006731
-0.0011917  0.0003590
-0.0006435 -0.0004833
-0.0003908 -0.0011514
 0.0000818 -0.0015830
 0.0004748 -0.0019470
 0.0003398 -0.0025502
 0.0006555 -0.0022184
 0.0007456 -0.0023932
 0.0006047 -0.0020710
 0.0004214 -0.0017012
 0.0005065 -0.0016812
 0.0004090 -0.0016249
 0.0005766 -0.0013279
 0.0009740 -0.0009331
 0.0014500 -0.0008240
 0.0015394  0.0000162
 0.0019727  0.0003077
 0.0018196  0.0009362
 0.0017072  0.0014933
 0.0015704  0.0014469
 0.0013536  0.0015646
 0.0011444  0.0017158
 0.0009260  0.0014689
 0.0009006  0.0017110
 0.0006721  0.0018941
 0.0004642  0.0019426
 0.0003794  0.0023352
 0.0005151  0.0028050
 0.0007365  0.0031025
 0.0004581  0.0036018
 0.0004489  0.0040822
 0.0002502  0.0043756
-0.0001901  0.0047244
-0.0007252  0.0049475
-0.0012295  0.0050765
-0.0016001  0.0053164
-0.0019360  0.0053464
-0.0025483  0.0051379
-0.0027524  0.0048506
-0.0029159  0.0047810
-0.0029842  0.0042739
-0.0031836  0.0042147
-0.0031040  0.0038966
-0.0032332  0.0034359
-0.0033372  0.0034982
-0.0032647  0.0032853
-0.0029168  0.0033698
-0.0032200  0.0034029
-0.0028928  0.0030379
-0.0029770  0.0029939
-0.0028346  0.0032763
-0.0027472  0.0031671
-0.0027979  0.0031959
-0.0028558  0.0032260
-0.0029806  0.0027939
-0.0028861  0.0026498
-0.0030111  0.0025224
-0.0026853  0.0019574
-0.0021592  0.0018524
-0.0021665  0.0014591
-0.0018798  0.0011150
-0.0019749  0.0010629
-0.0020025  0.0007152
-0.0020116  0.0004045
-0.0022787 -0.0000208
-0.0021406  0.0000084
-0.0019651 -0.0002623
-0.0019708 -0.0003487
-0.0015460 -0.0000314
-0.0011309  0.0001695
-0.0008831  0.0003595
-0.0006327  0.0010414
-0.0006168  0.0013701
-0.0005296  0.0017498
-0.0004504  0.0020500
-0.0005582  0.0023409
-0.0008381  0.0025319
-0.0008692  0.0028496
-0.0009287  0.0029538
-0.0011328  0.0028488
-0.0012051  0.0030480
-0.0010830  0.0033848
-0.0012397  0.0036698
-0.0013174  0.0036797
-0.0013311  0.0040917
-0.0017184  0.0045294
-0.0014531  0.0044343
-0.0014533  0.0045316
-0.0013657  0.0047395
-0.0011943  0.0051717
-0.0009809  0.0056766
-0.0008065  0.0061703
-0.0005667  0.0069334
-0.0003965  0.0072651
-0.0001498  0.0075305
 0.0000857  0.0077443
 0.0004394  0.0075612
 0.0009376  0.0076147
 0.0014151  0.0077902
 0.0014819  0.0079656
 0.0017211  0.0081724
 0.0020927  0.0085965
 0.0023241  0.0089544
 0.0028225  0.0094178
 0.0031126  0.0097268
 0.0037457  0.0100268
 0.0041779  0.0103143
 0.0041884  0.0105683
 0.0045052  0.0108007
 0.0044337  0.0112533
 0.0042227  0.0112149
 0.0041093  0.0113304
 0.0043101  0.0110532
 0.0045310  0.0110496
 0.0043497  0.0110748
 0.0051962  0.0108257
 0.0053607  0.0107855
 0.0055704  0.0107174
 0.0058335  0.0106300
 0.0058628  0.0110564
 0.0061995  0.0111793
 0.0062129  0.0112108
 0.0063562  0.0114032
 0.0063956  0.0117880
 0.0063857  0.0116923
 0.0064729  0.0116538
 0.0067191  0.0120573
 0.0067303  0.0119059
 0.0064739  0.0120575
 0.0064256  0.0121007
 0.0064186  0.0119760
 0.0060589  0.0120049
 0.0058604  0.0116496
 0.0058435  0.0114255
 0.0057890  0.0109648
 0.0059336  0.0108077
 0.0058126  0.0106525
 0.0058221  0.0108337
 0.0058823  0.0106894
 0.0057889  0.0110546
 0.0056354  0.0111773
 0.0053821  0.0111367
 0.0053318  0.0110885
 0.0053564  0.0111367
 0.0054317  0.0111678
 0.0054305  0.0115153
 0.0054063  0.0119101
 0.0051321  0.0125527
 0.0049741  0.0130628
 0.0046616  0.0134930
 0.0046851  0.0143940
 0.0047466  0.0151044
 0.0055301  0.0162167
 0.0060221  0.0171304
 0.0061497  0.0182514
 0.0066786  0.0195171
 0.0067479  0.0209939
 0.0069498  0.0223070
 0.0070449  0.0238126
 0.0073077  0.0255168
 0.0076896  0.0269669
 0.0084054  0.0286473
 0.0092491  0.0308071
 0.0100255  0.0328604
 0.0114075  0.0349712
 0.0125414  0.0374714
 0.0135942  0.0399673
 0.0148864  0.0423395
 0.0164533  0.0449695
 0.0178437  0.0477149
 0.0194742  0.0502403
 0.0211455  0.0532478
 0.0229597  0.0559882
 0.0245633  0.0589019
 0.0261892  0.0618357
 0.0278916  0.0646111
 0.0301614  0.0677603
 0.0324152  0.0705482
 0.0347769  0.0738235
 0.0376643  0.0769436
 0.0405218  0.0802534
 0.0434076  0.0837894
 0.0462415  0.0871261
 0.0489203  0.0905850
 0.0517548  0.0940437
 0.0544167  0.0974461
 0.0570804  0.1011476
 0.0598121  0.1047521
 0.0626692  0.1084494
 0.0653731  0.1120637
 0.0680665  0.1156094
 0.0710575  0.1188680
 0.0737517  0.1224355
 0.0766785  0.1259090
 0.0793634  0.1288933
 0.0823438  0.1323358
 0.0854014  0.1357146
 0.0883635  0.1389932
 0.0915636  0.1426076
 0.0949352  0.1460534
 0.0983974  0.1497327
 0.1020076  0.1531563
 0.1056719  0.1567405
 0.1094314  0.1605483
 0.1134597  0.1643911
 0.1175370  0.1683507
 0.1214328  0.1721756
 0.1254795  0.1762421
 0.1297114  0.1800989
 0.1333290  0.1840199
 0.1372237  0.1879322
 0.1410341  0.1916214
 0.1444607  0.1951368
 0.1482025  0.1988549
 0.1520496  0.2028968
 0.1557645  0.2066161
 0.1599659  0.2107101
 0.1639188  0.2150734
 0.1679571  0.2192944
 0.1719005  0.2237806
 0.1760726  0.2285190
 0.1797657  0.2335043
 0.1836596  0.2382881
 0.1876759  0.2433042
 0.1916391  0.2480680
 0.1958302  0.2528742
 0.2004811  0.2579311
 0.2054295  0.2627626
 0.2104799  0.2678867
 0.2156856  0.2729712
 0.2212071  0.2779448
 0.2266011  0.2831586
 0.2318643  0.2882676
 0.2373636  0.2936570
 0.2428143  0.2989253
 0.2486416  0.3042200
 0.2546219  0.3095820
 0.2602941  0.3149924
 0.2663236  0.3200564
 0.2722165  0.3252611
 0.2781869  0.3302850
 0.2840923  0.3350796
 0.2898346  0.3395554
 0.2960244  0.3445990
 0.3020267  0.3487180
 0.3082561  0.3528296
 0.3148069  0.3568598
 0.3214134  0.3607673
 0.3282898  0.3649202
 0.3349920  0.3689866
 0.3420402  0.3730075
 0.3487392  0.3768346
 0.3554010  0.3803220
 0.3619576  0.3837599
 0.3682304  0.3870443
 0.3744311  0.3897302
 0.3803012  0.3921787
 0.3863253  0.3946449
 0.3917564  0.3962391
 0.3973765  0.3977907
 0.4030199  0.3991061
 0.4085409  0.4001058
 0.4137846  0.4011646
 0.4192695  0.4023767
 0.4244885  0.4031768
 0.4293036  0.4039950
 0.4338512  0.4044666
 0.4379586  0.4043995
 0.4422401  0.4043127
 0.4460739  0.4039354
 0.4498235  0.4032149
 0.4534449  0.4024391
 0.4566272  0.4013441
 0.4596630  0.3997542
 0.4624896  0.3984905
 0.4649884  0.3965771
 0.4672314  0.3941833
 0.4692041  0.3918568
 0.4709037  0.3888018
 0.4725181  0.3857647
 0.4737289  0.3825173
 0.4747191  0.3791107
 0.4753203  0.3757148
 0.4760790  0.3723542
 0.4762633  0.3691779
 0.4762326  0.3659130
 0.4757713  0.3624292
 0.4753508  0.3586722
 0.4744490  0.3546083
 0.4735027  0.3506861
 0.4725283  0.3463343
 0.4712115  0.3420116
 0.4699296  0.3372272
 0.4682020  0.3327779
 0.4665097  0.3282834
 0.4644930  0.3236318
 0.4621598  0.3188454
 0.4596701  0.3141258
 0.4570270  0.3097968
 0.4542765  0.3051436
 0.4509769  0.3009507
 0.4477436  0.2967589
 0.4442793  0.2924407
 0.4407209  0.2883353
 0.4371132  0.2841051
 0.4335251  0.2795605
 0.4297544  0.2751875
 0.4261363  0.2709698
 0.4225213  0.2663988
 0.4189158  0.2623048
 0.4153853  0.2580763
 0.4117623  0.2537769
 0.4081158  0.2497860
 0.4047048  0.2456567
 0.4010613  0.2416037
 0.3975419  0.2375477
 0.3936881  0.2335476
 0.3900148  0.2292644
 0.3861766  0.2252869
 0.3823131  0.2209234
 0.3783540  0.2166378
 0.3740563  0.2123158
 0.3698033  0.2080562
 0.3652789  0.2038962
 0.3607626  0.1999841
 0.3559307  0.1960405
 0.3511280  0.1919481
 0.3461990  0.1878905
 0.3416058  0.1836087
 0.3369476  0.1794685
 0.3324304  0.1751412
 0.3281632  0.1708478
 0.3239950  0.1665081
 0.3197205  0.1619175
 0.3153899  0.1576594
 0.3109617  0.1531532
 0.3064884  0.1487980
 0.3017932  0.1442709
 0.2971709  0.1401281
 0.2925424  0.1359091
 0.2874697  0.1320671
 0.2823758  0.1282995
 0.2774784  0.1247179
 0.2722797  0.1208466
 0.2668231  0.1171162
 0.2619016  0.1131201
 0.2569238  0.1091101
 0.2523273  0.1052067
 0.2477704  0.1012382
 0.2432325  0.0974402
 0.2388373  0.0938662
 0.2346375  0.0905604
 0.2298034  0.0868709
 0.2249203  0.0834884
 0.2200223  0.0802107
 0.2146999  0.0770101
 0.2095783  0.0739904
 0.2041336  0.0706868
 0.1988330  0.0676559
 0.1934824  0.0645694
 0.1884129  0.0610811
 0.1831981  0.0579855
 0.1783859  0.0548519
 0.1735423  0.0517089
 0.1687915  0.0490916
 0.1640668  0.0464604
 0.1592956  0.0436980
 0.1544181  0.0413409
 0.1500321  0.0389758
 0.1454308  0.0365418
 0.1410239  0.0341946
 0.1365950  0.0318000
 0.1325063  0.0296251
 0.1283774  0.0271806
 0.1241911  0.0253193
 0.1203592  0.0233633
 0.1163742  0.0217726
 0.1123709  0.0201681
 0.1083385  0.0187368
 0.1047435  0.0177841
 0.1008765  0.0165634
 0.0973025  0.0156301
 0.0940171  0.0146463
 0.0904901  0.0133501
 0.0875018  0.0121078
 0.0843946  0.0111682
 0.0814496  0.0101556
 0.0784068  0.0093180
 0.0759207  0.0084146
 0.0733294  0.0077902
 0.0708129  0.0072591
 0.0685381  0.0069314
 0.0661982  0.0065194
 0.0639695  0.0061247
 0.0617915  0.0058718
 0.0594883  0.0054127
 0.0574544  0.0050956
 0.0555437  0.0044219
 0.0536499  0.0038581
 0.0522660  0.0034479
 0.0508358  0.0029832
 0.0493946  0.0025732
 0.0479546  0.0019056
 0.0465019  0.0016864
 0.0448491  0.0014456
 0.0433504  0.0009946
 0.0421561  0.0009467
 0.0405421  0.0006504
 0.0394354  0.0004152
 0.0382504  0.0005830
 0.0370236  0.0003749
 0.0359599  0.0003321
 0.0352015  0.0000961
 0.0341104  0.0003739
 0.0332367  0.0001440
 0.0322132 -0.0000016
 0.0312955 -0.0000807
 0.0305853 -0.0002834
 0.0298890 -0.0005370
 0.0294310 -0.0007294
 0.0288841 -0.0006250
 0.0284556 -0.0009684
 0.0280534 -0.0009577
 0.0274809 -0.0011493
 0.0267903 -0.0012066
 0.0260896 -0.0011103
 0.0255347 -0.0010530
 0.0247659 -0.0006504
 0.0240660 -0.0004900
 0.0231360  0.0000476
 0.0221581  0.0003460
 0.0212277  0.0006549
 0.0202809  0.0007027
 0.0194492  0.0006703
 0.0185765  0.0005518
 0.0178704  0.0004303
 0.0173114 -0.0001200
 0.0171227 -0.0001609
 0.0168510 -0.0002154
 0.0168175 -0.0004619
 0.0167756 -0.0002580
 0.0161948  0.0000724
 0.0155759  0.0001263
 0.0149244  0.0002949
 0.0140356  0.0004055
 0.0132876  0.0003168
 0.0125916  0.0003717
 0.0119418  0.0000124
 0.0114640 -0.0002470
 0.0112558 -0.0003369
 0.0109110 -0.0004824
 0.0107376 -0.0005321
 0.0108531 -0.0003886
 0.0104643 -0.0003773
 0.0100521 -0.0001191
 0.0096314  0.0003045
 0.0091397  0.0004428
 0.0079519  0.0002609
 0.0074536  0.0005106
 0.0069962  0.0003598
 0.0071000  0.0002813
 0.0070495  0.0005292
 0.0071520  0.0004735
 0.0074655  0.0005792
 0.0076819  0.0007434
 0.0076778  0.0005714
 0.0075040  0.0004674
 0.0072218  0.0003237
 0.0067589  0.0002401
 0.0064877  0.0000120
 0.0059518 -0.0003942
 0.0054432 -0.0003694
 0.0053379 -0.0004469
 0.0050024 -0.0006445
 0.0048615 -0.0007620
 0.0051277 -0.0008053
 0.0054146 -0.0011826
 0.0053181 -0.0013681
 0.0054876 -0.0014945
 0.0057351 -0.0016689
 0.0058976 -0.0021100
 0.0057523 -0.0019944
 0.0059176 -0.0022027
 0.0059390 -0.0022868
 0.0061619 -0.0023617
 0.0061744 -0.0021292
 0.0064635 -0.0018203
 0.0066725 -0.0017551
 0.0064401 -0.0015262
 0.0062994 -0.0015736
 0.0061578 -0.0013903
 0.0059408 -0.0015048
 0.0059234 -0.0015899
 0.0059688 -0.0016428
 0.0059845 -0.0018035
 0.0061509 -0.0015047
 0.0063503 -0.0015225
 0.0064401 -0.0017460
 0.0063067 -0.0016129
 0.0062956 -0.0015294
 0.0060174 -0.0012902
 0.0055733 -0.0009936
 0.0049981 -0.0006510
 0.0048839 -0.0006775
 0.0044315 -0.0005170
 0.0041939 -0.0004217
 0.0039341 -0.0002974
 0.0036171 -0.0002182
 0.0033212 -0.0002541
 0.0028117 -0.0003349
 0.0024858 -0.0001957
 0.0021687 -0.0003550
 0.0021489 -0.0002377
 0.0018816 -0.0002244
 0.0016997 -0.0003388
 0.0018261 -0.0001955
 0.0017420 -0.0003285
 0.0013707 -0.0001129
 0.0013043 -0.0000861
 0.0011913  0.0000443
 0.0007023  0.0002235
 0.0007189  0.0005614
 0.0003242  0.0007423
 0.0002953  0.0009801
 0.0004958  0.0010407
 0.0005636  0.0011961
 0.0007986  0.0012377
 0.0008390  0.0011633
 0.0008326  0.0013740
 0.0005259  0.0013449
 0.0006323  0.0012658
 0.0003257  0.0013017
-0.0000690  0.0012312
-0.0000034  0.0009428
-0.0003102  0.0006755
-0.0006934  0.0004653
-0.0007013 -0.0001887
-0.0005495 -0.0005402
-0.0004614 -0.0008890
-0.0002846 -0.0010602
-0.0001556 -0.0010880
 0.0001356 -0.0009243
 0.0000161 -0.0006584
-0.0002902 -0.0005410
-0.0004323 -0.0005345
-0.0004210 -0.0008406
-0.0007965 -0.0008532
-0.0008651 -0.0008855
-0.0012519 -0.0010799
-0.0012358 -0.0009854
-0.0011605 -0.0009358
-0.0012963 -0.0012040
-0.0011256 -0.0013456
-0.0008672 -0.0015085
-0.0006875 -0.0018557
-0.0004285 -0.0021355
 0.0001337 -0.0021204
 0.0006045 -0.0019518
 0.0010994 -0.0017227
 0.0012979 -0.0011708
 0.0014028 -0.0004693
 0.0013316 -0.0000090
 0.0012704  0.0006628
 0.0007631  0.0007329
 0.0008287  0.0009077
 0.0005392  0.0009172
 0.0003347  0.0009108
 0.0007164  0.0006758
 0.0007569  0.0007362
 0.0007949  0.0005615
 0.0012995  0.0004885
 0.0015353  0.0002547
 0.0015176  0.0000805
 0.0017166  0.0000248
 0.0017753 -0.0000443
 0.0015914  0.0000718
 0.0015624 -0.0001252
 0.0013126 -0.0001151
 0.0013219 -0.0000927
 0.0011275 -0.0005229
 0.0009819 -0.0006771
 0.0013461 -0.0007048
 0.0017394 -0.0007334
 0.0020842 -0.0004478
 0.0026599 -0.0000061
 0.0029411  0.0003486
 0.0029898  0.0009326
 0.0029377  0.0013103
 0.0028142  0.0017238
 0.0023663  0.0014739
 0.0021184  0.0013885
 0.0019163  0.0010845
 0.0017231  0.0002538
 0.0016278 -0.0001350
 0.0015781 -0.0004259
 0.0016666 -0.0004868
 0.0017550 -0.0005954
 0.0019214 -0.0003241
 0.0019127 -0.0001686
 0.0018235  0.0000415
 0.0019146 -0.0000071
 0.0021106  0.0000805
 0.0019822  0.0002144
 0.0019439 -0.0001541
 0.0020511  0.0000845
 0.0022455  0.0003936
 0.0020618  0.0006262
 0.0019005  0.0012776
 0.0017364  0.0016368
 0.0011802  0.0019650
 0.0006745  0.0021100
 0.0003485  0.0020924
-0.0001891  0.0020248
-0.0004784  0.0020514
-0.0007089  0.0020129
-0.0011212  0.0017698
-0.0013337  0.0016331
-0.0013888  0.0014397
-0.0019026  0.0013337
-0.0018045  0.0012931
-0.0019136  0.0010987
-0.0021696  0.0011508
-0.0023034  0.0011389
-0.0023888  0.0008944
-0.0025253  0.0009743
-0.0024997  0.0008156
-0.0021894  0.0007570
-0.0022878  0.0006948
-0.0024089  0.0006548
-0.0023635  0.0005874
-0.0026691  0.0003474
-0.0027259 -0.0000677
-0.0027339 -0.0005566
-0.0027329 -0.0011493
-0.0028878 -0.0013801
-0.0026033 -0.0016203
-0.0026025 -0.0019681
-0.0023579 -0.0021508
-0.0021209 -0.0022978
-0.0017692 -0.0022706
-0.0015218 -0.0023200
-0.0011011 -0.0024555
-0.0006812 -0.0023675
-0.0005104 -0.0023039
-0.0002231 -0.0023810
-0.0000425 -0.0021313
 0.0002922 -0.0021307
 0.0003292 -0.0018273
 0.0003181 -0.0014249
 0.0001339 -0.0012534
 0.0000179 -0.0012053
-0.0002155 -0.0012031
-0.0004558 -0.0013652
-0.0005529 -0.0014881
-0.0004526 -0.0017328
-0.0002642 -0.0014810
 0.0000503 -0.0017293
 0.0006155 -0.0016423
 0.0010273 -0.0016223
 0.0016931 -0.0015872
 0.0024910 -0.0014061
 0.0028440 -0.0010375
 0.0030487 -0.0009528
 0.0031446 -0.0002434
 0.0030572 -0.0000968
 0.0026175  0.0000879
 0.0027124  0.0001600
 0.0022847  0.0004314
 0.0020566  0.0006655
 0.0018959  0.0007550
 0.0016474  0.0010639
 0.0014447  0.0014977
 0.0016149  0.0015964
 0.0013367  0.0017232
 0.0015464  0.0020989
 0.0017105  0.0024100
 0.0014691  0.0027593
 0.0013195  0.0028390
 0.0011096  0.0028536
 0.0008641  0.0027725
 0.0008173  0.0025545
 0.0008581  0.0021493
 0.0006778  0.0017827
 0.0008224  0.0015550
 0.0010731  0.0014517
 0.0007679  0.0015354
 0.0004562  0.0015928
 0.0002273  0.0016988
-0.0004330  0.0017121
-0.0009185  0.0018348
-0.0011650  0.0016896
-0.0019686  0.0017211
-0.0020984  0.0012862
-0.0020784  0.0011001
-0.0026219  0.0007209
-0.0023913  0.0004224
-0.0021175  0.0001947
-0.0023277 -0.0000825
-0.0018252  0.0001039
-0.0013893  0.0001289
-0.0013764  0.0004947
-0.0013526  0.0011783
-0.0011495  0.0013551
-0.0015108  0.0017653
-0.0013644  0.0017762
-0.0012397  0.0015324
-0.0014105  0.0015667
-0.0015154  0.0013353
-0.0016291  0.0010413
-0.0017100  0.0009917
-0.0016543  0.0009218
-0.0018096  0.0008620
-0.0020668  0.0012139
-0.0023344  0.0011071
-0.0027566  0.0009117
-0.0030529  0.0006775
-0.0029952  0.0000817
-0.0029980 -0.0002207
-0.0027703 -0.0005417
-0.0027263 -0.0010060
-0.0025691 -0.0010099
-0.0024888 -0.0009655
-0.0023584 -0.0009800
-0.0025647 -0.0009706
-0.0021745 -0.0011282
-0.0020601 -0.0013336
-0.0017001 -0.0014014
-0.0011351 -0.0014139
-0.0008200 -0.0013483
-0.0004213 -0.0012145
 0.0001633 -0.0009957
 0.0001405 -0.0006884
 0.0004647 -0.0004912
 0.0007489 -0.0001819
 0.0007209 -0.0000557
 0.0008321  0.0004520
 0.0008026  0.0004915
 0.0010142  0.0005800
 0.0010127  0.0006094
 0.0012128  0.0004451
 0.0017691  0.0001401
 0.0022439  0.0001488
 0.0028929 -0.0000874
 0.0033252 -0.0002236
 0.0041276 -0.0003728
 0.0045218 -0.0002030
 0.0046282 -0.0000814
 0.0045319  0.0000024
 0.0041195  0.0003533
 0.0035143  0.0006543
 0.0030217  0.0009143
 0.0025150  0.0006194
 0.0023398  0.0005136
 0.0024796  0.0006281
 0.0027580 -0.0000636
 0.0028545 -0.0001784
 0.0028939 -0.0001584
 0.0031376 -0.0002335
 0.0029266 -0.0000422
 0.0029759  0.0001022
 0.0028324 -0.0000783
 0.0026884  0.0003137
 0.0026026 -0.0000321
 0.0024662  0.0000523
 0.0024427  0.0000717
 0.0023729  0.0001363
 0.0023042  0.0001244
 0.0023218  0.0005652
 0.0022156  0.0008791
 0.0019382  0.0010039
 0.0017501  0.0013110
 0.0018304  0.0012165
 0.0013540  0.0013618
 0.0013964  0.0012880
 0.0014380  0.0011144
 0.0012562  0.0011055
 0.0011332  0.0011049
 0.0012215  0.0009036
 0.0008775  0.0007372
 0.0005527  0.0005144
 0.0003954 -0.0001024
 0.0001203 -0.0007964
 0.0000335 -0.0013187
 0.0001015 -0.0022330
 0.0003222 -0.0028110
 0.0005973 -0.0030145
 0.0008476 -0.0031708
 0.0011836 -0.0029027
 0.0013917 -0.0023834
 0.0010364 -0.0020580
 0.0009984 -0.0017114
 0.0004522 -0.0013361
-0.0002443 -0.0013210
-0.0007815 -0.0012635
-0.0012432 -0.0013214
-0.0015892 -0.0018889
-0.0016766 -0.0021971
-0.0018541 -0.0025322
-0.0017969 -0.0028744
-0.0016813 -0.0030706
-0.0014126 -0.0030585
-0.0013887 -0.0031039
-0.0011339 -0.0030647
-0.0006836 -0.0030847
-0.0003537 -0.0028368
 0.0000493 -0.0027611
 0.0006452 -0.0026883
 0.0008784 -0.0028518
 0.0013092 -0.0027466
 0.0015084 -0.0025455
 0.0012609 -0.0025076
 0.0012591 -0.0020927
 0.0011755 -0.0017176
 0.0008786 -0.0012351
 0.0005695 -0.0009646
 0.0006149 -0.0007900
 0.0003083 -0.0008082
 0.0003910 -0.0005931
 0.0006197 -0.0003119
 0.0006292 -0.0003081
 0.0008157  0.0000585
 0.0006788  0.0003658
 0.0003710  0.0004906
 0.0004828  0.0005295
 0.0004846  0.0003256
 0.0005111  0.0003347
 0.0009408  0.0001239
 0.0011906  0.0000945
 0.0014578  0.0000495
 0.0018594  0.0000049
 0.0017360 -0.0000521
 0.0018703  0.0002092
 0.0020847  0.0001704
 0.0016821  0.0001864
 0.0017520  0.0003107
 0.0016295  0.0001478
 0.0014952 -0.0000266
 0.0014878  0.0000135
 0.0014111 -0.0002424
 0.0010652 -0.0003044
 0.0008543 -0.0001745
 0.0011714 -0.0002965
 0.0012239 -0.0001957
 0.0014937  0.0001657
 0.0011674  0.0004259
 0.0013334  0.0005929
 0.0014375  0.0009623
 0.0012282  0.0011584
 0.0009518  0.0011330
 0.0008917  0.0015101
 0.0005580  0.0016268
 0.0001367  0.0018177
-0.0003809  0.0020204
-0.0010487  0.0018425
-0.0020431  0.0015908
-0.0022730  0.0011463
-0.0027175  0.0008721
-0.0029275  0.0006482
-0.0028211  0.0004608
-0.0025988  0.0004658
-0.0025243  0.0009053
-0.0024212  0.0013355
-0.0024400  0.0015681
-0.0025532  0.0016260
-0.0026033  0.0017072
-0.0027125  0.0013646
-0.0025279  0.0011652
-0.0024478  0.0007905
-0.0024817  0.0005767
-0.0022893  0.0001433
-0.0022126 -0.0000505
-0.0023246 -0.0005076
-0.0022961 -0.0010638
-0.0021557 -0.0016726
-0.0022035 -0.0023195
-0.0020622 -0.0027735
-0.0017663 -0.0032925
-0.0017848 -0.0036020
-0.0015761 -0.0035645
-0.0015446 -0.0035740
-0.0016764 -0.0032796
-0.0015579 -0.0031945
-0.0012599 -0.0030909
-0.0009547 -0.0030655
-0.0005631 -0.0029423
-0.0001868 -0.0026559
 0.0000580 -0.0023377
 0.0004724 -0.0023567
 0.0006244 -0.0023274
 0.0010645 -0.0023619
 0.0014755 -0.0022582
 0.0016142 -0.0020186
 0.0018835 -0.0018764
 0.0016429 -0.0013794
 0.0012523 -0.0013750
 0.0010500 -0.0012038
 0.0003489 -0.0011784
-0.0000720 -0.0015450
-0.0003522 -0.0018414
-0.0003664 -0.0021295
-0.0000981 -0.0025324
 0.0004219 -0.0025205
 0.0007760 -0.0023927
 0.0014234 -0.0023234
 0.0019278 -0.0015634
 0.0024370 -0.0009759
 0.0027364 -0.0004092
 0.0030688  0.0002905
 0.0032748  0.0007231
 0.0033034  0.0011741
 0.0031575  0.0014605
 0.0030145  0.0016041
 0.0028500  0.0017028
 0.0028777  0.0021364
 0.0025518  0.0021958
 0.0021485  0.0023232
 0.0022333  0.0026522
 0.0015423  0.0026943
 0.0012649  0.0028503
 0.0012548  0.0028481
 0.0009389  0.0028163
 0.0010360  0.0026796
 0.0010661  0.0028301
 0.0007126  0.0029306
 0.0004742  0.0030122
 0.0002852  0.0033409
-0.0001649  0.0035163
-0.0005013  0.0037733
-0.0008448  0.0038783
-0.0012447  0.0040595
-0.0011301  0.0041062
-0.0013879  0.0041497
-0.0014617  0.0040993
-0.0014698  0.0042198
-0.0015336  0.0043293
-0.0017147  0.0046192
-0.0016363  0.0048251
-0.0019728  0.0049942
-0.0025775  0.0050186
-0.0026653  0.0048297
-0.0029170  0.0047264
-0.0033559  0.0040846
-0.0032103  0.0036667
-0.0031498  0.0034974
-0.0032335  0.0030480
-0.0029612  0.0027709
-0.0026113  0.0024174
-0.0025764  0.0024822
-0.0026605  0.0024412
-0.0026660  0.0023142
-0.0026607  0.0023382
-0.0026782  0.0023071
-0.0026187  0.0021595
-0.0023409  0.0021365
-0.0023237  0.0016725
-0.0021154  0.0016009
-0.0020046  0.0015064
-0.0017800  0.0013231
-0.0018422  0.0012950
-0.0016534  0.0014594
-0.0016825  0.0015371
-0.0017873  0.0015001
-0.0018454  0.0017297
-0.0016928  0.0015260
-0.0016837  0.0012536
-0.0016207  0.0013592
-0.0017280  0.0008182
-0.0016799  0.0007467
-0.0015485  0.0008321
-0.0015695  0.0003665
-0.0014268  0.0001043
-0.0011304  0.0000990
-0.0011236 -0.0004723
-0.0009227 -0.0005888
-0.0005226 -0.0003133
-0.0006418 -0.0005073
-0.0007621 -0.0002475
-0.0009218  0.0002215
-0.0009622  0.0003275
-0.0013983  0.0007118
-0.0013462  0.0012022
-0.0014258  0.0012731
-0.0012249  0.0015028
-0.0009286  0.0017999
-0.0004459  0.0017535
 0.0002896  0.0020121
 0.0007288  0.0022707
 0.0009759  0.0026623
 0.0009414  0.0030970
 0.0011483  0.0034271
 0.0009470  0.0037198
 0.0008602  0.0040495
 0.0008236  0.0042722
 0.0006634  0.0045306
 0.0009733  0.0046723
 0.0010171  0.0045431
 0.0010975  0.0047056
 0.0014063  0.0048039
 0.0012818  0.0048885
 0.0010991  0.0049509
 0.0012204  0.0049273
 0.0009874  0.0051724
 0.0007296  0.0049960
 0.0008899  0.0047132
 0.0008138  0.0045832
 0.0004240  0.0042033
 0.0007232  0.0039281
 0.0007208  0.0037017
 0.0006273  0.0036266
 0.0006902  0.0037794
 0.0004633  0.0039260
 0.0000436  0.0039264
-0.0001482  0.0039966
-0.0003171  0.0036526
-0.0003549  0.0031944
-0.0004033  0.0027057
-0.0006514  0.0022361
-0.0006680  0.0015972
-0.0006034  0.0009264
-0.0007707  0.0006417
-0.0007309  0.0002326
-0.0004980 -0.0000456
-0.0002632 -0.0002453
-0.0002129 -0.0004269
 0.0000316 -0.0001019
-0.0001844 -0.0003789
-0.0003081 -0.0002481
-0.0006279 -0.0002406
-0.0008051 -0.0001862
-0.0006781  0.0002406
-0.0011333  0.0003015
-0.0013969  0.0003833
-0.0015398  0.0005990
-0.0020217  0.0001840
-0.0024341 -0.0001049
-0.0027481 -0.0004114
-0.0029807 -0.0010457
-0.0029635 -0.0015530
-0.0028467 -0.0018610
-0.0026949 -0.0023225
-0.0021916 -0.0023134
-0.0017687 -0.0022941
-0.0014536 -0.0023225
-0.0012409 -0.0022644
-0.0008890 -0.0020611
-0.0007643 -0.0022728
-0.0005479 -0.0021081
-0.0001643 -0.0020485
-0.0001462 -0.0018485
 0.0000957 -0.0019638
 0.0002501 -0.0017807
 0.0003791 -0.0018198
 0.0004441 -0.0016571
 0.0003287 -0.0013618
 0.0001767 -0.0011597
 0.0000971 -0.0004219
-0.0001565 -0.0002775
-0.0005338 -0.0002947
-0.0007193 -0.0002448
-0.0006933 -0.0005183
-0.0006537 -0.0012067
-0.0003636 -0.0018161
 0.0001447 -0.0022461
 0.0004076 -0.0027233
 0.0011963 -0.0028570
 0.0013598 -0.0026563
 0.0013727 -0.0024346
 0.0013806 -0.0019746
 0.0013049 -0.0017921
 0.0009593 -0.0012650
 0.0008604 -0.0008063
 0.0008396 -0.0005696
 0.0007307 -0.0005653
 0.0007085 -0.0007109
 0.0007717 -0.0006397
 0.0008829 -0.0008809
 0.0013193 -0.0008508
 0.0014138 -0.0011292
 0.0018062 -0.0009822
 0.0019982 -0.0008171
 0.0016857 -0.0006824
 0.0018285 -0.0002783
 0.0016958 -0.0000698
 0.0011504 -0.0001372
 0.0010823  0.0002100
 0.0008239  0.0003253
 0.0005859  0.0005975
 0.0001834  0.0010995
 0.0000139  0.0013218
 0.0000767  0.0013892
 0.0001929  0.0015053
 0.0003864  0.0016480
 0.0004302  0.0015344
 0.0006125  0.0013127
 0.0007657  0.0010622
 0.0007506  0.0007566
 0.0010651  0.0008793
 0.0006918  0.0005413
 0.0008358  0.0003722
 0.0004108  0.0004889
 0.0002679  0.0001051
-0.0001454  0.0000682
 0.0000706 -0.0001042
-0.0003216 -0.0000974
-0.0005130 -0.0003291
-0.0003991 -0.0002649
-0.0005318 -0.0002962
-0.0004940 -0.0001747
-0.0003610 -0.0000922
-0.0006474 -0.0001505
-0.0009125  0.0001416
-0.0010342  0.0003600
-0.0013158  0.0000927
-0.0015723 -0.0000650
-0.0020132 -0.0000495
-0.0020510 -0.0005584
-0.0022525 -0.0007342
-0.0021103 -0.0009377
-0.0019650 -0.0010920
-0.0019499 -0.0009499
-0.0019307 -0.0012026
-0.0020195 -0.0014144
-0.0020022 -0.0014313
-0.0020345 -0.0016431
-0.0020836 -0.0021115
-0.0018676 -0.0023400
-0.0020779 -0.0026000
-0.0020287 -0.0028578
-0.0017979 -0.0031452
-0.0017032 -0.0035411
-0.0014249 -0.0037656
-0.0010145 -0.0037677
-0.0007274 -0.0039928
-0.0004129 -0.0038686
-0.0000998 -0.0035545
-0.0001668 -0.0032414
-0.0003629 -0.0030795
-0.0003770 -0.0027778
-0.0005048 -0.0029683
-0.0004441 -0.0027576
-0.0004227 -0.0027077
-0.0004183 -0.0029160
-0.0002687 -0.0028897
-0.0002108 -0.0028015
-0.0003894 -0.0031160
-0.0000249 -0.0033613
 0.0002729 -0.0035981
 0.0005150 -0.0036897
 0.0007522 -0.0035790
 0.0009654 -0.0034472
 0.0011507 -0.0029631
 0.0011600 -0.0022712
 0.0010679 -0.0020294
 0.0009196 -0.0018198
 0.0008934 -0.0017229
 0.0007369 -0.0014829
 0.0007245 -0.0016720
 0.0007665 -0.0017665
 0.0007065 -0.0018525
 0.0008828 -0.0016775
 0.0008638 -0.0014481
 0.0005980 -0.0015281
 0.0002326 -0.0016609
 0.0001524 -0.0019428
-0.0000410 -0.0022510
-0.0001304 -0.0023211
-0.0000164 -0.0022347
-0.0003444 -0.0022961
-0.0004337 -0.0019212
-0.0004724 -0.0016826
-0.0004411 -0.0013929
-0.0003174 -0.0010842
-0.0000208 -0.0010826
 0.0000771 -0.0009704
 0.0004299 -0.0007376
 0.0006492 -0.0002899
 0.0007075  0.0000043
 0.0005646 -0.0000325
 0.0004772  0.0003670
 0.0001814  0.0004860
 0.0002590  0.0007321
-0.0002805  0.0011970
-0.0005574  0.0014366
-0.0007113  0.0018303
-0.0011041  0.0019292
-0.0017991  0.0021907
-0.0022665  0.0021824
-0.0026282  0.0023160
-0.0030184  0.0023160
-0.0032279  0.0023655
-0.0034344  0.0025357
-0.0034809  0.0026322
-0.0031841  0.0029475
-0.0030293  0.0029079
-0.0024886  0.0028048
-0.0020677  0.0029182
-0.0018259  0.0030413
-0.0014492  0.0029624
-0.0011506  0.0028923
-0.0010504  0.0030443
-0.0009269  0.0031124
-0.0012440  0.0032357
-0.0014818  0.0029196
-0.0017152  0.0026713
-0.0020526  0.0021722
-0.0021493  0.0015610
-0.0022189  0.0010720
-0.0022024  0.0005046
-0.0019442  0.0000839
-0.0015199  0.0001729
-0.0010037  0.0000887
-0.0005469  0.0002828
-0.0001478  0.0002563
 0.0002230  0.0005073
 0.0001820  0.0007404
 0.0005632  0.0005890
 0.0005908  0.0003958
 0.0005611 -0.0001236
 0.0009132 -0.0005974
 0.0011532 -0.0010975
 0.0011817 -0.0015216
 0.0013700 -0.0018406
 0.0014364 -0.0021204
 0.0012170 -0.0021424
 0.0012422 -0.0023176
 0.0009907 -0.0020990
 0.0010647 -0.0019926
 0.0011160 -0.0017903
 0.0008477 -0.0014532
 0.0010564 -0.0009320
 0.0008737 -0.0002276
 0.0007879 -0.0000441
 0.0007209  0.0003683
 0.0006609  0.0007551
 0.0004221  0.0008791
 0.0002073  0.0012148
 0.0002202  0.0013747
 0.0001263  0.0013281
 0.0005083  0.0014472
 0.0007487  0.0014329
 0.0009906  0.0014634
 0.0012700  0.0015836
 0.0017397  0.0016912
 0.0017735  0.0019157
 0.0019840  0.0019056
 0.0016709  0.0022050
 0.0015036  0.0021932
 0.0011041  0.0022132
 0.0008558  0.0022130
 0.0003820  0.0022716
 0.0003257  0.0021983
 0.0000409  0.0022342
 0.0000134  0.0021101
 0.0001574  0.0021955
 0.0002198  0.0020200
 0.0002626  0.0022952
 0.0003224  0.0025410
 0.0002414  0.0024213
-0.0000890  0.0025799
-0.0004503  0.0027699
-0.0006976  0.0028351
-0.0007218  0.0027188
-0.0008553  0.0028609
-0.0009118  0.0025987
-0.0010489  0.0026350
-0.0009241  0.0023148
-0.0008476  0.0017488
-0.0007051  0.0016495
-0.0005704  0.0012954
-0.0006822  0.0012193
-0.0005130  0.0012796
-0.0005564  0.0013283
-0.0010488  0.0015279
-0.0011931  0.0017662
-0.0014329  0.0014559
-0.0016078  0.0011357
-0.0015664  0.0010866
-0.0014134  0.0008908
-0.0014934  0.0010335
-0.0012788  0.0012703
-0.0012120  0.0012680
-0.0010690  0.0012876
-0.0009326  0.0011931
-0.0007606  0.0012230
-0.0007594  0.0009976
-0.0003432  0.0012901
-0.0006890  0.0011853
-0.0006212  0.0012445
-0.0007211  0.0014825
-0.0009405  0.0013111
-0.0011115  0.0013571
-0.0014612  0.0014728
-0.0017817  0.0011526
-0.0018857  0.0011237
-0.0019551  0.0011494
-0.0022109  0.0010218
-0.0022517  0.0008005
-0.0023238  0.0010958
-0.0026785  0.0007294
-0.0026444  0.0002603
-0.0023319  0.0001359
-0.0025342 -0.0000373
-0.0022782 -0.0002169
-0.0022118 -0.0007446
-0.0022693 -0.0009376
-0.0019940 -0.0013488
-0.0013763 -0.0016848
-0.0009845 -0.0019411
-0.0003892 -0.0019813
-0.0001706 -0.0020856
 0.0000206 -0.0020480
 0.0001015 -0.0016138
 0.0000951 -0.0015233
-0.0000943 -0.0012902
-0.0001732 -0.0011611
-0.0003388 -0.0010085
-0.0004355 -0.0009988
-0.0002183 -0.0006322
-0.0004199 -0.0007000
-0.0005362 -0.0006056
-0.0006057 -0.0004774
-0.0005273 -0.0007729
-0.0006884 -0.0009831
-0.0001700 -0.0012322
 0.0001599 -0.0014122
 0.0005737 -0.0014399
 0.0011035 -0.0010821
 0.0013001 -0.0011001
 0.0016334 -0.0008494
 0.0017439 -0.0006574
 0.0018648 -0.0007662
 0.0020231 -0.0006736
 0.0019854 -0.0007049
 0.0019014 -0.0005216
 0.0020181 -0.0002364
 0.0019507 -0.0000305
 0.0017799  0.0000234
 0.0017876  0.0002816
 0.0017605  0.0001695
 0.0017722  0.0000242
 0.0020113  0.0003776
 0.0017943 -0.0000166
 0.0019528  0.0002038
 0.0020109  0.0004459
 0.0018145  0.0004755
 0.0014360  0.0008872
 0.0008710  0.0011660
 0.0003461  0.0011080
-0.0003338  0.0012425
-0.0004682  0.0014534
-0.0009071  0.0014744
-0.0007438  0.0014383
-0.0007514  0.0015647
-0.0007585  0.0016430
-0.0006125  0.0018958
-0.0003709  0.0021742
-0.0008980  0.0019232
-0.0014554  0.0020831
-0.0015729  0.0019307
-0.0021292  0.0015921
-0.0023356  0.0013390
-0.0027151  0.0014159
-0.0029925  0.0013062
-0.0032101  0.0013228
-0.0031068  0.0011586
-0.0032340  0.0010008
-0.0028906  0.0007876
-0.0024427  0.0004956
-0.0022034  0.0001107
-0.0015730 -0.0000672
-0.0010086 -0.0003963
-0.0006634 -0.0004472
-0.0000131 -0.0002067
 0.0002257 -0.0000800
 0.0001106  0.0002205
 0.0002947  0.0005011
 0.0004805  0.0007799
 0.0001179  0.0011888
 0.0003460  0.0012266
 0.0003056  0.0010491
 0.0002267  0.0011151
 0.0003825  0.0010097
 0.0006647  0.0007142
 0.0007442  0.0004209
 0.0012561  0.0003573
 0.0013671 -0.0001566
 0.0014400 -0.0000379
 0.0014155 -0.0004083
 0.0012714 -0.0007620
 0.0009825 -0.0009866
 0.0007453 -0.0013100
 0.0003664 -0.0014883
 0.0000909 -0.0014455
-0.0000809 -0.0013494
-0.0003460 -0.0013088
-0.0002408 -0.0009337
-0.0005751 -0.0007145
-0.0005850 -0.0005311
-0.0008805 -0.0003852
-0.0010246 -0.0000085
-0.0014239  0.0000975
-0.0016341  0.0000755
-0.0013741 -0.0000474
-0.0012945 -0.0000254
-0.0007749  0.0001505
-0.0004448  0.0004503
-0.0002782  0.0006748
 0.0001122  0.0012241
 0.0005660  0.0015231
 0.0011799  0.0018429
 0.0014286  0.0024360
 0.0017052  0.0026582
 0.0017627  0.0024767
 0.0017805  0.0023905
 0.0019149  0.0022085
 0.0016967  0.0016761
 0.0019486  0.0014771
 0.0018255  0.0012094
 0.0016013  0.0012403
 0.0015690  0.0012995
 0.0010946  0.0013368
 0.0004426  0.0011057
 0.0000487  0.0010003
-0.0003330  0.0007710
-0.0008046  0.0007437
-0.0009201  0.0005923
-0.0013301  0.0003913
-0.0014625  0.0006408
-0.0015033  0.0004946
-0.0017603  0.0002616
-0.0017314  0.0001346
-0.0017477 -0.0000335
-0.0016985 -0.0005748
-0.0014950 -0.0005881
-0.0012063 -0.0007557
-0.0011039 -0.0008934
-0.0010082 -0.0004968
-0.0008851 -0.0001962
-0.0009707  0.0001924
-0.0009899  0.0006456
-0.0011760  0.0008232
-0.0015783  0.0010299
-0.0012812  0.0011241
-0.0013735  0.0008805
-0.0011526  0.0008782
-0.0010240  0.0010973
-0.0007513  0.0010593
-0.0006870  0.0013874
-0.0004786  0.0015408
-0.0003353  0.0017511
-0.0001720  0.0017826
 0.0000646  0.0018670
 0.0003722  0.0016561
 0.0006819  0.0017146
 0.0011977  0.0016373
 0.0012552  0.0014556
 0.0015165  0.0013666
 0.0017662  0.0015658
 0.0014315  0.0014257
 0.0013849  0.0012767
 0.0014051  0.0010911
 0.0012520  0.0003311
 0.0012193 -0.0001863
 0.0014454 -0.0007254
 0.0015857 -0.0014083
 0.0018673 -0.0019158
 0.0022361 -0.0024512
 0.0022534 -0.0027782
 0.0025053 -0.0028143
 0.0024720 -0.0027822
 0.0023757 -0.0030668
 0.0026121 -0.0028799
 0.0027170 -0.0029346
 0.0030653 -0.0030413
 0.0034833 -0.0027880
 0.0036755 -0.0025267
 0.0036277 -0.0023210
 0.0036759 -0.0019247
 0.0033372 -0.0021334
 0.0030336 -0.0019109
 0.0027482 -0.0018595
 0.0024064 -0.0020440
 0.0022338 -0.0021685
 0.0020788 -0.0019947
 0.0018957 -0.0019364
 0.0014600 -0.0017704
 0.0011120 -0.0016331
 0.0007092 -0.0014173
 0.0004617 -0.0012374
 0.0001929 -0.0011568
 0.0002752 -0.0012230
 0.0003072 -0.0010653
 0.0004238 -0.0009674
 0.0004489 -0.0011140
 0.0004394 -0.0008831
 0.0003571 -0.0005399
 0.0000537 -0.0009127
 0.0002013 -0.0008381
 0.0001187 -0.0009463
 0.0000766 -0.0011649
 0.0001060 -0.0012818
 0.0002946 -0.0010539
 0.0003649 -0.0010951
 0.0003300 -0.0004852
 0.0004265 -0.0003716
 0.0000393 -0.0005561
 0.0000954 -0.0002905
-0.0000856 -0.0007917
-0.0001916 -0.0013269
-0.0000368 -0.0016931
-0.0003069 -0.0021330
-0.0001613 -0.0024856
-0.0001989 -0.0026380
-0.0001090 -0.0026958
-0.0000501 -0.0024729
-0.0001361 -0.0024943
-0.0002814 -0.0021753
-0.0001696 -0.0018759
-0.0002683 -0.0015685
-0.0005550 -0.0019038
-0.0006148 -0.0018493
-0.0006863 -0.0016793
-0.0007246 -0.0017207
-0.0006715 -0.0020599
-0.0006748 -0.0021548
-0.0008573 -0.0025030
-0.0005908 -0.0028109
-0.0006296 -0.0030491
-0.0009544 -0.0034339
-0.0008333 -0.0033687
-0.0008216 -0.0034860
-0.0009940 -0.0036499
-0.0010168 -0.0033998
-0.0011561 -0.0035466
-0.0014173 -0.0037573
-0.0013321 -0.0037450
-0.0014451 -0.0042614
-0.0014544 -0.0044336
-0.0012449 -0.0045192
-0.0010515 -0.0048395
-0.0005252 -0.0046772
-0.0001473 -0.0044483
 0.0000693 -0.0041837
 0.0003991 -0.0036752
 0.0007755 -0.0030536
 0.0006665 -0.0027326
 0.0006711 -0.0019723
 0.0006937 -0.0020363
 0.0006097 -0.0022810
 0.0003404 -0.0020201
 0.0002720 -0.0021255
 0.0002145 -0.0023010
 0.0003093 -0.0022315
 0.0001945 -0.0022709
 0.0003449 -0.0022327
 0.0006026 -0.0023264
 0.0007633 -0.0021134
 0.0012038 -0.0021410
 0.0016320 -0.0017651
 0.0019293 -0.0016032
 0.0019598 -0.0015146
 0.0023062 -0.0013255
 0.0024883 -0.0009256
 0.0022501 -0.0010911
 0.0023046 -0.0006238
 0.0019689 -0.0004623
 0.0019396 -0.0003941
 0.0021972 -0.0003914
 0.0022428 -0.0002650
 0.0023195 -0.0001657
 0.0027124 -0.0000548
 0.0026849  0.0000719
 0.0028117  0.0003217
 0.0027909  0.0007813
 0.0026496  0.0011635
 0.0022095  0.0018938
 0.0017941  0.0025548
 0.0012395  0.0030367
 0.0006939  0.0036043
 0.0001193  0.0038926
-0.0003565  0.0037412
-0.0003052  0.0037893
-0.0003796  0.0037291
-0.0006144  0.0034664
-0.0006582  0.0031957
-0.0005477  0.0032438
-0.0011586  0.0033653
-0.0012762  0.0033576
-0.0017333  0.0035407
-0.0024685  0.0033110
-0.0027483  0.0033526
-0.0030335  0.0029016
-0.0030789  0.0025562
-0.0032358  0.0024411
-0.0031187  0.0019588
-0.0031260  0.0015761
-0.0029065  0.0012404
-0.0027045  0.0011156
-0.0026742  0.0010159
-0.0024208  0.0009891
-0.0023505  0.0006092
-0.0022776  0.0003494
-0.0019859  0.0002024
-0.0020202 -0.0001772
-0.0022194 -0.0004158
-0.0020676 -0.0008551
-0.0025186 -0.0013578
-0.0028313 -0.0020170
-0.0030518 -0.0025104
-0.0031628 -0.0028950
-0.0031090 -0.0033655
-0.0028563 -0.0034424
-0.0024620 -0.0036728
-0.0023223 -0.0034019
-0.0018245 -0.0031881
-0.0018223 -0.0030809
-0.0016016 -0.0027738
-0.0019246 -0.0024276
-0.0020336 -0.0020751
-0.0021188 -0.0017810
-0.0021652 -0.0016496
-0.0024125 -0.0012705
-0.0023842 -0.0012362
-0.0024638 -0.0008880
-0.0024180 -0.0007380
-0.0024034 -0.0005745
-0.0024253 -0.0006339
-0.0025276 -0.0011129
-0.0025246 -0.0010552
-0.0023383 -0.0013703
-0.0021448 -0.0020211
-0.0016508 -0.0020391
-0.0013103 -0.0019616
-0.0007955 -0.0019866
-0.0004221 -0.0018095
-0.0003245 -0.0014290
-0.0000996 -0.0011441
-0.0000879 -0.0012056
 0.0000240 -0.0012589
 0.0002380 -0.0012482
 0.0007176 -0.0015243
 0.0010146 -0.0013324
 0.0019246 -0.0015062
 0.0022492 -0.0009960
 0.0025443 -0.0008529
 0.0027266 -0.0005446
 0.0026019 -0.0003297
 0.0020580 -0.0003142
 0.0016406  0.0000012
 0.0010120  0.0000163
 0.0006220 -0.0001848
 0.0002715 -0.0003442
-0.0000696 -0.0004474
-0.0002660 -0.0006046
-0.0005551 -0.0009726
-0.0007293 -0.0013999
-0.0007646 -0.0017409
-0.0010410 -0.0021983
-0.0009736 -0.0025801
-0.0009027 -0.0029545
-0.0006330 -0.0031659
-0.0006437 -0.0033104
-0.0006623 -0.0031475
-0.0011048 -0.0030018
-0.0010860 -0.0029995
-0.0010107 -0.0027563
-0.0009734 -0.0025360
-0.0011328 -0.0025078
-0.0008458 -0.0024605
-0.0005367 -0.0022355
-0.0003621 -0.0024957
-0.0001283 -0.0024020
-0.0000285 -0.0025480
-0.0000552 -0.0027016
-0.0000392 -0.0027967
 0.0001474 -0.0024723
 0.0002178 -0.0024168
 0.0004781 -0.0020986
 0.0009878 -0.0018705
 0.0009670 -0.0015469
 0.0010060 -0.0013446
 0.0012062 -0.0012351
 0.0010996 -0.0015124
 0.0010380 -0.0015912
 0.0009615 -0.0020365
 0.0005945 -0.0027136
 0.0006589 -0.0031087
 0.0002818 -0.0035995
 0.0000997 -0.0040997
 0.0000195 -0.0042152
-0.0001906 -0.0042727
-0.0004785 -0.0041938
-0.0007484 -0.0041461
-0.0010752 -0.0040717
-0.0012176 -0.0039861
-0.0010280 -0.0040590
-0.0010464 -0.0038698
-0.0006346 -0.0038065
-0.0003312 -0.0039056
-0.0003138 -0.0038479
-0.0000027 -0.0036948
 0.0002231 -0.0036238
 0.0002867 -0.0035759
 0.0006462 -0.0033615
 0.0007395 -0.0032543
 0.0007461 -0.0029533
 0.0008056 -0.0029049
 0.0008226 -0.0028267
 0.0004099 -0.0025279
 0.0001172 -0.0024016
 0.0000774 -0.0023063
-0.0000211 -0.0019262
 0.0000732 -0.0016781
 0.0000485 -0.0011363
 0.0002271 -0.0008306
 0.0002631 -0.0004463
 0.0006353 -0.0004341
 0.0008204 -0.0004743
 0.0010132 -0.0005088
 0.0012531 -0.0001684
 0.0012371 -0.0000658
 0.0011211  0.0002770
 0.0005568  0.0005322
 0.0001666  0.0008825
-0.0003568  0.0011815
-0.0008054  0.0017889
-0.0015985  0.0021945
-0.0020959  0.0024152
-0.0026400  0.0026197
-0.0028275  0.0026031
-0.0030350  0.0024826
-0.0030101  0.0021881
-0.0028974  0.0019047
-0.0027442  0.0016540
-0.0021036  0.0014834
-0.0017574  0.0013885
-0.0014946  0.0014713
-0.0015598  0.0014793
-0.0014711  0.0015082
-0.0017412  0.0015431
-0.0019506  0.0016662
-0.0023818  0.0016073
-0.0025972  0.0014603
-0.0028631  0.0012017
-0.0029311  0.0010873
-0.0030829  0.0011222
-0.0031588  0.0009605
-0.0031107  0.0007412
-0.0030060  0.0006346
-0.0031489  0.0002826
-0.0032835  0.0000036
-0.0032533 -0.0002550
-0.0034909 -0.0008994
-0.0035874 -0.0007577
-0.0036342 -0.0008257
-0.0040454 -0.0010789
-0.0038173 -0.0011546
-0.0037024 -0.0015190
-0.0037591 -0.0015180
-0.0033851 -0.0020549
-0.0030518 -0.0022284
-0.0027017 -0.0026902
-0.0026458 -0.0027185
-0.0025376 -0.0029733
-0.0024588 -0.0029866
-0.0024401 -0.0029532
-0.0023046 -0.0032950
-0.0024145 -0.0032998
-0.0022273 -0.0031967
-0.0023852 -0.0034004
-0.0025603 -0.0032595
-0.0028241 -0.0033653
-0.0031897 -0.0033770
-0.0031984 -0.0032611
-0.0032172 -0.0033384
-0.0031560 -0.0036186
-0.0030135 -0.0036570
-0.0027627 -0.0033998
-0.0027058 -0.0033035
-0.0026313 -0.0031909
-0.0026273 -0.0031459
-0.0024006 -0.0030974
-0.0023464 -0.0028594
-0.0020248 -0.0029376
-0.0019408 -0.0028704
-0.0018760 -0.0028699
-0.0016550 -0.0027468
-0.0014341 -0.0026394
-0.0014751 -0.0026412
-0.0015999 -0.0028627
-0.0016142 -0.0028974
-0.0016441 -0.0029834
-0.0019029 -0.0033173
-0.0016098 -0.0033233
-0.0016034 -0.0031495
-0.0014302 -0.0032153
-0.0011350 -0.0027619
-0.0012911 -0.0027300
-0.0010000 -0.0029712
-0.0009536 -0.0029746
-0.0008591 -0.0033370
-0.0004081 -0.0037659
-0.0001136 -0.0039345
 0.0005760 -0.0038184
 0.0010540 -0.0037841
 0.0015236 -0.0034138
 0.0017896 -0.0029420
 0.0019202 -0.0023378
 0.0018984 -0.0018303
 0.0018001 -0.0013226
 0.0015368 -0.0006143
 0.0012613 -0.0004503
 0.0006181 -0.0004130
 0.0004940 -0.0002495
 0.0002576 -0.0006076
 0.0000208 -0.0008404
 0.0000049 -0.0011979
-0.0000855 -0.0014878
-0.0003314 -0.0019871
-0.0003845 -0.0020240
-0.0003536 -0.0022321
-0.0006170 -0.0020008
-0.0007859 -0.0018750
-0.0007704 -0.0016703
-0.0011041 -0.0013612
-0.0015310 -0.0011722
-0.0018931 -0.0009407
-0.0019452 -0.0009227
-0.0022137 -0.0009114
-0.0021828 -0.0009219
-0.0022478 -0.0008343
-0.0023414 -0.0006031
-0.0023093 -0.0005087
-0.0020658 -0.0004342
-0.0019875 -0.0004845
-0.0017071 -0.0005461
-0.0013968 -0.0003192
-0.0011491 -0.0001278
-0.0010627  0.0000999
-0.0013235 -0.0000152
-0.0016797  0.0001290
-0.0018523  0.0001728
-0.0018799  0.0000866
-0.0022076  0.0000201
-0.0021028  0.0001037
-0.0021141 -0.0000011
-0.0019762 -0.0000582
-0.0022179 -0.0002601
-0.0020469 -0.0002213
-0.0021238 -0.0006347
-0.0018757 -0.0010379
-0.0017544 -0.0012765
-0.0013809 -0.0015638
-0.0012192 -0.0017860
-0.0009980 -0.0017101
-0.0007957 -0.0020580
-0.0004291 -0.0020626
-0.0000425 -0.0019859
 0.0003593 -0.0020386
 0.0007244 -0.0019603
 0.0010773 -0.0020651
 0.0013351 -0.0022260
 0.0013829 -0.0025211
 0.0016722 -0.0028647
 0.0017207 -0.0032942
 0.0017954 -0.0040896
 0.0020820 -0.0045027
 0.0023759 -0.0044431
 0.0027207 -0.0043363
 0.0029868 -0.0043329
 0.0033867 -0.0037468
 0.0032581 -0.0032970
 0.0033753 -0.0029304
 0.0035499 -0.0021429
 0.0037088 -0.0017379
 0.0039041 -0.0011886
 0.0039836 -0.0006369
 0.0039633 -0.0002575
 0.0039992  0.0001377
 0.0033671  0.0003194
 0.0027865  0.0004710
 0.0022405  0.0001216
 0.0016754 -0.0000143
 0.0009584 -0.0001573
 0.0008330 -0.0000249
 0.0002829  0.0000664
 0.0002906  0.0001909
 0.0001165  0.0004118
 0.0001373  0.0008941
-0.0000082  0.0012613
-0.0001237  0.0014272
-0.0001637  0.0018151
-0.0002468  0.0021805
-0.0001967  0.0022963
-0.0001023  0.0026343
 0.0000431  0.0027195
 0.0000540  0.0029298
 0.0003148  0.0031585
 0.0003160  0.0028321
 0.0002801  0.0029076
 0.0001487  0.0028218
-0.0000887  0.0026603
-0.0001882  0.0026296
-0.0005931  0.0025527
-0.0009720  0.0023300
-0.0014987  0.0022436
-0.0015359  0.0022537
-0.0017537  0.0022707
-0.0020783  0.0027402
-0.0022047  0.0030166
-0.0027891  0.0029956
-0.0032405  0.0031540
-0.0031648  0.0032988
-0.0033765  0.0033355
-0.0033440  0.0032017
-0.0032019  0.0030188
-0.0030677  0.0026992
-0.0027402  0.0023255
-0.0025028  0.0019882
-0.0024075  0.0015909
-0.0020244  0.0011956
-0.0016326  0.0007174
-0.0014381  0.0004761
-0.0009494  0.0002930
-0.0004054 -0.0003312
 0.0002996 -0.0003011
 0.0007722 -0.0003098
 0.0010037 -0.0006677
 0.0014943 -0.0006764
 0.0018108 -0.0011668
 0.0018668 -0.0011302
 0.0017301 -0.0011490
 0.0015559 -0.0010612
 0.0011622 -0.0012616
 0.0006446 -0.0008664
 0.0000731 -0.0011044
-0.0002373 -0.0014857
-0.0003294 -0.0016970
-0.0002090 -0.0021169
-0.0001305 -0.0023487
 0.0004588 -0.0022744
 0.0006986 -0.0022215
 0.0011872 -0.0019769
 0.0012239 -0.0014627
 0.0014318 -0.0012369
 0.0013028 -0.0010778
 0.0015850 -0.0009654
 0.0016927 -0.0014246
 0.0018277 -0.0017870
 0.0020514 -0.0021758
 0.0021707 -0.0024396
 0.0022064 -0.0025748
 0.0024638 -0.0027783
 0.0024248 -0.0027607
 0.0026812 -0.0026603
 0.0027678 -0.0027322
 0.0031784 -0.0026528
 0.0036554 -0.0023813
 0.0039804 -0.0022557
 0.0040454 -0.0018521
 0.0043526 -0.0013335
 0.0044659 -0.0010432
 0.0043335 -0.0006788
 0.0041621 -0.0001728
 0.0043549  0.0000000
 0.0041080  0.0000360
 0.0041175  0.0002172
 0.0044163  0.0000467
 0.0043721  0.0002019
 0.0044343  0.0004038
 0.0046107  0.0006939
 0.0040912  0.0011938
 0.0039305  0.0015365
 0.0035708  0.0019172
 0.0027948  0.0021314
 0.0023411  0.0021956
 0.0018229  0.0018978
 0.0014357  0.0014937
 0.0010410  0.0014295
 0.0009704  0.0012609
 0.0006048  0.0012438
 0.0005949  0.0016391
 0.0005611  0.0017287
 0.0007348  0.0021147
 0.0009600  0.0019631
 0.0011011  0.0021684
 0.0014998  0.0023633
 0.0015846  0.0024737
 0.0016229  0.0027069
 0.0017301  0.0029407
 0.0012543  0.0028143
 0.0007802  0.0026388
 0.0006036  0.0021852
 0.0002735  0.0021242
-0.0001244  0.0018515
 0.0002156  0.0015692
 0.0001212  0.0014035
 0.0000850  0.0010544
 0.0000071  0.0011592
-0.0001344  0.0006493
-0.0001402  0.0005047
-0.0001976  0.0005515
-0.0000843  0.0003858
-0.0001654  0.0000512
 0.0001445  0.0002468
 0.0005680  0.0001263
 0.0005129  0.0000627
 0.0007152  0.0001058
 0.0006752 -0.0001828
 0.0006934 -0.0001732
 0.0006932 -0.0004871
 0.0005654 -0.0004935
 0.0006996 -0.0005589
 0.0003796 -0.0005662
 0.0002642 -0.0005490
 0.0001935 -0.0005191
 0.0000542 -0.0003962
-0.0004671 -0.0004356
-0.0006080 -0.0005861
-0.0008832 -0.0007113
-0.0006864 -0.0014393
-0.0008368 -0.0018973
-0.0003453 -0.0025572
 0.0001767 -0.0030637
 0.0007769 -0.0033298
 0.0015319 -0.0034993
 0.0017686 -0.0033453
 0.0022378 -0.0030786
 0.0026135 -0.0028961
 0.0026403 -0.0025816
 0.0031303 -0.0022871
 0.0031392 -0.0017952
 0.0037224 -0.0014734
 0.0036707 -0.0011722
 0.0038223 -0.0006268
 0.0036559 -0.0005480
 0.0036625 -0.0003453
 0.0035473 -0.0006964
 0.0034891 -0.0009978
 0.0037417 -0.0014748
 0.0042440 -0.0016241
 0.0043146 -0.0019774
 0.0045876 -0.0016619
 0.0047245 -0.0012874
 0.0045705 -0.0010686
 0.0041950 -0.0007062
 0.0041653 -0.0006658
 0.0037161 -0.0007222
 0.0035211 -0.0007979
 0.0031452 -0.0010248
 0.0031636 -0.0012983
 0.0028937 -0.0015126
 0.0028577 -0.0017292
 0.0023874 -0.0016083
 0.0022133 -0.0015071
 0.0019949 -0.0014841
 0.0015550 -0.0011802
 0.0011554 -0.0010431
 0.0007199 -0.0007555
 0.0008397 -0.0007163
 0.0008540 -0.0001620
 0.0008861  0.0000859
 0.0008914  0.0006112
 0.0011315  0.0006750
 0.0011823  0.0007614
 0.0013471  0.0011718
 0.0015887  0.0012487
 0.0014200  0.0014689
 0.0015478  0.0019117
 0.0013998  0.0022920
 0.0009743  0.0026458
 0.0008641  0.0029983
 0.0005226  0.0029337
-0.0000596  0.0026074
-0.0001541  0.0022875
-0.0008243  0.0015615
-0.0012945  0.0007897
-0.0014875  0.0006276
-0.0016296 -0.0001205
-0.0018597 -0.0002282
-0.0016401 -0.0002193
-0.0014000 -0.0004878
-0.0014097 -0.0004857
-0.0006667 -0.0005897
-0.0005508 -0.0006755
-0.0005502 -0.0006838
-0.0002134 -0.0005592
-0.0000374 -0.0006480
-0.0002187 -0.0001640
 0.0000878  0.0003599
-0.0003346  0.0003728
-0.0004529  0.0008370
-0.0006021  0.0010996
-0.0007668  0.0012107
-0.0010594  0.0013877
-0.0012179  0.0015092
-0.0013406  0.0011434
-0.0014581  0.0009900
-0.0013636  0.0006363
-0.0014494  0.0001193
-0.0013630  0.0000789
-0.0009906 -0.0002088
-0.0008646 -0.0005647
-0.0006872 -0.0003889
-0.0004669 -0.0004686
-0.0001712 -0.0000871
 0.0002663  0.0002258
 0.0008014  0.0004264
 0.0011070  0.0003846
 0.0015651  0.0008263
 0.0019093  0.0008936
 0.0021176  0.0009321
 0.0023441  0.0013145
 0.0026322  0.0016347
 0.0025833  0.0019736
 0.0024293  0.0024832
 0.0022791  0.0024600
 0.0020201  0.0026972
 0.0015608  0.0030277
 0.0013695  0.0026807
 0.0012427  0.0027649
 0.0009804  0.0027615
 0.0011060  0.0023469
 0.0012247  0.0022478
 0.0015472  0.0021366
 0.0018403  0.0017957
 0.0018631  0.0019433
 0.0021582  0.0020743
 0.0025404  0.0020990
 0.0022901  0.0023059
 0.0024191  0.0025318
 0.0022891  0.0027662
 0.0019770  0.0031938
 0.0018014  0.0032629
 0.0011835  0.0031226
 0.0008690  0.0033079
 0.0007673  0.0029951
 0.0000319  0.0027203
-0.0000556  0.0023971
-0.0002092  0.0020550
-0.0004278  0.0016248
-0.0005833  0.0013672
-0.0005798  0.0011464
-0.0005299  0.0012959
-0.0003194  0.0018133
-0.0000969  0.0018573
 0.0000783  0.0021995
 0.0003038  0.0028689
 0.0003805  0.0030227
 0.0005527  0.0036146
 0.0008111  0.0039870
 0.0008129  0.0044039
 0.0005909  0.0048419
 0.0004514  0.0050559
 0.0001668  0.0048503
-0.0001278  0.0047108
-0.0002472  0.0042364
-0.0003690  0.0039154
-0.0008256  0.0036051
-0.0008982  0.0031049
-0.0012357  0.0026145
-0.0018086  0.0023704
-0.0019594  0.0018029
-0.0023611  0.0014747
-0.0025634  0.0010598
-0.0025937  0.0005410
-0.0025828  0.0002810
-0.0023924  0.0002232
-0.0023939  0.0002331
-0.0023561  0.0001475
-0.0022814  0.0002105
-0.0020911  0.0001895
-0.0021653  0.0001089
-0.0020983 -0.0000102
-0.0022051 -0.0004537
-0.0021062 -0.0002965
-0.0020553 -0.0006839
-0.0019520 -0.0007055
-0.0019132 -0.0009670
-0.0019536 -0.0011131
-0.0018884 -0.0010677
-0.0015842 -0.0012892
-0.0012656 -0.0010716
-0.0006138 -0.0010027
-0.0004609 -0.0009379
-0.0000289 -0.0009379
 0.0002386 -0.0009579
 0.0007321 -0.0005504
 0.0013533 -0.0003984
 0.0014564 -0.0004983
 0.0019112 -0.0004892
 0.0021659 -0.0003921
 0.0021462 -0.0006241
 0.0023280 -0.0003645
 0.0027663 -0.0004969
 0.0030338 -0.0005938
 0.0035493 -0.0005637
 0.0040449 -0.0006961
 0.0044612 -0.0008601
 0.0048144 -0.0009580
 0.0050191 -0.0011370
 0.0049387 -0.0013484
 0.0047621 -0.0013472
 0.0047699 -0.0016982
 0.0042507 -0.0015599
 0.0044489 -0.0012857
 0.0047574 -0.0010965
 0.0046670 -0.0004862
 0.0051537  0.0001870
 0.0053006  0.0006483
 0.0055875  0.0013125
 0.0059993  0.0020699
 0.0061325  0.0024091
 0.0060076  0.0030896
 0.0063514  0.0035622
 0.0059727  0.0035749
 0.0057524  0.0040562
 0.0055056  0.0042506
 0.0051176  0.0041281
 0.0048010  0.0041899
 0.0044373  0.0040470
 0.0042566  0.0040629
 0.0041149  0.0039394
 0.0038569  0.0039451
 0.0035981  0.0038153
 0.0030710  0.0038854
 0.0027260  0.0037772
 0.0021894  0.0035802
 0.0014641  0.0035487
 0.0011109  0.0031331
 0.0006460  0.0029936
 0.0004273  0.0030346
 0.0003959  0.0028828
 0.0001906  0.0028435
-0.0002664  0.0030009
-0.0006451  0.0030265
-0.0007775  0.0031196
-0.0012453  0.0031282
-0.0013973  0.0027523
-0.0019433  0.0024364
-0.0022116  0.0021388
-0.0022584  0.0014004
-0.0024466  0.0009859
-0.0022804  0.0004879
-0.0019200 -0.0004639
-0.0016007 -0.0012712
-0.0009742 -0.0020711
-0.0006349 -0.0028806
-0.0001956 -0.0031453
 0.0001187 -0.0031508
 0.0002457 -0.0032544
 0.0005303 -0.0029522
 0.0005356 -0.0024843
 0.0003026 -0.0020135
 0.0000203 -0.0012462
 0.0000214 -0.0008507
-0.0004973 -0.0004001
-0.0008009 -0.0004211
-0.0009343 -0.0007681
-0.0014214 -0.0010807
-0.0014265 -0.0013046
-0.0015024 -0.0017315
-0.0016762 -0.0018004
-0.0017370 -0.0016771
-0.0019090 -0.0017538
-0.0025641 -0.0017158
-0.0026826 -0.0013535
-0.0025288 -0.0008538
-0.0024545 -0.0008827
-0.0021795 -0.0006542
-0.0017819 -0.0005970
-0.0014504 -0.0003877
-0.0008347 -0.0004146
-0.0009642 -0.0005300
-0.0010664 -0.0009418
-0.0009566 -0.0011052
-0.0009459 -0.0017374
-0.0012275 -0.0019084
-0.0012957 -0.0019676
-0.0014962 -0.0023683
-0.0016771 -0.0021723
-0.0016565 -0.0021137
-0.0018113 -0.0022415
-0.0020241 -0.0020984
-0.0019791 -0.0020279
-0.0020851 -0.0020346
-0.0021951 -0.0016970
-0.0018834 -0.0015091
-0.0018102 -0.0013847
-0.0018233 -0.0010831
-0.0015080 -0.0010873
-0.0012704 -0.0010544
-0.0008596 -0.0006977
-0.0004867 -0.0006839
-0.0004587 -0.0005474
 0.0000309  0.0000015
 0.0001756 -0.0000629
 0.0003313  0.0004297
 0.0003525  0.0006627
 0.0002514  0.0009984
 0.0001537  0.0010091
 0.0003778  0.0011142
 0.0003429  0.0012011
 0.0004053  0.0009588
 0.0006940  0.0009029
 0.0006170  0.0008235
 0.0007838  0.0005583
 0.0009084  0.0006342
 0.0008908  0.0004026
 0.0006433  0.0005482
 0.0005763  0.0006808
 0.0002985  0.0006418
 0.0000849  0.0011588
-0.0001161  0.0012378
-0.0005302  0.0015547
-0.0008110  0.0018939
-0.0007262  0.0024240
-0.0008782  0.0027004
-0.0005801  0.0031301
-0.0005689  0.0031608
-0.0005560  0.0028775
-0.0005875  0.0030322
-0.0006006  0.0025973
-0.0009205  0.0022582
-0.0009968  0.0023504
-0.0009358  0.0019428
-0.0012114  0.0019190
-0.0013157  0.0022724
-0.0011902  0.0022254
-0.0011984  0.0019565
-0.0009883  0.0021513
-0.0009582  0.0022291
-0.0009681  0.0024586
-0.0013220  0.0028601
-0.0013496  0.0029560
-0.0015787  0.0031229
-0.0020108  0.0030236
-0.0023075  0.0028661
-0.0028378  0.0026686
-0.0029160  0.0021754
-0.0025233  0.0014455
-0.0025451  0.0010086
-0.0019995  0.0003131
-0.0013963 -0.0002721
-0.0008632 -0.0004484
-0.0004122 -0.0007676
-0.0000666 -0.0011225
 0.0000937 -0.0010803
 0.0002578 -0.0011318
 0.0001914 -0.0010666
-0.0000789 -0.0007006
-0.0003605 -0.0006835
-0.0006498 -0.0006595
-0.0009317 -0.0004629
-0.0010207 -0.0006908
-0.0012216 -0.0007704
-0.0013130 -0.0007409
-0.0015737 -0.0007609
-0.0017297 -0.0009902
-0.0019138 -0.0009658
-0.0018707 -0.0011085
-0.0019900 -0.0011759
-0.0018380 -0.0011101
-0.0016672 -0.0012902
-0.0016499 -0.0015373
-0.0015067 -0.0016580
-0.0011494 -0.0020550
-0.0007366 -0.0025112
-0.0004473 -0.0028722
 0.0000249 -0.0033018
 0.0004551 -0.0031818
 0.0007147 -0.0029858
 0.0008490 -0.0026953
 0.0009053 -0.0023448
 0.0009380 -0.0019075
 0.0005662 -0.0014024
 0.0004545 -0.0007382
 0.0004945 -0.0005922
 0.0005359 -0.0002375
 0.0007721  0.0002403
 0.0009726  0.0004377
 0.0012297  0.0005083
 0.0015876  0.0006397
 0.0022417  0.0007703
 0.0024968  0.0003587
 0.0026672  0.0004061
 0.0028120  0.0005319
 0.0027350  0.0006319
 0.0025618  0.0009597
 0.0024773  0.0009527
 0.0022679  0.0010027
 0.0021274  0.0011939
 0.0018547  0.0012157
 0.0017042  0.0009973
 0.0015780  0.0007113
 0.0015901  0.0006273
 0.0014752  0.0002237
 0.0016064  0.0002092
 0.0015524  0.0001354
 0.0013909 -0.0000183
 0.0014341 -0.0000374
 0.0011785 -0.0002088
 0.0010021 -0.0000401
 0.0008723 -0.0000627
 0.0007825 -0.0002575
 0.0004464 -0.0000512
 0.0004680  0.0001123
 0.0000853 -0.0000155
-0.0001176  0.0001660
-0.0002028  0.0000612
-0.0002203 -0.0000446
-0.0002472 -0.0000476
-0.0002375  0.0001258
-0.0002540  0.0001452
-0.0001216  0.0002503
-0.0001802  0.0002798
-0.0006513  0.0002709
-0.0006990  0.0003198
-0.0008242  0.0004288
-0.0008326  0.0006678
-0.0009271  0.0005620
-0.0010300  0.0004942
-0.0010181  0.0008322
-0.0009781  0.0006307
-0.0010163  0.0005035
-0.0010163  0.0006099
-0.0011059  0.0005182
-0.0009657  0.0004492
-0.0008994  0.0006064
-0.0011246  0.0006504
-0.0010921  0.0005537
-0.0014028  0.0005628
-0.0016368  0.0002464
-0.0017745  0.0001344
-0.0019677 -0.0000931
-0.0020125 -0.0004155
-0.0023396 -0.0004409
-0.0024682 -0.0008123
-0.0026727 -0.0008965
-0.0029055 -0.0009248
-0.0029943 -0.0011133
-0.0027264 -0.0013545
-0.0028266 -0.0017464
-0.0026788 -0.0018247
-0.0021354 -0.0020796
-0.0017959 -0.0018860
-0.0013867 -0.0014883
-0.0010070 -0.0012354
-0.0007084 -0.0009224
-0.0005098 -0.0006063
-0.0003038 -0.0004971
-0.0004078 -0.0002940
-0.0006537 -0.0001407
-0.0007837 -0.0004086
-0.0010976 -0.0004494
-0.0011625 -0.0007567
-0.0013202 -0.0009573
-0.0011740 -0.0014491
-0.0011124 -0.0015503
-0.0009568 -0.0020487
-0.0009168 -0.0021095
-0.0008770 -0.0019952
-0.0009917 -0.0022645
-0.0013552 -0.0023140
-0.0016062 -0.0023889
-0.0018032 -0.0024947
-0.0018246 -0.0023796
-0.0019483 -0.0021383
-0.0021579 -0.0018386
-0.0025208 -0.0017459
-0.0025719 -0.0015448
-0.0024676 -0.0016403
-0.0022374 -0.0016048
-0.0018297 -0.0016323
-0.0016861 -0.0016040
-0.0015356 -0.0013733
-0.0008829 -0.0012083
-0.0013609 -0.0007266
-0.0013458 -0.0004307
-0.0014372 -0.0001735
-0.0015157 -0.0000292
-0.0015972  0.0000909
-0.0017946 -0.0001245
-0.0014494 -0.0002422
-0.0013240 -0.0006385
-0.0009393 -0.0009387
-0.0008666 -0.0007885
-0.0003367 -0.0008009
 0.0000479 -0.0008534
 0.0000869 -0.0003774
 0.0004321 -0.0005324
 0.0002982 -0.0004753
 0.0003101 -0.0006465
 0.0001384 -0.0005318
 0.0000499 -0.0005669
-0.0002638 -0.0005451
-0.0003764 -0.0006711
-0.0007995 -0.0005659
-0.0008926 -0.0004722
-0.0013030 -0.0005796
-0.0016427 -0.0004785
-0.0018811 -0.0005882
-0.0019364 -0.0009744
-0.0017531 -0.0012643
-0.0014477 -0.0011306
-0.0013098 -0.0015045
-0.0009714 -0.0014365
-0.0009222 -0.0016367
-0.0008684 -0.0015322
-0.0008557 -0.0016575
-0.0005975 -0.0014676
-0.0000476 -0.0016503
 0.0002837 -0.0013057
 0.0007050 -0.0011401
 0.0013420 -0.0007077
 0.0015318 -0.0006401
 0.0015265 -0.0005987
 0.0012758 -0.0006515
 0.0010436 -0.0005058
 0.0006952 -0.0006368
 0.0003279 -0.0008350
-0.0000861 -0.0008322
-0.0006298 -0.0005596
-0.0008416 -0.0002992
-0.0012265  0.0000204
-0.0016206  0.0007893
-0.0017351  0.0010498
-0.0018025  0.0014428
-0.0016230  0.0018651
-0.0016690  0.0018647
-0.0014496  0.0020295
-0.0012407  0.0021439
-0.0014579  0.0020470
-0.0015061  0.0022015
-0.0016212  0.0021813
-0.0017879  0.0021183
-0.0016504  0.0021989
-0.0017550  0.0022318
-0.0018658  0.0021987
-0.0017287  0.0020784
-0.0018512  0.0018738
-0.0018752  0.0016753
-0.0018401  0.0013511
-0.0015617  0.0011200
-0.0016211  0.0009292
-0.0015384  0.0005882
-0.0013985  0.0007913
-0.0014483  0.0007639
-0.0013943  0.0007641
-0.0014217  0.0010346
-0.0013085  0.0012619
-0.0012196  0.0014426
-0.0011141  0.0014467
-0.0008732  0.0014656
-0.0006249  0.0017329
-0.0007398  0.0019324
-0.0007977  0.0022769
-0.0012277  0.0024009
-0.0017134  0.0025715
-0.0022122  0.0027023
-0.0023343  0.0020296
-0.0026624  0.0017565
-0.0028279  0.0012326
-0.0028201  0.0009633
-0.0031069  0.0005571
-0.0031176  0.0003406
-0.0032244  0.0000303
-0.0033655 -0.0002422
-0.0032688 -0.0005049
-0.0032218 -0.0010649
-0.0029814 -0.0013532
-0.0028572 -0.0015843
-0.0028562 -0.0021037
-0.0025413 -0.0022093
-0.0023903 -0.0024215
-0.0022964 -0.0025907
-0.0022690 -0.0028643
-0.0021075 -0.0027811
-0.0020219 -0.0028054
-0.0021423 -0.0025956
-0.0024233 -0.0022434
-0.0025579 -0.0022030
-0.0026256 -0.0019730
-0.0023278 -0.0015275
-0.0021608 -0.0013900
-0.0019781 -0.0009683
-0.0017623 -0.0006517
-0.0017122 -0.0005197
-0.0017887 -0.0003696
-0.0015311 -0.0002289
-0.0016097 -0.0003554
-0.0013739 -0.0004931
-0.0012601 -0.0004667
-0.0014537 -0.0005166
-0.0015647 -0.0004328
-0.0018532 -0.0006335
-0.0019786 -0.0011781
-0.0020757 -0.0012829
-0.0017785 -0.0017304
-0.0018241 -0.0023326
-0.0015466 -0.0029915
-0.0012298 -0.0034889
-0.0008356 -0.0039546
-0.0004407 -0.0045990
 0.0001706 -0.0050304
 0.0004546 -0.0054303
 0.0009102 -0.0053562
 0.0014046 -0.0053253
 0.0016868 -0.0051505
 0.0017578 -0.0045376
 0.0020396 -0.0042083
 0.0018847 -0.0036572
 0.0014131 -0.0031166
 0.0010409 -0.0029797
 0.0004664 -0.0027767
-0.0001657 -0.0025797
-0.0003344 -0.0023265
-0.0005129 -0.0024004
-0.0006536 -0.0020627
-0.0005769 -0.0017467
-0.0001711 -0.0015192
-0.0001259 -0.0009651
 0.0001810 -0.0005311
 0.0001111  0.0000948
 0.0001527  0.0002890
 0.0000215  0.0004380
-0.0002248  0.0004994
-0.0005336  0.0000952
-0.0007689  0.0000758
-0.0012712 -0.0003885
-0.0014676 -0.0005930
-0.0020116 -0.0010244
-0.0023378 -0.0012871
-0.0022417 -0.0017675
-0.0019753 -0.0021592
-0.0020494 -0.0024735
-0.0018553 -0.0027488
-0.0019595 -0.0026529
-0.0024928 -0.0026640
-0.0027664 -0.0029263
-0.0032066 -0.0027260
-0.0037696 -0.0025684
-0.0039586 -0.0027032
-0.0039244 -0.0027989
-0.0039535 -0.0029342
-0.0037129 -0.0034050
-0.0035982 -0.0034066
-0.0032056 -0.0033404
-0.0031654 -0.0039091
-0.0031089 -0.0039525
-0.0032217 -0.0041261
-0.0032203 -0.0042248
-0.0033432 -0.0040924
-0.0033787 -0.0039035
-0.0034312 -0.0037908
-0.0034308 -0.0033845
-0.0034009 -0.0033407
-0.0031233 -0.0031865
-0.0028478 -0.0028288
-0.0025731 -0.0024330
-0.0024604 -0.0026557
-0.0023934 -0.0023818
-0.0023690 -0.0024791
-0.0024214 -0.0025344
-0.0024064 -0.0027441
-0.0021682 -0.0028939
-0.0023431 -0.0030005
-0.0021721 -0.0031624
-0.0022664 -0.0034923
-0.0022587 -0.0034735
-0.0022934 -0.0038579
-0.0024384 -0.0040775
-0.0024414 -0.0041421
-0.0020599 -0.0040355
-0.0019582 -0.0042460
-0.0014222 -0.0040155
-0.0009016 -0.0041326
-0.0006285 -0.0038913
 0.0002418 -0.0038043
 0.0005342 -0.0032571
 0.0009164 -0.0028232
 0.0012396 -0.0023401
 0.0013868 -0.0022418
 0.0012240 -0.0017981
 0.0015414 -0.0017074
 0.0013624 -0.0017429
 0.0011227 -0.0015959
 0.0010553 -0.0016958
 0.0005389 -0.0017982
 0.0004030 -0.0017822
 0.0000372 -0.0017620
-0.0001108 -0.0017890
-0.0001451 -0.0015674
-0.0001108 -0.0011943
-0.0002239 -0.0009535
 0.0000700 -0.0006654
 0.0001441 -0.0005425
 0.0001235 -0.0002463
 0.0000664 -0.0000989
 0.0002915  0.0001342
 0.0000644 -0.0001241
 0.0001625 -0.0001029
 0.0001649 -0.0001799
-0.0000537 -0.0003884
 0.0000442 -0.0001855
 0.0000069 -0.0000700
-0.0003250  0.0000556
-0.0002668  0.0003812
-0.0004180  0.0006049
-0.0003560  0.0008362
-0.0002981  0.0010193
-0.0005546  0.0014152
-0.0005239  0.0015531
-0.0006846  0.0016983
-0.0009503  0.0016034
-0.0012737  0.0014528
-0.0012747  0.0013274
-0.0014557  0.0008274
-0.0014713  0.0005084
-0.0014354  0.0004127
-0.0015494  0.0000936
-0.0015090  0.0000843
-0.0016717  0.0004020
-0.0019808  0.0005801
-0.0020770  0.0008174
-0.0019746  0.0012297
-0.0022449  0.0017242
-0.0024748  0.0015900
-0.0026902  0.0016790
-0.0027333  0.0015865
-0.0030186  0.0014048
-0.0028924  0.0011118
-0.0024551  0.0010084
-0.0021043  0.0006323
-0.0017712  0.0004575
-0.0013086  0.0003707
-0.0008118  0.0002974
-0.0005597  0.0001238
-0.0001010  0.0000893
-0.0000070  0.0000548
 0.0000320 -0.0002767
 0.0001974 -0.0003887
 0.0000992 -0.0005138
 0.0003031 -0.0007632
 0.0004372 -0.0010611
 0.0005987 -0.0013886
 0.0007192 -0.0014003
 0.0008978 -0.0017073
 0.0014713 -0.0017628
 0.0016407 -0.0016641
 0.0019653 -0.0015682
 0.0023916 -0.0011911
 0.0024770 -0.0009434
 0.0026468 -0.0004452
 0.0028087  0.0001491
 0.0025196  0.0005349
 0.0022525  0.0008236
 0.0020904  0.0012346
 0.0017285  0.0014183
 0.0014408  0.0016810
 0.0010100  0.0018839
 0.0004825  0.0020195
 0.0000024  0.0022517
-0.0001879  0.0018609
 0.0000123  0.0016887
-0.0000947  0.0014995
-0.0001423  0.0013877
 0.0000024  0.0011974
 0.0002594  0.0013419
 0.0002520  0.0011963
 0.0005112  0.0011503
 0.0008527  0.0013776
 0.0014077  0.0015993
 0.0017028  0.0013683
 0.0016911  0.0015052
 0.0018213  0.0014519
 0.0017916  0.0014207
 0.0016206  0.0010999
 0.0015845  0.0006744
 0.0017815  0.0006867
 0.0019887  0.0006906
 0.0021003  0.0006621
 0.0026121  0.0009327
 0.0026995  0.0013909
 0.0030078  0.0018627
 0.0030459  0.0021504
 0.0030266  0.0023242
 0.0025941  0.0024560
 0.0024030  0.0027628
 0.0019312  0.0028783
 0.0012717  0.0029936
 0.0008431  0.0030681
 0.0003727  0.0030481
-0.0000152  0.0027489
-0.0004254  0.0028805
-0.0004367  0.0026843
-0.0008156  0.0026261
-0.0009311  0.0022593
-0.0009781  0.0021216
-0.0009244  0.0018214
-0.0011176  0.0016942
-0.0013352  0.0013918
-0.0013177  0.0013980
-0.0013768  0.0012975
-0.0015040  0.0011010
-0.0017265  0.0012936
-0.0017864  0.0013408
-0.0021157  0.0014081
-0.0024426  0.0013986
-0.0023638  0.0013410
-0.0025756  0.0016073
-0.0027678  0.0014054
-0.0025727  0.0015758
-0.0024100  0.0014395
-0.0021605  0.0015235
-0.0017687  0.0012915
-0.0015945  0.0010894
-0.0015272  0.0010202
-0.0013561  0.0008181
-0.0014497  0.0005193
-0.0015010  0.0001933
-0.0015416 -0.0002591
-0.0016405 -0.0006267
-0.0016510 -0.0012109
-0.0010676 -0.0013648
-0.0012410 -0.0017764
-0.0005973 -0.0019189
-0.0004523 -0.0017572
-0.0002702 -0.0016636
-0.0001045 -0.0013499
 0.0001824 -0.0010802
-0.0001925 -0.0008934
 0.0001604 -0.0009330
 0.0001779 -0.0007243
 0.0001396 -0.0007859
 0.0003188 -0.0010189
 0.0004315 -0.0008467
 0.0000257 -0.0008384
 0.0000703 -0.0005570
-0.0000380 -0.0006718
-0.0002099 -0.0004195
-0.0000686 -0.0005327
-0.0000505 -0.0007402
-0.0001197 -0.0007604
 0.0004324 -0.0010840
 0.0005920 -0.0013150
 0.0006702 -0.0013832
 0.0010146 -0.0014482
 0.0011603 -0.0013933
 0.0012225 -0.0011278
 0.0010394 -0.0011004
 0.0011333 -0.0005755
 0.0010178 -0.0002299
 0.0009734  0.0002023
 0.0009798  0.0005140
 0.0007567  0.0009214
 0.0006877  0.0011011
 0.0004254  0.0011922
 0.0001523  0.0011882
-0.0001572  0.0011359
-0.0003218  0.0013455
-0.0003520  0.0015123
-0.0006375  0.0012206
-0.0010392  0.0014661
-0.0013141  0.0017187
-0.0017901  0.0015465
-0.0021682  0.0012408
-0.0022352  0.0011821
-0.0022798  0.0009418
-0.0022233  0.0011435
-0.0018305  0.0013087
-0.0017144  0.0014371
-0.0017814  0.0019089
-0.0014919  0.0021794
-0.0017695  0.0024481
-0.0018823  0.0024765
-0.0016982  0.0026191
-0.0018585  0.0027121
-0.0016253  0.0027177
-0.0015474  0.0026164
-0.0014701  0.0027474
-0.0014793  0.0027665
-0.0013138  0.0027952
-0.0011767  0.0027282
-0.0013291  0.0029216
-0.0013564  0.0029339
-0.0016943  0.0029638
-0.0017490  0.0027337
-0.0019329  0.0026103
-0.0020565  0.0021076
-0.0018657  0.0019550
-0.0016884  0.0015501
-0.0017603  0.0013561
-0.0014417  0.0011740
-0.0012491  0.0009022
-0.0015531  0.0003927
-0.0015071  0.0000166
-0.0014120 -0.0002882
-0.0018255 -0.0007035
-0.0016848 -0.0009237
-0.0018101 -0.0012667
-0.0017740 -0.0012282
-0.0017492 -0.0011863
-0.0015174 -0.0010232
-0.0015237 -0.0007438
-0.0011983 -0.0003355
-0.0012808  0.0000372
-0.0014151  0.0003354
-0.0015695  0.0004924
-0.0016941  0.0004225
-0.0020013  0.0002162
-0.0019254 -0.0001418
-0.0019079 -0.0003961
-0.0020248 -0.0007145
-0.0016349 -0.0012741
-0.0011105 -0.0013627
-0.0007782 -0.0011958
-0.0004123 -0.0007656
-0.0001180 -0.0004530
-0.0000627 -0.0000403
 0.0000937  0.0003834
 0.0003689  0.0003665
 0.0005085  0.0007333
 0.0008630  0.0007579
 0.0008543  0.0007489
 0.0008941  0.0005748
 0.0007308  0.0002890
 0.0008027 -0.0002337
 0.0005608 -0.0008950
 0.0005330 -0.0014427
 0.0001494 -0.0018489
 0.0005217 -0.0022638
 0.0004611 -0.0021868
 0.0003983 -0.0023302
 0.0008438 -0.0019934
 0.0008888 -0.0017140
 0.0009066 -0.0018089
 0.0013924 -0.0013190
 0.0013351 -0.0013371
 0.0016981 -0.0012473
 0.0020065 -0.0011199
 0.0019890 -0.0008853
 0.0020885 -0.0006771
 0.0021570 -0.0006646
 0.0018150 -0.0004805
 0.0014613 -0.0003359
 0.0015298 -0.0001310
 0.0015124 -0.0002039
 0.0017139  0.0000299
 0.0020121 -0.0002945
 0.0021421 -0.0000889
 0.0024473  0.0001164
 0.0027067  0.0001200
 0.0029371  0.0003623
 0.0031381  0.0004148
 0.0033380  0.0004380
 0.0029932  0.0008049
 0.0031648  0.0008662
 0.0027538  0.0012869
 0.0022033  0.0013185
 0.0018991  0.0015201
 0.0013096  0.0017113
 0.0007773  0.0017488
 0.0005127  0.0017440
 0.0001645  0.0015231
 0.0001484  0.0012891
 0.0000454  0.0009899
-0.0001557  0.0004969
-0.0001742  0.0004553
-0.0000608  0.0002123
-0.0000787  0.0000352
 0.0000101  0.0001402
 0.0000285  0.0001644
-0.0000056  0.0002050
-0.0002442  0.0008096
-0.0005783  0.0008356
-0.0010495  0.0007892
-0.0015057  0.0010458
-0.0017217  0.0010278
-0.0022725  0.0003436
-0.0022249  0.0001670
-0.0022130 -0.0006632
-0.0018012 -0.0011170
-0.0015650 -0.0013151
-0.0012053 -0.0015967
-0.0008443 -0.0015898
-0.0008611 -0.0016867
-0.0006643 -0.0015444
-0.0008476 -0.0014952
-0.0010826 -0.0013044
-0.0012664 -0.0014201
-0.0012882 -0.0015547
-0.0011291 -0.0016708
-0.0008338 -0.0020532
-0.0005273 -0.0022120
 0.0001055 -0.0024296
 0.0003177 -0.0024544
 0.0005028 -0.0026002
 0.0008590 -0.0024082
 0.0007925 -0.0024886
 0.0006022 -0.0023400
 0.0005426 -0.0026115
 0.0005707 -0.0030169
 0.0005188 -0.0030642
 0.0005438 -0.0033894
 0.0006772 -0.0037715
 0.0009148 -0.0037782
 0.0014980 -0.0036056
 0.0017146 -0.0035208
 0.0024823 -0.0030799
 0.0031408 -0.0027434
 0.0032048 -0.0025354
 0.0036925 -0.0019207
 0.0040070 -0.0016993
 0.0039701 -0.0011298
 0.0039774 -0.0006404
 0.0039303 -0.0002435
 0.0037620 -0.0000126
 0.0035213  0.0006118
 0.0032171  0.0002949
 0.0031019  0.0004671
 0.0031246  0.0004957
 0.0033752  0.0003480
 0.0034789  0.0005348
 0.0038015  0.0008378
 0.0041976  0.0009581
 0.0041625  0.0015113
 0.0042483  0.0018315
 0.0043777  0.0021432
 0.0040545  0.0021164
 0.0039893  0.0026689
 0.0036486  0.0026307
 0.0034306  0.0031265
 0.0030280  0.0030183
 0.0023191  0.0029791
 0.0017734  0.0029488
 0.0014076  0.0029016
 0.0007108  0.0028527
 0.0002967  0.0030718
 0.0003239  0.0031977
 0.0001814  0.0033637
 0.0000161  0.0035924
 0.0001487  0.0036823
-0.0001176  0.0035212
-0.0002552  0.0034766
-0.0004856  0.0034780
-0.0009915  0.0030783
-0.0009592  0.0028734
-0.0010528  0.0026897
-0.0013618  0.0026467
-0.0012145  0.0024593
-0.0012413  0.0025008
-0.0015076  0.0022737
-0.0015136  0.0022416
-0.0017843  0.0023217
-0.0024806  0.0020980
-0.0027381  0.0020203
-0.0029555  0.0016628
-0.0032093  0.0012198
-0.0028796  0.0009309
-0.0025804  0.0005557
-0.0025093  0.0003497
-0.0021371  0.0000800
-0.0018319  0.0002219
-0.0018171 -0.0001717
-0.0016418 -0.0001505
-0.0015824 -0.0003794
-0.0015015 -0.0004444
-0.0012932 -0.0005773
-0.0011890 -0.0006994
-0.0009647 -0.0008326
-0.0005037 -0.0011524
-0.0000809 -0.0012879
 0.0007629 -0.0009725
 0.0009331 -0.0004560
 0.0009874 -0.0001475
 0.0012512  0.0003276
 0.0010848  0.0006857
 0.0005965  0.0009116
 0.0005957  0.0006369
 0.0004800  0.0002945
 0.0001461 -0.0000392
 0.0001909 -0.0003252
 0.0001243 -0.0008234
 0.0002176 -0.0012369
 0.0001943 -0.0013459
 0.0004430 -0.0018453
 0.0008143 -0.0017222
 0.0008564 -0.0014693
 0.0012093 -0.0012293
 0.0012819 -0.0009446
 0.0015185 -0.0004761
 0.0013259 -0.0003140
 0.0010925  0.0000609
 0.0007274 -0.0000835
 0.0002203  0.0000215
-0.0002629  0.0002060
-0.0007009  0.0000847
-0.0011214 -0.0000099
-0.0011117  0.0003730
-0.0012540  0.0009013
-0.0011198  0.0010309
-0.0009127  0.0017782
-0.0007126  0.0020760
-0.0007052  0.0020071
-0.0006806  0.0022496
-0.0005849  0.0020994
-0.0003253  0.0018265
-0.0001143  0.0017240
 0.0003107  0.0018423
 0.0004397  0.0017898
 0.0007683  0.0018977
 0.0005964  0.0021003
 0.0004349  0.0021605
 0.0004625  0.0023329
 0.0001561  0.0020273
-0.0001098  0.0018268
-0.0002339  0.0016647
-0.0005091  0.0012846
-0.0009647  0.0011306
-0.0010733  0.0008857
-0.0015381  0.0005286
-0.0018504  0.0004418
-0.0020975  0.0004973
-0.0022570  0.0003519
-0.0025438  0.0004361
-0.0025105  0.0004914
-0.0025902  0.0000711
-0.0024220 -0.0001295
-0.0022040 -0.0001318
-0.0017965 -0.0002398
-0.0013122 -0.0000074
-0.0009928  0.0002017
-0.0008071  0.0002469
-0.0002104  0.0005037
-0.0003337  0.0002711
-0.0004942  0.0002176
-0.0003234 -0.0001987
-0.0004580 -0.0003683
-0.0008941 -0.0003627
-0.0014438 -0.0003536
-0.0017212 -0.0003251
-0.0022281 -0.0006128
-0.0026409 -0.0005674
-0.0027558 -0.0006425
-0.0028497 -0.0007489
-0.0027841 -0.0004606
-0.0028997 -0.0004299
-0.0031505 -0.0003717
-0.0031828 -0.0005019
-0.0032821 -0.0005942
-0.0030348 -0.0006495
-0.0027339 -0.0007732
-0.0022078 -0.0009535
-0.0016529 -0.0008972
-0.0011373 -0.0002490
-0.0006675 -0.0000303
-0.0005066  0.0004634
-0.0007388  0.0007763
-0.0008285  0.0008235
-0.0010162  0.0006324
-0.0011763  0.0007024
-0.0012287  0.0001963
-0.0012826  0.0000767
-0.0009887 -0.0001379
-0.0008611 -0.0004399
-0.0004204 -0.0004061
-0.0000625 -0.0002180
 0.0002035 -0.0003980
 0.0003934 -0.0002628
 0.0008858 -0.0002886
 0.0012044 -0.0007458
 0.0014718 -0.0006009
 0.0019596 -0.0005124
 0.0019682 -0.0003582
 0.0023374 -0.0000685
 0.0023275  0.0004324
 0.0022117  0.0005989
 0.0024886  0.0008688
 0.0024585  0.0011385
 0.0026826  0.0015615
 0.0030064  0.0021170
 0.0029186  0.0024251
 0.0026963  0.0027519
 0.0024916  0.0027907
 0.0020705  0.0024641
 0.0018107  0.0020884
 0.0017253  0.0017724
 0.0016583  0.0013933
 0.0014498  0.0011413
 0.0014750  0.0011934
 0.0013203  0.0010383
 0.0011397  0.0006760
 0.0013861  0.0007638
 0.0014162  0.0005543
 0.0016187  0.0007101
 0.0015242  0.0007763
 0.0015467  0.0009001
 0.0017984  0.0008028
 0.0020877  0.0006389
 0.0022813  0.0007957
 0.0024562  0.0005965
 0.0026609  0.0005583
 0.0025105  0.0005979
 0.0025497  0.0007905
 0.0021502  0.0009023
 0.0017361  0.0011579
 0.0013631  0.0013484
 0.0012948  0.0012384
 0.0011232  0.0011508
 0.0012185  0.0011393
 0.0012098  0.0008693
 0.0010881  0.0007173
 0.0010217  0.0007004
 0.0007851  0.0006069
 0.0002423  0.0007721
 0.0000794  0.0007011
-0.0006649  0.0004691
-0.0008934  0.0005745
-0.0011873  0.0003504
-0.0016756  0.0003247
-0.0018652  0.0003122
-0.0022271  0.0003808
-0.0023486  0.0000779
-0.0026547  0.0004810
-0.0026543  0.0003328
-0.0027948  0.0002613
-0.0028555  0.0001224
-0.0027326  0.0000829
-0.0025519 -0.0003805
-0.0024488 -0.0005355
-0.0022504 -0.0010541
-0.0019817 -0.0012566
-0.0020794 -0.0014003
-0.0016506 -0.0013886
-0.0017647 -0.0013868
-0.0014005 -0.0011058
-0.0013060 -0.0006667
-0.0012275 -0.0005659
-0.0010836 -0.0004288
-0.0010184 -0.0003761
-0.0011452 -0.0003276
-0.0010703 -0.0007689
-0.0009221 -0.0011723
-0.0007695 -0.0013150
-0.0005216 -0.0013138
-0.0005422 -0.0011146
-0.0003506 -0.0010960
 0.0001060 -0.0006531
 0.0005283 -0.0006607
 0.0007962 -0.0003256
 0.0013311 -0.0001189
 0.0014254 -0.0000066
 0.0014165  0.0003031
 0.0015023  0.0000463
 0.0016265  0.0000554
 0.0022573 -0.0000968
 0.0025975  0.0002068
 0.0027177  0.0004737
 0.0030113  0.0003955
 0.0030728  0.0004971
 0.0029062  0.0003551
 0.0028665  0.0002617
 0.0027893  0.0001295
 0.0023838 -0.0002973
 0.0023198 -0.0000891
 0.0020015 -0.0001277
 0.0015170 -0.0002718
 0.0017127 -0.0002242
 0.0017224 -0.0001701
 0.0015704 -0.0001461
 0.0017104  0.0002367
 0.0018637  0.0002532
 0.0021134  0.0004547
 0.0026693  0.0005429
 0.0028621  0.0006586
 0.0033238  0.0007097
 0.0038622  0.0011116
 0.0038350  0.0010343
 0.0040102  0.0013674
 0.0038637  0.0014697
 0.0035693  0.0015737
 0.0029756  0.0022080
 0.0022648  0.0024426
 0.0017886  0.0025663
 0.0010514  0.0026428
 0.0005435  0.0025197
 0.0002310  0.0022857
-0.0000979  0.0021094
 0.0000267  0.0023947
 0.0002465  0.0016530
 0.0002675  0.0017926
 0.0006785  0.0019095
 0.0004137  0.0019489
 0.0001678  0.0021871
 0.0000029  0.0021780
-0.0000040  0.0019168
-0.0001687  0.0021263
-0.0003613  0.0020272
-0.0008579  0.0019113
-0.0011964  0.0016975
-0.0016111  0.0013240
-0.0022712  0.0014385
-0.0023316  0.0014084
-0.0024370  0.0012645
-0.0027832  0.0012511
-0.0028805  0.0012398
-0.0028428  0.0008914
-0.0032104  0.0005530
-0.0029084  0.0000623
-0.0027675 -0.0006457
-0.0022328 -0.0008338
-0.0016409 -0.0011253
-0.0013823 -0.0011798
-0.0008727 -0.0011957
-0.0007678 -0.0011192
-0.0007187 -0.0009866
-0.0007754 -0.0010819
-0.0007222 -0.0011326
-0.0008003 -0.0012957
-0.0006166 -0.0014671
-0.0005237 -0.0018014
-0.0004583 -0.0018361
-0.0005815 -0.0017079
-0.0002569 -0.0019832
-0.0004672 -0.0019226
-0.0006588 -0.0018134
-0.0008621 -0.0018578
-0.0011126 -0.0018503
-0.0011623 -0.0020655
-0.0006808 -0.0021575
-0.0004440 -0.0020790
 0.0002175 -0.0017318
 0.0005924 -0.0018834
 0.0008197 -0.0020188
 0.0012283 -0.0019209
 0.0016942 -0.0020826
 0.0019031 -0.0020553
 0.0021102 -0.0024179
 0.0025085 -0.0022750
 0.0026433 -0.0019179
 0.0025628 -0.0017150
 0.0025077 -0.0015724
 0.0022775 -0.0011540
 0.0023936 -0.0011923
 0.0022610 -0.0012985
 0.0019251 -0.0011453
 0.0023692 -0.0013419
 0.0024271 -0.0009480
 0.0022291 -0.0003618
 0.0024722  0.0003500
 0.0020713  0.0008854
 0.0016645  0.0014016
 0.0015709  0.0019325
 0.0009330  0.0021342
 0.0004846  0.0024505
 0.0000365  0.0025482
-0.0003043  0.0023781
-0.0006436  0.0022224
-0.0008632  0.0019979
-0.0007253  0.0021324
-0.0008412  0.0024297
-0.0009653  0.0022274
-0.0009914  0.0020330
-0.0011343  0.0018810
-0.0009881  0.0016404
-0.0012057  0.0015826
-0.0014534  0.0016428
-0.0016119  0.0017472
-0.0019627  0.0018156
-0.0020285  0.0017655
-0.0021821  0.0018194
-0.0020764  0.0016999
-0.0018668  0.0019740
-0.0015036  0.0017154
-0.0013632  0.0021236
-0.0012033  0.0023156
-0.0008323  0.0024036
-0.0008591  0.0024884
-0.0008603  0.0023957
-0.0009929  0.0025241
-0.0009911  0.0027159
-0.0008010  0.0030603
-0.0012509  0.0032843
-0.0010301  0.0034846
-0.0011954  0.0036642
-0.0015574  0.0036321
-0.0016646  0.0033642
-0.0018160  0.0028900
-0.0022159  0.0025805
-0.0021010  0.0020492
-0.0023114  0.0014992
-0.0022151  0.0010244
-0.0017124  0.0006219
-0.0013561  0.0004804
-0.0013180  0.0005769
-0.0008769  0.0007806
-0.0007234  0.0008016
-0.0009334  0.0007820
-0.0010501  0.0009824
-0.0009717  0.0005989
-0.0014623  0.0005098
-0.0013081  0.0005407
-0.0015112 -0.0000919
-0.0012501 -0.0000507
-0.0007917 -0.0002033
-0.0004463 -0.0000871
-0.0002856  0.0001621
 0.0000079  0.0005763
-0.0002636  0.0004687
-0.0003741  0.0005264
-0.0004078  0.0006219
-0.0008231 -0.0000011
-0.0006570 -0.0004042
-0.0004325 -0.0008800
-0.0000595 -0.0013770
 0.0002740 -0.0015845
 0.0008294 -0.0015615
 0.0012509 -0.0016640
 0.0015846 -0.0013560
 0.0017541 -0.0013525
 0.0016340 -0.0013695
 0.0014878 -0.0014237
 0.0011973 -0.0016529
 0.0011993 -0.0019752
 0.0011041 -0.0022132
 0.0011521 -0.0023087
 0.0010683 -0.0024849
 0.0011646 -0.0026272
 0.0012442 -0.0028166
 0.0012066 -0.0029131
 0.0012462 -0.0030530
 0.0015161 -0.0032274
 0.0018068 -0.0034002
 0.0018206 -0.0030663
 0.0021272 -0.0029450
 0.0023988 -0.0027742
 0.0025716 -0.0023263
 0.0025910 -0.0023287
 0.0028492 -0.0023331
 0.0028122 -0.0020753
 0.0027569 -0.0022725
 0.0024535 -0.0022057
 0.0020538 -0.0025031
 0.0015209 -0.0027332
 0.0010875 -0.0028604
 0.0004839 -0.0032625
-0.0000158 -0.0035363
-0.0001926 -0.0036007
-0.0003069 -0.0034210
-0.0003656 -0.0029735
-0.0005869 -0.0024454
-0.0006438 -0.0021422
-0.0012091 -0.0018075
-0.0015066 -0.0017003
-0.0017743 -0.0013571
-0.0020430 -0.0017984
-0.0021058 -0.0017607
-0.0017791 -0.0019785
-0.0018134 -0.0019214
-0.0017813 -0.0019226
-0.0017373 -0.0019601
-0.0016495 -0.0019886
-0.0019147 -0.0018374
-0.0021216 -0.0021974
-0.0024470 -0.0019591
-0.0024583 -0.0016665
-0.0026957 -0.0019378
-0.0027543 -0.0016903
-0.0026978 -0.0017773
-0.0026885 -0.0018825
-0.0024858 -0.0017188
-0.0024095 -0.0017252
-0.0024829 -0.0015155
-0.0025512 -0.0014406
-0.0028013 -0.0013633
-0.0027943 -0.0012912
-0.0028215 -0.0013219
-0.0029926 -0.0011356
-0.0027504 -0.0013064
-0.0026898 -0.0010272
-0.0024436 -0.0009030
-0.0023608 -0.0009664
-0.0023515 -0.0007468
-0.0024631 -0.0010841
-0.0027123 -0.0010975
-0.0029343 -0.0010531
-0.0034150 -0.0012790
-0.0034913 -0.0014458
-0.0035696 -0.0015578
-0.0035224 -0.0017934
-0.0034572 -0.0019392
-0.0029297 -0.0019776
-0.0026313 -0.0022656
-0.0020281 -0.0023777
-0.0014522 -0.0025940
-0.0009099 -0.0026479
-0.0005631 -0.0023189
-0.0004365 -0.0020752
-0.0003410 -0.0018521
-0.0003227 -0.0014742
-0.0000550 -0.0015787
-0.0000209 -0.0014909
 0.0003697 -0.0013930
 0.0007628 -0.0014423
 0.0010399 -0.0010601
 0.0009888 -0.0008972
 0.0009281 -0.0006198
 0.0006115 -0.0005009
 0.0004462 -0.0000186
 0.0001290 -0.0000991
-0.0000708 -0.0001153
-0.0003758 -0.0001964
-0.0007210 -0.0000379
-0.0010537 -0.0004705
-0.0013672 -0.0008964
-0.0016442 -0.0012598
-0.0016636 -0.0013957
-0.0015832 -0.0016331
-0.0014576 -0.0015198
-0.0013896 -0.0013961
-0.0015610 -0.0011468
-0.0016352 -0.0011230
-0.0019827 -0.0009776
-0.0023747 -0.0011135
-0.0026537 -0.0007291
-0.0027952 -0.0004728
-0.0028326 -0.0001364
-0.0028868  0.0002540
-0.0027693  0.0010679
-0.0032020  0.0015177
-0.0032185  0.0016883
-0.0031250  0.0016695
-0.0033523  0.0015256
-0.0033095  0.0014200
-0.0033566  0.0017072
-0.0034781  0.0016489
-0.0034282  0.0017850
-0.0031991  0.0018140
-0.0028127  0.0017303
-0.0027459  0.0018078
-0.0024019  0.0017263
-0.0020177  0.0017864
-0.0019020  0.0014063
-0.0014304  0.0016205
-0.0014979  0.0011748
-0.0014302  0.0011668
-0.0011623  0.0009382
-0.0011329  0.0006213
-0.0009906  0.0004798
-0.0007740  0.0003241
-0.0007786  0.0002143
-0.0008695  0.0002619
-0.0012109  0.0007717
-0.0015123  0.0009364
-0.0016321  0.0010626
-0.0016882  0.0007479
-0.0017443  0.0005056
-0.0013411  0.0001093
-0.0010496 -0.0002107
-0.0007525 -0.0004663
-0.0001973 -0.0006369
 0.0000679 -0.0006708
 0.0002870 -0.0006632
 0.0003907 -0.0004227
 0.0007601 -0.0002443
 0.0004111 -0.0001096
 0.0003519 -0.0002461
 0.0000612 -0.0000753
 0.0002035 -0.0002098
 0.0000198 -0.0002042
 0.0000648 -0.0000899
 0.0004480  0.0000312
 0.0004583  0.0000009
 0.0005804  0.0003798
 0.0005224  0.0002821
 0.0005041  0.0004615
 0.0003793  0.0005245
 0.0001807  0.0004480
 0.0001908  0.0004405
 0.0003747  0.0006921
 0.0004819  0.0005685
 0.0007898  0.0005694
 0.0011053  0.0004369
 0.0013826  0.0009071
 0.0015817  0.0010424
 0.0017494  0.0012723
 0.0019232  0.0011593
 0.0019303  0.0013926
 0.0018863  0.0012982
 0.0016398  0.0011674
 0.0015195  0.0012354
 0.0014499  0.0011036
 0.0013234  0.0007188
 0.0012808  0.0008230
 0.0012088  0.0001140
 0.0010941  0.0001982
 0.0012704 -0.0000600
 0.0011480 -0.0003273
 0.0009032 -0.0003170
 0.0010145 -0.0004141
 0.0007682 -0.0003976
 0.0005873 -0.0000831
 0.0002316  0.0001178
 0.0000108  0.0003580
-0.0004227  0.0009629
-0.0008171  0.0009738
-0.0013364  0.0009395
-0.0018758  0.0012588
-0.0021744  0.0006591
-0.0024047  0.0006258
-0.0025575  0.0005830
-0.0022822  0.0004702
-0.0024031  0.0008380
-0.0025099  0.0013771
-0.0028228  0.0016264
-0.0032839  0.0017346
-0.0035713  0.0018387
-0.0039936  0.0017602
-0.0041382  0.0015941
-0.0041220  0.0016891
-0.0039797  0.0019166
-0.0039882  0.0020127
-0.0039103  0.0020515
-0.0039351  0.0022742
-0.0041224  0.0023141
-0.0043120  0.0024042
-0.0045768  0.0018777
-0.0047286  0.0010967
-0.0047193  0.0001937
-0.0045570 -0.0008801
-0.0043586 -0.0017944
-0.0038539 -0.0024214
-0.0035568 -0.0030864
-0.0030698 -0.0031581
-0.0025036 -0.0030850
-0.0020827 -0.0028474
-0.0019963 -0.0024471
-0.0018309 -0.0023218
-0.0018866 -0.0020468
-0.0016268 -0.0017789
-0.0017042 -0.0015333
-0.0015695 -0.0012930
-0.0013695 -0.0009123
-0.0012758 -0.0007523
-0.0012811 -0.0006883
-0.0009674 -0.0006780
-0.0008731 -0.0004753
-0.0008021 -0.0004852
-0.0007117 -0.0008174
-0.0008009 -0.0012480
-0.0005433 -0.0014352
-0.0004793 -0.0017317
 0.0000280 -0.0023335
 0.0004596 -0.0024483
 0.0008720 -0.0024370
 0.0017259 -0.0022356
 0.0018981 -0.0018695
 0.0021549 -0.0015029
 0.0022229 -0.0013075
 0.0020687 -0.0012760
 0.0016975 -0.0012249
 0.0016793 -0.0015943
 0.0020645 -0.0016248
 0.0023820 -0.0014040
 0.0029582 -0.0010884
 0.0033012 -0.0005832
 0.0036932 -0.0000956
 0.0036324  0.0003515
 0.0033595  0.0005303
 0.0034051  0.0003444
 0.0031267 -0.0000478
 0.0029898 -0.0002598
 0.0034119 -0.0003460
 0.0037097 -0.0001998
 0.0039382  0.0003363
 0.0042479  0.0008005
 0.0041639  0.0016078
 0.0040034  0.0021373
 0.0033070  0.0026252
 0.0027072  0.0028902
 0.0020005  0.0029857
 0.0012383  0.0028480
 0.0009799  0.0026952
 0.0004742  0.0023865
 0.0003117  0.0023310
 0.0000345  0.0019555
-0.0002542  0.0021275
-0.0006462  0.0018601
-0.0011929  0.0017321
-0.0016301  0.0015508
-0.0017545  0.0012163
-0.0021059  0.0010899
-0.0022557  0.0006662
-0.0024828  0.0003141
-0.0022781 -0.0000711
-0.0023974 -0.0006281
-0.0020095 -0.0008307
-0.0017093 -0.0011513
-0.0016766 -0.0014713
-0.0012054 -0.0020875
-0.0010631 -0.0022613
-0.0010508 -0.0025609
-0.0008499 -0.0029456
-0.0008792 -0.0032180
-0.0006977 -0.0031897
-0.0006241 -0.0032150
-0.0004279 -0.0030093
-0.0003276 -0.0026391
-0.0006011 -0.0023918
-0.0006928 -0.0019816
-0.0008585 -0.0016275
-0.0009276 -0.0017519
-0.0010758 -0.0015914
-0.0009896 -0.0017660
-0.0008895 -0.0020053
-0.0007377 -0.0017961
-0.0007865 -0.0021191
-0.0007325 -0.0023002
-0.0007428 -0.0026807
-0.0008001 -0.0031093
-0.0004817 -0.0033723
-0.0002407 -0.0034976
 0.0000613 -0.0038796
 0.0001746 -0.0037948
 0.0003216 -0.0037667
 0.0001940 -0.0039886
 0.0001082 -0.0037108
-0.0001422 -0.0036739
-0.0001607 -0.0041016
-0.0004888 -0.0040132
-0.0003065 -0.0043994
-0.0001351 -0.0045182
-0.0002591 -0.0044639
-0.0001712 -0.0044081
-0.0002086 -0.0041663
-0.0001498 -0.0039440
-0.0001878 -0.0035879
-0.0002078 -0.0032712
-0.0002881 -0.0025911
-0.0002502 -0.0024929
-0.0001975 -0.0021267
-0.0000845 -0.0017149
 0.0001915 -0.0016725
 0.0004933 -0.0013305
 0.0009218 -0.0012673
 0.0012260 -0.0009764
 0.0014537 -0.0007137
 0.0015492 -0.0000856
 0.0016532  0.0003115
 0.0015940  0.0009032
 0.0014337  0.0016154
 0.0014196  0.0020499
 0.0012028  0.0025977
 0.0008722  0.0029783
 0.0008458  0.0032457
 0.0005416  0.0035586
 0.0006576  0.0034671
 0.0005935  0.0035033
 0.0009574  0.0037300
 0.0009696  0.0036888
 0.0010378  0.0039930
 0.0009524  0.0042211
 0.0009058  0.0044110
 0.0009046  0.0044292
 0.0007602  0.0047179
 0.0007223  0.0047195
 0.0005707  0.0047139
 0.0001677  0.0044448
 0.0002283  0.0045387
-0.0003173  0.0044168
-0.0004980  0.0041309
-0.0005905  0.0039335
-0.0009619  0.0035984
-0.0012001  0.0035899
-0.0014197  0.0034993
-0.0017245  0.0035271
-0.0021578  0.0035715
-0.0025807  0.0036743
-0.0025999  0.0033862
-0.0026021  0.0039191
-0.0027192  0.0037435
-0.0027624  0.0036526
-0.0028030  0.0038215
-0.0030503  0.0036935
-0.0030332  0.0033435
-0.0034409  0.0030723
-0.0035332  0.0025551
-0.0038687  0.0021520
-0.0040958  0.0015785
-0.0042954  0.0013683
-0.0046035  0.0008431
-0.0048233  0.0006749
-0.0050518  0.0003818
-0.0052741 -0.0001057
-0.0053137 -0.0004499
-0.0051920 -0.0008904
-0.0049911 -0.0008474
-0.0042567 -0.0013798
-0.0040472 -0.0018336
-0.0035895 -0.0021631
-0.0031919 -0.0023435
-0.0027590 -0.0027537
-0.0023206 -0.0031758
-0.0020164 -0.0033559
-0.0014219 -0.0036399
-0.0010214 -0.0037086
-0.0006128 -0.0040748
-0.0005708 -0.0040847
-0.0002103 -0.0040683
-0.0000609 -0.0040132
-0.0002586 -0.0040052
-0.0000210 -0.0040756
 0.0003242 -0.0041990
 0.0003311 -0.0041604
 0.0008567 -0.0041895
 0.0011555 -0.0040817
 0.0013852 -0.0035418
 0.0014234 -0.0032701
 0.0015788 -0.0029873
 0.0016652 -0.0028976
 0.0016644 -0.0028481
 0.0016889 -0.0028457
 0.0020838 -0.0026440
 0.0024990 -0.0025199
 0.0028842 -0.0024242
 0.0032381 -0.0019694
 0.0035352 -0.0013684
 0.0036533 -0.0010368
 0.0035719 -0.0006664
 0.0036256 -0.0000137
 0.0033089  0.0000222
 0.0035267  0.0005594
 0.0038568  0.0006487
 0.0043768  0.0006676
 0.0045781  0.0007427
 0.0050527  0.0009379
 0.0048652  0.0008814
 0.0047998  0.0010449
 0.0049932  0.0008917
 0.0047562  0.0009697
 0.0048543  0.0007175
 0.0048660  0.0005865
 0.0049028  0.0005185
 0.0050350  0.0006828
 0.0048862  0.0007900
 0.0046848  0.0006661
 0.0045243  0.0009404
 0.0044902  0.0009493
 0.0036508  0.0012210
 0.0032604  0.0016629
 0.0026506  0.0015870
 0.0017819  0.0021402
 0.0010271  0.0023901
 0.0003438  0.0024398
-0.0002642  0.0026047
-0.0005276  0.0027769
-0.0010304  0.0025920
-0.0011126  0.0026402
-0.0009099  0.0023891
-0.0006495  0.0021971
-0.0005249  0.0020231
-0.0003012  0.0019276
-0.0004891  0.0017515
-0.0004587  0.0014128
-0.0005614  0.0011788
-0.0005701  0.0008501
-0.0005297  0.0008108
-0.0003678  0.0008679
-0.0003886  0.0008556
-0.0001605  0.0009777
-0.0001490  0.0011565
-0.0001887  0.0011038
-0.0005943  0.0009736
-0.0006519  0.0008159
-0.0007758  0.0004476
-0.0007580  0.0005756
-0.0006145  0.0005053
-0.0002822  0.0004734
-0.0001125  0.0004391
 0.0000740  0.0007368
 0.0000409  0.0008497
-0.0000679  0.0010693
-0.0003387  0.0011483
-0.0003683  0.0012443
-0.0008803  0.0009748
-0.0012618  0.0003008
-0.0014561  0.0000434
-0.0015059 -0.0005255
-0.0012696 -0.0006511
-0.0012649 -0.0009971
-0.0012106 -0.0012660
-0.0011646 -0.0015603
-0.0011378 -0.0019239
-0.0010980 -0.0023516
-0.0009262 -0.0030039
-0.0004292 -0.0032916
 0.0000203 -0.0038160
 0.0002188 -0.0037137
 0.0005391 -0.0038933
 0.0008904 -0.0035863
 0.0010413 -0.0035576
 0.0011015 -0.0035548
 0.0011106 -0.0032746
 0.0011944 -0.0033107
 0.0015785 -0.0032128
 0.0019506 -0.0034241
 0.0023331 -0.0033359
 0.0030025 -0.0034186
 0.0033061 -0.0033486
 0.0035928 -0.0034241
 0.0037621 -0.0032777
 0.0038584 -0.0032486
 0.0036386 -0.0031303
 0.0033709 -0.0029928
 0.0030958 -0.0028186
 0.0027221 -0.0029791
 0.0023204 -0.0028158
 0.0020826 -0.0033128
 0.0019042 -0.0035134
 0.0018894 -0.0040432
 0.0018234 -0.0042420
 0.0020201 -0.0047212
 0.0020393 -0.0045218
 0.0024343 -0.0043076
 0.0025916 -0.0038552
 0.0027654 -0.0033044
 0.0029195 -0.0023243
 0.0030091 -0.0018225
 0.0028355 -0.0008904
 0.0027008 -0.0004471
 0.0022202  0.0001272
 0.0017779  0.0004232
 0.0012772  0.0005601
 0.0010273  0.0004066
 0.0004736  0.0002056
 0.0003838 -0.0000413
 0.0003884 -0.0000597
 0.0002084 -0.0003387
 0.0001650 -0.0004719
-0.0003332 -0.0002999
-0.0006570 -0.0001085
-0.0010394  0.0003051
-0.0015749  0.0006196
-0.0020423  0.0008972
-0.0019817  0.0012418
-0.0024506  0.0016477
-0.0028029  0.0016519
-0.0027056  0.0019333
-0.0031580  0.0016860
-0.0034069  0.0015871
-0.0033306  0.0014483
-0.0035343  0.0008306
-0.0036237  0.0007407
-0.0036070  0.0005857
-0.0034616  0.0004504
-0.0033201  0.0003604
-0.0030547  0.0001214
-0.0030177 -0.0000555
-0.0029402 -0.0007086
-0.0026556 -0.0006446
-0.0027523 -0.0009997
-0.0026271 -0.0010550
-0.0024923 -0.0011602
-0.0022415 -0.0012901
-0.0021360 -0.0010570
-0.0017980 -0.0010246
-0.0017780 -0.0012820
-0.0017174 -0.0013753
-0.0014659 -0.0015471
-0.0012313 -0.0017106
-0.0005215 -0.0018047
 0.0001015 -0.0016910
 0.0004820 -0.0018525
 0.0008720 -0.0018545
 0.0011427 -0.0015947
 0.0012805 -0.0013070
 0.0012914 -0.0007806
 0.0012352 -0.0005131
 0.0011217 -0.0003147
 0.0013670 -0.0003052
 0.0013790 -0.0000361
 0.0014255  0.0002231
 0.0016154  0.0003182
 0.0015649  0.0008344
 0.0017382  0.0008356
 0.0016103  0.0008552
 0.0016295  0.0009804
 0.0016009  0.0007468
 0.0013711  0.0007000
 0.0013029  0.0003488
 0.0011386  0.0003374
 0.0012847  0.0000700
 0.0014192  0.0000871
 0.0013629  0.0002767
 0.0016905  0.0000560
 0.0016253  0.0001325
 0.0018401  0.0003061
 0.0015939  0.0004329
 0.0016250  0.0006269
 0.0014940  0.0007465
 0.0013698  0.0013459
 0.0009974  0.0014381
 0.0006241  0.0016326
 0.0003560  0.0016360
 0.0002508  0.0014483
 0.0002399  0.0012868
 0.0003140  0.0010480
 0.0003621  0.0010022
 0.0007638  0.0008746
 0.0008504  0.0012889
 0.0012269  0.0013612
 0.0016900  0.0014345
 0.0020265  0.0019830
 0.0022690  0.0021075
 0.0023366  0.0025581
 0.0021745  0.0028537
 0.0017140  0.0031123
 0.0012649  0.0033898
 0.0010172  0.0033882
 0.0007204  0.0035384
 0.0005190  0.0034419
 0.0004148  0.0033980
 0.0002798  0.0035599
 0.0002969  0.0032234
 0.0001859  0.0030577
-0.0004280  0.0027119
-0.0005427  0.0021969
-0.0007419  0.0015351
-0.0009698  0.0011340
-0.0009197  0.0006340
-0.0008610  0.0005853
-0.0012221  0.0004034
-0.0012007  0.0006976
-0.0013652  0.0006299
-0.0015195  0.0007787
-0.0014898  0.0008313
-0.0012679  0.0005955
