[PARAMETERS]
DW=1E-007
TAU=8.8E-005
TD=4096
BS=4096
NS=512
NSC=512
FR=56.120000
GAIN=4.974204
D0=0.05
D1=5E-006
D2=1E-005
D3=2.5E-005
D4=1E-005
D5=5E-005
D6=0.001
D7=0.001
D8=0.001
D9=0.05
C0=1
SEGTD=0
SEGOFF=0
SEGNUM=0
[ADDITIONAL]
PPFILE=ZG_TWO_T2.PC
DATEWR=27.09.2024
TIMEWR=11:54:05
DATESTA=27.09.2024
TIMESTA=11:53:28
DATEEND=27.09.2024
TIMEEND=11:54:05
CURR_Z0=0
CURR_Z1=1
TE=-1
[VARIABLES]
_USER=Measurements
_EMAIL_F=7NMR.NMR-270-ijs.si
_ITC_H=1
_ITC_R0= 50.00
_ITC_R1= 50.00
_ITC_R2= 53.10
_ITC_R3=  0.00
_ITC_R4=  0.00
_ITC_V=  7.59
_ITC_X=X0A1C1S00H1
_FW=100
_ORIENT=?
_THETA=0
_TITLE=?
_DESCR1=?
_DESCR2=?
_FR_LARM=56.12000000
_FR_SYNT=526.12000000
_TRIMLEV=1.650390625
_DATE=27.09.2024
_TIME=11:49:32
[PPFILE]
; pi/2 - pi


DELAY D9
PULSE [GT] 3u
PULSE [PHL1,GT] D1
DELAY TAU-3u
PULSE [GT] 3u
PULSE [PHL2,GT] 2*D1
DELAY TAU-D3
PULSE [TR] 1u+DW
DELAY 1m
STOP

;PHL 1 [+X] [+X] [+Y] [+Y] [-X] [-X] [-Y] [-Y]
;PHL 2 [+Y] [-Y] [-X] [+X] [-Y] [+Y] [+X] [-X]
;!RLS +X+X+Y+Y-X-X-Y-Y

PHL 1 [+X] [+X] [-X] [-X] [+Y] [+Y] [-Y] [-Y] [+X] [+X] [-X] [-X] [+Y] [+Y] [-Y] [-Y]
PHL 2 [+Y] [-Y] [-Y] [+Y] [-X] [+X] [+X] [-X] [+X] [-X] [-X] [+X] [-Y] [+Y] [+Y] [-Y]
!RLS +X+X-X-X+Y+Y-Y-Y-X-X+X+X-Y-Y+Y+Y
[DATA]
 0.0008947 -0.0016081
 0.0010353 -0.0013072
 0.0009154 -0.0009325
 0.0007870 -0.0003980
 0.0008813 -0.0000799
 0.0006620  0.0001090
 0.0006151  0.0003551
 0.0005195  0.0003807
 0.0003171  0.0003182
 0.0002263  0.0003324
 0.0002685  0.0003685
 0.0002209  0.0003239
 0.0003579  0.0003218
 0.0003335  0.0002908
 0.0002647  0.0004276
 0.0005023  0.0005129
 0.0004164  0.0005772
 0.0003073  0.0007262
 0.0002912  0.0010520
 0.0002013  0.0012655
-0.0000003  0.0013854
-0.0002315  0.0014457
-0.0005617  0.0015298
-0.0006150  0.0016040
-0.0005903  0.0016005
-0.0006390  0.0015879
-0.0005811  0.0016563
-0.0005448  0.0016846
-0.0006598  0.0018339
-0.0007558  0.0019519
-0.0008665  0.0018790
-0.0012895  0.0019101
-0.0013340  0.0017433
-0.0015315  0.0015369
-0.0016138  0.0015573
-0.0015562  0.0013734
-0.0016005  0.0010706
-0.0015093  0.0009210
-0.0013495  0.0008615
-0.0013159  0.0008574
-0.0012897  0.0009013
-0.0012267  0.0009382
-0.0013122  0.0010845
-0.0014461  0.0010832
-0.0016364  0.0010180
-0.0019355  0.0010263
-0.0020871  0.0007997
-0.0022429  0.0006137
-0.0021098  0.0002605
-0.0020222  0.0000685
-0.0018997 -0.0002618
-0.0015665 -0.0004356
-0.0012687 -0.0006321
-0.0010850 -0.0006284
-0.0009788 -0.0008555
-0.0008874 -0.0011117
-0.0008553 -0.0013334
-0.0009311 -0.0015867
-0.0008766 -0.0017392
-0.0009354 -0.0019910
-0.0009217 -0.0019384
-0.0009478 -0.0021648
-0.0007683 -0.0019912
-0.0005139 -0.0018857
-0.0002383 -0.0018560
-0.0002309 -0.0015706
-0.0001016 -0.0013974
-0.0002428 -0.0013620
-0.0003346 -0.0012883
-0.0003865 -0.0012355
-0.0004704 -0.0010762
-0.0005370 -0.0010716
-0.0003646 -0.0007393
-0.0003758 -0.0006695
-0.0001316 -0.0004366
 0.0001008 -0.0004620
 0.0006130 -0.0003597
 0.0006406 -0.0003416
 0.0008713 -0.0000855
 0.0010358 -0.0000795
 0.0009441  0.0000306
 0.0010529  0.0001145
 0.0012456  0.0004507
 0.0014925  0.0005629
 0.0017701  0.0007997
 0.0020514  0.0009696
 0.0020553  0.0014270
 0.0022993  0.0015590
 0.0023625  0.0019773
 0.0023053  0.0023375
 0.0020762  0.0025899
 0.0018191  0.0027290
 0.0017139  0.0031207
 0.0013736  0.0031147
 0.0009701  0.0030270
 0.0006543  0.0030798
 0.0002484  0.0032266
-0.0001067  0.0030426
-0.0003205  0.0032088
-0.0004118  0.0030941
-0.0004115  0.0029782
-0.0004565  0.0032185
-0.0002167  0.0031476
-0.0001719  0.0031841
-0.0000098  0.0033479
-0.0001292  0.0034136
-0.0002006  0.0034830
-0.0001046  0.0033814
-0.0000346  0.0035480
-0.0001855  0.0035178
-0.0000620  0.0033757
 0.0000602  0.0030781
 0.0002538  0.0029454
 0.0004162  0.0029966
 0.0003474  0.0030445
 0.0004722  0.0033480
 0.0003742  0.0035923
 0.0000343  0.0035538
-0.0000989  0.0037733
 0.0000308  0.0034659
-0.0000205  0.0032786
 0.0003786  0.0027705
 0.0006107  0.0025029
 0.0008055  0.0023115
 0.0010407  0.0024879
 0.0012109  0.0023450
 0.0009134  0.0024730
 0.0010100  0.0025781
 0.0007594  0.0025406
 0.0004189  0.0026020
 0.0003450  0.0022431
 0.0002482  0.0020226
 0.0002308  0.0019755
 0.0003528  0.0017172
 0.0004367  0.0018510
 0.0007922  0.0019412
 0.0008791  0.0022556
 0.0009912  0.0026383
 0.0012277  0.0031152
 0.0013409  0.0034612
 0.0013724  0.0038257
 0.0014362  0.0039707
 0.0015386  0.0039998
 0.0014035  0.0038652
 0.0013018  0.0038871
 0.0013632  0.0037628
 0.0012740  0.0037402
 0.0011954  0.0037354
 0.0011560  0.0036539
 0.0010707  0.0037894
 0.0010858  0.0037939
 0.0012925  0.0036077
 0.0013692  0.0035340
 0.0016960  0.0034425
 0.0019557  0.0033547
 0.0024271  0.0032397
 0.0027635  0.0032928
 0.0029944  0.0033604
 0.0032072  0.0034143
 0.0032917  0.0036859
 0.0032480  0.0037903
 0.0034980  0.0041017
 0.0035734  0.0040508
 0.0037219  0.0041078
 0.0038810  0.0041768
 0.0040100  0.0040369
 0.0040235  0.0039136
 0.0041189  0.0040481
 0.0042862  0.0042213
 0.0043149  0.0045984
 0.0044350  0.0049198
 0.0045346  0.0053427
 0.0047359  0.0062131
 0.0048558  0.0065314
 0.0051241  0.0068728
 0.0052532  0.0071410
 0.0053601  0.0072952
 0.0052561  0.0075290
 0.0050887  0.0079151
 0.0048347  0.0082937
 0.0044084  0.0084486
 0.0038766  0.0088300
 0.0035913  0.0090058
 0.0034413  0.0091250
 0.0033028  0.0093101
 0.0032863  0.0095702
 0.0031678  0.0097708
 0.0030663  0.0100782
 0.0028168  0.0104946
 0.0023707  0.0106326
 0.0019677  0.0107982
 0.0013713  0.0108246
 0.0010060  0.0108632
 0.0005274  0.0106906
 0.0001930  0.0104885
-0.0001319  0.0102854
-0.0001642  0.0100675
-0.0003110  0.0097905
-0.0001941  0.0095085
-0.0001269  0.0093853
-0.0001081  0.0092262
-0.0000274  0.0092471
-0.0000331  0.0090159
-0.0002052  0.0088543
-0.0000845  0.0086986
-0.0001688  0.0086793
-0.0001871  0.0087925
 0.0000113  0.0090758
 0.0000647  0.0096683
-0.0000087  0.0101481
-0.0001522  0.0105562
-0.0000471  0.0108300
-0.0001571  0.0111278
-0.0000166  0.0112747
 0.0002693  0.0116363
 0.0005197  0.0120414
 0.0007362  0.0126529
 0.0009026  0.0131157
 0.0012114  0.0135448
 0.0016535  0.0138025
 0.0022439  0.0140825
 0.0028158  0.0142307
 0.0037418  0.0144277
 0.0045763  0.0146069
 0.0055835  0.0151942
 0.0065876  0.0159697
 0.0075896  0.0167909
 0.0084943  0.0178052
 0.0091264  0.0187865
 0.0096369  0.0197483
 0.0104254  0.0207161
 0.0112184  0.0216611
 0.0119607  0.0226961
 0.0129260  0.0236226
 0.0139920  0.0246272
 0.0150635  0.0259019
 0.0158325  0.0269212
 0.0165703  0.0280953
 0.0174064  0.0292423
 0.0181729  0.0302429
 0.0189450  0.0311704
 0.0199301  0.0319916
 0.0211543  0.0329746
 0.0221662  0.0340229
 0.0232493  0.0350633
 0.0244739  0.0361751
 0.0254707  0.0373013
 0.0265439  0.0384042
 0.0277514  0.0396329
 0.0290268  0.0408587
 0.0301836  0.0419959
 0.0315888  0.0433605
 0.0329605  0.0447042
 0.0345869  0.0462313
 0.0361867  0.0475975
 0.0375111  0.0492100
 0.0391148  0.0507747
 0.0405772  0.0523364
 0.0420295  0.0537792
 0.0434273  0.0552276
 0.0446299  0.0567980
 0.0458571  0.0582738
 0.0469321  0.0597355
 0.0480742  0.0611812
 0.0491590  0.0628689
 0.0504914  0.0644937
 0.0516773  0.0662234
 0.0529095  0.0679629
 0.0544161  0.0699777
 0.0558481  0.0717236
 0.0573122  0.0736988
 0.0589738  0.0753698
 0.0606634  0.0772527
 0.0625676  0.0792456
 0.0644080  0.0810879
 0.0662190  0.0829505
 0.0680426  0.0851070
 0.0700127  0.0870872
 0.0718590  0.0891123
 0.0738177  0.0914585
 0.0756304  0.0936428
 0.0774399  0.0960318
 0.0790361  0.0982787
 0.0808164  0.1007021
 0.0826240  0.1028926
 0.0845408  0.1051712
 0.0866519  0.1075905
 0.0888538  0.1099440
 0.0912091  0.1123194
 0.0935783  0.1148486
 0.0961155  0.1173450
 0.0985719  0.1201410
 0.1010982  0.1227515
 0.1036478  0.1255117
 0.1061546  0.1283962
 0.1087498  0.1311079
 0.1112034  0.1338702
 0.1136279  0.1365969
 0.1159489  0.1393490
 0.1184755  0.1420288
 0.1209857  0.1446451
 0.1237575  0.1471654
 0.1265574  0.1498777
 0.1294119  0.1525321
 0.1323837  0.1552414
 0.1352051  0.1580698
 0.1381261  0.1607181
 0.1408199  0.1634945
 0.1434856  0.1663488
 0.1461491  0.1690296
 0.1486272  0.1713940
 0.1510798  0.1736995
 0.1536438  0.1758714
 0.1562506  0.1780821
 0.1587037  0.1799168
 0.1614716  0.1819630
 0.1641220  0.1837746
 0.1666496  0.1855941
 0.1692004  0.1872486
 0.1716547  0.1889264
 0.1742517  0.1904134
 0.1766113  0.1916629
 0.1788392  0.1930019
 0.1808358  0.1940214
 0.1830105  0.1950625
 0.1848115  0.1957664
 0.1866583  0.1965143
 0.1882489  0.1968913
 0.1899141  0.1976775
 0.1914090  0.1981705
 0.1927491  0.1985004
 0.1940489  0.1990440
 0.1950660  0.1991413
 0.1961672  0.1992232
 0.1968670  0.1992440
 0.1977650  0.1988947
 0.1983843  0.1986089
 0.1990362  0.1981941
 0.1999039  0.1973844
 0.2003969  0.1967262
 0.2007934  0.1961758
 0.2011326  0.1953921
 0.2012740  0.1948033
 0.2013117  0.1942043
 0.2010315  0.1933506
 0.2005112  0.1925119
 0.2000018  0.1913675
 0.1992876  0.1899972
 0.1986379  0.1886394
 0.1980835  0.1872068
 0.1974444  0.1855661
 0.1968054  0.1839629
 0.1959969  0.1825884
 0.1951053  0.1811515
 0.1939072  0.1797342
 0.1925927  0.1780819
 0.1912494  0.1763742
 0.1896915  0.1745000
 0.1882859  0.1725297
 0.1866632  0.1704549
 0.1849951  0.1683167
 0.1835012  0.1662029
 0.1817308  0.1639240
 0.1801158  0.1617514
 0.1785320  0.1596257
 0.1768497  0.1575025
 0.1752570  0.1554775
 0.1737082  0.1534277
 0.1719446  0.1511678
 0.1701987  0.1489549
 0.1684475  0.1466233
 0.1666544  0.1442045
 0.1651087  0.1417529
 0.1634743  0.1395952
 0.1618631  0.1375076
 0.1599694  0.1356440
 0.1584634  0.1335094
 0.1564713  0.1314946
 0.1545804  0.1294885
 0.1527175  0.1273249
 0.1508315  0.1251134
 0.1489330  0.1227760
 0.1470278  0.1204855
 0.1451683  0.1181928
 0.1434390  0.1159764
 0.1417281  0.1137301
 0.1401337  0.1114955
 0.1383926  0.1093574
 0.1366366  0.1070800
 0.1349888  0.1048375
 0.1335098  0.1030052
 0.1318937  0.1010024
 0.1305050  0.0989588
 0.1290373  0.0972416
 0.1274572  0.0954171
 0.1258034  0.0936362
 0.1239221  0.0918556
 0.1221843  0.0899100
 0.1201888  0.0880713
 0.1182302  0.0859304
 0.1163172  0.0838359
 0.1145717  0.0817744
 0.1127201  0.0796742
 0.1108534  0.0777001
 0.1090238  0.0758263
 0.1071837  0.0740343
 0.1052843  0.0721735
 0.1032928  0.0703855
 0.1013453  0.0683999
 0.0994174  0.0664105
 0.0977449  0.0645400
 0.0958717  0.0627038
 0.0939064  0.0610043
 0.0922223  0.0594306
 0.0904528  0.0577653
 0.0885594  0.0564275
 0.0866956  0.0550047
 0.0846753  0.0535073
 0.0828200  0.0517600
 0.0808995  0.0501882
 0.0790445  0.0485092
 0.0772101  0.0468467
 0.0756389  0.0454970
 0.0740540  0.0438298
 0.0722062  0.0425302
 0.0706033  0.0411140
 0.0690325  0.0396895
 0.0673151  0.0382488
 0.0657928  0.0369411
 0.0641360  0.0354039
 0.0624162  0.0339655
 0.0606907  0.0325341
 0.0591687  0.0310452
 0.0575780  0.0295916
 0.0559614  0.0283916
 0.0543295  0.0271591
 0.0527759  0.0259854
 0.0511863  0.0248420
 0.0495499  0.0238036
 0.0482777  0.0226494
 0.0467850  0.0213123
 0.0456815  0.0201619
 0.0445917  0.0189535
 0.0436214  0.0181761
 0.0423280  0.0172124
 0.0412191  0.0164823
 0.0401348  0.0156975
 0.0388177  0.0149253
 0.0375624  0.0141951
 0.0367483  0.0132804
 0.0357343  0.0124428
 0.0349951  0.0115505
 0.0343685  0.0108669
 0.0336875  0.0102015
 0.0330520  0.0096246
 0.0323762  0.0091551
 0.0313678  0.0086867
 0.0304639  0.0081446
 0.0294444  0.0074434
 0.0284333  0.0067275
 0.0278414  0.0062006
 0.0270258  0.0055902
 0.0265360  0.0050718
 0.0259482  0.0049056
 0.0254590  0.0045746
 0.0248621  0.0042431
 0.0240585  0.0039850
 0.0233977  0.0036342
 0.0225837  0.0032347
 0.0219655  0.0029521
 0.0213729  0.0029057
 0.0207026  0.0025015
 0.0200715  0.0024912
 0.0195188  0.0024374
 0.0190534  0.0020879
 0.0187417  0.0019947
 0.0181336  0.0016999
 0.0178191  0.0015357
 0.0174600  0.0012448
 0.0170708  0.0009949
 0.0168630  0.0008423
 0.0166799  0.0006088
 0.0163795  0.0006677
 0.0162817  0.0006846
 0.0159537  0.0005579
 0.0155352  0.0005416
 0.0151707  0.0004761
 0.0148304  0.0003922
 0.0141977  0.0001426
 0.0139260 -0.0000934
 0.0137509 -0.0002620
 0.0135763 -0.0002885
 0.0133916 -0.0001132
 0.0132320  0.0000675
 0.0130420  0.0003760
 0.0127661  0.0006173
 0.0123602  0.0006498
 0.0120986  0.0007308
 0.0118508  0.0007086
 0.0116906  0.0005048
 0.0114711  0.0004610
 0.0112799  0.0005252
 0.0112098  0.0004536
 0.0109934  0.0006266
 0.0106110  0.0006752
 0.0100775  0.0007230
 0.0096638  0.0007992
 0.0093797  0.0006237
 0.0089659  0.0005808
 0.0087157  0.0002849
 0.0085221  0.0003792
 0.0082683  0.0004504
 0.0080537  0.0005044
 0.0077814  0.0005704
 0.0073355  0.0007362
 0.0069714  0.0008121
 0.0065355  0.0008867
 0.0060599  0.0007902
 0.0054372  0.0007692
 0.0047928  0.0004220
 0.0043126  0.0003725
 0.0038739  0.0001151
 0.0033638 -0.0003503
 0.0028605 -0.0003727
 0.0026406 -0.0005217
 0.0022708 -0.0005179
 0.0019141 -0.0004858
 0.0018156 -0.0003728
 0.0014208 -0.0003464
 0.0010270 -0.0003127
 0.0008525 -0.0003693
 0.0006950 -0.0003533
 0.0005853 -0.0003298
 0.0006561 -0.0002965
 0.0006468 -0.0002274
 0.0006143  0.0001019
 0.0006435  0.0000533
 0.0006250  0.0001330
 0.0008988  0.0000964
 0.0007582 -0.0001182
 0.0008499 -0.0004251
 0.0007290 -0.0007336
 0.0008965 -0.0011420
 0.0008491 -0.0015120
 0.0008490 -0.0017906
 0.0009092 -0.0020795
 0.0009425 -0.0021903
 0.0010023 -0.0023182
 0.0012439 -0.0026460
 0.0012934 -0.0025909
 0.0013332 -0.0026621
 0.0015045 -0.0028083
 0.0013996 -0.0030074
 0.0014476 -0.0030560
 0.0011642 -0.0031599
 0.0009871 -0.0031225
 0.0008063 -0.0030789
 0.0009129 -0.0028720
 0.0009282 -0.0027211
 0.0010158 -0.0024792
 0.0012090 -0.0021634
 0.0013942 -0.0020092
 0.0015466 -0.0018087
 0.0018095 -0.0017590
 0.0017126 -0.0016828
 0.0017400 -0.0016241
 0.0017045 -0.0014241
 0.0015829 -0.0012263
 0.0013858 -0.0009661
 0.0011702 -0.0007282
 0.0009502 -0.0006889
 0.0009159 -0.0004506
 0.0007445 -0.0003335
 0.0008741 -0.0001990
 0.0009881 -0.0000158
 0.0011460 -0.0000108
 0.0012614  0.0002905
 0.0015841  0.0005162
 0.0015813  0.0007744
 0.0015925  0.0010668
 0.0013685  0.0012737
 0.0012840  0.0012555
 0.0011086  0.0013546
 0.0010638  0.0013005
 0.0010099  0.0014457
 0.0009445  0.0014616
 0.0008915  0.0014151
 0.0007944  0.0015152
 0.0006868  0.0015689
 0.0006331  0.0016206
 0.0005905  0.0016442
 0.0004975  0.0015930
 0.0004854  0.0016459
 0.0002192  0.0016429
-0.0000108  0.0016096
-0.0004477  0.0017784
-0.0005868  0.0016425
-0.0010611  0.0016326
-0.0013138  0.0014668
-0.0015319  0.0014133
-0.0019251  0.0012413
-0.0019166  0.0012251
-0.0017812  0.0012125
-0.0017579  0.0012375
-0.0015639  0.0011322
-0.0013588  0.0011023
-0.0010912  0.0010527
-0.0010467  0.0010751
-0.0008728  0.0007756
-0.0009162  0.0003956
-0.0009307  0.0002302
-0.0008937 -0.0000397
-0.0009599 -0.0005056
-0.0008479 -0.0006896
-0.0008582 -0.0006129
-0.0007743 -0.0008274
-0.0006684 -0.0008394
-0.0006995 -0.0009611
-0.0006840 -0.0010721
-0.0006737 -0.0014334
-0.0006607 -0.0017990
-0.0007916 -0.0023526
-0.0005651 -0.0027266
-0.0005676 -0.0029439
-0.0005935 -0.0030814
-0.0003898 -0.0031659
-0.0004154 -0.0030536
-0.0004782 -0.0028300
-0.0005347 -0.0026527
-0.0006729 -0.0025360
-0.0007538 -0.0023910
-0.0007447 -0.0023885
-0.0007820 -0.0024312
-0.0009370 -0.0024154
-0.0007547 -0.0024052
-0.0005797 -0.0022892
-0.0006508 -0.0021399
-0.0007367 -0.0021078
-0.0007322 -0.0020110
-0.0008103 -0.0019069
-0.0007398 -0.0018775
-0.0004790 -0.0019736
-0.0003200 -0.0018830
 0.0000565 -0.0017847
 0.0000897 -0.0015828
 0.0004810 -0.0012822
 0.0008535 -0.0010798
 0.0012035 -0.0007010
 0.0012944 -0.0006912
 0.0016089 -0.0003504
 0.0017512 -0.0002356
 0.0018529  0.0001620
 0.0021538  0.0003540
 0.0020506  0.0006654
 0.0021770  0.0008598
 0.0022965  0.0012007
 0.0022667  0.0014732
 0.0021358  0.0018639
 0.0019067  0.0020893
 0.0017643  0.0022234
 0.0015939  0.0022682
 0.0013809  0.0021718
 0.0013390  0.0019708
 0.0013015  0.0022644
 0.0012302  0.0022168
 0.0010834  0.0022266
 0.0010692  0.0021236
 0.0009212  0.0017258
 0.0007727  0.0015398
 0.0006967  0.0011774
 0.0005869  0.0008811
 0.0002517  0.0006936
 0.0000493  0.0006470
-0.0002673  0.0008151
-0.0006241  0.0010023
-0.0008334  0.0010619
-0.0010713  0.0010570
-0.0012347  0.0009930
-0.0011383  0.0008020
-0.0009539  0.0005163
-0.0009919  0.0004567
-0.0010350  0.0001698
-0.0008790 -0.0000279
-0.0009105  0.0000330
-0.0010616 -0.0001866
-0.0011588 -0.0002582
-0.0011066 -0.0003367
-0.0014168 -0.0004891
-0.0016704 -0.0006776
-0.0016319 -0.0007311
-0.0017723 -0.0007359
-0.0018158 -0.0009620
-0.0016218 -0.0010356
-0.0015396 -0.0011793
-0.0012830 -0.0012683
-0.0013340 -0.0014264
-0.0010909 -0.0015853
-0.0010224 -0.0017821
-0.0011433 -0.0020817
-0.0010974 -0.0020836
-0.0010713 -0.0021853
-0.0009118 -0.0022796
-0.0008475 -0.0023920
-0.0005576 -0.0024667
-0.0002088 -0.0026574
 0.0001865 -0.0025488
 0.0005624 -0.0024736
 0.0009772 -0.0024781
 0.0011111 -0.0025257
 0.0014308 -0.0023953
 0.0016231 -0.0023602
 0.0016166 -0.0024353
 0.0014205 -0.0025953
 0.0016000 -0.0027794
 0.0016325 -0.0031037
 0.0018506 -0.0034090
 0.0020770 -0.0035216
 0.0021694 -0.0036713
 0.0023154 -0.0037096
 0.0025393 -0.0036961
 0.0027853 -0.0036015
 0.0026548 -0.0033813
 0.0026134 -0.0032797
 0.0024018 -0.0030605
 0.0021727 -0.0026900
 0.0020576 -0.0024548
 0.0018551 -0.0022976
 0.0017251 -0.0021089
 0.0016728 -0.0021244
 0.0015477 -0.0019316
 0.0015801 -0.0017993
 0.0015043 -0.0016969
 0.0012979 -0.0016189
 0.0013308 -0.0011618
 0.0013191 -0.0009293
 0.0012829 -0.0005292
 0.0013704 -0.0001437
 0.0015301  0.0002543
 0.0014184  0.0006618
 0.0015905  0.0008677
 0.0015622  0.0008335
 0.0016847  0.0010155
 0.0015890  0.0010429
 0.0015194  0.0009914
 0.0016758  0.0010201
 0.0015212  0.0012460
 0.0014046  0.0014013
 0.0013480  0.0015982
 0.0010365  0.0018443
 0.0009137  0.0017783
 0.0006663  0.0016563
 0.0006173  0.0014551
 0.0003278  0.0012964
 0.0002893  0.0012441
 0.0000983  0.0011270
 0.0000126  0.0011256
-0.0001450  0.0014050
-0.0003274  0.0015178
-0.0006243  0.0017078
-0.0008988  0.0020749
-0.0009812  0.0022504
-0.0011205  0.0023597
-0.0014728  0.0023782
-0.0015183  0.0023139
-0.0014560  0.0021175
-0.0014289  0.0020120
-0.0012780  0.0018772
-0.0011228  0.0018234
-0.0011014  0.0016935
-0.0008978  0.0017414
-0.0009942  0.0017442
-0.0008637  0.0016198
-0.0008684  0.0015430
-0.0009760  0.0014204
-0.0009673  0.0013277
-0.0010546  0.0012967
-0.0010061  0.0011489
-0.0009749  0.0008842
-0.0008951  0.0005564
-0.0007687  0.0005260
-0.0005632  0.0002238
-0.0004565  0.0001635
-0.0002970  0.0002095
-0.0003343  0.0004374
-0.0005946  0.0002820
-0.0008222  0.0001865
-0.0009866  0.0000472
-0.0012685 -0.0002199
-0.0014024 -0.0002355
-0.0013240 -0.0005319
-0.0013365 -0.0008592
-0.0011009 -0.0009148
-0.0008715 -0.0010603
-0.0003804 -0.0011324
-0.0001714 -0.0011756
 0.0000969 -0.0010182
 0.0003615 -0.0008026
 0.0002342 -0.0006158
 0.0003272 -0.0006445
 0.0004513 -0.0006958
 0.0004320 -0.0006774
 0.0005119 -0.0008789
 0.0005911 -0.0008409
 0.0007409 -0.0009230
 0.0007189 -0.0007650
 0.0006798 -0.0007262
 0.0006107 -0.0006025
 0.0006113 -0.0003763
 0.0004093 -0.0004395
 0.0002926 -0.0004514
 0.0002569 -0.0005460
 0.0002413 -0.0007076
 0.0001441 -0.0007889
 0.0000529 -0.0011179
 0.0003602 -0.0012689
 0.0003598 -0.0013688
 0.0006738 -0.0015300
 0.0007601 -0.0013548
 0.0009604 -0.0012578
 0.0009808 -0.0011104
 0.0010375 -0.0007560
 0.0011392 -0.0004247
 0.0011474 -0.0004269
 0.0009883 -0.0002869
 0.0008271 -0.0001399
 0.0005041 -0.0003238
 0.0001714 -0.0002870
 0.0000894 -0.0002740
-0.0000994 -0.0004013
-0.0000879 -0.0004451
-0.0000113 -0.0002715
-0.0000116  0.0000193
 0.0001753  0.0002383
 0.0001576  0.0003850
 0.0003614  0.0007573
 0.0003093  0.0008737
 0.0002238  0.0009019
 0.0001533  0.0009212
-0.0000735  0.0008015
-0.0001658  0.0007287
-0.0005280  0.0005462
-0.0005119  0.0005286
-0.0006558  0.0003420
-0.0009684  0.0003851
-0.0011888  0.0002965
-0.0015303  0.0003536
-0.0017887  0.0003084
-0.0022649  0.0003889
-0.0025648  0.0003271
-0.0027459  0.0003665
-0.0029877  0.0002524
-0.0031282  0.0002108
-0.0032347  0.0000906
-0.0033059 -0.0003168
-0.0032988 -0.0005623
-0.0029645 -0.0006770
-0.0029110 -0.0007372
-0.0027303 -0.0007935
-0.0024932 -0.0006458
-0.0024036 -0.0006938
-0.0024531 -0.0006509
-0.0023214 -0.0006562
-0.0023410 -0.0009656
-0.0020706 -0.0010353
-0.0017075 -0.0011127
-0.0011455 -0.0011168
-0.0009937 -0.0010747
-0.0008928 -0.0008351
-0.0011082 -0.0006803
-0.0012312 -0.0006327
-0.0012929 -0.0004707
-0.0012768 -0.0006372
-0.0012574 -0.0004171
-0.0011573 -0.0005183
-0.0008799 -0.0006280
-0.0006168 -0.0005273
-0.0003218 -0.0006458
-0.0001256 -0.0008110
 0.0002909 -0.0010288
 0.0004851 -0.0012537
 0.0009554 -0.0015219
 0.0013814 -0.0016229
 0.0018655 -0.0017083
 0.0021337 -0.0021499
 0.0023385 -0.0021352
 0.0024259 -0.0021638
 0.0024358 -0.0021201
 0.0024234 -0.0020655
 0.0023836 -0.0018413
 0.0025723 -0.0015761
 0.0026725 -0.0014710
 0.0027428 -0.0012026
 0.0029239 -0.0009482
 0.0029045 -0.0010044
 0.0029519 -0.0006337
 0.0030180 -0.0004352
 0.0029397 -0.0001759
 0.0027393  0.0000014
 0.0024754  0.0000672
 0.0023041 -0.0000857
 0.0021029  0.0000053
 0.0019539 -0.0000010
 0.0018453  0.0000899
 0.0016008 -0.0000218
 0.0014129 -0.0002497
 0.0014026 -0.0004076
 0.0013473 -0.0004152
 0.0011471 -0.0002814
 0.0010539 -0.0002045
 0.0008313 -0.0000733
 0.0006125  0.0001308
 0.0003628  0.0001387
 0.0000365  0.0001860
-0.0000963  0.0003829
-0.0003768  0.0003786
-0.0006956  0.0005037
-0.0007938  0.0007738
-0.0010772  0.0007374
-0.0012033  0.0010426
-0.0011546  0.0009484
-0.0012764  0.0008398
-0.0011938  0.0007293
-0.0010864  0.0006978
-0.0008459  0.0004860
-0.0005867  0.0003119
-0.0002459  0.0002768
 0.0001287  0.0002758
 0.0005729  0.0004289
 0.0005476  0.0004820
 0.0008620  0.0006391
 0.0005347  0.0006759
 0.0002320  0.0006268
-0.0001001  0.0004718
-0.0001845  0.0003076
-0.0003675  0.0002112
-0.0003322 -0.0000707
-0.0004416 -0.0001861
-0.0005149 -0.0004070
-0.0004142 -0.0005073
-0.0006016 -0.0005349
-0.0004456 -0.0007848
-0.0003823 -0.0007571
-0.0003190 -0.0007442
-0.0003435 -0.0006462
-0.0004343 -0.0007104
-0.0006512 -0.0007428
-0.0006975 -0.0007840
-0.0010117 -0.0007299
-0.0010870 -0.0007358
-0.0011080 -0.0008722
-0.0013107 -0.0009559
-0.0011663 -0.0009733
-0.0011658 -0.0012074
-0.0010845 -0.0013267
-0.0009335 -0.0015047
-0.0007913 -0.0015097
-0.0006400 -0.0016540
-0.0005829 -0.0018546
-0.0002621 -0.0017321
 0.0000725 -0.0017960
 0.0004077 -0.0019102
 0.0007616 -0.0019463
 0.0009734 -0.0019084
 0.0011154 -0.0017297
 0.0013174 -0.0015812
 0.0011702 -0.0013845
 0.0009897 -0.0010586
 0.0009662 -0.0009101
 0.0009496 -0.0005994
 0.0009426 -0.0005467
 0.0010080 -0.0004404
 0.0010872 -0.0003418
 0.0009806 -0.0001603
 0.0009930 -0.0001025
 0.0009257 -0.0000205
 0.0007367  0.0000173
 0.0005013  0.0000810
 0.0004045  0.0001383
 0.0002463  0.0000922
 0.0003725  0.0001251
 0.0004896  0.0002096
 0.0004154  0.0004784
 0.0002316  0.0009468
 0.0000605  0.0010394
-0.0000462  0.0013470
-0.0003640  0.0014124
-0.0003803  0.0014467
-0.0003336  0.0014003
-0.0003265  0.0012928
-0.0001960  0.0012649
-0.0001192  0.0013773
-0.0002536  0.0012038
-0.0002431  0.0012550
-0.0002490  0.0013064
-0.0001901  0.0013367
-0.0002920  0.0013824
-0.0002795  0.0011933
-0.0000460  0.0009818
 0.0001350  0.0010096
 0.0002387  0.0008589
 0.0005014  0.0007580
 0.0004916  0.0009922
 0.0003412  0.0009811
 0.0000225  0.0012374
-0.0001896  0.0014506
-0.0004629  0.0016387
-0.0009173  0.0019129
-0.0011714  0.0022278
-0.0013603  0.0021512
-0.0016184  0.0020389
-0.0017901  0.0018231
-0.0018556  0.0015801
-0.0020265  0.0014506
-0.0022614  0.0011852
-0.0023470  0.0008154
-0.0026634  0.0005858
-0.0027928  0.0003550
-0.0030800  0.0003488
-0.0031877  0.0002873
-0.0032190  0.0005074
-0.0033387  0.0006835
-0.0031553  0.0005633
-0.0029507  0.0005573
-0.0028184  0.0006543
-0.0024731  0.0006593
-0.0022476  0.0004328
-0.0020864  0.0003316
-0.0019085  0.0000553
-0.0018382 -0.0000385
-0.0017667 -0.0002974
-0.0019401 -0.0006078
-0.0018681 -0.0006592
-0.0021147 -0.0009059
-0.0020706 -0.0010924
-0.0019742 -0.0011933
-0.0019981 -0.0013720
-0.0017054 -0.0014295
-0.0014646 -0.0015498
-0.0011297 -0.0016759
-0.0008941 -0.0017414
-0.0006498 -0.0018038
-0.0003789 -0.0019385
-0.0001725 -0.0020347
-0.0000818 -0.0019684
-0.0000637 -0.0016906
-0.0002077 -0.0014838
-0.0002503 -0.0012905
-0.0004179 -0.0010963
-0.0004250 -0.0010007
-0.0005342 -0.0009653
-0.0003072 -0.0010872
-0.0001806 -0.0010567
 0.0001896 -0.0009828
 0.0003824 -0.0007336
 0.0006766 -0.0004686
 0.0008922 -0.0002532
 0.0010862  0.0001496
 0.0012281  0.0003286
 0.0015267  0.0004822
 0.0016002  0.0006124
 0.0018477  0.0008660
 0.0019260  0.0009447
 0.0019653  0.0010063
 0.0020628  0.0009670
 0.0020968  0.0010542
 0.0021112  0.0010809
 0.0020045  0.0013309
 0.0018326  0.0013709
 0.0016008  0.0017405
 0.0013253  0.0018776
 0.0010537  0.0021437
 0.0008626  0.0022740
 0.0007796  0.0024479
 0.0006263  0.0023093
 0.0004868  0.0024676
 0.0004232  0.0024036
 0.0001854  0.0024273
 0.0000542  0.0024593
-0.0002805  0.0024316
-0.0005211  0.0025141
-0.0007384  0.0024746
-0.0012470  0.0026893
-0.0014912  0.0025169
-0.0018400  0.0024506
-0.0020311  0.0025984
-0.0022223  0.0022519
-0.0020533  0.0021749
-0.0017847  0.0022039
-0.0016250  0.0022496
-0.0013852  0.0023590
-0.0012703  0.0023725
-0.0013323  0.0024564
-0.0014196  0.0025379
-0.0016896  0.0024025
-0.0020007  0.0021371
-0.0022169  0.0017209
-0.0024504  0.0013307
-0.0024086  0.0008479
-0.0023796  0.0005676
-0.0023819  0.0004610
-0.0024257  0.0001526
-0.0022923  0.0002693
-0.0023103  0.0003516
-0.0023463  0.0003810
-0.0024618  0.0004888
-0.0026928  0.0004420
-0.0028212  0.0004267
-0.0028801  0.0001775
-0.0028324  0.0000193
-0.0027368 -0.0000745
-0.0025685 -0.0001367
-0.0024971 -0.0001206
-0.0022608 -0.0002780
-0.0018717 -0.0003852
-0.0017425 -0.0004945
-0.0011536 -0.0005571
-0.0009354 -0.0004757
-0.0007301 -0.0005575
-0.0004703 -0.0005168
-0.0004194 -0.0005436
-0.0002231 -0.0005575
 0.0000916 -0.0006011
 0.0003083 -0.0004215
 0.0005254 -0.0004381
 0.0007280 -0.0003789
 0.0008454 -0.0004328
 0.0010764 -0.0002454
 0.0010379 -0.0001242
 0.0011459 -0.0001237
 0.0010589 -0.0000516
 0.0011364  0.0000990
 0.0010299  0.0001735
 0.0010983  0.0000658
 0.0008044 -0.0000457
 0.0007808 -0.0001935
 0.0006044 -0.0003223
 0.0005935 -0.0002417
 0.0004882 -0.0004587
 0.0005141 -0.0003861
 0.0005770 -0.0003552
 0.0006632 -0.0002906
 0.0007063 -0.0001390
 0.0005853  0.0000288
 0.0006730  0.0003296
 0.0006714  0.0006229
 0.0004895  0.0008089
 0.0003344  0.0011838
 0.0003242  0.0013870
 0.0001037  0.0016116
 0.0000442  0.0017111
 0.0000763  0.0017438
-0.0000746  0.0017494
-0.0000737  0.0017353
-0.0001705  0.0018185
-0.0003716  0.0017507
-0.0004053  0.0017428
-0.0006812  0.0017338
-0.0008978  0.0015656
-0.0010212  0.0015930
-0.0013187  0.0011157
-0.0014295  0.0008600
-0.0013724  0.0007687
-0.0014500  0.0004762
-0.0014372  0.0003180
-0.0014355  0.0003420
-0.0014315  0.0003167
-0.0015259  0.0002636
-0.0016018  0.0001725
-0.0019512  0.0000714
-0.0019998  0.0000603
-0.0020662 -0.0001807
-0.0020730 -0.0005030
-0.0020241 -0.0008459
-0.0018044 -0.0010147
-0.0014323 -0.0013103
-0.0014901 -0.0013305
-0.0013069 -0.0013221
-0.0015146 -0.0015070
-0.0015842 -0.0016462
-0.0016027 -0.0015869
-0.0015067 -0.0017294
-0.0014580 -0.0015778
-0.0012026 -0.0016283
-0.0011556 -0.0015181
-0.0011560 -0.0015414
-0.0009668 -0.0016350
-0.0010761 -0.0017056
-0.0010582 -0.0017376
-0.0008912 -0.0015955
-0.0010300 -0.0016216
-0.0011731 -0.0014879
-0.0011094 -0.0018028
-0.0010357 -0.0018747
-0.0010617 -0.0019845
-0.0008557 -0.0022792
-0.0007269 -0.0025666
-0.0005003 -0.0026094
-0.0001656 -0.0026670
 0.0000769 -0.0026018
 0.0003260 -0.0025456
 0.0004965 -0.0022589
 0.0005610 -0.0021074
 0.0003506 -0.0019548
 0.0003675 -0.0018532
 0.0004729 -0.0020225
 0.0006428 -0.0022568
 0.0008394 -0.0023133
 0.0010748 -0.0024116
 0.0014304 -0.0024241
 0.0014868 -0.0023260
 0.0016350 -0.0021470
 0.0017985 -0.0020699
 0.0018721 -0.0019112
 0.0019440 -0.0017917
 0.0019647 -0.0016218
 0.0020724 -0.0014153
 0.0019645 -0.0011660
 0.0019620 -0.0010052
 0.0019515 -0.0007720
 0.0019522 -0.0005178
 0.0021463 -0.0003964
 0.0022846 -0.0001264
 0.0023480  0.0000865
 0.0025430  0.0004503
 0.0027375  0.0005770
 0.0028621  0.0007392
 0.0030625  0.0009426
 0.0030625  0.0009551
 0.0028049  0.0009631
 0.0027327  0.0010165
 0.0025495  0.0009343
 0.0024303  0.0009416
 0.0022257  0.0006236
 0.0021699  0.0005094
 0.0024438  0.0001978
 0.0023961  0.0002797
 0.0024007  0.0002786
 0.0025514  0.0004008
 0.0023773  0.0005762
 0.0022473  0.0007524
 0.0018751  0.0009625
 0.0015251  0.0011084
 0.0011277  0.0011603
 0.0008259  0.0009824
 0.0005775  0.0011650
 0.0003861  0.0010081
 0.0003217  0.0010657
 0.0002047  0.0011066
-0.0001222  0.0011079
-0.0002865  0.0013302
-0.0004790  0.0014398
-0.0009077  0.0014704
-0.0007720  0.0014988
-0.0009940  0.0014640
-0.0009184  0.0012710
-0.0007348  0.0012476
-0.0007278  0.0010124
-0.0005611  0.0009512
-0.0003339  0.0008358
-0.0002173  0.0008422
-0.0001506  0.0007142
 0.0000281  0.0005788
 0.0000374  0.0003915
-0.0000958  0.0002320
-0.0003106 -0.0000351
-0.0005110 -0.0003129
-0.0007255 -0.0006824
-0.0007401 -0.0010424
-0.0008458 -0.0011087
-0.0005777 -0.0014518
-0.0004058 -0.0015417
-0.0002195 -0.0015824
 0.0001281 -0.0017106
 0.0004720 -0.0015463
 0.0006568 -0.0015276
 0.0007052 -0.0015055
 0.0007272 -0.0015357
 0.0005629 -0.0015252
 0.0004150 -0.0014968
 0.0003831 -0.0016866
 0.0002421 -0.0017430
 0.0003753 -0.0018896
 0.0004317 -0.0019034
 0.0005563 -0.0017965
 0.0008734 -0.0016542
 0.0008775 -0.0015632
 0.0009275 -0.0010337
 0.0009155 -0.0008714
 0.0010175 -0.0005042
 0.0009055 -0.0000948
 0.0008284  0.0002602
 0.0007307  0.0006189
 0.0005302  0.0007520
 0.0005987  0.0007290
 0.0005874  0.0005915
 0.0007627  0.0005684
 0.0010877  0.0006790
 0.0011223  0.0009858
 0.0015865  0.0012266
 0.0018850  0.0016575
 0.0017509  0.0020979
 0.0017475  0.0025561
 0.0017012  0.0025199
 0.0013489  0.0025863
 0.0015476  0.0025606
 0.0015342  0.0023903
 0.0014973  0.0023710
 0.0018130  0.0022643
 0.0019816  0.0021063
 0.0019669  0.0021779
 0.0021060  0.0021433
 0.0021827  0.0021645
 0.0018709  0.0020676
 0.0018022  0.0021380
 0.0015062  0.0020418
 0.0010138  0.0019110
 0.0007547  0.0015389
 0.0002701  0.0014326
-0.0000654  0.0012461
-0.0002297  0.0009257
-0.0004807  0.0007573
-0.0005275  0.0008543
-0.0004979  0.0008280
-0.0007177  0.0009365
-0.0006749  0.0010895
-0.0007474  0.0011555
-0.0009292  0.0013573
-0.0012815  0.0014375
-0.0018290  0.0014475
-0.0023421  0.0012444
-0.0026515  0.0012234
-0.0030156  0.0008906
-0.0031959  0.0008117
-0.0035104  0.0005404
-0.0036409  0.0005441
-0.0037959  0.0003901
-0.0038135  0.0005770
-0.0037196  0.0006094
-0.0035339  0.0007385
-0.0033961  0.0007593
-0.0031901  0.0008890
-0.0030660  0.0009333
-0.0028850  0.0008931
-0.0026644  0.0008330
-0.0024703  0.0008539
-0.0022208  0.0007169
-0.0020833  0.0006479
-0.0021417  0.0005888
-0.0019523  0.0004763
-0.0018117  0.0002928
-0.0018535  0.0000820
-0.0017129 -0.0002745
-0.0016230 -0.0004917
-0.0014879 -0.0008327
-0.0012853 -0.0010477
-0.0010171 -0.0012511
-0.0008951 -0.0012950
-0.0006610 -0.0012946
-0.0003448 -0.0011861
-0.0000132 -0.0009033
 0.0003843 -0.0006808
 0.0005854 -0.0006582
 0.0008563 -0.0005807
 0.0011517 -0.0004164
 0.0011468 -0.0001590
 0.0010113 -0.0000535
 0.0008277  0.0000191
 0.0004606  0.0002727
 0.0001443  0.0002117
-0.0000441 -0.0000786
-0.0002594 -0.0001078
-0.0003555 -0.0003714
-0.0002270 -0.0004432
-0.0002267 -0.0006702
-0.0001318 -0.0006421
 0.0000781 -0.0006196
 0.0001555 -0.0005982
 0.0001756 -0.0007140
 0.0002654 -0.0009139
 0.0003327 -0.0012079
 0.0005291 -0.0013568
 0.0006157 -0.0016646
 0.0008267 -0.0014498
 0.0011130 -0.0014391
 0.0011695 -0.0012633
 0.0011127 -0.0011666
 0.0011367 -0.0009227
 0.0012046 -0.0007955
 0.0011119 -0.0003919
 0.0010583 -0.0002797
 0.0008450  0.0001052
 0.0005572  0.0003167
 0.0001953  0.0004523
-0.0000189  0.0004317
-0.0002285  0.0006449
-0.0003932  0.0005491
-0.0004870  0.0008945
-0.0005737  0.0011328
-0.0005449  0.0013613
-0.0004899  0.0014334
-0.0007142  0.0016783
-0.0006897  0.0016833
-0.0009510  0.0016112
-0.0010217  0.0014481
-0.0010818  0.0014221
-0.0011734  0.0010569
-0.0008887  0.0008568
-0.0007406  0.0007457
-0.0007201  0.0009180
-0.0005799  0.0010885
-0.0007769  0.0013871
-0.0011702  0.0018403
-0.0014870  0.0021464
-0.0018927  0.0024472
-0.0024423  0.0024927
-0.0027820  0.0025137
-0.0029675  0.0025512
-0.0030028  0.0021967
-0.0029848  0.0018572
-0.0028373  0.0015549
-0.0025212  0.0010948
-0.0023114  0.0008789
-0.0019974  0.0006483
-0.0018603  0.0005584
-0.0017063  0.0003819
-0.0016461  0.0000612
-0.0014800 -0.0001632
-0.0012976 -0.0003987
-0.0009462 -0.0006822
-0.0006086 -0.0012490
-0.0002627 -0.0015943
 0.0000417 -0.0020408
 0.0000489 -0.0021583
 0.0000585 -0.0023720
 0.0000506 -0.0026006
-0.0000304 -0.0026012
-0.0001793 -0.0026538
-0.0001441 -0.0024463
-0.0001619 -0.0024978
 0.0000430 -0.0023940
 0.0000282 -0.0023309
 0.0002574 -0.0023164
 0.0003777 -0.0026378
 0.0005096 -0.0025420
 0.0004479 -0.0026592
 0.0006348 -0.0027233
 0.0006875 -0.0024993
 0.0007001 -0.0024840
 0.0006887 -0.0024088
 0.0006709 -0.0021300
 0.0007636 -0.0021195
 0.0008137 -0.0020884
 0.0008538 -0.0019199
 0.0009345 -0.0019941
 0.0010885 -0.0021247
 0.0012175 -0.0018562
 0.0014626 -0.0018212
 0.0014700 -0.0018792
 0.0014403 -0.0015727
 0.0013476 -0.0014030
 0.0010952 -0.0010340
 0.0009941 -0.0007879
 0.0006040 -0.0004019
 0.0004687  0.0000292
 0.0003447  0.0003962
 0.0003163  0.0006641
 0.0001262  0.0008919
 0.0000032  0.0010306
 0.0001228  0.0011317
 0.0001148  0.0011737
-0.0000000  0.0012657
 0.0001642  0.0012494
 0.0004529  0.0012840
 0.0005782  0.0011787
 0.0008091  0.0011171
 0.0006747  0.0010102
 0.0005603  0.0010254
 0.0003896  0.0010127
 0.0001654  0.0009143
 0.0000407  0.0009362
-0.0001185  0.0007207
 0.0000072  0.0007494
-0.0001115  0.0006907
 0.0001046  0.0008456
-0.0000292  0.0009739
-0.0000722  0.0010954
-0.0002452  0.0012284
-0.0002319  0.0013273
-0.0001885  0.0013081
-0.0002551  0.0012589
-0.0000727  0.0010488
 0.0001727  0.0008561
 0.0003598  0.0005114
 0.0005113  0.0004491
 0.0006935  0.0003543
 0.0005979  0.0002214
 0.0005734  0.0000330
 0.0005493  0.0000653
 0.0003988 -0.0000633
 0.0004370 -0.0001373
 0.0002753 -0.0002632
 0.0005330 -0.0003541
 0.0004620 -0.0006327
 0.0004897 -0.0006394
 0.0003490 -0.0009100
 0.0002432 -0.0009969
-0.0000554 -0.0009989
-0.0003999 -0.0009605
-0.0006629 -0.0011392
-0.0005762 -0.0012250
-0.0007655 -0.0011371
-0.0007814 -0.0013426
-0.0007451 -0.0013058
-0.0007034 -0.0014266
-0.0007994 -0.0015524
-0.0008786 -0.0016572
-0.0008917 -0.0014297
-0.0008461 -0.0014640
-0.0009413 -0.0011538
-0.0009206 -0.0012419
-0.0008181 -0.0010751
-0.0007990 -0.0011092
-0.0005451 -0.0013036
-0.0003674 -0.0012647
-0.0002480 -0.0012618
-0.0000136 -0.0013328
-0.0000857 -0.0014259
-0.0002199 -0.0011912
-0.0001242 -0.0011520
-0.0003540 -0.0010321
-0.0001860 -0.0008499
 0.0001166 -0.0006810
 0.0004281 -0.0005758
 0.0006984 -0.0001842
 0.0009429 -0.0001156
 0.0012327 -0.0001445
 0.0012930 -0.0000576
 0.0014328 -0.0001180
 0.0014259  0.0000134
 0.0014537  0.0002822
 0.0014239  0.0004608
 0.0012560  0.0007657
 0.0011503  0.0009133
 0.0010942  0.0010611
 0.0010570  0.0012845
 0.0010229  0.0016445
 0.0009066  0.0017259
 0.0009192  0.0022331
 0.0009052  0.0024065
 0.0009002  0.0024855
 0.0008523  0.0025261
 0.0010022  0.0023223
 0.0012415  0.0021967
 0.0015433  0.0021827
 0.0017436  0.0021833
 0.0018858  0.0020885
 0.0018363  0.0020609
 0.0017780  0.0022048
 0.0018076  0.0021841
 0.0016204  0.0025810
 0.0014379  0.0028864
 0.0013517  0.0031757
 0.0009770  0.0033406
 0.0008715  0.0034815
 0.0004307  0.0035949
 0.0003314  0.0036648
-0.0000070  0.0032204
-0.0001785  0.0031253
-0.0005055  0.0028790
-0.0007146  0.0024257
-0.0010981  0.0022835
-0.0012036  0.0021273
-0.0013677  0.0020244
-0.0017386  0.0021480
-0.0019704  0.0021229
-0.0020808  0.0019608
-0.0023027  0.0018577
-0.0023484  0.0016589
-0.0024148  0.0013214
-0.0023374  0.0009777
-0.0022770  0.0007526
-0.0023197  0.0004951
-0.0023143  0.0001579
-0.0023572 -0.0000950
-0.0023608 -0.0001349
-0.0024490 -0.0005052
-0.0023867 -0.0006600
-0.0022241 -0.0008760
-0.0020923 -0.0011405
-0.0016482 -0.0013054
-0.0014892 -0.0012925
-0.0012267 -0.0013744
-0.0010575 -0.0014195
-0.0008962 -0.0014880
-0.0006627 -0.0013334
-0.0004295 -0.0014008
-0.0003932 -0.0014045
-0.0002891 -0.0012280
-0.0004686 -0.0013439
-0.0004410 -0.0011572
-0.0006459 -0.0011259
-0.0007041 -0.0011305
-0.0006625 -0.0011745
-0.0007248 -0.0011885
-0.0005947 -0.0014609
-0.0004922 -0.0014220
-0.0004865 -0.0015727
-0.0003086 -0.0018243
-0.0000237 -0.0018825
 0.0000217 -0.0018052
 0.0000820 -0.0018277
 0.0003358 -0.0016969
 0.0003475 -0.0017098
 0.0004584 -0.0017934
 0.0006013 -0.0018891
 0.0010195 -0.0019509
 0.0014695 -0.0020699
 0.0017902 -0.0018887
 0.0022598 -0.0017263
 0.0026682 -0.0014979
 0.0028233 -0.0012454
 0.0029723 -0.0009345
 0.0029600 -0.0007540
 0.0027344 -0.0006443
 0.0026852 -0.0005315
 0.0026734 -0.0004478
 0.0025755 -0.0003834
 0.0024477 -0.0002857
 0.0024561 -0.0001819
 0.0022889  0.0000393
 0.0022046  0.0001953
 0.0019911  0.0005568
 0.0018979  0.0007174
 0.0017580  0.0008415
 0.0015398  0.0007773
 0.0014972  0.0008008
 0.0014379  0.0006881
 0.0012087  0.0006870
 0.0010421  0.0009016
 0.0009147  0.0012634
 0.0005956  0.0012898
 0.0005025  0.0015702
 0.0002147  0.0017314
 0.0002828  0.0016941
 0.0001232  0.0017129
 0.0000490  0.0015951
 0.0000771  0.0014486
 0.0001013  0.0013129
-0.0001115  0.0011579
-0.0001661  0.0009228
-0.0001464  0.0008834
-0.0002039  0.0008277
-0.0004021  0.0007111
-0.0005452  0.0005543
-0.0007122  0.0005281
-0.0011526  0.0002891
-0.0014015  0.0001714
-0.0016932  0.0000833
-0.0018229  0.0000304
-0.0019672 -0.0001580
-0.0020123 -0.0002597
-0.0019409 -0.0005451
-0.0019097 -0.0007152
-0.0018152 -0.0008271
-0.0019329 -0.0009405
-0.0020735 -0.0011232
-0.0021412 -0.0011970
-0.0022669 -0.0014059
-0.0023079 -0.0015039
-0.0021955 -0.0017159
-0.0021714 -0.0015875
-0.0021820 -0.0014825
-0.0022181 -0.0013137
-0.0024103 -0.0013767
-0.0023012 -0.0012654
-0.0024895 -0.0015552
-0.0025444 -0.0014956
-0.0023303 -0.0018160
-0.0023667 -0.0018306
-0.0019916 -0.0018480
-0.0019647 -0.0018476
-0.0018828 -0.0017998
-0.0016814 -0.0016591
-0.0016017 -0.0014674
-0.0016143 -0.0013473
-0.0015187 -0.0011840
-0.0013281 -0.0012110
-0.0014041 -0.0013201
-0.0010854 -0.0010977
-0.0010461 -0.0011934
-0.0009601 -0.0012468
-0.0008256 -0.0014306
-0.0007236 -0.0012985
-0.0006407 -0.0012997
-0.0003078 -0.0013481
-0.0000517 -0.0013061
 0.0002947 -0.0010409
 0.0007354 -0.0009727
 0.0009775 -0.0009863
 0.0012584 -0.0009204
 0.0016954 -0.0009365
 0.0017850 -0.0009201
 0.0021290 -0.0008277
 0.0021789 -0.0008172
 0.0020811 -0.0006616
 0.0022814 -0.0005386
 0.0022842 -0.0006015
 0.0023181 -0.0006256
 0.0023725 -0.0005356
 0.0025436 -0.0003405
 0.0026339 -0.0000711
 0.0024403  0.0002150
 0.0023262  0.0004375
 0.0021464  0.0007370
 0.0019726  0.0011225
 0.0018271  0.0013986
 0.0016387  0.0015821
 0.0013962  0.0019319
 0.0012174  0.0022373
 0.0009033  0.0023626
 0.0006569  0.0025542
 0.0004919  0.0024784
 0.0004374  0.0027384
 0.0005421  0.0028159
 0.0004092  0.0028287
 0.0004539  0.0029085
 0.0005648  0.0028704
 0.0005216  0.0028992
 0.0002340  0.0028719
 0.0002146  0.0027681
-0.0001037  0.0025571
-0.0003491  0.0024619
-0.0004402  0.0025543
-0.0007329  0.0023014
-0.0007450  0.0022634
-0.0008096  0.0021752
-0.0009549  0.0019225
-0.0007587  0.0019565
-0.0005542  0.0018592
-0.0005690  0.0017148
-0.0002951  0.0018955
-0.0003900  0.0015889
-0.0004216  0.0013585
-0.0005649  0.0012306
-0.0008887  0.0010714
-0.0010346  0.0008875
-0.0012387  0.0007195
-0.0014870  0.0006477
-0.0015721  0.0003531
-0.0014996  0.0003068
-0.0012585  0.0000843
-0.0013033  0.0000014
-0.0009818  0.0000116
-0.0008344 -0.0001882
-0.0007817 -0.0002312
-0.0007340 -0.0004554
-0.0006403 -0.0006191
-0.0007567 -0.0007332
-0.0006254 -0.0008195
-0.0004940 -0.0009362
-0.0004871 -0.0009514
-0.0004028 -0.0010545
-0.0001128 -0.0010584
-0.0002125 -0.0009183
-0.0001501 -0.0007067
-0.0004710 -0.0007693
-0.0006883 -0.0007553
-0.0007792 -0.0007317
-0.0006592 -0.0010665
-0.0004821 -0.0011138
-0.0003141 -0.0013130
-0.0000782 -0.0013789
 0.0000949 -0.0012302
 0.0004885 -0.0011456
 0.0007135 -0.0011082
 0.0008465 -0.0010092
 0.0010172 -0.0011302
 0.0010684 -0.0010283
 0.0011460 -0.0009478
 0.0012467 -0.0011533
 0.0012912 -0.0010516
 0.0014082 -0.0009333
 0.0015381 -0.0008755
 0.0016081 -0.0006997
 0.0016928 -0.0006931
 0.0017139 -0.0006099
 0.0019932 -0.0004880
 0.0022416 -0.0002332
 0.0023477 -0.0001683
 0.0023512  0.0000783
 0.0021591  0.0004487
 0.0020918  0.0004696
 0.0018514  0.0007021
 0.0015046  0.0008555
 0.0014468  0.0008596
 0.0010912  0.0007063
 0.0009644  0.0007109
 0.0008928  0.0004932
 0.0009118  0.0005671
 0.0009072  0.0006769
 0.0007936  0.0006423
 0.0007755  0.0005782
 0.0007204  0.0005722
 0.0006929  0.0005287
 0.0005334  0.0004905
 0.0003548  0.0004117
 0.0000114  0.0005667
 0.0000543  0.0006318
-0.0000926  0.0005556
-0.0001859  0.0006538
-0.0003376  0.0008068
-0.0004064  0.0007249
-0.0005559  0.0006547
-0.0005472  0.0004871
-0.0007781  0.0002641
-0.0007249 -0.0000415
-0.0009115 -0.0000508
-0.0013761 -0.0002734
-0.0015987 -0.0001809
-0.0019907 -0.0003818
-0.0025273 -0.0004339
-0.0029388 -0.0005460
-0.0033016 -0.0008283
-0.0033755 -0.0011028
-0.0031459 -0.0014379
-0.0029500 -0.0019015
-0.0026300 -0.0018663
-0.0024501 -0.0018057
-0.0023867 -0.0019016
-0.0023694 -0.0018907
-0.0026207 -0.0016918
-0.0027752 -0.0017934
-0.0029439 -0.0019080
-0.0029730 -0.0019429
-0.0027711 -0.0019951
-0.0023940 -0.0019335
-0.0019833 -0.0018339
-0.0016624 -0.0016300
-0.0012150 -0.0017478
-0.0007547 -0.0016994
-0.0003972 -0.0016571
-0.0002096 -0.0016290
-0.0004061 -0.0017719
-0.0004930 -0.0017796
-0.0007325 -0.0019270
-0.0008676 -0.0020004
-0.0010786 -0.0020878
-0.0010796 -0.0022958
-0.0008943 -0.0022358
-0.0006311 -0.0022935
-0.0007058 -0.0022219
-0.0005167 -0.0020939
-0.0004036 -0.0020569
-0.0004820 -0.0021024
-0.0002993 -0.0020697
-0.0002837 -0.0019982
-0.0002554 -0.0016778
-0.0001024 -0.0016159
-0.0000459 -0.0012435
-0.0000742 -0.0010303
-0.0000380 -0.0009643
-0.0002070 -0.0010090
 0.0000898 -0.0011114
 0.0000260 -0.0011691
 0.0001787 -0.0013128
 0.0004223 -0.0012452
 0.0003195 -0.0012087
 0.0001936 -0.0013508
 0.0002031 -0.0012894
 0.0001577 -0.0014123
 0.0000440 -0.0014458
 0.0002027 -0.0012531
 0.0003282 -0.0010527
 0.0002791 -0.0007592
 0.0001109 -0.0002699
-0.0000065 -0.0000538
-0.0002440  0.0006222
-0.0004557  0.0007874
-0.0005516  0.0008582
-0.0005510  0.0010016
-0.0003888  0.0010583
-0.0002844  0.0008489
 0.0000597  0.0009927
 0.0002214  0.0009126
 0.0004342  0.0010513
 0.0004999  0.0011152
 0.0006558  0.0011877
 0.0006736  0.0013903
 0.0006687  0.0016135
 0.0006587  0.0015587
 0.0007599  0.0017767
 0.0006135  0.0020088
 0.0005914  0.0019691
 0.0004986  0.0019759
 0.0004827  0.0021523
 0.0003712  0.0021561
 0.0003488  0.0021355
 0.0004657  0.0020673
 0.0007357  0.0019309
 0.0008989  0.0018891
 0.0008994  0.0016216
 0.0010540  0.0010529
 0.0011126  0.0008918
 0.0010535  0.0005083
 0.0010360  0.0001926
 0.0011914 -0.0001013
 0.0011030 -0.0005102
 0.0012353 -0.0006805
 0.0011502 -0.0006960
 0.0010891 -0.0007824
 0.0010619 -0.0006817
 0.0009090 -0.0003438
 0.0008782 -0.0002499
 0.0004886 -0.0002268
 0.0004255 -0.0000590
 0.0003821 -0.0001683
 0.0003290 -0.0001523
 0.0001700 -0.0000900
 0.0001498 -0.0003417
 0.0000288 -0.0004182
 0.0001012 -0.0006454
 0.0002738 -0.0009486
 0.0004000 -0.0010092
 0.0004746 -0.0011719
 0.0005586 -0.0013344
 0.0006042 -0.0014034
 0.0005855 -0.0014182
 0.0008205 -0.0014577
 0.0008634 -0.0013883
 0.0012259 -0.0013615
 0.0016184 -0.0014464
 0.0017706 -0.0013341
 0.0022077 -0.0011820
 0.0025503 -0.0011115
 0.0027371 -0.0011668
 0.0028689 -0.0010883
 0.0029570 -0.0009346
 0.0029447 -0.0008853
 0.0028370 -0.0010398
 0.0026801 -0.0010822
 0.0025094 -0.0009953
 0.0027311 -0.0012084
 0.0028945 -0.0011464
 0.0031407 -0.0010398
 0.0034643 -0.0010857
 0.0035491 -0.0007981
 0.0036888 -0.0006701
 0.0037809 -0.0004104
 0.0034972  0.0000372
 0.0033598  0.0002811
 0.0033150  0.0005694
 0.0030109  0.0009311
 0.0028376  0.0009118
 0.0025547  0.0011028
 0.0025523  0.0011788
 0.0025412  0.0011308
 0.0023089  0.0011951
 0.0023227  0.0012614
 0.0023618  0.0012917
 0.0024429  0.0013905
 0.0023023  0.0015764
 0.0024141  0.0016283
 0.0023257  0.0018333
 0.0020533  0.0020204
 0.0017309  0.0021943
 0.0011247  0.0024091
 0.0004542  0.0026592
-0.0000601  0.0026827
-0.0007796  0.0027864
-0.0012775  0.0027912
-0.0017850  0.0027076
-0.0019895  0.0027553
-0.0019489  0.0028227
-0.0018330  0.0028763
-0.0017510  0.0029014
-0.0016704  0.0030053
-0.0014567  0.0029855
-0.0012611  0.0026313
-0.0011235  0.0022781
-0.0011930  0.0021934
-0.0011982  0.0017702
-0.0012060  0.0016064
-0.0011830  0.0016606
-0.0013703  0.0016728
-0.0013566  0.0017522
-0.0014622  0.0017349
-0.0014055  0.0015694
-0.0012022  0.0012619
-0.0010737  0.0011849
-0.0008544  0.0009852
-0.0008827  0.0005879
-0.0009603  0.0005582
-0.0010472  0.0004096
-0.0011137  0.0003272
-0.0013333  0.0002484
-0.0015017  0.0002344
-0.0016162  0.0000229
-0.0015473 -0.0000925
-0.0015001 -0.0001967
-0.0013275 -0.0003225
-0.0011729 -0.0000599
-0.0010814 -0.0001375
-0.0007776  0.0000279
-0.0006300  0.0002155
-0.0003869  0.0003496
-0.0000456  0.0005294
 0.0001219  0.0007645
 0.0002949  0.0008902
 0.0003752  0.0008329
 0.0003411  0.0008578
 0.0005006  0.0008500
 0.0005285  0.0007731
 0.0005243  0.0007375
 0.0004947  0.0008285
 0.0006327  0.0006215
 0.0007143  0.0006638
 0.0006846  0.0006476
 0.0008014  0.0004652
 0.0010056  0.0005855
 0.0012266  0.0003435
 0.0013400  0.0004247
 0.0015218  0.0006993
 0.0015599  0.0008344
 0.0015208  0.0010896
 0.0013739  0.0013924
 0.0014494  0.0014507
 0.0014385  0.0013030
 0.0013836  0.0012992
 0.0015116  0.0012044
 0.0014820  0.0012100
 0.0015309  0.0009697
 0.0015836  0.0008705
 0.0015989  0.0010912
 0.0018537  0.0012050
 0.0017637  0.0016387
 0.0017528  0.0015905
 0.0016717  0.0021575
 0.0014140  0.0024831
 0.0013294  0.0025411
 0.0011310  0.0026365
 0.0005820  0.0025745
 0.0005000  0.0025533
 0.0005836  0.0023899
 0.0003761  0.0022784
 0.0006792  0.0022661
 0.0009002  0.0021373
 0.0009092  0.0019855
 0.0012167  0.0018723
 0.0012970  0.0020276
 0.0011338  0.0017715
 0.0011035  0.0017564
 0.0010304  0.0016732
 0.0007983  0.0016567
 0.0009272  0.0014730
 0.0007669  0.0013019
 0.0007715  0.0013094
 0.0006650  0.0015403
 0.0004936  0.0014584
 0.0002010  0.0014435
-0.0000281  0.0016853
-0.0001696  0.0015871
-0.0003882  0.0013998
-0.0004626  0.0012124
-0.0005759  0.0010844
-0.0008968  0.0007797
-0.0008766  0.0005818
-0.0012154  0.0001798
-0.0013026  0.0000107
-0.0013233 -0.0001900
-0.0011621 -0.0004557
-0.0013817 -0.0006312
-0.0011608 -0.0007221
-0.0012881 -0.0008116
-0.0014399 -0.0009182
-0.0014527 -0.0009616
-0.0013968 -0.0011540
-0.0013148 -0.0011328
-0.0011289 -0.0011735
-0.0009314 -0.0012754
-0.0006160 -0.0010686
 0.0000418 -0.0012921
 0.0005772 -0.0013968
 0.0008390 -0.0013130
 0.0013414 -0.0015425
 0.0015024 -0.0016237
 0.0016864 -0.0017302
 0.0016540 -0.0018848
 0.0015872 -0.0020868
 0.0016904 -0.0022548
 0.0016072 -0.0021992
 0.0014086 -0.0022183
 0.0013038 -0.0018883
 0.0012856 -0.0019072
 0.0012484 -0.0021484
 0.0011627 -0.0023306
 0.0012604 -0.0025253
 0.0015419 -0.0028309
 0.0017056 -0.0028376
 0.0017042 -0.0029296
 0.0018732 -0.0028948
 0.0018559 -0.0026885
 0.0018353 -0.0023912
 0.0018639 -0.0021079
 0.0018097 -0.0015712
 0.0017834 -0.0012878
 0.0019372 -0.0010685
 0.0021218 -0.0007230
 0.0022884 -0.0006274
 0.0024915 -0.0005442
 0.0027408 -0.0005117
 0.0025842 -0.0005211
 0.0024270 -0.0004603
 0.0023886 -0.0005903
 0.0022639 -0.0005942
 0.0021370 -0.0005844
 0.0020073 -0.0005246
 0.0018882 -0.0002771
 0.0016965 -0.0000586
 0.0018005  0.0001701
 0.0016702  0.0003087
 0.0015808  0.0004576
 0.0016932  0.0006115
 0.0014535  0.0007980
 0.0014469  0.0007728
 0.0012147  0.0007786
 0.0008020  0.0007562
 0.0005138  0.0007302
 0.0002151  0.0005586
-0.0001708  0.0003777
-0.0004237  0.0003525
-0.0006018  0.0003605
-0.0008553  0.0004467
-0.0011174  0.0006427
-0.0012865  0.0007080
-0.0015576  0.0006773
-0.0018814  0.0007080
-0.0021243  0.0006458
-0.0022259  0.0005428
-0.0023375  0.0002546
-0.0023822  0.0001085
-0.0025626  0.0000186
-0.0023671 -0.0002097
-0.0024001 -0.0003609
-0.0023281 -0.0003251
-0.0021460 -0.0004241
-0.0018215 -0.0004843
-0.0016075 -0.0003773
-0.0012461 -0.0003327
-0.0010211 -0.0003570
-0.0009133 -0.0004220
-0.0010179 -0.0004576
-0.0010212 -0.0005394
-0.0011208 -0.0006907
-0.0011228 -0.0006410
-0.0012164 -0.0006007
-0.0011687 -0.0005485
-0.0011836 -0.0004678
-0.0011471 -0.0003949
-0.0010333 -0.0004189
-0.0009865 -0.0003992
-0.0008192 -0.0006709
-0.0006912 -0.0009569
-0.0007356 -0.0012839
-0.0003712 -0.0016085
-0.0002911 -0.0019782
-0.0000755 -0.0024471
 0.0001762 -0.0029475
 0.0004432 -0.0031439
 0.0004897 -0.0034944
 0.0005459 -0.0038148
 0.0006499 -0.0039323
 0.0006380 -0.0039321
 0.0009927 -0.0038788
 0.0013279 -0.0036278
 0.0014441 -0.0032121
 0.0016875 -0.0028005
 0.0020334 -0.0023763
 0.0022674 -0.0021432
 0.0025203 -0.0018890
 0.0027724 -0.0017578
 0.0030062 -0.0017834
 0.0030659 -0.0016872
 0.0031750 -0.0017256
 0.0029343 -0.0017842
 0.0030912 -0.0018404
 0.0030862 -0.0021131
 0.0030652 -0.0021851
 0.0031264 -0.0020273
 0.0033450 -0.0020612
 0.0033992 -0.0020305
 0.0035123 -0.0018593
 0.0033823 -0.0016453
 0.0030394 -0.0014009
 0.0029074 -0.0013122
 0.0026854 -0.0015459
 0.0026940 -0.0013424
 0.0026545 -0.0013784
 0.0028156 -0.0011740
 0.0027313 -0.0009040
 0.0027922 -0.0006590
 0.0029879 -0.0006349
 0.0029427 -0.0002880
 0.0026660 -0.0003583
 0.0025065 -0.0004734
 0.0022252 -0.0003438
 0.0019293 -0.0004689
 0.0014204 -0.0006842
 0.0013594 -0.0006465
 0.0011686 -0.0008593
 0.0010902 -0.0008375
 0.0010623 -0.0007071
 0.0011338 -0.0007723
 0.0012530 -0.0006699
 0.0012747 -0.0007253
 0.0012807 -0.0007322
 0.0011826 -0.0008659
 0.0012618 -0.0009005
 0.0011773 -0.0010056
 0.0010844 -0.0010841
 0.0010984 -0.0012254
 0.0009453 -0.0013005
 0.0009791 -0.0013392
 0.0009420 -0.0012411
 0.0006861 -0.0012678
 0.0006526 -0.0012367
 0.0006304 -0.0012835
 0.0004806 -0.0013560
 0.0005160 -0.0014821
 0.0003658 -0.0016383
 0.0005518 -0.0016733
 0.0007384 -0.0019237
 0.0008754 -0.0021693
 0.0010507 -0.0021367
 0.0013710 -0.0023668
 0.0015966 -0.0025019
 0.0015144 -0.0026006
 0.0015896 -0.0024987
 0.0014065 -0.0024821
 0.0012860 -0.0024310
 0.0010693 -0.0024701
 0.0007808 -0.0023714
 0.0005703 -0.0021226
 0.0003632 -0.0019313
 0.0002727 -0.0017524
 0.0002455 -0.0017536
 0.0003782 -0.0017156
 0.0006169 -0.0017723
 0.0007039 -0.0018274
 0.0008456 -0.0018793
 0.0008494 -0.0018090
 0.0008193 -0.0019108
 0.0007453 -0.0021938
 0.0004413 -0.0022968
 0.0003473 -0.0024671
 0.0003830 -0.0026335
 0.0003157 -0.0027843
 0.0004046 -0.0029835
 0.0005913 -0.0029651
 0.0009883 -0.0030225
 0.0013762 -0.0029811
 0.0017087 -0.0030371
 0.0022573 -0.0029898
 0.0025303 -0.0027358
 0.0028038 -0.0025504
 0.0028807 -0.0024744
 0.0028588 -0.0019671
 0.0027190 -0.0017222
 0.0025281 -0.0014188
 0.0024085 -0.0010388
 0.0023129 -0.0005844
 0.0021079 -0.0002685
 0.0022890  0.0001156
 0.0022308  0.0003956
 0.0022879  0.0007148
 0.0019771  0.0006846
 0.0019851  0.0004235
 0.0017605  0.0002632
 0.0016314  0.0001126
 0.0014192  0.0000239
 0.0012964  0.0002556
 0.0010856  0.0004883
 0.0009553  0.0008585
 0.0008362  0.0012309
 0.0008586  0.0014382
 0.0005925  0.0015410
 0.0007624  0.0016459
 0.0006961  0.0017900
 0.0006323  0.0018281
 0.0006771  0.0017925
 0.0007946  0.0016666
 0.0006300  0.0018428
 0.0005694  0.0018634
 0.0003904  0.0019174
 0.0002987  0.0019327
 0.0002273  0.0020032
-0.0001093  0.0022328
-0.0002740  0.0022093
-0.0003478  0.0023445
-0.0002461  0.0024737
-0.0004812  0.0025386
-0.0005231  0.0023998
-0.0006833  0.0023432
-0.0008815  0.0021538
-0.0011540  0.0020122
-0.0014898  0.0017117
-0.0020034  0.0013308
-0.0024218  0.0010426
-0.0028077  0.0008175
-0.0030860  0.0005105
-0.0032005  0.0003183
-0.0031199  0.0000927
-0.0030242 -0.0000818
-0.0028657 -0.0000097
-0.0027460  0.0000237
-0.0025637 -0.0002406
-0.0023271 -0.0001769
-0.0024236 -0.0003251
-0.0024047 -0.0004300
-0.0025181 -0.0006301
-0.0025274 -0.0008778
-0.0025805 -0.0010155
-0.0023851 -0.0012061
-0.0023393 -0.0012102
-0.0020464 -0.0008670
-0.0017346 -0.0007518
-0.0016747 -0.0006165
-0.0014405 -0.0005946
-0.0012581 -0.0006409
-0.0007936 -0.0006318
-0.0007675 -0.0008003
-0.0005248 -0.0009712
-0.0006426 -0.0010791
-0.0004982 -0.0011056
-0.0003970 -0.0012128
-0.0003087 -0.0012420
-0.0001747 -0.0010773
 0.0001081 -0.0008522
 0.0004625 -0.0006013
 0.0008558 -0.0002096
 0.0008403  0.0000171
 0.0009981  0.0002610
 0.0008642  0.0004384
 0.0006914  0.0002972
 0.0005672  0.0004107
 0.0005839  0.0002010
 0.0003114  0.0001880
 0.0004238  0.0000769
 0.0003734 -0.0000756
 0.0001869 -0.0001936
 0.0002027 -0.0002844
 0.0003899 -0.0006350
 0.0005116 -0.0010252
 0.0007116 -0.0009839
 0.0009753 -0.0010965
 0.0011514 -0.0010112
 0.0012435 -0.0010152
 0.0014837 -0.0008838
 0.0014758 -0.0006219
 0.0015400 -0.0005480
 0.0012962 -0.0004014
 0.0011288 -0.0000839
 0.0011279 -0.0000953
 0.0008300  0.0000372
 0.0008396 -0.0000397
 0.0006039 -0.0000127
 0.0003652  0.0001204
 0.0001624  0.0002635
-0.0000853  0.0003733
-0.0005184  0.0005324
-0.0005166  0.0005279
-0.0006256  0.0005293
-0.0005891  0.0006699
-0.0004842  0.0004841
-0.0003323  0.0005904
-0.0003900  0.0005718
-0.0003933  0.0005577
-0.0003825  0.0006062
-0.0003849  0.0005042
-0.0003449  0.0003772
-0.0004185  0.0004199
-0.0002462  0.0004364
-0.0001130  0.0001984
-0.0000923  0.0004551
-0.0000889  0.0005915
-0.0003877  0.0008683
-0.0008203  0.0009930
-0.0011414  0.0012845
-0.0015701  0.0012761
-0.0019427  0.0012639
-0.0020944  0.0010443
-0.0025734  0.0007887
-0.0026410  0.0003592
-0.0028720  0.0001352
-0.0029734 -0.0001343
-0.0029178 -0.0003721
-0.0029001 -0.0005158
-0.0029601 -0.0004892
-0.0031111 -0.0006894
-0.0031698 -0.0006481
-0.0032387 -0.0007891
-0.0033723 -0.0009019
-0.0033855 -0.0009119
-0.0033888 -0.0010193
-0.0034340 -0.0011487
-0.0031596 -0.0013735
-0.0029191 -0.0015561
-0.0024729 -0.0018229
-0.0018938 -0.0018463
-0.0015347 -0.0016104
-0.0011757 -0.0014059
-0.0008701 -0.0010481
-0.0007576 -0.0007126
-0.0007602 -0.0004442
-0.0006834 -0.0003873
-0.0005043 -0.0003174
-0.0002984 -0.0004873
-0.0001580 -0.0005736
 0.0002294 -0.0008174
 0.0002605 -0.0007550
 0.0005508 -0.0006740
 0.0006308 -0.0005589
 0.0004528 -0.0002579
 0.0006437 -0.0001400
 0.0005809 -0.0002344
 0.0006628 -0.0001251
 0.0007399 -0.0002738
 0.0008595 -0.0003715
 0.0009303 -0.0003732
 0.0010736 -0.0005055
 0.0009548 -0.0005516
 0.0009754 -0.0005738
 0.0007614 -0.0005976
 0.0006903 -0.0006689
 0.0006293 -0.0007084
 0.0006770 -0.0006581
 0.0004321 -0.0006529
 0.0004166 -0.0006617
 0.0004124 -0.0007547
 0.0002762 -0.0008136
 0.0002668 -0.0009380
 0.0000772 -0.0008639
-0.0000905 -0.0006781
-0.0001652 -0.0005253
-0.0002830 -0.0003500
-0.0004841 -0.0001045
-0.0005907  0.0001000
-0.0009094  0.0002319
-0.0009620  0.0002018
-0.0010520  0.0000152
-0.0011765 -0.0000647
-0.0011078 -0.0001595
-0.0007802 -0.0001819
-0.0003847 -0.0000230
-0.0002081  0.0001451
 0.0000063  0.0005184
-0.0002026  0.0006592
-0.0002316  0.0009422
-0.0005144  0.0012292
-0.0006115  0.0011331
-0.0008533  0.0011182
-0.0008273  0.0011083
-0.0012886  0.0011702
-0.0013163  0.0010505
-0.0014519  0.0007750
-0.0017302  0.0005693
-0.0019116  0.0002037
-0.0021977  0.0000385
-0.0023917 -0.0001416
-0.0024678 -0.0001595
-0.0023530 -0.0002841
-0.0024644 -0.0000855
-0.0022444 -0.0001311
-0.0021357 -0.0002044
-0.0021436 -0.0000680
-0.0019048 -0.0000645
-0.0019107 -0.0001346
-0.0018825 -0.0000592
-0.0016750 -0.0000001
-0.0017014 -0.0000161
-0.0018319  0.0000037
-0.0017224 -0.0001729
-0.0017907 -0.0005010
-0.0017866 -0.0007058
-0.0015568 -0.0011112
-0.0015907 -0.0012348
-0.0014903 -0.0014932
-0.0011362 -0.0016346
-0.0008146 -0.0015000
-0.0006632 -0.0015263
-0.0002631 -0.0013710
-0.0001250 -0.0014864
 0.0001223 -0.0015064
 0.0004180 -0.0015769
 0.0006948 -0.0017355
 0.0009329 -0.0017429
 0.0011903 -0.0016271
 0.0012008 -0.0015310
 0.0012616 -0.0013957
 0.0015048 -0.0013375
 0.0015546 -0.0011663
 0.0017720 -0.0011024
 0.0020965 -0.0008947
 0.0023659 -0.0008465
 0.0027882 -0.0007701
 0.0030120 -0.0007131
 0.0032035 -0.0004156
 0.0032006 -0.0002904
 0.0030921 -0.0000809
 0.0030918 -0.0001700
 0.0028449  0.0000029
 0.0027063  0.0000095
 0.0025532  0.0001064
 0.0025936  0.0001261
 0.0024690  0.0001736
 0.0023315  0.0002480
 0.0021987  0.0004007
 0.0019482  0.0005181
 0.0016475  0.0005829
 0.0015172  0.0009002
 0.0011903  0.0009683
 0.0011514  0.0009293
 0.0009848  0.0009961
 0.0012689  0.0010632
 0.0013119  0.0010829
 0.0015166  0.0012671
 0.0016607  0.0012731
 0.0017001  0.0014768
 0.0016823  0.0013863
 0.0016626  0.0013873
 0.0016629  0.0011198
 0.0016285  0.0012363
 0.0016266  0.0011790
 0.0016542  0.0012418
 0.0018935  0.0012845
 0.0017627  0.0015043
 0.0016283  0.0017924
 0.0016187  0.0018178
 0.0013843  0.0019701
 0.0011212  0.0018527
 0.0009089  0.0016623
 0.0006811  0.0015864
 0.0004472  0.0015006
 0.0003895  0.0016636
 0.0004344  0.0019068
 0.0005693  0.0020982
 0.0007316  0.0024752
 0.0008742  0.0028430
 0.0009388  0.0031417
 0.0008553  0.0034537
 0.0008584  0.0037518
 0.0005837  0.0038330
 0.0001642  0.0039308
 0.0000238  0.0039208
-0.0001977  0.0038500
-0.0004120  0.0036391
-0.0004199  0.0034553
-0.0004566  0.0033284
-0.0004685  0.0031253
-0.0003596  0.0028604
-0.0004509  0.0025985
-0.0005063  0.0024263
-0.0004620  0.0022208
-0.0007034  0.0019855
-0.0004822  0.0019413
-0.0004761  0.0017830
-0.0006164  0.0014863
-0.0008132  0.0013497
-0.0009719  0.0011317
-0.0011036  0.0010584
-0.0013356  0.0009464
-0.0014522  0.0009960
-0.0015946  0.0009370
-0.0017738  0.0009085
-0.0017831  0.0008992
-0.0019294  0.0008542
-0.0017998  0.0008843
-0.0017046  0.0008509
-0.0014996  0.0005141
-0.0011063  0.0003401
-0.0008601  0.0002120
-0.0004538 -0.0000467
 0.0001351  0.0000720
 0.0005984  0.0001526
 0.0008770  0.0003136
 0.0012315  0.0002825
 0.0012119  0.0004910
 0.0013019  0.0005285
 0.0012026  0.0004967
 0.0011004  0.0002393
 0.0010536  0.0002153
 0.0008552 -0.0000454
 0.0008085 -0.0002316
 0.0006093 -0.0001411
 0.0005294 -0.0001463
 0.0004455  0.0000447
 0.0003251  0.0002792
 0.0002077  0.0004561
 0.0002117  0.0005813
 0.0001231  0.0007188
 0.0002540  0.0008790
 0.0002276  0.0010198
 0.0000468  0.0012215
 0.0000108  0.0013478
 0.0000221  0.0011389
-0.0000146  0.0013563
-0.0000386  0.0013201
-0.0000565  0.0011230
-0.0002542  0.0010224
 0.0000493  0.0008616
-0.0002756  0.0005960
-0.0003642  0.0006551
-0.0003202  0.0003687
-0.0005401  0.0003600
-0.0006789  0.0003173
-0.0009515  0.0001748
-0.0011769  0.0000167
-0.0013076  0.0001501
-0.0014390 -0.0000141
-0.0016775 -0.0000590
-0.0018036 -0.0002871
-0.0016615 -0.0003606
-0.0017061 -0.0004269
-0.0013537 -0.0004076
-0.0011988 -0.0005177
-0.0011446 -0.0004659
-0.0011408 -0.0007031
-0.0011448 -0.0005995
-0.0013039 -0.0006468
-0.0014438 -0.0005954
-0.0015143 -0.0005571
-0.0015184 -0.0006415
-0.0015145 -0.0005937
-0.0014137 -0.0005758
-0.0014867 -0.0007798
-0.0013628 -0.0009943
-0.0012586 -0.0012056
-0.0011468 -0.0013508
-0.0008569 -0.0016084
-0.0009022 -0.0017761
-0.0010230 -0.0017395
-0.0010595 -0.0016186
-0.0010912 -0.0015073
-0.0010656 -0.0015933
-0.0009721 -0.0014977
-0.0008304 -0.0015464
-0.0008104 -0.0015686
-0.0007187 -0.0015971
-0.0008638 -0.0017616
-0.0009451 -0.0019336
-0.0010965 -0.0020298
-0.0013392 -0.0021774
-0.0012130 -0.0023992
-0.0011309 -0.0025555
-0.0010163 -0.0025158
-0.0007613 -0.0024983
-0.0005698 -0.0024728
-0.0007453 -0.0023003
-0.0005055 -0.0022682
-0.0007606 -0.0024426
-0.0009029 -0.0023457
-0.0010116 -0.0024028
-0.0008964 -0.0026577
-0.0008035 -0.0024162
-0.0006070 -0.0023471
-0.0003169 -0.0023474
-0.0000040 -0.0020555
 0.0002053 -0.0021051
 0.0006065 -0.0019679
 0.0008776 -0.0019004
 0.0012654 -0.0018424
 0.0014339 -0.0019084
 0.0018391 -0.0017324
 0.0019838 -0.0016950
 0.0021762 -0.0016536
 0.0023106 -0.0014394
 0.0022319 -0.0012775
 0.0020772 -0.0014469
 0.0019425 -0.0014523
 0.0018344 -0.0014437
 0.0014050 -0.0015013
 0.0013071 -0.0014671
 0.0011010 -0.0013820
 0.0008692 -0.0012075
 0.0009307 -0.0009958
 0.0009334 -0.0007479
 0.0008481 -0.0005767
 0.0008515 -0.0005287
 0.0009012 -0.0005150
 0.0008793 -0.0005011
 0.0009797 -0.0004691
 0.0011671 -0.0003092
 0.0011564 -0.0003237
 0.0011924 -0.0003263
 0.0012669 -0.0003039
 0.0011317 -0.0003856
 0.0012201 -0.0004648
 0.0010710 -0.0002448
 0.0009408 -0.0002013
 0.0009273 -0.0000940
 0.0008515 -0.0001613
 0.0006019  0.0000826
 0.0007743 -0.0000874
 0.0007076 -0.0000956
 0.0007226 -0.0002494
 0.0008324 -0.0002284
 0.0009017 -0.0005452
 0.0010172 -0.0005421
 0.0009599 -0.0005827
 0.0008716 -0.0007372
 0.0007173 -0.0006593
 0.0004563 -0.0004542
 0.0003102 -0.0004514
-0.0001009 -0.0004842
-0.0001462 -0.0003805
-0.0003636 -0.0004518
-0.0004227 -0.0002332
-0.0005168  0.0000124
-0.0006095  0.0001643
-0.0006963  0.0001697
-0.0006079 -0.0000800
-0.0005537 -0.0001007
-0.0004321 -0.0002396
-0.0003522 -0.0004501
-0.0003750 -0.0007905
-0.0003552 -0.0006869
-0.0004612 -0.0009751
-0.0006630 -0.0013192
-0.0007987 -0.0016120
-0.0008926 -0.0020106
-0.0011671 -0.0023510
-0.0011257 -0.0027152
-0.0012784 -0.0030019
-0.0013345 -0.0033558
-0.0013539 -0.0033789
-0.0013494 -0.0035894
-0.0014779 -0.0034663
-0.0014461 -0.0033134
-0.0014264 -0.0034320
-0.0012646 -0.0034110
-0.0012652 -0.0032766
-0.0010306 -0.0033015
-0.0007160 -0.0030084
-0.0005737 -0.0028224
-0.0003431 -0.0025701
-0.0001579 -0.0022412
-0.0000542 -0.0020451
-0.0001098 -0.0019281
 0.0000411 -0.0018860
 0.0001909 -0.0017522
 0.0000702 -0.0019992
 0.0002647 -0.0022808
 0.0003888 -0.0025746
 0.0003173 -0.0029191
 0.0007410 -0.0030322
 0.0011267 -0.0030367
 0.0013669 -0.0032781
 0.0019978 -0.0029061
 0.0025631 -0.0023880
 0.0027628 -0.0020423
 0.0032285 -0.0013343
 0.0032175 -0.0007473
 0.0031387 -0.0003623
 0.0032528 -0.0000963
 0.0030591  0.0000958
 0.0031281  0.0002526
 0.0032470  0.0004097
 0.0032553  0.0006075
 0.0032437  0.0012542
 0.0032975  0.0014638
 0.0034155  0.0019714
 0.0032368  0.0025217
 0.0032339  0.0030942
 0.0028937  0.0036449
 0.0028679  0.0039282
 0.0027459  0.0042103
 0.0023460  0.0043049
 0.0020337  0.0044139
 0.0020900  0.0041426
 0.0017490  0.0039163
 0.0015452  0.0037380
 0.0018314  0.0032687
 0.0017123  0.0030135
 0.0017667  0.0028757
 0.0018342  0.0026303
 0.0016810  0.0025018
 0.0016084  0.0022447
 0.0013776  0.0018531
 0.0011899  0.0015516
 0.0009784  0.0012292
 0.0010628  0.0007888
 0.0008890  0.0006311
 0.0007830  0.0006075
 0.0007003  0.0005874
 0.0003873  0.0008092
-0.0000998  0.0009283
-0.0004829  0.0008189
-0.0005490  0.0006769
-0.0009113  0.0005894
-0.0011164  0.0002951
-0.0010582  0.0000532
-0.0011400 -0.0000573
-0.0009275 -0.0003593
-0.0007436 -0.0006560
-0.0006675 -0.0007451
-0.0004038 -0.0010528
-0.0001763 -0.0009991
-0.0000915 -0.0010691
-0.0000248 -0.0010475
 0.0001102 -0.0009686
 0.0001742 -0.0008390
 0.0000030 -0.0007054
-0.0000837 -0.0004225
-0.0001130 -0.0002265
-0.0003921  0.0000696
-0.0004226  0.0002467
-0.0003094  0.0004092
-0.0003879  0.0004607
-0.0002238  0.0004622
-0.0001083  0.0003815
-0.0000640  0.0002458
-0.0000205 -0.0000854
-0.0000022 -0.0002583
-0.0001182 -0.0003662
-0.0000152 -0.0006215
-0.0000721 -0.0008272
-0.0001314 -0.0008891
 0.0001332 -0.0010998
 0.0000244 -0.0012048
 0.0000747 -0.0015543
 0.0004148 -0.0018410
 0.0004422 -0.0018572
 0.0007808 -0.0018652
 0.0010798 -0.0017805
 0.0012458 -0.0014968
 0.0014184 -0.0008996
 0.0018143 -0.0005973
 0.0019955 -0.0003445
 0.0023133 -0.0001285
 0.0027335  0.0000806
 0.0029046 -0.0000252
 0.0029475  0.0001019
 0.0032557  0.0001559
 0.0030189  0.0000976
 0.0030300  0.0000209
 0.0029837 -0.0000135
 0.0026710 -0.0001197
 0.0024273  0.0001203
 0.0024794 -0.0000320
 0.0023440  0.0001022
 0.0024450  0.0002817
 0.0024018  0.0005222
 0.0024269  0.0006168
 0.0023571  0.0008329
 0.0024630  0.0009250
 0.0022669  0.0010777
 0.0023199  0.0012355
 0.0022731  0.0012949
 0.0021864  0.0017089
 0.0020364  0.0017548
 0.0015993  0.0020754
 0.0010348  0.0022428
 0.0004359  0.0022566
-0.0002063  0.0023751
-0.0007324  0.0023053
-0.0011548  0.0022894
-0.0014191  0.0021916
-0.0014345  0.0022016
-0.0013199  0.0021296
-0.0013041  0.0021081
-0.0013982  0.0018960
-0.0015991  0.0017448
-0.0017698  0.0014112
-0.0021527  0.0011392
-0.0026180  0.0009002
-0.0028624  0.0004681
-0.0031651  0.0003081
-0.0033963  0.0002013
-0.0035526  0.0000509
-0.0036960 -0.0002132
-0.0037213 -0.0004538
-0.0039565 -0.0005949
-0.0039727 -0.0009449
-0.0039828 -0.0009708
-0.0039526 -0.0010539
-0.0037591 -0.0011735
-0.0034807 -0.0014374
-0.0032724 -0.0015773
-0.0028522 -0.0016433
-0.0024558 -0.0019072
-0.0024103 -0.0020752
-0.0021009 -0.0019995
-0.0019615 -0.0020130
-0.0018180 -0.0016737
-0.0016363 -0.0016144
-0.0014009 -0.0016059
-0.0013771 -0.0014107
-0.0008845 -0.0014287
-0.0006095 -0.0016440
-0.0004352 -0.0017346
-0.0002385 -0.0019000
-0.0002315 -0.0018941
-0.0002153 -0.0020712
-0.0001746 -0.0020993
-0.0001776 -0.0021519
-0.0002304 -0.0021648
 0.0000681 -0.0022065
 0.0000604 -0.0021630
 0.0002056 -0.0021331
 0.0004423 -0.0018320
 0.0004362 -0.0019325
 0.0003120 -0.0016944
 0.0002034 -0.0018707
 0.0002619 -0.0019184
 0.0000782 -0.0020599
 0.0001193 -0.0021527
 0.0002506 -0.0022440
 0.0004762 -0.0022767
 0.0007593 -0.0021127
 0.0008152 -0.0019150
 0.0011225 -0.0017205
 0.0012917 -0.0013460
 0.0015669 -0.0008606
 0.0016692 -0.0006878
 0.0017623 -0.0005104
 0.0017311 -0.0003385
 0.0020431 -0.0002616
 0.0022065 -0.0004951
 0.0022982 -0.0005974
 0.0023782 -0.0006026
 0.0025114 -0.0005800
 0.0026353 -0.0005529
 0.0026594 -0.0005717
 0.0026351 -0.0004158
 0.0028593 -0.0001175
 0.0028687  0.0002067
 0.0026714  0.0004625
 0.0027728  0.0007555
 0.0027341  0.0010129
 0.0026296  0.0010748
 0.0026191  0.0012777
 0.0025754  0.0014416
 0.0023961  0.0015385
 0.0024721  0.0016548
 0.0023537  0.0014239
 0.0021157  0.0014612
 0.0020920  0.0012825
 0.0020020  0.0013525
 0.0017412  0.0013434
 0.0017426  0.0014159
 0.0017852  0.0016343
 0.0016446  0.0017253
 0.0015891  0.0017428
 0.0015670  0.0018357
 0.0014249  0.0018443
 0.0014599  0.0017647
 0.0013773  0.0015410
 0.0011570  0.0013443
 0.0009972  0.0013974
 0.0006669  0.0012223
 0.0004137  0.0009917
 0.0003413  0.0007518
 0.0003516  0.0005459
 0.0004215  0.0003073
 0.0003792  0.0000281
 0.0005146 -0.0001772
 0.0006113 -0.0002724
 0.0006787 -0.0002151
 0.0007515 -0.0001714
 0.0007210 -0.0001480
 0.0007599 -0.0001728
 0.0007702 -0.0003421
 0.0006822 -0.0005071
 0.0008104 -0.0006423
 0.0008355 -0.0006989
 0.0007289 -0.0008455
 0.0009628 -0.0009878
 0.0011080 -0.0012394
 0.0012642 -0.0014578
 0.0015796 -0.0015582
 0.0017837 -0.0017119
 0.0021710 -0.0016864
 0.0024431 -0.0018519
 0.0020537 -0.0016788
 0.0020377 -0.0016003
 0.0019510 -0.0015135
 0.0017980 -0.0014479
 0.0017598 -0.0014334
 0.0017719 -0.0015770
 0.0017208 -0.0016059
 0.0018277 -0.0017050
 0.0018170 -0.0017732
 0.0018962 -0.0018520
 0.0018230 -0.0017843
 0.0019089 -0.0017947
 0.0016977 -0.0017086
 0.0017220 -0.0015914
 0.0015783 -0.0016341
 0.0014540 -0.0013894
 0.0014225 -0.0012164
 0.0013511 -0.0014193
 0.0012518 -0.0012732
 0.0013856 -0.0013307
 0.0013167 -0.0016231
 0.0016639 -0.0015684
 0.0019875 -0.0016844
 0.0021838 -0.0017621
 0.0026704 -0.0015650
 0.0027010 -0.0011967
 0.0026675 -0.0010105
 0.0025139 -0.0007066
 0.0024236 -0.0005340
 0.0022727 -0.0003598
 0.0020522 -0.0001197
 0.0020562  0.0000647
 0.0017599  0.0002626
 0.0017307  0.0004398
 0.0018539  0.0007145
 0.0019953  0.0008838
 0.0019734  0.0013747
 0.0021568  0.0016320
 0.0018993  0.0021824
 0.0016687  0.0024117
 0.0011019  0.0027831
 0.0006605  0.0028661
 0.0000735  0.0028146
-0.0004678  0.0026183
-0.0007017  0.0023183
-0.0008376  0.0021486
-0.0008666  0.0020296
-0.0009277  0.0021261
-0.0008950  0.0021508
-0.0010892  0.0022429
-0.0013773  0.0023812
-0.0016305  0.0025524
-0.0018442  0.0028008
-0.0021033  0.0027262
-0.0021725  0.0027433
-0.0023564  0.0025545
-0.0024055  0.0025048
-0.0024009  0.0022707
-0.0024053  0.0022617
-0.0024336  0.0019962
-0.0025174  0.0017051
-0.0027739  0.0015503
-0.0026852  0.0011856
-0.0028732  0.0008939
-0.0028739  0.0006337
-0.0027854  0.0004830
-0.0025703  0.0004820
-0.0024259  0.0005832
-0.0020157  0.0006789
-0.0019185  0.0007373
-0.0016307  0.0006114
-0.0013227  0.0005207
-0.0011165  0.0005063
-0.0010053  0.0004019
-0.0007907  0.0004091
-0.0006441  0.0002617
-0.0005848  0.0002179
-0.0004214  0.0001566
-0.0004086  0.0001200
-0.0002683  0.0000627
-0.0000265 -0.0000236
-0.0001930  0.0000261
 0.0000092  0.0001034
-0.0000282  0.0002184
-0.0000044  0.0002545
 0.0000300  0.0003783
 0.0001612  0.0003346
 0.0002231  0.0003636
 0.0004571  0.0003923
 0.0003359  0.0003784
 0.0007723  0.0003362
 0.0009197  0.0001986
 0.0009961  0.0002924
 0.0010495  0.0002054
 0.0012483  0.0001858
 0.0012292  0.0002273
 0.0013402  0.0002939
 0.0014205  0.0003856
 0.0012303  0.0005225
 0.0011771  0.0005575
 0.0011397  0.0006064
 0.0010879  0.0007271
 0.0011953  0.0007998
 0.0009995  0.0009157
 0.0009006  0.0011019
 0.0009150  0.0013631
 0.0008530  0.0014815
 0.0007962  0.0016856
 0.0007962  0.0017614
 0.0008140  0.0018603
 0.0007947  0.0020067
 0.0007607  0.0022407
 0.0005273  0.0021350
 0.0004002  0.0022598
 0.0002275  0.0022117
-0.0001133  0.0022113
-0.0001432  0.0021913
-0.0000769  0.0023203
-0.0003884  0.0023571
-0.0002859  0.0025604
-0.0002552  0.0025296
-0.0004470  0.0024339
-0.0004225  0.0025296
-0.0003883  0.0022193
-0.0002767  0.0020817
-0.0003289  0.0021050
-0.0003283  0.0020897
-0.0004506  0.0018320
-0.0006954  0.0017977
-0.0009766  0.0014021
-0.0011847  0.0012584
-0.0014517  0.0012353
-0.0017942  0.0010104
-0.0020965  0.0008104
-0.0021583  0.0007915
-0.0019516  0.0006537
-0.0018942  0.0006563
-0.0017415  0.0007473
-0.0015086  0.0009588
-0.0014676  0.0010979
-0.0016055  0.0011445
-0.0016363  0.0011373
-0.0016511  0.0012710
-0.0016410  0.0010515
-0.0017574  0.0009928
-0.0015752  0.0010442
-0.0016060  0.0008636
-0.0015526  0.0005219
-0.0016167  0.0003922
-0.0015521  0.0000328
-0.0018272 -0.0003075
-0.0018679 -0.0008772
-0.0017881 -0.0014963
-0.0019341 -0.0020920
-0.0019550 -0.0025627
-0.0017219 -0.0030798
-0.0017830 -0.0035077
-0.0016836 -0.0037200
-0.0014268 -0.0040376
-0.0012793 -0.0042879
-0.0009425 -0.0043127
-0.0007957 -0.0045244
-0.0005303 -0.0044716
-0.0000154 -0.0044134
 0.0001619 -0.0042983
 0.0004660 -0.0039926
 0.0008196 -0.0037147
 0.0012330 -0.0032924
 0.0015170 -0.0026602
 0.0017819 -0.0026053
 0.0021890 -0.0022123
 0.0025141 -0.0019429
 0.0026786 -0.0017234
 0.0027994 -0.0015678
 0.0024836 -0.0015347
 0.0024263 -0.0015929
 0.0022894 -0.0016263
 0.0022047 -0.0016569
 0.0022115 -0.0015768
 0.0020198 -0.0013922
 0.0020732 -0.0010333
 0.0020310 -0.0008024
 0.0020486 -0.0004040
 0.0020956 -0.0001331
 0.0021879 -0.0000634
 0.0022143  0.0000047
 0.0023604  0.0000932
 0.0022707 -0.0000305
 0.0021335 -0.0001443
 0.0020106 -0.0003033
 0.0017185 -0.0003098
 0.0015410 -0.0004174
 0.0015726 -0.0004336
 0.0014741 -0.0002378
 0.0014202 -0.0001611
 0.0014086  0.0002395
 0.0013663  0.0004179
 0.0010876  0.0005238
 0.0008403  0.0005700
 0.0006322  0.0004701
 0.0004640  0.0005176
 0.0004022  0.0004126
 0.0003945  0.0004464
 0.0004148  0.0003250
 0.0007370  0.0004018
 0.0005461  0.0003879
 0.0006318  0.0003920
 0.0007520  0.0002400
 0.0007796  0.0003520
 0.0007540  0.0003014
 0.0006928  0.0002178
 0.0006839  0.0002997
 0.0006999  0.0003567
 0.0008071  0.0003078
 0.0010099  0.0004798
 0.0010855  0.0006467
 0.0010895  0.0008520
 0.0008157  0.0010336
 0.0008624  0.0012561
 0.0005650  0.0013486
 0.0000042  0.0013650
-0.0004239  0.0014042
-0.0008948  0.0011650
-0.0010971  0.0009415
-0.0014116  0.0006536
-0.0017481  0.0003673
-0.0016634 -0.0000508
-0.0017617 -0.0003867
-0.0016049 -0.0009195
-0.0014052 -0.0012172
-0.0010124 -0.0016818
-0.0007560 -0.0019569
-0.0002819 -0.0019558
-0.0001299 -0.0020856
 0.0001289 -0.0021425
 0.0002067 -0.0020608
 0.0003939 -0.0021090
 0.0006665 -0.0021407
 0.0006082 -0.0022781
 0.0009102 -0.0024327
 0.0011908 -0.0026037
 0.0013584 -0.0027254
 0.0017451 -0.0027892
 0.0022819 -0.0028606
 0.0027350 -0.0029229
 0.0031524 -0.0026135
 0.0034594 -0.0024146
 0.0038449 -0.0019583
 0.0038179 -0.0015727
 0.0037416 -0.0013463
 0.0034438 -0.0012691
 0.0031949 -0.0012184
 0.0030286 -0.0015088
 0.0031088 -0.0016551
 0.0032243 -0.0015553
 0.0034775 -0.0018633
 0.0039399 -0.0018065
 0.0043670 -0.0016618
 0.0047458 -0.0017089
 0.0048464 -0.0015623
 0.0051180 -0.0014132
 0.0052696 -0.0013553
 0.0052029 -0.0011150
 0.0051925 -0.0008652
 0.0050666 -0.0007193
 0.0047771 -0.0007809
 0.0047164 -0.0007108
 0.0045047 -0.0008036
 0.0043550 -0.0007247
 0.0041942 -0.0007355
 0.0040567 -0.0006206
 0.0038271 -0.0006981
 0.0038118 -0.0006176
 0.0038329 -0.0005257
 0.0037917 -0.0004651
 0.0037321 -0.0003411
 0.0037959 -0.0001107
 0.0038084  0.0002120
 0.0037125  0.0004433
 0.0036726  0.0005783
 0.0034248  0.0006526
 0.0032205  0.0005553
 0.0027970  0.0003055
 0.0027837  0.0002283
 0.0024460  0.0001042
 0.0023116  0.0001030
 0.0020152  0.0001517
 0.0019153  0.0001774
 0.0020191  0.0003856
 0.0021257  0.0006070
 0.0022415  0.0008342
 0.0024169  0.0011693
 0.0024533  0.0011640
 0.0025557  0.0014977
 0.0024391  0.0016624
 0.0023250  0.0018482
 0.0021209  0.0019268
 0.0019352  0.0020096
 0.0017576  0.0018652
 0.0016417  0.0016737
 0.0013270  0.0015492
 0.0012157  0.0014987
 0.0009771  0.0014472
 0.0008578  0.0014631
 0.0007380  0.0012338
 0.0005709  0.0010738
 0.0003738  0.0010183
 0.0003830  0.0011316
 0.0001631  0.0009916
 0.0001879  0.0006670
 0.0001417  0.0004158
 0.0002493  0.0003515
 0.0002927  0.0000028
 0.0002370  0.0000501
 0.0002544 -0.0000352
 0.0002158  0.0000415
 0.0000613  0.0000369
-0.0001279  0.0000221
-0.0002255  0.0000445
-0.0003947 -0.0000841
-0.0006193 -0.0001136
-0.0006155 -0.0002949
-0.0007233 -0.0005686
-0.0005646 -0.0008547
-0.0004393 -0.0009442
-0.0000152 -0.0012070
 0.0002976 -0.0013629
 0.0009203 -0.0013412
 0.0012754 -0.0015213
 0.0016439 -0.0015343
 0.0017118 -0.0014643
 0.0018847 -0.0013115
 0.0019938 -0.0013180
 0.0021048 -0.0011725
 0.0022319 -0.0010287
 0.0022949 -0.0009314
 0.0023307 -0.0008967
 0.0024146 -0.0007060
 0.0024647 -0.0004338
 0.0023393 -0.0001399
 0.0023020  0.0001757
 0.0021998  0.0003993
 0.0019807  0.0007826
 0.0018748  0.0010802
 0.0018047  0.0011476
 0.0015807  0.0012419
 0.0016108  0.0012751
 0.0017601  0.0012143
 0.0017116  0.0011911
 0.0018794  0.0009309
 0.0019103  0.0008564
 0.0019869  0.0007711
 0.0019641  0.0007756
 0.0019253  0.0006996
 0.0017128  0.0006431
 0.0015801  0.0008339
 0.0013835  0.0011077
 0.0012418  0.0013691
 0.0008216  0.0017518
 0.0005362  0.0020850
 0.0003044  0.0022248
 0.0000589  0.0022638
-0.0000361  0.0024748
-0.0002285  0.0023939
-0.0003340  0.0024525
-0.0004251  0.0025651
-0.0003413  0.0024963
-0.0003337  0.0024110
-0.0004951  0.0024572
-0.0008017  0.0022610
-0.0011576  0.0020740
-0.0016958  0.0019415
-0.0019604  0.0018717
-0.0023618  0.0016177
-0.0025392  0.0014724
-0.0028710  0.0013449
-0.0030656  0.0013634
-0.0030872  0.0012725
-0.0031087  0.0012965
-0.0029137  0.0011704
-0.0029231  0.0011505
-0.0027256  0.0010670
-0.0027148  0.0008312
-0.0025152  0.0007068
-0.0024682  0.0005576
-0.0023773  0.0002519
-0.0022732  0.0002360
-0.0019973  0.0000157
-0.0019612 -0.0002861
-0.0020372 -0.0005696
-0.0019829 -0.0008142
-0.0019090 -0.0009911
-0.0021911 -0.0012585
-0.0024461 -0.0015823
-0.0024790 -0.0019395
-0.0023538 -0.0020586
-0.0021951 -0.0024988
-0.0021257 -0.0027774
-0.0018673 -0.0029089
-0.0016754 -0.0030974
-0.0016188 -0.0031382
-0.0014125 -0.0030969
-0.0011212 -0.0029766
-0.0009235 -0.0028742
-0.0007495 -0.0026607
-0.0005885 -0.0022659
-0.0003925 -0.0022430
-0.0001166 -0.0021692
-0.0000722 -0.0020801
 0.0000653 -0.0019632
 0.0001184 -0.0019634
 0.0003475 -0.0019390
 0.0005014 -0.0017972
 0.0005607 -0.0017413
 0.0006848 -0.0015957
 0.0006378 -0.0014162
 0.0008552 -0.0012932
 0.0009731 -0.0012434
 0.0009533 -0.0011675
 0.0011272 -0.0010475
 0.0012473 -0.0009318
 0.0012322 -0.0006815
 0.0014294 -0.0005859
 0.0013127 -0.0004860
 0.0011713 -0.0004679
 0.0010935 -0.0003486
 0.0010957 -0.0005243
 0.0011761 -0.0006782
 0.0012542 -0.0008655
 0.0015329 -0.0009061
 0.0017541 -0.0008731
 0.0020225 -0.0007743
 0.0022471 -0.0005465
 0.0024278 -0.0003744
 0.0024903 -0.0000931
 0.0024838  0.0001996
 0.0021819  0.0004955
 0.0021061  0.0005787
 0.0021706  0.0009548
 0.0020382  0.0011124
 0.0017714  0.0014244
 0.0015228  0.0016363
 0.0012365  0.0017065
 0.0010035  0.0016387
 0.0006729  0.0013721
 0.0002607  0.0010019
 0.0000053  0.0005475
 0.0000102  0.0002684
-0.0000444  0.0000511
-0.0000214 -0.0002472
-0.0000087 -0.0003404
 0.0000754 -0.0003650
 0.0001661 -0.0003481
 0.0003683 -0.0003140
 0.0005938 -0.0005376
 0.0007201 -0.0003586
 0.0006936 -0.0000983
 0.0006639  0.0002146
 0.0003449  0.0004746
-0.0000754  0.0008093
-0.0004734  0.0010309
-0.0006892  0.0011669
-0.0011383  0.0013106
-0.0013783  0.0011557
-0.0017974  0.0010393
-0.0019744  0.0009226
-0.0018638  0.0007011
-0.0019077  0.0005229
-0.0018366  0.0001767
-0.0016833  0.0001141
-0.0013613 -0.0002462
-0.0012590 -0.0002700
-0.0008374 -0.0001407
-0.0007027 -0.0001373
-0.0004810 -0.0000489
-0.0003909 -0.0000014
-0.0002855  0.0000851
-0.0002445  0.0001679
-0.0000732  0.0002010
 0.0000835  0.0003993
 0.0001632  0.0004706
 0.0001131  0.0006204
 0.0001910  0.0007322
 0.0000773  0.0006861
 0.0000884  0.0003922
 0.0002632  0.0002315
 0.0003276  0.0002070
 0.0003798 -0.0002012
 0.0005369 -0.0004246
 0.0005673 -0.0006468
 0.0005388 -0.0008351
 0.0005579 -0.0011827
 0.0006799 -0.0014128
 0.0005508 -0.0015161
 0.0005901 -0.0016847
 0.0006343 -0.0018881
 0.0007791 -0.0019408
 0.0009100 -0.0019678
 0.0010293 -0.0019870
 0.0012701 -0.0019120
 0.0014312 -0.0019595
 0.0017776 -0.0018684
 0.0021004 -0.0017140
 0.0025223 -0.0015091
 0.0031282 -0.0014061
 0.0034499 -0.0012186
 0.0038194 -0.0009378
 0.0039235 -0.0008728
 0.0038991 -0.0009002
 0.0038876 -0.0008084
 0.0038228 -0.0008697
 0.0037421 -0.0006100
 0.0038440 -0.0004996
 0.0038054 -0.0005988
 0.0035285 -0.0002581
 0.0033592 -0.0000125
 0.0031859  0.0002854
 0.0029498  0.0005884
 0.0027054  0.0007766
 0.0026491  0.0010461
 0.0022866  0.0012249
 0.0021536  0.0013882
 0.0017556  0.0016106
 0.0013477  0.0015476
 0.0010449  0.0016404
 0.0008487  0.0015254
 0.0004928  0.0014231
 0.0001520  0.0013183
-0.0002424  0.0013346
-0.0002702  0.0014111
-0.0003918  0.0014445
-0.0008431  0.0014366
-0.0011011  0.0013230
-0.0014645  0.0011421
-0.0015547  0.0009826
-0.0016113  0.0009318
-0.0016954  0.0007392
-0.0016033  0.0007826
-0.0014907  0.0008870
-0.0014234  0.0009955
-0.0016288  0.0009685
-0.0019592  0.0009470
-0.0024609  0.0008171
-0.0028334  0.0003064
-0.0029864  0.0001419
-0.0030613 -0.0001948
-0.0031445 -0.0005437
-0.0028628 -0.0004417
-0.0026025 -0.0003995
-0.0022098 -0.0001969
-0.0019027 -0.0000336
-0.0016548  0.0000443
-0.0014679  0.0002031
-0.0010941  0.0003569
-0.0012062  0.0006041
-0.0011146  0.0006591
-0.0011439  0.0011070
-0.0013549  0.0013579
-0.0016594  0.0014433
-0.0017964  0.0015812
-0.0017731  0.0012484
-0.0017747  0.0009054
-0.0013595  0.0004937
-0.0008995  0.0002766
-0.0004723 -0.0001216
 0.0001114 -0.0000366
 0.0004451  0.0001315
 0.0005466  0.0003234
 0.0006949  0.0005909
 0.0007423  0.0008726
 0.0005732  0.0010509
 0.0005542  0.0009826
 0.0005017  0.0010756
 0.0006362  0.0008324
 0.0008037  0.0006883
 0.0011973  0.0004219
 0.0013283  0.0002982
 0.0016880  0.0001310
 0.0020002  0.0000998
 0.0020412  0.0000905
 0.0020611  0.0001840
 0.0020460  0.0002607
 0.0019153  0.0002129
 0.0016178  0.0002817
 0.0014506  0.0001714
 0.0013395 -0.0000291
 0.0013112 -0.0001572
 0.0012603 -0.0002496
 0.0013654 -0.0002104
 0.0014780 -0.0001565
 0.0017127  0.0000006
 0.0020190 -0.0001329
 0.0022421  0.0000025
 0.0023942 -0.0002082
 0.0024551 -0.0003137
 0.0022672 -0.0004337
 0.0023242 -0.0004956
 0.0020982 -0.0005448
 0.0018099 -0.0003433
 0.0016992 -0.0003205
 0.0014168 -0.0001835
 0.0013266  0.0000607
 0.0012060  0.0002203
 0.0009680  0.0002236
 0.0009653  0.0003589
 0.0008169  0.0005802
 0.0009387  0.0007773
 0.0009675  0.0008949
 0.0009698  0.0011847
 0.0009412  0.0011479
 0.0009789  0.0011790
 0.0010781  0.0011569
 0.0011180  0.0011847
 0.0012036  0.0010263
 0.0011152  0.0008789
 0.0009110  0.0011674
 0.0007037  0.0010875
 0.0004649  0.0012898
 0.0001499  0.0013667
-0.0002519  0.0014361
-0.0004538  0.0014690
-0.0009147  0.0014995
-0.0011871  0.0014753
-0.0016110  0.0015062
-0.0020635  0.0012743
-0.0023085  0.0008848
-0.0023102  0.0008105
-0.0024479  0.0006396
-0.0022399  0.0003606
-0.0022405  0.0001915
-0.0020455  0.0002909
-0.0020757  0.0003104
-0.0019365  0.0003080
-0.0020375  0.0002738
-0.0018324  0.0003313
-0.0016339  0.0002281
-0.0015102  0.0000737
-0.0012910 -0.0001961
-0.0010116 -0.0003754
-0.0007715 -0.0006943
-0.0004938 -0.0010324
-0.0005319 -0.0012610
-0.0002207 -0.0012720
 0.0000079 -0.0015806
 0.0001896 -0.0015410
 0.0004775 -0.0013954
 0.0006970 -0.0012715
 0.0010462 -0.0012248
 0.0009972 -0.0012225
 0.0010579 -0.0014136
 0.0010252 -0.0014472
 0.0008908 -0.0015976
 0.0008665 -0.0018824
 0.0006081 -0.0019765
 0.0006418 -0.0019369
 0.0007188 -0.0019236
 0.0007571 -0.0018484
 0.0008307 -0.0017548
 0.0008409 -0.0017659
 0.0010013 -0.0017302
 0.0010786 -0.0016432
 0.0013151 -0.0016940
 0.0012645 -0.0016445
 0.0014535 -0.0014611
 0.0013735 -0.0014062
 0.0014516 -0.0014523
 0.0015227 -0.0011773
 0.0015683 -0.0011297
 0.0017450 -0.0010850
 0.0018234 -0.0008076
 0.0020748 -0.0007844
 0.0022963 -0.0004500
 0.0023309 -0.0001014
 0.0023364  0.0001251
 0.0023893  0.0003566
 0.0023059  0.0005936
 0.0022300  0.0007998
 0.0022077  0.0008467
 0.0021916  0.0007970
 0.0022641  0.0008600
 0.0021611  0.0009339
 0.0023005  0.0012491
 0.0023796  0.0014920
 0.0022222  0.0018347
 0.0021911  0.0021252
 0.0020532  0.0023474
 0.0018795  0.0026580
 0.0017799  0.0025994
 0.0013718  0.0023996
 0.0014231  0.0022231
 0.0012262  0.0018244
 0.0011857  0.0015272
 0.0011444  0.0012392
 0.0012430  0.0009409
 0.0011587  0.0008828
 0.0010827  0.0010537
 0.0009189  0.0011717
 0.0008598  0.0013831
 0.0008944  0.0015883
 0.0008524  0.0017170
 0.0005739  0.0019539
 0.0005599  0.0019884
 0.0003446  0.0020509
-0.0000367  0.0020081
-0.0001719  0.0018605
-0.0003657  0.0015337
-0.0005487  0.0013847
-0.0005138  0.0010032
-0.0005460  0.0008006
-0.0005601  0.0003866
-0.0005095  0.0000786
-0.0005956 -0.0003677
-0.0003424 -0.0007218
-0.0003904 -0.0009540
-0.0005100 -0.0013309
-0.0006639 -0.0014542
-0.0007389 -0.0015813
-0.0011745 -0.0017975
-0.0014051 -0.0017754
-0.0015741 -0.0019047
-0.0019024 -0.0020435
-0.0020792 -0.0019920
-0.0021211 -0.0020102
-0.0021181 -0.0020143
-0.0017093 -0.0019438
-0.0014705 -0.0016963
-0.0011588 -0.0015580
-0.0007846 -0.0014144
-0.0004291 -0.0013854
 0.0000286 -0.0013916
 0.0002950 -0.0013702
 0.0007457 -0.0015679
 0.0009829 -0.0018457
 0.0011921 -0.0019802
 0.0015442 -0.0020928
 0.0017406 -0.0021447
 0.0020488 -0.0019537
 0.0018356 -0.0016860
 0.0018148 -0.0015786
 0.0018225 -0.0011598
 0.0017543 -0.0010576
 0.0016614 -0.0008554
 0.0018375 -0.0007667
 0.0019594 -0.0004935
 0.0022505 -0.0005146
 0.0024766 -0.0005277
 0.0027255 -0.0002351
 0.0026858 -0.0002712
 0.0026203 -0.0003065
 0.0023033 -0.0001600
 0.0020294 -0.0002136
 0.0020033 -0.0002021
 0.0017846 -0.0001868
 0.0017026 -0.0002888
 0.0018229 -0.0003031
 0.0019665 -0.0002197
 0.0021121 -0.0002266
 0.0022790 -0.0001039
 0.0022582  0.0001010
 0.0023854  0.0000648
 0.0023303  0.0001643
 0.0023800  0.0003313
 0.0024062  0.0006285
 0.0023357  0.0009493
 0.0024467  0.0013598
 0.0026264  0.0019052
 0.0024414  0.0021857
 0.0023690  0.0024663
 0.0021241  0.0024320
 0.0018161  0.0023149
 0.0014986  0.0023913
 0.0011943  0.0021112
 0.0010148  0.0018759
 0.0008829  0.0016223
 0.0008041  0.0013393
 0.0005896  0.0011714
 0.0004636  0.0010519
 0.0003838  0.0008145
 0.0002311  0.0007032
 0.0001515  0.0006156
-0.0001512  0.0006820
-0.0004370  0.0007552
-0.0007914  0.0010471
-0.0010275  0.0011679
-0.0014526  0.0015076
-0.0018441  0.0016526
-0.0021520  0.0016391
-0.0023044  0.0017337
-0.0027543  0.0016665
-0.0028544  0.0016093
-0.0030604  0.0018372
-0.0033443  0.0018083
-0.0034896  0.0015780
-0.0036368  0.0015071
-0.0035039  0.0015334
-0.0036812  0.0012475
-0.0033927  0.0011320
-0.0034548  0.0010045
-0.0032529  0.0007866
-0.0032905  0.0007177
-0.0031230  0.0006485
-0.0030846  0.0006458
-0.0029958  0.0006040
-0.0028417  0.0006438
-0.0025893  0.0006217
-0.0023504  0.0008517
-0.0019323  0.0010513
-0.0017610  0.0011408
-0.0014806  0.0012277
-0.0011563  0.0010801
-0.0012111  0.0011775
-0.0010726  0.0012073
-0.0008247  0.0009155
-0.0008503  0.0009378
-0.0005095  0.0011167
-0.0003196  0.0013647
-0.0002906  0.0017425
-0.0000268  0.0017644
-0.0000143  0.0018226
 0.0001728  0.0017423
 0.0003622  0.0016631
 0.0004749  0.0013986
 0.0005826  0.0012272
 0.0008495  0.0012149
 0.0008023  0.0011102
 0.0007508  0.0012247
 0.0008661  0.0012955
 0.0009943  0.0013602
 0.0010464  0.0014876
 0.0011846  0.0017252
 0.0015968  0.0021098
 0.0019193  0.0025776
 0.0021583  0.0029877
 0.0024109  0.0033037
 0.0025289  0.0036490
 0.0026586  0.0038622
 0.0025672  0.0038212
 0.0025573  0.0037136
 0.0023373  0.0036141
 0.0020036  0.0033369
 0.0017757  0.0031136
 0.0014281  0.0029042
 0.0010365  0.0024651
 0.0008945  0.0022283
 0.0007532  0.0018996
 0.0007861  0.0017284
 0.0006287  0.0016531
 0.0005234  0.0016027
 0.0002538  0.0014220
-0.0000637  0.0012998
-0.0001948  0.0009570
-0.0005773  0.0006058
-0.0009016  0.0002562
-0.0010344  0.0000393
-0.0012741 -0.0000466
-0.0012386 -0.0000504
-0.0014068 -0.0000713
-0.0014374  0.0001995
-0.0014668  0.0003573
-0.0013533  0.0004321
-0.0011478  0.0006090
-0.0010261  0.0006859
-0.0010894  0.0008495
-0.0010025  0.0007925
-0.0012680  0.0007500
-0.0013213  0.0006498
-0.0014280  0.0005586
-0.0017222  0.0003892
-0.0015643  0.0004762
-0.0016004  0.0003096
-0.0014972  0.0002195
-0.0014131  0.0003802
-0.0013333  0.0006799
-0.0013673  0.0005525
-0.0014353  0.0003874
-0.0014232  0.0003982
-0.0017039  0.0000763
-0.0016798 -0.0001924
-0.0015545 -0.0004055
-0.0013339 -0.0006414
-0.0013352 -0.0009406
-0.0014240 -0.0009367
-0.0014783 -0.0009855
-0.0016090 -0.0009550
-0.0018965 -0.0009674
-0.0021199 -0.0009134
-0.0022698 -0.0008264
-0.0024259 -0.0008499
-0.0023045 -0.0007557
-0.0020883 -0.0011218
-0.0018161 -0.0011592
-0.0014636 -0.0015004
-0.0011347 -0.0016218
-0.0008006 -0.0019249
-0.0005842 -0.0021388
-0.0005231 -0.0021528
-0.0003306 -0.0023097
-0.0003023 -0.0026118
-0.0002825 -0.0027546
-0.0002141 -0.0030011
-0.0000571 -0.0033018
 0.0001698 -0.0034473
 0.0004058 -0.0036371
 0.0006086 -0.0038962
 0.0009317 -0.0040992
 0.0013753 -0.0041124
 0.0015323 -0.0040816
 0.0016060 -0.0040210
 0.0017366 -0.0037196
 0.0016422 -0.0035251
 0.0015060 -0.0034224
 0.0014184 -0.0032626
 0.0012208 -0.0031664
 0.0012827 -0.0031731
 0.0013888 -0.0029331
 0.0013113 -0.0026726
 0.0013653 -0.0022864
 0.0011498 -0.0020482
 0.0010152 -0.0016217
 0.0008332 -0.0013954
 0.0006902 -0.0011157
 0.0003537 -0.0008268
 0.0003849 -0.0006902
 0.0003175 -0.0005003
 0.0003932 -0.0004224
 0.0003912 -0.0003971
 0.0003810 -0.0002866
 0.0001706 -0.0002861
 0.0000617 -0.0000984
-0.0001691 -0.0001888
-0.0002810 -0.0002754
-0.0002634 -0.0004140
-0.0004515 -0.0005911
-0.0005298 -0.0006694
-0.0005309 -0.0006921
-0.0007328 -0.0007037
-0.0010965 -0.0004949
-0.0013253 -0.0005567
-0.0018300 -0.0004299
-0.0021206 -0.0003923
-0.0023075 -0.0003825
-0.0024536 -0.0002942
-0.0025639 -0.0001098
-0.0024674 -0.0001520
-0.0022348 -0.0000049
-0.0021498 -0.0000600
-0.0018590 -0.0001812
-0.0016539 -0.0003485
-0.0012571 -0.0004682
-0.0012835 -0.0004765
-0.0012113 -0.0006345
-0.0010992 -0.0006049
-0.0012841 -0.0006535
-0.0014510 -0.0005303
-0.0012882 -0.0004241
-0.0014547 -0.0002130
-0.0014678 -0.0001324
-0.0016106 -0.0001223
-0.0015762 -0.0000271
-0.0018575 -0.0001686
-0.0018371 -0.0004646
-0.0019238 -0.0006849
-0.0019713 -0.0010548
-0.0019396 -0.0014699
-0.0017261 -0.0015858
-0.0015663 -0.0015097
-0.0013522 -0.0015625
-0.0011493 -0.0014989
-0.0011668 -0.0013810
-0.0009954 -0.0013955
-0.0008305 -0.0016040
-0.0005325 -0.0018497
-0.0002377 -0.0021920
 0.0001949 -0.0024457
 0.0004462 -0.0024138
 0.0009755 -0.0024165
 0.0011689 -0.0022679
 0.0013770 -0.0020191
 0.0014571 -0.0017929
 0.0015554 -0.0015295
 0.0017887 -0.0010643
 0.0019822 -0.0008545
 0.0021166 -0.0005627
 0.0025035 -0.0002877
 0.0026937 -0.0001637
 0.0028706 -0.0001807
 0.0030872 -0.0000920
 0.0032346 -0.0002391
 0.0034410 -0.0001749
 0.0036220 -0.0002890
 0.0036423 -0.0003898
 0.0034822 -0.0003708
 0.0035687 -0.0005462
 0.0034413 -0.0005282
 0.0034654 -0.0003922
 0.0034562 -0.0003565
 0.0036058 -0.0001474
 0.0034711  0.0001798
 0.0035956  0.0005427
 0.0035230  0.0008782
 0.0032017  0.0013685
 0.0030428  0.0015470
 0.0025534  0.0017108
 0.0022075  0.0017760
 0.0019668  0.0019098
 0.0015528  0.0020765
 0.0012638  0.0023199
 0.0011077  0.0023490
 0.0007400  0.0026043
 0.0005679  0.0026789
 0.0004678  0.0025641
 0.0003833  0.0023885
 0.0003448  0.0023898
 0.0002781  0.0023721
 0.0002725  0.0023162
 0.0003557  0.0023846
 0.0002850  0.0022165
 0.0003392  0.0021997
 0.0003781  0.0021570
 0.0005095  0.0019467
 0.0001501  0.0020425
 0.0000546  0.0018708
-0.0000651  0.0016741
-0.0005356  0.0017965
-0.0009807  0.0016157
-0.0014072  0.0012024
-0.0018505  0.0007386
-0.0021343  0.0003353
-0.0022987  0.0000532
-0.0024344  0.0000021
-0.0025574 -0.0003160
-0.0027194 -0.0001701
-0.0027519 -0.0001552
-0.0027710 -0.0003028
-0.0027533 -0.0004498
-0.0026128 -0.0004738
-0.0026184 -0.0005462
-0.0025544 -0.0005420
-0.0025379 -0.0007065
-0.0023011 -0.0008019
-0.0022032 -0.0008370
-0.0021140 -0.0007896
-0.0019724 -0.0010576
-0.0015387 -0.0011039
-0.0014111 -0.0011733
-0.0011899 -0.0011793
-0.0009394 -0.0012669
-0.0008373 -0.0012456
-0.0006640 -0.0013451
-0.0007681 -0.0016567
-0.0006493 -0.0019009
-0.0004946 -0.0020516
-0.0005341 -0.0021945
-0.0003127 -0.0021838
-0.0003100 -0.0021348
-0.0001583 -0.0019715
-0.0002624 -0.0019478
-0.0001850 -0.0017789
-0.0002218 -0.0016791
-0.0001467 -0.0014266
-0.0000631 -0.0014505
-0.0001301 -0.0013048
-0.0000004 -0.0014843
 0.0000375 -0.0015776
 0.0004060 -0.0018594
 0.0008522 -0.0022086
 0.0010131 -0.0023242
 0.0015523 -0.0023632
 0.0019703 -0.0025933
 0.0022768 -0.0025738
 0.0027274 -0.0023223
 0.0030308 -0.0021054
 0.0029679 -0.0016975
 0.0031153 -0.0011971
 0.0028922 -0.0008169
 0.0027337 -0.0003125
 0.0025244  0.0001375
 0.0023203  0.0003595
 0.0021815  0.0005986
 0.0018222  0.0006897
 0.0015866  0.0007433
 0.0014017  0.0006894
 0.0012227  0.0007248
 0.0014155  0.0008059
 0.0013902  0.0010254
 0.0014860  0.0014000
 0.0015060  0.0020037
 0.0014245  0.0025362
 0.0014055  0.0028995
 0.0011676  0.0032279
 0.0009475  0.0033982
 0.0006947  0.0034472
 0.0005272  0.0033022
 0.0003175  0.0032685
 0.0000466  0.0029771
-0.0002005  0.0029107
-0.0002109  0.0026837
-0.0003194  0.0026994
-0.0004734  0.0028475
-0.0004846  0.0030773
-0.0006993  0.0032072
-0.0010437  0.0034001
-0.0013228  0.0034543
-0.0016628  0.0036231
-0.0019053  0.0033833
-0.0022104  0.0032939
-0.0025410  0.0030297
-0.0028477  0.0028162
-0.0031887  0.0026038
-0.0034506  0.0021365
-0.0037782  0.0016107
-0.0037466  0.0012311
-0.0034189  0.0007580
-0.0031921  0.0004090
