[PARAMETERS]
DW=1E-007
TAU=0.0002
TD=4096
BS=4096
NS=128
NSC=128
FR=56.130000
GAIN=4.974204
D0=0.05
D1=7E-006
D2=1.4E-005
D3=2.5E-005
D4=1E-005
D5=5E-005
D6=0.001
D7=0.001
D8=0.001
D9=0.05
C0=1
SEGTD=0
SEGOFF=0
SEGNUM=0
[ADDITIONAL]
PPFILE=UK_TWO_T2_SOLID.PC
DATEWR=12.09.2024
TIMEWR=14:40:05
DATESTA=12.09.2024
TIMESTA=14:39:56
DATEEND=12.09.2024
TIMEEND=14:40:05
CURR_Z0=0
CURR_Z1=1
TE=-1
[VARIABLES]
_USER=Measurements
_EMAIL_F=7NMR.NMR-270-ijs.si
_ITC_H=1
_ITC_R0= 80.00
_ITC_R1= 79.94
_ITC_R2= 80.43
_ITC_R3=  0.00
_ITC_R4= -0.06
_ITC_V= 21.98
_ITC_X=X0A1C1S00H1
_FW=100
_ORIENT=?
_THETA=0
_TITLE=?
_DESCR1=?
_DESCR2=?
_FR_LARM=56.13000000
_FR_SYNT=526.13000000
_TRIMLEV=1.5673828125
_DATE=12.09.2024
_TIME=14:39:03
_ITC_DIR=I3I3
[PPFILE]
; pi/2 - pi/2


DELAY D9
PULSE [GT] 3u
PULSE [PHL1,GT] D1
DELAY TAU-3u
PULSE [GT] 3u
PULSE [PHL2,GT] D1
DELAY TAU-D3
PULSE [TR] 1u+DW
DELAY 1m
STOP

;PHL 1 [+X] [+X] [+Y] [+Y] [-X] [-X] [-Y] [-Y]
;PHL 2 [+Y] [-Y] [-X] [+X] [-Y] [+Y] [+X] [-X]
;!RLS +X+X+Y+Y-X-X-Y-Y

PHL 1 [+X] [+X] [-X] [-X] [+Y] [+Y] [-Y] [-Y] [+X] [+X] [-X] [-X] [+Y] [+Y] [-Y] [-Y]
PHL 2 [+Y] [-Y] [-Y] [+Y] [-X] [+X] [+X] [-X] [+X] [-X] [-X] [+X] [-Y] [+Y] [+Y] [-Y]
!RLS +X+X-X-X+Y+Y-Y-Y-X-X+X+X-Y-Y+Y+Y
[DATA]
 0.0034019 -0.0012282
 0.0033010 -0.0007893
 0.0033542 -0.0007498
 0.0032396 -0.0007502
 0.0033740 -0.0010384
 0.0041283 -0.0012253
 0.0044137 -0.0010715
 0.0047993 -0.0007061
 0.0049345 -0.0001069
 0.0042264  0.0006392
 0.0035751  0.0013102
 0.0029433  0.0015020
 0.0021374  0.0015383
 0.0016396  0.0015573
 0.0009080  0.0007881
 0.0003367  0.0000392
-0.0002770 -0.0002059
-0.0008495 -0.0005870
-0.0014381 -0.0003710
-0.0012996 -0.0006370
-0.0017772 -0.0005534
-0.0021935 -0.0006503
-0.0023618 -0.0006854
-0.0028245 -0.0010851
-0.0034213 -0.0009490
-0.0037459 -0.0014812
-0.0041097 -0.0018405
-0.0045477 -0.0018017
-0.0047750 -0.0019131
-0.0050019 -0.0025446
-0.0047709 -0.0020605
-0.0046324 -0.0024795
-0.0040906 -0.0030500
-0.0032253 -0.0032906
-0.0017444 -0.0043395
-0.0000890 -0.0050993
 0.0016831 -0.0050920
 0.0032864 -0.0048501
 0.0042947 -0.0043421
 0.0048608 -0.0037236
 0.0044849 -0.0031640
 0.0041845 -0.0031438
 0.0037857 -0.0028563
 0.0034837 -0.0028753
 0.0034114 -0.0029730
 0.0035281 -0.0029561
 0.0039933 -0.0026533
 0.0040785 -0.0023666
 0.0041540 -0.0020234
 0.0042945 -0.0018139
 0.0041403 -0.0015256
 0.0041448 -0.0014065
 0.0044480 -0.0009268
 0.0041036 -0.0008102
 0.0039283 -0.0003689
 0.0033869 -0.0005106
 0.0024631 -0.0000799
 0.0021138  0.0002172
 0.0012829  0.0003993
 0.0007822  0.0008910
 0.0005674  0.0010585
 0.0005727  0.0011143
 0.0005566  0.0014158
 0.0008626  0.0013573
 0.0010052  0.0013347
 0.0010092  0.0013689
 0.0009902  0.0014037
 0.0007278  0.0015724
 0.0004981  0.0020835
 0.0004606  0.0024614
 0.0002478  0.0028187
 0.0003229  0.0029531
 0.0004133  0.0025473
 0.0006591  0.0023366
 0.0009022  0.0017984
 0.0009901  0.0013744
 0.0013366  0.0005116
 0.0016196  0.0003247
 0.0026354  0.0000042
 0.0030791  0.0003704
 0.0037534  0.0012958
 0.0047725  0.0020258
 0.0052505  0.0031954
 0.0059025  0.0042541
 0.0059042  0.0046780
 0.0052097  0.0049881
 0.0048431  0.0048589
 0.0038628  0.0045541
 0.0028994  0.0040410
 0.0023971  0.0037539
 0.0020664  0.0030470
 0.0016954  0.0035625
 0.0017882  0.0039453
 0.0017038  0.0045723
 0.0014074  0.0059648
 0.0016872  0.0073589
 0.0010088  0.0083145
 0.0004872  0.0098108
 0.0003281  0.0102723
-0.0001714  0.0105283
-0.0004435  0.0103442
-0.0003362  0.0100702
-0.0002869  0.0095841
-0.0000229  0.0091578
-0.0001061  0.0085951
-0.0003350  0.0075523
-0.0002349  0.0063342
-0.0000592  0.0054779
-0.0001860  0.0044471
-0.0001238  0.0034947
-0.0001750  0.0029239
-0.0002642  0.0020510
-0.0002816  0.0012944
-0.0002392  0.0005726
-0.0004450 -0.0004779
-0.0003057 -0.0015632
-0.0000970 -0.0026145
 0.0007695 -0.0037991
 0.0014986 -0.0047140
 0.0025565 -0.0054992
 0.0035731 -0.0058408
 0.0046338 -0.0054597
 0.0053307 -0.0049271
 0.0058217 -0.0042461
 0.0063833 -0.0030313
 0.0064875 -0.0024636
 0.0061851 -0.0018197
 0.0059162 -0.0016381
 0.0054717 -0.0016651
 0.0046073 -0.0014379
 0.0042193 -0.0014976
 0.0037565 -0.0009994
 0.0033096 -0.0003441
 0.0027722 -0.0005153
 0.0024266 -0.0005145
 0.0021516 -0.0008980
 0.0029308 -0.0015901
 0.0034439 -0.0015998
 0.0043172 -0.0015122
 0.0056939 -0.0013900
 0.0067057 -0.0007501
 0.0075087  0.0003699
 0.0077086  0.0010485
 0.0078233  0.0019391
 0.0075440  0.0024716
 0.0069247  0.0032545
 0.0059368  0.0036368
 0.0052626  0.0038661
 0.0049840  0.0033655
 0.0043138  0.0030913
 0.0046146  0.0023605
 0.0047179  0.0023520
 0.0048749  0.0020472
 0.0056051  0.0023359
 0.0055736  0.0027986
 0.0055861  0.0028753
 0.0054686  0.0026109
 0.0047620  0.0019592
 0.0044039  0.0008324
 0.0037196 -0.0002045
 0.0032440 -0.0012364
 0.0031149 -0.0020774
 0.0026925 -0.0032281
 0.0024834 -0.0038228
 0.0031153 -0.0038946
 0.0025989 -0.0037647
 0.0021002 -0.0033217
 0.0018240 -0.0030000
 0.0007299 -0.0024460
 0.0002268 -0.0016204
 0.0000475 -0.0012695
-0.0000684 -0.0015755
 0.0001981 -0.0008580
 0.0007750 -0.0008661
 0.0015240 -0.0007033
 0.0022754 -0.0005793
 0.0029517 -0.0006644
 0.0035351 -0.0005792
 0.0036559 -0.0001657
 0.0037605 -0.0002788
 0.0035999 -0.0006211
 0.0030492 -0.0006397
 0.0028800 -0.0007548
 0.0021913 -0.0012138
 0.0017294 -0.0013293
 0.0012707 -0.0014827
 0.0003304 -0.0015211
-0.0003374 -0.0016789
-0.0003366 -0.0023565
-0.0003697 -0.0029036
-0.0002364 -0.0033683
 0.0002186 -0.0039348
 0.0004499 -0.0048933
 0.0006615 -0.0051000
 0.0011246 -0.0056156
 0.0016273 -0.0058174
 0.0024525 -0.0057964
 0.0034975 -0.0062567
 0.0045153 -0.0064513
 0.0058566 -0.0063944
 0.0066370 -0.0070291
 0.0072462 -0.0080272
 0.0083496 -0.0087535
 0.0085135 -0.0100790
 0.0093323 -0.0112131
 0.0100537 -0.0124619
 0.0104183 -0.0132117
 0.0107033 -0.0133110
 0.0110429 -0.0131762
 0.0109072 -0.0136954
 0.0109246 -0.0139235
 0.0111147 -0.0144799
 0.0111212 -0.0161490
 0.0116210 -0.0170962
 0.0123353 -0.0189442
 0.0131658 -0.0203327
 0.0137473 -0.0211302
 0.0141995 -0.0224230
 0.0151653 -0.0233517
 0.0159422 -0.0244136
 0.0167856 -0.0254343
 0.0178232 -0.0266419
 0.0191447 -0.0275971
 0.0195311 -0.0287252
 0.0204524 -0.0299118
 0.0211590 -0.0305638
 0.0217698 -0.0312381
 0.0216148 -0.0312805
 0.0218590 -0.0314133
 0.0220274 -0.0314860
 0.0218324 -0.0314048
 0.0220596 -0.0317750
 0.0216394 -0.0319130
 0.0207588 -0.0319755
 0.0207398 -0.0316145
 0.0201641 -0.0319689
 0.0196436 -0.0314468
 0.0194470 -0.0310629
 0.0192354 -0.0303373
 0.0188688 -0.0292356
 0.0182147 -0.0282626
 0.0170079 -0.0266726
 0.0152621 -0.0251828
 0.0136734 -0.0246046
 0.0119829 -0.0236058
 0.0107963 -0.0232408
 0.0097788 -0.0226069
 0.0088046 -0.0217675
 0.0083847 -0.0202434
 0.0079059 -0.0185853
 0.0068166 -0.0161980
 0.0054862 -0.0139399
 0.0038482 -0.0116070
 0.0025719 -0.0094030
 0.0015051 -0.0069195
 0.0003196 -0.0043036
-0.0000390 -0.0010340
-0.0001456  0.0022982
 0.0001350  0.0059881
 0.0004798  0.0097918
 0.0012699  0.0141099
 0.0024291  0.0186928
 0.0028612  0.0240941
 0.0037539  0.0301499
 0.0042982  0.0362053
 0.0046382  0.0430488
 0.0050081  0.0499529
 0.0053784  0.0565485
 0.0059541  0.0631308
 0.0072388  0.0695790
 0.0080762  0.0756578
 0.0093322  0.0826810
 0.0109742  0.0899893
 0.0122924  0.0974295
 0.0136716  0.1062490
 0.0154880  0.1156042
 0.0164893  0.1254382
 0.0180284  0.1358092
 0.0192462  0.1471400
 0.0206779  0.1582628
 0.0223402  0.1703268
 0.0237461  0.1826968
 0.0249626  0.1950409
 0.0263031  0.2070067
 0.0276523  0.2194247
 0.0294304  0.2309432
 0.0311830  0.2428477
 0.0338816  0.2549051
 0.0365698  0.2671330
 0.0399685  0.2800218
 0.0438877  0.2932303
 0.0479071  0.3074919
 0.0527319  0.3222193
 0.0574409  0.3373461
 0.0621874  0.3525471
 0.0671600  0.3675774
 0.0718083  0.3826460
 0.0758802  0.3976908
 0.0803904  0.4123944
 0.0850311  0.4270726
 0.0897889  0.4421028
 0.0955604  0.4565965
 0.1014434  0.4714350
 0.1076958  0.4862206
 0.1147489  0.5010995
 0.1215907  0.5158968
 0.1285142  0.5307748
 0.1355495  0.5453053
 0.1423514  0.5596467
 0.1484084  0.5731064
 0.1551178  0.5858782
 0.1615955  0.5983063
 0.1683651  0.6100824
 0.1755728  0.6218634
 0.1828596  0.6335627
 0.1904000  0.6451487
 0.1981620  0.6566967
 0.2056778  0.6686294
 0.2127065  0.6801048
 0.2198326  0.6914597
 0.2260976  0.7024893
 0.2325712  0.7130231
 0.2388761  0.7227070
 0.2451047  0.7326032
 0.2517535  0.7417525
 0.2583600  0.7505934
 0.2651021  0.7588791
 0.2720126  0.7669750
 0.2789404  0.7749361
 0.2856769  0.7821519
 0.2927815  0.7891202
 0.2995031  0.7951151
 0.3065731  0.8007587
 0.3139172  0.8059263
 0.3210341  0.8105323
 0.3282333  0.8146763
 0.3349929  0.8183610
 0.3413701  0.8214823
 0.3476674  0.8241664
 0.3537131  0.8265251
 0.3598493  0.8282466
 0.3657969  0.8296807
 0.3718337  0.8309453
 0.3775285  0.8317777
 0.3834737  0.8322081
 0.3891988  0.8321810
 0.3941080  0.8312164
 0.3996053  0.8296664
 0.4045302  0.8276029
 0.4085358  0.8252927
 0.4125434  0.8218912
 0.4162280  0.8182023
 0.4193393  0.8140651
 0.4228568  0.8092326
 0.4262608  0.8038167
 0.4292643  0.7977047
 0.4324322  0.7915346
 0.4351042  0.7847900
 0.4369724  0.7774877
 0.4388163  0.7700781
 0.4403542  0.7624804
 0.4416442  0.7541761
 0.4427190  0.7454859
 0.4431574  0.7366026
 0.4437671  0.7272603
 0.4436608  0.7179737
 0.4430011  0.7083455
 0.4417543  0.6988288
 0.4403339  0.6892067
 0.4379950  0.6792107
 0.4354886  0.6685078
 0.4336879  0.6573478
 0.4315266  0.6454978
 0.4296541  0.6336814
 0.4281215  0.6214882
 0.4259376  0.6097909
 0.4235333  0.5974819
 0.4209408  0.5854252
 0.4176038  0.5723749
 0.4140327  0.5594191
 0.4105358  0.5463511
 0.4063521  0.5333880
 0.4022613  0.5207854
 0.3978823  0.5081966
 0.3930231  0.4960353
 0.3881946  0.4840621
 0.3828126  0.4720765
 0.3771238  0.4600190
 0.3719945  0.4480601
 0.3664829  0.4360228
 0.3611854  0.4241959
 0.3560267  0.4121566
 0.3504893  0.4003587
 0.3447243  0.3887126
 0.3390969  0.3769579
 0.3329701  0.3650308
 0.3263842  0.3531849
 0.3197684  0.3413737
 0.3134107  0.3293925
 0.3068530  0.3176386
 0.3003297  0.3063511
 0.2943292  0.2953478
 0.2878886  0.2849591
 0.2814679  0.2752364
 0.2747818  0.2655134
 0.2679808  0.2556563
 0.2610747  0.2460847
 0.2537313  0.2360338
 0.2469750  0.2259304
 0.2402227  0.2164041
 0.2333509  0.2075277
 0.2267153  0.1986966
 0.2211323  0.1907473
 0.2147281  0.1826566
 0.2093013  0.1750307
 0.2036024  0.1674394
 0.1978486  0.1597896
 0.1925559  0.1526356
 0.1871412  0.1455790
 0.1811222  0.1386111
 0.1754657  0.1321677
 0.1698810  0.1258607
 0.1639980  0.1196669
 0.1580779  0.1134726
 0.1523043  0.1078371
 0.1464089  0.1021245
 0.1410884  0.0969662
 0.1356524  0.0916400
 0.1299475  0.0867478
 0.1246253  0.0823773
 0.1197388  0.0784411
 0.1143916  0.0749144
 0.1096338  0.0719622
 0.1048620  0.0688364
 0.1006328  0.0663089
 0.0961851  0.0638582
 0.0917976  0.0614010
 0.0874456  0.0587342
 0.0838179  0.0556852
 0.0799189  0.0523998
 0.0763445  0.0496741
 0.0732159  0.0464877
 0.0699411  0.0430159
 0.0670131  0.0398340
 0.0641575  0.0372666
 0.0613066  0.0345397
 0.0582910  0.0329481
 0.0557510  0.0316617
 0.0531137  0.0306265
 0.0505947  0.0299430
 0.0484406  0.0296386
 0.0456863  0.0285840
 0.0430285  0.0278371
 0.0403739  0.0265071
 0.0374690  0.0253322
 0.0350397  0.0239514
 0.0319151  0.0227413
 0.0291947  0.0216443
 0.0263131  0.0212814
 0.0237610  0.0207779
 0.0208592  0.0210233
 0.0189499  0.0206200
 0.0174100  0.0201407
 0.0159843  0.0197939
 0.0153447  0.0191810
 0.0147145  0.0179940
 0.0139914  0.0170771
 0.0128989  0.0161062
 0.0121201  0.0149026
 0.0106892  0.0136991
 0.0098107  0.0129736
 0.0087618  0.0121112
 0.0074634  0.0113828
 0.0061791  0.0107889
 0.0052791  0.0101542
 0.0045701  0.0092889
 0.0041619  0.0092671
 0.0036548  0.0089009
 0.0038582  0.0089017
 0.0038868  0.0088230
 0.0039885  0.0088089
 0.0042085  0.0090088
 0.0050212  0.0089555
 0.0047482  0.0088853
 0.0053022  0.0091078
 0.0058190  0.0085075
 0.0060931  0.0077848
 0.0062708  0.0061857
 0.0067004  0.0045033
 0.0065604  0.0025842
 0.0064777  0.0010633
 0.0062557 -0.0000486
 0.0053518 -0.0010721
 0.0046291 -0.0010358
 0.0041147 -0.0009950
 0.0035188 -0.0008977
 0.0035006 -0.0007802
 0.0037069 -0.0006268
 0.0038745 -0.0010310
 0.0048483 -0.0017993
 0.0053449 -0.0022854
 0.0054801 -0.0029985
 0.0058629 -0.0032843
 0.0056550 -0.0038827
 0.0054144 -0.0032472
 0.0052218 -0.0029593
 0.0052824 -0.0021971
 0.0052646 -0.0009564
 0.0055710 -0.0002680
 0.0060148  0.0007801
 0.0061137  0.0018500
 0.0065195  0.0026728
 0.0059914  0.0034339
 0.0056519  0.0037177
 0.0056802  0.0038061
 0.0054344  0.0037592
 0.0053948  0.0036578
 0.0056782  0.0039776
 0.0055926  0.0048577
 0.0055824  0.0051501
 0.0057306  0.0054585
 0.0052315  0.0057182
 0.0051383  0.0057073
 0.0054302  0.0059629
 0.0050515  0.0055620
 0.0054565  0.0052015
 0.0062846  0.0051284
 0.0070489  0.0049581
 0.0079133  0.0046948
 0.0094092  0.0041615
 0.0104072  0.0046440
 0.0110028  0.0048152
 0.0112559  0.0046028
 0.0117962  0.0048826
 0.0118539  0.0052960
 0.0115713  0.0059399
 0.0112435  0.0065434
 0.0105143  0.0074999
 0.0093810  0.0081132
 0.0085363  0.0083236
 0.0077054  0.0080397
 0.0071441  0.0079106
 0.0066386  0.0072529
 0.0068243  0.0071311
 0.0062623  0.0065869
 0.0061234  0.0064440
 0.0061407  0.0062632
 0.0061791  0.0054193
 0.0065634  0.0046579
 0.0072114  0.0038516
 0.0077686  0.0032359
 0.0086706  0.0025863
 0.0089944  0.0022811
 0.0096678  0.0016314
 0.0097974  0.0014247
 0.0105399  0.0007141
 0.0104409  0.0000666
 0.0106815 -0.0006085
 0.0106940 -0.0016078
 0.0108079 -0.0026742
 0.0110707 -0.0031619
 0.0111376 -0.0036069
 0.0108800 -0.0039400
 0.0101786 -0.0039909
 0.0102460 -0.0039072
 0.0098531 -0.0032107
 0.0094235 -0.0026018
 0.0091893 -0.0020313
 0.0088421 -0.0018318
 0.0086697 -0.0018604
 0.0091518 -0.0026065
 0.0095535 -0.0026852
 0.0102818 -0.0025565
 0.0109569 -0.0026175
 0.0115174 -0.0017236
 0.0116324 -0.0009779
 0.0111593 -0.0004413
 0.0112445 -0.0001744
 0.0109623  0.0000125
 0.0110992 -0.0003186
 0.0106624 -0.0006934
 0.0106340 -0.0010083
 0.0097466 -0.0014049
 0.0093174 -0.0020860
 0.0085103 -0.0025924
 0.0072098 -0.0034645
 0.0066285 -0.0046661
 0.0058493 -0.0052290
 0.0053047 -0.0055815
 0.0051235 -0.0049929
 0.0049184 -0.0042734
 0.0044024 -0.0022705
 0.0042841 -0.0001170
 0.0038157  0.0016897
 0.0031543  0.0031553
 0.0026670  0.0042215
 0.0024097  0.0041977
 0.0015627  0.0043491
 0.0017561  0.0041666
 0.0017040  0.0040649
 0.0014638  0.0041110
 0.0020049  0.0044853
 0.0021668  0.0046271
 0.0021692  0.0050518
 0.0022407  0.0053446
 0.0018741  0.0053583
 0.0012196  0.0048189
 0.0004137  0.0047191
-0.0003138  0.0040885
-0.0012118  0.0032034
-0.0013034  0.0023294
-0.0008548  0.0019693
-0.0006379  0.0021304
-0.0001377  0.0023146
 0.0000363  0.0030349
-0.0002318  0.0035441
-0.0003686  0.0038764
-0.0009448  0.0038966
-0.0010195  0.0039378
-0.0013469  0.0038950
-0.0013816  0.0034900
-0.0014139  0.0032421
-0.0010654  0.0024564
-0.0013303  0.0020531
-0.0013468  0.0015209
-0.0014982  0.0008124
-0.0023198  0.0005427
-0.0028350  0.0003505
-0.0034701  0.0005802
-0.0041222  0.0009064
-0.0046426  0.0015630
-0.0052018  0.0013530
-0.0059508  0.0018896
-0.0065879  0.0021209
-0.0067244  0.0018589
-0.0068608  0.0017217
-0.0065924  0.0012634
-0.0060388  0.0008427
-0.0054082  0.0008250
-0.0043980  0.0007894
-0.0037121  0.0008108
-0.0030423  0.0009057
-0.0022223  0.0005807
-0.0020120  0.0005605
-0.0012218  0.0001406
-0.0006169  0.0002759
-0.0002636 -0.0003774
 0.0001115 -0.0005659
 0.0005399 -0.0008921
 0.0010220 -0.0008893
 0.0008666 -0.0005445
 0.0015961 -0.0007000
 0.0018783 -0.0005934
 0.0016805 -0.0006197
 0.0019102 -0.0005148
 0.0021734 -0.0006767
 0.0020381 -0.0006251
 0.0021116 -0.0010276
 0.0016873 -0.0009121
 0.0010933 -0.0012755
 0.0006884 -0.0017568
 0.0002999 -0.0022021
 0.0001417 -0.0028058
 0.0001715 -0.0034474
 0.0005861 -0.0036679
 0.0009272 -0.0038488
 0.0018215 -0.0038290
 0.0019560 -0.0033150
 0.0025123 -0.0026565
 0.0028357 -0.0020965
 0.0028906 -0.0009272
 0.0030812 -0.0001157
 0.0031207  0.0008073
 0.0024444  0.0015522
 0.0022527  0.0023371
 0.0019652  0.0026762
 0.0012917  0.0030165
 0.0010402  0.0029382
 0.0007115  0.0027836
 0.0005540  0.0028187
 0.0012985  0.0027856
 0.0016999  0.0031546
 0.0022368  0.0036016
 0.0029111  0.0039747
 0.0030504  0.0043232
 0.0033242  0.0045355
 0.0028317  0.0042246
 0.0024699  0.0041273
 0.0020388  0.0033525
 0.0019233  0.0031163
 0.0011356  0.0030310
 0.0007690  0.0031994
 0.0005368  0.0038886
-0.0001532  0.0048067
-0.0009228  0.0057963
-0.0019935  0.0062680
-0.0029855  0.0064542
-0.0036702  0.0058159
-0.0042407  0.0049830
-0.0043307  0.0038611
-0.0038127  0.0029228
-0.0032006  0.0020983
-0.0020733  0.0013481
-0.0009691  0.0015795
 0.0001569  0.0019320
 0.0005800  0.0020415
 0.0007173  0.0024554
-0.0000845  0.0022039
-0.0001547  0.0017720
-0.0001535  0.0008810
-0.0007083 -0.0003783
-0.0003808 -0.0015221
-0.0000610 -0.0025116
-0.0002430 -0.0031055
-0.0004157 -0.0031992
-0.0008594 -0.0033930
-0.0019373 -0.0028750
-0.0026155 -0.0028007
-0.0031250 -0.0026675
-0.0034427 -0.0020921
-0.0036514 -0.0014954
-0.0033995 -0.0016492
-0.0027438 -0.0012471
-0.0016149 -0.0009988
-0.0003451 -0.0010788
 0.0012852 -0.0012593
 0.0026503 -0.0011337
 0.0039173 -0.0012606
 0.0051245 -0.0006570
 0.0060232 -0.0004015
 0.0061358 -0.0005061
 0.0066110 -0.0004186
 0.0067398 -0.0000173
 0.0066146 -0.0003290
 0.0065116 -0.0003936
 0.0069064 -0.0005583
 0.0067110 -0.0005756
 0.0068599 -0.0003431
 0.0072790 -0.0001658
 0.0073165  0.0002816
 0.0074873  0.0008585
 0.0073367  0.0009159
 0.0074349  0.0005529
 0.0073041 -0.0000991
 0.0073630 -0.0004060
 0.0073436 -0.0007177
 0.0073230 -0.0002546
 0.0070307  0.0007055
 0.0061461  0.0022575
 0.0053555  0.0036359
 0.0043934  0.0049335
 0.0036634  0.0057902
 0.0033981  0.0062468
 0.0030550  0.0060894
 0.0027542  0.0057785
 0.0031031  0.0056436
 0.0031810  0.0051272
 0.0026634  0.0055822
 0.0024684  0.0055567
 0.0016249  0.0060868
 0.0004524  0.0060185
-0.0001686  0.0060108
-0.0011537  0.0056038
-0.0014114  0.0055861
-0.0016404  0.0050540
-0.0018056  0.0047363
-0.0014689  0.0045914
-0.0013216  0.0043871
-0.0015509  0.0044452
-0.0016478  0.0045801
-0.0017423  0.0044053
-0.0022558  0.0043637
-0.0024847  0.0041488
-0.0026579  0.0039554
-0.0029458  0.0038202
-0.0038869  0.0036526
-0.0045761  0.0030269
-0.0054567  0.0021661
-0.0061822  0.0014571
-0.0066772  0.0003621
-0.0068488  0.0000145
-0.0073672 -0.0003154
-0.0080588 -0.0003953
-0.0083112 -0.0003137
-0.0088147  0.0000380
-0.0088752  0.0005088
-0.0090497  0.0008980
-0.0089907  0.0013442
-0.0089112  0.0011169
-0.0085845  0.0012126
-0.0081218  0.0019744
-0.0072812  0.0022191
-0.0069974  0.0030552
-0.0061617  0.0040678
-0.0057983  0.0046451
-0.0056655  0.0051515
-0.0050886  0.0045277
-0.0044171  0.0036884
-0.0041050  0.0024291
-0.0030888  0.0013559
-0.0023963  0.0002251
-0.0014972  0.0000106
-0.0003700 -0.0005522
 0.0005910 -0.0004610
 0.0015487 -0.0003314
 0.0025855  0.0003602
 0.0028811  0.0005080
 0.0031330  0.0008552
 0.0029651  0.0008240
 0.0029288  0.0006027
 0.0029465  0.0007048
 0.0030410  0.0005372
 0.0029986  0.0005315
 0.0031281  0.0001847
 0.0032238 -0.0002126
 0.0034919 -0.0010330
 0.0041056 -0.0011258
 0.0044266 -0.0018166
 0.0044225 -0.0021994
 0.0045097 -0.0025652
 0.0043118 -0.0030864
 0.0043437 -0.0032790
 0.0043372 -0.0030146
 0.0040695 -0.0029403
 0.0040146 -0.0023311
 0.0041503 -0.0015878
 0.0042472 -0.0005175
 0.0036310  0.0005177
 0.0035354  0.0017859
 0.0028272  0.0026172
 0.0022345  0.0035047
 0.0015078  0.0040874
 0.0005707  0.0047055
-0.0000208  0.0049777
-0.0003268  0.0055740
-0.0005768  0.0062652
-0.0009224  0.0066310
-0.0005009  0.0068438
 0.0000184  0.0075221
 0.0007496  0.0078512
 0.0011368  0.0080870
 0.0014283  0.0083983
 0.0011941  0.0086144
 0.0012155  0.0079890
 0.0004649  0.0075340
 0.0002453  0.0070931
-0.0008546  0.0066498
-0.0021103  0.0064325
-0.0031491  0.0064689
-0.0047423  0.0064289
-0.0066977  0.0064289
-0.0079036  0.0066106
-0.0088771  0.0064459
-0.0096207  0.0062853
-0.0093688  0.0059498
-0.0090752  0.0059402
-0.0089718  0.0058280
-0.0085999  0.0054432
-0.0076907  0.0052320
-0.0071629  0.0049740
-0.0060833  0.0050264
-0.0053513  0.0048823
-0.0041937  0.0048378
-0.0033486  0.0050227
-0.0027345  0.0047522
-0.0022339  0.0046210
-0.0015414  0.0043182
-0.0012721  0.0034054
-0.0010775  0.0032249
-0.0012838  0.0027291
-0.0018543  0.0025943
-0.0021902  0.0026343
-0.0030073  0.0024744
-0.0035915  0.0023544
-0.0036811  0.0026362
-0.0039435  0.0022829
-0.0038058  0.0015864
-0.0031533  0.0007760
-0.0024653 -0.0003254
-0.0016248 -0.0015928
-0.0007725 -0.0029191
-0.0001274 -0.0047433
 0.0004984 -0.0058140
 0.0012380 -0.0070950
 0.0021186 -0.0079954
 0.0034388 -0.0086963
 0.0045512 -0.0089005
 0.0058601 -0.0093180
 0.0071065 -0.0091229
 0.0074509 -0.0089308
 0.0085620 -0.0087773
 0.0089847 -0.0085541
 0.0098084 -0.0078318
 0.0103643 -0.0073248
 0.0104794 -0.0061289
 0.0105392 -0.0050094
 0.0105977 -0.0036379
 0.0099085 -0.0024070
 0.0094160 -0.0013770
 0.0089783 -0.0005409
 0.0083840  0.0002988
 0.0079439  0.0005059
 0.0069636  0.0008342
 0.0061359  0.0013135
 0.0050761  0.0014536
 0.0037263  0.0018767
 0.0026866  0.0023023
 0.0012259  0.0027270
-0.0000011  0.0026887
-0.0011881  0.0027093
-0.0020546  0.0025203
-0.0028233  0.0021760
-0.0033652  0.0020641
-0.0037916  0.0020274
-0.0037173  0.0022022
-0.0037807  0.0023351
-0.0039943  0.0026193
-0.0045886  0.0033831
-0.0054139  0.0035721
-0.0064333  0.0037267
-0.0064660  0.0033658
-0.0067478  0.0030667
-0.0058652  0.0025249
-0.0048849  0.0022443
-0.0038065  0.0015443
-0.0025044  0.0010679
-0.0017632  0.0005713
-0.0009230 -0.0002811
-0.0003610 -0.0004947
-0.0005860 -0.0007131
-0.0009232 -0.0008125
-0.0012228 -0.0007402
-0.0021127 -0.0007402
-0.0029190 -0.0006590
-0.0029937 -0.0010151
-0.0030437 -0.0009117
-0.0026537 -0.0013449
-0.0027812 -0.0015496
-0.0025878 -0.0022133
-0.0024319 -0.0024373
-0.0024570 -0.0029727
-0.0025955 -0.0033550
-0.0028301 -0.0037992
-0.0022366 -0.0041230
-0.0020085 -0.0045033
-0.0016613 -0.0049425
-0.0007552 -0.0049199
 0.0000571 -0.0043385
 0.0010383 -0.0037995
 0.0015805 -0.0027433
 0.0026573 -0.0019184
 0.0032347 -0.0012902
 0.0033324 -0.0012192
 0.0039469 -0.0017578
 0.0047548 -0.0021623
 0.0053463 -0.0023933
 0.0056919 -0.0025414
 0.0059947 -0.0021938
 0.0058134 -0.0017315
 0.0052731 -0.0013273
 0.0048637 -0.0004585
 0.0039762  0.0001201
 0.0034231  0.0000249
 0.0027949  0.0002546
 0.0024970  0.0008057
 0.0024543  0.0009728
 0.0024866  0.0025183
 0.0028408  0.0037949
 0.0033883  0.0053582
 0.0040053  0.0074196
 0.0044680  0.0088460
 0.0044720  0.0101388
 0.0046795  0.0109345
 0.0044663  0.0107648
 0.0045778  0.0099674
 0.0044945  0.0094776
 0.0049471  0.0086846
 0.0047072  0.0083543
 0.0046232  0.0082191
 0.0041972  0.0085085
 0.0036748  0.0089943
 0.0031418  0.0098083
 0.0026053  0.0104050
 0.0024406  0.0114512
 0.0020219  0.0128195
 0.0013735  0.0133024
 0.0015895  0.0137535
 0.0012100  0.0137200
 0.0009254  0.0135302
 0.0011947  0.0134963
 0.0014455  0.0136671
 0.0010191  0.0140515
 0.0003073  0.0141104
 0.0000896  0.0142622
-0.0008548  0.0143042
-0.0012065  0.0139235
-0.0011185  0.0135024
-0.0011807  0.0128096
-0.0008077  0.0123073
-0.0006293  0.0117638
-0.0006609  0.0112563
-0.0004655  0.0108481
-0.0008439  0.0106340
-0.0015626  0.0101580
-0.0022579  0.0098032
-0.0033645  0.0091589
-0.0045261  0.0082436
-0.0055447  0.0071580
-0.0061252  0.0056653
-0.0063609  0.0046624
-0.0061000  0.0041440
-0.0054960  0.0033736
-0.0049327  0.0038347
-0.0045092  0.0045659
-0.0037145  0.0051126
-0.0031953  0.0060207
-0.0027693  0.0065827
-0.0022214  0.0068581
-0.0018540  0.0067604
-0.0017946  0.0068141
-0.0011934  0.0063505
-0.0011498  0.0059452
-0.0009131  0.0055753
-0.0013249  0.0046754
-0.0015506  0.0042349
-0.0011626  0.0032905
-0.0011775  0.0024240
-0.0010442  0.0021705
-0.0009308  0.0018438
-0.0008396  0.0015131
-0.0007851  0.0013544
-0.0007177  0.0009511
-0.0003027  0.0008566
 0.0000889  0.0005292
 0.0012662 -0.0000119
 0.0019750 -0.0000523
 0.0029407 -0.0004044
 0.0037106 -0.0009644
 0.0037937 -0.0011000
 0.0042438 -0.0015389
 0.0043214 -0.0023011
 0.0043387 -0.0022394
 0.0042818 -0.0019801
 0.0048483 -0.0017080
 0.0043525 -0.0010539
 0.0042807 -0.0001115
 0.0042439  0.0005393
 0.0039544  0.0011687
 0.0037437  0.0016988
 0.0035345  0.0019241
 0.0027566  0.0021473
 0.0022430  0.0024517
 0.0020053  0.0022579
 0.0015911  0.0026980
 0.0019617  0.0031793
 0.0026405  0.0040308
 0.0034080  0.0046114
 0.0038493  0.0057105
 0.0044469  0.0064821
 0.0047561  0.0069423
 0.0044901  0.0074789
 0.0039184  0.0072476
 0.0032102  0.0071284
 0.0024649  0.0068232
 0.0017176  0.0060953
 0.0007349  0.0052781
 0.0007183  0.0046189
 0.0003376  0.0040339
-0.0005830  0.0037017
-0.0011934  0.0031316
-0.0024692  0.0022131
-0.0040341  0.0018452
-0.0054104  0.0008007
-0.0068510 -0.0005156
-0.0081325 -0.0014079
-0.0082706 -0.0023289
-0.0086578 -0.0031307
-0.0079710 -0.0031419
-0.0072653 -0.0030720
-0.0062309 -0.0025560
-0.0053334 -0.0017181
-0.0045510 -0.0013067
-0.0044602 -0.0008229
-0.0042918 -0.0000740
-0.0045966 -0.0001281
-0.0057683  0.0002090
-0.0067450  0.0005691
-0.0076388  0.0001597
-0.0087265  0.0000410
-0.0093333 -0.0000043
-0.0094011 -0.0005033
-0.0091261 -0.0011263
-0.0087990 -0.0013920
-0.0082790 -0.0016617
-0.0079201 -0.0017429
-0.0073888 -0.0014748
-0.0070650 -0.0011712
-0.0066657 -0.0009410
-0.0065939 -0.0003484
-0.0061175 -0.0005381
-0.0060844 -0.0003188
-0.0057816 -0.0005800
-0.0056738 -0.0005541
-0.0050477 -0.0004742
-0.0040343 -0.0005040
-0.0031533 -0.0005262
-0.0017684 -0.0006372
-0.0002245 -0.0010765
 0.0014326 -0.0013248
 0.0030351 -0.0016329
 0.0041749 -0.0023245
 0.0053090 -0.0026507
 0.0058448 -0.0028857
 0.0064908 -0.0032055
 0.0069603 -0.0033928
 0.0077060 -0.0031574
 0.0077456 -0.0030742
 0.0074759 -0.0028856
 0.0071145 -0.0028929
 0.0065469 -0.0026895
 0.0055949 -0.0023145
 0.0055024 -0.0015389
 0.0052174 -0.0005498
 0.0050067  0.0008698
 0.0049720  0.0024573
 0.0049768  0.0034909
 0.0045198  0.0045471
 0.0041177  0.0052928
 0.0037794  0.0053073
 0.0027252  0.0053973
 0.0018995  0.0053327
 0.0008251  0.0049863
-0.0004620  0.0049233
-0.0013454  0.0050775
-0.0027650  0.0049200
-0.0034183  0.0055886
-0.0041046  0.0056177
-0.0042221  0.0058487
-0.0046230  0.0061047
-0.0045851  0.0055120
-0.0045669  0.0049250
-0.0044934  0.0044651
-0.0043239  0.0041854
-0.0043077  0.0037796
-0.0041633  0.0042237
-0.0044168  0.0040897
-0.0041710  0.0042996
-0.0041795  0.0045245
-0.0039857  0.0040048
-0.0043139  0.0039588
-0.0042800  0.0032268
-0.0042033  0.0024899
-0.0039191  0.0018503
-0.0034831  0.0011179
-0.0029114  0.0006984
-0.0029018  0.0006431
-0.0024435  0.0003416
-0.0020018 -0.0000145
-0.0026159  0.0001482
-0.0023854 -0.0003612
-0.0026090 -0.0008638
-0.0026058 -0.0015877
-0.0028859 -0.0026019
-0.0028794 -0.0037522
-0.0032291 -0.0046788
-0.0028096 -0.0059317
-0.0026788 -0.0067251
-0.0021467 -0.0066343
-0.0014785 -0.0063876
-0.0006384 -0.0057505
-0.0003101 -0.0048473
 0.0004235 -0.0042436
 0.0008931 -0.0042928
 0.0014374 -0.0047656
 0.0018501 -0.0055625
 0.0022406 -0.0067871
 0.0027122 -0.0074040
 0.0023900 -0.0078300
 0.0026469 -0.0076435
 0.0023994 -0.0070343
 0.0015971 -0.0063907
 0.0006415 -0.0055655
 0.0001498 -0.0052041
-0.0003597 -0.0048016
-0.0011967 -0.0048412
-0.0018443 -0.0049244
-0.0022464 -0.0059479
-0.0027083 -0.0064647
-0.0024257 -0.0075213
-0.0020219 -0.0084802
-0.0007433 -0.0091892
 0.0002111 -0.0094783
 0.0014704 -0.0096487
 0.0026897 -0.0096297
 0.0033897 -0.0093596
 0.0042105 -0.0087802
 0.0048630 -0.0085460
 0.0050386 -0.0076432
 0.0051392 -0.0074538
 0.0046260 -0.0068067
 0.0049325 -0.0062556
 0.0047589 -0.0058260
 0.0047887 -0.0050299
 0.0046639 -0.0047142
 0.0047584 -0.0042213
 0.0045221 -0.0035765
 0.0043138 -0.0030048
 0.0041988 -0.0023940
 0.0039876 -0.0018219
 0.0037236 -0.0014973
 0.0037223 -0.0010382
 0.0040998 -0.0004258
 0.0049832  0.0003676
 0.0052283  0.0010629
 0.0054903  0.0025294
 0.0053970  0.0031363
 0.0047603  0.0038913
 0.0040828  0.0046209
 0.0038308  0.0040827
 0.0033067  0.0038836
 0.0032243  0.0032977
 0.0028327  0.0025059
 0.0020990  0.0021405
 0.0022254  0.0019120
 0.0014505  0.0014046
 0.0004521  0.0015681
-0.0000861  0.0012718
-0.0007539  0.0016708
-0.0008904  0.0021198
-0.0007898  0.0025164
-0.0005032  0.0029904
-0.0000998  0.0039026
 0.0002898  0.0043924
 0.0003540  0.0042483
 0.0004909  0.0046718
-0.0001756  0.0041736
-0.0005564  0.0038251
-0.0010711  0.0029913
-0.0013202  0.0022577
-0.0021879  0.0010250
-0.0023409  0.0002930
-0.0027475 -0.0008968
-0.0034157 -0.0015723
-0.0037779 -0.0022147
-0.0042749 -0.0028761
-0.0047166 -0.0034681
-0.0052531 -0.0040956
-0.0053937 -0.0046609
-0.0053384 -0.0053767
-0.0049920 -0.0056081
-0.0041788 -0.0058556
-0.0034415 -0.0052403
-0.0023776 -0.0046600
-0.0016564 -0.0037036
-0.0014469 -0.0024584
-0.0004109 -0.0014055
-0.0001052 -0.0007571
 0.0007127  0.0000666
 0.0015347  0.0007913
 0.0021513  0.0008292
 0.0028397  0.0009225
 0.0035878  0.0009584
 0.0036657  0.0004933
 0.0029180  0.0003874
 0.0025958 -0.0002707
 0.0020867 -0.0012369
 0.0014775 -0.0017420
 0.0023299 -0.0030482
 0.0026169 -0.0037151
 0.0034603 -0.0042279
 0.0040555 -0.0043009
 0.0045904 -0.0038394
 0.0049501 -0.0036876
 0.0046643 -0.0029625
 0.0045040 -0.0021995
 0.0043312 -0.0014578
 0.0041572 -0.0011401
 0.0038705 -0.0004311
 0.0041769  0.0004672
 0.0043736  0.0009646
 0.0037974  0.0019437
 0.0039690  0.0023228
 0.0036258  0.0027076
 0.0024089  0.0031060
 0.0016482  0.0031287
 0.0002734  0.0027076
-0.0006432  0.0021347
-0.0015360  0.0011051
-0.0020637 -0.0000039
-0.0023564 -0.0009774
-0.0023367 -0.0014558
-0.0018489 -0.0013770
-0.0019558 -0.0006681
-0.0012751  0.0005969
-0.0008277  0.0019389
-0.0001716  0.0033754
-0.0005911  0.0039895
-0.0006452  0.0048124
-0.0002575  0.0053069
-0.0006746  0.0056868
-0.0012091  0.0058148
-0.0017610  0.0061006
-0.0026222  0.0063663
-0.0034289  0.0064103
-0.0045004  0.0061249
-0.0049070  0.0055791
-0.0058280  0.0045895
-0.0055793  0.0045355
-0.0050399  0.0036363
-0.0049575  0.0025805
-0.0047859  0.0021364
-0.0039921  0.0016196
-0.0035665  0.0009655
-0.0033166  0.0006215
-0.0035899  0.0003575
-0.0035601  0.0003224
-0.0040450  0.0004011
-0.0046846 -0.0001318
-0.0049616 -0.0000135
-0.0047021 -0.0001798
-0.0041469 -0.0009957
-0.0031497 -0.0011007
-0.0018250 -0.0016634
-0.0006811 -0.0021474
 0.0003033 -0.0020646
 0.0012501 -0.0023654
 0.0020819 -0.0031111
 0.0027355 -0.0036558
 0.0030985 -0.0042719
 0.0032346 -0.0050443
 0.0033715 -0.0055309
 0.0034329 -0.0057029
 0.0029852 -0.0059124
 0.0024971 -0.0057800
 0.0023183 -0.0062774
 0.0019465 -0.0059895
 0.0017955 -0.0054182
 0.0016425 -0.0053791
 0.0015028 -0.0046289
 0.0016138 -0.0041052
 0.0010711 -0.0039263
 0.0009883 -0.0035775
 0.0010981 -0.0032250
 0.0019613 -0.0031228
 0.0022249 -0.0027537
 0.0029343 -0.0021566
 0.0039126 -0.0023257
 0.0044698 -0.0016870
 0.0045824 -0.0013438
 0.0048472 -0.0011363
 0.0050527 -0.0007366
 0.0054265 -0.0000127
 0.0055569  0.0001419
 0.0058746  0.0009636
 0.0058165  0.0018082
 0.0057159  0.0022540
 0.0054644  0.0026751
 0.0051576  0.0026751
 0.0047126  0.0029436
 0.0045382  0.0037046
 0.0043097  0.0039690
 0.0036544  0.0039564
 0.0034036  0.0038345
 0.0029946  0.0032926
 0.0023001  0.0033051
 0.0022173  0.0031690
 0.0021951  0.0034577
 0.0018459  0.0039184
 0.0016388  0.0045910
 0.0011446  0.0056670
-0.0005394  0.0063187
-0.0017030  0.0075622
-0.0030595  0.0073115
-0.0045865  0.0068879
-0.0053104  0.0061794
-0.0060751  0.0054131
-0.0063876  0.0047061
-0.0063525  0.0039006
-0.0063969  0.0032680
-0.0064434  0.0032841
-0.0065678  0.0033047
-0.0070132  0.0029365
-0.0077339  0.0029183
-0.0080662  0.0023640
-0.0082996  0.0013147
-0.0084801  0.0011818
-0.0082552  0.0009412
-0.0080041  0.0005484
-0.0082722  0.0005372
-0.0082145  0.0004896
-0.0088790  0.0001335
-0.0089302 -0.0004620
-0.0089641 -0.0004648
-0.0085232 -0.0008924
-0.0082172 -0.0008226
-0.0077436 -0.0006341
-0.0073007 -0.0000232
-0.0067839  0.0003910
-0.0058977  0.0014609
-0.0049319  0.0022982
-0.0043488  0.0035134
-0.0033641  0.0038844
-0.0028666  0.0040071
-0.0018529  0.0042852
-0.0011479  0.0039214
-0.0006179  0.0038476
-0.0000631  0.0033793
-0.0001374  0.0034084
-0.0003235  0.0034387
-0.0004139  0.0036560
-0.0006173  0.0036778
-0.0007998  0.0039636
-0.0007554  0.0046888
-0.0001747  0.0048716
 0.0000542  0.0051922
 0.0007413  0.0056468
 0.0009484  0.0050294
 0.0009250  0.0042025
 0.0005967  0.0033215
 0.0001744  0.0022233
-0.0005333  0.0014603
-0.0006286  0.0006544
-0.0002608  0.0002922
 0.0005467 -0.0001115
 0.0016676 -0.0001454
 0.0027141 -0.0004563
 0.0031991  0.0002288
 0.0036658  0.0004351
 0.0034042  0.0006563
 0.0028842  0.0016620
 0.0021150  0.0023839
 0.0016532  0.0030104
 0.0008032  0.0042305
 0.0005101  0.0054208
 0.0000651  0.0064330
-0.0000144  0.0076599
-0.0005926  0.0082732
-0.0010194  0.0083677
-0.0019238  0.0085954
-0.0023558  0.0080725
-0.0035332  0.0074778
-0.0041360  0.0070563
-0.0049702  0.0060029
-0.0053232  0.0054627
-0.0052550  0.0044473
-0.0052945  0.0037573
-0.0053704  0.0032788
-0.0046259  0.0032425
-0.0039492  0.0029583
-0.0039101  0.0028832
-0.0029879  0.0033718
-0.0027933  0.0034223
-0.0015477  0.0036238
-0.0006631  0.0038318
-0.0003756  0.0035921
 0.0001040  0.0040980
 0.0004508  0.0037338
 0.0001472  0.0036155
-0.0001011  0.0036651
-0.0005803  0.0034681
-0.0010806  0.0029480
-0.0014633  0.0026012
-0.0020213  0.0020291
-0.0023031  0.0010306
-0.0024936  0.0004787
-0.0021815  0.0002284
-0.0023127  0.0001339
-0.0019461  0.0006511
-0.0017874  0.0005853
-0.0018378  0.0011957
-0.0018362  0.0012070
-0.0025981  0.0013333
-0.0033829  0.0011952
-0.0045279  0.0011936
-0.0053479  0.0006768
-0.0057496  0.0003922
-0.0055324  0.0000676
-0.0042267 -0.0002332
-0.0028632  0.0002267
-0.0011913  0.0011682
 0.0000934  0.0020868
 0.0013761  0.0033707
 0.0025095  0.0040603
 0.0031034  0.0043824
 0.0039303  0.0049008
 0.0049679  0.0047539
 0.0057213  0.0042363
 0.0066665  0.0036275
 0.0075544  0.0031919
 0.0085214  0.0033078
 0.0090798  0.0033441
 0.0100234  0.0038597
 0.0106363  0.0041027
 0.0105426  0.0050377
 0.0103932  0.0061989
 0.0098038  0.0069195
 0.0089987  0.0079470
 0.0075844  0.0083277
 0.0060946  0.0084783
 0.0052508  0.0083653
 0.0045418  0.0078683
 0.0040622  0.0076809
 0.0040528  0.0068610
 0.0038715  0.0061912
 0.0042643  0.0055003
 0.0050535  0.0050882
 0.0058335  0.0050716
 0.0065308  0.0052324
 0.0073891  0.0060641
 0.0071626  0.0063993
 0.0067625  0.0068797
 0.0066535  0.0073436
 0.0060843  0.0076154
 0.0053596  0.0083421
 0.0046922  0.0087685
 0.0037927  0.0090531
 0.0034991  0.0097032
 0.0028212  0.0102736
 0.0019309  0.0112297
 0.0014819  0.0122027
 0.0008056  0.0128152
 0.0003372  0.0138104
-0.0001251  0.0142509
-0.0003577  0.0144261
-0.0012601  0.0145416
-0.0019303  0.0150463
-0.0028359  0.0144791
-0.0043322  0.0140649
-0.0052370  0.0135546
-0.0060058  0.0123365
-0.0060070  0.0111523
-0.0059533  0.0099694
-0.0057809  0.0086496
-0.0053784  0.0075393
-0.0056126  0.0065412
-0.0059198  0.0055476
-0.0060365  0.0048600
-0.0062521  0.0040772
-0.0052977  0.0032023
-0.0048621  0.0027840
-0.0038931  0.0021381
-0.0033053  0.0017247
-0.0024106  0.0014058
-0.0013985  0.0009722
-0.0008466 -0.0000610
-0.0003318 -0.0007469
 0.0006098 -0.0013590
 0.0012412 -0.0019562
 0.0019090 -0.0019255
 0.0027956 -0.0019502
 0.0035058 -0.0019595
 0.0043141 -0.0012603
 0.0048742 -0.0009636
 0.0052683 -0.0006475
 0.0058122  0.0001091
 0.0060371  0.0003836
 0.0055345  0.0005010
 0.0055204  0.0007677
 0.0055366  0.0005928
 0.0057687  0.0004579
 0.0062810  0.0003270
 0.0069072  0.0004121
 0.0073865  0.0000806
 0.0075754 -0.0000192
 0.0080567 -0.0002113
 0.0080926 -0.0003627
 0.0082258 -0.0006877
 0.0081644 -0.0007039
 0.0079880 -0.0006066
 0.0084277 -0.0003901
 0.0085213  0.0000165
 0.0086517  0.0000585
 0.0088447  0.0001235
 0.0087721  0.0002245
 0.0088351 -0.0003048
 0.0089942 -0.0005854
 0.0094601 -0.0011356
 0.0093919 -0.0013629
 0.0101486 -0.0008982
 0.0100194 -0.0004157
 0.0095043  0.0008912
 0.0091788  0.0020100
 0.0077370  0.0028002
 0.0065654  0.0037797
 0.0053509  0.0040482
 0.0038118  0.0045113
 0.0031573  0.0043752
 0.0025972  0.0047898
 0.0022847  0.0049202
 0.0023965  0.0052456
 0.0020816  0.0052020
 0.0015752  0.0051285
 0.0013192  0.0045387
 0.0007209  0.0033380
-0.0000313  0.0025192
-0.0000515  0.0016407
-0.0006620  0.0006216
-0.0007238  0.0003680
-0.0008409  0.0001553
-0.0007860 -0.0005368
-0.0003463 -0.0001762
-0.0000419 -0.0004274
 0.0002468 -0.0010415
 0.0007793 -0.0013475
 0.0015448 -0.0019172
 0.0016583 -0.0026378
 0.0021416 -0.0027868
 0.0028554 -0.0034307
 0.0028409 -0.0032539
 0.0026285 -0.0028332
 0.0030327 -0.0023515
 0.0027048 -0.0020664
 0.0022385 -0.0012210
 0.0017410 -0.0011576
 0.0007046 -0.0014240
-0.0000266 -0.0016509
-0.0003512 -0.0019888
-0.0004654 -0.0024608
 0.0001866 -0.0020105
 0.0007313 -0.0019059
 0.0010624 -0.0018768
 0.0013717 -0.0016765
 0.0010854 -0.0016720
 0.0006664 -0.0015372
 0.0002840 -0.0015743
-0.0001532 -0.0017827
-0.0007996 -0.0016833
-0.0018246 -0.0020297
-0.0025000 -0.0028303
-0.0031646 -0.0034594
-0.0030628 -0.0041800
-0.0029647 -0.0050985
-0.0024164 -0.0054360
-0.0012549 -0.0056843
-0.0002460 -0.0054723
 0.0011465 -0.0052463
 0.0023497 -0.0047880
 0.0034983 -0.0047521
 0.0043833 -0.0048539
 0.0052680 -0.0040351
 0.0056584 -0.0039273
 0.0059302 -0.0031510
 0.0055547 -0.0023532
 0.0056363 -0.0018268
 0.0054357 -0.0009168
 0.0052730 -0.0005083
 0.0051871 -0.0004736
 0.0049622 -0.0005192
 0.0049344 -0.0011596
 0.0046114 -0.0016586
 0.0047434 -0.0020656
 0.0048408 -0.0025461
 0.0048202 -0.0024056
 0.0052554 -0.0022469
 0.0048318 -0.0021867
 0.0046336 -0.0016783
 0.0041054 -0.0011885
 0.0035579 -0.0012741
 0.0025097 -0.0009038
 0.0015947 -0.0005121
 0.0007617 -0.0002549
-0.0004124  0.0003055
-0.0009901  0.0006180
-0.0020729  0.0009826
-0.0029280  0.0016351
-0.0028767  0.0016940
-0.0030716  0.0019193
-0.0025229  0.0021074
-0.0018050  0.0020634
-0.0016979  0.0021736
-0.0012707  0.0021720
-0.0011952  0.0020024
-0.0011383  0.0015005
-0.0012368  0.0010827
-0.0008194  0.0009345
-0.0007802  0.0010682
-0.0004391  0.0015095
 0.0002368  0.0020799
 0.0000450  0.0030303
 0.0000491  0.0039436
-0.0000425  0.0046065
-0.0004543  0.0044808
-0.0008164  0.0036705
-0.0011604  0.0020753
-0.0011770  0.0006945
-0.0012698 -0.0009177
-0.0018233 -0.0023926
-0.0023587 -0.0034653
-0.0024124 -0.0045203
-0.0029284 -0.0050173
-0.0029853 -0.0053633
-0.0032962 -0.0052862
-0.0036047 -0.0054598
-0.0039337 -0.0051885
-0.0038054 -0.0055850
-0.0036746 -0.0063484
-0.0033944 -0.0067759
-0.0030602 -0.0075361
-0.0025087 -0.0082903
-0.0018805 -0.0084340
-0.0014473 -0.0088098
-0.0010270 -0.0083576
-0.0004113 -0.0078949
 0.0000312 -0.0067946
 0.0001802 -0.0056435
 0.0011124 -0.0046995
 0.0015630 -0.0037988
 0.0023946 -0.0030498
 0.0036535 -0.0025516
 0.0050241 -0.0016933
 0.0056717 -0.0011285
 0.0066669 -0.0003364
 0.0066871  0.0002663
 0.0066904  0.0009676
 0.0067909  0.0016540
 0.0067034  0.0018413
 0.0067164  0.0022595
 0.0067257  0.0024299
 0.0066559  0.0024452
 0.0060136  0.0025401
 0.0054366  0.0027085
 0.0047850  0.0028207
 0.0043775  0.0026511
 0.0036839  0.0024020
 0.0034360  0.0021529
 0.0031695  0.0016143
 0.0031534  0.0011144
 0.0033129  0.0003412
 0.0035245  0.0003166
 0.0035988 -0.0002628
 0.0033678 -0.0004966
 0.0031712 -0.0004986
 0.0028001  0.0001603
 0.0021460  0.0003553
 0.0017382  0.0010930
 0.0009299  0.0017685
 0.0007975  0.0024081
 0.0007926  0.0027945
 0.0008418  0.0037409
 0.0017179  0.0042614
 0.0018087  0.0051278
 0.0019734  0.0058198
 0.0019165  0.0061816
 0.0014591  0.0066572
 0.0005619  0.0069608
-0.0003339  0.0073903
-0.0012298  0.0074767
-0.0025876  0.0073890
-0.0034133  0.0069586
-0.0037205  0.0060332
-0.0044154  0.0054913
-0.0046455  0.0042029
-0.0044550  0.0030918
-0.0040944  0.0018381
-0.0039955  0.0005857
-0.0031892  0.0001585
-0.0027790 -0.0002832
-0.0024624 -0.0007427
-0.0018006 -0.0003187
-0.0023763 -0.0006776
-0.0024973 -0.0011132
-0.0026991 -0.0010066
-0.0028791 -0.0017833
-0.0022186 -0.0023901
-0.0014131 -0.0028044
-0.0008253 -0.0031483
-0.0002407 -0.0035731
 0.0001541 -0.0032542
 0.0005086 -0.0026215
 0.0005578 -0.0018378
 0.0003805 -0.0013590
 0.0005727 -0.0010917
 0.0008016 -0.0007243
 0.0013233 -0.0011293
 0.0017440 -0.0018399
 0.0027008 -0.0024305
 0.0036771 -0.0034451
 0.0041224 -0.0038816
 0.0047422 -0.0044892
 0.0046659 -0.0049268
 0.0045400 -0.0055978
 0.0040454 -0.0055756
 0.0033699 -0.0065200
 0.0029072 -0.0074744
 0.0021663 -0.0078964
 0.0020980 -0.0084560
 0.0022470 -0.0085347
 0.0026402 -0.0081116
 0.0026224 -0.0076562
 0.0030237 -0.0069242
 0.0037719 -0.0061405
 0.0040008 -0.0057351
 0.0042709 -0.0052543
 0.0044966 -0.0048509
 0.0048814 -0.0049417
 0.0043258 -0.0051727
 0.0037097 -0.0052861
 0.0034658 -0.0049756
 0.0032636 -0.0041330
 0.0029657 -0.0031757
 0.0024925 -0.0020917
 0.0027845 -0.0011760
 0.0028628 -0.0002079
 0.0027086  0.0002781
 0.0025717  0.0004812
 0.0019774  0.0005502
 0.0012498  0.0002360
 0.0011384  0.0003293
 0.0004121  0.0002279
 0.0000523  0.0000139
-0.0001818 -0.0000810
-0.0004487 -0.0004443
-0.0007572 -0.0010419
-0.0009769 -0.0014767
-0.0017674 -0.0021053
-0.0021203 -0.0026132
-0.0030470 -0.0029503
-0.0039292 -0.0030415
-0.0047928 -0.0033265
-0.0054234 -0.0031388
-0.0051715 -0.0031424
-0.0045755 -0.0030747
-0.0038492 -0.0024509
-0.0031217 -0.0023593
-0.0022742 -0.0018058
-0.0021212 -0.0012333
-0.0025382 -0.0005606
-0.0030901  0.0002230
-0.0036230  0.0010991
-0.0040252  0.0014056
-0.0044660  0.0019551
-0.0050128  0.0022227
-0.0050600  0.0021032
-0.0052608  0.0019514
-0.0055584  0.0019134
-0.0059097  0.0018590
-0.0058947  0.0015303
-0.0061322  0.0012606
-0.0063256  0.0005177
-0.0061984 -0.0001662
-0.0060801 -0.0010964
-0.0060337 -0.0022567
-0.0054526 -0.0031873
-0.0049806 -0.0042939
-0.0042445 -0.0045757
-0.0031140 -0.0054139
-0.0026348 -0.0062512
-0.0015261 -0.0069751
-0.0004623 -0.0076953
 0.0000460 -0.0087108
 0.0009233 -0.0091637
 0.0015898 -0.0092941
 0.0018369 -0.0093280
 0.0020320 -0.0088253
 0.0022031 -0.0083642
 0.0019597 -0.0077065
 0.0019613 -0.0075704
 0.0018858 -0.0071853
 0.0014813 -0.0071267
 0.0011760 -0.0070900
 0.0008252 -0.0068465
 0.0006717 -0.0069087
 0.0008474 -0.0070101
 0.0010202 -0.0069440
 0.0009516 -0.0070877
 0.0016005 -0.0067696
 0.0020120 -0.0065920
 0.0021206 -0.0065053
 0.0028604 -0.0060313
 0.0030937 -0.0061714
 0.0032141 -0.0067723
 0.0038447 -0.0073589
 0.0035156 -0.0075086
 0.0032282 -0.0080763
 0.0032625 -0.0074763
 0.0027832 -0.0074767
 0.0024925 -0.0070148
 0.0020310 -0.0061936
 0.0017295 -0.0058545
 0.0011961 -0.0048047
 0.0009438 -0.0039064
 0.0005275 -0.0030283
-0.0000046 -0.0020533
-0.0000970 -0.0015950
 0.0000927 -0.0008517
 0.0002421 -0.0004125
 0.0009474 -0.0003959
 0.0013774 -0.0000689
 0.0018222 -0.0001815
 0.0020402 -0.0002340
 0.0016436  0.0002530
 0.0009588  0.0006463
-0.0000086  0.0010969
-0.0013156  0.0015092
-0.0022987  0.0018072
-0.0032128  0.0016990
-0.0036653  0.0015666
-0.0039471  0.0014709
-0.0035889  0.0008124
-0.0035013  0.0006916
-0.0032295  0.0003428
-0.0031500  0.0003787
-0.0038553  0.0005499
-0.0042768  0.0008959
-0.0048929  0.0010122
-0.0056476  0.0010348
-0.0061567  0.0010938
-0.0063970  0.0003489
-0.0058904 -0.0002071
-0.0053470 -0.0014510
-0.0047204 -0.0022169
-0.0031870 -0.0030591
-0.0017900 -0.0034229
-0.0009591 -0.0036668
-0.0004762 -0.0036809
-0.0001015 -0.0040034
-0.0006105 -0.0045380
-0.0009941 -0.0049373
-0.0015468 -0.0053212
-0.0024117 -0.0062757
-0.0032991 -0.0064287
-0.0038002 -0.0071009
-0.0041292 -0.0066233
-0.0038697 -0.0058804
-0.0033658 -0.0047701
-0.0027682 -0.0039283
-0.0020923 -0.0029141
-0.0020248 -0.0024377
-0.0018056 -0.0024385
-0.0021616 -0.0028455
-0.0025977 -0.0037504
-0.0023720 -0.0048429
-0.0021431 -0.0055329
-0.0019484 -0.0058414
-0.0017179 -0.0055321
-0.0017191 -0.0050875
-0.0015592 -0.0041286
-0.0014792 -0.0030312
-0.0012987 -0.0021878
-0.0010831 -0.0015604
-0.0003721 -0.0006403
-0.0000426 -0.0004114
 0.0005933  0.0001595
 0.0014545  0.0002350
 0.0017423 -0.0000953
 0.0026419 -0.0001720
 0.0032128 -0.0001324
 0.0037897 -0.0002822
 0.0041700 -0.0000439
 0.0043090  0.0001543
 0.0043897  0.0008549
 0.0042275  0.0015732
 0.0041544  0.0026145
 0.0035133  0.0036009
 0.0029844  0.0048691
 0.0019037  0.0055978
 0.0007870  0.0061134
-0.0005441  0.0061897
-0.0018336  0.0064699
-0.0031086  0.0062910
-0.0034663  0.0065356
-0.0040206  0.0068182
-0.0043291  0.0072422
-0.0044914  0.0076822
-0.0041176  0.0079487
-0.0043010  0.0079689
-0.0045227  0.0082204
-0.0042454  0.0082341
-0.0047049  0.0081522
-0.0052553  0.0077427
-0.0059219  0.0071686
-0.0062071  0.0067322
-0.0065600  0.0059364
-0.0068350  0.0053717
-0.0065463  0.0053769
-0.0059838  0.0048044
-0.0054198  0.0049917
-0.0048169  0.0052856
-0.0047564  0.0056392
-0.0044624  0.0059343
-0.0046360  0.0059778
-0.0045783  0.0060279
-0.0047535  0.0055833
-0.0049510  0.0052127
-0.0052667  0.0045982
-0.0052373  0.0040963
-0.0056839  0.0037091
-0.0054615  0.0037123
-0.0052342  0.0040204
-0.0056932  0.0049587
-0.0060150  0.0056399
-0.0066803  0.0059940
-0.0071914  0.0065024
-0.0071886  0.0062666
-0.0077991  0.0055876
-0.0077583  0.0046360
-0.0069883  0.0035314
-0.0059906  0.0031087
-0.0046833  0.0024748
-0.0034547  0.0025527
-0.0024570  0.0029706
-0.0014581  0.0029508
-0.0009317  0.0029298
-0.0004210  0.0030856
 0.0001487  0.0029754
 0.0008240  0.0031717
 0.0009153  0.0029084
 0.0009920  0.0027656
 0.0009371  0.0025246
 0.0011499  0.0018774
 0.0012327  0.0013675
 0.0020208  0.0011023
 0.0026938  0.0011584
 0.0033624  0.0015799
 0.0036240  0.0020373
 0.0036930  0.0025286
 0.0043951  0.0029061
 0.0047334  0.0034891
 0.0049764  0.0047212
 0.0060904  0.0060527
 0.0063993  0.0074210
 0.0066920  0.0092095
 0.0076570  0.0104490
 0.0075262  0.0114046
 0.0078185  0.0121107
 0.0080103  0.0124204
 0.0070251  0.0123284
 0.0061599  0.0121048
 0.0054622  0.0112856
 0.0045541  0.0108314
 0.0041071  0.0097054
 0.0042169  0.0088474
 0.0047127  0.0078490
 0.0055994  0.0074085
 0.0065215  0.0069862
 0.0070271  0.0069021
 0.0075568  0.0064374
 0.0076074  0.0066978
 0.0071919  0.0068613
 0.0064531  0.0066436
 0.0055903  0.0065370
 0.0049758  0.0060335
 0.0043807  0.0055497
 0.0046798  0.0050713
 0.0050997  0.0049224
 0.0053731  0.0049458
 0.0057134  0.0044202
 0.0058540  0.0042325
 0.0056222  0.0033935
 0.0048547  0.0025392
 0.0043015  0.0011843
 0.0038005  0.0003211
 0.0029579 -0.0002377
 0.0025408 -0.0009698
 0.0013700 -0.0013602
 0.0005035 -0.0012726
-0.0003989 -0.0016272
-0.0008261 -0.0019627
-0.0010635 -0.0024501
-0.0011839 -0.0027465
-0.0012114 -0.0028697
-0.0013547 -0.0033720
-0.0014690 -0.0041795
-0.0011993 -0.0048481
-0.0014092 -0.0053079
-0.0012513 -0.0057827
-0.0010898 -0.0058743
-0.0009888 -0.0060221
-0.0011737 -0.0060132
-0.0005947 -0.0060220
-0.0008616 -0.0068202
-0.0002463 -0.0075202
 0.0007720 -0.0085630
 0.0018657 -0.0094181
 0.0033116 -0.0099874
 0.0047764 -0.0102361
 0.0058799 -0.0103742
 0.0066350 -0.0099608
 0.0075765 -0.0090512
 0.0079496 -0.0085256
 0.0080704 -0.0074597
 0.0077239 -0.0067350
 0.0070133 -0.0061193
 0.0067016 -0.0058064
 0.0066584 -0.0058362
 0.0064266 -0.0058491
 0.0067298 -0.0061276
 0.0076257 -0.0061284
 0.0084833 -0.0057796
 0.0092007 -0.0055276
 0.0097473 -0.0050068
 0.0100480 -0.0046406
 0.0100617 -0.0043858
 0.0100230 -0.0037503
 0.0096621 -0.0036356
 0.0094376 -0.0032714
 0.0090391 -0.0029077
 0.0088336 -0.0024288
 0.0087714 -0.0020101
 0.0082122 -0.0013197
 0.0077665 -0.0005514
 0.0078157 -0.0000524
 0.0080607  0.0002751
 0.0080195  0.0006292
 0.0081766  0.0010144
 0.0082586  0.0016713
 0.0078650  0.0016346
 0.0076228  0.0019241
 0.0072845  0.0015615
 0.0061988  0.0017117
 0.0062849  0.0019192
 0.0051944  0.0019757
 0.0041612  0.0026806
 0.0033610  0.0027327
 0.0020012  0.0029410
 0.0006175  0.0034215
-0.0004923  0.0035019
-0.0014525  0.0033690
-0.0026872  0.0034135
-0.0034765  0.0035766
-0.0042275  0.0030457
-0.0049042  0.0029339
-0.0051582  0.0026735
-0.0062152  0.0026178
-0.0064114  0.0023655
-0.0064761  0.0019056
-0.0065520  0.0011344
-0.0056884  0.0000386
-0.0049337 -0.0013333
-0.0037753 -0.0021877
-0.0020965 -0.0026194
-0.0008489 -0.0032856
 0.0002428 -0.0031981
 0.0011536 -0.0028161
 0.0017733 -0.0027588
 0.0023183 -0.0025646
 0.0025197 -0.0019089
 0.0025298 -0.0012536
 0.0021066 -0.0013295
 0.0014526 -0.0015596
 0.0008562 -0.0020384
 0.0005106 -0.0023631
 0.0004319 -0.0029198
 0.0005304 -0.0031306
 0.0006285 -0.0029557
 0.0005797 -0.0029186
 0.0007800 -0.0026497
 0.0005011 -0.0022254
 0.0004518 -0.0020303
 0.0000938 -0.0027393
-0.0000919 -0.0030094
 0.0004446 -0.0035113
 0.0007321 -0.0040479
 0.0014956 -0.0045873
 0.0020067 -0.0053779
 0.0023034 -0.0060674
 0.0030559 -0.0066210
 0.0035282 -0.0074805
 0.0035548 -0.0082295
 0.0038132 -0.0086078
 0.0043433 -0.0091960
 0.0042415 -0.0093647
 0.0042750 -0.0096490
 0.0040218 -0.0097224
 0.0037335 -0.0100628
 0.0037909 -0.0098686
 0.0038470 -0.0095233
 0.0035797 -0.0086973
 0.0040997 -0.0078704
 0.0037759 -0.0065291
 0.0034320 -0.0057039
 0.0036464 -0.0051653
 0.0031506 -0.0045169
 0.0027537 -0.0044422
 0.0025878 -0.0041757
 0.0020355 -0.0043716
 0.0016617 -0.0047620
 0.0015131 -0.0050346
 0.0012705 -0.0047851
 0.0009980 -0.0045174
 0.0012971 -0.0039735
 0.0011190 -0.0030408
 0.0009216 -0.0018247
 0.0009542 -0.0008750
 0.0004556  0.0000706
-0.0000228  0.0009342
-0.0007088  0.0016820
-0.0008525  0.0021741
-0.0010171  0.0029545
-0.0008746  0.0030598
-0.0005027  0.0036626
 0.0003319  0.0045415
 0.0005314  0.0047635
 0.0005593  0.0051604
 0.0005827  0.0053889
 0.0004725  0.0052520
 0.0002642  0.0047328
 0.0004326  0.0043501
 0.0004116  0.0037396
 0.0001015  0.0036241
 0.0003906  0.0038038
 0.0002961  0.0037316
-0.0001799  0.0036012
-0.0004855  0.0035116
-0.0010960  0.0027065
-0.0022426  0.0023981
-0.0030534  0.0021247
-0.0042852  0.0014254
-0.0053047  0.0020128
-0.0067477  0.0016433
-0.0080251  0.0015605
-0.0091709  0.0010397
-0.0093583  0.0009238
-0.0095831  0.0008240
-0.0091757  0.0008014
-0.0087687  0.0009561
-0.0082685  0.0011281
-0.0072494  0.0005337
-0.0059622 -0.0000565
-0.0050764 -0.0007332
-0.0035244 -0.0019618
-0.0024270 -0.0029244
-0.0011419 -0.0036988
 0.0003371 -0.0045430
 0.0011276 -0.0050470
 0.0018633 -0.0058577
 0.0026530 -0.0060672
 0.0036172 -0.0062619
 0.0043092 -0.0065106
 0.0048664 -0.0058141
 0.0055887 -0.0056263
 0.0057554 -0.0047442
 0.0059391 -0.0043428
 0.0060650 -0.0041576
 0.0055219 -0.0033586
 0.0056099 -0.0029395
 0.0052780 -0.0020234
 0.0053519 -0.0012018
 0.0053700 -0.0002421
 0.0049687  0.0006013
 0.0045452  0.0012344
 0.0043126  0.0013131
 0.0041790  0.0009873
 0.0038354  0.0005150
 0.0039282  0.0000281
 0.0039637 -0.0005355
 0.0038087 -0.0009460
 0.0041931 -0.0011817
 0.0042173 -0.0012919
 0.0042618 -0.0012181
 0.0044019 -0.0015447
 0.0045857 -0.0015565
 0.0049539 -0.0012379
 0.0051102 -0.0011483
 0.0055688 -0.0005779
 0.0061368 -0.0001144
 0.0064327  0.0003548
 0.0068284  0.0008491
 0.0080707  0.0019385
 0.0085854  0.0024735
 0.0089553  0.0032367
 0.0093376  0.0039995
 0.0086505  0.0042200
 0.0082112  0.0043242
 0.0078397  0.0042156
 0.0066676  0.0042749
 0.0063434  0.0045802
 0.0061674  0.0046928
 0.0056510  0.0049717
 0.0048657  0.0054590
 0.0042157  0.0057590
 0.0034106  0.0057367
 0.0024344  0.0055652
 0.0017444  0.0052479
 0.0006922  0.0050065
 0.0000361  0.0045361
-0.0008473  0.0041364
-0.0018672  0.0039434
-0.0027752  0.0036511
-0.0035537  0.0034730
-0.0041380  0.0031564
-0.0041812  0.0033639
-0.0040476  0.0031483
-0.0042526  0.0030086
-0.0043596  0.0023521
-0.0045255  0.0016378
-0.0050536  0.0004782
-0.0052401 -0.0004270
-0.0052203 -0.0015075
-0.0054088 -0.0019492
-0.0051278 -0.0022358
-0.0048230 -0.0016358
-0.0049821 -0.0010362
-0.0050072 -0.0005303
-0.0059165 -0.0003353
-0.0068806 -0.0006025
-0.0078493 -0.0012413
-0.0081646 -0.0021918
-0.0081881 -0.0032735
-0.0075397 -0.0040442
-0.0069017 -0.0042195
-0.0060886 -0.0039938
-0.0054429 -0.0034362
-0.0051041 -0.0029380
-0.0052590 -0.0019678
-0.0053256 -0.0014527
-0.0056203 -0.0008305
-0.0054018 -0.0007825
-0.0048834 -0.0007127
-0.0042899 -0.0010899
-0.0033718 -0.0020185
-0.0021162 -0.0029258
-0.0012805 -0.0044629
-0.0003450 -0.0056309
-0.0000967 -0.0065038
 0.0000596 -0.0070124
 0.0001003 -0.0068642
-0.0001847 -0.0065864
-0.0001443 -0.0061018
 0.0002360 -0.0054970
 0.0004221 -0.0048276
 0.0007200 -0.0040076
 0.0014011 -0.0032207
 0.0018294 -0.0021520
 0.0021245 -0.0018488
 0.0024688 -0.0006816
 0.0030324  0.0002531
 0.0031958  0.0010174
 0.0036096  0.0014925
 0.0037021  0.0023896
 0.0038410  0.0026916
 0.0038624  0.0026246
 0.0038507  0.0026544
 0.0036642  0.0026257
 0.0036036  0.0026386
 0.0032330  0.0026741
 0.0030153  0.0024859
 0.0025284  0.0023539
 0.0017786  0.0021331
 0.0012020  0.0020157
 0.0009117  0.0017288
 0.0006671  0.0013598
 0.0006518  0.0015840
 0.0005222  0.0012538
-0.0000261  0.0014383
-0.0002852  0.0012951
-0.0005936  0.0013560
-0.0015981  0.0010871
-0.0022565  0.0006475
-0.0029557  0.0006038
-0.0038743  0.0001985
-0.0047577  0.0001601
-0.0046850  0.0001754
-0.0048643  0.0004080
-0.0044658  0.0007350
-0.0042608  0.0011639
-0.0043165  0.0016278
-0.0041598  0.0016537
-0.0043088  0.0018148
-0.0046471  0.0016675
-0.0046999  0.0013667
-0.0049631  0.0012161
-0.0052255  0.0008911
-0.0050463  0.0009868
-0.0050781  0.0010401
-0.0052097  0.0017203
-0.0046719  0.0023655
-0.0045460  0.0029355
-0.0044390  0.0032185
-0.0042219  0.0034140
-0.0040039  0.0035153
-0.0038380  0.0030406
-0.0031719  0.0020123
-0.0029567  0.0010505
-0.0018092 -0.0004506
-0.0006000 -0.0017439
 0.0007494 -0.0026923
 0.0018653 -0.0035851
 0.0033843 -0.0037850
 0.0044631 -0.0042913
 0.0061887 -0.0039493
 0.0073729 -0.0036655
 0.0085336 -0.0038028
 0.0099628 -0.0034605
 0.0105280 -0.0030963
 0.0105191 -0.0025960
 0.0108194 -0.0018091
 0.0103987 -0.0011001
 0.0095153 -0.0002377
 0.0094023  0.0005302
 0.0091956  0.0009307
 0.0086441  0.0010037
 0.0087588  0.0015169
 0.0082073  0.0012246
 0.0078068  0.0015508
 0.0074599  0.0018803
 0.0068737  0.0020612
 0.0065960  0.0021670
 0.0064297  0.0023285
 0.0061503  0.0026984
 0.0056921  0.0032403
 0.0050268  0.0039686
 0.0044324  0.0045440
 0.0036661  0.0051371
 0.0027266  0.0053062
 0.0020923  0.0051451
 0.0018618  0.0054329
 0.0017604  0.0057975
 0.0011410  0.0062780
 0.0006932  0.0067209
 0.0002765  0.0072030
-0.0005395  0.0073387
-0.0013778  0.0072684
-0.0019439  0.0067517
-0.0023743  0.0064105
-0.0020497  0.0056511
-0.0018422  0.0054287
-0.0011671  0.0053572
-0.0003770  0.0056690
 0.0002416  0.0059754
 0.0003567  0.0067582
 0.0001512  0.0068297
-0.0002691  0.0071231
-0.0003797  0.0069224
-0.0004968  0.0069870
-0.0009687  0.0069219
-0.0010030  0.0064176
-0.0009566  0.0055746
-0.0007744  0.0048603
-0.0008087  0.0038861
-0.0002665  0.0027795
-0.0001869  0.0019793
-0.0004328  0.0010673
-0.0002026  0.0006914
-0.0003379  0.0004266
-0.0006613  0.0001968
-0.0009714 -0.0000143
-0.0006984 -0.0005961
-0.0003008 -0.0007561
 0.0004260 -0.0010731
 0.0011543 -0.0012483
 0.0018258 -0.0015612
 0.0026906 -0.0013339
 0.0028860 -0.0016832
 0.0032373 -0.0016230
 0.0033738 -0.0016630
 0.0029769 -0.0018136
 0.0027076 -0.0017159
 0.0021646 -0.0016828
 0.0013320 -0.0020571
 0.0009581 -0.0025433
-0.0000275 -0.0027282
-0.0007829 -0.0027780
-0.0013813 -0.0030735
-0.0016385 -0.0036380
-0.0015816 -0.0044233
-0.0012603 -0.0048609
-0.0010107 -0.0053220
-0.0002041 -0.0057201
 0.0007544 -0.0059862
 0.0015268 -0.0060398
 0.0022948 -0.0056869
 0.0034685 -0.0052783
 0.0042598 -0.0051584
 0.0053867 -0.0049415
 0.0062026 -0.0049552
 0.0066378 -0.0049375
 0.0071663 -0.0048179
 0.0073907 -0.0050267
 0.0071012 -0.0050630
 0.0068513 -0.0053080
 0.0067003 -0.0052487
 0.0065138 -0.0050173
 0.0058666 -0.0047674
 0.0057152 -0.0040027
 0.0051201 -0.0033176
 0.0043930 -0.0023030
 0.0040676 -0.0017842
 0.0035883 -0.0014608
 0.0033231 -0.0015920
 0.0037280 -0.0013618
 0.0040914 -0.0014789
 0.0045541 -0.0015520
 0.0045368 -0.0015767
 0.0045533 -0.0011778
 0.0045900 -0.0007538
 0.0043296  0.0001453
 0.0039391  0.0002459
 0.0037194  0.0006400
 0.0032390  0.0009078
 0.0025312  0.0008251
 0.0019817  0.0009370
 0.0009591  0.0008688
-0.0000966  0.0003726
-0.0006598 -0.0001269
-0.0012040 -0.0007325
-0.0009084 -0.0010644
-0.0004852 -0.0019713
 0.0001358 -0.0020755
 0.0010345 -0.0024070
 0.0016337 -0.0022346
 0.0018340 -0.0021640
 0.0019370 -0.0014797
 0.0016584 -0.0007792
 0.0012273 -0.0000037
 0.0006536  0.0002704
-0.0004612  0.0007181
-0.0016414  0.0007657
-0.0023626  0.0007188
-0.0035827  0.0006793
-0.0041343  0.0002941
-0.0045091 -0.0002780
-0.0044562 -0.0006204
-0.0038607 -0.0010358
-0.0028799 -0.0016406
-0.0026449 -0.0023596
-0.0027297 -0.0027924
-0.0026263 -0.0029195
-0.0031196 -0.0034730
-0.0040014 -0.0034310
-0.0045420 -0.0030858
-0.0054477 -0.0032207
-0.0055345 -0.0032970
-0.0054676 -0.0035259
-0.0057991 -0.0037419
-0.0058407 -0.0042620
-0.0052318 -0.0047279
-0.0051131 -0.0055972
-0.0044627 -0.0060216
-0.0031206 -0.0062413
-0.0019441 -0.0067270
-0.0003848 -0.0064481
 0.0014842 -0.0060145
 0.0030476 -0.0060214
 0.0046246 -0.0059479
 0.0054273 -0.0056398
 0.0061693 -0.0054424
 0.0061814 -0.0053712
 0.0056165 -0.0049339
 0.0052454 -0.0043827
 0.0046883 -0.0042414
 0.0047835 -0.0036781
 0.0046487 -0.0035586
 0.0045502 -0.0024911
 0.0048740 -0.0014394
 0.0049066 -0.0001991
 0.0052429  0.0009900
 0.0050467  0.0019856
 0.0046405  0.0024240
 0.0045428  0.0022533
 0.0045274  0.0016363
 0.0048945  0.0009875
 0.0048936 -0.0000489
 0.0055808 -0.0008532
 0.0057689 -0.0015415
 0.0065126 -0.0021149
 0.0067185 -0.0019755
 0.0067358 -0.0019759
 0.0065816 -0.0014951
 0.0061052 -0.0009960
 0.0058057  0.0005366
 0.0051250  0.0015342
 0.0043313  0.0028335
 0.0041662  0.0038671
 0.0032933  0.0050561
 0.0026449  0.0060566
 0.0016630  0.0063320
 0.0012762  0.0070087
 0.0004469  0.0069756
 0.0001287  0.0072098
-0.0002610  0.0073479
-0.0009744  0.0073487
-0.0015348  0.0074485
-0.0024735  0.0073907
-0.0037728  0.0068364
-0.0046695  0.0065687
-0.0057547  0.0061517
-0.0063413  0.0053054
-0.0068120  0.0046170
-0.0070151  0.0041176
-0.0070405  0.0033307
-0.0071305  0.0023508
-0.0076416  0.0014904
-0.0078454  0.0003603
-0.0080331 -0.0004374
-0.0084135 -0.0011444
-0.0087809 -0.0013882
-0.0084942 -0.0018428
-0.0080170 -0.0021719
-0.0070803 -0.0023043
-0.0052796 -0.0023047
-0.0033594 -0.0024812
-0.0015571 -0.0025401
 0.0001520 -0.0025458
 0.0016870 -0.0025499
 0.0028014 -0.0027808
 0.0037228 -0.0027263
 0.0040825 -0.0027296
 0.0043917 -0.0024857
 0.0041237 -0.0023549
 0.0037862 -0.0017102
 0.0036368 -0.0015633
 0.0025645 -0.0011931
 0.0021805 -0.0010733
 0.0021356 -0.0011056
 0.0017048 -0.0014069
 0.0012134 -0.0015333
 0.0013914 -0.0022278
 0.0010493 -0.0029392
 0.0008256 -0.0038391
 0.0009741 -0.0047895
 0.0014897 -0.0056830
 0.0015858 -0.0063685
 0.0023727 -0.0066479
 0.0028705 -0.0067803
 0.0033159 -0.0063006
 0.0045437 -0.0056114
 0.0051845 -0.0047507
 0.0063800 -0.0040235
 0.0069763 -0.0034127
 0.0072893 -0.0023460
 0.0072880 -0.0019632
 0.0066715 -0.0018119
 0.0056730 -0.0017949
 0.0048853 -0.0015627
 0.0040609 -0.0018898
 0.0029494 -0.0021821
 0.0025274 -0.0023267
 0.0019299 -0.0029295
 0.0015826 -0.0030164
 0.0014809 -0.0030556
 0.0007832 -0.0030350
 0.0004359 -0.0027265
-0.0001596 -0.0021043
-0.0006179 -0.0013892
-0.0009053 -0.0008692
-0.0012877  0.0001870
-0.0013280  0.0007640
-0.0010204  0.0010592
-0.0004661  0.0022357
-0.0001007  0.0026649
-0.0001939  0.0032726
 0.0002437  0.0038775
-0.0002682  0.0038872
-0.0006279  0.0045551
-0.0008976  0.0048293
-0.0015844  0.0045689
-0.0020587  0.0044599
-0.0019433  0.0041200
-0.0023005  0.0039521
-0.0021015  0.0036158
-0.0017724  0.0035650
-0.0014950  0.0031863
-0.0010092  0.0030575
-0.0009289  0.0028879
-0.0008630  0.0027305
-0.0003361  0.0024567
-0.0000191  0.0021058
 0.0005434  0.0024760
 0.0011636  0.0022749
 0.0015083  0.0030459
 0.0012536  0.0036822
 0.0006338  0.0041198
-0.0001217  0.0046248
-0.0012005  0.0045243
-0.0024179  0.0046188
-0.0036707  0.0045772
-0.0046345  0.0045025
-0.0052506  0.0037572
-0.0061150  0.0031294
-0.0058392  0.0025803
-0.0056398  0.0017438
-0.0054931  0.0014394
-0.0050792  0.0013053
-0.0055092  0.0007433
-0.0054106  0.0005789
-0.0053190  0.0003976
-0.0053869  0.0004868
-0.0048984  0.0004464
-0.0046009  0.0010452
-0.0037817  0.0009955
-0.0031309  0.0012754
-0.0023626  0.0020688
-0.0015155  0.0021629
-0.0004568  0.0023914
 0.0008081  0.0023659
 0.0018102  0.0022807
 0.0032738  0.0020800
 0.0044488  0.0019011
 0.0051836  0.0016471
 0.0060501  0.0010738
 0.0065330  0.0004940
 0.0072201  0.0000506
 0.0076594 -0.0003531
 0.0077280 -0.0000523
 0.0076254 -0.0000617
 0.0076956  0.0001612
 0.0076831  0.0004264
 0.0076758  0.0007159
 0.0079357  0.0015201
 0.0079425  0.0022768
 0.0081072  0.0032039
 0.0078484  0.0038018
 0.0072492  0.0041317
 0.0062273  0.0045569
 0.0048565  0.0042468
 0.0038515  0.0032899
 0.0029031  0.0025684
 0.0024190  0.0015430
 0.0022817  0.0004860
 0.0024016 -0.0005511
 0.0028284 -0.0011365
 0.0029681 -0.0015256
 0.0034922 -0.0019096
 0.0035903 -0.0024078
 0.0034325 -0.0020432
 0.0027376 -0.0011227
 0.0021243 -0.0004694
 0.0009300  0.0014318
-0.0000911  0.0027513
-0.0014719  0.0037610
-0.0026642  0.0047514
-0.0030320  0.0056832
-0.0033364  0.0056775
-0.0030110  0.0057897
-0.0021648  0.0058071
-0.0013928  0.0055059
-0.0006200  0.0057793
 0.0000394  0.0059941
 0.0007565  0.0060547
 0.0005263  0.0062787
 0.0006918  0.0059690
 0.0003042  0.0053759
-0.0001311  0.0050489
-0.0006366  0.0042511
-0.0012737  0.0032438
-0.0019642  0.0025821
-0.0031261  0.0019366
-0.0041358  0.0014093
-0.0047212  0.0008913
-0.0049259  0.0004084
-0.0045787 -0.0004940
-0.0039848 -0.0005784
-0.0029487 -0.0010031
-0.0018356 -0.0010258
-0.0009001 -0.0005946
 0.0003660 -0.0005619
 0.0010040 -0.0006472
 0.0012712 -0.0011996
 0.0013706 -0.0015141
 0.0009499 -0.0019458
 0.0002017 -0.0025248
-0.0004075 -0.0030424
-0.0010720 -0.0035802
-0.0017398 -0.0034243
-0.0019408 -0.0039217
-0.0027818 -0.0037279
-0.0033717 -0.0033258
-0.0039236 -0.0031740
-0.0038707 -0.0029100
-0.0038788 -0.0028777
-0.0039669 -0.0024466
-0.0039201 -0.0024494
-0.0038111 -0.0022802
-0.0036198 -0.0027199
-0.0037134 -0.0031418
-0.0035543 -0.0029843
-0.0032967 -0.0036146
-0.0035034 -0.0040377
-0.0031149 -0.0039861
-0.0037056 -0.0042166
-0.0043569 -0.0041868
-0.0049718 -0.0041747
-0.0054200 -0.0042389
-0.0060963 -0.0043932
-0.0065198 -0.0043475
-0.0064839 -0.0046462
-0.0068646 -0.0049990
-0.0064415 -0.0049865
-0.0064221 -0.0054750
-0.0062670 -0.0053893
-0.0054418 -0.0054377
-0.0047724 -0.0052390
-0.0045826 -0.0051001
-0.0043884 -0.0051287
-0.0040226 -0.0044149
-0.0037158 -0.0035064
-0.0035377 -0.0027728
-0.0029970 -0.0014081
-0.0029001  0.0002214
-0.0024334  0.0011007
-0.0027588  0.0020790
-0.0031072  0.0027666
-0.0033329  0.0026281
-0.0041408  0.0022607
-0.0046370  0.0016922
-0.0057049  0.0004734
-0.0062560  0.0000026
-0.0064413 -0.0009800
-0.0066641 -0.0017931
-0.0063338 -0.0018980
-0.0060213 -0.0021257
-0.0058267 -0.0023692
-0.0054043 -0.0022541
-0.0055170 -0.0027003
-0.0052461 -0.0030624
-0.0049784 -0.0033527
-0.0042129 -0.0038780
-0.0029847 -0.0042434
-0.0017222 -0.0041922
-0.0003385 -0.0040783
 0.0014521 -0.0037909
 0.0024389 -0.0035623
 0.0037924 -0.0030456
 0.0040694 -0.0024149
 0.0045914 -0.0016922
 0.0041518 -0.0010632
 0.0037472 -0.0007786
 0.0029772 -0.0010346
 0.0023995 -0.0014908
 0.0023005 -0.0024420
 0.0028763 -0.0031845
 0.0034141 -0.0036766
 0.0046463 -0.0040751
 0.0061483 -0.0044615
 0.0067624 -0.0046791
 0.0073733 -0.0043792
 0.0073708 -0.0041374
 0.0069271 -0.0038523
 0.0064644 -0.0034135
 0.0057909 -0.0033364
 0.0059181 -0.0031442
 0.0059528 -0.0030679
 0.0065006 -0.0025333
 0.0068579 -0.0021292
 0.0073145 -0.0021336
 0.0074106 -0.0015006
 0.0071962 -0.0016035
 0.0073508 -0.0018567
 0.0073851 -0.0023473
 0.0079221 -0.0031646
 0.0080368 -0.0040238
 0.0085721 -0.0044187
 0.0085903 -0.0041802
 0.0086751 -0.0041701
 0.0087983 -0.0031794
 0.0084947 -0.0023441
 0.0086716 -0.0011022
 0.0088085 -0.0000153
 0.0084394  0.0008975
 0.0083389  0.0017559
 0.0080025  0.0020058
 0.0076112  0.0022912
 0.0069082  0.0024483
 0.0064564  0.0020498
 0.0061608  0.0017717
 0.0060352  0.0018557
 0.0058369  0.0016474
 0.0058239  0.0025369
 0.0057028  0.0030783
 0.0056571  0.0035971
 0.0054617  0.0043926
 0.0054411  0.0045194
 0.0048294  0.0043645
 0.0042420  0.0040561
 0.0038306  0.0031752
 0.0033232  0.0028256
 0.0024338  0.0027942
 0.0015613  0.0026868
 0.0007979  0.0028968
-0.0006605  0.0031790
-0.0017744  0.0033114
-0.0028714  0.0031729
-0.0036212  0.0026335
-0.0036389  0.0020949
-0.0034302  0.0017856
-0.0032150  0.0018223
-0.0020590  0.0015526
-0.0013016  0.0018558
-0.0008691  0.0025430
 0.0000406  0.0033654
 0.0005251  0.0045108
 0.0001105  0.0050413
-0.0006223  0.0058055
-0.0012748  0.0058810
-0.0021219  0.0058221
-0.0031054  0.0052665
-0.0032221  0.0046339
-0.0032653  0.0045782
-0.0028099  0.0042717
-0.0024470  0.0042733
-0.0022346  0.0044861
-0.0022811  0.0048527
-0.0028996  0.0044910
-0.0034988  0.0032701
-0.0047339  0.0021485
-0.0056618  0.0006159
-0.0062153 -0.0009332
-0.0066315 -0.0018146
-0.0064849 -0.0024166
-0.0059733 -0.0027526
-0.0052182 -0.0027087
-0.0045754 -0.0026462
-0.0032656 -0.0028101
-0.0023213 -0.0033423
-0.0016490 -0.0040598
-0.0001705 -0.0049247
 0.0009826 -0.0056131
 0.0018144 -0.0060680
 0.0029530 -0.0064641
 0.0033604 -0.0063631
 0.0033471 -0.0060090
 0.0034634 -0.0051195
 0.0030172 -0.0040605
 0.0025525 -0.0032679
 0.0021721 -0.0025318
 0.0017364 -0.0017223
 0.0014908 -0.0010076
 0.0010995 -0.0009660
 0.0006663 -0.0007754
 0.0006032 -0.0006559
 0.0007563 -0.0008295
 0.0008693 -0.0004096
 0.0009650 -0.0004904
 0.0013865 -0.0002611
 0.0020353  0.0004620
 0.0022618  0.0011467
 0.0030458  0.0021496
 0.0033482  0.0032311
 0.0031710  0.0043717
 0.0031467  0.0050762
 0.0023049  0.0057217
 0.0016731  0.0061279
 0.0006197  0.0066096
 0.0000920  0.0064582
-0.0005790  0.0065014
-0.0009270  0.0064441
-0.0008318  0.0065975
-0.0010870  0.0065802
-0.0018061  0.0066581
-0.0018534  0.0070865
-0.0023217  0.0073631
-0.0025847  0.0082498
-0.0026881  0.0086366
-0.0026574  0.0090218
-0.0029275  0.0093464
-0.0032417  0.0097848
-0.0039345  0.0104579
-0.0047800  0.0104550
-0.0055511  0.0103016
-0.0060126  0.0100009
-0.0063183  0.0090658
-0.0064156  0.0080528
-0.0062948  0.0074048
-0.0058870  0.0062525
-0.0051312  0.0057139
-0.0049361  0.0055572
-0.0049531  0.0053816
-0.0051445  0.0052278
-0.0053928  0.0052557
-0.0055086  0.0044967
-0.0055086  0.0036069
-0.0054315  0.0028115
-0.0047552  0.0015499
-0.0044988  0.0000790
-0.0033368 -0.0005371
-0.0026866 -0.0007313
-0.0022097 -0.0006849
-0.0020401  0.0000716
-0.0018918  0.0004810
-0.0024829  0.0006420
-0.0028701  0.0012035
-0.0032795  0.0011155
-0.0034778  0.0006285
-0.0032691  0.0004315
-0.0029053 -0.0000890
-0.0025710 -0.0008392
-0.0021385 -0.0015897
-0.0015481 -0.0028163
-0.0002097 -0.0035096
 0.0008171 -0.0035851
 0.0019788 -0.0036977
 0.0031513 -0.0029257
 0.0040104 -0.0017718
 0.0046398 -0.0009788
 0.0048845 -0.0003219
 0.0048562  0.0002910
 0.0047742  0.0005636
 0.0048852  0.0002196
 0.0051654  0.0002422
 0.0058933  0.0004619
 0.0068114  0.0008108
 0.0077715  0.0011996
 0.0088128  0.0019873
 0.0094624  0.0029248
 0.0097487  0.0035530
 0.0099376  0.0035053
 0.0103514  0.0038606
 0.0108852  0.0036619
 0.0114891  0.0035060
 0.0123224  0.0034297
 0.0130544  0.0031794
 0.0132381  0.0035658
 0.0132740  0.0038121
 0.0126938  0.0042166
 0.0118225  0.0051343
 0.0107367  0.0061881
 0.0093866  0.0065757
 0.0079944  0.0072710
 0.0071255  0.0073732
 0.0058961  0.0079546
 0.0050522  0.0080947
 0.0040413  0.0079046
 0.0034325  0.0076938
 0.0027263  0.0075392
 0.0017558  0.0063110
 0.0011288  0.0054551
 0.0008797  0.0046787
 0.0005220  0.0038446
 0.0005482  0.0030921
 0.0000533  0.0027740
-0.0006896  0.0028160
-0.0010287  0.0030873
-0.0013117  0.0033171
-0.0022052  0.0034805
-0.0021470  0.0032649
-0.0026077  0.0034514
-0.0032573  0.0034671
-0.0031608  0.0034671
-0.0040438  0.0035410
-0.0048271  0.0032980
-0.0052894  0.0029936
-0.0061687  0.0023775
-0.0064727  0.0011392
-0.0067574  0.0003152
-0.0070004 -0.0004395
-0.0066515 -0.0011558
-0.0068364 -0.0015176
-0.0064294 -0.0016485
-0.0057539 -0.0014305
-0.0052036 -0.0013495
-0.0047470 -0.0009700
-0.0041802 -0.0009663
-0.0036485 -0.0009687
-0.0035968 -0.0010398
-0.0035432 -0.0015715
-0.0043280 -0.0024104
-0.0044015 -0.0033479
-0.0043636 -0.0044388
-0.0039408 -0.0051252
-0.0029856 -0.0057312
-0.0022597 -0.0061502
-0.0011320 -0.0061498
-0.0002894 -0.0061692
 0.0005067 -0.0061115
 0.0005564 -0.0051905
 0.0002600 -0.0052160
-0.0001697 -0.0045648
-0.0009441 -0.0041081
-0.0014827 -0.0039563
-0.0020415 -0.0034634
-0.0021129 -0.0029882
-0.0019881 -0.0023427
-0.0019017 -0.0017742
-0.0012730 -0.0005150
-0.0002643 -0.0000979
 0.0002985  0.0005291
 0.0008618  0.0018299
 0.0012809  0.0022239
 0.0017140  0.0031872
 0.0019716  0.0032711
 0.0021492  0.0029348
 0.0026671  0.0025641
 0.0034797  0.0016411
 0.0038717  0.0005881
 0.0044991 -0.0000780
 0.0048443 -0.0009064
 0.0052501 -0.0013045
 0.0049283 -0.0012031
 0.0046421 -0.0007223
 0.0049102 -0.0004897
 0.0050216  0.0003125
 0.0052311  0.0014895
 0.0053579  0.0024149
 0.0050296  0.0031143
 0.0050102  0.0037401
 0.0039944  0.0041007
 0.0035919  0.0046709
 0.0023826  0.0050687
 0.0017391  0.0047954
 0.0005756  0.0049941
-0.0000623  0.0046033
-0.0005310  0.0047592
-0.0012512  0.0047992
-0.0021624  0.0049320
-0.0027321  0.0055465
-0.0037443  0.0060451
-0.0040931  0.0066076
-0.0049580  0.0068809
-0.0056322  0.0075407
-0.0060001  0.0075476
-0.0068047  0.0073586
-0.0077269  0.0068431
-0.0082953  0.0063283
-0.0092284  0.0056355
-0.0096087  0.0048506
-0.0094661  0.0038348
-0.0089436  0.0027967
-0.0086929  0.0024499
-0.0079213  0.0016420
-0.0073040  0.0007949
-0.0066338  0.0004836
-0.0058860 -0.0001305
-0.0054266 -0.0009372
-0.0046300 -0.0012787
-0.0037103 -0.0023664
-0.0030703 -0.0034937
-0.0019939 -0.0039527
-0.0016426 -0.0053351
-0.0012675 -0.0057914
-0.0008346 -0.0067547
-0.0003036 -0.0068900
 0.0001107 -0.0067192
 0.0008266 -0.0064701
 0.0016539 -0.0055875
 0.0020176 -0.0044764
 0.0024185 -0.0034089
 0.0028429 -0.0025259
 0.0026693 -0.0017059
 0.0023822 -0.0017524
 0.0022506 -0.0017807
 0.0023705 -0.0025749
 0.0025676 -0.0031798
 0.0032390 -0.0040313
 0.0038127 -0.0051518
 0.0045601 -0.0055992
 0.0055722 -0.0062549
 0.0062521 -0.0064297
 0.0062379 -0.0060869
 0.0064551 -0.0060857
 0.0060589 -0.0055859
 0.0057572 -0.0052346
 0.0050736 -0.0043495
 0.0046097 -0.0034625
 0.0041906 -0.0029982
 0.0036597 -0.0027434
 0.0032678 -0.0023194
 0.0033958 -0.0023763
 0.0034241 -0.0024724
 0.0035857 -0.0026646
 0.0039588 -0.0027797
 0.0037508 -0.0032028
 0.0036201 -0.0036849
 0.0032216 -0.0042590
 0.0025150 -0.0045514
 0.0022663 -0.0043975
 0.0019223 -0.0043576
 0.0011685 -0.0038581
 0.0005124 -0.0030680
-0.0003993 -0.0026226
-0.0015206 -0.0023109
-0.0021044 -0.0021659
-0.0030327 -0.0021445
-0.0035035 -0.0023483
-0.0031709 -0.0028582
-0.0034103 -0.0029139
-0.0031573 -0.0028671
-0.0026878 -0.0027871
-0.0027418 -0.0026288
-0.0028331 -0.0025497
-0.0027894 -0.0020825
-0.0033760 -0.0016569
-0.0038323 -0.0016872
-0.0046704 -0.0020069
-0.0055328 -0.0025721
-0.0061639 -0.0033307
-0.0067788 -0.0040728
-0.0075010 -0.0046715
-0.0076888 -0.0051032
-0.0075139 -0.0053241
-0.0074162 -0.0050302
-0.0073346 -0.0047541
-0.0068776 -0.0042854
-0.0062453 -0.0035676
-0.0052315 -0.0027484
-0.0042367 -0.0022288
-0.0034143 -0.0012881
-0.0024393 -0.0010757
-0.0013722 -0.0007067
-0.0008219 -0.0006659
-0.0005373 -0.0007087
-0.0001219 -0.0007882
-0.0000472 -0.0008129
 0.0000110 -0.0007637
 0.0001809 -0.0004605
 0.0004894 -0.0005631
 0.0007224 -0.0013173
 0.0012242 -0.0020521
 0.0012852 -0.0034213
 0.0013866 -0.0049620
 0.0015841 -0.0062536
 0.0011517 -0.0078876
 0.0006402 -0.0093662
 0.0007981 -0.0102326
 0.0003047 -0.0108855
 0.0004961 -0.0111588
 0.0003047 -0.0107551
 0.0008199 -0.0102811
 0.0011659 -0.0095593
 0.0018486 -0.0083218
 0.0021699 -0.0075697
 0.0027982 -0.0063186
 0.0034219 -0.0052398
 0.0039350 -0.0041982
 0.0043101 -0.0030948
 0.0052496 -0.0021638
 0.0059368 -0.0013983
 0.0065731 -0.0002803
 0.0075550  0.0004731
 0.0079818  0.0008615
 0.0081805  0.0014789
 0.0077856  0.0022456
 0.0076371  0.0028330
 0.0074873  0.0035726
 0.0070169  0.0047701
 0.0069321  0.0057039
 0.0064068  0.0064076
 0.0057781  0.0067754
 0.0055071  0.0067234
 0.0047384  0.0067146
 0.0041287  0.0068244
 0.0040198  0.0067595
 0.0031857  0.0072097
 0.0021772  0.0081145
 0.0010354  0.0086160
 0.0003482  0.0085817
-0.0002308  0.0089104
-0.0006959  0.0087424
-0.0010258  0.0089734
-0.0007852  0.0093994
-0.0011550  0.0098100
-0.0009459  0.0100632
-0.0016957  0.0101811
-0.0020413  0.0101855
-0.0025746  0.0098375
-0.0029788  0.0091826
-0.0032852  0.0082172
-0.0034056  0.0075962
-0.0034645  0.0063425
-0.0038142  0.0048143
-0.0041247  0.0037520
-0.0045127  0.0017781
-0.0047804  0.0003997
-0.0049956 -0.0008777
-0.0042438 -0.0023033
-0.0038627 -0.0030602
-0.0034210 -0.0032947
-0.0029397 -0.0036496
-0.0019796 -0.0039124
-0.0014604 -0.0037351
-0.0017272 -0.0038659
-0.0020329 -0.0040747
-0.0028375 -0.0046100
-0.0032219 -0.0055104
-0.0035526 -0.0062565
-0.0030572 -0.0069316
-0.0027928 -0.0073006
-0.0019506 -0.0070576
-0.0015117 -0.0071355
-0.0008980 -0.0072324
-0.0004939 -0.0068666
 0.0002232 -0.0067273
 0.0007078 -0.0067467
 0.0017507 -0.0063207
 0.0029902 -0.0059186
 0.0043671 -0.0057890
 0.0054763 -0.0059881
 0.0066613 -0.0060960
 0.0075339 -0.0062716
 0.0081294 -0.0062022
 0.0085864 -0.0059745
 0.0087253 -0.0058578
 0.0088645 -0.0058178
 0.0086173 -0.0056200
 0.0085664 -0.0057120
 0.0089579 -0.0058412
 0.0089890 -0.0058540
 0.0094279 -0.0054329
 0.0098869 -0.0051039
 0.0106734 -0.0047732
 0.0112120 -0.0044292
 0.0120764 -0.0039838
 0.0125799 -0.0031315
 0.0125820 -0.0027398
 0.0117442 -0.0018697
 0.0108847 -0.0004997
 0.0096601  0.0002117
 0.0078231  0.0009388
 0.0067867  0.0012650
 0.0053752  0.0014112
 0.0048370  0.0014681
 0.0051120  0.0007220
 0.0053680  0.0008758
 0.0066015  0.0008972
 0.0079553  0.0007268
 0.0088501  0.0012279
 0.0098720  0.0021860
 0.0108225  0.0024290
 0.0108895  0.0034404
 0.0111278  0.0042434
 0.0108278  0.0045276
 0.0105242  0.0051764
 0.0099368  0.0050755
 0.0094769  0.0052277
 0.0084777  0.0058353
 0.0079584  0.0060222
 0.0072087  0.0062887
 0.0058779  0.0066467
 0.0051014  0.0058994
 0.0048846  0.0058397
 0.0043221  0.0054036
 0.0040677  0.0048049
 0.0042147  0.0048065
 0.0047525  0.0043850
 0.0047719  0.0040171
 0.0052693  0.0035181
 0.0060198  0.0030607
 0.0062859  0.0021817
 0.0069294  0.0014211
 0.0069666  0.0005668
 0.0071514 -0.0000004
 0.0071837 -0.0004481
 0.0070832 -0.0014409
 0.0066621 -0.0019964
 0.0060843 -0.0022888
 0.0056377 -0.0029053
 0.0050995 -0.0031007
 0.0044248 -0.0034129
 0.0037913 -0.0033576
 0.0029673 -0.0034008
 0.0027420 -0.0033451
 0.0024825 -0.0032333
 0.0021793 -0.0027242
 0.0019108 -0.0023487
 0.0020101 -0.0019559
 0.0021409 -0.0013306
 0.0023117 -0.0006075
 0.0029101 -0.0000556
 0.0033369  0.0002504
 0.0039934  0.0002488
 0.0046111  0.0003651
 0.0053201 -0.0003249
 0.0049515 -0.0007472
 0.0054093 -0.0015862
 0.0055550 -0.0019310
 0.0058735 -0.0021373
 0.0064246 -0.0022083
 0.0068388 -0.0013798
 0.0078902 -0.0001479
 0.0085636  0.0004710
 0.0090978  0.0013730
 0.0097724  0.0019710
 0.0109853  0.0018224
 0.0117953  0.0017009
 0.0126230  0.0012519
 0.0137765  0.0004919
 0.0140058  0.0001721
 0.0144447  0.0005415
 0.0143635  0.0003807
 0.0143037  0.0011781
 0.0138418  0.0013848
 0.0136484  0.0020566
 0.0132233  0.0021531
 0.0129968  0.0023251
 0.0126528  0.0020446
 0.0125616  0.0024479
 0.0119915  0.0028480
 0.0113233  0.0031896
 0.0104605  0.0039292
 0.0093470  0.0047423
 0.0079968  0.0055211
 0.0066285  0.0066673
 0.0058508  0.0069931
 0.0050949  0.0074235
 0.0043617  0.0077636
 0.0040528  0.0076058
 0.0037254  0.0071807
 0.0037262  0.0065796
 0.0032809  0.0063374
 0.0034314  0.0063100
 0.0031012  0.0060669
 0.0031342  0.0057299
 0.0036288  0.0059730
 0.0041262  0.0062463
 0.0042784  0.0068274
 0.0049043  0.0066760
 0.0051825  0.0065593
 0.0054434  0.0057760
 0.0055476  0.0045425
 0.0055537  0.0031403
 0.0050401  0.0015814
 0.0047652  0.0003863
 0.0041825 -0.0003736
 0.0034113 -0.0004746
 0.0024641 -0.0002105
 0.0011766  0.0008230
-0.0001696  0.0022059
-0.0016097  0.0030715
-0.0031085  0.0040737
-0.0042281  0.0044443
-0.0048132  0.0043700
-0.0050753  0.0041060
-0.0051468  0.0034976
-0.0047439  0.0026272
-0.0046592  0.0017955
-0.0038970  0.0008323
-0.0032623 -0.0002267
-0.0028565 -0.0007144
-0.0020049 -0.0013757
-0.0014021 -0.0019296
-0.0007201 -0.0023890
-0.0004100 -0.0031202
 0.0001508 -0.0039528
 0.0003248 -0.0049319
 0.0008234 -0.0055121
 0.0007443 -0.0059167
 0.0006454 -0.0064327
 0.0007200 -0.0068893
 0.0004370 -0.0066369
 0.0002707 -0.0060373
 0.0001525 -0.0056675
-0.0001567 -0.0053013
-0.0000456 -0.0049028
 0.0002157 -0.0046145
 0.0006123 -0.0045439
 0.0012902 -0.0049759
 0.0022709 -0.0050745
 0.0028038 -0.0054335
 0.0033977 -0.0054965
 0.0037554 -0.0052555
 0.0038071 -0.0054901
 0.0038846 -0.0051086
 0.0040380 -0.0052277
 0.0039488 -0.0050032
 0.0039545 -0.0048749
 0.0039739 -0.0046863
 0.0034983 -0.0043295
 0.0032302 -0.0039104
 0.0030913 -0.0032026
 0.0023548 -0.0026309
 0.0021598 -0.0020544
 0.0018299 -0.0016704
 0.0013054 -0.0013587
 0.0007813 -0.0015278
 0.0008564 -0.0014402
 0.0005496 -0.0016452
 0.0010692 -0.0016573
 0.0016809 -0.0015753
 0.0023721 -0.0013791
 0.0033783 -0.0013185
 0.0044797 -0.0012583
 0.0053721 -0.0009156
 0.0058243 -0.0011074
 0.0056019 -0.0013407
 0.0048602 -0.0013654
 0.0034806 -0.0014615
 0.0022557 -0.0020958
 0.0006048 -0.0022726
-0.0008334 -0.0026954
-0.0022195 -0.0023542
-0.0034881 -0.0019376
-0.0046428 -0.0013610
-0.0061839 -0.0008862
-0.0069753 -0.0006763
-0.0084938 -0.0006973
-0.0090599 -0.0005302
-0.0099309 -0.0009129
-0.0102636 -0.0012977
-0.0103282 -0.0013506
-0.0105459 -0.0017289
-0.0099572 -0.0021806
-0.0100841 -0.0026497
-0.0100506 -0.0032529
-0.0096182 -0.0040070
-0.0094345 -0.0048605
-0.0088818 -0.0053877
-0.0081575 -0.0058229
-0.0071801 -0.0054155
-0.0058731 -0.0050509
-0.0051221 -0.0041288
-0.0041010 -0.0038231
-0.0034243 -0.0035534
-0.0031328 -0.0028663
-0.0028558 -0.0026192
-0.0027116 -0.0022409
-0.0028751 -0.0021888
-0.0027858 -0.0022167
-0.0028758 -0.0019580
-0.0031204 -0.0017380
-0.0035823 -0.0015217
-0.0035036 -0.0008192
-0.0035230 -0.0007748
-0.0029444 -0.0004171
-0.0019027  0.0002284
-0.0011654  0.0007210
 0.0002994  0.0013895
 0.0009947  0.0015950
 0.0015931  0.0016863
 0.0021062  0.0013947
 0.0023715  0.0009280
 0.0027481  0.0000409
 0.0027400 -0.0007274
 0.0025583 -0.0011893
 0.0020746 -0.0018769
 0.0016296 -0.0023492
 0.0015113 -0.0025321
 0.0013026 -0.0025846
 0.0013991 -0.0024259
 0.0018577 -0.0022559
 0.0025845 -0.0021223
 0.0030580 -0.0020827
 0.0033790 -0.0021937
 0.0041396 -0.0022833
 0.0047917 -0.0023576
 0.0053876 -0.0021424
 0.0060598 -0.0016288
 0.0067717 -0.0012521
 0.0071766 -0.0007249
 0.0068520  0.0000708
 0.0063146  0.0005815
 0.0058733  0.0010757
 0.0050501  0.0015913
 0.0044901  0.0017229
 0.0039700  0.0019873
 0.0033006  0.0026514
 0.0034165  0.0025892
 0.0027875  0.0030200
 0.0021968  0.0034197
 0.0015888  0.0038787
 0.0006938  0.0041343
-0.0007548  0.0043149
-0.0018837  0.0038982
-0.0027590  0.0034671
-0.0036218  0.0029790
-0.0036408  0.0023742
-0.0034102  0.0020186
-0.0027090  0.0019875
-0.0017198  0.0022601
-0.0009435  0.0032375
 0.0001434  0.0038318
 0.0005737  0.0050592
 0.0003407  0.0060589
 0.0000117  0.0063351
-0.0006424  0.0058446
-0.0012945  0.0055673
-0.0015258  0.0045269
-0.0017354  0.0035151
-0.0022336  0.0033476
-0.0024270  0.0031732
-0.0031949  0.0032034
-0.0039657  0.0032002
-0.0044643  0.0025788
-0.0047954  0.0018782
-0.0047999  0.0015879
-0.0046271  0.0012399
-0.0047401  0.0011030
-0.0045253  0.0010251
-0.0047102  0.0010856
-0.0049548  0.0013501
-0.0050287  0.0012713
-0.0053711  0.0010392
-0.0059282  0.0008223
-0.0060817  0.0006495
-0.0062718  0.0005724
-0.0061584  0.0002853
-0.0055426 -0.0000599
-0.0044275 -0.0007632
-0.0037544 -0.0011806
-0.0027164 -0.0014991
-0.0021568 -0.0020243
-0.0021584 -0.0026332
-0.0024434 -0.0029307
-0.0026130 -0.0034632
-0.0026114 -0.0039210
-0.0021915 -0.0042513
-0.0022294 -0.0043507
-0.0014825 -0.0042029
-0.0006662 -0.0037269
 0.0005148 -0.0034254
 0.0014417 -0.0027212
 0.0025221 -0.0025339
 0.0037328 -0.0021334
 0.0040832 -0.0018327
 0.0048765 -0.0015364
 0.0051901 -0.0012550
 0.0051651 -0.0009538
 0.0053673 -0.0006337
 0.0052329 -0.0006212
 0.0055401 -0.0003976
 0.0057529 -0.0008978
 0.0059290 -0.0011498
 0.0054691 -0.0011489
 0.0053395 -0.0014679
 0.0048033 -0.0018441
 0.0040770 -0.0021416
 0.0037569 -0.0025308
 0.0033035 -0.0023293
 0.0029103 -0.0023026
 0.0029923 -0.0024071
 0.0027077 -0.0023037
 0.0028627 -0.0015079
 0.0026782 -0.0014848
 0.0023375 -0.0009640
 0.0018421 -0.0005784
 0.0012866 -0.0000846
 0.0003830  0.0002953
 0.0001759  0.0007866
-0.0003571  0.0004951
-0.0010071  0.0007805
-0.0010571  0.0008193
-0.0013926  0.0007446
-0.0023244  0.0008443
-0.0025501  0.0009275
-0.0028314  0.0005283
-0.0029057  0.0005484
-0.0027688  0.0008585
-0.0027515  0.0003962
-0.0033458  0.0007580
-0.0036216  0.0009061
-0.0042967  0.0009247
-0.0053763  0.0011165
-0.0055871  0.0010438
-0.0065028  0.0008936
-0.0064252  0.0009151
-0.0064046  0.0009809
-0.0067070  0.0009495
-0.0063206  0.0007472
-0.0053597 -0.0002415
-0.0048813 -0.0010215
-0.0038860 -0.0018435
-0.0030232 -0.0027596
-0.0020825 -0.0034347
-0.0016383 -0.0032639
-0.0014599 -0.0032874
-0.0013952 -0.0031751
-0.0013471 -0.0025683
-0.0013600 -0.0023459
-0.0014492 -0.0018946
-0.0011965 -0.0014210
-0.0004838 -0.0012147
-0.0006921 -0.0013548
-0.0004192 -0.0014691
-0.0001071 -0.0015813
-0.0003889 -0.0019318
-0.0005774 -0.0024123
-0.0004797 -0.0026804
-0.0002447 -0.0028354
 0.0003097 -0.0032190
 0.0011374 -0.0030268
 0.0015795 -0.0028338
 0.0024786 -0.0026610
 0.0021887 -0.0026222
 0.0021281 -0.0024167
 0.0019533 -0.0028019
 0.0008926 -0.0029941
 0.0005575 -0.0031136
-0.0000288 -0.0037431
-0.0002440 -0.0040842
-0.0002303 -0.0047879
-0.0001189 -0.0051097
 0.0000959 -0.0059111
 0.0003321 -0.0056361
 0.0004145 -0.0054790
 0.0000988 -0.0049663
 0.0000629 -0.0041645
 0.0004081 -0.0031337
 0.0003088 -0.0021858
 0.0001315 -0.0011966
 0.0004129  0.0000642
 0.0002570  0.0012262
-0.0003963  0.0021423
-0.0004044  0.0024600
-0.0005974  0.0024026
-0.0006967  0.0018265
-0.0008946  0.0006734
-0.0013795  0.0001335
-0.0013703 -0.0001761
-0.0018742 -0.0002722
-0.0024225  0.0003923
-0.0030900  0.0019249
-0.0035164  0.0035350
-0.0043679  0.0048238
-0.0047563  0.0060024
-0.0052929  0.0056137
-0.0054524  0.0049007
-0.0048597  0.0041919
-0.0045000  0.0029621
-0.0041431  0.0021955
-0.0039215  0.0014818
-0.0043237  0.0013401
-0.0046511  0.0016563
-0.0041121  0.0019111
-0.0045857  0.0025648
-0.0041209  0.0032939
-0.0036958  0.0036379
-0.0033210  0.0038075
-0.0027957  0.0035737
-0.0022890  0.0027997
-0.0020257  0.0012040
-0.0012847 -0.0001841
-0.0008523 -0.0016824
-0.0007609 -0.0028924
-0.0003454 -0.0033943
-0.0002965 -0.0034932
-0.0005363 -0.0029801
-0.0006073 -0.0020253
-0.0014055 -0.0016103
-0.0022033 -0.0010447
-0.0027378 -0.0004366
-0.0037181 -0.0000063
-0.0039503  0.0003279
-0.0039790  0.0010082
-0.0040614  0.0015936
-0.0040642  0.0018301
-0.0041417  0.0019754
-0.0039851  0.0014110
-0.0039766  0.0006955
-0.0035300 -0.0010528
-0.0032970 -0.0021251
-0.0029086 -0.0037510
-0.0021427 -0.0049331
-0.0021984 -0.0058064
-0.0020805 -0.0061430
-0.0019634 -0.0063328
-0.0027236 -0.0065851
-0.0031225 -0.0071645
-0.0031782 -0.0082289
-0.0032076 -0.0092532
-0.0026435 -0.0094967
-0.0018930 -0.0098278
-0.0012897 -0.0092909
-0.0006340 -0.0083162
-0.0002884 -0.0069730
-0.0000978 -0.0054989
-0.0003308 -0.0038541
-0.0007540 -0.0027850
-0.0010212 -0.0018923
-0.0008299 -0.0013832
-0.0006405 -0.0010486
-0.0003155 -0.0007721
 0.0005877 -0.0005856
 0.0009091 -0.0007277
 0.0016313 -0.0006745
 0.0022761 -0.0005565
 0.0030722 -0.0007632
 0.0036027 -0.0007778
 0.0042430 -0.0009343
 0.0044283 -0.0014834
 0.0043063 -0.0013392
 0.0045804 -0.0013835
 0.0035573 -0.0014913
 0.0027049 -0.0012688
 0.0015675 -0.0011807
 0.0001665 -0.0013623
-0.0007714 -0.0016413
-0.0008663 -0.0020894
-0.0006656 -0.0026809
 0.0001646 -0.0027127
 0.0012834 -0.0021729
 0.0024224 -0.0013133
 0.0035715 -0.0003185
 0.0045045  0.0007069
 0.0048073  0.0013860
 0.0048335  0.0021801
 0.0039811  0.0025168
 0.0034025  0.0022991
 0.0026309  0.0021074
 0.0017124  0.0019741
 0.0011189  0.0016346
 0.0005274  0.0015289
-0.0000487  0.0014998
-0.0008719  0.0014531
-0.0017933  0.0011115
-0.0031135  0.0007167
-0.0042602 -0.0001045
-0.0049304 -0.0004473
-0.0056369 -0.0009629
-0.0056934 -0.0011667
-0.0055578 -0.0013334
-0.0057140 -0.0016152
-0.0053503 -0.0021994
-0.0048759 -0.0024965
-0.0045347 -0.0028320
-0.0040200 -0.0030895
-0.0036550 -0.0031622
-0.0034179 -0.0031819
-0.0035427 -0.0027588
-0.0035115 -0.0029720
-0.0039996 -0.0025945
-0.0044101 -0.0029058
-0.0048268 -0.0027758
-0.0050924 -0.0025324
-0.0050731 -0.0022878
-0.0047860 -0.0016220
-0.0043625 -0.0007867
-0.0044008  0.0004374
-0.0047484  0.0014048
-0.0052491  0.0017839
-0.0061378  0.0018516
-0.0063211  0.0015952
-0.0062929  0.0010324
-0.0052178  0.0006617
-0.0042315 -0.0006154
-0.0029537 -0.0005287
-0.0020445 -0.0010939
-0.0009795 -0.0012934
-0.0007349 -0.0016241
-0.0005508 -0.0018325
-0.0008819 -0.0021764
-0.0009994 -0.0025967
-0.0010224 -0.0024978
-0.0013462 -0.0026855
-0.0016543 -0.0027223
-0.0015400 -0.0025425
-0.0018703 -0.0029180
-0.0014104 -0.0026200
-0.0012062 -0.0032462
-0.0012369 -0.0036418
-0.0006879 -0.0037758
-0.0008672 -0.0037766
-0.0007921 -0.0038392
-0.0006560 -0.0032102
-0.0008449 -0.0030217
-0.0014715 -0.0022054
-0.0014828 -0.0010926
-0.0014367 -0.0004834
-0.0018287  0.0001860
-0.0014031  0.0006838
-0.0014399  0.0006212
-0.0014221  0.0002377
-0.0010850 -0.0003018
-0.0013265 -0.0006684
-0.0014315 -0.0010172
-0.0014623 -0.0013011
-0.0021233 -0.0013778
-0.0028120 -0.0017593
-0.0025221 -0.0019276
-0.0024579 -0.0022886
-0.0020675 -0.0024400
-0.0013548 -0.0026091
-0.0009547 -0.0028352
-0.0006120 -0.0027528
-0.0000835 -0.0030132
-0.0003766 -0.0027011
-0.0000718 -0.0026368
 0.0002152 -0.0025904
 0.0006824 -0.0022415
 0.0014197 -0.0017211
 0.0022777 -0.0005102
 0.0026020  0.0009037
 0.0028698  0.0020144
 0.0028311  0.0027593
 0.0019224  0.0030306
 0.0018905  0.0030116
 0.0020435  0.0025001
 0.0023697  0.0017693
 0.0033799  0.0011173
 0.0041248  0.0008443
 0.0048095  0.0011980
 0.0050719  0.0016675
 0.0045470  0.0021164
 0.0036171  0.0027159
 0.0025952  0.0028850
 0.0019226  0.0032245
 0.0011708  0.0031462
 0.0011942  0.0037421
 0.0014256  0.0039521
 0.0017006  0.0038952
 0.0025484  0.0038168
 0.0029018  0.0038935
 0.0033084  0.0034676
 0.0039826  0.0032387
 0.0042346  0.0036997
 0.0049601  0.0035883
 0.0052609  0.0036388
 0.0058907  0.0033187
 0.0065803  0.0031948
 0.0066949  0.0025521
 0.0065362  0.0021173
 0.0061353  0.0015448
 0.0056965  0.0005112
 0.0046209  0.0002645
 0.0039721  0.0000517
 0.0034016  0.0002823
 0.0026620  0.0008750
 0.0026648  0.0017560
 0.0024420  0.0025586
 0.0025373  0.0030972
 0.0021529  0.0032676
 0.0018255  0.0032853
 0.0019163  0.0027431
 0.0023280  0.0024454
 0.0026110  0.0019787
 0.0031972  0.0016104
 0.0034572  0.0018922
 0.0037349  0.0017978
 0.0042897  0.0018587
 0.0043793  0.0020187
 0.0041023  0.0019068
 0.0037304  0.0014555
 0.0034901  0.0009056
 0.0024052  0.0006440
 0.0015916  0.0000264
 0.0010877 -0.0004572
 0.0006028 -0.0005387
 0.0005838  0.0003746
 0.0007413  0.0012892
 0.0010393  0.0023111
 0.0014932  0.0035623
 0.0019825  0.0044885
 0.0022628  0.0052746
 0.0024619  0.0057357
 0.0032512  0.0054442
 0.0035258  0.0051176
 0.0040862  0.0047081
 0.0046660  0.0042414
 0.0047299  0.0039805
 0.0048894  0.0029965
 0.0044978  0.0023368
 0.0042947  0.0018934
 0.0041458  0.0014501
 0.0037065  0.0012196
 0.0028041  0.0010278
 0.0020511  0.0007432
 0.0015270  0.0008780
 0.0006004  0.0010488
 0.0003279  0.0007411
-0.0007312  0.0010129
-0.0012298  0.0008946
-0.0017091  0.0006459
-0.0020429  0.0007432
-0.0019411  0.0003778
-0.0018329  0.0002260
-0.0013580 -0.0001188
-0.0009449 -0.0003324
-0.0002307 -0.0004669
 0.0004799 -0.0005254
 0.0009006 -0.0005618
 0.0017755 -0.0010014
 0.0027526 -0.0010955
 0.0037248 -0.0015941
 0.0042416 -0.0021178
 0.0049514 -0.0020464
 0.0056579 -0.0018974
 0.0056765 -0.0020722
 0.0063095 -0.0020908
 0.0065223 -0.0019717
 0.0065070 -0.0023536
 0.0065470 -0.0022022
 0.0064921 -0.0022277
 0.0060306 -0.0019851
 0.0055477 -0.0018579
 0.0052679 -0.0016739
 0.0052202 -0.0019480
 0.0057664 -0.0016965
 0.0067361 -0.0014486
 0.0078279 -0.0006580
 0.0089979  0.0000401
 0.0098499  0.0010212
 0.0106267  0.0019005
 0.0111706  0.0023963
 0.0117161  0.0030439
 0.0116225  0.0036103
 0.0117920  0.0041424
 0.0115449  0.0039438
 0.0110976  0.0036119
 0.0107854  0.0040491
 0.0098782  0.0036655
 0.0086419  0.0041815
 0.0078707  0.0042086
 0.0065076  0.0042910
 0.0058923  0.0042220
 0.0054890  0.0044780
 0.0052972  0.0044627
 0.0050077  0.0042446
 0.0051583  0.0041840
 0.0053835  0.0042543
 0.0052467  0.0041884
 0.0054360  0.0045449
 0.0053423  0.0044867
 0.0056508  0.0051759
 0.0057271  0.0051178
 0.0055943  0.0051941
 0.0054376  0.0048267
 0.0051622  0.0043809
 0.0044149  0.0036630
 0.0037031  0.0027780
 0.0025504  0.0019224
 0.0013638  0.0014144
 0.0004449  0.0005637
-0.0004317  0.0000194
-0.0013695 -0.0008071
-0.0015823 -0.0016473
-0.0015125 -0.0025993
-0.0013091 -0.0033595
-0.0005141 -0.0040781
 0.0000688 -0.0047168
 0.0010047 -0.0044716
 0.0021852 -0.0050901
 0.0028534 -0.0047872
 0.0033500 -0.0046793
 0.0036799 -0.0043591
 0.0040279 -0.0038144
 0.0033093 -0.0034486
 0.0032568 -0.0034050
 0.0031325 -0.0037687
 0.0027983 -0.0037897
 0.0030304 -0.0041951
 0.0030341 -0.0044854
 0.0029824 -0.0045036
 0.0030184 -0.0047935
 0.0026352 -0.0045848
 0.0027305 -0.0048375
 0.0028435 -0.0046062
 0.0027886 -0.0044584
 0.0029223 -0.0045424
 0.0030785 -0.0042235
 0.0027362 -0.0041125
 0.0022787 -0.0043669
 0.0018181 -0.0043907
 0.0013412 -0.0049132
 0.0007853 -0.0052051
 0.0003605 -0.0053243
-0.0004437 -0.0055093
-0.0002362 -0.0055380
-0.0002807 -0.0053769
-0.0001293 -0.0051763
 0.0001549 -0.0056035
 0.0003839 -0.0058732
 0.0004380 -0.0060012
 0.0006818 -0.0060908
 0.0009672 -0.0063512
 0.0008865 -0.0066313
 0.0012853 -0.0070435
 0.0016689 -0.0070790
 0.0018033 -0.0071973
 0.0020920 -0.0069733
 0.0018244 -0.0068494
 0.0015732 -0.0068377
 0.0016475 -0.0065337
 0.0016459 -0.0063238
 0.0014137 -0.0055671
 0.0013656 -0.0049420
 0.0015909 -0.0045039
 0.0012028 -0.0035812
 0.0010498 -0.0024325
 0.0011871 -0.0022842
 0.0010991 -0.0006652
 0.0015877  0.0001625
 0.0015765  0.0009252
 0.0012935  0.0017415
 0.0011610  0.0020031
 0.0006789  0.0022437
 0.0003099  0.0016247
 0.0002069  0.0013785
-0.0001424  0.0009194
-0.0003765  0.0011144
-0.0000560  0.0015784
-0.0008272  0.0018109
-0.0012370  0.0027892
-0.0017434  0.0029435
-0.0027701  0.0032838
-0.0024932  0.0036884
-0.0027549  0.0037291
-0.0028777  0.0041297
-0.0022935  0.0040049
-0.0018757  0.0039711
-0.0014194  0.0037252
-0.0007864  0.0030780
-0.0005897  0.0025495
-0.0006345  0.0015103
-0.0003510  0.0007795
-0.0007183  0.0001795
-0.0007041 -0.0004593
-0.0005220 -0.0007883
-0.0005142 -0.0012094
-0.0003115 -0.0013419
 0.0002836 -0.0015849
 0.0003075 -0.0018360
 0.0009022 -0.0023004
 0.0010354 -0.0028386
 0.0011489 -0.0031152
 0.0012111 -0.0033526
 0.0008638 -0.0036700
 0.0000842 -0.0041529
-0.0010826 -0.0045373
