[PARAMETERS]
DW=1E-007
TAU=8E-005
TD=4096
BS=4096
NS=512
NSC=512
FR=56.120000
GAIN=4.974204
D0=0.05
D1=4.5E-006
D2=1E-005
D3=2.5E-005
D4=1E-005
D5=5E-005
D6=0.001
D7=0.001
D8=0.001
D9=0.05
C0=1
SEGTD=0
SEGOFF=0
SEGNUM=0
[ADDITIONAL]
PPFILE=ZG_TWO_T2.PC
DATEWR=27.09.2024
TIMEWR=09:03:03
DATESTA=27.09.2024
TIMESTA=09:02:19
DATEEND=27.09.2024
TIMEEND=09:03:03
CURR_Z0=0
CURR_Z1=1
TE=-1
[VARIABLES]
_USER=Measurements
_EMAIL_F=7NMR.NMR-270-ijs.si
_ITC_H=1
_ITC_R0= 35.00
_ITC_R1= 35.00
_ITC_R2= 53.10
_ITC_R3=  0.00
_ITC_R4=  0.00
_ITC_V=  2.45
_ITC_X=X0A1C1S00H1
_FW=100
_ORIENT=?
_THETA=0
_TITLE=?
_DESCR1=?
_DESCR2=?
_FR_LARM=56.12000000
_FR_SYNT=526.12000000
_TRIMLEV=1.8505859375
_DATE=27.09.2024
_TIME=08:56:12
[PPFILE]
; pi/2 - pi


DELAY D9
PULSE [GT] 3u
PULSE [PHL1,GT] D1
DELAY TAU-3u
PULSE [GT] 3u
PULSE [PHL2,GT] 2*D1
DELAY TAU-D3
PULSE [TR] 1u+DW
DELAY 1m
STOP

;PHL 1 [+X] [+X] [+Y] [+Y] [-X] [-X] [-Y] [-Y]
;PHL 2 [+Y] [-Y] [-X] [+X] [-Y] [+Y] [+X] [-X]
;!RLS +X+X+Y+Y-X-X-Y-Y

PHL 1 [+X] [+X] [-X] [-X] [+Y] [+Y] [-Y] [-Y] [+X] [+X] [-X] [-X] [+Y] [+Y] [-Y] [-Y]
PHL 2 [+Y] [-Y] [-Y] [+Y] [-X] [+X] [+X] [-X] [+X] [-X] [-X] [+X] [-Y] [+Y] [+Y] [-Y]
!RLS +X+X-X-X+Y+Y-Y-Y-X-X+X+X-Y-Y+Y+Y
[DATA]
 0.0005785  0.0007370
 0.0010248  0.0004758
 0.0010083  0.0000476
 0.0012382 -0.0000823
 0.0014206 -0.0002887
 0.0012160 -0.0003564
 0.0010244 -0.0003156
 0.0006536 -0.0001206
 0.0000146  0.0000355
-0.0002981  0.0003175
-0.0006303  0.0002555
-0.0010511  0.0000970
-0.0013512  0.0001412
-0.0014013 -0.0001888
-0.0014224 -0.0006210
-0.0015156 -0.0006942
-0.0016157 -0.0008924
-0.0015936 -0.0011922
-0.0014591 -0.0010656
-0.0014461 -0.0010065
-0.0013622 -0.0007034
-0.0012689 -0.0003687
-0.0013676 -0.0003604
-0.0013863 -0.0004995
-0.0014067 -0.0008022
-0.0013111 -0.0012449
-0.0011598 -0.0016076
-0.0009457 -0.0016872
-0.0008082 -0.0019220
-0.0005470 -0.0017576
-0.0004095 -0.0015459
-0.0003953 -0.0017187
-0.0004734 -0.0016462
-0.0002782 -0.0017212
-0.0002831 -0.0016312
 0.0001057 -0.0011391
-0.0000784 -0.0008966
 0.0000018 -0.0005889
 0.0000089 -0.0004855
-0.0001583 -0.0003976
-0.0002624 -0.0003592
-0.0003972 -0.0003054
-0.0006129 -0.0000994
-0.0007781 -0.0000184
-0.0008185  0.0000257
-0.0009215 -0.0000653
-0.0009389 -0.0001543
-0.0006410 -0.0002793
-0.0004713 -0.0005825
-0.0001551 -0.0006102
 0.0001605 -0.0009001
 0.0004185 -0.0010716
 0.0005848 -0.0011115
 0.0008713 -0.0010155
 0.0009425 -0.0009466
 0.0009410 -0.0007198
 0.0008633 -0.0005372
 0.0009302 -0.0001054
 0.0009534  0.0000561
 0.0012175  0.0001094
 0.0013759  0.0002883
 0.0018151  0.0004761
 0.0022843  0.0006128
 0.0026876  0.0006101
 0.0030821  0.0005236
 0.0037821  0.0005368
 0.0043688  0.0004886
 0.0049631  0.0006420
 0.0054691  0.0010244
 0.0058607  0.0015451
 0.0061343  0.0021473
 0.0061537  0.0027105
 0.0058612  0.0028419
 0.0057295  0.0028831
 0.0054999  0.0026348
 0.0051544  0.0020172
 0.0050064  0.0015054
 0.0048015  0.0010636
 0.0047341  0.0008663
 0.0044903  0.0005867
 0.0042398  0.0007066
 0.0039680  0.0008462
 0.0035186  0.0009706
 0.0032869  0.0012095
 0.0031309  0.0015054
 0.0028663  0.0018240
 0.0026166  0.0019097
 0.0024280  0.0019456
 0.0022494  0.0018928
 0.0020089  0.0017878
 0.0018660  0.0017977
 0.0019109  0.0017132
 0.0016287  0.0018304
 0.0014214  0.0019272
 0.0012184  0.0022034
 0.0010500  0.0024838
 0.0008458  0.0024773
 0.0006632  0.0027928
 0.0005452  0.0027380
 0.0004270  0.0027422
 0.0002563  0.0026487
-0.0000853  0.0026827
-0.0004447  0.0025151
-0.0008861  0.0024818
-0.0013645  0.0024353
-0.0018851  0.0021798
-0.0023681  0.0020097
-0.0028230  0.0019942
-0.0034842  0.0016883
-0.0037293  0.0015475
-0.0040907  0.0009957
-0.0041817  0.0007686
-0.0042886  0.0002492
-0.0039747  0.0000864
-0.0035767 -0.0001340
-0.0031944 -0.0005216
-0.0027490 -0.0008110
-0.0023940 -0.0012006
-0.0023750 -0.0016272
-0.0022705 -0.0022266
-0.0023506 -0.0026199
-0.0022498 -0.0028596
-0.0017767 -0.0031968
-0.0015193 -0.0032164
-0.0010118 -0.0030785
-0.0006164 -0.0031071
-0.0001231 -0.0032019
 0.0003105 -0.0032867
 0.0005482 -0.0032313
 0.0006529 -0.0032953
 0.0007642 -0.0033473
 0.0007662 -0.0034178
 0.0006088 -0.0036100
 0.0008019 -0.0036010
 0.0008649 -0.0037590
 0.0010646 -0.0036479
 0.0011079 -0.0036915
 0.0010376 -0.0037529
 0.0009916 -0.0037657
 0.0009126 -0.0037248
 0.0007576 -0.0039619
 0.0005681 -0.0040801
 0.0004687 -0.0041960
 0.0002741 -0.0041652
 0.0001621 -0.0040667
 0.0004026 -0.0038524
 0.0003871 -0.0038589
 0.0006810 -0.0033876
 0.0009257 -0.0032255
 0.0009515 -0.0029329
 0.0007826 -0.0027649
 0.0004575 -0.0026622
 0.0003023 -0.0024561
 0.0000054 -0.0024757
-0.0000577 -0.0023192
-0.0000445 -0.0020254
-0.0001594 -0.0019708
-0.0002457 -0.0017773
-0.0002929 -0.0014743
-0.0003201 -0.0015320
-0.0004378 -0.0014652
-0.0005818 -0.0015679
-0.0007595 -0.0015119
-0.0010386 -0.0014101
-0.0011585 -0.0011648
-0.0013771 -0.0010236
-0.0017401 -0.0006945
-0.0018041 -0.0006052
-0.0018088 -0.0006217
-0.0018998 -0.0004768
-0.0020085 -0.0004782
-0.0020298 -0.0006207
-0.0023612 -0.0006142
-0.0025751 -0.0005393
-0.0027467 -0.0002546
-0.0031744 -0.0000398
-0.0035433  0.0000136
-0.0038454 -0.0002889
-0.0043510 -0.0004914
-0.0044696 -0.0007259
-0.0048027 -0.0013543
-0.0047889 -0.0016991
-0.0045546 -0.0019527
-0.0045756 -0.0019229
-0.0043925 -0.0021031
-0.0040809 -0.0021191
-0.0038986 -0.0023074
-0.0032898 -0.0024743
-0.0028592 -0.0027207
-0.0024949 -0.0030108
-0.0019177 -0.0029623
-0.0014982 -0.0029749
-0.0011517 -0.0028387
-0.0005869 -0.0025658
-0.0004583 -0.0022300
-0.0002040 -0.0017563
-0.0000699 -0.0016528
-0.0002588 -0.0014234
-0.0004871 -0.0010965
-0.0007285 -0.0009751
-0.0009820 -0.0007112
-0.0011958 -0.0005220
-0.0011856 -0.0004698
-0.0013159 -0.0004452
-0.0014043 -0.0005257
-0.0012126 -0.0008569
-0.0011870 -0.0011802
-0.0008715 -0.0015523
-0.0008404 -0.0020092
-0.0009469 -0.0020965
-0.0009774 -0.0021952
-0.0011315 -0.0023675
-0.0012098 -0.0022838
-0.0012595 -0.0023782
-0.0011486 -0.0022895
-0.0009383 -0.0021627
-0.0008163 -0.0020080
-0.0005177 -0.0016769
-0.0003420 -0.0017995
-0.0002283 -0.0018602
 0.0002898 -0.0017167
 0.0006967 -0.0020042
 0.0008392 -0.0017131
 0.0011084 -0.0014891
 0.0014016 -0.0012110
 0.0018395 -0.0008153
 0.0021065 -0.0004652
 0.0025301 -0.0001864
 0.0028153  0.0000566
 0.0033217  0.0000841
 0.0035088  0.0002396
 0.0036239  0.0002024
 0.0037384  0.0003932
 0.0038488  0.0006457
 0.0036951  0.0010163
 0.0034817  0.0015144
 0.0032602  0.0018215
 0.0031279  0.0020987
 0.0031779  0.0023868
 0.0032730  0.0024779
 0.0032435  0.0025488
 0.0033627  0.0029655
 0.0034075  0.0032200
 0.0034025  0.0035297
 0.0033212  0.0038023
 0.0033130  0.0040368
 0.0032043  0.0043129
 0.0031991  0.0043053
 0.0032040  0.0042567
 0.0032618  0.0039726
 0.0032982  0.0036170
 0.0034495  0.0033265
 0.0036300  0.0027991
 0.0037177  0.0026468
 0.0035409  0.0024953
 0.0034577  0.0024160
 0.0032972  0.0023710
 0.0030703  0.0025029
 0.0029559  0.0023332
 0.0030320  0.0023700
 0.0029510  0.0025398
 0.0028762  0.0024868
 0.0027516  0.0023409
 0.0025923  0.0021457
 0.0022823  0.0016727
 0.0023015  0.0011067
 0.0025065  0.0004767
 0.0027893 -0.0002723
 0.0032788 -0.0010975
 0.0036462 -0.0016863
 0.0039212 -0.0022532
 0.0041820 -0.0028878
 0.0047338 -0.0034447
 0.0049159 -0.0037789
 0.0051875 -0.0041259
 0.0055972 -0.0046952
 0.0060338 -0.0049139
 0.0063673 -0.0052619
 0.0069636 -0.0058683
 0.0077726 -0.0062876
 0.0083504 -0.0066615
 0.0093077 -0.0069945
 0.0102963 -0.0070564
 0.0113572 -0.0068397
 0.0123579 -0.0067771
 0.0130318 -0.0064912
 0.0138606 -0.0063050
 0.0143081 -0.0062499
 0.0148553 -0.0063174
 0.0154649 -0.0063494
 0.0160108 -0.0066741
 0.0164864 -0.0066875
 0.0170452 -0.0067586
 0.0176837 -0.0067725
 0.0182745 -0.0067182
 0.0190133 -0.0065371
 0.0198865 -0.0061167
 0.0208984 -0.0058614
 0.0218842 -0.0054550
 0.0227893 -0.0049581
 0.0232813 -0.0046109
 0.0238785 -0.0042968
 0.0241236 -0.0041122
 0.0243683 -0.0040666
 0.0245359 -0.0039905
 0.0247936 -0.0037176
 0.0252102 -0.0033441
 0.0256418 -0.0030645
 0.0261681 -0.0025680
 0.0265992 -0.0022018
 0.0271408 -0.0017671
 0.0275314 -0.0013826
 0.0279520 -0.0010097
 0.0282293 -0.0006135
 0.0286213 -0.0003104
 0.0285937 -0.0001275
 0.0287646  0.0000278
 0.0288346 -0.0000709
 0.0290779  0.0000016
 0.0293260 -0.0004377
 0.0299129 -0.0004718
 0.0302591 -0.0006323
 0.0303962 -0.0006541
 0.0304702 -0.0006532
 0.0301580 -0.0005394
 0.0297215 -0.0006768
 0.0293386 -0.0007587
 0.0286769 -0.0008715
 0.0280272 -0.0011846
 0.0275227 -0.0014112
 0.0268514 -0.0017123
 0.0263825 -0.0018785
 0.0262326 -0.0021189
 0.0262765 -0.0023297
 0.0264440 -0.0025446
 0.0269645 -0.0027440
 0.0272842 -0.0027671
 0.0274358 -0.0026949
 0.0277810 -0.0026297
 0.0277340 -0.0026437
 0.0275875 -0.0026714
 0.0272104 -0.0027341
 0.0269698 -0.0029589
 0.0266580 -0.0031885
 0.0265717 -0.0034675
 0.0264796 -0.0038920
 0.0266554 -0.0039671
 0.0265893 -0.0039570
 0.0265870 -0.0038840
 0.0266318 -0.0040417
 0.0264484 -0.0041612
 0.0263839 -0.0045492
 0.0262346 -0.0048493
 0.0261836 -0.0052617
 0.0260429 -0.0055669
 0.0259393 -0.0056527
 0.0259930 -0.0058312
 0.0258461 -0.0057980
 0.0258857 -0.0057784
 0.0259403 -0.0058108
 0.0258817 -0.0058480
 0.0257326 -0.0060483
 0.0256048 -0.0063166
 0.0255123 -0.0065649
 0.0253717 -0.0068747
 0.0252705 -0.0070200
 0.0250631 -0.0068358
 0.0248230 -0.0066838
 0.0244270 -0.0062435
 0.0239590 -0.0058772
 0.0236366 -0.0052923
 0.0231700 -0.0050381
 0.0225155 -0.0048598
 0.0219617 -0.0047049
 0.0216359 -0.0044170
 0.0210282 -0.0042847
 0.0205856 -0.0044441
 0.0203175 -0.0044653
 0.0198619 -0.0045106
 0.0193551 -0.0045025
 0.0190203 -0.0045123
 0.0185038 -0.0045334
 0.0179604 -0.0045670
 0.0174208 -0.0048195
 0.0166573 -0.0050530
 0.0162713 -0.0053068
 0.0156852 -0.0053896
 0.0153660 -0.0052940
 0.0148354 -0.0050069
 0.0145120 -0.0045117
 0.0140623 -0.0038681
 0.0138138 -0.0033429
 0.0134476 -0.0029707
 0.0134399 -0.0028438
 0.0134030 -0.0026384
 0.0133390 -0.0026874
 0.0132558 -0.0026526
 0.0132176 -0.0027570
 0.0129310 -0.0027656
 0.0129707 -0.0026750
 0.0127698 -0.0024548
 0.0128140 -0.0022398
 0.0126432 -0.0019999
 0.0123168 -0.0018288
 0.0121207 -0.0019007
 0.0118770 -0.0016391
 0.0116596 -0.0015250
 0.0110616 -0.0012060
 0.0107162 -0.0008684
 0.0102406 -0.0004511
 0.0096716 -0.0003745
 0.0090064  0.0000596
 0.0083978 -0.0001526
 0.0074919 -0.0001474
 0.0068318 -0.0003228
 0.0063273 -0.0007470
 0.0057675 -0.0010757
 0.0054489 -0.0011928
 0.0053625 -0.0012656
 0.0050276 -0.0012325
 0.0049397 -0.0011642
 0.0048882 -0.0011688
 0.0044982 -0.0010879
 0.0041996 -0.0009357
 0.0037173 -0.0011175
 0.0030874 -0.0014239
 0.0024651 -0.0017857
 0.0018861 -0.0021844
 0.0014643 -0.0023648
 0.0012118 -0.0027817
 0.0011196 -0.0028461
 0.0011189 -0.0031077
 0.0010708 -0.0031736
 0.0011877 -0.0034713
 0.0013275 -0.0036391
 0.0015369 -0.0038199
 0.0015204 -0.0039555
 0.0016866 -0.0039911
 0.0017237 -0.0038865
 0.0013415 -0.0038882
 0.0013281 -0.0037688
 0.0008649 -0.0037618
 0.0004436 -0.0037530
 0.0003203 -0.0039879
 0.0001440 -0.0041949
 0.0000794 -0.0044326
 0.0004027 -0.0046252
 0.0006296 -0.0046514
 0.0005477 -0.0046997
 0.0006777 -0.0046130
 0.0006891 -0.0042869
 0.0006878 -0.0043057
 0.0008412 -0.0041443
 0.0009333 -0.0043216
 0.0012806 -0.0043063
 0.0017805 -0.0042453
 0.0022533 -0.0043424
 0.0027025 -0.0043955
 0.0031445 -0.0042991
 0.0035806 -0.0038106
 0.0036804 -0.0030978
 0.0039282 -0.0023304
 0.0039627 -0.0014655
 0.0037176 -0.0009051
 0.0035826 -0.0003443
 0.0034102 -0.0001554
 0.0031888 -0.0001990
 0.0029665 -0.0003769
 0.0028425 -0.0007080
 0.0030696 -0.0007811
 0.0030603 -0.0008815
 0.0030206 -0.0006668
 0.0030088 -0.0004750
 0.0030045 -0.0000822
 0.0028055  0.0000491
 0.0025589  0.0004163
 0.0025453  0.0004741
 0.0024451  0.0006877
 0.0023901  0.0011212
 0.0025558  0.0013921
 0.0025569  0.0018146
 0.0027186  0.0020195
 0.0026111  0.0020563
 0.0025261  0.0021587
 0.0022344  0.0021293
 0.0018434  0.0020875
 0.0012932  0.0021294
 0.0005119  0.0021769
-0.0002614  0.0019847
-0.0009383  0.0018866
-0.0012231  0.0018360
-0.0011727  0.0017040
-0.0012730  0.0018450
-0.0011994  0.0018105
-0.0011239  0.0018459
-0.0013209  0.0017935
-0.0015629  0.0015839
-0.0018828  0.0014295
-0.0023227  0.0012644
-0.0025731  0.0009432
-0.0028826  0.0007638
-0.0033092  0.0007336
-0.0035471  0.0006753
-0.0035857  0.0003502
-0.0036350  0.0003594
-0.0033893  0.0001976
-0.0033517  0.0002094
-0.0031050  0.0004723
-0.0030309  0.0005551
-0.0029542  0.0007629
-0.0027119  0.0009358
-0.0026006  0.0010117
-0.0026055  0.0010344
-0.0026482  0.0011399
-0.0026223  0.0010475
-0.0027757  0.0008510
-0.0028116  0.0007909
-0.0028996  0.0006709
-0.0027424  0.0004389
-0.0026835  0.0003871
-0.0022261  0.0001288
-0.0017904  0.0000307
-0.0012652  0.0001103
-0.0008576  0.0000220
-0.0005175 -0.0002152
-0.0000890 -0.0003529
 0.0000837 -0.0005935
 0.0002775 -0.0007081
 0.0004820 -0.0008919
 0.0005771 -0.0011394
 0.0006985 -0.0013325
 0.0009254 -0.0011071
 0.0011282 -0.0011803
 0.0013204 -0.0010883
 0.0015504 -0.0009771
 0.0017268 -0.0010736
 0.0019874 -0.0010018
 0.0019935 -0.0010755
 0.0021301 -0.0009264
 0.0021788 -0.0008314
 0.0022136 -0.0011003
 0.0022987 -0.0012861
 0.0023174 -0.0012639
 0.0025138 -0.0015240
 0.0026493 -0.0014703
 0.0028457 -0.0013322
 0.0030260 -0.0013364
 0.0032810 -0.0010721
 0.0034897 -0.0007240
 0.0036312 -0.0003183
 0.0038403  0.0004330
 0.0037757  0.0011751
 0.0035876  0.0018673
 0.0032964  0.0023834
 0.0029679  0.0029666
 0.0024968  0.0029651
 0.0024162  0.0030577
 0.0021623  0.0030446
 0.0021662  0.0027424
 0.0023283  0.0026681
 0.0024101  0.0027065
 0.0022855  0.0026106
 0.0022187  0.0026834
 0.0022029  0.0026828
 0.0019273  0.0027228
 0.0019083  0.0025623
 0.0020621  0.0024189
 0.0020947  0.0024109
 0.0020931  0.0026232
 0.0021546  0.0028025
 0.0016545  0.0028922
 0.0012712  0.0031604
 0.0008375  0.0029909
 0.0002778  0.0026195
-0.0003726  0.0022710
-0.0007932  0.0020049
-0.0016707  0.0016750
-0.0022999  0.0015462
-0.0028693  0.0015219
-0.0036507  0.0015166
-0.0042183  0.0017687
-0.0046006  0.0018215
-0.0051446  0.0017649
-0.0052295  0.0018379
-0.0052525  0.0015974
-0.0053621  0.0012447
-0.0049454  0.0012192
-0.0046201  0.0010466
-0.0042282  0.0013146
-0.0039538  0.0015647
-0.0034863  0.0018806
-0.0035738  0.0021219
-0.0037737  0.0021598
-0.0039039  0.0020276
-0.0040498  0.0019142
-0.0038145  0.0014113
-0.0036005  0.0008146
-0.0030831  0.0005276
-0.0027007  0.0003628
-0.0023623  0.0000921
-0.0019953  0.0002055
-0.0018742  0.0002009
-0.0017395  0.0002615
-0.0018208  0.0002748
-0.0020290  0.0002510
-0.0021261  0.0002318
-0.0022524 -0.0001947
-0.0025003 -0.0005819
-0.0026622 -0.0010060
-0.0026081 -0.0014599
-0.0026639 -0.0019672
-0.0024871 -0.0021661
-0.0019830 -0.0022084
-0.0016328 -0.0023539
-0.0011184 -0.0022019
-0.0007321 -0.0019436
-0.0003911 -0.0018118
-0.0000273 -0.0013959
 0.0002866 -0.0011411
 0.0006752 -0.0009300
 0.0009354 -0.0006115
 0.0011106 -0.0003799
 0.0011599 -0.0003771
 0.0011231 -0.0005540
 0.0014501 -0.0006934
 0.0015032 -0.0011795
 0.0016341 -0.0015159
 0.0019934 -0.0017888
 0.0022489 -0.0019563
 0.0026002 -0.0018205
 0.0026156 -0.0015262
 0.0026176 -0.0010858
 0.0026901 -0.0004624
 0.0025881  0.0001510
 0.0024675  0.0006112
 0.0025212  0.0011167
 0.0026383  0.0013906
 0.0025736  0.0018625
 0.0026791  0.0021058
 0.0029288  0.0022817
 0.0028407  0.0025630
 0.0031367  0.0025539
 0.0031193  0.0025401
 0.0028609  0.0026774
 0.0027889  0.0026826
 0.0026996  0.0022705
 0.0023887  0.0020944
 0.0025160  0.0016322
 0.0025955  0.0012235
 0.0026603  0.0009110
 0.0029059  0.0006009
 0.0029377  0.0004874
 0.0025103  0.0007085
 0.0023370  0.0010209
 0.0018648  0.0012666
 0.0013925  0.0018620
 0.0011081  0.0022514
 0.0008910  0.0025149
 0.0006536  0.0027522
 0.0004745  0.0027147
 0.0004020  0.0028085
 0.0001736  0.0027460
-0.0000810  0.0026420
-0.0005653  0.0027065
-0.0010690  0.0027124
-0.0014149  0.0025436
-0.0017117  0.0023839
-0.0021541  0.0023035
-0.0025609  0.0019341
-0.0028293  0.0015148
-0.0028055  0.0010332
-0.0031250  0.0003982
-0.0031845 -0.0000784
-0.0030797 -0.0004314
-0.0029725 -0.0007736
-0.0029698 -0.0008708
-0.0030058 -0.0011532
-0.0030088 -0.0016133
-0.0029963 -0.0016409
-0.0029300 -0.0019941
-0.0028815 -0.0025060
-0.0028104 -0.0027071
-0.0026169 -0.0029928
-0.0025554 -0.0032867
-0.0023933 -0.0033429
-0.0021130 -0.0034781
-0.0021475 -0.0036172
-0.0016328 -0.0033972
-0.0012429 -0.0032835
-0.0009072 -0.0031775
-0.0006678 -0.0028202
-0.0004311 -0.0027013
-0.0001946 -0.0022643
-0.0001944 -0.0018427
-0.0000951 -0.0016642
-0.0001253 -0.0012044
 0.0002941 -0.0008999
 0.0004059 -0.0007734
 0.0005611 -0.0008490
 0.0011083 -0.0009905
 0.0012964 -0.0014340
 0.0016039 -0.0018542
 0.0018807 -0.0022797
 0.0018548 -0.0025442
 0.0017665 -0.0029894
 0.0017918 -0.0030279
 0.0018250 -0.0032039
 0.0016921 -0.0029695
 0.0018105 -0.0026131
 0.0014962 -0.0023338
 0.0013196 -0.0018673
 0.0013154 -0.0015968
 0.0009183 -0.0014026
 0.0007841 -0.0011845
 0.0008290 -0.0012461
 0.0009509 -0.0012350
 0.0009285 -0.0012686
 0.0010033 -0.0011212
 0.0009251 -0.0011439
 0.0008009 -0.0010487
 0.0001685 -0.0008593
-0.0003237 -0.0008028
-0.0007345 -0.0006907
-0.0010166 -0.0004600
-0.0015866 -0.0003550
-0.0017770 -0.0001440
-0.0018576  0.0000173
-0.0016975  0.0003436
-0.0017917  0.0007974
-0.0015423  0.0012542
-0.0017098  0.0018023
-0.0016134  0.0022198
-0.0015766  0.0025476
-0.0016031  0.0027944
-0.0016116  0.0030842
-0.0017453  0.0029229
-0.0018293  0.0028434
-0.0019039  0.0026666
-0.0017720  0.0019875
-0.0015643  0.0017656
-0.0012281  0.0012698
-0.0007881  0.0009947
-0.0004259  0.0009911
-0.0000055  0.0007312
 0.0000868  0.0006995
 0.0002776  0.0006846
 0.0003614  0.0004584
 0.0000015  0.0001265
-0.0000848  0.0001756
-0.0000117  0.0001364
-0.0005705  0.0002584
-0.0005363  0.0003420
-0.0003178  0.0003677
-0.0006409  0.0005002
-0.0004894  0.0005863
-0.0006012  0.0005881
-0.0008182  0.0005829
-0.0006936  0.0003962
-0.0006985  0.0004597
-0.0006266  0.0004218
-0.0005953  0.0004887
-0.0006048  0.0004602
-0.0006056  0.0004698
-0.0003917 -0.0000415
-0.0003355 -0.0006240
-0.0002249 -0.0011497
 0.0001888 -0.0018559
 0.0003040 -0.0025796
 0.0005538 -0.0032033
 0.0007806 -0.0040784
 0.0009574 -0.0047869
 0.0009849 -0.0050809
 0.0009077 -0.0054297
 0.0008821 -0.0055615
 0.0005723 -0.0055681
 0.0003517 -0.0055562
 0.0001384 -0.0055612
 0.0001018 -0.0054089
 0.0003282 -0.0054582
 0.0005890 -0.0053842
 0.0010920 -0.0050822
 0.0016513 -0.0047915
 0.0020183 -0.0043071
 0.0024108 -0.0037178
 0.0025580 -0.0034143
 0.0029082 -0.0030651
 0.0032034 -0.0029336
 0.0035800 -0.0027151
 0.0036877 -0.0025347
 0.0039929 -0.0021976
 0.0041721 -0.0019862
 0.0041530 -0.0015819
 0.0041238 -0.0011728
 0.0037863 -0.0010730
 0.0033091 -0.0005514
 0.0031012 -0.0001631
 0.0030711 -0.0000729
 0.0030518  0.0001864
 0.0030584  0.0005677
 0.0030567  0.0005820
 0.0028767  0.0009145
 0.0028453  0.0012487
 0.0026902  0.0012620
 0.0026570  0.0016746
 0.0028070  0.0020233
 0.0025233  0.0022932
 0.0022511  0.0025917
 0.0022821  0.0028539
 0.0019030  0.0029293
 0.0018311  0.0030591
 0.0019331  0.0028752
 0.0018844  0.0029885
 0.0020612  0.0031943
 0.0022884  0.0036227
 0.0020070  0.0043083
 0.0018872  0.0050951
 0.0013713  0.0058235
 0.0006172  0.0064363
-0.0001657  0.0065082
-0.0006862  0.0062094
-0.0014287  0.0059641
-0.0019551  0.0053186
-0.0022792  0.0049513
-0.0025807  0.0046669
-0.0026396  0.0043730
-0.0028525  0.0043495
-0.0028186  0.0042850
-0.0027298  0.0042439
-0.0027106  0.0042747
-0.0027784  0.0044529
-0.0025027  0.0041710
-0.0023980  0.0039669
-0.0025032  0.0036026
-0.0023981  0.0031784
-0.0026397  0.0026289
-0.0029632  0.0025080
-0.0030503  0.0020747
-0.0034578  0.0016769
-0.0038067  0.0015516
-0.0040583  0.0011080
-0.0042223  0.0004969
-0.0044037 -0.0000063
-0.0042551 -0.0006819
-0.0040203 -0.0011657
-0.0038912 -0.0014723
-0.0037246 -0.0018911
-0.0037211 -0.0018640
-0.0035601 -0.0018758
-0.0035229 -0.0020438
-0.0034260 -0.0021225
-0.0031307 -0.0022304
-0.0028827 -0.0025507
-0.0023653 -0.0027254
-0.0018183 -0.0029980
-0.0013244 -0.0030750
-0.0010756 -0.0031768
-0.0007389 -0.0032202
-0.0006849 -0.0034340
-0.0008580 -0.0032367
-0.0010555 -0.0031855
-0.0010484 -0.0034199
-0.0013087 -0.0033065
-0.0012056 -0.0035556
-0.0012313 -0.0038731
-0.0007973 -0.0038463
-0.0005454 -0.0037565
-0.0002170 -0.0035929
 0.0000176 -0.0032978
 0.0003654 -0.0029397
 0.0004149 -0.0026038
 0.0003977 -0.0022973
 0.0005143 -0.0019526
 0.0003601 -0.0018848
 0.0002578 -0.0016486
 0.0002834 -0.0018050
 0.0003872 -0.0017629
 0.0006103 -0.0016965
 0.0007614 -0.0018785
 0.0010737 -0.0014702
 0.0013585 -0.0012235
 0.0016861 -0.0009362
 0.0018800 -0.0002940
 0.0018283  0.0002804
 0.0017953  0.0009041
 0.0013966  0.0013322
 0.0011678  0.0015293
 0.0007507  0.0016386
 0.0004348  0.0016469
 0.0002118  0.0014733
-0.0000077  0.0016753
 0.0001169  0.0018606
 0.0001059  0.0021208
-0.0000294  0.0026988
-0.0000515  0.0030076
-0.0003842  0.0034072
-0.0008377  0.0037684
-0.0013518  0.0040214
-0.0016251  0.0039729
-0.0020045  0.0037568
-0.0021430  0.0036076
-0.0022293  0.0033010
-0.0023883  0.0029230
-0.0023801  0.0027181
-0.0023716  0.0023284
-0.0025468  0.0020661
-0.0026965  0.0016061
-0.0029401  0.0014423
-0.0030203  0.0011689
-0.0029985  0.0010340
-0.0032015  0.0010726
-0.0033786  0.0012303
-0.0033407  0.0012796
-0.0035388  0.0015766
-0.0035942  0.0014010
-0.0037060  0.0012642
-0.0035411  0.0009274
-0.0035413  0.0006511
-0.0033211  0.0004846
-0.0033583  0.0001218
-0.0034799 -0.0000984
-0.0035797 -0.0003948
-0.0039706 -0.0006877
-0.0041433 -0.0009134
-0.0045153 -0.0011455
-0.0047193 -0.0015312
-0.0050451 -0.0018514
-0.0050510 -0.0019928
-0.0049325 -0.0023310
-0.0048167 -0.0023348
-0.0042735 -0.0023827
-0.0038825 -0.0021873
-0.0033543 -0.0017156
-0.0027785 -0.0016275
-0.0023996 -0.0011757
-0.0021129 -0.0011300
-0.0018501 -0.0009233
-0.0015708 -0.0009866
-0.0011268 -0.0012556
-0.0007662 -0.0017268
-0.0001388 -0.0022406
 0.0004268 -0.0026537
 0.0011023 -0.0033190
 0.0014094 -0.0037048
 0.0020104 -0.0042759
 0.0024755 -0.0043714
 0.0023289 -0.0042048
 0.0024741 -0.0040086
 0.0022773 -0.0036337
 0.0023280 -0.0033670
 0.0022784 -0.0031826
 0.0023657 -0.0028660
 0.0025499 -0.0025768
 0.0031418 -0.0024529
 0.0033858 -0.0022986
 0.0037956 -0.0021720
 0.0040979 -0.0020105
 0.0041848 -0.0017956
 0.0040833 -0.0014675
 0.0038307 -0.0014635
 0.0033536 -0.0012633
 0.0029055 -0.0012276
 0.0022031 -0.0009498
 0.0017181 -0.0007700
 0.0009508 -0.0004940
 0.0003208  0.0000714
-0.0004586  0.0002619
-0.0011109  0.0005719
-0.0014739  0.0005934
-0.0016611  0.0005414
-0.0017818  0.0003914
-0.0015613  0.0001008
-0.0011758 -0.0000374
-0.0007964 -0.0001875
-0.0003059 -0.0004376
-0.0001943 -0.0002595
-0.0000411 -0.0004402
 0.0000038 -0.0006631
-0.0001455 -0.0008330
-0.0001637 -0.0010834
-0.0001257 -0.0014419
-0.0003504 -0.0014613
-0.0004933 -0.0015389
-0.0007312 -0.0015069
-0.0008647 -0.0010412
-0.0009585 -0.0008361
-0.0010380 -0.0006207
-0.0010680 -0.0002819
-0.0011803 -0.0001800
-0.0013293 -0.0002001
-0.0015017 -0.0003977
-0.0015700 -0.0003678
-0.0017543 -0.0004854
-0.0019373 -0.0004814
-0.0020613 -0.0003928
-0.0023021 -0.0002819
-0.0023967 -0.0003302
-0.0026546 -0.0002783
-0.0028741 -0.0002692
-0.0033098 -0.0003180
-0.0036206 -0.0004332
-0.0041247 -0.0004778
-0.0044759 -0.0005308
-0.0048660 -0.0006077
-0.0053000 -0.0006182
-0.0054746 -0.0008073
-0.0056416 -0.0009957
-0.0057373 -0.0011404
-0.0055259 -0.0014323
-0.0055246 -0.0014801
-0.0054246 -0.0014556
-0.0051666 -0.0012058
-0.0049366 -0.0008574
-0.0047518 -0.0004248
-0.0045711 -0.0001961
-0.0043890 -0.0001071
-0.0043850  0.0000015
-0.0045234 -0.0002188
-0.0046081 -0.0000767
-0.0047010 -0.0002112
-0.0048497 -0.0004430
-0.0049982 -0.0007286
-0.0050009 -0.0008233
-0.0049387 -0.0008747
-0.0044596 -0.0010948
-0.0041150 -0.0010386
-0.0036595 -0.0010818
-0.0032632 -0.0009668
-0.0029019 -0.0008366
-0.0029168 -0.0005797
-0.0029595 -0.0006549
-0.0031297 -0.0006720
-0.0029334 -0.0008591
-0.0027216 -0.0010007
-0.0023442 -0.0012300
-0.0017378 -0.0012624
-0.0009346 -0.0012769
-0.0002046 -0.0013016
 0.0006264 -0.0012472
 0.0012943 -0.0010499
 0.0017479 -0.0006877
 0.0021443 -0.0003844
 0.0024309  0.0002058
 0.0023558  0.0006184
 0.0022971  0.0009596
 0.0019728  0.0012646
 0.0016127  0.0014685
 0.0009879  0.0010504
 0.0004748  0.0009180
-0.0000978  0.0004984
-0.0005093 -0.0002234
-0.0009224 -0.0004555
-0.0008785 -0.0008387
-0.0009526 -0.0008682
-0.0009079 -0.0007062
-0.0008150 -0.0005712
-0.0005823 -0.0003955
-0.0005463  0.0000012
-0.0004765  0.0002507
-0.0003091  0.0005679
-0.0003712  0.0008850
-0.0002965  0.0008444
-0.0003728  0.0009918
-0.0006188  0.0012208
-0.0007544  0.0010700
-0.0010956  0.0011011
-0.0013378  0.0012139
-0.0015890  0.0011789
-0.0021568  0.0013952
-0.0024040  0.0011869
-0.0028265  0.0010204
-0.0033301  0.0007773
-0.0035538  0.0005117
-0.0039223  0.0002080
-0.0040832 -0.0001646
-0.0041948 -0.0006605
-0.0040898 -0.0010428
-0.0037945 -0.0012398
-0.0032390 -0.0014489
-0.0028173 -0.0014836
-0.0022321 -0.0017016
-0.0015070 -0.0018945
-0.0012881 -0.0016906
-0.0009166 -0.0017394
-0.0008496 -0.0016947
-0.0008902 -0.0015556
-0.0007514 -0.0015738
-0.0006437 -0.0012868
-0.0002785 -0.0013249
 0.0003178 -0.0012924
 0.0011751 -0.0012759
 0.0019334 -0.0010607
 0.0027751 -0.0008609
 0.0034290 -0.0007453
 0.0038725 -0.0003678
 0.0042307 -0.0001588
 0.0040019 -0.0001469
 0.0040249  0.0000840
 0.0036498  0.0000363
 0.0032358 -0.0001097
 0.0030159 -0.0002004
 0.0028152  0.0000295
 0.0026029  0.0001420
 0.0024587  0.0004607
 0.0025444  0.0007137
 0.0024996  0.0008956
 0.0026418  0.0011280
 0.0031220  0.0011641
 0.0033744  0.0013888
 0.0035273  0.0015681
 0.0036102  0.0017044
 0.0036377  0.0017668
 0.0034936  0.0018073
 0.0033211  0.0015894
 0.0032284  0.0015410
 0.0031223  0.0015414
 0.0029463  0.0016922
 0.0028962  0.0018431
 0.0029662  0.0021083
 0.0028395  0.0025023
 0.0028988  0.0028455
 0.0027248  0.0031830
 0.0024130  0.0031295
 0.0020689  0.0033761
 0.0018088  0.0034470
 0.0013529  0.0035210
 0.0008802  0.0037528
 0.0003889  0.0038709
 0.0002277  0.0042389
-0.0000660  0.0044820
-0.0002697  0.0046976
-0.0003249  0.0049497
-0.0004039  0.0051372
-0.0003577  0.0051065
-0.0003856  0.0049408
-0.0004945  0.0049963
-0.0006253  0.0047931
-0.0006512  0.0044946
-0.0007153  0.0044199
-0.0005819  0.0041234
-0.0003404  0.0039563
-0.0001600  0.0039378
 0.0002528  0.0037091
 0.0004589  0.0039306
 0.0006743  0.0040279
 0.0007571  0.0040968
 0.0005971  0.0042537
 0.0002887  0.0043424
-0.0000696  0.0042699
-0.0005185  0.0040125
-0.0009036  0.0035512
-0.0015447  0.0028049
-0.0021263  0.0022697
-0.0023799  0.0015396
-0.0026259  0.0012194
-0.0024191  0.0009595
-0.0020197  0.0008270
-0.0017411  0.0007015
-0.0013848  0.0008096
-0.0007902  0.0009852
-0.0005000  0.0012669
-0.0004622  0.0015617
-0.0005508  0.0017421
-0.0008480  0.0019668
-0.0012696  0.0019839
-0.0015581  0.0018004
-0.0020072  0.0016484
-0.0020207  0.0015814
-0.0022321  0.0014085
-0.0021073  0.0014566
-0.0020746  0.0014183
-0.0019803  0.0016587
-0.0019135  0.0016885
-0.0018705  0.0020272
-0.0016926  0.0022172
-0.0018410  0.0020934
-0.0017943  0.0022614
-0.0019341  0.0020896
-0.0019211  0.0020279
-0.0018784  0.0020317
-0.0018882  0.0019471
-0.0022193  0.0018145
-0.0021832  0.0019528
-0.0021326  0.0018792
-0.0020917  0.0019879
-0.0018732  0.0021276
-0.0017268  0.0020791
-0.0015994  0.0022751
-0.0011875  0.0024296
-0.0008610  0.0023883
-0.0005889  0.0025859
-0.0002594  0.0024505
 0.0000290  0.0022446
 0.0001267  0.0021534
 0.0004461  0.0018444
 0.0008239  0.0015334
 0.0011501  0.0014450
 0.0013483  0.0013990
 0.0015331  0.0014492
 0.0018107  0.0017112
 0.0019382  0.0015883
 0.0020089  0.0017780
 0.0021565  0.0018854
 0.0021576  0.0018078
 0.0020363  0.0019550
 0.0022264  0.0018432
 0.0024362  0.0018765
 0.0026670  0.0020203
 0.0026698  0.0022119
 0.0027413  0.0021645
 0.0026608  0.0025092
 0.0023404  0.0028478
 0.0017978  0.0031533
 0.0010783  0.0036995
 0.0007943  0.0038763
 0.0003071  0.0038113
 0.0000483  0.0038465
 0.0002031  0.0037290
 0.0002016  0.0036785
 0.0004008  0.0034846
 0.0004532  0.0032734
 0.0005575  0.0029647
 0.0007619  0.0025350
 0.0010981  0.0022189
 0.0010255  0.0020933
 0.0010079  0.0020254
 0.0010881  0.0022576
 0.0007718  0.0023324
 0.0003771  0.0027641
 0.0001768  0.0033173
-0.0002345  0.0036686
-0.0002077  0.0038342
-0.0003496  0.0039954
-0.0005096  0.0037470
-0.0006133  0.0036737
-0.0007900  0.0034631
-0.0011293  0.0033044
-0.0015268  0.0028815
-0.0017157  0.0027759
-0.0017650  0.0025239
-0.0016446  0.0024250
-0.0014566  0.0018672
-0.0012114  0.0017224
-0.0007357  0.0011378
-0.0003595  0.0006734
-0.0002375  0.0002707
 0.0002368 -0.0001763
 0.0002353 -0.0005089
 0.0000101 -0.0006206
-0.0004097 -0.0009315
-0.0007387 -0.0010183
-0.0013034 -0.0013339
-0.0015897 -0.0014796
-0.0019700 -0.0016504
-0.0020349 -0.0014959
-0.0019818 -0.0016996
-0.0018741 -0.0015550
-0.0016680 -0.0015539
-0.0015090 -0.0017585
-0.0014905 -0.0017045
-0.0013305 -0.0015973
-0.0012243 -0.0015802
-0.0011007 -0.0015633
-0.0007555 -0.0016927
-0.0005149 -0.0018148
-0.0000221 -0.0020309
 0.0004590 -0.0021215
 0.0010963 -0.0023353
 0.0014611 -0.0024933
 0.0016288 -0.0025296
 0.0015732 -0.0023459
 0.0013844 -0.0022915
 0.0012470 -0.0021748
 0.0007696 -0.0020955
 0.0005818 -0.0019892
 0.0005529 -0.0018476
 0.0005357 -0.0017605
 0.0008930 -0.0015601
 0.0008930 -0.0012549
 0.0011042 -0.0006871
 0.0011336 -0.0002887
 0.0009403  0.0002204
 0.0008847  0.0006590
 0.0006778  0.0009283
 0.0006857  0.0012174
 0.0007342  0.0014382
 0.0007300  0.0015271
 0.0007537  0.0018993
 0.0006607  0.0022038
 0.0005814  0.0025524
 0.0006920  0.0029819
 0.0007052  0.0030101
 0.0006557  0.0030741
 0.0009168  0.0029897
 0.0011370  0.0030378
 0.0011604  0.0029540
 0.0010873  0.0030030
 0.0011063  0.0027985
 0.0007647  0.0028077
 0.0006151  0.0027653
 0.0001469  0.0027899
 0.0000548  0.0028160
-0.0001716  0.0028491
-0.0006080  0.0027900
-0.0008480  0.0028861
-0.0010038  0.0029451
-0.0013206  0.0030411
-0.0017668  0.0030181
-0.0019239  0.0028939
-0.0022044  0.0026420
-0.0022236  0.0026052
-0.0022736  0.0025166
-0.0025472  0.0028781
-0.0027285  0.0030533
-0.0026682  0.0031873
-0.0027746  0.0034760
-0.0026778  0.0034544
-0.0022347  0.0032334
-0.0017860  0.0028382
-0.0014872  0.0022234
-0.0012314  0.0016454
-0.0012059  0.0011822
-0.0011404  0.0009915
-0.0013489  0.0004744
-0.0014747  0.0005384
-0.0014401  0.0003846
-0.0014848  0.0001009
-0.0013797  0.0000296
-0.0009628 -0.0002304
-0.0007118 -0.0003960
-0.0003870 -0.0006190
-0.0001681 -0.0007665
-0.0000894 -0.0007509
-0.0001010 -0.0006900
 0.0000506 -0.0007508
-0.0003710 -0.0008519
-0.0005384 -0.0010664
-0.0006674 -0.0011650
-0.0007350 -0.0011937
-0.0007955 -0.0010559
-0.0006739 -0.0012685
-0.0006181 -0.0012824
-0.0002584 -0.0011591
 0.0000022 -0.0012643
 0.0001655 -0.0014982
 0.0004869 -0.0014933
 0.0007323 -0.0017714
 0.0010915 -0.0019029
 0.0015549 -0.0017129
 0.0019793 -0.0016802
 0.0022344 -0.0014049
 0.0025835 -0.0010006
 0.0026906 -0.0008828
 0.0026871 -0.0005054
 0.0026417 -0.0004578
 0.0026371 -0.0006396
 0.0023843 -0.0005436
 0.0022200 -0.0007881
 0.0019743 -0.0006475
 0.0019504 -0.0005856
 0.0018826 -0.0003934
 0.0017816 -0.0004176
 0.0014230 -0.0000008
 0.0014157  0.0000390
 0.0013318  0.0000899
 0.0011965  0.0002577
 0.0013385  0.0001587
 0.0012438  0.0001016
 0.0012099  0.0003378
 0.0013912  0.0002856
 0.0012624  0.0005982
 0.0012123  0.0008866
 0.0011243  0.0013049
 0.0006905  0.0018867
 0.0003476  0.0024121
 0.0001130  0.0030361
-0.0002409  0.0035060
-0.0002209  0.0038658
-0.0005515  0.0040912
-0.0006328  0.0041010
-0.0005915  0.0039771
-0.0009419  0.0036681
-0.0012270  0.0035516
-0.0015120  0.0033588
-0.0017336  0.0033850
-0.0020051  0.0036038
-0.0022810  0.0039160
-0.0025144  0.0041404
-0.0026726  0.0045335
-0.0029864  0.0046576
-0.0032273  0.0046755
-0.0032281  0.0048100
-0.0031218  0.0046909
-0.0030979  0.0045603
-0.0028152  0.0046483
-0.0024075  0.0046919
-0.0021828  0.0049741
-0.0018815  0.0052734
-0.0016995  0.0054487
-0.0016951  0.0053238
-0.0018069  0.0049255
-0.0019379  0.0042793
-0.0020401  0.0034914
-0.0020537  0.0027879
-0.0018056  0.0018287
-0.0017235  0.0010165
-0.0012822  0.0003524
-0.0010260 -0.0001572
-0.0009191 -0.0001774
-0.0007897  0.0000519
-0.0008737  0.0002544
-0.0008088  0.0005585
-0.0007336  0.0009088
-0.0006247  0.0009951
-0.0009085  0.0011187
-0.0009997  0.0009698
-0.0011640  0.0004778
-0.0012657  0.0000243
-0.0012529 -0.0004761
-0.0012147 -0.0011687
-0.0012859 -0.0011539
-0.0012297 -0.0015979
-0.0012102 -0.0018388
-0.0007738 -0.0019319
-0.0002706 -0.0020598
 0.0005549 -0.0019939
 0.0014371 -0.0017278
 0.0022622 -0.0012243
 0.0030757 -0.0006685
 0.0036262 -0.0000784
 0.0038185  0.0000873
 0.0037737  0.0003164
 0.0036188  0.0001640
 0.0032783 -0.0003215
 0.0031363 -0.0006936
 0.0031624 -0.0008939
 0.0032496 -0.0008776
 0.0033409 -0.0006517
 0.0036034 -0.0004585
 0.0038674 -0.0004844
 0.0040926 -0.0003490
 0.0043200 -0.0002620
 0.0047927 -0.0002288
 0.0048325  0.0000437
 0.0046803  0.0004064
 0.0044671  0.0006201
 0.0040788  0.0010279
 0.0037760  0.0012471
 0.0035357  0.0011874
 0.0033346  0.0013310
 0.0033589  0.0014817
 0.0028931  0.0014821
 0.0024613  0.0015094
 0.0021342  0.0016478
 0.0019393  0.0019927
 0.0017507  0.0023381
 0.0016194  0.0024498
 0.0015502  0.0029324
 0.0017170  0.0033267
 0.0018399  0.0034340
 0.0016277  0.0038335
 0.0015421  0.0040228
 0.0014854  0.0039547
 0.0012296  0.0040566
 0.0009763  0.0040546
 0.0005404  0.0040067
 0.0000646  0.0040225
-0.0001900  0.0040877
-0.0004994  0.0041454
-0.0006148  0.0042667
-0.0005635  0.0043122
-0.0006822  0.0042715
-0.0007580  0.0040740
-0.0007107  0.0043088
-0.0007694  0.0040116
-0.0012213  0.0038787
-0.0014450  0.0037279
-0.0019240  0.0033827
-0.0023836  0.0031714
-0.0028582  0.0029196
-0.0030729  0.0024549
-0.0031542  0.0022726
-0.0033728  0.0022340
-0.0033195  0.0020018
-0.0032581  0.0021068
-0.0031810  0.0019234
-0.0034574  0.0019163
-0.0034239  0.0018718
-0.0034899  0.0019196
-0.0034734  0.0017838
-0.0032790  0.0019352
-0.0033470  0.0020092
-0.0032490  0.0023401
-0.0031964  0.0026977
-0.0034331  0.0027843
-0.0036833  0.0029042
-0.0038269  0.0026246
-0.0041668  0.0022126
-0.0044063  0.0015518
-0.0047377  0.0009868
-0.0049237  0.0002361
-0.0052628 -0.0003527
-0.0053060 -0.0007135
-0.0054229 -0.0012216
-0.0053052 -0.0013178
-0.0051728 -0.0015818
-0.0051125 -0.0021573
-0.0048601 -0.0022819
-0.0046408 -0.0025872
-0.0045442 -0.0028499
-0.0044802 -0.0029326
-0.0041490 -0.0031617
-0.0039376 -0.0030821
-0.0034505 -0.0029428
-0.0029839 -0.0026244
-0.0023351 -0.0021280
-0.0019164 -0.0015104
-0.0015343 -0.0012628
-0.0014570 -0.0009116
-0.0013315 -0.0009242
-0.0011523 -0.0008096
-0.0008442 -0.0007159
-0.0004856 -0.0005201
 0.0000159  0.0000066
 0.0003371  0.0005713
 0.0005371  0.0010599
 0.0009835  0.0015859
 0.0010096  0.0016750
 0.0014414  0.0018109
 0.0017233  0.0019921
 0.0019380  0.0018602
 0.0022345  0.0018380
 0.0023896  0.0018509
 0.0024383  0.0019701
 0.0027606  0.0016906
 0.0027264  0.0016302
 0.0027784  0.0014585
 0.0026919  0.0012605
 0.0025758  0.0007965
 0.0022870  0.0007836
 0.0021948  0.0009470
 0.0019497  0.0011312
 0.0017416  0.0016677
 0.0015883  0.0022170
 0.0015360  0.0030001
 0.0015388  0.0037185
 0.0013340  0.0041923
 0.0010536  0.0046801
 0.0008223  0.0047436
 0.0005830  0.0049625
 0.0003531  0.0048077
 0.0000652  0.0049127
-0.0004110  0.0050812
-0.0008800  0.0049401
-0.0015761  0.0049526
-0.0020386  0.0045958
-0.0026151  0.0040893
-0.0026988  0.0035046
-0.0027290  0.0028261
-0.0023943  0.0022723
-0.0022182  0.0016931
-0.0020841  0.0010131
-0.0020644  0.0003733
-0.0020019 -0.0003266
-0.0020186 -0.0008975
-0.0020860 -0.0014490
-0.0022173 -0.0017531
-0.0019967 -0.0019859
-0.0019942 -0.0017977
-0.0018501 -0.0016960
-0.0016248 -0.0017006
-0.0015367 -0.0015337
-0.0012835 -0.0014839
-0.0010607 -0.0015578
-0.0009845 -0.0015568
-0.0007304 -0.0015841
-0.0006374 -0.0015687
-0.0007076 -0.0013817
-0.0005397 -0.0011396
-0.0005367 -0.0011416
-0.0005249 -0.0008656
-0.0004184 -0.0009070
-0.0001386 -0.0007596
 0.0002329 -0.0006458
 0.0010267 -0.0006127
 0.0014679 -0.0006080
 0.0018459 -0.0004354
 0.0024066 -0.0004085
 0.0023650 -0.0002482
 0.0023297 -0.0002854
 0.0022930 -0.0003284
 0.0019565 -0.0005068
 0.0018818 -0.0004556
 0.0017760 -0.0003384
 0.0015497 -0.0000489
 0.0016400  0.0002752
 0.0014056  0.0006101
 0.0015038  0.0009014
 0.0015227  0.0013042
 0.0016548  0.0016266
 0.0020064  0.0020060
 0.0026799  0.0027028
 0.0029570  0.0030373
 0.0031627  0.0036538
 0.0035715  0.0040873
 0.0038329  0.0044375
 0.0038434  0.0048085
 0.0039909  0.0052905
 0.0037177  0.0051920
 0.0034569  0.0057442
 0.0034064  0.0058420
 0.0030564  0.0056582
 0.0029791  0.0058209
 0.0027292  0.0057404
 0.0024556  0.0058406
 0.0025153  0.0061901
 0.0023597  0.0063975
 0.0021571  0.0068127
 0.0021262  0.0073172
 0.0021134  0.0075328
 0.0019477  0.0076863
 0.0017594  0.0079540
 0.0017504  0.0079198
 0.0013489  0.0079800
 0.0011360  0.0078673
 0.0006096  0.0075273
-0.0001776  0.0072552
-0.0006510  0.0068720
-0.0011510  0.0061940
-0.0016104  0.0056652
-0.0019618  0.0052817
-0.0020953  0.0048047
-0.0021540  0.0044202
-0.0020047  0.0040991
-0.0019673  0.0038697
-0.0019773  0.0037527
-0.0016895  0.0038564
-0.0017949  0.0038107
-0.0017268  0.0039500
-0.0016100  0.0039278
-0.0017334  0.0037229
-0.0018276  0.0033917
-0.0021500  0.0030302
-0.0024669  0.0027069
-0.0026143  0.0023116
-0.0026799  0.0017430
-0.0026448  0.0013745
-0.0024893  0.0010367
-0.0020151  0.0007556
-0.0016997  0.0002780
-0.0014331  0.0001995
-0.0012643  0.0002702
-0.0014105 -0.0000646
-0.0013832 -0.0002141
-0.0017910 -0.0003933
-0.0019442 -0.0006565
-0.0019293 -0.0009288
-0.0020561 -0.0011428
-0.0020739 -0.0011339
-0.0019879 -0.0011142
-0.0017262 -0.0011934
-0.0013283 -0.0011983
-0.0010667 -0.0013801
-0.0006239 -0.0018061
-0.0003631 -0.0023739
 0.0001432 -0.0028610
 0.0003485 -0.0033721
 0.0005559 -0.0037067
 0.0008819 -0.0038367
 0.0014072 -0.0039037
 0.0017046 -0.0037531
 0.0020920 -0.0034394
 0.0022369 -0.0031936
 0.0023116 -0.0030434
 0.0019571 -0.0028794
 0.0016765 -0.0033807
 0.0014113 -0.0037047
 0.0014139 -0.0040214
 0.0013502 -0.0042477
 0.0017225 -0.0042348
 0.0021307 -0.0041137
 0.0025669 -0.0038122
 0.0028560 -0.0033904
 0.0031695 -0.0030076
 0.0032155 -0.0025506
 0.0033267 -0.0022285
 0.0034013 -0.0019393
 0.0035064 -0.0017905
 0.0034907 -0.0014915
 0.0035997 -0.0014549
 0.0036814 -0.0013275
 0.0038189 -0.0010403
 0.0036376 -0.0009165
 0.0037587 -0.0007794
 0.0037308 -0.0005481
 0.0040053 -0.0005712
 0.0041369 -0.0001606
 0.0042926  0.0000022
 0.0040655  0.0004111
 0.0038840  0.0006180
 0.0034531  0.0008195
 0.0026877  0.0011283
 0.0020386  0.0013159
 0.0014022  0.0017125
 0.0006460  0.0020395
 0.0001326  0.0025991
-0.0001679  0.0030768
-0.0004154  0.0033831
-0.0006552  0.0035311
-0.0006984  0.0036051
-0.0008331  0.0033649
-0.0011435  0.0031584
-0.0013969  0.0029844
-0.0020331  0.0027899
-0.0025889  0.0027602
-0.0030026  0.0027415
-0.0033487  0.0028147
-0.0034583  0.0028328
-0.0033384  0.0029203
-0.0032581  0.0025758
-0.0030283  0.0026225
-0.0028521  0.0023033
-0.0025915  0.0022636
-0.0024056  0.0019198
-0.0022373  0.0017497
-0.0020447  0.0017319
-0.0020109  0.0015448
-0.0020005  0.0014700
-0.0022046  0.0015780
-0.0022394  0.0016968
-0.0024055  0.0014426
-0.0022569  0.0013831
-0.0021360  0.0009136
-0.0017702  0.0003772
-0.0015209  0.0000144
-0.0009874 -0.0002453
-0.0008324 -0.0004414
-0.0002191 -0.0004132
-0.0000309 -0.0004753
 0.0001511 -0.0003279
 0.0001821 -0.0003036
 0.0002842 -0.0002664
 0.0004295 -0.0004461
 0.0004651 -0.0004457
 0.0008892 -0.0003708
 0.0010630 -0.0002982
 0.0014223 -0.0001580
 0.0018406 -0.0002348
 0.0019882 -0.0002588
 0.0020593 -0.0003824
 0.0021049 -0.0009011
 0.0020724 -0.0013776
 0.0021311 -0.0021113
 0.0023587 -0.0025714
 0.0023696 -0.0026637
 0.0023443 -0.0029940
 0.0021401 -0.0030095
 0.0018399 -0.0030661
 0.0015456 -0.0030609
 0.0014515 -0.0030482
 0.0013626 -0.0028438
 0.0016067 -0.0026341
 0.0018267 -0.0023095
 0.0020037 -0.0018683
 0.0021393 -0.0016170
 0.0022701 -0.0011623
 0.0023527 -0.0012374
 0.0023730 -0.0012168
 0.0023889 -0.0011936
 0.0027022 -0.0011738
 0.0029083 -0.0010108
 0.0029098 -0.0008560
 0.0029821 -0.0005491
 0.0028816 -0.0002715
 0.0026570 -0.0000932
 0.0027032  0.0004888
 0.0026267  0.0009483
 0.0024208  0.0013194
 0.0026090  0.0016412
 0.0025174  0.0020560
 0.0027844  0.0024282
 0.0029350  0.0029239
 0.0031706  0.0033991
 0.0034875  0.0037523
 0.0039006  0.0039377
 0.0039795  0.0041533
 0.0040137  0.0041534
 0.0038807  0.0040614
 0.0034843  0.0039949
 0.0031170  0.0039564
 0.0027537  0.0039414
 0.0022752  0.0039834
 0.0021418  0.0041608
 0.0016717  0.0041653
 0.0012029  0.0043808
 0.0009036  0.0044312
 0.0007315  0.0045008
 0.0005692  0.0044570
 0.0006364  0.0042196
 0.0006552  0.0039439
 0.0005536  0.0038026
 0.0004149  0.0032770
 0.0001279  0.0030294
-0.0002165  0.0024366
-0.0006682  0.0019366
-0.0013106  0.0013308
-0.0016999  0.0008596
-0.0019027  0.0006029
-0.0019082  0.0001609
-0.0016955 -0.0001901
-0.0015253 -0.0005269
-0.0010284 -0.0008333
-0.0008352 -0.0008023
-0.0005808 -0.0007382
-0.0006083 -0.0006298
-0.0008386 -0.0003876
-0.0011956 -0.0001801
-0.0018848 -0.0002617
-0.0025706 -0.0000320
-0.0032007 -0.0003825
-0.0036062 -0.0005295
-0.0040340 -0.0007271
-0.0042730 -0.0010803
-0.0042337 -0.0015636
-0.0039691 -0.0018815
-0.0036575 -0.0023514
-0.0030328 -0.0027043
-0.0022677 -0.0028901
-0.0012922 -0.0028961
-0.0005656 -0.0028452
 0.0002944 -0.0026676
 0.0008414 -0.0028620
 0.0013932 -0.0028757
 0.0017570 -0.0029473
 0.0022381 -0.0031281
 0.0025368 -0.0031108
 0.0029895 -0.0030393
 0.0032824 -0.0031036
 0.0034927 -0.0030381
 0.0035336 -0.0031340
 0.0037827 -0.0034068
 0.0038105 -0.0037755
 0.0038807 -0.0041079
 0.0040646 -0.0045143
 0.0039774 -0.0046418
 0.0038597 -0.0044624
 0.0037943 -0.0042106
 0.0037139 -0.0035176
 0.0035175 -0.0027842
 0.0033604 -0.0019135
 0.0032214 -0.0012552
 0.0031990 -0.0006507
 0.0031951 -0.0002229
 0.0034481 -0.0000072
 0.0035819  0.0001653
 0.0038180  0.0002043
 0.0041675  0.0004242
 0.0042548  0.0007466
 0.0042453  0.0009103
 0.0041746  0.0012911
 0.0039360  0.0017158
 0.0035959  0.0021084
 0.0029307  0.0023088
 0.0025270  0.0023990
 0.0022897  0.0025156
 0.0019764  0.0024698
 0.0019702  0.0025686
 0.0018282  0.0025193
 0.0016561  0.0026445
 0.0016092  0.0026652
 0.0011225  0.0025750
 0.0011323  0.0025915
 0.0009535  0.0026876
 0.0007617  0.0026997
 0.0006334  0.0026962
 0.0005057  0.0023502
 0.0003106  0.0020373
 0.0001115  0.0016401
 0.0000448  0.0010225
-0.0001628  0.0006473
-0.0001071  0.0004827
-0.0003931  0.0007051
-0.0007721  0.0008597
-0.0010310  0.0011362
-0.0014626  0.0013278
-0.0016339  0.0011542
-0.0018880  0.0009105
-0.0018858  0.0006398
-0.0018779  0.0003023
-0.0019203 -0.0002137
-0.0020196 -0.0002794
-0.0021051 -0.0003575
-0.0021587 -0.0006523
-0.0023818 -0.0007133
-0.0024123 -0.0009881
-0.0023178 -0.0012353
-0.0025245 -0.0013843
-0.0026447 -0.0014317
-0.0026357 -0.0018224
-0.0024372 -0.0020027
-0.0021399 -0.0024366
-0.0014305 -0.0028168
-0.0005979 -0.0030225
 0.0003471 -0.0031893
 0.0010261 -0.0032811
 0.0013728 -0.0032682
 0.0016840 -0.0033771
 0.0016448 -0.0033444
 0.0015113 -0.0033246
 0.0013454 -0.0031819
 0.0011046 -0.0032551
 0.0009924 -0.0029353
 0.0011001 -0.0027220
 0.0011358 -0.0027362
 0.0012587 -0.0024412
 0.0015882 -0.0023346
 0.0016748 -0.0022647
 0.0019503 -0.0022416
 0.0018633 -0.0021764
 0.0020299 -0.0021167
 0.0019163 -0.0021899
 0.0020893 -0.0022665
 0.0021488 -0.0022892
 0.0022111 -0.0023459
 0.0024123 -0.0024905
 0.0025912 -0.0028483
 0.0028325 -0.0029452
 0.0029468 -0.0031649
 0.0030832 -0.0031064
 0.0031518 -0.0030796
 0.0032592 -0.0028457
 0.0029489 -0.0026991
 0.0030016 -0.0024456
 0.0029734 -0.0020430
 0.0029717 -0.0015905
 0.0029593 -0.0011618
 0.0029351 -0.0006370
 0.0028019 -0.0001641
 0.0026056  0.0002453
 0.0022707  0.0004057
 0.0020384  0.0005860
 0.0018331  0.0006603
 0.0015608  0.0008907
 0.0015276  0.0012734
 0.0015167  0.0013433
 0.0014122  0.0019044
 0.0013319  0.0021514
 0.0011831  0.0023324
 0.0011681  0.0023331
 0.0009807  0.0022484
 0.0007971  0.0022412
 0.0006285  0.0021026
 0.0005014  0.0022238
 0.0001420  0.0024139
-0.0001110  0.0026321
-0.0003319  0.0028801
-0.0006174  0.0029130
-0.0010024  0.0027226
-0.0013470  0.0025559
-0.0016951  0.0023487
-0.0020860  0.0021940
-0.0025613  0.0019070
-0.0027164  0.0019553
-0.0030162  0.0019669
-0.0031462  0.0019237
-0.0031847  0.0021700
-0.0031988  0.0020886
-0.0031976  0.0019431
-0.0032277  0.0016250
-0.0033724  0.0014687
-0.0033014  0.0011410
-0.0034806  0.0009972
-0.0034337  0.0007287
-0.0034179  0.0005783
-0.0032927  0.0006573
-0.0034052  0.0005453
-0.0029396  0.0006954
-0.0031530  0.0009387
-0.0031030  0.0009288
-0.0031831  0.0010609
-0.0032860  0.0007407
-0.0034934  0.0003483
-0.0037052  0.0000539
-0.0039471 -0.0003894
-0.0042108 -0.0005470
-0.0042624 -0.0010171
-0.0044331 -0.0010132
-0.0042596 -0.0010552
-0.0042217 -0.0010384
-0.0039808 -0.0009331
-0.0036850 -0.0007542
-0.0033977 -0.0006292
-0.0030712 -0.0008513
-0.0026683 -0.0009674
-0.0023202 -0.0011836
-0.0021724 -0.0015782
-0.0018262 -0.0019623
-0.0016194 -0.0021434
-0.0013219 -0.0022938
-0.0013028 -0.0024699
-0.0014008 -0.0023577
-0.0015466 -0.0022296
-0.0016514 -0.0020666
-0.0017217 -0.0019688
-0.0019009 -0.0022456
-0.0016587 -0.0024722
-0.0013953 -0.0027533
-0.0009550 -0.0026911
-0.0006132 -0.0023830
-0.0003215 -0.0021558
-0.0000425 -0.0016594
 0.0002375 -0.0012940
 0.0005014 -0.0008617
 0.0009251 -0.0002385
 0.0013604  0.0003888
 0.0016391  0.0009047
 0.0016071  0.0015592
 0.0018207  0.0019978
 0.0016896  0.0023901
 0.0014265  0.0025591
 0.0014561  0.0026821
 0.0013161  0.0027420
 0.0013537  0.0028829
 0.0012461  0.0030242
 0.0013697  0.0032132
 0.0010789  0.0034151
 0.0009220  0.0037771
 0.0005893  0.0041024
 0.0003198  0.0043660
-0.0000094  0.0044863
-0.0002223  0.0046420
-0.0003901  0.0047320
-0.0006126  0.0047953
-0.0010458  0.0047152
-0.0012945  0.0047148
-0.0019830  0.0043339
-0.0021763  0.0042161
-0.0024608  0.0040655
-0.0024238  0.0039336
-0.0023922  0.0037485
-0.0023195  0.0038382
-0.0021448  0.0037267
-0.0019238  0.0036488
-0.0015608  0.0037078
-0.0013444  0.0035126
-0.0011514  0.0033288
-0.0009665  0.0031764
-0.0008339  0.0026983
-0.0009617  0.0023777
-0.0009515  0.0020352
-0.0007195  0.0016423
-0.0006334  0.0014363
-0.0005080  0.0010580
-0.0003348  0.0009826
-0.0004947  0.0009306
-0.0007284  0.0007067
-0.0011318  0.0000725
-0.0016932 -0.0004776
-0.0021253 -0.0011494
-0.0024390 -0.0019353
-0.0024549 -0.0026273
-0.0023230 -0.0031588
-0.0022890 -0.0034766
-0.0022149 -0.0035229
-0.0023318 -0.0037055
-0.0024349 -0.0037868
-0.0025419 -0.0040479
-0.0024972 -0.0042514
-0.0020892 -0.0044881
-0.0018675 -0.0044458
-0.0016268 -0.0044314
-0.0014390 -0.0044407
-0.0012243 -0.0043424
-0.0011232 -0.0044799
-0.0009811 -0.0043566
-0.0006864 -0.0044139
-0.0003634 -0.0044592
-0.0001015 -0.0043573
 0.0001975 -0.0041766
 0.0004568 -0.0039196
 0.0003377 -0.0037519
 0.0003018 -0.0033324
 0.0002679 -0.0031899
 0.0002837 -0.0029016
 0.0001933 -0.0027584
 0.0001596 -0.0029187
 0.0002939 -0.0028398
 0.0004132 -0.0028507
 0.0004938 -0.0029221
 0.0008704 -0.0028001
 0.0010459 -0.0026842
 0.0014592 -0.0023063
 0.0017676 -0.0017771
 0.0018504 -0.0014023
 0.0018153 -0.0005888
 0.0016009  0.0000295
 0.0013328  0.0006981
 0.0010575  0.0010449
 0.0007985  0.0013978
 0.0008015  0.0014220
 0.0009932  0.0015990
 0.0011134  0.0015407
 0.0013333  0.0014603
 0.0015242  0.0015052
 0.0015606  0.0014537
 0.0016595  0.0014387
 0.0015219  0.0014088
 0.0013336  0.0014624
 0.0011534  0.0015141
 0.0008227  0.0014388
 0.0004385  0.0013412
 0.0002980  0.0010994
 0.0003665  0.0009021
 0.0004259  0.0007561
 0.0006874  0.0005026
 0.0010094  0.0004737
 0.0014104  0.0005254
 0.0017075  0.0004907
 0.0021768  0.0006822
 0.0022166  0.0006196
 0.0021820  0.0007297
 0.0021877  0.0009652
 0.0020321  0.0014406
 0.0017197  0.0018030
 0.0013684  0.0023162
 0.0009550  0.0027171
 0.0005620  0.0030144
 0.0003203  0.0032745
-0.0000954  0.0031348
-0.0003670  0.0027808
-0.0002637  0.0023250
-0.0002958  0.0016252
-0.0000804  0.0009732
 0.0001859  0.0004321
 0.0002726 -0.0000902
 0.0004897 -0.0005771
 0.0005494 -0.0009546
 0.0005679 -0.0013952
 0.0004627 -0.0015767
 0.0003607 -0.0019067
 0.0001592 -0.0021712
 0.0001555 -0.0023751
 0.0000783 -0.0025567
-0.0000010 -0.0027591
-0.0000755 -0.0024555
 0.0001876 -0.0024956
 0.0004613 -0.0022780
 0.0007966 -0.0022808
 0.0010740 -0.0023950
 0.0013659 -0.0025767
 0.0015133 -0.0028345
 0.0017380 -0.0032383
 0.0018337 -0.0037649
 0.0020010 -0.0038964
 0.0020125 -0.0039766
 0.0019502 -0.0039383
 0.0021059 -0.0037540
 0.0018951 -0.0038008
 0.0020003 -0.0036710
 0.0017888 -0.0040149
 0.0019043 -0.0039258
 0.0022177 -0.0040436
 0.0024104 -0.0039185
 0.0026727 -0.0036879
 0.0029813 -0.0034325
 0.0032569 -0.0029525
 0.0034964 -0.0025789
 0.0037969 -0.0021346
 0.0041368 -0.0013946
 0.0043348 -0.0008721
 0.0042431 -0.0001414
 0.0043251  0.0004373
 0.0042521  0.0009254
 0.0038919  0.0013243
 0.0036712  0.0016322
 0.0033082  0.0016287
 0.0033022  0.0017378
 0.0034057  0.0020254
 0.0034294  0.0021883
 0.0035905  0.0026279
 0.0036861  0.0029808
 0.0036396  0.0031430
 0.0034867  0.0035488
 0.0032229  0.0038317
 0.0028088  0.0040614
 0.0023804  0.0043541
 0.0019656  0.0045074
 0.0016160  0.0047546
 0.0012185  0.0048989
 0.0007138  0.0049329
 0.0002849  0.0049982
-0.0000902  0.0050504
-0.0005326  0.0050718
-0.0009596  0.0050813
-0.0012128  0.0052924
-0.0013305  0.0051568
-0.0016820  0.0050593
-0.0019905  0.0049899
-0.0023309  0.0046819
-0.0023764  0.0043082
-0.0025241  0.0041333
-0.0029298  0.0036601
-0.0032416  0.0033913
-0.0035571  0.0030923
-0.0039062  0.0028421
-0.0045236  0.0025827
-0.0046651  0.0025684
-0.0050997  0.0024703
-0.0052374  0.0022508
-0.0052255  0.0022274
-0.0051484  0.0021095
-0.0050904  0.0022220
-0.0048272  0.0022456
-0.0046365  0.0021622
-0.0045666  0.0023868
-0.0044368  0.0025283
-0.0045624  0.0025319
-0.0046433  0.0023667
-0.0047138  0.0022368
-0.0047169  0.0017484
-0.0046579  0.0014950
-0.0044480  0.0011114
-0.0042998  0.0005136
-0.0039197  0.0002561
-0.0034663 -0.0001853
-0.0031039 -0.0004964
-0.0027786 -0.0006725
-0.0024617 -0.0006872
-0.0023181 -0.0008189
-0.0024425 -0.0006464
-0.0022603 -0.0004788
-0.0022273 -0.0003604
-0.0021484 -0.0000113
-0.0019467  0.0002167
-0.0020065  0.0004506
-0.0021952  0.0005585
-0.0021678  0.0005212
-0.0023225  0.0003053
-0.0022010 -0.0000229
-0.0019297 -0.0005081
-0.0017804 -0.0009053
-0.0016361 -0.0011367
-0.0016027 -0.0011700
-0.0018047 -0.0012562
-0.0016740 -0.0008828
-0.0018505 -0.0008303
-0.0018910 -0.0006483
-0.0019067 -0.0005719
-0.0016242 -0.0006283
-0.0015916 -0.0006223
-0.0012679 -0.0006786
-0.0010485 -0.0005919
-0.0007128 -0.0007682
-0.0004252 -0.0006757
-0.0002954 -0.0004506
-0.0002214 -0.0000762
-0.0002293  0.0004090
-0.0002597  0.0008801
-0.0003235  0.0014540
-0.0001122  0.0018153
-0.0001698  0.0020013
 0.0001686  0.0021527
 0.0002554  0.0019979
 0.0004817  0.0019282
 0.0009741  0.0018695
 0.0011379  0.0018556
 0.0015046  0.0019606
 0.0016879  0.0020542
 0.0020379  0.0021653
 0.0021483  0.0021390
 0.0024259  0.0021354
 0.0024323  0.0021039
 0.0024672  0.0020418
 0.0024837  0.0020686
 0.0023661  0.0018782
 0.0022763  0.0019940
 0.0019348  0.0020957
 0.0016517  0.0021359
 0.0012811  0.0023274
 0.0009219  0.0023999
 0.0005670  0.0024239
 0.0007262  0.0025233
 0.0006038  0.0021670
 0.0005970  0.0019328
 0.0007392  0.0016561
 0.0008046  0.0011567
 0.0006469  0.0006965
 0.0002412  0.0003767
-0.0001618 -0.0000167
-0.0007922 -0.0001062
-0.0015433 -0.0002249
-0.0020893 -0.0003243
-0.0024489 -0.0002426
-0.0026581 -0.0003206
-0.0027863 -0.0003047
-0.0025624 -0.0003425
-0.0023179 -0.0002492
-0.0020276 -0.0001752
-0.0017291 -0.0003344
-0.0015468 -0.0003929
-0.0013768 -0.0003289
-0.0013440 -0.0005110
-0.0015788 -0.0002692
-0.0020279 -0.0005347
-0.0023487 -0.0004972
-0.0029797 -0.0004992
-0.0036960 -0.0007139
-0.0040473 -0.0008481
-0.0045356 -0.0009064
-0.0047838 -0.0009655
-0.0047039 -0.0010315
-0.0043834 -0.0007886
-0.0039109 -0.0008238
-0.0033810 -0.0008457
-0.0029405 -0.0007884
-0.0025611 -0.0010748
-0.0021833 -0.0013154
-0.0018140 -0.0016131
-0.0016001 -0.0019750
-0.0011562 -0.0022828
-0.0006508 -0.0025168
-0.0001605 -0.0029327
 0.0003758 -0.0032286
 0.0009923 -0.0035049
 0.0015224 -0.0035211
 0.0015939 -0.0037062
 0.0017952 -0.0035600
 0.0015982 -0.0034423
 0.0013994 -0.0034100
 0.0012462 -0.0032477
 0.0010988 -0.0031080
 0.0011944 -0.0028928
 0.0013033 -0.0025801
 0.0016265 -0.0020852
 0.0018459 -0.0016253
 0.0023604 -0.0011354
 0.0029320 -0.0003932
 0.0031325  0.0001668
 0.0034362  0.0010479
 0.0033138  0.0018387
 0.0030336  0.0023157
 0.0027563  0.0023807
 0.0024852  0.0026655
 0.0020957  0.0026509
 0.0017665  0.0026669
 0.0016231  0.0028700
 0.0013692  0.0027674
 0.0012527  0.0028976
 0.0014054  0.0031316
 0.0013846  0.0033293
 0.0012550  0.0034935
 0.0010759  0.0037527
 0.0009648  0.0039843
 0.0005772  0.0040201
 0.0001334  0.0040597
-0.0001995  0.0041033
-0.0005071  0.0042406
-0.0009155  0.0043781
-0.0013131  0.0042222
-0.0014235  0.0042023
-0.0016644  0.0041949
-0.0019491  0.0041165
-0.0020697  0.0041935
-0.0021850  0.0044279
-0.0022607  0.0046326
-0.0024664  0.0047865
-0.0026743  0.0049119
-0.0028583  0.0048416
-0.0031781  0.0045759
-0.0035128  0.0044758
-0.0039235  0.0039060
-0.0041254  0.0034598
-0.0043503  0.0028727
-0.0044885  0.0022059
-0.0043148  0.0017769
-0.0040819  0.0015463
-0.0038145  0.0013184
-0.0035919  0.0012598
-0.0034391  0.0013267
-0.0033131  0.0013091
-0.0032507  0.0013547
-0.0032041  0.0012227
-0.0029361  0.0009399
-0.0028594  0.0007382
-0.0023704  0.0006357
-0.0021789  0.0004120
-0.0020897  0.0001950
-0.0020865 -0.0002471
-0.0021064 -0.0005214
-0.0021632 -0.0009531
-0.0021294 -0.0012740
-0.0020378 -0.0014258
-0.0018660 -0.0016795
-0.0018719 -0.0018706
-0.0018859 -0.0021227
-0.0019236 -0.0023915
-0.0020315 -0.0025893
-0.0021876 -0.0029124
-0.0022147 -0.0033481
-0.0022266 -0.0036229
-0.0021723 -0.0036581
-0.0020021 -0.0036028
-0.0019819 -0.0031933
-0.0019845 -0.0026705
-0.0020809 -0.0020352
-0.0021531 -0.0015478
-0.0022023 -0.0010240
-0.0021608 -0.0007692
-0.0018119 -0.0005908
-0.0014902 -0.0002717
-0.0010857 -0.0001125
-0.0004233  0.0002745
 0.0001142  0.0007946
 0.0003688  0.0010569
 0.0007301  0.0011054
 0.0008722  0.0012273
 0.0012292  0.0009774
 0.0012997  0.0005303
 0.0013952  0.0002025
 0.0014136 -0.0000360
 0.0014463 -0.0004376
 0.0011752 -0.0005442
 0.0008263 -0.0003737
 0.0006358 -0.0002165
 0.0002826 -0.0000634
 0.0001315  0.0000685
 0.0000705  0.0000956
 0.0000212  0.0000556
-0.0000522  0.0000727
-0.0000312  0.0002611
-0.0001028  0.0004168
-0.0003602  0.0006328
-0.0004503  0.0009733
-0.0007466  0.0011904
-0.0007044  0.0013230
-0.0009071  0.0018866
-0.0009791  0.0023405
-0.0011850  0.0026627
-0.0015954  0.0027847
-0.0017929  0.0030073
-0.0018298  0.0028818
-0.0019877  0.0027099
-0.0019353  0.0025634
-0.0018639  0.0022660
-0.0018679  0.0020396
-0.0017069  0.0020583
-0.0018160  0.0020185
-0.0022183  0.0021772
-0.0024093  0.0022549
-0.0026218  0.0023198
-0.0027831  0.0024097
-0.0029588  0.0022763
-0.0031698  0.0020574
-0.0032195  0.0017347
-0.0034457  0.0014333
-0.0037788  0.0008687
-0.0040237  0.0003297
-0.0042605 -0.0003166
-0.0044600 -0.0006774
-0.0044771 -0.0012271
-0.0043223 -0.0012595
-0.0042885 -0.0015734
-0.0038761 -0.0015517
-0.0035877 -0.0015427
-0.0031297 -0.0017247
-0.0031161 -0.0019174
-0.0029608 -0.0022986
-0.0029195 -0.0023388
-0.0030448 -0.0026748
-0.0030620 -0.0027632
-0.0028794 -0.0027167
-0.0029157 -0.0027145
-0.0026866 -0.0024913
-0.0024785 -0.0022319
-0.0023259 -0.0021977
-0.0023671 -0.0024780
-0.0022093 -0.0026946
-0.0022686 -0.0031822
-0.0021754 -0.0039129
-0.0018657 -0.0043756
-0.0014929 -0.0048805
-0.0008493 -0.0053661
-0.0004679 -0.0055874
-0.0000746 -0.0055971
 0.0004720 -0.0056175
 0.0010806 -0.0051269
 0.0017342 -0.0048441
 0.0021361 -0.0045119
 0.0028923 -0.0042708
 0.0031489 -0.0042982
 0.0037011 -0.0042623
 0.0041785 -0.0039566
 0.0044752 -0.0040364
 0.0046790 -0.0037321
 0.0049222 -0.0032944
 0.0049612 -0.0032692
 0.0049204 -0.0026632
 0.0048148 -0.0022820
 0.0047415 -0.0019618
 0.0045905 -0.0017255
 0.0046540 -0.0013910
 0.0048642 -0.0013353
 0.0049544 -0.0011747
 0.0049309 -0.0009647
 0.0047905 -0.0008516
 0.0044938 -0.0005381
 0.0041874 -0.0002286
 0.0037722  0.0000748
 0.0032197  0.0005257
 0.0026565  0.0009328
 0.0021829  0.0010612
 0.0017633  0.0013243
 0.0018005  0.0013344
 0.0019411  0.0012924
 0.0021905  0.0016320
 0.0024661  0.0015639
 0.0026579  0.0016322
 0.0030116  0.0018501
 0.0032757  0.0021092
 0.0034863  0.0022414
 0.0035954  0.0024538
 0.0033711  0.0024273
 0.0032471  0.0022280
 0.0029231  0.0020361
 0.0027036  0.0013961
 0.0025544  0.0009612
 0.0025666  0.0005256
 0.0027645  0.0004168
 0.0030645  0.0004027
 0.0030467  0.0008667
 0.0029026  0.0010561
 0.0022686  0.0011937
 0.0016833  0.0011339
 0.0011770  0.0006641
 0.0006852  0.0004546
 0.0001928 -0.0000032
-0.0003803 -0.0006672
-0.0005924 -0.0009730
-0.0008194 -0.0013384
-0.0007680 -0.0016426
-0.0009781 -0.0013127
-0.0012414 -0.0011086
-0.0015636 -0.0012901
-0.0019098 -0.0012265
-0.0023368 -0.0012810
-0.0025618 -0.0016960
-0.0028370 -0.0018231
-0.0030134 -0.0019837
-0.0028331 -0.0021293
-0.0025810 -0.0019756
-0.0023679 -0.0020803
-0.0019459 -0.0016027
-0.0015069 -0.0014955
-0.0012578 -0.0013118
-0.0008257 -0.0013475
-0.0006201 -0.0015924
-0.0003524 -0.0019646
-0.0002360 -0.0025464
 0.0000823 -0.0029289
 0.0003539 -0.0033447
 0.0006347 -0.0034129
 0.0005638 -0.0032140
 0.0007503 -0.0029396
 0.0009902 -0.0023774
 0.0012682 -0.0019513
 0.0017254 -0.0012825
 0.0021874 -0.0008385
 0.0025111 -0.0004910
 0.0031563 -0.0001373
 0.0034272 -0.0001857
 0.0038192 -0.0001127
 0.0041460  0.0000315
 0.0042934  0.0000574
 0.0044478 -0.0000130
 0.0044041 -0.0002014
 0.0043039 -0.0006249
 0.0043352 -0.0010025
 0.0042112 -0.0015039
 0.0040705 -0.0017931
 0.0041309 -0.0018912
 0.0040609 -0.0019782
 0.0040756 -0.0017381
 0.0037628 -0.0012345
 0.0036566 -0.0009104
 0.0034879 -0.0005290
 0.0034643  0.0000358
 0.0034011  0.0003745
 0.0034938  0.0007022
 0.0035370  0.0010567
 0.0036202  0.0014119
 0.0036415  0.0014753
 0.0035989  0.0015867
 0.0035784  0.0016442
 0.0035161  0.0019239
 0.0030825  0.0023218
 0.0028514  0.0026434
 0.0023452  0.0030798
 0.0018248  0.0032654
 0.0010779  0.0034282
 0.0005077  0.0034802
-0.0001218  0.0034306
-0.0006180  0.0034288
-0.0009961  0.0035718
-0.0012555  0.0035999
-0.0012723  0.0037259
-0.0013103  0.0039441
-0.0013327  0.0039043
-0.0010454  0.0037550
-0.0009925  0.0036430
-0.0009435  0.0033747
-0.0009959  0.0033253
-0.0009404  0.0033836
-0.0008562  0.0033538
-0.0010040  0.0037329
-0.0012697  0.0040035
-0.0016531  0.0042839
-0.0020060  0.0044177
-0.0026392  0.0041166
-0.0029379  0.0037560
-0.0028369  0.0033643
-0.0028447  0.0028338
-0.0023882  0.0023236
-0.0020241  0.0018457
-0.0016730  0.0015175
-0.0013124  0.0011673
-0.0014090  0.0008637
-0.0017157  0.0004379
-0.0019742 -0.0001847
-0.0022571 -0.0005823
-0.0026255 -0.0011044
-0.0029217 -0.0016428
-0.0030336 -0.0019301
-0.0030634 -0.0023567
-0.0028630 -0.0026051
-0.0028006 -0.0028144
-0.0025465 -0.0029449
-0.0022593 -0.0031259
-0.0020052 -0.0033500
-0.0017490 -0.0038020
-0.0014554 -0.0039738
-0.0011076 -0.0042376
-0.0009887 -0.0041997
-0.0005938 -0.0040713
-0.0005807 -0.0040648
-0.0002585 -0.0037791
 0.0000436 -0.0035901
 0.0005738 -0.0032960
 0.0009795 -0.0028974
 0.0011170 -0.0026597
 0.0012891 -0.0021196
 0.0011983 -0.0018235
 0.0010451 -0.0014470
 0.0007616 -0.0010118
 0.0005956 -0.0006922
 0.0002587 -0.0003980
 0.0003175 -0.0004319
 0.0002617 -0.0002683
 0.0003156 -0.0001076
 0.0003543 -0.0001325
 0.0005924 -0.0000676
 0.0009233  0.0000958
 0.0010803  0.0001908
 0.0011658  0.0003699
 0.0011664  0.0007216
 0.0009894  0.0008967
 0.0008119  0.0012295
 0.0004174  0.0015586
-0.0000686  0.0017981
-0.0003071  0.0021425
-0.0004872  0.0024187
-0.0008843  0.0026313
-0.0011926  0.0028878
-0.0013532  0.0026461
-0.0013720  0.0027006
-0.0014862  0.0024354
-0.0015635  0.0019212
-0.0016480  0.0016538
-0.0017499  0.0014611
-0.0018255  0.0012449
-0.0020405  0.0011878
-0.0019459  0.0013482
-0.0020316  0.0015918
-0.0020865  0.0018589
-0.0020133  0.0021197
-0.0023497  0.0022479
-0.0026082  0.0024042
-0.0030034  0.0026091
-0.0033495  0.0027657
-0.0037671  0.0029050
-0.0042521  0.0030269
-0.0044309  0.0027668
-0.0046178  0.0026331
-0.0045308  0.0024713
-0.0041775  0.0020281
-0.0037229  0.0018196
-0.0031061  0.0015991
-0.0026590  0.0016460
-0.0026145  0.0016195
-0.0028713  0.0016011
-0.0030296  0.0012577
-0.0032560  0.0010838
-0.0036120  0.0003879
-0.0039561  0.0000923
-0.0044392 -0.0003182
-0.0045202 -0.0007087
-0.0045454 -0.0010480
-0.0046081 -0.0012178
-0.0041855 -0.0012857
-0.0036763 -0.0012814
-0.0030945 -0.0009289
-0.0026723 -0.0008506
-0.0020890 -0.0006571
-0.0018984 -0.0005056
-0.0017357 -0.0004674
-0.0016130 -0.0005823
-0.0015213 -0.0009277
-0.0014876 -0.0012611
-0.0012272 -0.0015483
-0.0010440 -0.0018755
-0.0008371 -0.0021535
-0.0005926 -0.0024345
-0.0004268 -0.0025844
-0.0005066 -0.0028569
-0.0004886 -0.0029856
-0.0004694 -0.0032364
-0.0005461 -0.0036625
-0.0003418 -0.0040882
-0.0003565 -0.0043299
-0.0005053 -0.0046783
-0.0004268 -0.0051544
-0.0005199 -0.0052810
-0.0004148 -0.0053926
-0.0002646 -0.0054328
-0.0001250 -0.0053451
 0.0002770 -0.0052928
 0.0007898 -0.0050207
 0.0011208 -0.0045943
 0.0015465 -0.0043630
 0.0017140 -0.0036908
 0.0020382 -0.0029986
 0.0023265 -0.0023278
 0.0024462 -0.0016812
 0.0026489 -0.0010590
 0.0027241 -0.0004886
 0.0028081 -0.0000220
 0.0029795  0.0005239
 0.0031665  0.0007954
 0.0032091  0.0011094
 0.0034462  0.0014637
 0.0034760  0.0018380
 0.0032748  0.0021646
 0.0031264  0.0022750
 0.0028966  0.0026268
 0.0023495  0.0027006
 0.0018909  0.0029816
 0.0013889  0.0031488
 0.0010928  0.0030128
 0.0007257  0.0031135
 0.0005253  0.0030228
 0.0004260  0.0033004
 0.0004562  0.0034211
 0.0007433  0.0032886
 0.0009153  0.0030760
 0.0011333  0.0030794
 0.0009397  0.0031041
 0.0007701  0.0028059
 0.0003939  0.0026787
-0.0000104  0.0025692
-0.0002901  0.0022774
-0.0004649  0.0022775
-0.0006553  0.0024342
-0.0006803  0.0025626
-0.0006510  0.0026322
-0.0006610  0.0028398
-0.0008367  0.0029211
-0.0009595  0.0030697
-0.0009684  0.0031134
-0.0011283  0.0028804
-0.0013569  0.0027712
-0.0015079  0.0024189
-0.0018654  0.0019625
-0.0021288  0.0016957
-0.0025195  0.0012044
-0.0028556  0.0008446
-0.0028059  0.0005991
-0.0031917  0.0003593
-0.0033249 -0.0000623
-0.0033654 -0.0005972
-0.0034707 -0.0009804
-0.0035860 -0.0014973
-0.0035838 -0.0016489
-0.0036148 -0.0016422
-0.0033691 -0.0015201
-0.0031259 -0.0011523
-0.0029445 -0.0008860
-0.0025053 -0.0006504
-0.0021555 -0.0003925
-0.0019214 -0.0003931
-0.0013162 -0.0003391
-0.0012828 -0.0004650
-0.0010355 -0.0005643
-0.0005255 -0.0007371
-0.0003144 -0.0005755
 0.0002802 -0.0005353
 0.0006893 -0.0003297
 0.0011981 -0.0000218
 0.0017029  0.0000564
 0.0018891  0.0001036
 0.0021327  0.0003188
 0.0020835  0.0001270
 0.0022073  0.0000682
 0.0020646 -0.0002332
 0.0021520 -0.0003121
 0.0019495 -0.0005259
 0.0017756 -0.0005509
 0.0018633 -0.0006834
 0.0017208 -0.0007221
 0.0019132 -0.0008649
 0.0022473 -0.0007582
 0.0025618 -0.0005992
 0.0028592 -0.0002860
 0.0029961  0.0003301
 0.0031720  0.0010335
 0.0031123  0.0016380
 0.0030375  0.0021892
 0.0028430  0.0026144
 0.0025775  0.0028047
 0.0025925  0.0029704
 0.0024596  0.0032230
 0.0026118  0.0035058
 0.0025246  0.0038901
 0.0023561  0.0043166
 0.0022922  0.0047280
 0.0020144  0.0051790
 0.0017792  0.0054483
 0.0016723  0.0056989
 0.0016440  0.0058829
 0.0015507  0.0058283
 0.0017839  0.0060555
 0.0017220  0.0060503
 0.0016058  0.0058548
 0.0011341  0.0058254
 0.0009931  0.0055175
 0.0005770  0.0054084
 0.0002468  0.0053828
 0.0000638  0.0051720
-0.0001032  0.0049829
-0.0002462  0.0046040
-0.0001165  0.0042070
-0.0001515  0.0037757
-0.0000763  0.0032692
 0.0000698  0.0028805
-0.0001073  0.0027379
-0.0002313  0.0025144
-0.0004961  0.0023825
-0.0008034  0.0021613
-0.0007849  0.0018623
-0.0011457  0.0016351
-0.0012133  0.0015360
-0.0013905  0.0013964
-0.0014655  0.0013815
-0.0016840  0.0013594
-0.0020540  0.0014406
-0.0022845  0.0014967
-0.0026321  0.0014016
-0.0027968  0.0012407
-0.0031089  0.0009332
-0.0032270  0.0007830
-0.0033589  0.0007511
-0.0036056  0.0006973
-0.0037124  0.0008031
-0.0038811  0.0009704
-0.0039878  0.0013108
-0.0039650  0.0013985
-0.0038661  0.0014726
-0.0038083  0.0015418
-0.0038837  0.0013143
-0.0040678  0.0010877
-0.0041800  0.0005162
-0.0040160  0.0001322
-0.0038600 -0.0002087
-0.0034141 -0.0004129
-0.0030104 -0.0001108
-0.0023909  0.0001359
-0.0019527  0.0006527
-0.0016220  0.0009533
-0.0013521  0.0013110
-0.0009335  0.0013850
-0.0007702  0.0014894
-0.0006657  0.0014788
-0.0007406  0.0012445
-0.0007344  0.0011928
-0.0005556  0.0010888
-0.0005960  0.0010018
-0.0003876  0.0009716
-0.0003218  0.0009774
-0.0000524  0.0008266
 0.0000798  0.0006593
 0.0003057  0.0005895
 0.0005146  0.0002976
 0.0007412  0.0001213
 0.0007414  0.0000612
 0.0008810 -0.0000484
 0.0006869 -0.0001188
 0.0007450 -0.0001211
 0.0007682 -0.0001607
 0.0010337 -0.0000117
 0.0011705  0.0000319
 0.0014913  0.0004252
 0.0018067  0.0007133
 0.0018106  0.0011205
 0.0019677  0.0015624
 0.0020121  0.0020539
 0.0019027  0.0023255
 0.0016883  0.0023710
 0.0016387  0.0026895
 0.0013974  0.0025044
 0.0011241  0.0023441
 0.0009815  0.0020549
 0.0006199  0.0020463
 0.0003826  0.0020942
 0.0000284  0.0022058
-0.0001072  0.0024605
-0.0004121  0.0024333
-0.0005934  0.0025950
-0.0007685  0.0024012
-0.0009491  0.0022726
-0.0008846  0.0019545
-0.0010307  0.0017695
-0.0012155  0.0017548
-0.0013591  0.0016449
-0.0019897  0.0015376
-0.0022675  0.0016963
-0.0025348  0.0014161
-0.0029681  0.0009775
-0.0029448  0.0005693
-0.0030824  0.0002627
-0.0030511 -0.0001622
-0.0029674 -0.0004624
-0.0030444 -0.0006008
-0.0032378 -0.0009222
-0.0032436 -0.0011589
-0.0030580 -0.0015100
-0.0030723 -0.0016937
-0.0029859 -0.0022196
-0.0029976 -0.0025361
-0.0026475 -0.0027978
-0.0023756 -0.0030504
-0.0022581 -0.0034548
-0.0020132 -0.0035950
-0.0020042 -0.0040103
-0.0019140 -0.0041867
-0.0019531 -0.0046780
-0.0017057 -0.0048153
-0.0015064 -0.0053853
-0.0012387 -0.0056335
-0.0005926 -0.0057146
-0.0001164 -0.0061949
 0.0004624 -0.0063112
 0.0011064 -0.0067712
 0.0016304 -0.0072070
 0.0024030 -0.0074633
 0.0031323 -0.0075575
 0.0038351 -0.0072996
 0.0045772 -0.0069176
 0.0048594 -0.0063872
 0.0051075 -0.0059455
 0.0050198 -0.0053893
 0.0048368 -0.0051170
 0.0043176 -0.0048091
 0.0041397 -0.0045373
 0.0040219 -0.0044045
 0.0035383 -0.0043045
 0.0036918 -0.0040453
 0.0036396 -0.0038874
 0.0037399 -0.0037644
 0.0039465 -0.0035561
 0.0041674 -0.0033466
 0.0042723 -0.0032477
 0.0044212 -0.0028837
 0.0047309 -0.0026700
 0.0047865 -0.0023461
 0.0050916 -0.0020722
 0.0055389 -0.0019539
 0.0058861 -0.0015594
 0.0062695 -0.0009332
 0.0064647 -0.0004323
 0.0064869  0.0004611
 0.0066325  0.0011009
 0.0064851  0.0016073
 0.0063277  0.0021531
 0.0059361  0.0025684
 0.0055380  0.0027908
 0.0050327  0.0032236
 0.0045336  0.0035237
 0.0038993  0.0037292
 0.0035850  0.0040014
 0.0032609  0.0042444
 0.0029701  0.0043024
 0.0028740  0.0045789
 0.0027033  0.0046490
 0.0025720  0.0046833
 0.0023870  0.0046549
 0.0022011  0.0044551
 0.0019890  0.0042908
 0.0017450  0.0042243
 0.0012040  0.0037495
 0.0008350  0.0037451
 0.0005554  0.0036978
 0.0004550  0.0035826
 0.0002362  0.0037979
 0.0003193  0.0039501
 0.0004839  0.0042717
 0.0005857  0.0047428
 0.0005543  0.0052020
 0.0005097  0.0054567
 0.0005354  0.0057696
 0.0004075  0.0061144
 0.0002653  0.0062894
-0.0000470  0.0061889
-0.0002839  0.0061269
-0.0006030  0.0055880
-0.0006300  0.0051521
-0.0006875  0.0048515
-0.0009035  0.0044848
-0.0010038  0.0042942
-0.0009584  0.0039815
-0.0013102  0.0035435
-0.0014540  0.0032000
-0.0016378  0.0027448
-0.0016484  0.0021875
-0.0017080  0.0019904
-0.0016950  0.0016764
-0.0016114  0.0014752
-0.0014635  0.0015331
-0.0010246  0.0015772
-0.0008472  0.0016963
-0.0004049  0.0020040
-0.0001579  0.0021934
 0.0000314  0.0024003
 0.0006840  0.0022508
 0.0010346  0.0022428
 0.0011039  0.0021845
 0.0013398  0.0019979
 0.0012779  0.0018863
 0.0011445  0.0021394
 0.0010857  0.0020393
 0.0009177  0.0020353
 0.0011589  0.0021041
 0.0012596  0.0018117
 0.0015484  0.0014564
 0.0016835  0.0012304
 0.0020019  0.0007557
 0.0019767  0.0002743
 0.0020122  0.0001978
 0.0021423 -0.0003633
 0.0019809 -0.0004759
 0.0020613 -0.0005843
 0.0019789 -0.0006915
 0.0020477 -0.0008533
 0.0023159 -0.0010074
 0.0026077 -0.0008734
 0.0029371 -0.0010187
 0.0034839 -0.0009799
 0.0041971 -0.0008717
 0.0043339 -0.0007252
 0.0046705 -0.0008491
 0.0050296 -0.0010586
 0.0052064 -0.0008714
 0.0056549 -0.0008180
 0.0059835 -0.0008815
 0.0061718 -0.0006720
 0.0063688 -0.0008434
 0.0063211 -0.0011695
 0.0062658 -0.0014413
 0.0062303 -0.0017336
 0.0062411 -0.0020562
 0.0060471 -0.0019087
 0.0057977 -0.0017181
 0.0054690 -0.0014480
 0.0050595 -0.0010244
 0.0048345 -0.0006390
 0.0044453 -0.0001742
 0.0040529  0.0002607
 0.0037530  0.0002503
 0.0034324  0.0006799
 0.0029260  0.0009623
 0.0023151  0.0012167
 0.0016577  0.0014649
 0.0011361  0.0013339
 0.0006064  0.0013225
 0.0001655  0.0010355
-0.0000948  0.0008693
-0.0002334  0.0006135
-0.0005769  0.0003854
-0.0006828  0.0004454
-0.0009084  0.0003398
-0.0013057  0.0005400
-0.0015998  0.0006168
-0.0018699  0.0009169
-0.0020032  0.0010250
-0.0021490  0.0008266
-0.0020481  0.0007947
-0.0020190  0.0004519
-0.0019146 -0.0000129
-0.0018845 -0.0004603
-0.0018312 -0.0010860
-0.0017960 -0.0015650
-0.0016399 -0.0020365
-0.0015330 -0.0023951
-0.0016231 -0.0026109
-0.0015828 -0.0026492
-0.0015322 -0.0023790
-0.0016094 -0.0024733
-0.0017076 -0.0023559
-0.0016657 -0.0024145
-0.0014115 -0.0026558
-0.0012062 -0.0027882
-0.0008398 -0.0026409
-0.0005000 -0.0027816
-0.0003082 -0.0026239
-0.0000869 -0.0021482
 0.0000299 -0.0017824
 0.0000702 -0.0013965
 0.0001429 -0.0009856
 0.0001354 -0.0007247
 0.0000691 -0.0002405
-0.0003297 -0.0001943
-0.0005009  0.0000116
-0.0005526  0.0001547
-0.0005283  0.0003823
-0.0003119  0.0002063
 0.0000301  0.0002740
 0.0003751  0.0002298
 0.0007366  0.0000686
 0.0011145  0.0000314
 0.0013580 -0.0000988
 0.0015150 -0.0003301
 0.0017289 -0.0002397
 0.0018828 -0.0002216
 0.0019145 -0.0000017
 0.0021364  0.0003394
 0.0023907  0.0007001
 0.0027720  0.0008565
 0.0030451  0.0011115
 0.0036028  0.0010688
 0.0038890  0.0014729
 0.0040736  0.0013486
 0.0040768  0.0015417
 0.0038747  0.0018486
 0.0038211  0.0022119
 0.0037180  0.0023309
 0.0035863  0.0027897
 0.0036826  0.0028411
 0.0036798  0.0030365
 0.0037517  0.0032614
 0.0037175  0.0035395
 0.0036879  0.0038048
 0.0035836  0.0038551
 0.0033273  0.0039253
 0.0029708  0.0037902
 0.0025483  0.0036969
 0.0020687  0.0035047
 0.0016804  0.0033113
 0.0012600  0.0030974
 0.0008558  0.0027678
 0.0005648  0.0023805
 0.0004163  0.0018270
-0.0000579  0.0012631
-0.0001530  0.0006680
-0.0002432  0.0001833
-0.0004670 -0.0000612
-0.0007531 -0.0001269
-0.0010420  0.0000317
-0.0012494  0.0002280
-0.0016806  0.0000782
-0.0020723  0.0003183
-0.0024327  0.0001552
-0.0030018 -0.0000873
-0.0032337 -0.0003514
-0.0034362 -0.0007406
-0.0034566 -0.0011872
-0.0034075 -0.0012914
-0.0032907 -0.0014955
-0.0029833 -0.0018232
-0.0026640 -0.0016983
-0.0021136 -0.0018626
-0.0018456 -0.0019361
-0.0015665 -0.0017025
-0.0015148 -0.0021172
-0.0015298 -0.0020446
-0.0015393 -0.0023196
-0.0014067 -0.0027738
-0.0010884 -0.0032140
-0.0007008 -0.0033137
-0.0001878 -0.0037606
 0.0002587 -0.0038618
 0.0006371 -0.0038736
 0.0008861 -0.0041010
 0.0009566 -0.0040989
 0.0012039 -0.0037528
 0.0012164 -0.0035746
 0.0011906 -0.0031665
 0.0013206 -0.0028122
 0.0015417 -0.0026388
 0.0018284 -0.0023985
 0.0018763 -0.0021598
 0.0019622 -0.0020301
 0.0017787 -0.0017235
 0.0016432 -0.0015312
 0.0011488 -0.0015413
 0.0009234 -0.0014053
 0.0007903 -0.0016662
 0.0007134 -0.0021796
 0.0007614 -0.0026753
 0.0008377 -0.0031577
 0.0011318 -0.0036056
 0.0013170 -0.0038789
 0.0015557 -0.0043616
 0.0017038 -0.0044706
 0.0021715 -0.0047856
 0.0024327 -0.0047962
 0.0027806 -0.0050472
 0.0030920 -0.0049040
 0.0034592 -0.0046697
 0.0037135 -0.0042360
 0.0038097 -0.0034889
 0.0041009 -0.0028855
 0.0041525 -0.0020476
 0.0041687 -0.0011732
 0.0042598 -0.0007821
 0.0041650 -0.0002764
 0.0039946 -0.0001058
 0.0038657  0.0001992
 0.0036539  0.0000946
 0.0035248  0.0001818
 0.0034925  0.0003348
 0.0033184  0.0004066
 0.0036385  0.0004084
 0.0039280  0.0003704
 0.0042818  0.0004485
 0.0047720  0.0007292
 0.0050649  0.0007310
 0.0054863  0.0012849
 0.0056030  0.0013746
 0.0054056  0.0015436
 0.0052625  0.0018885
 0.0047431  0.0018257
 0.0043247  0.0018377
 0.0040208  0.0017836
 0.0038255  0.0015494
 0.0039226  0.0017734
 0.0040063  0.0021537
 0.0040783  0.0023509
 0.0040051  0.0026032
 0.0036891  0.0026834
 0.0033472  0.0022396
 0.0027924  0.0019106
 0.0024886  0.0013584
 0.0021436  0.0007887
 0.0018747  0.0008415
 0.0014466  0.0005234
 0.0008641  0.0004595
 0.0002479  0.0001973
-0.0003757 -0.0000469
-0.0009154 -0.0002727
-0.0014101 -0.0007598
-0.0018902 -0.0009366
-0.0023032 -0.0012660
-0.0027276 -0.0014811
-0.0030133 -0.0018748
-0.0033750 -0.0020044
-0.0036399 -0.0023588
-0.0038225 -0.0025772
-0.0038380 -0.0029023
-0.0035277 -0.0030840
-0.0031242 -0.0030106
-0.0024854 -0.0028803
-0.0018852 -0.0027574
-0.0013003 -0.0022596
-0.0010712 -0.0017521
-0.0011188 -0.0011833
-0.0010710 -0.0008855
-0.0011140 -0.0008263
-0.0009913 -0.0009962
-0.0006752 -0.0013074
-0.0001737 -0.0016012
 0.0003296 -0.0017834
 0.0008164 -0.0020504
 0.0010806 -0.0019447
 0.0011137 -0.0019690
 0.0009474 -0.0019373
 0.0010212 -0.0017566
 0.0009149 -0.0016356
 0.0010498 -0.0014401
 0.0014131 -0.0012405
 0.0017779 -0.0009775
 0.0020534 -0.0007942
 0.0023369 -0.0003047
 0.0026115  0.0000031
 0.0028586  0.0003547
 0.0032327  0.0008153
 0.0032680  0.0012826
 0.0034173  0.0015513
 0.0032641  0.0019677
 0.0029593  0.0019889
 0.0029508  0.0020264
 0.0026501  0.0021586
 0.0024541  0.0019794
 0.0023567  0.0020465
 0.0022956  0.0019527
 0.0020328  0.0018851
 0.0018360  0.0018946
 0.0017456  0.0017742
 0.0017401  0.0016684
 0.0016907  0.0017977
 0.0018328  0.0017333
 0.0017318  0.0020092
 0.0017717  0.0020887
 0.0015515  0.0019548
 0.0011086  0.0018352
 0.0008841  0.0014540
 0.0003258  0.0010415
 0.0000618  0.0004726
-0.0002609 -0.0000850
-0.0004271 -0.0003864
-0.0004485 -0.0007115
-0.0003187 -0.0007503
-0.0001898 -0.0006616
 0.0000908 -0.0003333
 0.0003129  0.0002187
 0.0003891  0.0008063
 0.0003157  0.0013700
 0.0001603  0.0016085
-0.0001774  0.0019029
-0.0003463  0.0020132
-0.0004264  0.0020938
-0.0004546  0.0020767
-0.0004828  0.0020537
-0.0005850  0.0020387
-0.0004396  0.0017163
-0.0006191  0.0015085
-0.0007328  0.0011148
-0.0006140  0.0010188
-0.0010207  0.0008795
-0.0013003  0.0008241
-0.0013757  0.0008259
-0.0016741  0.0007042
-0.0018469  0.0006053
-0.0019550  0.0003387
-0.0022551  0.0001865
-0.0025542 -0.0000870
-0.0029251 -0.0002548
-0.0031361 -0.0004337
-0.0034137 -0.0006065
-0.0035245 -0.0008331
-0.0035324 -0.0007110
-0.0034009 -0.0008652
-0.0030732 -0.0011510
-0.0025715 -0.0012536
-0.0018318 -0.0017462
-0.0009092 -0.0020564
-0.0000952 -0.0024258
 0.0009539 -0.0027422
 0.0015360 -0.0029722
 0.0020066 -0.0028480
 0.0021644 -0.0027788
 0.0020004 -0.0026628
 0.0017339 -0.0023914
 0.0013482 -0.0024167
 0.0008769 -0.0023766
 0.0005968 -0.0024283
 0.0002551 -0.0026665
 0.0001590 -0.0027433
-0.0002790 -0.0027674
-0.0003981 -0.0026997
-0.0005799 -0.0025429
-0.0008733 -0.0020453
-0.0009089 -0.0019349
-0.0007466 -0.0017620
-0.0005946 -0.0015690
-0.0004097 -0.0018069
-0.0000165 -0.0018342
 0.0003414 -0.0020173
 0.0004985 -0.0022498
 0.0007234 -0.0025738
 0.0009227 -0.0027290
 0.0012285 -0.0029885
 0.0014404 -0.0029403
 0.0019210 -0.0026406
 0.0022752 -0.0024242
 0.0027052 -0.0016507
 0.0029958 -0.0009603
 0.0033385 -0.0004155
 0.0034403  0.0000636
 0.0034474  0.0005010
 0.0033966  0.0006132
 0.0034453  0.0002169
 0.0032981 -0.0000109
 0.0033055 -0.0001769
 0.0030241 -0.0005615
 0.0028215 -0.0004041
 0.0024741 -0.0005043
 0.0021322 -0.0001727
 0.0019553  0.0001805
 0.0016621  0.0004045
 0.0014191  0.0007337
 0.0011529  0.0009953
 0.0008158  0.0011526
 0.0005122  0.0012044
 0.0002839  0.0010028
 0.0000026  0.0008413
-0.0002210  0.0008429
 0.0000205  0.0004918
 0.0001243  0.0002207
 0.0002214  0.0000145
 0.0002097 -0.0000151
 0.0003627 -0.0001739
 0.0001196 -0.0000600
 0.0000251 -0.0001382
-0.0003595  0.0000128
-0.0006872 -0.0000890
-0.0007938 -0.0002093
-0.0010218 -0.0000982
-0.0012050 -0.0001723
-0.0012355 -0.0001795
-0.0014851 -0.0000302
-0.0017439 -0.0001783
-0.0021373 -0.0003028
-0.0023801 -0.0004792
-0.0025725 -0.0006382
-0.0026104 -0.0007104
-0.0025618 -0.0009800
-0.0023426 -0.0011134
-0.0021338 -0.0011878
-0.0018599 -0.0013796
-0.0015333 -0.0017841
-0.0014398 -0.0019490
-0.0012119 -0.0024248
-0.0010888 -0.0027113
-0.0008880 -0.0029239
-0.0008297 -0.0031450
-0.0009661 -0.0034775
-0.0013632 -0.0036710
-0.0016894 -0.0039625
-0.0020189 -0.0041944
-0.0027266 -0.0043483
-0.0028912 -0.0042568
-0.0030989 -0.0043914
-0.0031514 -0.0043362
-0.0028731 -0.0042074
-0.0023890 -0.0041193
-0.0017085 -0.0039278
-0.0010239 -0.0039104
-0.0000639 -0.0035340
 0.0003277 -0.0033933
 0.0007529 -0.0030052
 0.0010324 -0.0029273
 0.0011358 -0.0028751
 0.0012271 -0.0028757
 0.0011643 -0.0029911
 0.0012379 -0.0028506
 0.0014020 -0.0027649
 0.0013083 -0.0028448
 0.0013535 -0.0027877
 0.0015044 -0.0027964
 0.0016797 -0.0026825
 0.0018569 -0.0025253
 0.0022795 -0.0019347
 0.0022655 -0.0013466
 0.0020741 -0.0007098
 0.0018494  0.0001468
 0.0011808  0.0006038
 0.0006424  0.0011863
 0.0001321  0.0012400
-0.0001985  0.0013424
-0.0002237  0.0015012
-0.0003175  0.0017665
-0.0002639  0.0024309
-0.0004662  0.0029544
-0.0007895  0.0035977
-0.0012419  0.0040973
-0.0015102  0.0042366
-0.0017153  0.0042385
-0.0018173  0.0040335
-0.0016164  0.0037170
-0.0013171  0.0033889
-0.0010430  0.0033399
-0.0008265  0.0032098
-0.0005557  0.0033005
-0.0005883  0.0037109
-0.0007073  0.0041325
-0.0008715  0.0045332
-0.0011812  0.0049909
-0.0014543  0.0054138
-0.0015990  0.0055292
-0.0015358  0.0057883
-0.0017086  0.0057403
-0.0017985  0.0056742
-0.0020355  0.0054006
-0.0023239  0.0049876
-0.0024918  0.0044432
-0.0025867  0.0039210
-0.0027920  0.0033093
-0.0028539  0.0027824
-0.0026954  0.0024321
-0.0025961  0.0020349
-0.0023475  0.0016338
-0.0020130  0.0013488
-0.0015169  0.0008953
-0.0012938  0.0004058
-0.0011670 -0.0002123
-0.0010234 -0.0005980
-0.0013424 -0.0011428
-0.0016834 -0.0015674
-0.0018562 -0.0018765
-0.0021179 -0.0023368
-0.0022551 -0.0027421
-0.0021656 -0.0029362
-0.0019584 -0.0030442
-0.0017721 -0.0028956
-0.0016815 -0.0027432
-0.0016111 -0.0025523
-0.0015917 -0.0021149
-0.0015489 -0.0018900
-0.0016917 -0.0015496
-0.0013284 -0.0013522
-0.0010741 -0.0012606
-0.0008868 -0.0008941
-0.0005693 -0.0008473
-0.0005946 -0.0008288
-0.0007619 -0.0009113
-0.0008319 -0.0010268
-0.0010929 -0.0013367
-0.0013602 -0.0014751
-0.0013910 -0.0017399
-0.0013791 -0.0022440
-0.0014246 -0.0023869
-0.0012354 -0.0024822
-0.0009530 -0.0026729
-0.0006563 -0.0026503
-0.0002835 -0.0026609
 0.0000230 -0.0026726
 0.0006983 -0.0024649
 0.0012120 -0.0022408
 0.0014774 -0.0019817
 0.0016761 -0.0017269
 0.0016104 -0.0013607
 0.0014355 -0.0011956
 0.0013830 -0.0008326
 0.0014365 -0.0005933
 0.0014126 -0.0002315
 0.0015697  0.0003756
 0.0017771  0.0008216
 0.0019264  0.0014085
 0.0021615  0.0017314
 0.0023567  0.0019071
 0.0022096  0.0020571
 0.0024134  0.0018949
 0.0026458  0.0015293
 0.0029056  0.0013615
 0.0028112  0.0010363
 0.0027109  0.0011224
 0.0021665  0.0010990
 0.0017289  0.0009866
 0.0011660  0.0009465
 0.0006343  0.0008698
 0.0001785  0.0006306
-0.0001415  0.0002323
-0.0004222  0.0002093
-0.0005298 -0.0001326
-0.0009975 -0.0001593
-0.0011004 -0.0001849
-0.0010002  0.0001424
-0.0011171  0.0006361
-0.0009924  0.0014756
-0.0009149  0.0019502
-0.0010581  0.0021985
-0.0010008  0.0024919
-0.0009293  0.0023975
-0.0012350  0.0023794
-0.0012136  0.0023118
-0.0013161  0.0021440
-0.0016083  0.0019733
-0.0018931  0.0018899
-0.0023931  0.0016785
-0.0028530  0.0011105
-0.0031468  0.0007159
-0.0033972  0.0004271
-0.0036138  0.0001124
-0.0038117  0.0000485
-0.0039493  0.0000763
-0.0041606  0.0001017
-0.0043027  0.0004047
-0.0044099  0.0005689
-0.0046897  0.0007309
-0.0047681  0.0009850
-0.0048822  0.0009029
-0.0047327  0.0008603
-0.0046752  0.0006613
-0.0044388  0.0002862
-0.0043152 -0.0000011
-0.0040406 -0.0003243
-0.0039164 -0.0008173
-0.0038920 -0.0010327
-0.0037753 -0.0013157
-0.0037040 -0.0017022
-0.0031775 -0.0019186
-0.0026817 -0.0020118
-0.0023220 -0.0022033
-0.0016783 -0.0018988
-0.0014358 -0.0018788
-0.0010297 -0.0013591
-0.0007511 -0.0012930
-0.0003763 -0.0011216
-0.0000062 -0.0009811
 0.0004874 -0.0005230
 0.0005908 -0.0004537
 0.0007306 -0.0002862
 0.0008284 -0.0001318
 0.0010086 -0.0000084
 0.0007923  0.0001524
 0.0008978  0.0002525
 0.0008126  0.0002626
 0.0006208  0.0004754
 0.0008617  0.0005535
 0.0009027  0.0004774
 0.0010306  0.0005820
 0.0012187  0.0005242
 0.0014653  0.0006328
 0.0015847  0.0007846
 0.0019928  0.0011084
 0.0019515  0.0013295
 0.0021755  0.0016706
 0.0023483  0.0018840
 0.0022439  0.0020197
 0.0021387  0.0023441
 0.0019753  0.0024874
 0.0016093  0.0025814
 0.0013895  0.0026271
 0.0012274  0.0025204
 0.0010649  0.0023087
 0.0010295  0.0020057
 0.0008207  0.0018409
 0.0004133  0.0016250
-0.0000567  0.0016814
-0.0007931  0.0016176
-0.0015367  0.0015589
-0.0020199  0.0016132
-0.0025845  0.0015007
-0.0027445  0.0014582
-0.0027574  0.0014441
-0.0025912  0.0012350
-0.0023466  0.0010936
-0.0021242  0.0010097
-0.0020189  0.0009155
-0.0020468  0.0007701
-0.0023523  0.0006348
-0.0026626  0.0003890
-0.0029079  0.0000929
-0.0032272 -0.0003476
-0.0034144 -0.0009396
-0.0033774 -0.0013647
-0.0031259 -0.0019444
-0.0029988 -0.0023329
-0.0025418 -0.0024226
-0.0022135 -0.0023185
-0.0021931 -0.0019794
-0.0023263 -0.0015912
-0.0021594 -0.0012262
-0.0022545 -0.0009298
-0.0025065 -0.0008128
-0.0023363 -0.0007272
-0.0025399 -0.0007915
-0.0026321 -0.0005748
-0.0028941 -0.0004630
-0.0030886 -0.0004965
-0.0030715 -0.0003927
-0.0030439 -0.0004919
-0.0028588 -0.0003432
-0.0023717 -0.0004158
-0.0019793 -0.0005206
-0.0014607 -0.0004031
-0.0008511 -0.0003766
-0.0001817 -0.0004173
 0.0002713 -0.0002674
 0.0008656  0.0000891
 0.0013100  0.0002131
 0.0015228  0.0003305
 0.0017531  0.0003811
 0.0016743  0.0003935
 0.0017915  0.0002890
 0.0018604  0.0000420
 0.0017996 -0.0007946
 0.0015688 -0.0011355
 0.0014895 -0.0016345
 0.0012016 -0.0021163
 0.0009287 -0.0023100
 0.0008862 -0.0023276
 0.0007263 -0.0021137
 0.0006392 -0.0019808
 0.0008718 -0.0016947
 0.0008382 -0.0013069
 0.0009193 -0.0009155
 0.0009711 -0.0008715
 0.0007517 -0.0005282
 0.0006206 -0.0003733
 0.0004975 -0.0002826
 0.0002370 -0.0001607
 0.0001751  0.0000827
 0.0002118  0.0005418
 0.0004276  0.0006612
 0.0007488  0.0011930
 0.0009367  0.0015336
 0.0013500  0.0016042
 0.0012651  0.0017186
 0.0013499  0.0015668
 0.0013836  0.0013167
 0.0014404  0.0012993
 0.0016758  0.0015509
 0.0018298  0.0018289
 0.0021431  0.0026268
 0.0025036  0.0033298
 0.0028320  0.0040419
 0.0029334  0.0047991
 0.0028776  0.0051616
 0.0026173  0.0056314
 0.0023825  0.0058606
 0.0020507  0.0059376
 0.0017415  0.0059989
 0.0016746  0.0058889
 0.0015704  0.0054628
 0.0018445  0.0052091
 0.0020281  0.0047329
 0.0023072  0.0043639
 0.0025563  0.0043868
 0.0027816  0.0042685
 0.0027976  0.0043866
 0.0028498  0.0045853
 0.0026413  0.0047746
 0.0021907  0.0049093
 0.0017606  0.0051511
 0.0013802  0.0049683
 0.0007750  0.0046023
 0.0001315  0.0043771
-0.0004202  0.0039538
-0.0012133  0.0039835
-0.0019791  0.0039273
-0.0025044  0.0036266
-0.0028266  0.0038145
-0.0030609  0.0039494
-0.0029431  0.0038981
-0.0027379  0.0041149
-0.0023823  0.0041675
-0.0022420  0.0041182
-0.0021224  0.0041618
-0.0022310  0.0040213
-0.0023894  0.0036508
-0.0025668  0.0033009
-0.0024429  0.0026501
-0.0023844  0.0021157
-0.0021385  0.0017042
-0.0019479  0.0011962
-0.0015923  0.0009229
-0.0011499  0.0005712
-0.0009430  0.0003862
-0.0004952 -0.0001085
-0.0000966 -0.0004024
 0.0001370 -0.0005721
 0.0002914 -0.0007708
 0.0001968 -0.0006082
 0.0001387 -0.0006471
-0.0002239 -0.0005525
-0.0004320 -0.0005013
-0.0007315 -0.0007494
-0.0008197 -0.0006615
-0.0007485 -0.0008756
-0.0005858 -0.0008162
-0.0002237 -0.0008554
 0.0002090 -0.0009010
 0.0005328 -0.0008340
 0.0007654 -0.0006907
 0.0011158 -0.0007284
 0.0012381 -0.0007584
 0.0014559 -0.0009278
 0.0017338 -0.0009276
 0.0020371 -0.0011170
 0.0025039 -0.0009445
 0.0031624 -0.0007358
 0.0035493 -0.0005234
 0.0039507 -0.0000874
 0.0039921 -0.0000879
 0.0040190 -0.0000565
 0.0039782 -0.0002047
 0.0038545 -0.0005872
 0.0036627 -0.0008851
 0.0035290 -0.0011122
 0.0030308 -0.0009487
 0.0026147 -0.0005921
 0.0021609 -0.0001810
 0.0018481  0.0001795
 0.0013906  0.0008956
 0.0012371  0.0015438
 0.0010122  0.0019544
 0.0007048  0.0027225
 0.0005533  0.0030743
 0.0004787  0.0033998
 0.0001111  0.0036934
 0.0000172  0.0039912
-0.0003634  0.0041212
-0.0008302  0.0044460
-0.0010681  0.0043839
-0.0015380  0.0040442
-0.0020995  0.0037994
-0.0022296  0.0031196
-0.0025934  0.0023105
-0.0030036  0.0019433
-0.0031749  0.0013710
-0.0036048  0.0010816
-0.0037339  0.0007538
-0.0036142  0.0005573
-0.0036371  0.0004258
-0.0032526  0.0005840
-0.0028195  0.0005916
-0.0023346  0.0005103
-0.0018202  0.0006026
-0.0013354  0.0004397
-0.0010410  0.0005694
-0.0008484  0.0006961
-0.0007076  0.0007282
-0.0009458  0.0008520
-0.0009114  0.0009720
-0.0012550  0.0008496
-0.0015085  0.0008310
-0.0015761  0.0005685
-0.0013549  0.0001535
-0.0012743 -0.0001937
-0.0008198 -0.0005219
-0.0003688 -0.0008249
-0.0003746 -0.0008938
-0.0002117 -0.0010822
-0.0002685 -0.0013435
-0.0004884 -0.0010019
-0.0006229 -0.0010363
-0.0006648 -0.0009222
-0.0009750 -0.0009627
-0.0006769 -0.0011315
-0.0003960 -0.0011435
-0.0000020 -0.0012461
 0.0004670 -0.0012225
 0.0008670 -0.0011975
 0.0011539 -0.0013943
 0.0015058 -0.0014973
 0.0016119 -0.0016008
 0.0016645 -0.0015833
 0.0016219 -0.0017364
 0.0016047 -0.0017270
 0.0015630 -0.0020056
 0.0016391 -0.0022337
 0.0017453 -0.0024872
 0.0019875 -0.0026774
 0.0021651 -0.0028265
 0.0022336 -0.0029138
 0.0023424 -0.0026457
 0.0022699 -0.0024657
 0.0020342 -0.0023505
 0.0019703 -0.0020929
 0.0019578 -0.0022221
 0.0020744 -0.0018580
 0.0026020 -0.0017843
 0.0029736 -0.0016110
 0.0034627 -0.0011944
 0.0039670 -0.0007091
 0.0042288 -0.0004414
 0.0046897 -0.0000796
 0.0050501  0.0000509
 0.0054019  0.0003886
 0.0055185  0.0004915
 0.0057569  0.0006562
 0.0059514  0.0008117
 0.0060397  0.0014302
 0.0063109  0.0013973
 0.0060846  0.0015527
 0.0060093  0.0018486
 0.0057107  0.0018443
 0.0051709  0.0020752
 0.0044747  0.0023105
 0.0038106  0.0022718
 0.0030875  0.0023127
 0.0025403  0.0024376
 0.0022530  0.0022601
 0.0020272  0.0021272
 0.0020900  0.0020847
 0.0021480  0.0017917
 0.0017980  0.0016117
 0.0017693  0.0015222
 0.0013480  0.0012247
 0.0008787  0.0011933
 0.0006671  0.0011975
 0.0003133  0.0011430
 0.0001899  0.0013553
-0.0000282  0.0013542
-0.0003041  0.0015551
-0.0006810  0.0016265
-0.0011013  0.0018136
-0.0016463  0.0016609
-0.0020253  0.0015970
-0.0020779  0.0015810
-0.0022722  0.0014821
-0.0020529  0.0014369
-0.0017412  0.0012863
-0.0015674  0.0010803
-0.0010725  0.0009371
-0.0007336  0.0006847
-0.0006866  0.0004272
-0.0003016  0.0002300
-0.0002897  0.0002131
-0.0002298  0.0000557
-0.0002382 -0.0000635
-0.0003017 -0.0003125
-0.0007209 -0.0006159
-0.0011185 -0.0006520
-0.0014576 -0.0008842
-0.0017849 -0.0009038
-0.0019265 -0.0009490
-0.0022014 -0.0011265
-0.0021101 -0.0010414
-0.0017142 -0.0012689
-0.0015817 -0.0015621
-0.0011312 -0.0017734
-0.0008010 -0.0020488
-0.0003411 -0.0023299
 0.0000009 -0.0023306
 0.0003729 -0.0025466
 0.0004161 -0.0028829
 0.0006580 -0.0027591
 0.0008286 -0.0030520
 0.0007802 -0.0033703
 0.0008840 -0.0032609
 0.0006130 -0.0034364
 0.0004534 -0.0035353
 0.0002494 -0.0036146
 0.0001896 -0.0037529
 0.0001802 -0.0040216
 0.0002964 -0.0039849
 0.0006841 -0.0041446
 0.0007795 -0.0041785
 0.0010628 -0.0041530
 0.0013209 -0.0042609
 0.0014685 -0.0045183
 0.0017999 -0.0045231
 0.0022083 -0.0044230
 0.0023195 -0.0043027
 0.0024369 -0.0037739
 0.0026105 -0.0033653
 0.0025039 -0.0029383
 0.0025938 -0.0023175
 0.0028554 -0.0018986
 0.0030301 -0.0014592
 0.0036026 -0.0009216
 0.0037795 -0.0006056
 0.0038388  0.0000849
 0.0040261  0.0007483
 0.0041709  0.0012358
 0.0041654  0.0016722
 0.0042912  0.0021155
 0.0042822  0.0024226
 0.0042062  0.0026772
 0.0041438  0.0026704
 0.0037849  0.0026720
 0.0030101  0.0024310
 0.0023051  0.0022643
 0.0015302  0.0019511
 0.0006788  0.0016691
-0.0001310  0.0013484
-0.0007011  0.0012449
-0.0013719  0.0011487
-0.0017692  0.0011477
-0.0020209  0.0009937
-0.0021679  0.0011388
-0.0022095  0.0012074
-0.0022066  0.0011290
-0.0019556  0.0013058
-0.0016184  0.0010696
-0.0010700  0.0009589
-0.0008465  0.0008680
-0.0006159  0.0005344
-0.0005449  0.0001630
-0.0005713 -0.0002259
-0.0007346 -0.0009056
-0.0008604 -0.0013103
-0.0008599 -0.0017160
-0.0011089 -0.0021845
-0.0011886 -0.0025251
-0.0012602 -0.0029554
-0.0014549 -0.0033671
-0.0015248 -0.0039528
-0.0016183 -0.0044770
-0.0016535 -0.0049777
-0.0016565 -0.0051188
-0.0017881 -0.0053535
-0.0017428 -0.0055474
-0.0017893 -0.0052556
-0.0017585 -0.0051865
-0.0016724 -0.0051061
-0.0014659 -0.0047933
-0.0012785 -0.0046157
-0.0010562 -0.0041765
-0.0005866 -0.0036264
-0.0004519 -0.0031982
-0.0003005 -0.0027750
-0.0003226 -0.0024588
-0.0003291 -0.0020445
-0.0005195 -0.0019060
-0.0006858 -0.0018201
-0.0009707 -0.0016912
-0.0010481 -0.0017728
-0.0009907 -0.0017667
-0.0010616 -0.0018958
-0.0008597 -0.0018726
-0.0004639 -0.0018924
-0.0002871 -0.0020824
-0.0000681 -0.0020839
 0.0001606 -0.0019642
 0.0003333 -0.0022571
 0.0003098 -0.0023033
 0.0006288 -0.0022271
 0.0006796 -0.0022731
 0.0006886 -0.0021612
 0.0008467 -0.0020864
 0.0008891 -0.0017578
 0.0007934 -0.0015074
 0.0011113 -0.0013798
 0.0009747 -0.0010151
 0.0010417 -0.0006009
 0.0014721 -0.0003247
 0.0016034 -0.0001479
 0.0017551  0.0000113
 0.0019315  0.0001645
 0.0018314  0.0004031
 0.0016604  0.0008432
 0.0015561  0.0011199
 0.0013101  0.0013409
 0.0010510  0.0018721
 0.0010826  0.0021166
 0.0006590  0.0022106
 0.0008643  0.0021285
 0.0005318  0.0019594
 0.0005996  0.0018293
 0.0006963  0.0017424
 0.0005349  0.0016810
 0.0005572  0.0017664
 0.0005531  0.0018342
 0.0004330  0.0020186
 0.0003985  0.0018334
 0.0004004  0.0017878
 0.0003629  0.0016924
 0.0001177  0.0015212
 0.0002676  0.0010784
 0.0002478  0.0006235
 0.0004389  0.0004885
 0.0007583  0.0002892
 0.0010011  0.0001278
 0.0012842 -0.0000235
 0.0012347 -0.0000063
 0.0011749 -0.0001633
 0.0011645 -0.0002913
 0.0010019 -0.0003973
 0.0008223 -0.0004012
 0.0004899 -0.0005583
 0.0005004 -0.0007076
 0.0000656 -0.0007228
-0.0001248 -0.0007622
-0.0005486 -0.0009309
-0.0010793 -0.0010426
-0.0013456 -0.0010681
-0.0017625 -0.0010238
-0.0019514 -0.0008217
-0.0020403 -0.0008219
-0.0019399 -0.0007601
-0.0018722 -0.0009006
-0.0017822 -0.0011866
-0.0016002 -0.0015354
-0.0017600 -0.0019906
-0.0017718 -0.0021115
-0.0019358 -0.0027258
-0.0019657 -0.0030123
-0.0018242 -0.0030812
-0.0016862 -0.0032000
-0.0017854 -0.0031296
-0.0016986 -0.0032646
-0.0017310 -0.0033489
-0.0016427 -0.0034993
-0.0016420 -0.0036462
-0.0018697 -0.0036081
-0.0020239 -0.0036733
-0.0019383 -0.0034610
