[PARAMETERS]
DW=1E-007
TAU=0.00075
TD=4096
BS=4096
NS=128
NSC=128
FR=56.130000
GAIN=4.974204
D0=0.05
D1=7E-006
D2=1.4E-005
D3=2.5E-005
D4=1E-005
D5=5E-005
D6=0.001
D7=0.001
D8=0.001
D9=0.05
C0=1
SEGTD=0
SEGOFF=0
SEGNUM=0
[ADDITIONAL]
PPFILE=UK_TWO_T2_SOLID.PC
DATEWR=12.09.2024
TIMEWR=14:42:08
DATESTA=12.09.2024
TIMESTA=14:41:58
DATEEND=12.09.2024
TIMEEND=14:42:08
CURR_Z0=0
CURR_Z1=1
TE=-1
[VARIABLES]
_USER=Measurements
_EMAIL_F=7NMR.NMR-270-ijs.si
_ITC_H=1
_ITC_R0= 80.00
_ITC_R1= 79.94
_ITC_R2= 80.43
_ITC_R3=  0.00
_ITC_R4= -0.06
_ITC_V= 21.98
_ITC_X=X0A1C1S00H1
_FW=100
_ORIENT=?
_THETA=0
_TITLE=?
_DESCR1=?
_DESCR2=?
_FR_LARM=56.13000000
_FR_SYNT=526.13000000
_TRIMLEV=1.5673828125
_DATE=12.09.2024
_TIME=14:39:03
_ITC_DIR=I3I3
[PPFILE]
; pi/2 - pi/2


DELAY D9
PULSE [GT] 3u
PULSE [PHL1,GT] D1
DELAY TAU-3u
PULSE [GT] 3u
PULSE [PHL2,GT] D1
DELAY TAU-D3
PULSE [TR] 1u+DW
DELAY 1m
STOP

;PHL 1 [+X] [+X] [+Y] [+Y] [-X] [-X] [-Y] [-Y]
;PHL 2 [+Y] [-Y] [-X] [+X] [-Y] [+Y] [+X] [-X]
;!RLS +X+X+Y+Y-X-X-Y-Y

PHL 1 [+X] [+X] [-X] [-X] [+Y] [+Y] [-Y] [-Y] [+X] [+X] [-X] [-X] [+Y] [+Y] [-Y] [-Y]
PHL 2 [+Y] [-Y] [-Y] [+Y] [-X] [+X] [+X] [-X] [+X] [-X] [-X] [+X] [-Y] [+Y] [+Y] [-Y]
!RLS +X+X-X-X+Y+Y-Y-Y-X-X+X+X-Y-Y+Y+Y
[DATA]
 0.0115234 -0.0063900
 0.0108895 -0.0063230
 0.0106013 -0.0060343
 0.0104842 -0.0054598
 0.0100251 -0.0049317
 0.0106400 -0.0039817
 0.0108944 -0.0029030
 0.0103441 -0.0017120
 0.0102501 -0.0001710
 0.0096582  0.0009498
 0.0087372  0.0020862
 0.0083133  0.0030258
 0.0077157  0.0036362
 0.0072881  0.0044058
 0.0069167  0.0052363
 0.0067047  0.0057010
 0.0061087  0.0065126
 0.0062238  0.0072236
 0.0055383  0.0077033
 0.0055395  0.0082329
 0.0047122  0.0090501
 0.0042325  0.0096557
 0.0034820  0.0108535
 0.0023466  0.0119016
 0.0008532  0.0126772
-0.0002999  0.0136065
-0.0010489  0.0138281
-0.0019856  0.0135144
-0.0025860  0.0139888
-0.0025101  0.0134938
-0.0027588  0.0128834
-0.0024156  0.0124687
-0.0022606  0.0115018
-0.0023526  0.0105086
-0.0022928  0.0096701
-0.0021345  0.0086341
-0.0021248  0.0079218
-0.0023146  0.0074781
-0.0027502  0.0069783
-0.0031535  0.0066286
-0.0035771  0.0060137
-0.0037923  0.0050176
-0.0041589  0.0042607
-0.0047411  0.0035384
-0.0052979  0.0026478
-0.0056451  0.0016946
-0.0060735  0.0017596
-0.0059040  0.0018799
-0.0055422  0.0023847
-0.0050481  0.0032891
-0.0044925  0.0037554
-0.0046831  0.0042363
-0.0044804  0.0050830
-0.0046246  0.0050458
-0.0045225  0.0051997
-0.0042901  0.0048185
-0.0039764  0.0043652
-0.0040641  0.0042340
-0.0035526  0.0037963
-0.0035505  0.0031289
-0.0037540  0.0027288
-0.0033768  0.0017489
-0.0036315  0.0007113
-0.0035628  0.0003427
-0.0032668 -0.0000825
-0.0025373 -0.0005060
-0.0017128 -0.0007358
-0.0009841 -0.0010563
-0.0002949 -0.0014883
 0.0005530 -0.0017523
 0.0012103 -0.0022481
 0.0020054 -0.0023624
 0.0027188 -0.0024984
 0.0036252 -0.0029260
 0.0043693 -0.0027985
 0.0055043 -0.0028380
 0.0068088 -0.0029608
 0.0081174 -0.0022361
 0.0089871 -0.0010173
 0.0103530  0.0002949
 0.0108702  0.0016449
 0.0112896  0.0029793
 0.0110893  0.0039547
 0.0102943  0.0044113
 0.0098824  0.0047400
 0.0092631  0.0044546
 0.0088161  0.0046249
 0.0084252  0.0044436
 0.0082496  0.0044371
 0.0082039  0.0049458
 0.0083339  0.0049054
 0.0089097  0.0045994
 0.0090017  0.0046583
 0.0093457  0.0047573
 0.0094434  0.0050463
 0.0088721  0.0051214
 0.0086848  0.0056068
 0.0074804  0.0056673
 0.0067965  0.0059601
 0.0059939  0.0064216
 0.0054008  0.0070014
 0.0050527  0.0071023
 0.0049155  0.0072001
 0.0042791  0.0072812
 0.0039880  0.0072514
 0.0035447  0.0061831
 0.0030255  0.0053583
 0.0021647  0.0046727
 0.0011460  0.0044612
 0.0003418  0.0043853
-0.0003466  0.0048015
-0.0012300  0.0052428
-0.0020516  0.0054907
-0.0023379  0.0053954
-0.0030250  0.0051709
-0.0036343  0.0049025
-0.0039314  0.0039492
-0.0045208  0.0033145
-0.0051672  0.0028575
-0.0052915  0.0021695
-0.0057659  0.0015938
-0.0059306  0.0008804
-0.0060238  0.0002897
-0.0061575 -0.0002695
-0.0061950 -0.0007690
-0.0064849 -0.0018998
-0.0068491 -0.0029387
-0.0068874 -0.0038322
-0.0071576 -0.0047684
-0.0073703 -0.0060321
-0.0071644 -0.0066240
-0.0069941 -0.0078312
-0.0071104 -0.0082346
-0.0069710 -0.0084692
-0.0062960 -0.0091293
-0.0066738 -0.0086812
-0.0055171 -0.0082311
-0.0044774 -0.0077257
-0.0036291 -0.0067761
-0.0026121 -0.0059747
-0.0016717 -0.0053659
-0.0009030 -0.0048309
-0.0004011 -0.0050223
-0.0001851 -0.0057329
-0.0000853 -0.0057470
-0.0000635 -0.0065521
-0.0000433 -0.0065464
 0.0002821 -0.0062367
 0.0007722 -0.0054078
 0.0007298 -0.0045652
 0.0014157 -0.0035469
 0.0015433 -0.0029934
 0.0011346 -0.0027237
 0.0015327 -0.0027406
 0.0012173 -0.0029159
 0.0006977 -0.0032449
 0.0014240 -0.0025553
 0.0017127 -0.0015242
 0.0021338  0.0003702
 0.0023846  0.0024204
 0.0025219  0.0041282
 0.0021742  0.0052406
 0.0020038  0.0061244
 0.0013897  0.0056237
 0.0008887  0.0051626
 0.0005843  0.0039687
 0.0005463  0.0033506
 0.0006808  0.0026920
 0.0012157  0.0027926
 0.0013316  0.0037660
 0.0020385  0.0049995
 0.0023660  0.0063270
 0.0033447  0.0076138
 0.0034573  0.0086889
 0.0037415  0.0096773
 0.0033911  0.0102357
 0.0029469  0.0109220
 0.0020187  0.0108045
 0.0012406  0.0110879
 0.0004460  0.0106401
-0.0000018  0.0105400
-0.0009119  0.0108371
-0.0018781  0.0103489
-0.0032109  0.0100868
-0.0041634  0.0095078
-0.0050392  0.0083345
-0.0060079  0.0071669
-0.0062481  0.0062722
-0.0068106  0.0054143
-0.0067965  0.0047094
-0.0066851  0.0037186
-0.0064925  0.0033189
-0.0061840  0.0026948
-0.0052598  0.0025244
-0.0044515  0.0018599
-0.0033864  0.0013875
-0.0023079  0.0012955
-0.0014552  0.0006455
-0.0011951 -0.0000070
-0.0008467 -0.0005711
-0.0009956 -0.0013414
-0.0011272 -0.0019806
-0.0012600 -0.0025596
-0.0017550 -0.0029625
-0.0019621 -0.0031143
-0.0019722 -0.0030521
-0.0019794 -0.0031801
-0.0019680 -0.0034272
-0.0018214 -0.0042443
-0.0010692 -0.0051394
-0.0003315 -0.0066324
 0.0007082 -0.0080310
 0.0019239 -0.0087961
 0.0029026 -0.0095108
 0.0036164 -0.0097445
 0.0045002 -0.0096146
 0.0051559 -0.0089835
 0.0059675 -0.0079305
 0.0064157 -0.0069321
 0.0065748 -0.0058662
 0.0065780 -0.0056385
 0.0069245 -0.0058146
 0.0065793 -0.0067573
 0.0066325 -0.0077578
 0.0069935 -0.0088887
 0.0067395 -0.0097152
 0.0070964 -0.0097915
 0.0069001 -0.0094624
 0.0064935 -0.0090034
 0.0057627 -0.0087151
 0.0055189 -0.0087930
 0.0052690 -0.0090975
 0.0055040 -0.0094976
 0.0062764 -0.0099324
 0.0072434 -0.0101189
 0.0083416 -0.0102844
 0.0091754 -0.0099569
 0.0096801 -0.0088793
 0.0099147 -0.0078998
 0.0096289 -0.0068501
 0.0089526 -0.0057241
 0.0084684 -0.0051524
 0.0073460 -0.0049057
 0.0060745 -0.0046752
 0.0052238 -0.0048141
 0.0043174 -0.0048351
 0.0037137 -0.0043575
 0.0035203 -0.0046263
 0.0036503 -0.0038374
 0.0036523 -0.0031942
 0.0035252 -0.0031845
 0.0033795 -0.0023358
 0.0036116 -0.0021383
 0.0034195 -0.0016505
 0.0032240 -0.0011272
 0.0036407 -0.0006726
 0.0037892  0.0002941
 0.0041893  0.0012409
 0.0045778  0.0024558
 0.0048523  0.0040131
 0.0045976  0.0058723
 0.0043946  0.0076883
 0.0035230  0.0091147
 0.0027781  0.0102544
 0.0023141  0.0116420
 0.0016750  0.0125153
 0.0014286  0.0133385
 0.0014988  0.0134758
 0.0013175  0.0138223
 0.0017870  0.0139059
 0.0024944  0.0144049
 0.0028206  0.0152285
 0.0036814  0.0166106
 0.0046964  0.0185126
 0.0054639  0.0214632
 0.0064995  0.0240690
 0.0072989  0.0273268
 0.0079852  0.0302135
 0.0086898  0.0327269
 0.0084111  0.0353948
 0.0086743  0.0376825
 0.0089743  0.0396831
 0.0089327  0.0423180
 0.0088976  0.0445665
 0.0093401  0.0468905
 0.0092864  0.0492145
 0.0096938  0.0513002
 0.0100669  0.0531396
 0.0109774  0.0550744
 0.0116000  0.0568896
 0.0126058  0.0595519
 0.0138009  0.0622122
 0.0145766  0.0646455
 0.0158028  0.0676583
 0.0170354  0.0710179
 0.0182116  0.0743940
 0.0185955  0.0781005
 0.0194083  0.0820172
 0.0190898  0.0855670
 0.0195356  0.0892322
 0.0197520  0.0930105
 0.0201994  0.0964407
 0.0215418  0.0996000
 0.0229973  0.1030467
 0.0245671  0.1063752
 0.0268632  0.1096863
 0.0286416  0.1127273
 0.0301500  0.1160222
 0.0317533  0.1193911
 0.0330137  0.1225685
 0.0345043  0.1250806
 0.0361059  0.1276339
 0.0376604  0.1300157
 0.0393254  0.1323796
 0.0417431  0.1348373
 0.0437973  0.1372367
 0.0459291  0.1400739
 0.0478263  0.1430640
 0.0495652  0.1458946
 0.0507651  0.1490903
 0.0517934  0.1523662
 0.0525323  0.1554294
 0.0537120  0.1583078
 0.0547770  0.1611489
 0.0560367  0.1631451
 0.0580626  0.1653229
 0.0596279  0.1669997
 0.0611795  0.1684105
 0.0628288  0.1699420
 0.0639609  0.1710092
 0.0646578  0.1727017
 0.0659821  0.1738221
 0.0665607  0.1753547
 0.0678866  0.1765062
 0.0691685  0.1780017
 0.0699732  0.1795396
 0.0711271  0.1805232
 0.0720868  0.1810654
 0.0725463  0.1814700
 0.0735298  0.1816997
 0.0746401  0.1818119
 0.0755546  0.1818632
 0.0768558  0.1818555
 0.0780178  0.1821801
 0.0784546  0.1822903
 0.0789249  0.1823650
 0.0793746  0.1823641
 0.0794622  0.1813447
 0.0795606  0.1801177
 0.0802736  0.1787942
 0.0811202  0.1772971
 0.0823346  0.1755146
 0.0835151  0.1737724
 0.0846294  0.1718368
 0.0859041  0.1701573
 0.0871635  0.1683994
 0.0877987  0.1669302
 0.0885477  0.1655175
 0.0892988  0.1643499
 0.0899687  0.1630252
 0.0904209  0.1618176
 0.0908542  0.1608406
 0.0906899  0.1594714
 0.0909225  0.1580280
 0.0906548  0.1563952
 0.0902539  0.1543930
 0.0895764  0.1527029
 0.0888823  0.1508380
 0.0880377  0.1487433
 0.0874785  0.1468425
 0.0870772  0.1448976
 0.0866997  0.1423786
 0.0866848  0.1400905
 0.0861127  0.1376514
 0.0855451  0.1356908
 0.0844566  0.1334835
 0.0827487  0.1320837
 0.0812387  0.1303767
 0.0795503  0.1290718
 0.0780544  0.1277652
 0.0764665  0.1264942
 0.0755827  0.1248417
 0.0750473  0.1226889
 0.0740690  0.1200374
 0.0730924  0.1177555
 0.0722873  0.1149753
 0.0710756  0.1125241
 0.0695353  0.1104509
 0.0678569  0.1081923
 0.0660262  0.1059269
 0.0641928  0.1033736
 0.0623295  0.1007456
 0.0607520  0.0980034
 0.0595630  0.0947064
 0.0587389  0.0916548
 0.0579408  0.0886635
 0.0568147  0.0859394
 0.0559548  0.0833098
 0.0549426  0.0799465
 0.0538315  0.0769350
 0.0529946  0.0742295
 0.0515778  0.0715425
 0.0504461  0.0693966
 0.0488521  0.0678809
 0.0475823  0.0659700
 0.0465426  0.0643062
 0.0451727  0.0626000
 0.0442828  0.0610690
 0.0429665  0.0598469
 0.0412869  0.0580025
 0.0399900  0.0562200
 0.0381553  0.0548227
 0.0364340  0.0530171
 0.0348703  0.0512980
 0.0335742  0.0498086
 0.0319382  0.0479748
 0.0307471  0.0468714
 0.0297688  0.0453667
 0.0286593  0.0439552
 0.0275676  0.0424246
 0.0273956  0.0410265
 0.0261493  0.0402230
 0.0252699  0.0389626
 0.0236045  0.0381195
 0.0221571  0.0363782
 0.0210573  0.0348456
 0.0202644  0.0330994
 0.0200477  0.0313572
 0.0201572  0.0298597
 0.0209155  0.0284079
 0.0214432  0.0269758
 0.0219298  0.0264049
 0.0221733  0.0252930
 0.0222775  0.0245441
 0.0220155  0.0235088
 0.0212941  0.0224659
 0.0204769  0.0215018
 0.0191397  0.0206506
 0.0176116  0.0195524
 0.0161428  0.0184740
 0.0148270  0.0182184
 0.0134018  0.0174246
 0.0127196  0.0162040
 0.0123582  0.0154969
 0.0117470  0.0144290
 0.0113795  0.0131296
 0.0110339  0.0118735
 0.0099216  0.0104511
 0.0094028  0.0087877
 0.0092837  0.0077698
 0.0097068  0.0070125
 0.0097391  0.0070969
 0.0102312  0.0074098
 0.0102485  0.0078221
 0.0098997  0.0079041
 0.0096708  0.0083078
 0.0092356  0.0083866
 0.0090482  0.0084023
 0.0088415  0.0085678
 0.0085404  0.0086392
 0.0084277  0.0088398
 0.0080313  0.0097559
 0.0073252  0.0101948
 0.0064668  0.0109570
 0.0056888  0.0113535
 0.0046618  0.0111972
 0.0043376  0.0109679
 0.0037651  0.0105625
 0.0036351  0.0096271
 0.0043230  0.0086124
 0.0049791  0.0080359
 0.0054410  0.0073112
 0.0060217  0.0074436
 0.0056958  0.0074379
 0.0053474  0.0074520
 0.0046876  0.0077581
 0.0036790  0.0073325
 0.0032780  0.0071427
 0.0028758  0.0068763
 0.0028224  0.0060559
 0.0028272  0.0054814
 0.0033346  0.0052173
 0.0030382  0.0045055
 0.0030523  0.0036241
 0.0031032  0.0033012
 0.0024697  0.0023233
 0.0020635  0.0014464
 0.0017550  0.0006090
 0.0015427 -0.0002081
 0.0012717 -0.0004144
 0.0016908 -0.0006942
 0.0022662 -0.0004789
 0.0019415  0.0000435
 0.0021531  0.0007404
 0.0018322  0.0013372
 0.0010869  0.0016077
 0.0006339  0.0016836
 0.0001212  0.0012403
-0.0005999  0.0006072
-0.0013077 -0.0001244
-0.0020485 -0.0016066
-0.0027397 -0.0028784
-0.0032424 -0.0040929
-0.0033038 -0.0052093
-0.0029235 -0.0056163
-0.0030063 -0.0055808
-0.0030681 -0.0052884
-0.0030499 -0.0050328
-0.0034161 -0.0043780
-0.0032776 -0.0039071
-0.0029352 -0.0029191
-0.0022877 -0.0023353
-0.0018080 -0.0018450
-0.0007385 -0.0014283
-0.0002580 -0.0010952
 0.0009561 -0.0004322
 0.0014822  0.0000358
 0.0015533  0.0010008
 0.0011282  0.0026154
 0.0001888  0.0039974
-0.0010223  0.0052191
-0.0022949  0.0063843
-0.0031528  0.0068340
-0.0033821  0.0065760
-0.0031185  0.0064536
-0.0019978  0.0061609
-0.0010066  0.0056598
 0.0002115  0.0054672
 0.0010165  0.0052936
 0.0017081  0.0052545
 0.0022257  0.0058459
 0.0026307  0.0060732
 0.0024563  0.0071609
 0.0022052  0.0081698
 0.0014150  0.0093108
 0.0007960  0.0104541
-0.0000551  0.0112955
-0.0011138  0.0113670
-0.0018994  0.0112668
-0.0020743  0.0106927
-0.0023024  0.0098662
-0.0022834  0.0090946
-0.0024025  0.0079209
-0.0031939  0.0073770
-0.0038371  0.0066018
-0.0047501  0.0059235
-0.0064289  0.0060179
-0.0076430  0.0064592
-0.0085474  0.0066196
-0.0089657  0.0065877
-0.0093847  0.0071126
-0.0090338  0.0072576
-0.0088719  0.0076275
-0.0084653  0.0085384
-0.0083074  0.0093532
-0.0085084  0.0099786
-0.0083861  0.0110975
-0.0084975  0.0116034
-0.0083844  0.0119704
-0.0081386  0.0121497
-0.0078629  0.0114387
-0.0078326  0.0101778
-0.0077987  0.0094321
-0.0080342  0.0080525
-0.0089890  0.0066111
-0.0092773  0.0055892
-0.0096621  0.0046799
-0.0107821  0.0040561
-0.0110434  0.0036789
-0.0114585  0.0029445
-0.0115272  0.0017942
-0.0111872  0.0011079
-0.0103261  0.0002120
-0.0092452 -0.0002583
-0.0084728 -0.0006701
-0.0073415 -0.0008740
-0.0070088 -0.0008275
-0.0064948 -0.0008981
-0.0063438 -0.0002376
-0.0063059  0.0000197
-0.0065397  0.0000044
-0.0064771  0.0001808
-0.0063374 -0.0004292
-0.0054899 -0.0013276
-0.0044845 -0.0024633
-0.0031908 -0.0039782
-0.0019396 -0.0051297
-0.0007469 -0.0058770
 0.0000440 -0.0065929
 0.0007332 -0.0071884
 0.0013942 -0.0071513
 0.0022760 -0.0069825
 0.0030133 -0.0064843
 0.0035588 -0.0057802
 0.0042408 -0.0049041
 0.0051908 -0.0035867
 0.0056237 -0.0025208
 0.0063408 -0.0013621
 0.0065597 -0.0002918
 0.0067531  0.0006347
 0.0070054  0.0017922
 0.0069695  0.0023347
 0.0064095  0.0030534
 0.0059278  0.0031938
 0.0055773  0.0029354
 0.0054739  0.0022570
 0.0053585  0.0018521
 0.0050722  0.0016635
 0.0049842  0.0016498
 0.0044756  0.0020782
 0.0037953  0.0025595
 0.0031271  0.0029681
 0.0026132  0.0034478
 0.0017314  0.0035689
 0.0013995  0.0037627
 0.0010114  0.0038592
 0.0011212  0.0042089
 0.0011357  0.0042299
 0.0013824  0.0047383
 0.0012294  0.0046265
 0.0009036  0.0052640
 0.0004627  0.0055592
-0.0001300  0.0055229
-0.0005596  0.0056989
-0.0011411  0.0060478
-0.0010935  0.0058794
-0.0013564  0.0056743
-0.0010217  0.0054507
-0.0006285  0.0045181
-0.0003916  0.0039170
 0.0001607  0.0031361
 0.0004655  0.0030639
 0.0007563  0.0028321
 0.0006036  0.0027308
 0.0008794  0.0028187
 0.0002803  0.0033197
-0.0000027  0.0031509
-0.0002765  0.0032162
-0.0009540  0.0030708
-0.0013816  0.0023925
-0.0021940  0.0017796
-0.0025675  0.0011849
-0.0032571  0.0003282
-0.0040259 -0.0002762
-0.0043525 -0.0009787
-0.0046581 -0.0018854
-0.0051233 -0.0025039
-0.0053958 -0.0034139
-0.0053264 -0.0040105
-0.0054851 -0.0049314
-0.0051274 -0.0046318
-0.0041520 -0.0043482
-0.0040187 -0.0037293
-0.0033643 -0.0029630
-0.0029746 -0.0021208
-0.0032576 -0.0018806
-0.0036185 -0.0015831
-0.0039742 -0.0020094
-0.0043364 -0.0025840
-0.0040250 -0.0037528
-0.0031372 -0.0048950
-0.0023079 -0.0061942
-0.0009754 -0.0074369
 0.0004333 -0.0082783
 0.0008464 -0.0089905
 0.0012336 -0.0096862
 0.0013894 -0.0102075
 0.0017581 -0.0108495
 0.0024489 -0.0114136
 0.0036553 -0.0120487
 0.0052642 -0.0117608
 0.0069498 -0.0118730
 0.0077957 -0.0110610
 0.0082394 -0.0094448
 0.0081123 -0.0076804
 0.0076342 -0.0051518
 0.0062607 -0.0038324
 0.0048852 -0.0028852
 0.0041391 -0.0025110
 0.0038936 -0.0025293
 0.0047984 -0.0033275
 0.0061409 -0.0035739
 0.0074050 -0.0038941
 0.0091557 -0.0036507
 0.0106528 -0.0033092
 0.0112508 -0.0022994
 0.0118104 -0.0011871
 0.0121188 -0.0003292
 0.0120966  0.0009135
 0.0114825  0.0016023
 0.0108454  0.0019786
 0.0092849  0.0026456
 0.0083042  0.0027764
 0.0070001  0.0024259
 0.0061913  0.0024384
 0.0053471  0.0021489
 0.0053867  0.0019510
 0.0050960  0.0019841
 0.0053822  0.0023103
 0.0050503  0.0029522
 0.0044907  0.0037322
 0.0037873  0.0047440
 0.0025618  0.0051239
 0.0014325  0.0057166
 0.0000799  0.0054881
-0.0008516  0.0050739
-0.0014714  0.0046613
-0.0021477  0.0041365
-0.0027275  0.0034522
-0.0027695  0.0034421
-0.0032892  0.0030683
-0.0035460  0.0030744
-0.0033974  0.0026881
-0.0034378  0.0024120
-0.0033336  0.0016772
-0.0030776  0.0013817
-0.0035504  0.0010979
-0.0045358  0.0005791
-0.0052379  0.0005589
-0.0069627  0.0004600
-0.0089128 -0.0001800
-0.0100477 -0.0004659
-0.0113308 -0.0014082
-0.0122518 -0.0024059
-0.0126176 -0.0031318
-0.0122752 -0.0037019
-0.0115997 -0.0042748
-0.0108512 -0.0046886
-0.0098478 -0.0051799
-0.0090338 -0.0058093
-0.0076606 -0.0064363
-0.0065592 -0.0070549
-0.0057646 -0.0070747
-0.0050939 -0.0075418
-0.0049640 -0.0080078
-0.0047354 -0.0078176
-0.0042264 -0.0079573
-0.0036757 -0.0078831
-0.0032397 -0.0079998
-0.0025549 -0.0074612
-0.0015488 -0.0074236
-0.0004802 -0.0073824
 0.0009551 -0.0070933
 0.0018527 -0.0065713
 0.0029682 -0.0055865
 0.0035654 -0.0049316
 0.0039901 -0.0039460
 0.0048054 -0.0042464
 0.0056339 -0.0036072
 0.0069582 -0.0034311
 0.0080398 -0.0037384
 0.0086968 -0.0039120
 0.0096218 -0.0036831
 0.0106086 -0.0033262
 0.0108835 -0.0028741
 0.0111194 -0.0017097
 0.0106458 -0.0005506
 0.0099360  0.0005359
 0.0090542  0.0013138
 0.0081462  0.0015895
 0.0067641  0.0012705
 0.0063717  0.0008760
 0.0056344  0.0000579
 0.0051478 -0.0003568
 0.0048010 -0.0003818
 0.0046706 -0.0004299
 0.0045769  0.0000093
 0.0044300  0.0012529
 0.0045334  0.0017309
 0.0047078  0.0028610
 0.0048819  0.0034763
 0.0051293  0.0035365
 0.0051031  0.0038647
 0.0049964  0.0044833
 0.0045725  0.0048960
 0.0041849  0.0059748
 0.0037201  0.0068825
 0.0027011  0.0076310
 0.0014647  0.0082064
 0.0003568  0.0085503
-0.0008481  0.0079581
-0.0021478  0.0072111
-0.0031548  0.0062393
-0.0037528  0.0053802
-0.0043471  0.0044427
-0.0044012  0.0037313
-0.0047585  0.0034402
-0.0046567  0.0029145
-0.0049978  0.0031357
-0.0052635  0.0027803
-0.0054322  0.0032668
-0.0056406  0.0028557
-0.0055994  0.0028876
-0.0053095  0.0024983
-0.0050418  0.0019408
-0.0039864  0.0012189
-0.0029318  0.0007219
-0.0020190  0.0002063
-0.0013003 -0.0002891
-0.0004448 -0.0006665
 0.0001054 -0.0014506
 0.0003291 -0.0016448
 0.0008600 -0.0021689
 0.0010501 -0.0027714
 0.0004683 -0.0031784
-0.0000356 -0.0044598
-0.0009792 -0.0049314
-0.0016518 -0.0057263
-0.0021323 -0.0056527
-0.0022017 -0.0055582
-0.0023878 -0.0044324
-0.0024568 -0.0034387
-0.0023320 -0.0026772
-0.0022270 -0.0017441
-0.0016213 -0.0009107
-0.0014359 -0.0004084
-0.0011193  0.0007463
-0.0008984  0.0009821
-0.0012153  0.0017917
-0.0013069  0.0019330
-0.0019743  0.0013633
-0.0022804 -0.0001693
-0.0022101 -0.0014132
-0.0017237 -0.0029660
-0.0011565 -0.0039310
-0.0001334 -0.0041482
 0.0006990 -0.0036516
 0.0016494 -0.0027925
 0.0030133 -0.0018998
 0.0040873 -0.0005021
 0.0051697  0.0009118
 0.0061190  0.0025171
 0.0064962  0.0036984
 0.0068790  0.0044619
 0.0066437  0.0051062
 0.0064814  0.0049269
 0.0063325  0.0046915
 0.0059683  0.0041674
 0.0058682  0.0033381
 0.0059557  0.0026606
 0.0060578  0.0018180
 0.0060683  0.0014744
 0.0061922  0.0011349
 0.0061671  0.0009879
 0.0060431  0.0014765
 0.0055659  0.0019614
 0.0045629  0.0029099
 0.0035677  0.0038890
 0.0023020  0.0045349
 0.0007863  0.0052596
-0.0001169  0.0053197
-0.0008622  0.0053108
-0.0010576  0.0054561
-0.0004988  0.0054706
-0.0004391  0.0052162
-0.0000502  0.0049049
 0.0000875  0.0049796
 0.0000334  0.0045734
-0.0004600  0.0040901
-0.0013050  0.0037223
-0.0017669  0.0031280
-0.0025365  0.0026132
-0.0031966  0.0018138
-0.0032621  0.0012029
-0.0032420  0.0007980
-0.0031052  0.0005917
-0.0031000  0.0002134
-0.0031142  0.0001040
-0.0034724  0.0004743
-0.0035923 -0.0000752
-0.0037809  0.0001211
-0.0041455  0.0003310
-0.0040631  0.0007505
-0.0038474  0.0012059
-0.0039786  0.0021958
-0.0040117  0.0030384
-0.0040836  0.0041088
-0.0045245  0.0052611
-0.0050602  0.0053382
-0.0059230  0.0052457
-0.0067330  0.0044435
-0.0075042  0.0034354
-0.0079301  0.0013376
-0.0078756  0.0000097
-0.0079544 -0.0012583
-0.0078946 -0.0017836
-0.0071412 -0.0021166
-0.0067128 -0.0020705
-0.0060922 -0.0014181
-0.0050077 -0.0014572
-0.0040770 -0.0015586
-0.0028976 -0.0013156
-0.0021401 -0.0011178
-0.0015809 -0.0002082
-0.0013875  0.0004866
-0.0017949  0.0014184
-0.0016875  0.0024652
-0.0013488  0.0031766
-0.0005301  0.0039284
 0.0002734  0.0044917
 0.0013510  0.0046363
 0.0025990  0.0056396
 0.0028170  0.0056227
 0.0031102  0.0058302
 0.0029778  0.0060369
 0.0020193  0.0059694
 0.0009849  0.0057885
 0.0005077  0.0057227
-0.0005049  0.0054344
-0.0012268  0.0047226
-0.0016204  0.0045502
-0.0021864  0.0040083
-0.0022942  0.0037394
-0.0023672  0.0033695
-0.0026906  0.0032488
-0.0029793  0.0031280
-0.0029999  0.0030024
-0.0026797  0.0027093
-0.0024739  0.0023608
-0.0022163  0.0021432
-0.0019898  0.0016127
-0.0022075  0.0019054
-0.0025176  0.0019152
-0.0027098  0.0026900
-0.0032068  0.0028734
-0.0036250  0.0030745
-0.0039719  0.0031597
-0.0038164  0.0028808
-0.0035883  0.0022203
-0.0032451  0.0016696
-0.0028075  0.0010604
-0.0022919 -0.0001864
-0.0019734 -0.0006071
-0.0013795 -0.0011514
-0.0008264 -0.0011587
-0.0007145 -0.0007837
-0.0003483 -0.0005786
-0.0001287 -0.0004539
 0.0000458  0.0003843
 0.0004511  0.0007589
 0.0008392  0.0008150
 0.0013560  0.0011602
 0.0014888  0.0014893
 0.0017787  0.0014179
 0.0022596  0.0014276
 0.0028612  0.0012637
 0.0040959  0.0008132
 0.0049156  0.0003453
 0.0058544  0.0001839
 0.0067928 -0.0005433
 0.0074186 -0.0008687
 0.0073682 -0.0012167
 0.0071797 -0.0017352
 0.0071578 -0.0024466
 0.0068066 -0.0023101
 0.0065934 -0.0023642
 0.0067843 -0.0022091
 0.0065195 -0.0015769
 0.0062199 -0.0015220
 0.0054767 -0.0016968
 0.0048836 -0.0020534
 0.0040385 -0.0026578
 0.0032068 -0.0032841
 0.0024085 -0.0041421
 0.0022643 -0.0047268
 0.0022142 -0.0050777
 0.0030116 -0.0054633
 0.0040782 -0.0052489
 0.0054005 -0.0050671
 0.0058434 -0.0049419
 0.0065173 -0.0050279
 0.0068827 -0.0050932
 0.0067692 -0.0053746
 0.0063865 -0.0054679
 0.0059641 -0.0055413
 0.0056206 -0.0054053
 0.0051999 -0.0051553
 0.0048583 -0.0047560
 0.0041130 -0.0040907
 0.0033508 -0.0036046
 0.0027040 -0.0031618
 0.0021480 -0.0028345
 0.0014552 -0.0022189
 0.0011500 -0.0016759
 0.0006671 -0.0011870
 0.0004200 -0.0005333
 0.0000837  0.0003356
 0.0001661  0.0010155
 0.0001964  0.0017750
 0.0010928  0.0023548
 0.0016585  0.0031050
 0.0023009  0.0038499
 0.0030544  0.0046889
 0.0033096  0.0053764
 0.0032365  0.0054673
 0.0030221  0.0056199
 0.0019182  0.0055678
 0.0013339  0.0050761
 0.0008937  0.0044330
 0.0006239  0.0041895
 0.0008197  0.0033914
 0.0014394  0.0032279
 0.0022747  0.0036002
 0.0030208  0.0040819
 0.0033817  0.0045450
 0.0036914  0.0055394
 0.0032263  0.0066150
 0.0029146  0.0069796
 0.0028511  0.0074039
 0.0028043  0.0075445
 0.0029209  0.0074165
 0.0031293  0.0072627
 0.0034604  0.0075877
 0.0033477  0.0076826
 0.0028366  0.0079668
 0.0020917  0.0077193
 0.0013440  0.0074124
 0.0005381  0.0064568
-0.0004600  0.0054252
-0.0015186  0.0040093
-0.0018671  0.0028566
-0.0019829  0.0020350
-0.0019809  0.0014342
-0.0015021  0.0008762
-0.0012105  0.0001042
-0.0009392 -0.0008765
-0.0003057 -0.0017765
 0.0004522 -0.0030732
 0.0010517 -0.0041985
 0.0018992 -0.0047459
 0.0025796 -0.0051758
 0.0034497 -0.0051479
 0.0041070 -0.0051778
 0.0042649 -0.0051729
 0.0044365 -0.0046331
 0.0039144 -0.0038870
 0.0035603 -0.0033641
 0.0031460 -0.0028461
 0.0028052 -0.0029611
 0.0026053 -0.0028800
 0.0024829 -0.0029587
 0.0024659 -0.0035708
 0.0021801 -0.0040924
 0.0023021 -0.0046290
 0.0023275 -0.0048269
 0.0028500 -0.0049254
 0.0028306 -0.0044292
 0.0040427 -0.0038030
 0.0047509 -0.0025062
 0.0057497 -0.0012680
 0.0061527  0.0004475
 0.0063610  0.0020717
 0.0059197  0.0037723
 0.0053238  0.0044227
 0.0047448  0.0052621
 0.0043426  0.0051866
 0.0042308  0.0051866
 0.0042712  0.0052576
 0.0041017  0.0052305
 0.0038525  0.0055825
 0.0035457  0.0062575
 0.0024907  0.0065150
 0.0022008  0.0070613
 0.0018354  0.0073955
 0.0015479  0.0071456
 0.0017805  0.0068214
 0.0021281  0.0066353
 0.0023268  0.0063782
 0.0022352  0.0061170
 0.0020067  0.0064246
 0.0012452  0.0064840
 0.0003445  0.0067488
-0.0008280  0.0070379
-0.0017518  0.0072491
-0.0028323  0.0069600
-0.0035841  0.0067484
-0.0039733  0.0065393
-0.0043787  0.0062708
-0.0040771  0.0059264
-0.0041191  0.0052986
-0.0038918  0.0044532
-0.0036500  0.0038023
-0.0038313  0.0032637
-0.0038378  0.0024332
-0.0036481  0.0026447
-0.0035387  0.0024271
-0.0033651  0.0029992
-0.0033614  0.0028599
-0.0031987  0.0030476
-0.0029002  0.0027742
-0.0031416  0.0025731
-0.0032712  0.0023583
-0.0035026  0.0016497
-0.0033677  0.0014386
-0.0034452  0.0015997
-0.0026612  0.0013401
-0.0021997  0.0013135
-0.0016962  0.0013257
-0.0013247  0.0012632
-0.0008612  0.0008696
-0.0003371  0.0002039
-0.0000270 -0.0008245
 0.0001668 -0.0018144
 0.0002274 -0.0030741
 0.0005234 -0.0035654
 0.0006021 -0.0042489
 0.0001920 -0.0043438
-0.0000906 -0.0041714
-0.0008174 -0.0043511
-0.0012599 -0.0042546
-0.0014165 -0.0047791
-0.0009203 -0.0052632
-0.0002299 -0.0053213
 0.0004819 -0.0052414
 0.0018716 -0.0047629
 0.0028346 -0.0039526
 0.0029808 -0.0035480
 0.0034137 -0.0028717
 0.0030374 -0.0022811
 0.0032365 -0.0022625
 0.0030871 -0.0021531
 0.0034525 -0.0019872
 0.0037008 -0.0017434
 0.0043282 -0.0014386
 0.0050691 -0.0004978
 0.0050270 -0.0001679
 0.0053682  0.0002225
 0.0049592  0.0008794
 0.0046527  0.0011512
 0.0042365  0.0014568
 0.0041016  0.0022509
 0.0037993  0.0026982
 0.0033649  0.0034099
 0.0039216  0.0042569
 0.0041299  0.0048964
 0.0045099  0.0056744
 0.0050077  0.0058831
 0.0050089  0.0055346
 0.0049491  0.0048475
 0.0049100  0.0038781
 0.0046984  0.0029096
 0.0043722  0.0015353
 0.0040827  0.0005647
 0.0031387  0.0000140
 0.0020231 -0.0004043
 0.0009043 -0.0006554
 0.0000915 -0.0006380
-0.0007225 -0.0008480
-0.0009022 -0.0006732
-0.0008683 -0.0007539
-0.0008905 -0.0008512
-0.0007811 -0.0006659
-0.0014558 -0.0005368
-0.0019420 -0.0000277
-0.0026982  0.0005638
-0.0036826  0.0012687
-0.0050529  0.0013809
-0.0053905  0.0019619
-0.0062655  0.0025422
-0.0064901  0.0030852
-0.0064033  0.0042416
-0.0065241  0.0053386
-0.0069125  0.0062422
-0.0072981  0.0069952
-0.0076057  0.0070037
-0.0076808  0.0070885
-0.0075872  0.0070430
-0.0069682  0.0073737
-0.0064445  0.0074787
-0.0055574  0.0075389
-0.0049579  0.0076148
-0.0042295  0.0078057
-0.0033630  0.0077662
-0.0032051  0.0078570
-0.0033521  0.0074532
-0.0035208  0.0070309
-0.0038814  0.0062860
-0.0041656  0.0050606
-0.0043133  0.0039148
-0.0043295  0.0030779
-0.0039988  0.0021853
-0.0034387  0.0012849
-0.0031282  0.0010411
-0.0025662  0.0007977
-0.0024697  0.0005151
-0.0019562  0.0012685
-0.0016130  0.0019125
-0.0016311  0.0021322
-0.0012117  0.0026175
-0.0009791  0.0023333
-0.0003222  0.0019828
 0.0003558  0.0015375
 0.0009421  0.0007416
 0.0018558  0.0002498
 0.0027655  0.0001246
 0.0033877 -0.0002138
 0.0040854 -0.0006471
 0.0048982 -0.0009209
 0.0053992 -0.0008684
 0.0052067 -0.0003718
 0.0049757  0.0005104
 0.0042635  0.0016227
 0.0030886  0.0026987
 0.0022253  0.0035474
 0.0014740  0.0043396
 0.0009806  0.0043820
 0.0007921  0.0040784
 0.0007566  0.0035406
 0.0006056  0.0031768
 0.0000512  0.0028566
-0.0003941  0.0025429
-0.0006308  0.0026276
-0.0006150  0.0020853
-0.0002945  0.0019699
 0.0000903  0.0013957
 0.0008599  0.0011672
 0.0014211  0.0004970
 0.0020421 -0.0003925
 0.0023352 -0.0008617
 0.0024329 -0.0009659
 0.0019912 -0.0007096
 0.0015067  0.0000143
 0.0007343  0.0009688
-0.0004261  0.0023855
-0.0008973  0.0038257
-0.0015599  0.0050749
-0.0012394  0.0064246
-0.0014913  0.0079250
-0.0011849  0.0090216
-0.0013528  0.0096946
-0.0016048  0.0100984
-0.0023182  0.0098811
-0.0027103  0.0093450
-0.0031840  0.0086174
-0.0034723  0.0078568
-0.0035306  0.0073033
-0.0034741  0.0067752
-0.0031262  0.0058765
-0.0021980  0.0054243
-0.0018048  0.0050610
-0.0015812  0.0044533
-0.0014645  0.0040541
-0.0019030  0.0033524
-0.0020672  0.0028461
-0.0023248  0.0018562
-0.0018737  0.0011727
-0.0014607  0.0003915
-0.0015333 -0.0002028
-0.0013423 -0.0009712
-0.0011950 -0.0010447
-0.0012956 -0.0015425
-0.0013154 -0.0017690
-0.0009891 -0.0017649
-0.0005809 -0.0022825
 0.0001907 -0.0025300
 0.0010167 -0.0030125
 0.0013579 -0.0033609
 0.0014334 -0.0035539
 0.0016013 -0.0035366
 0.0020438 -0.0036637
 0.0017806 -0.0037776
 0.0022882 -0.0035983
 0.0021263 -0.0039196
 0.0020820 -0.0040924
 0.0022859 -0.0041869
 0.0025815 -0.0041901
 0.0027794 -0.0045600
 0.0029151 -0.0044498
 0.0029571 -0.0047050
 0.0029014 -0.0046740
 0.0023793 -0.0044305
 0.0018601 -0.0045060
 0.0010348 -0.0044515
 0.0002693 -0.0050273
-0.0002701 -0.0053902
-0.0007349 -0.0056599
-0.0008536 -0.0059704
-0.0013756 -0.0056071
-0.0016478 -0.0051149
-0.0017269 -0.0045457
-0.0021505 -0.0036276
-0.0020507 -0.0027099
-0.0021662 -0.0018875
-0.0019812 -0.0009112
-0.0018564  0.0000869
-0.0016383  0.0011959
-0.0014760  0.0024185
-0.0011223  0.0035695
-0.0012450  0.0046160
-0.0015082  0.0054182
-0.0015368  0.0058983
-0.0020661  0.0061264
-0.0029648  0.0060683
-0.0033459  0.0058930
-0.0041312  0.0057166
-0.0046702  0.0053124
-0.0048503  0.0051174
-0.0048503  0.0043926
-0.0043982  0.0042472
-0.0031971  0.0037570
-0.0017844  0.0035143
-0.0005619  0.0032776
 0.0006033  0.0031440
 0.0008488  0.0028787
 0.0007878  0.0028832
 0.0004971  0.0025829
 0.0000207  0.0026055
-0.0009737  0.0032010
-0.0014667  0.0032951
-0.0022483  0.0039414
-0.0029032  0.0041453
-0.0031333  0.0040294
-0.0033857  0.0035893
-0.0028798  0.0029018
-0.0021555  0.0014871
-0.0011062  0.0001325
-0.0004219 -0.0009208
 0.0005919 -0.0015886
 0.0005963 -0.0027034
 0.0006747 -0.0029174
 0.0004833 -0.0034741
-0.0000504 -0.0041048
 0.0001268 -0.0046208
-0.0000250 -0.0048202
 0.0000126 -0.0053095
 0.0001462 -0.0054919
-0.0001829 -0.0051943
-0.0005474 -0.0049783
-0.0009306 -0.0042761
-0.0015459 -0.0033313
-0.0022157 -0.0026913
-0.0021560 -0.0015164
-0.0023643 -0.0014215
-0.0017485 -0.0007089
-0.0016573 -0.0001735
-0.0015015 -0.0005954
-0.0016444 -0.0011263
-0.0017058 -0.0020622
-0.0015161 -0.0036683
-0.0012512 -0.0045295
-0.0002237 -0.0047790
 0.0006907 -0.0048602
 0.0016996 -0.0041544
 0.0028398 -0.0026885
 0.0035971 -0.0018499
 0.0040521 -0.0006855
 0.0044175 -0.0001938
 0.0044253  0.0007639
 0.0039913  0.0011672
 0.0036966  0.0014002
 0.0030967  0.0015569
 0.0032050  0.0017329
 0.0033346  0.0010454
 0.0036492  0.0007559
 0.0039407  0.0002160
 0.0042706  0.0002095
 0.0047272  0.0005066
 0.0047768  0.0007872
 0.0051943  0.0016407
 0.0050554  0.0023662
 0.0050517  0.0034535
 0.0054563  0.0041410
 0.0051151  0.0051758
 0.0048338  0.0059558
 0.0038075  0.0065263
 0.0027069  0.0063482
 0.0018567  0.0060018
 0.0009838  0.0051160
 0.0010893  0.0042919
 0.0014337  0.0036778
 0.0015842  0.0033936
 0.0016920  0.0034687
 0.0017986  0.0034505
 0.0012531  0.0034473
 0.0007814  0.0039076
 0.0002739  0.0043266
 0.0001688  0.0047284
 0.0001324  0.0050142
 0.0004642  0.0048810
 0.0009825  0.0047130
 0.0016902  0.0045180
 0.0019445  0.0042548
 0.0024887  0.0041397
 0.0017469  0.0043331
 0.0009386  0.0045649
 0.0000734  0.0045891
-0.0011552  0.0050720
-0.0018803  0.0054770
-0.0029688  0.0057685
-0.0034214  0.0063431
-0.0035526  0.0063551
-0.0038949  0.0064092
-0.0042838  0.0060793
-0.0051151  0.0053998
-0.0056215  0.0044578
-0.0062021  0.0029785
-0.0066111  0.0014475
-0.0064468  0.0003639
-0.0056846 -0.0010480
-0.0040773 -0.0019478
-0.0029900 -0.0022736
-0.0019564 -0.0026009
-0.0006531 -0.0030074
 0.0003098 -0.0024780
 0.0004314 -0.0022249
 0.0004650 -0.0018066
 0.0006132 -0.0017335
 0.0001102 -0.0015701
 0.0001842 -0.0018103
 0.0000982 -0.0023381
 0.0000103 -0.0025788
 0.0001677 -0.0031214
 0.0004189 -0.0026071
 0.0009175 -0.0024884
 0.0015550 -0.0021540
 0.0023052 -0.0015722
 0.0032476 -0.0008939
 0.0040394 -0.0006976
 0.0047281  0.0001087
 0.0048299  0.0001066
 0.0046171  0.0005059
 0.0046547  0.0004607
 0.0043648  0.0005495
 0.0037103  0.0007388
 0.0033098  0.0009483
 0.0025451  0.0008321
 0.0027062  0.0008688
 0.0028920  0.0008494
 0.0031174  0.0004424
 0.0035519  0.0001319
 0.0036820 -0.0006817
 0.0037919 -0.0014149
 0.0030534 -0.0019002
 0.0020788 -0.0027328
 0.0012774 -0.0034256
 0.0006007 -0.0037539
 0.0002910 -0.0041205
 0.0000528 -0.0043078
 0.0000591 -0.0040147
-0.0000765 -0.0039480
 0.0001689 -0.0034029
-0.0000665 -0.0029749
-0.0000318 -0.0022599
-0.0007399 -0.0018190
-0.0012216 -0.0012985
-0.0013585 -0.0005887
-0.0018547  0.0004267
-0.0022229  0.0014397
-0.0024341  0.0020307
-0.0033958  0.0025039
-0.0040943  0.0029254
-0.0048530  0.0026569
-0.0057252  0.0020618
-0.0059247  0.0011461
-0.0059679  0.0003055
-0.0057022 -0.0006727
-0.0052973 -0.0015513
-0.0050453 -0.0021989
-0.0052536 -0.0025086
-0.0054813 -0.0027617
-0.0056017 -0.0023410
-0.0062776 -0.0021917
-0.0069502 -0.0020419
-0.0077783 -0.0015828
-0.0080545 -0.0011262
-0.0087074 -0.0013794
-0.0088011 -0.0016875
-0.0091442 -0.0019802
-0.0092359 -0.0029564
-0.0092080 -0.0038394
-0.0084105 -0.0051366
-0.0078060 -0.0058961
-0.0068891 -0.0067495
-0.0057464 -0.0074669
-0.0045662 -0.0074782
-0.0036392 -0.0075904
-0.0024105 -0.0077410
-0.0015292 -0.0081290
-0.0011440 -0.0088053
-0.0002848 -0.0086007
 0.0001908 -0.0089907
 0.0008242 -0.0091054
 0.0010717 -0.0090262
 0.0013253 -0.0087541
 0.0016120 -0.0081343
 0.0019592 -0.0074160
 0.0016321 -0.0070308
 0.0014828 -0.0066622
 0.0007375 -0.0060893
-0.0000425 -0.0060392
-0.0009812 -0.0064107
-0.0017092 -0.0060684
-0.0023237 -0.0063211
-0.0027468 -0.0062654
-0.0028825 -0.0065327
-0.0025336 -0.0065851
-0.0022853 -0.0070281
-0.0019397 -0.0075477
-0.0011544 -0.0078776
-0.0006982 -0.0080734
-0.0001608 -0.0076099
 0.0004896 -0.0072998
 0.0010411 -0.0063336
 0.0015070 -0.0054615
 0.0021078 -0.0045377
 0.0024684 -0.0037843
 0.0023202 -0.0035982
 0.0025189 -0.0034827
 0.0024934 -0.0035485
 0.0025697 -0.0034759
 0.0022419 -0.0034634
 0.0018902 -0.0034303
 0.0016136 -0.0033371
 0.0011081 -0.0036116
 0.0015804 -0.0038454
 0.0022247 -0.0037336
 0.0030859 -0.0034849
 0.0041793 -0.0027384
 0.0050643 -0.0017779
 0.0057596 -0.0007955
 0.0059401  0.0003221
 0.0057152  0.0003835
 0.0042569  0.0001974
 0.0031999 -0.0001664
 0.0015828 -0.0016183
 0.0003675 -0.0020902
-0.0004461 -0.0024322
-0.0011030 -0.0021684
-0.0019674 -0.0016189
-0.0026239 -0.0010685
-0.0034258 -0.0013442
-0.0034605 -0.0008407
-0.0038101 -0.0011451
-0.0036608 -0.0012428
-0.0037036 -0.0013268
-0.0034593 -0.0022006
-0.0031235 -0.0028806
-0.0029370 -0.0031996
-0.0025999 -0.0033450
-0.0026451 -0.0029659
-0.0030711 -0.0022040
-0.0037013 -0.0016509
-0.0044285 -0.0008814
-0.0051762  0.0001365
-0.0058836  0.0004668
-0.0059413  0.0003982
-0.0063071  0.0007139
-0.0064189 -0.0000814
-0.0067609 -0.0008804
-0.0068913 -0.0014892
-0.0068303 -0.0025438
-0.0070741 -0.0039085
-0.0071843 -0.0049130
-0.0065327 -0.0060516
-0.0060720 -0.0069980
-0.0048826 -0.0077296
-0.0038074 -0.0080187
-0.0025214 -0.0079994
-0.0020543 -0.0081899
-0.0014874 -0.0083017
-0.0014970 -0.0085864
-0.0011804 -0.0093325
-0.0011154 -0.0096353
-0.0012321 -0.0095787
-0.0013649 -0.0097112
-0.0010399 -0.0095335
-0.0010460 -0.0090014
-0.0010456 -0.0088274
-0.0005716 -0.0083316
-0.0004602 -0.0074959
 0.0000344 -0.0074006
 0.0004337 -0.0072702
 0.0012392 -0.0064869
 0.0024314 -0.0059544
 0.0037008 -0.0051167
 0.0045891 -0.0040516
 0.0052630 -0.0028727
 0.0055933 -0.0020011
 0.0061654 -0.0011917
 0.0059671 -0.0004896
 0.0062101  0.0005032
 0.0061439  0.0010184
 0.0054131  0.0020120
 0.0045870  0.0028393
 0.0034024  0.0032079
 0.0020253  0.0038434
 0.0009021  0.0044369
 0.0000458  0.0042250
-0.0002732  0.0043243
-0.0000337  0.0044789
 0.0002821  0.0046469
 0.0012608  0.0046553
 0.0025055  0.0053388
 0.0035161  0.0051740
 0.0041943  0.0052814
 0.0053695  0.0058321
 0.0055822  0.0063941
 0.0056439  0.0069331
 0.0056495  0.0079001
 0.0054084  0.0089689
 0.0055884  0.0103652
 0.0056603  0.0113709
 0.0063317  0.0126666
 0.0071428  0.0138989
 0.0074340  0.0153915
 0.0078107  0.0163686
 0.0074381  0.0172241
 0.0065447  0.0175471
 0.0051970  0.0171227
 0.0042616  0.0161601
 0.0031505  0.0152570
 0.0024972  0.0139694
 0.0019666  0.0137813
 0.0018446  0.0135116
 0.0018741  0.0131955
 0.0016887  0.0134221
 0.0014141  0.0130753
 0.0013176  0.0124217
 0.0015280  0.0119600
 0.0011327  0.0111844
 0.0010629  0.0101965
 0.0009164  0.0096571
 0.0010804  0.0086888
 0.0006584  0.0082265
 0.0006948  0.0076657
 0.0006669  0.0064997
 0.0012127  0.0053022
 0.0014973  0.0040685
 0.0022240  0.0023607
 0.0027061  0.0015166
 0.0030619  0.0006813
 0.0035355  0.0001532
 0.0036289 -0.0000592
 0.0040630  0.0000106
 0.0048237  0.0004265
 0.0055363  0.0012626
 0.0066148  0.0020830
 0.0078458  0.0027722
 0.0083667  0.0035154
 0.0092121  0.0044166
 0.0095388  0.0048179
 0.0099296  0.0053161
 0.0097233  0.0059435
 0.0097464  0.0060598
 0.0087693  0.0063371
 0.0083231  0.0064070
 0.0078770  0.0062709
 0.0067359  0.0064021
 0.0060068  0.0056176
 0.0058864  0.0050843
 0.0048851  0.0046769
 0.0046937  0.0040959
 0.0043844  0.0032802
 0.0040949  0.0026750
 0.0043428  0.0019526
 0.0043933  0.0011697
 0.0047142  0.0013497
 0.0050417  0.0014526
 0.0051406  0.0013294
 0.0056602  0.0024513
 0.0052993  0.0029645
 0.0049214  0.0034215
 0.0047547  0.0044179
 0.0045234  0.0052020
 0.0041289  0.0060071
 0.0040155  0.0067395
 0.0037507  0.0075211
 0.0029711  0.0082858
 0.0024406  0.0082054
 0.0014272  0.0084719
 0.0009294  0.0080266
 0.0003346  0.0076781
 0.0003677  0.0071791
 0.0006083  0.0066643
 0.0014053  0.0064407
 0.0018623  0.0063535
 0.0019555  0.0063390
 0.0017625  0.0067024
 0.0012227  0.0069886
 0.0004923  0.0074404
-0.0003955  0.0072199
-0.0012132  0.0074237
-0.0022165  0.0076457
-0.0026268  0.0081803
-0.0034004  0.0087581
-0.0034630  0.0092987
-0.0042697  0.0095139
-0.0045196  0.0095963
-0.0048612  0.0097877
-0.0057175  0.0090202
-0.0062827  0.0079446
-0.0071228  0.0069861
-0.0075568  0.0051224
-0.0074793  0.0037258
-0.0072896  0.0021956
-0.0063149  0.0009335
-0.0061082  0.0000162
-0.0050561 -0.0003596
-0.0046552 -0.0006563
-0.0042131 -0.0007075
-0.0040770 -0.0008755
-0.0039809 -0.0011912
-0.0043221 -0.0016607
-0.0045146 -0.0016534
-0.0044484 -0.0019880
-0.0045941 -0.0019242
-0.0048908 -0.0013848
-0.0051685 -0.0012656
-0.0051475 -0.0007093
-0.0053377 -0.0008829
-0.0043768 -0.0012632
-0.0041911 -0.0017053
-0.0032560 -0.0018814
-0.0022236 -0.0022314
-0.0014824 -0.0018144
-0.0006047 -0.0014575
-0.0000314 -0.0009085
 0.0006174 -0.0003537
 0.0010583  0.0003544
 0.0012913  0.0006649
 0.0019123  0.0009145
 0.0023625  0.0011260
 0.0030074  0.0013000
 0.0038601  0.0014321
 0.0045562  0.0013804
 0.0050420  0.0011164
 0.0053896  0.0008738
 0.0060045  0.0003828
 0.0063348 -0.0002191
 0.0068424 -0.0004076
 0.0072155 -0.0005005
 0.0076908 -0.0002748
 0.0079327 -0.0001133
 0.0083300 -0.0003791
 0.0081641 -0.0001135
 0.0086635 -0.0003309
 0.0086591  0.0001858
 0.0083784  0.0007784
 0.0076960  0.0014199
 0.0068763  0.0020465
 0.0055609  0.0024853
 0.0045168  0.0027357
 0.0031751  0.0028568
 0.0020648  0.0026102
 0.0019134  0.0025803
 0.0012626  0.0018585
 0.0011108  0.0013316
 0.0009355  0.0001745
 0.0010292 -0.0011961
 0.0007599 -0.0025870
 0.0010405 -0.0036767
 0.0012912 -0.0049990
 0.0019412 -0.0059252
 0.0028456 -0.0067561
 0.0041106 -0.0075850
 0.0049697 -0.0075915
 0.0061123 -0.0079234
 0.0063916 -0.0079671
 0.0066274 -0.0073175
 0.0065909 -0.0068415
 0.0062323 -0.0067127
 0.0060837 -0.0066941
 0.0056871 -0.0070942
 0.0046620 -0.0071495
 0.0043684 -0.0069516
 0.0037696 -0.0069585
 0.0033037 -0.0066286
 0.0032117 -0.0063326
 0.0029536 -0.0064185
 0.0029730 -0.0061650
 0.0036594 -0.0065610
 0.0043243 -0.0070362
 0.0051120 -0.0072372
 0.0060095 -0.0075004
 0.0064080 -0.0073740
 0.0070003 -0.0062148
 0.0074799 -0.0052562
 0.0071998 -0.0040550
 0.0070565 -0.0028546
 0.0064582 -0.0020604
 0.0053605 -0.0019614
 0.0039139 -0.0019623
 0.0026196 -0.0030116
 0.0011879 -0.0039624
 0.0005346 -0.0048950
 0.0001923 -0.0061151
-0.0003039 -0.0064897
 0.0001794 -0.0065970
 0.0006639 -0.0074033
 0.0015086 -0.0073678
 0.0026253 -0.0072233
 0.0035847 -0.0075254
 0.0048484 -0.0073499
 0.0060123 -0.0069409
 0.0068533 -0.0069539
 0.0074581 -0.0062555
 0.0077782 -0.0058784
 0.0083503 -0.0057076
 0.0079437 -0.0046151
 0.0083467 -0.0039029
 0.0081384 -0.0036832
 0.0075110 -0.0028934
 0.0071194 -0.0030041
 0.0060737 -0.0032721
 0.0053559 -0.0033331
 0.0046959 -0.0036230
 0.0041678 -0.0038172
 0.0033507 -0.0034216
 0.0030701 -0.0035197
 0.0023017 -0.0033361
 0.0023034 -0.0026526
 0.0024338 -0.0028314
 0.0026401 -0.0026894
 0.0035723 -0.0023547
 0.0039679 -0.0027307
 0.0039012 -0.0026335
 0.0042504 -0.0025483
 0.0039726 -0.0022084
 0.0031355 -0.0021959
 0.0024374 -0.0019989
 0.0014749 -0.0018987
 0.0005737 -0.0017437
 0.0001910 -0.0014897
-0.0006113 -0.0014756
-0.0009391 -0.0008837
-0.0009436 -0.0013492
-0.0010284 -0.0014724
-0.0014366 -0.0021847
-0.0008250 -0.0034686
-0.0002145 -0.0045942
 0.0004791 -0.0051251
 0.0017114 -0.0056915
 0.0021031 -0.0049962
 0.0022182 -0.0035185
 0.0023728 -0.0022923
 0.0015608 -0.0013638
 0.0003935 -0.0004489
-0.0002736  0.0001534
-0.0010787  0.0002035
-0.0019235  0.0002196
-0.0022445 -0.0001195
-0.0025248 -0.0006233
-0.0027016 -0.0010661
-0.0027436 -0.0016006
-0.0028308 -0.0020171
-0.0024391 -0.0022431
-0.0028287 -0.0026258
-0.0029857 -0.0025736
-0.0032400 -0.0021226
-0.0037829 -0.0011588
-0.0041131 -0.0007373
-0.0042423 -0.0001002
-0.0047518 -0.0001022
-0.0051123 -0.0004639
-0.0050687 -0.0006557
-0.0050291 -0.0012290
-0.0045874 -0.0015524
-0.0037440 -0.0022436
-0.0023252 -0.0023591
-0.0009064 -0.0023962
 0.0007417 -0.0024738
 0.0021435 -0.0026631
 0.0036179 -0.0025525
 0.0039466 -0.0030536
 0.0043516 -0.0037448
 0.0044646 -0.0048159
 0.0044658 -0.0059262
 0.0048745 -0.0066138
 0.0054765 -0.0072889
 0.0059449 -0.0075578
 0.0064524 -0.0077536
 0.0068482 -0.0073580
 0.0070646 -0.0068332
 0.0072855 -0.0058622
 0.0069242 -0.0055643
 0.0069859 -0.0052143
 0.0067930 -0.0045736
 0.0069011 -0.0038756
 0.0073912 -0.0030451
 0.0072337 -0.0019199
 0.0071138 -0.0005601
 0.0072672  0.0003410
 0.0068300  0.0011437
 0.0075305  0.0015107
 0.0075758  0.0012228
 0.0078528  0.0012212
 0.0087031  0.0010133
 0.0088429  0.0005922
 0.0093447  0.0009955
 0.0097093  0.0012669
 0.0094525  0.0012406
 0.0092159  0.0011082
 0.0090115  0.0011796
 0.0088863  0.0010427
 0.0089686  0.0010972
 0.0097780  0.0011339
 0.0103614  0.0014739
 0.0112693  0.0022910
 0.0121038  0.0030113
 0.0124401  0.0039447
 0.0124082  0.0052419
 0.0116160  0.0061786
 0.0106014  0.0069429
 0.0096033  0.0075537
 0.0082814  0.0074568
 0.0076734  0.0076688
 0.0066427  0.0078622
 0.0055752  0.0076869
 0.0042574  0.0073987
 0.0032255  0.0077414
 0.0014252  0.0076001
-0.0003384  0.0072310
-0.0016268  0.0070578
-0.0033185  0.0065596
-0.0044745  0.0058898
-0.0052452  0.0049721
-0.0052069  0.0037831
-0.0052674  0.0026930
-0.0052336  0.0020030
-0.0048141  0.0010255
-0.0049917  0.0004312
-0.0053208 -0.0003731
-0.0057052 -0.0014107
-0.0060730 -0.0020616
-0.0061142 -0.0025912
-0.0064037 -0.0030838
-0.0063327 -0.0034394
-0.0063557 -0.0037292
-0.0062492 -0.0037110
-0.0061947 -0.0034936
-0.0058152 -0.0034326
-0.0055987 -0.0034716
-0.0049055 -0.0031910
-0.0046434 -0.0034517
-0.0042311 -0.0032471
-0.0037091 -0.0032552
-0.0038168 -0.0030150
-0.0041027 -0.0030861
-0.0040635 -0.0029618
-0.0042981 -0.0033555
-0.0039025 -0.0036309
-0.0032355 -0.0042858
-0.0028741 -0.0049774
-0.0018667 -0.0055714
-0.0008061 -0.0063922
-0.0003122 -0.0069824
 0.0005858 -0.0074806
 0.0015003 -0.0077512
 0.0020883 -0.0082114
 0.0027888 -0.0080980
 0.0031728 -0.0077027
 0.0029253 -0.0074795
 0.0031013 -0.0069837
 0.0033868 -0.0068315
 0.0033723 -0.0065606
 0.0037438 -0.0062905
 0.0048614 -0.0057700
 0.0053653 -0.0045229
 0.0054416 -0.0034328
 0.0055554 -0.0020511
 0.0053220 -0.0011528
 0.0043223 -0.0000627
 0.0035495  0.0004771
 0.0027081  0.0005010
 0.0018655  0.0003286
 0.0013899  0.0000205
 0.0009164 -0.0008274
 0.0004626 -0.0015933
 0.0010557 -0.0025336
 0.0015378 -0.0034319
 0.0020178 -0.0035825
 0.0024785 -0.0038655
 0.0027862 -0.0036709
 0.0024567 -0.0034202
 0.0022609 -0.0024798
 0.0013395 -0.0023515
 0.0006656 -0.0015521
 0.0000681 -0.0014819
-0.0007976 -0.0008932
-0.0011295 -0.0005699
-0.0015781 -0.0001181
-0.0018749  0.0001455
-0.0020360  0.0002170
-0.0019699 -0.0000382
-0.0018350 -0.0006919
-0.0015112 -0.0016759
-0.0008192 -0.0027382
-0.0003161 -0.0037960
 0.0007652 -0.0045086
 0.0013717 -0.0049552
 0.0013253 -0.0051333
 0.0010451 -0.0051959
 0.0003588 -0.0050465
-0.0002388 -0.0052823
-0.0007633 -0.0057010
-0.0012870 -0.0065388
-0.0015075 -0.0069497
-0.0013787 -0.0072969
-0.0019964 -0.0075721
-0.0027272 -0.0069297
-0.0028592 -0.0066462
-0.0036829 -0.0068299
-0.0038710 -0.0066296
-0.0040616 -0.0065234
-0.0041883 -0.0061539
-0.0044948 -0.0062270
-0.0040135 -0.0064135
-0.0043603 -0.0069327
-0.0040208 -0.0074689
-0.0039845 -0.0082808
-0.0037418 -0.0087492
-0.0031560 -0.0092745
-0.0023611 -0.0096040
-0.0014660 -0.0092608
-0.0001135 -0.0091437
 0.0010472 -0.0088130
 0.0018119 -0.0081363
 0.0031684 -0.0076268
 0.0039372 -0.0071237
 0.0040188 -0.0063747
 0.0045364 -0.0058163
 0.0042364 -0.0057037
 0.0041105 -0.0056463
 0.0038856 -0.0058446
 0.0035445 -0.0065924
 0.0034791 -0.0073442
 0.0040799 -0.0074617
 0.0049170 -0.0078476
 0.0058069 -0.0076187
 0.0070811 -0.0065423
 0.0078584 -0.0056948
 0.0083660 -0.0043459
 0.0085057 -0.0032118
 0.0087605 -0.0027103
 0.0084940 -0.0019387
 0.0082457 -0.0018987
 0.0078254 -0.0018228
 0.0076110 -0.0016117
 0.0069561 -0.0017675
 0.0057230 -0.0018446
 0.0049305 -0.0020013
 0.0038237 -0.0024963
 0.0029903 -0.0028185
 0.0022869 -0.0027736
 0.0020091 -0.0029201
 0.0016013 -0.0029496
 0.0014071 -0.0033448
 0.0014689 -0.0036706
 0.0014528 -0.0040187
 0.0017229 -0.0043728
 0.0020322 -0.0042097
 0.0025142 -0.0037523
 0.0030851 -0.0028544
 0.0033907 -0.0018769
 0.0035942 -0.0004323
 0.0038986  0.0005501
 0.0036317  0.0020464
 0.0034783  0.0032935
 0.0030576  0.0042673
 0.0023656  0.0050647
 0.0007546  0.0052888
-0.0003779  0.0048442
-0.0018823  0.0042289
-0.0032470  0.0033495
-0.0049564  0.0024945
-0.0056254  0.0016175
-0.0061963  0.0010297
-0.0059968  0.0003688
-0.0055680  0.0000850
-0.0051549 -0.0000252
-0.0045158 -0.0003267
-0.0042416 -0.0005189
-0.0034506 -0.0003627
-0.0033170 -0.0003833
-0.0027017 -0.0002121
-0.0015526 -0.0006102
-0.0013826 -0.0009525
-0.0011501 -0.0012965
-0.0010338 -0.0016356
-0.0012829 -0.0026260
-0.0019745 -0.0029118
-0.0025535 -0.0034662
-0.0033082 -0.0043899
-0.0041762 -0.0051644
-0.0045502 -0.0056420
-0.0049233 -0.0060098
-0.0053299 -0.0058395
-0.0050650 -0.0057034
-0.0049673 -0.0054761
-0.0042918 -0.0045765
-0.0038836 -0.0043525
-0.0035884 -0.0035329
-0.0028725 -0.0029883
-0.0022725 -0.0027708
-0.0024070 -0.0025556
-0.0014929 -0.0025278
-0.0010408 -0.0025990
-0.0009544 -0.0027181
-0.0000247 -0.0031190
 0.0010606 -0.0033031
 0.0016319 -0.0038715
 0.0025294 -0.0040948
 0.0031092 -0.0044904
 0.0032513 -0.0048126
 0.0033596 -0.0052333
 0.0036338 -0.0051057
 0.0039475 -0.0049237
 0.0040295 -0.0049334
 0.0039774 -0.0042754
 0.0037287 -0.0039213
 0.0036371 -0.0037405
 0.0031772 -0.0033457
 0.0031603 -0.0023145
 0.0033880 -0.0020671
 0.0035975 -0.0014231
 0.0039597 -0.0007355
 0.0042855 -0.0004776
 0.0048511  0.0000723
 0.0052298  0.0010477
 0.0058015  0.0015867
 0.0058507  0.0022057
 0.0058297  0.0029276
 0.0059641  0.0030355
 0.0052725  0.0030816
 0.0048696  0.0033610
 0.0043867  0.0030025
 0.0034439  0.0031814
 0.0022896  0.0033938
 0.0016868  0.0039623
 0.0011098  0.0039636
 0.0012991  0.0038603
 0.0017566  0.0036564
 0.0021179  0.0036488
 0.0027316  0.0032378
 0.0033296  0.0030521
 0.0031547  0.0030195
 0.0029860  0.0031947
 0.0018947  0.0033291
 0.0008239  0.0035362
-0.0001002  0.0033679
-0.0009219  0.0026218
-0.0018392  0.0020893
-0.0022207  0.0011591
-0.0020596  0.0002689
-0.0018229 -0.0003222
-0.0013231 -0.0009504
-0.0006835 -0.0010247
-0.0003916 -0.0011575
-0.0002180 -0.0010049
-0.0003645 -0.0009290
-0.0003423 -0.0006872
-0.0004380 -0.0005786
-0.0007036 -0.0002383
-0.0007077 -0.0000312
-0.0007707  0.0000072
-0.0007901 -0.0003174
-0.0005409 -0.0001822
-0.0003835 -0.0006561
-0.0004343 -0.0007704
-0.0002752 -0.0003513
-0.0004997 -0.0001075
-0.0009975  0.0001525
-0.0011343 -0.0000442
-0.0014186 -0.0005348
-0.0016652 -0.0012486
-0.0018695 -0.0023476
-0.0019046 -0.0034467
-0.0020520 -0.0037628
-0.0019143 -0.0040544
-0.0019559 -0.0034100
-0.0019958 -0.0028739
-0.0020552 -0.0016303
-0.0020350 -0.0004062
-0.0016304  0.0010848
-0.0008791  0.0029186
-0.0004979  0.0046543
 0.0002672  0.0062583
 0.0006257  0.0073856
 0.0009001  0.0079964
 0.0009635  0.0078054
 0.0015993  0.0071554
 0.0019274  0.0060411
 0.0021789  0.0051556
 0.0032035  0.0037938
 0.0030581  0.0032128
 0.0030900  0.0029588
 0.0028203  0.0024816
 0.0026269  0.0023067
 0.0024537  0.0024812
 0.0023753  0.0025438
 0.0022005  0.0027562
 0.0018335  0.0030832
 0.0015052  0.0033925
 0.0009505  0.0042714
 0.0003025  0.0049994
-0.0003851  0.0048839
-0.0016537  0.0053167
-0.0023663  0.0049315
-0.0031993  0.0045124
-0.0035138  0.0044216
-0.0034403  0.0041479
-0.0030855  0.0039155
-0.0029841  0.0040068
-0.0020967  0.0034654
-0.0013396  0.0028393
-0.0005203  0.0019926
 0.0002384  0.0011471
 0.0006515 -0.0001082
 0.0008542 -0.0005798
 0.0008934 -0.0006218
 0.0002248 -0.0009331
-0.0007482 -0.0016825
-0.0012452 -0.0017511
-0.0017588 -0.0023846
-0.0025198 -0.0029599
-0.0028267 -0.0033471
-0.0036660 -0.0039265
-0.0044546 -0.0043158
-0.0053045 -0.0038196
-0.0066135 -0.0040792
-0.0074965 -0.0040235
-0.0081917 -0.0041357
-0.0092976 -0.0043618
-0.0095224 -0.0045249
-0.0101155 -0.0052262
-0.0103206 -0.0058176
-0.0102390 -0.0066792
-0.0102427 -0.0073983
-0.0094182 -0.0081574
-0.0086762 -0.0088015
-0.0077589 -0.0087539
-0.0069348 -0.0090083
-0.0067543 -0.0085072
-0.0064269 -0.0079686
-0.0063025 -0.0074465
-0.0061030 -0.0071707
-0.0059810 -0.0065352
-0.0063177 -0.0060148
-0.0058162 -0.0058330
-0.0053894 -0.0057781
-0.0047341 -0.0057349
-0.0036230 -0.0052944
-0.0026766 -0.0054713
-0.0016188 -0.0056163
-0.0006223 -0.0056401
 0.0002809 -0.0056099
 0.0011267 -0.0056552
 0.0020279 -0.0057294
 0.0022794 -0.0051945
 0.0024316 -0.0045198
 0.0027215 -0.0040385
 0.0027793 -0.0037935
 0.0029852 -0.0034083
 0.0028608 -0.0033356
 0.0028728 -0.0033558
 0.0030807 -0.0036998
 0.0031389 -0.0032561
 0.0027008 -0.0026242
 0.0028410 -0.0018506
 0.0025790 -0.0006951
 0.0020860  0.0005162
 0.0019907  0.0015422
 0.0022943  0.0025253
 0.0022176  0.0032581
 0.0029350  0.0038771
 0.0028106  0.0046854
 0.0028700  0.0046870
 0.0029628  0.0050472
 0.0025987  0.0048666
 0.0023706  0.0048581
 0.0022179  0.0043958
 0.0016830  0.0037179
 0.0018744  0.0030081
 0.0020411  0.0026851
 0.0024173  0.0022491
 0.0029107  0.0024623
 0.0029979  0.0029819
 0.0024734  0.0038653
 0.0018515  0.0047734
 0.0007917  0.0052906
-0.0007070  0.0058926
-0.0022207  0.0062378
-0.0029660  0.0065067
-0.0034622  0.0066165
-0.0035348  0.0067445
-0.0032776  0.0068175
-0.0034121  0.0067610
-0.0032736  0.0067408
-0.0023873  0.0067085
-0.0022286  0.0066557
-0.0014211  0.0068221
-0.0012281  0.0068266
-0.0012087  0.0065795
-0.0011328  0.0059779
-0.0018834  0.0050849
-0.0024051  0.0037897
-0.0032324  0.0021502
-0.0037895  0.0004480
-0.0042930 -0.0015566
-0.0042418 -0.0024678
-0.0036358 -0.0034743
-0.0031065 -0.0038901
-0.0019607 -0.0038610
-0.0014241 -0.0031625
-0.0008302 -0.0025463
-0.0005165 -0.0016795
-0.0004115 -0.0012455
-0.0007510 -0.0005644
-0.0010897 -0.0004970
-0.0011821 -0.0006380
-0.0014369 -0.0007636
-0.0010401 -0.0018065
-0.0008003 -0.0026346
-0.0004681 -0.0036928
 0.0004811 -0.0046675
 0.0009720 -0.0054164
 0.0017977 -0.0053034
 0.0027235 -0.0052828
 0.0034669 -0.0047139
 0.0042829 -0.0032407
 0.0048131 -0.0020512
 0.0045745 -0.0010795
 0.0046000 -0.0004121
 0.0044171 -0.0000144
 0.0039989 -0.0003261
 0.0042262 -0.0001776
 0.0045677 -0.0003492
 0.0044135  0.0001664
 0.0054813  0.0005738
 0.0054987  0.0006893
 0.0061891  0.0007413
 0.0067184  0.0006985
 0.0070595  0.0003287
 0.0074939  0.0001082
 0.0071971 -0.0003360
 0.0065370 -0.0002023
 0.0053830 -0.0003743
 0.0043078  0.0000113
 0.0030219  0.0005709
 0.0015874  0.0011697
 0.0003810  0.0020547
-0.0001317  0.0030366
-0.0011394  0.0036830
-0.0012500  0.0040104
-0.0014394  0.0045987
-0.0013182  0.0047799
-0.0008806  0.0047697
-0.0008277  0.0048739
-0.0002790  0.0051972
 0.0003980  0.0051775
 0.0011146  0.0054104
 0.0020662  0.0056458
 0.0022603  0.0057295
 0.0025029  0.0057004
 0.0019392  0.0059411
 0.0018156  0.0056250
 0.0011620  0.0053287
-0.0002358  0.0053026
-0.0009573  0.0051795
-0.0025367  0.0050725
-0.0034656  0.0053177
-0.0047010  0.0050363
-0.0053425  0.0047323
-0.0053142  0.0044876
-0.0051741  0.0038743
-0.0047090  0.0030507
-0.0039745  0.0025941
-0.0036252  0.0018068
-0.0035845  0.0010231
-0.0032994  0.0004696
-0.0034181 -0.0001457
-0.0034610 -0.0000715
-0.0031598 -0.0000557
-0.0030221  0.0001816
-0.0030415  0.0007472
-0.0025392  0.0009337
-0.0025759  0.0016952
-0.0027697  0.0012147
-0.0025166  0.0009495
-0.0029211 -0.0005985
-0.0027128 -0.0022627
-0.0020838 -0.0038082
-0.0020434 -0.0056057
-0.0014099 -0.0068714
-0.0009613 -0.0085013
-0.0008604 -0.0090048
-0.0003952 -0.0091082
-0.0002773 -0.0092245
-0.0003928 -0.0086165
-0.0001663 -0.0075845
 0.0003303 -0.0064714
 0.0010195 -0.0060374
 0.0020777 -0.0053939
 0.0028138 -0.0051533
 0.0034360 -0.0052583
 0.0041345 -0.0054170
 0.0045476 -0.0058591
 0.0045723 -0.0064365
 0.0048803 -0.0071576
 0.0054424 -0.0078972
 0.0055038 -0.0082347
 0.0062144 -0.0087531
 0.0068834 -0.0091564
 0.0077167 -0.0093939
 0.0086773 -0.0092853
 0.0095998 -0.0089474
 0.0109674 -0.0088025
 0.0114829 -0.0078517
 0.0118245 -0.0075881
 0.0115152 -0.0068056
 0.0118135 -0.0061003
 0.0116063 -0.0055440
 0.0120516 -0.0046020
 0.0125303 -0.0038066
 0.0133579 -0.0024528
 0.0138419 -0.0014857
 0.0145803 -0.0004400
 0.0148976  0.0006005
 0.0147765  0.0016155
 0.0144870  0.0022594
 0.0140816  0.0026910
 0.0133751  0.0027212
 0.0129387  0.0028113
 0.0119265  0.0027656
 0.0112022  0.0026158
 0.0103983  0.0027366
 0.0095420  0.0025630
 0.0088920  0.0027382
 0.0081697  0.0027345
 0.0072480  0.0029578
 0.0064974  0.0030599
 0.0059547  0.0034155
 0.0051395  0.0042896
 0.0049000  0.0047474
 0.0046400  0.0053244
 0.0038655  0.0058093
 0.0029575  0.0059515
 0.0015355  0.0056342
 0.0001526  0.0049902
-0.0014765  0.0034496
-0.0024560  0.0020967
-0.0033753  0.0002427
-0.0032029 -0.0011675
-0.0036862 -0.0020428
-0.0033192 -0.0021675
-0.0033769 -0.0023661
-0.0035073 -0.0016631
-0.0038093 -0.0013845
-0.0039397 -0.0011777
-0.0042199 -0.0008845
-0.0040277 -0.0009576
-0.0039089 -0.0017284
-0.0040818 -0.0024854
-0.0037010 -0.0034105
-0.0038553 -0.0048345
-0.0035767 -0.0056573
-0.0030046 -0.0059956
-0.0026223 -0.0061785
-0.0022153 -0.0062814
-0.0016504 -0.0062147
-0.0013144 -0.0058097
-0.0013382 -0.0058517
-0.0013838 -0.0056850
-0.0013142 -0.0059398
-0.0014208 -0.0061293
-0.0011248 -0.0064673
-0.0008676 -0.0071533
-0.0010751 -0.0075725
-0.0006915 -0.0080215
-0.0006491 -0.0081636
-0.0006830 -0.0078278
-0.0006071 -0.0073146
-0.0004105 -0.0065165
-0.0000644 -0.0059266
-0.0000124 -0.0047445
 0.0000813 -0.0039075
 0.0006179 -0.0028792
 0.0009437 -0.0021969
 0.0006982 -0.0016717
 0.0010644 -0.0006463
 0.0015828 -0.0000855
 0.0018336  0.0000904
 0.0022119  0.0004659
 0.0025708  0.0006326
 0.0030831  0.0009951
 0.0036435  0.0009576
 0.0041571  0.0011732
 0.0046359  0.0010598
 0.0051737  0.0016751
 0.0052863  0.0019073
 0.0046480  0.0022000
 0.0046867  0.0027641
 0.0038796  0.0030980
 0.0034412  0.0039851
 0.0031747  0.0047769
 0.0024524  0.0055815
 0.0018949  0.0066329
 0.0013485  0.0067911
 0.0004607  0.0069462
-0.0003949  0.0068707
-0.0011908  0.0071053
-0.0022692  0.0068780
-0.0031312  0.0071114
-0.0034162  0.0070310
-0.0033379  0.0072789
-0.0032188  0.0073092
-0.0023119  0.0072841
-0.0018266  0.0074108
-0.0014390  0.0076938
-0.0013610  0.0073095
-0.0017825  0.0074798
-0.0023962  0.0069622
-0.0033229  0.0065299
-0.0045237  0.0064588
-0.0056053  0.0065235
-0.0067549  0.0061282
-0.0074773  0.0063508
-0.0085465  0.0063165
-0.0086963  0.0058486
-0.0093420  0.0059701
-0.0095811  0.0051913
-0.0099881  0.0045854
-0.0101637  0.0035171
-0.0098770  0.0024702
-0.0093384  0.0017624
-0.0089710  0.0011157
-0.0082923  0.0005513
-0.0072700  0.0000793
-0.0069154 -0.0001027
-0.0062532 -0.0004515
-0.0058365 -0.0009032
-0.0052328 -0.0012992
-0.0047261 -0.0016263
-0.0040470 -0.0021019
-0.0036000 -0.0022041
-0.0029859 -0.0026256
-0.0023491 -0.0027394
-0.0019175 -0.0026425
-0.0011786 -0.0028169
-0.0000969 -0.0025699
 0.0006420 -0.0023409
 0.0019700 -0.0026329
 0.0028550 -0.0026708
 0.0035619 -0.0029942
 0.0041978 -0.0037403
 0.0048664 -0.0041098
 0.0054038 -0.0044142
 0.0062533 -0.0043799
 0.0070201 -0.0046557
 0.0079059 -0.0044090
 0.0088858 -0.0038257
 0.0095588 -0.0035212
 0.0103647 -0.0031211
 0.0112288 -0.0028353
 0.0117488 -0.0028955
 0.0125022 -0.0029871
 0.0131402 -0.0032689
 0.0133615 -0.0032524
 0.0137168 -0.0034833
 0.0133684 -0.0035653
 0.0125794 -0.0033078
 0.0122059 -0.0032379
 0.0115784 -0.0030159
 0.0110507 -0.0031048
 0.0105399 -0.0024798
 0.0101543 -0.0018941
 0.0097093 -0.0013305
 0.0095410 -0.0007084
 0.0088914 -0.0001230
 0.0081267 -0.0001900
 0.0072869 -0.0007097
 0.0055976 -0.0012552
 0.0040073 -0.0016646
 0.0026071 -0.0021512
 0.0010894 -0.0025259
 0.0005120 -0.0024391
 0.0000856 -0.0025066
-0.0004756 -0.0023645
-0.0008608 -0.0016229
-0.0013441 -0.0019322
-0.0025505 -0.0018938
-0.0034508 -0.0023351
-0.0038303 -0.0031798
-0.0039793 -0.0036829
-0.0036514 -0.0044359
-0.0030531 -0.0043636
-0.0020401 -0.0040249
-0.0013723 -0.0033155
-0.0011066 -0.0025448
-0.0011131 -0.0018515
-0.0015077 -0.0016718
-0.0019409 -0.0018155
-0.0021247 -0.0020412
-0.0027485 -0.0023028
-0.0028754 -0.0026221
-0.0032642 -0.0028413
-0.0039780 -0.0028756
-0.0044957 -0.0033838
-0.0046895 -0.0036483
-0.0049026 -0.0035489
-0.0044868 -0.0032178
-0.0046261 -0.0025617
-0.0045188 -0.0018261
-0.0046197 -0.0006265
-0.0052124  0.0002222
-0.0056949  0.0006155
-0.0062283  0.0007569
-0.0065896  0.0003798
-0.0067361 -0.0002056
-0.0064664 -0.0011951
-0.0063097 -0.0022667
-0.0056702 -0.0029699
-0.0049369 -0.0037322
-0.0044879 -0.0038614
-0.0041152 -0.0045800
-0.0042416 -0.0048989
-0.0042161 -0.0055759
-0.0045508 -0.0062425
-0.0042197 -0.0069054
-0.0042289 -0.0075356
-0.0037787 -0.0077238
-0.0032311 -0.0076971
-0.0026287 -0.0077701
-0.0018135 -0.0075739
-0.0011957 -0.0074334
-0.0005776 -0.0073752
-0.0003684 -0.0069852
 0.0000462 -0.0066799
-0.0003221 -0.0057953
-0.0006919 -0.0046875
-0.0013052 -0.0036579
-0.0018935 -0.0031121
-0.0022923 -0.0017600
-0.0023617 -0.0009881
-0.0024271 -0.0004209
-0.0019967  0.0004572
-0.0013987  0.0004725
-0.0009327  0.0002065
-0.0002415 -0.0000777
 0.0001061 -0.0003046
 0.0001130 -0.0013007
 0.0001506 -0.0016095
 0.0004994 -0.0015797
 0.0004982 -0.0014118
 0.0008265 -0.0004251
 0.0015766  0.0006573
 0.0017902  0.0019335
 0.0020745  0.0039918
 0.0019323  0.0057650
 0.0014268  0.0068700
 0.0010137  0.0083210
-0.0000002  0.0091463
-0.0006245  0.0094350
-0.0017316  0.0093611
-0.0019388  0.0090595
-0.0023931  0.0085101
-0.0019421  0.0080381
-0.0014327  0.0074882
-0.0011501  0.0067490
-0.0006733  0.0063897
-0.0005763  0.0054373
-0.0004370  0.0048689
-0.0001015  0.0042217
-0.0000695  0.0035939
-0.0002858  0.0031740
-0.0000064  0.0030812
-0.0005159  0.0029253
-0.0007420  0.0027880
-0.0016335  0.0027654
-0.0021208  0.0025369
-0.0029220  0.0028429
-0.0032406  0.0023500
-0.0034586  0.0022224
-0.0031409  0.0020997
-0.0029165  0.0017029
-0.0030513  0.0011966
-0.0029524  0.0007445
-0.0028337 -0.0000037
-0.0034845 -0.0006529
-0.0034215 -0.0015347
-0.0032293 -0.0021875
-0.0026721 -0.0033519
-0.0016567 -0.0040427
-0.0005807 -0.0049213
 0.0006265 -0.0054748
 0.0017421 -0.0060150
 0.0027801 -0.0062080
 0.0031843 -0.0064038
 0.0039240 -0.0065286
 0.0044836 -0.0066320
 0.0045486 -0.0065465
 0.0045890 -0.0063285
 0.0047235 -0.0062389
 0.0050436 -0.0061416
 0.0051934 -0.0060633
 0.0054792 -0.0063838
 0.0058636 -0.0062045
 0.0060174 -0.0064851
 0.0063485 -0.0065347
 0.0068084 -0.0059961
 0.0072319 -0.0051107
 0.0075763 -0.0039976
 0.0072646 -0.0027302
 0.0070902 -0.0012190
 0.0071754 -0.0002407
 0.0072198  0.0009592
 0.0070588  0.0020057
 0.0070108  0.0023383
 0.0072745  0.0025179
 0.0074187  0.0024121
 0.0082464  0.0020999
 0.0088246  0.0023070
 0.0096135  0.0027294
 0.0102034  0.0034218
 0.0102352  0.0038861
 0.0101133  0.0044272
 0.0093687  0.0050078
 0.0089936  0.0053974
 0.0085817  0.0060132
 0.0086882  0.0060960
 0.0084928  0.0065372
 0.0080931  0.0065909
 0.0077528  0.0059905
 0.0071011  0.0057345
 0.0065876  0.0057026
 0.0053981  0.0049071
 0.0048797  0.0050125
 0.0044711  0.0053891
 0.0041033  0.0059616
 0.0037714  0.0065378
 0.0035953  0.0073836
 0.0035174  0.0078524
 0.0026295  0.0084948
 0.0014256  0.0083653
 0.0006241  0.0076434
-0.0007296  0.0070805
-0.0019335  0.0060364
-0.0026578  0.0051069
-0.0031754  0.0040261
-0.0029824  0.0030078
-0.0026748  0.0018995
-0.0022545  0.0012927
-0.0019040  0.0005035
-0.0018814 -0.0003496
-0.0020320 -0.0009878
-0.0021030 -0.0016374
-0.0027546 -0.0014089
-0.0031172 -0.0016468
-0.0031027 -0.0015390
-0.0028786 -0.0016642
-0.0027095 -0.0014434
-0.0023671 -0.0014463
-0.0017018 -0.0016562
-0.0012766 -0.0017543
-0.0004049 -0.0014394
-0.0003616 -0.0008051
 0.0001314 -0.0005470
 0.0001407 -0.0000431
-0.0003304 -0.0001715
-0.0011661 -0.0005538
-0.0020083 -0.0007436
-0.0029898 -0.0014360
-0.0032055 -0.0022035
-0.0034252 -0.0027014
-0.0029693 -0.0028952
-0.0026496 -0.0031620
-0.0019774 -0.0035056
-0.0014775 -0.0034051
-0.0009744 -0.0033231
-0.0004713 -0.0027837
-0.0001596 -0.0021481
-0.0006909 -0.0012651
-0.0006720 -0.0008165
-0.0005581  0.0000152
-0.0005948  0.0007884
 0.0000576  0.0015749
 0.0009745  0.0025298
 0.0016588  0.0032775
 0.0024978  0.0039804
 0.0029920  0.0042779
 0.0034869  0.0042173
 0.0039109  0.0047652
 0.0038003  0.0048511
 0.0038815  0.0051345
 0.0039247  0.0049766
 0.0037559  0.0055616
 0.0040091  0.0057716
 0.0043147  0.0064256
 0.0047932  0.0066017
 0.0056943  0.0070495
 0.0059035  0.0072276
 0.0057472  0.0077056
 0.0060783  0.0081445
 0.0057129  0.0084444
 0.0049017  0.0094303
 0.0042307  0.0099959
 0.0030453  0.0111546
 0.0021434  0.0121865
 0.0009341  0.0121090
-0.0003247  0.0120533
-0.0011100  0.0117659
-0.0016647  0.0107351
-0.0025074  0.0093765
-0.0031978  0.0081887
-0.0038345  0.0070049
-0.0045677  0.0059132
-0.0054313  0.0047868
-0.0059352  0.0042522
-0.0063967  0.0034867
-0.0070137  0.0033535
-0.0073040  0.0026239
-0.0076141  0.0025844
-0.0072350  0.0025852
-0.0071017  0.0027366
-0.0071409  0.0025448
-0.0068316  0.0025407
-0.0067706  0.0021951
-0.0064218  0.0020578
-0.0059397  0.0014639
-0.0049602  0.0010041
-0.0041321  0.0002959
-0.0028135  0.0003758
-0.0018203  0.0009585
-0.0010387  0.0013869
-0.0003213  0.0018480
 0.0002217  0.0016207
 0.0004668  0.0016158
 0.0008959  0.0013421
 0.0013295  0.0006056
 0.0017045 -0.0002048
 0.0023141 -0.0004575
 0.0031935 -0.0012428
 0.0034438 -0.0014297
 0.0038088 -0.0019388
 0.0039639 -0.0024648
 0.0036853 -0.0033732
 0.0037871 -0.0042049
 0.0036781 -0.0053680
 0.0037230 -0.0064738
 0.0039402 -0.0068675
 0.0047893 -0.0074416
 0.0053897 -0.0068852
 0.0063127 -0.0060422
 0.0069866 -0.0053534
 0.0075788 -0.0043800
 0.0083221 -0.0032164
 0.0087590 -0.0022047
 0.0091566 -0.0015256
 0.0091332 -0.0008595
 0.0090685 -0.0009072
 0.0086607 -0.0011264
 0.0088723 -0.0019166
 0.0087907 -0.0021132
 0.0088319 -0.0027689
 0.0089304 -0.0029450
 0.0088760 -0.0025445
 0.0086911 -0.0020648
 0.0081453 -0.0009170
 0.0075938  0.0000383
 0.0070488  0.0013028
 0.0064024  0.0023141
 0.0055210  0.0029250
 0.0048524  0.0029383
 0.0040268  0.0029734
 0.0038144  0.0023020
 0.0031995  0.0021893
 0.0029318  0.0015983
 0.0030848  0.0011606
 0.0030332  0.0010710
 0.0030695  0.0009176
 0.0037805  0.0008990
 0.0041640  0.0004339
 0.0045254  0.0005449
 0.0050757  0.0001016
 0.0053195  0.0003801
 0.0054083  0.0002440
 0.0053840  0.0006425
 0.0052613  0.0009094
 0.0047549  0.0009486
 0.0041780  0.0010459
 0.0035598  0.0009061
 0.0031883  0.0009396
 0.0030837  0.0007983
 0.0031499  0.0007971
 0.0038103  0.0005282
 0.0039565  0.0005322
 0.0045847  0.0000211
 0.0050062 -0.0003749
 0.0052343 -0.0006947
 0.0053865 -0.0010366
 0.0050603 -0.0009797
 0.0042124 -0.0009442
 0.0027726 -0.0008687
 0.0019074 -0.0004735
 0.0005415 -0.0000120
-0.0004623  0.0004297
-0.0009448  0.0005291
-0.0017155  0.0009381
-0.0016978  0.0010984
-0.0018492  0.0009713
-0.0018984  0.0003806
-0.0019270 -0.0000966
-0.0016072 -0.0006909
-0.0013269 -0.0011722
-0.0007423 -0.0017887
-0.0000498 -0.0017342
 0.0005457 -0.0016806
 0.0014440 -0.0015618
 0.0018623 -0.0013870
 0.0020670 -0.0013975
 0.0021598 -0.0015089
 0.0018336 -0.0020539
 0.0016838 -0.0028949
 0.0020512 -0.0034641
 0.0021769 -0.0042716
 0.0023412 -0.0043928
 0.0022561 -0.0047218
 0.0022679 -0.0048063
 0.0017996 -0.0047344
 0.0016555 -0.0052952
 0.0011852 -0.0057135
 0.0011537 -0.0063021
 0.0015272 -0.0068108
 0.0019754 -0.0069921
 0.0025197 -0.0068321
 0.0035069 -0.0063650
 0.0040653 -0.0057904
 0.0047557 -0.0050459
 0.0056549 -0.0046664
 0.0059495 -0.0042959
 0.0068203 -0.0036458
 0.0075571 -0.0034404
 0.0080642 -0.0031553
 0.0081344 -0.0026042
 0.0078122 -0.0025312
 0.0069551 -0.0022873
 0.0064048 -0.0024856
 0.0057419 -0.0022967
 0.0055570 -0.0023956
 0.0054464 -0.0020504
 0.0051016 -0.0013980
 0.0050592 -0.0009926
 0.0055522 -0.0008129
 0.0059127 -0.0007668
 0.0065946 -0.0011612
 0.0070132 -0.0018266
 0.0073956 -0.0018411
 0.0074105 -0.0019937
 0.0078122 -0.0016509
 0.0074569 -0.0011745
 0.0067196 -0.0004861
 0.0066505 -0.0008116
 0.0065410 -0.0004421
 0.0060904 -0.0004025
 0.0058727  0.0000436
 0.0054827  0.0006020
 0.0048823  0.0013061
 0.0038669  0.0014777
 0.0031118  0.0021427
 0.0024226  0.0023901
 0.0016765  0.0022186
 0.0010438  0.0022032
 0.0006042  0.0021492
 0.0001512  0.0019465
-0.0006704  0.0019897
-0.0009385  0.0015137
-0.0013031  0.0014666
-0.0021639  0.0007839
-0.0023334  0.0001972
-0.0032285 -0.0005707
-0.0033193 -0.0008186
-0.0032543 -0.0013972
-0.0032337 -0.0016956
-0.0027161 -0.0018527
-0.0023939 -0.0021995
-0.0018263 -0.0029840
-0.0015881 -0.0037079
-0.0015805 -0.0044330
-0.0013371 -0.0055061
-0.0016738 -0.0061977
-0.0019117 -0.0068873
-0.0021406 -0.0073678
-0.0020615 -0.0075027
-0.0021305 -0.0076214
-0.0023662 -0.0077683
-0.0029487 -0.0075184
-0.0026111 -0.0077844
-0.0025586 -0.0073585
-0.0024148 -0.0072240
-0.0018701 -0.0071053
-0.0015741 -0.0067976
-0.0014950 -0.0065296
-0.0017009 -0.0066991
-0.0022956 -0.0069664
-0.0030187 -0.0072183
-0.0038172 -0.0078312
-0.0042298 -0.0082507
-0.0039112 -0.0086783
-0.0034444 -0.0092169
-0.0024976 -0.0093897
-0.0017297 -0.0092775
-0.0005645 -0.0088907
 0.0003718 -0.0082798
 0.0010516 -0.0074739
 0.0013920 -0.0064408
 0.0015558 -0.0052598
 0.0020464 -0.0044540
 0.0020548 -0.0041710
 0.0020277 -0.0035424
 0.0021924 -0.0035662
 0.0018762 -0.0031273
 0.0019630 -0.0029925
 0.0019399 -0.0027417
 0.0019153 -0.0019899
 0.0020816 -0.0018341
 0.0018849 -0.0014517
 0.0015687 -0.0012055
 0.0013890 -0.0010384
 0.0013430 -0.0014486
 0.0011398 -0.0013602
 0.0010211 -0.0010921
 0.0016889 -0.0006500
 0.0013994  0.0001365
 0.0015940  0.0011543
 0.0012710  0.0021556
 0.0005463  0.0028307
-0.0004775  0.0034723
-0.0014299  0.0039960
-0.0029948  0.0045205
-0.0042096  0.0048940
-0.0054676  0.0055001
-0.0061734  0.0061158
-0.0070770  0.0064647
-0.0076770  0.0064631
-0.0078163  0.0065741
-0.0081514  0.0062462
-0.0082375  0.0055699
-0.0079961  0.0051702
-0.0084794  0.0044964
-0.0085702  0.0037095
-0.0083772  0.0031095
-0.0081935  0.0019139
-0.0080731  0.0010450
-0.0077020  0.0001423
-0.0067972 -0.0007783
-0.0053312 -0.0014283
-0.0041768 -0.0015030
-0.0026208 -0.0011905
-0.0016796 -0.0008836
-0.0010631 -0.0000200
-0.0010619 -0.0001524
-0.0020422 -0.0000749
-0.0026438 -0.0004007
-0.0033205 -0.0010342
-0.0038826 -0.0016895
-0.0043102 -0.0017917
-0.0044115 -0.0021801
-0.0050616 -0.0026618
-0.0051536 -0.0029017
-0.0049368 -0.0037140
-0.0042019 -0.0046584
-0.0030605 -0.0053182
-0.0014789 -0.0059347
-0.0000525 -0.0064984
 0.0014116 -0.0068134
 0.0025602 -0.0068764
 0.0033826 -0.0066749
 0.0041114 -0.0067573
 0.0039765 -0.0065523
 0.0044764 -0.0059794
 0.0044623 -0.0055397
 0.0044328 -0.0048958
 0.0041333 -0.0044379
 0.0040413 -0.0035251
 0.0035641 -0.0026643
 0.0032750 -0.0023240
 0.0031232 -0.0019016
 0.0026629 -0.0014587
 0.0033166 -0.0012984
 0.0034102 -0.0013505
 0.0038652 -0.0014401
 0.0048903 -0.0016233
 0.0054753 -0.0017933
 0.0058672 -0.0016540
 0.0065265 -0.0011557
 0.0072855 -0.0012700
 0.0076654 -0.0006765
 0.0079509  0.0001068
 0.0081983  0.0006841
 0.0086178  0.0017532
 0.0086727  0.0026395
 0.0090753  0.0035302
 0.0088661  0.0046514
 0.0089008  0.0054069
 0.0079371  0.0058539
 0.0070710  0.0057008
 0.0062437  0.0051634
 0.0055743  0.0042598
 0.0045128  0.0033340
 0.0033444  0.0020997
 0.0030202  0.0010678
 0.0023920  0.0003835
 0.0017101 -0.0001644
 0.0008921 -0.0005596
 0.0000956 -0.0006851
-0.0005685 -0.0004695
-0.0014446 -0.0005991
-0.0022530 -0.0005179
-0.0027661 -0.0002643
-0.0030895 -0.0000305
-0.0034133  0.0004338
-0.0034084  0.0005905
-0.0038073  0.0007467
-0.0039801  0.0008069
-0.0044379  0.0007136
-0.0049006  0.0006975
-0.0051163  0.0008736
-0.0050194  0.0014497
-0.0046193  0.0020412
-0.0047941  0.0029569
-0.0045099  0.0039706
-0.0050138  0.0046199
-0.0050356  0.0046562
-0.0050958  0.0037679
-0.0046387  0.0029786
-0.0036064  0.0015945
-0.0026507  0.0002690
-0.0016216 -0.0006144
-0.0005258 -0.0015903
-0.0001382 -0.0026816
 0.0000790 -0.0035815
-0.0002911 -0.0041750
-0.0003561 -0.0049732
-0.0007844 -0.0059704
-0.0011315 -0.0067937
-0.0015986 -0.0069447
-0.0020693 -0.0070250
-0.0028497 -0.0073553
-0.0034024 -0.0069387
-0.0036907 -0.0069415
-0.0036681 -0.0071571
-0.0033612 -0.0073538
-0.0024944 -0.0077022
-0.0016267 -0.0077438
-0.0007231 -0.0077677
-0.0000105 -0.0072784
 0.0005092 -0.0069982
 0.0007401 -0.0059861
 0.0004906 -0.0052036
-0.0000460 -0.0039605
-0.0003775 -0.0027698
-0.0007453 -0.0019486
-0.0009214 -0.0014266
-0.0005059 -0.0014464
-0.0001519 -0.0019854
 0.0002417 -0.0023693
 0.0006543 -0.0026184
 0.0008585 -0.0028510
 0.0014096 -0.0027424
 0.0016184 -0.0019596
 0.0023447 -0.0010629
 0.0030181 -0.0002223
 0.0038979  0.0007705
 0.0044704  0.0013652
 0.0049839  0.0020358
 0.0055116  0.0020189
 0.0054074  0.0016604
 0.0053076  0.0014367
 0.0055301  0.0006773
 0.0049737  0.0003600
 0.0047238 -0.0000764
 0.0042094 -0.0000183
 0.0037730  0.0004057
 0.0032417  0.0006863
 0.0026857  0.0013512
 0.0021483  0.0015728
 0.0016800  0.0023512
 0.0012846  0.0024869
 0.0007952  0.0029492
 0.0005945  0.0036255
 0.0002230  0.0038641
 0.0001064  0.0040487
-0.0002195  0.0038146
-0.0008905  0.0039204
-0.0015236  0.0036060
-0.0024982  0.0026689
-0.0028240  0.0014678
-0.0029560  0.0007067
-0.0024945 -0.0002930
-0.0020327 -0.0010984
-0.0014508 -0.0017892
-0.0010463 -0.0023674
-0.0007721 -0.0033259
-0.0011883 -0.0039247
-0.0014931 -0.0044459
-0.0024125 -0.0051364
-0.0030867 -0.0057056
-0.0036661 -0.0061849
-0.0046287 -0.0066782
-0.0049218 -0.0073242
-0.0049222 -0.0078389
-0.0042678 -0.0080876
-0.0035204 -0.0088899
-0.0023883 -0.0091018
-0.0015429 -0.0094466
-0.0011213 -0.0094672
-0.0004289 -0.0092553
-0.0001745 -0.0095238
-0.0004579 -0.0093497
-0.0001236 -0.0092355
-0.0002112 -0.0092314
 0.0003178 -0.0093057
 0.0014346 -0.0090348
 0.0026107 -0.0088567
 0.0037618 -0.0083544
 0.0049488 -0.0086366
 0.0054450 -0.0083657
 0.0063223 -0.0079211
 0.0068004 -0.0077140
 0.0069917 -0.0072635
 0.0079643 -0.0062558
 0.0084956 -0.0051148
 0.0091416 -0.0040704
 0.0097258 -0.0028875
 0.0101844 -0.0016794
 0.0100710 -0.0010088
 0.0100734 -0.0000899
 0.0102705  0.0002710
 0.0098418  0.0000974
 0.0098152  0.0001426
 0.0099436 -0.0003646
 0.0100148 -0.0006118
 0.0102130 -0.0008214
 0.0105796 -0.0014142
 0.0102308 -0.0011914
 0.0098831 -0.0010877
 0.0092452 -0.0007861
 0.0081926 -0.0004409
 0.0072329  0.0003585
 0.0062373  0.0007962
 0.0045133  0.0021862
 0.0034761  0.0030042
 0.0025898  0.0040382
 0.0016248  0.0050915
 0.0009134  0.0062228
 0.0002073  0.0067396
-0.0009075  0.0077950
-0.0018239  0.0082343
-0.0030134  0.0088047
-0.0043018  0.0095884
-0.0054561  0.0100075
-0.0066302  0.0105037
-0.0081532  0.0113665
-0.0090753  0.0115991
-0.0102519  0.0114687
-0.0110061  0.0116633
-0.0111656  0.0112260
-0.0110773  0.0109628
-0.0107188  0.0110489
-0.0105516  0.0108454
-0.0106102  0.0107373
-0.0103647  0.0107643
-0.0104616  0.0097583
-0.0107160  0.0093287
-0.0106619  0.0082245
-0.0106640  0.0068963
-0.0110104  0.0060630
-0.0111654  0.0054804
-0.0115304  0.0047767
-0.0120638  0.0045184
-0.0119883  0.0039120
-0.0123100  0.0030185
-0.0117117  0.0019325
-0.0106159  0.0006918
-0.0098826 -0.0005731
-0.0089201 -0.0016515
-0.0080718 -0.0027102
-0.0077629 -0.0040608
-0.0068989 -0.0049490
-0.0062089 -0.0062774
-0.0056529 -0.0073542
-0.0046400 -0.0078443
-0.0036419 -0.0083364
-0.0027960 -0.0084426
-0.0018121 -0.0084510
-0.0007700 -0.0079233
 0.0000638 -0.0073204
 0.0007809 -0.0061221
 0.0017487 -0.0048135
 0.0025434 -0.0038860
 0.0027796 -0.0030014
 0.0029980 -0.0024402
 0.0032347 -0.0022109
 0.0035860 -0.0018689
 0.0041674 -0.0013941
 0.0045207 -0.0009956
 0.0052959  0.0000125
 0.0059626  0.0005842
 0.0060878  0.0015568
 0.0062873  0.0023008
 0.0056203  0.0027571
 0.0052041  0.0030998
 0.0042819  0.0034026
 0.0028757  0.0030380
 0.0015634  0.0028846
 0.0007656  0.0026185
 0.0003525  0.0026775
-0.0001918  0.0024837
 0.0001292  0.0024397
 0.0001477  0.0028365
 0.0003028  0.0028865
 0.0004998  0.0031267
 0.0005015  0.0033863
 0.0009407  0.0042034
 0.0012488  0.0045203
 0.0010768  0.0045498
 0.0014938  0.0050588
 0.0021665  0.0049558
 0.0025468  0.0048912
 0.0027196  0.0048302
 0.0031213  0.0044999
 0.0031758  0.0043832
 0.0030369  0.0047470
 0.0028596  0.0046319
 0.0019730  0.0053203
 0.0011961  0.0058185
 0.0001177  0.0062833
-0.0014206  0.0064932
-0.0023634  0.0068602
-0.0031701  0.0074590
-0.0043038  0.0079362
-0.0051307  0.0088184
-0.0058211  0.0090881
-0.0063989  0.0095439
-0.0067085  0.0096017
-0.0065212  0.0096816
-0.0061179  0.0096114
-0.0055321  0.0094072
-0.0052939  0.0091682
-0.0048224  0.0093693
-0.0047954  0.0086466
-0.0050902  0.0086911
-0.0054423  0.0086127
-0.0057540  0.0086083
-0.0067557  0.0081056
-0.0070452  0.0078887
-0.0071623  0.0072726
-0.0070872  0.0065580
-0.0068789  0.0057904
-0.0066718  0.0048929
-0.0067481  0.0039292
-0.0067530  0.0032965
-0.0070837  0.0023990
-0.0073736  0.0020001
-0.0077192  0.0014841
-0.0083317  0.0011664
-0.0082868  0.0006759
-0.0088746  0.0001285
-0.0093239 -0.0003798
-0.0101148 -0.0005288
-0.0107402 -0.0000830
-0.0112117 -0.0002093
-0.0115747 -0.0005335
-0.0116498 -0.0006409
-0.0107853 -0.0014019
-0.0096573 -0.0018602
-0.0080896 -0.0026014
-0.0063437 -0.0035942
-0.0052553 -0.0037860
-0.0035527 -0.0041881
-0.0021533 -0.0045935
-0.0014035 -0.0044453
-0.0005795 -0.0039399
-0.0002484 -0.0038305
-0.0001874 -0.0032274
-0.0001672 -0.0026634
-0.0006856 -0.0019432
-0.0009356 -0.0011442
-0.0008197 -0.0009767
-0.0003574 -0.0008669
 0.0001021 -0.0006400
 0.0011999 -0.0003880
 0.0017958  0.0003375
 0.0019670  0.0006464
 0.0020042  0.0003924
 0.0016800  0.0006423
 0.0010110  0.0005825
 0.0003044  0.0003261
-0.0004215  0.0008162
-0.0008559  0.0012853
-0.0014801  0.0016002
-0.0019928  0.0021444
-0.0021809  0.0026729
-0.0020053  0.0031117
-0.0022532  0.0037028
-0.0023101  0.0041441
-0.0033078  0.0052766
-0.0041334  0.0064450
-0.0054206  0.0072707
-0.0070707  0.0076292
-0.0083583  0.0075711
-0.0090321  0.0069388
-0.0094391  0.0060384
-0.0098263  0.0053109
-0.0098461  0.0045054
-0.0098724  0.0042386
-0.0103367  0.0044893
-0.0109739  0.0048192
-0.0112218  0.0051672
-0.0113933  0.0057248
-0.0115052  0.0055573
-0.0111592  0.0053691
-0.0106852  0.0050878
-0.0108843  0.0043837
-0.0110486  0.0031717
-0.0111516  0.0023570
-0.0113899  0.0013158
-0.0113931  0.0006892
-0.0111061  0.0001126
-0.0103244 -0.0004809
-0.0097911 -0.0005608
-0.0086816 -0.0008366
-0.0078600 -0.0012561
-0.0075358 -0.0016191
-0.0071296 -0.0024217
-0.0061440 -0.0032582
-0.0055610 -0.0036902
-0.0044430 -0.0043039
-0.0033852 -0.0052591
-0.0023863 -0.0051857
-0.0017754 -0.0052321
-0.0011630 -0.0057732
-0.0009773 -0.0059129
-0.0011501 -0.0062250
-0.0013443 -0.0070132
-0.0012296 -0.0074920
-0.0011694 -0.0080447
-0.0007418 -0.0086774
-0.0001633 -0.0088461
 0.0003427 -0.0087476
 0.0010194 -0.0083402
 0.0015471 -0.0070688
 0.0027096 -0.0057376
 0.0034259 -0.0041783
 0.0038745 -0.0028544
 0.0042290 -0.0020089
 0.0045197 -0.0013779
 0.0051532 -0.0015882
 0.0057463 -0.0020691
 0.0062833 -0.0023566
 0.0072422 -0.0024502
 0.0076625 -0.0025826
 0.0076600 -0.0012583
 0.0073556 -0.0008372
 0.0071214  0.0000050
 0.0067681  0.0003033
 0.0064217  0.0007179
 0.0067426  0.0010142
 0.0067753  0.0016775
 0.0072150  0.0021850
 0.0075977  0.0027199
 0.0076208  0.0037519
 0.0081239  0.0039973
 0.0081691  0.0046312
 0.0081409  0.0052009
 0.0083198  0.0056357
 0.0085770  0.0057055
 0.0084430  0.0059057
 0.0087304  0.0059182
 0.0087490  0.0054700
 0.0083287  0.0053093
 0.0080683  0.0050016
 0.0077898  0.0047719
 0.0077196  0.0047347
 0.0078020  0.0051232
 0.0074076  0.0055467
 0.0067793  0.0059521
 0.0061059  0.0061100
 0.0053731  0.0063244
 0.0045732  0.0063672
 0.0036966  0.0064859
 0.0029536  0.0065873
 0.0028239  0.0065554
 0.0021266  0.0065179
 0.0016599  0.0063632
 0.0008693  0.0061880
 0.0001571  0.0061290
-0.0012637  0.0056066
-0.0023962  0.0049323
-0.0030338  0.0041491
-0.0034214  0.0034433
-0.0040924  0.0031785
-0.0041736  0.0026476
-0.0042087  0.0020206
-0.0037319  0.0022164
-0.0035760  0.0019346
-0.0034775  0.0021474
-0.0038409  0.0017502
-0.0041485  0.0011220
-0.0046980  0.0006476
-0.0048910 -0.0000371
-0.0056157 -0.0012270
-0.0061164 -0.0024952
-0.0065144 -0.0034739
-0.0068790 -0.0046520
-0.0065156 -0.0055585
-0.0065685 -0.0065061
-0.0056306 -0.0070722
-0.0051926 -0.0076964
-0.0045001 -0.0082779
-0.0036083 -0.0084915
-0.0034198 -0.0088048
-0.0032139 -0.0092267
-0.0029321 -0.0088093
-0.0032979 -0.0083474
-0.0032333 -0.0073449
-0.0030964 -0.0060480
-0.0022775 -0.0048645
-0.0015931 -0.0035450
-0.0003923 -0.0023632
 0.0005614 -0.0011862
 0.0013875 -0.0009544
 0.0019632 -0.0001469
 0.0022899  0.0001720
 0.0024804  0.0004929
 0.0026694  0.0005962
 0.0027840  0.0007093
 0.0035516  0.0009762
 0.0038370  0.0010347
 0.0045500  0.0006778
 0.0053967  0.0010901
 0.0056252  0.0014563
 0.0062640  0.0015136
 0.0061239  0.0021855
 0.0060229  0.0028682
 0.0056349  0.0039215
 0.0051430  0.0052265
 0.0044619  0.0055111
 0.0033988  0.0060138
 0.0027366  0.0063102
 0.0020825  0.0060268
 0.0019303  0.0057223
 0.0014167  0.0054563
 0.0015561  0.0056489
 0.0015597  0.0057260
 0.0012379  0.0063021
 0.0011402  0.0066090
 0.0007312  0.0067689
 0.0002240  0.0067128
-0.0002096  0.0063527
-0.0006421  0.0061435
-0.0011892  0.0059893
-0.0016415  0.0056796
-0.0020319  0.0054325
-0.0020368  0.0053275
-0.0025540  0.0050611
-0.0027018  0.0050211
-0.0026738  0.0051135
-0.0032168  0.0048963
-0.0038769  0.0046596
-0.0048507  0.0041109
-0.0056331  0.0037015
-0.0060361  0.0033485
-0.0062093  0.0032451
-0.0065133  0.0031491
-0.0063780  0.0032657
-0.0069098  0.0029415
-0.0073078  0.0024857
-0.0079017  0.0014732
-0.0081319  0.0004767
-0.0079574 -0.0008613
-0.0077164 -0.0019502
-0.0075037 -0.0030060
-0.0066970 -0.0037533
-0.0058729 -0.0044445
-0.0049649 -0.0046751
-0.0045389 -0.0052467
-0.0037451 -0.0054967
-0.0034709 -0.0057639
-0.0030845 -0.0063913
-0.0026828 -0.0069804
-0.0029484 -0.0070881
-0.0029109 -0.0072932
-0.0029158 -0.0070962
-0.0035860 -0.0067090
-0.0042009 -0.0061316
-0.0048671 -0.0051545
-0.0062632 -0.0047153
-0.0078252 -0.0038214
-0.0089101 -0.0039854
-0.0103744 -0.0038667
-0.0106203 -0.0040464
-0.0102920 -0.0046126
-0.0092386 -0.0046138
-0.0075134 -0.0044789
-0.0054079 -0.0040764
-0.0034748 -0.0036880
-0.0020233 -0.0030387
-0.0012260 -0.0026923
-0.0007330 -0.0021574
-0.0007000 -0.0013543
-0.0004331 -0.0008767
-0.0006402 -0.0001855
-0.0003705  0.0002405
 0.0001120  0.0005271
 0.0006312  0.0006051
 0.0010128  0.0007205
 0.0016810  0.0004323
 0.0023895  0.0001403
 0.0033819 -0.0001928
 0.0042435 -0.0002001
 0.0050231 -0.0002252
 0.0056509 -0.0000201
 0.0060102  0.0005379
 0.0061567  0.0012703
 0.0061309  0.0015970
 0.0054925  0.0018175
 0.0049741  0.0016713
 0.0047007  0.0020824
 0.0034532  0.0024300
 0.0025904  0.0028378
 0.0018826  0.0038726
 0.0009282  0.0038876
 0.0003730  0.0038088
-0.0001034  0.0037466
-0.0003819  0.0028434
-0.0007627  0.0017860
-0.0014523  0.0005949
-0.0019662 -0.0004011
-0.0023494 -0.0009571
-0.0026384 -0.0016042
-0.0026776 -0.0015114
-0.0027362 -0.0014396
-0.0024919 -0.0009107
-0.0024560 -0.0002514
-0.0033414  0.0007950
-0.0041708  0.0014951
-0.0050029  0.0019513
-0.0061427  0.0021972
-0.0066067  0.0016973
-0.0073964  0.0015043
-0.0075196  0.0013134
-0.0073311  0.0008769
-0.0073129  0.0002487
-0.0071627  0.0002713
-0.0072003  0.0000110
-0.0072144 -0.0004045
-0.0069769  0.0000849
-0.0074654  0.0003401
-0.0076273  0.0007120
-0.0081525  0.0008925
-0.0080672  0.0009749
-0.0080389  0.0011118
-0.0075552  0.0008478
-0.0068034 -0.0001087
-0.0058054 -0.0004082
-0.0049777 -0.0012799
-0.0044580 -0.0019415
-0.0041843 -0.0031200
-0.0039630 -0.0039933
-0.0041446 -0.0047927
-0.0048281 -0.0055751
-0.0054349 -0.0058428
-0.0059678 -0.0063955
-0.0065803 -0.0064896
-0.0071189 -0.0064532
-0.0073886 -0.0058965
-0.0067790 -0.0054039
-0.0063458 -0.0046466
-0.0056050 -0.0040446
-0.0041015 -0.0033825
-0.0029189 -0.0033515
-0.0022532 -0.0029877
-0.0015285 -0.0028173
-0.0013415 -0.0028355
-0.0003084 -0.0028202
-0.0001549 -0.0027475
 0.0003437 -0.0027556
 0.0004583 -0.0029229
 0.0004406 -0.0029383
 0.0005924 -0.0033134
 0.0003190 -0.0033995
 0.0003937 -0.0037471
 0.0006646 -0.0039146
 0.0011116 -0.0040426
 0.0020944 -0.0037672
 0.0026613 -0.0035499
 0.0035257 -0.0038503
 0.0039698 -0.0034655
 0.0048516 -0.0030465
 0.0054213 -0.0021506
 0.0056708 -0.0011788
 0.0057773 -0.0004036
 0.0058237  0.0005463
 0.0056408  0.0011758
 0.0054017  0.0017273
 0.0049107  0.0026321
 0.0045655  0.0028691
 0.0043596  0.0031957
 0.0038093  0.0037186
 0.0035909  0.0037215
 0.0034885  0.0037279
 0.0027904  0.0036545
 0.0023032  0.0035261
 0.0015846  0.0032803
 0.0010553  0.0031111
 0.0005409  0.0023605
 0.0003310  0.0020666
 0.0002478  0.0016184
-0.0000700  0.0010143
-0.0000822  0.0010502
-0.0004581  0.0007999
-0.0012580  0.0008229
-0.0016856  0.0009486
-0.0024007  0.0013435
-0.0033951  0.0015438
-0.0034480  0.0021474
-0.0040717  0.0018656
-0.0040463  0.0013137
-0.0037499  0.0005305
-0.0033978 -0.0004664
-0.0024538 -0.0016942
-0.0015926 -0.0021149
-0.0006535 -0.0024464
-0.0003115 -0.0023103
-0.0002029 -0.0023684
-0.0001691 -0.0022905
-0.0000585 -0.0024189
-0.0001146 -0.0031860
 0.0004789 -0.0038562
 0.0009457 -0.0050032
 0.0014682 -0.0056553
 0.0021836 -0.0060421
 0.0026108 -0.0065015
 0.0028079 -0.0063909
 0.0030191 -0.0060102
 0.0029230 -0.0054975
 0.0028668 -0.0053485
 0.0022858 -0.0052028
 0.0025074 -0.0051685
 0.0030383 -0.0051528
 0.0034893 -0.0049408
 0.0039988 -0.0047091
 0.0046863 -0.0037465
 0.0047453 -0.0034586
 0.0049230 -0.0029196
 0.0046061 -0.0022320
 0.0044761 -0.0013131
 0.0039597 -0.0003018
 0.0038838  0.0002320
 0.0033048  0.0009220
 0.0025159  0.0016124
 0.0019022  0.0019988
 0.0014766  0.0021191
 0.0008439  0.0026020
 0.0006493  0.0028366
 0.0007575  0.0033611
 0.0007659  0.0039752
 0.0008470  0.0044573
 0.0012200  0.0042264
 0.0012284  0.0043212
 0.0017783  0.0043951
 0.0022604  0.0041016
 0.0029552  0.0040139
 0.0034967  0.0037171
 0.0037111  0.0037602
 0.0038108  0.0031743
 0.0031200  0.0028957
 0.0019887  0.0021168
 0.0008356  0.0012434
-0.0005686  0.0006224
-0.0017617  0.0003099
-0.0033630  0.0003087
-0.0040813 -0.0002856
-0.0048570 -0.0007180
-0.0048631 -0.0010365
-0.0053076 -0.0018863
-0.0048465 -0.0025476
-0.0044626 -0.0029929
-0.0038622 -0.0029827
-0.0031092 -0.0025886
-0.0029299 -0.0020633
-0.0031551 -0.0011932
-0.0034385 -0.0009400
-0.0036509 -0.0003566
-0.0044972 -0.0002730
-0.0047253 -0.0004497
-0.0052066 -0.0005785
-0.0051274 -0.0010298
-0.0048536 -0.0017566
-0.0041418 -0.0022770
-0.0036169 -0.0030453
-0.0026564 -0.0033958
-0.0018848 -0.0038961
-0.0008133 -0.0038900
-0.0002028 -0.0044176
 0.0003668 -0.0050183
 0.0012207 -0.0053175
 0.0016030 -0.0060926
 0.0021392 -0.0066598
 0.0025054 -0.0070934
 0.0025697 -0.0076688
 0.0022754 -0.0075933
 0.0021156 -0.0075578
 0.0024907 -0.0072493
 0.0026894 -0.0065016
 0.0027689 -0.0053093
 0.0027887 -0.0044247
 0.0028113 -0.0034645
 0.0027843 -0.0027580
 0.0023599 -0.0025880
 0.0021786 -0.0020604
 0.0018495 -0.0025186
 0.0015398 -0.0031723
 0.0016008 -0.0038090
 0.0013731 -0.0043303
 0.0011870 -0.0054079
 0.0012290 -0.0055428
 0.0015238 -0.0058949
 0.0015044 -0.0057059
 0.0019877 -0.0054617
 0.0024734 -0.0055086
 0.0028058 -0.0056099
 0.0028187 -0.0056976
 0.0030178 -0.0062249
 0.0032561 -0.0064466
 0.0035084 -0.0070354
 0.0038541 -0.0071214
 0.0043878 -0.0075086
 0.0049809 -0.0072264
 0.0058853 -0.0071352
 0.0065026 -0.0067347
 0.0070280 -0.0062773
 0.0078573 -0.0052829
 0.0085905 -0.0040006
 0.0092083 -0.0027591
 0.0099374 -0.0011720
 0.0100497  0.0004898
 0.0099107  0.0016797
 0.0094476  0.0031352
 0.0085820  0.0039249
 0.0075443  0.0041724
 0.0060622  0.0048648
 0.0044266  0.0050615
 0.0027502  0.0054116
 0.0012183  0.0054721
 0.0008105  0.0057653
 0.0001625  0.0060919
-0.0003212  0.0067658
-0.0004601  0.0068941
-0.0006030  0.0068199
-0.0009386  0.0068388
-0.0006403  0.0066878
-0.0008014  0.0061784
-0.0005055  0.0061235
-0.0003755  0.0062071
 0.0000641  0.0063876
-0.0001834  0.0064320
-0.0006198  0.0069162
-0.0014728  0.0068976
-0.0020199  0.0066344
-0.0025758  0.0056379
-0.0027260  0.0041429
-0.0022512  0.0028226
-0.0019646  0.0009077
-0.0016057 -0.0002406
-0.0010550 -0.0009496
-0.0005176 -0.0019068
-0.0000432 -0.0022496
 0.0007949 -0.0021543
 0.0013529 -0.0017163
 0.0017550 -0.0018891
 0.0023659 -0.0017724
 0.0025197 -0.0014046
 0.0023073 -0.0013407
 0.0019181 -0.0011590
 0.0014562 -0.0009393
 0.0011696 -0.0008759
 0.0011926 -0.0006393
 0.0013158 -0.0009271
 0.0016695 -0.0007713
 0.0023289 -0.0012909
 0.0030084 -0.0015223
 0.0041272 -0.0021945
 0.0052061 -0.0025591
 0.0060317 -0.0031163
 0.0071840 -0.0034001
 0.0081264 -0.0040340
 0.0091455 -0.0043288
 0.0097616 -0.0047139
 0.0103999 -0.0052017
 0.0108953 -0.0050786
 0.0111259 -0.0049600
 0.0112991 -0.0050444
 0.0111783 -0.0049011
 0.0111593 -0.0049597
 0.0112151 -0.0049989
 0.0113652 -0.0047094
 0.0114242 -0.0044376
 0.0113281 -0.0037839
 0.0115187 -0.0027516
 0.0113232 -0.0015646
 0.0107669 -0.0004583
 0.0100175  0.0001832
 0.0092920  0.0009640
 0.0086424  0.0008775
 0.0075527  0.0013131
 0.0066164  0.0016115
 0.0055283  0.0019349
 0.0049566  0.0023568
 0.0040426  0.0027052
 0.0033526  0.0033532
 0.0024086  0.0041232
 0.0018304  0.0046589
 0.0011509  0.0052537
 0.0007830  0.0056562
 0.0005593  0.0062945
 0.0002092  0.0065065
-0.0002765  0.0067032
-0.0004764  0.0069418
-0.0008681  0.0069899
-0.0011584  0.0076158
-0.0019457  0.0080466
-0.0024407  0.0087225
-0.0031674  0.0091255
-0.0042329  0.0090616
-0.0050512  0.0090753
-0.0063916  0.0088185
-0.0069706  0.0081059
-0.0076639  0.0072427
-0.0075763  0.0058502
-0.0075909  0.0048627
-0.0068699  0.0040427
-0.0063224  0.0032599
-0.0060116  0.0029332
-0.0056548  0.0030301
-0.0051061  0.0033152
-0.0048598  0.0041590
-0.0044787  0.0052358
-0.0042320  0.0059529
-0.0043628  0.0064394
-0.0044383  0.0063163
-0.0041658  0.0060847
-0.0038379  0.0051961
-0.0033558  0.0044036
-0.0030590  0.0033769
-0.0030945  0.0022497
-0.0031817  0.0015032
-0.0033686  0.0005051
-0.0034029 -0.0006484
-0.0036880 -0.0017668
-0.0035539 -0.0025788
-0.0034413 -0.0027742
-0.0036961 -0.0031824
-0.0037397 -0.0028570
-0.0035911 -0.0028389
-0.0032080 -0.0027553
-0.0030336 -0.0025933
-0.0023976 -0.0024322
-0.0022526 -0.0021556
-0.0020519 -0.0021313
-0.0021597 -0.0024176
-0.0021665 -0.0026449
-0.0022718 -0.0036074
-0.0023227 -0.0041533
-0.0015083 -0.0057138
-0.0007169 -0.0059380
-0.0000996 -0.0066781
 0.0007673 -0.0068594
 0.0016705 -0.0070948
 0.0021502 -0.0067872
 0.0023415 -0.0065393
 0.0025321 -0.0060427
 0.0030077 -0.0053700
 0.0032523 -0.0045650
 0.0035749 -0.0042557
 0.0041494 -0.0034498
 0.0048055 -0.0037275
 0.0053902 -0.0038947
 0.0060883 -0.0042774
 0.0070388 -0.0049291
 0.0076747 -0.0049731
 0.0084669 -0.0050240
 0.0089058 -0.0043252
 0.0091718 -0.0034596
 0.0092990 -0.0021144
 0.0092484 -0.0013846
 0.0091192 -0.0007043
 0.0088999 -0.0002324
 0.0083140 -0.0000810
 0.0078097 -0.0006127
 0.0069869 -0.0010124
 0.0059496 -0.0008512
 0.0049560 -0.0010257
 0.0041356 -0.0006025
 0.0031202 -0.0000486
 0.0026434  0.0003713
 0.0022663  0.0003083
 0.0021480  0.0008008
 0.0019030  0.0012385
 0.0019962  0.0019062
 0.0018024  0.0025216
 0.0017398  0.0030606
 0.0015646  0.0036420
 0.0015589  0.0040155
 0.0015920  0.0044988
 0.0016432  0.0048242
 0.0011756  0.0052829
 0.0007686  0.0055053
 0.0003782  0.0054798
 0.0002013  0.0055896
-0.0001677  0.0054742
-0.0000922  0.0056518
 0.0000022  0.0061784
 0.0001779  0.0065099
 0.0003890  0.0065386
 0.0009656  0.0067566
 0.0013294  0.0065173
 0.0015430  0.0058939
 0.0019051  0.0053118
 0.0021022  0.0041943
 0.0023533  0.0030570
 0.0025899  0.0022831
 0.0026546  0.0011276
 0.0026445  0.0005967
 0.0022832 -0.0000880
 0.0022873 -0.0011393
 0.0014665 -0.0016957
 0.0015472 -0.0027164
 0.0014895 -0.0031981
 0.0018799 -0.0036245
 0.0019014 -0.0031715
 0.0023439 -0.0025239
 0.0033403 -0.0017935
 0.0036657 -0.0008980
 0.0043125 -0.0004184
 0.0048006 -0.0000642
 0.0051381 -0.0001187
 0.0052850 -0.0003852
 0.0057977 -0.0006274
 0.0060258 -0.0007070
 0.0065608 -0.0005180
 0.0074612  0.0000739
 0.0081536  0.0004740
 0.0089025  0.0009181
 0.0094868  0.0009577
 0.0103457  0.0015140
 0.0105702  0.0012819
 0.0101451  0.0016238
 0.0098678  0.0014062
 0.0095093  0.0013807
 0.0093826  0.0009143
 0.0090204  0.0005408
 0.0095162  0.0000789
 0.0094601 -0.0002110
 0.0096470 -0.0006939
 0.0098768 -0.0007673
 0.0102385 -0.0003434
 0.0106830  0.0002352
 0.0111086  0.0006131
 0.0115548  0.0016834
 0.0120764  0.0025211
 0.0125420  0.0031667
 0.0128097  0.0034675
 0.0124479  0.0043852
 0.0121047  0.0042055
 0.0117406  0.0044744
 0.0111297  0.0044505
 0.0102838  0.0045450
 0.0099774  0.0047133
 0.0094772  0.0045736
 0.0087035  0.0047020
 0.0078895  0.0049434
 0.0065523  0.0051428
 0.0052905  0.0050616
 0.0037553  0.0052448
 0.0025303  0.0053748
 0.0015002  0.0059485
 0.0001472  0.0068703
-0.0007794  0.0079838
-0.0015699  0.0089258
-0.0024586  0.0100038
-0.0030533  0.0103721
-0.0033647  0.0107233
-0.0033893  0.0103249
-0.0033332  0.0093474
-0.0034976  0.0084899
-0.0037173  0.0072286
-0.0037799  0.0054097
-0.0035720  0.0043543
-0.0032873  0.0030345
-0.0026534  0.0021099
-0.0028436  0.0019363
-0.0028412  0.0014679
-0.0031254  0.0013895
-0.0037193  0.0014505
