[PARAMETERS]
DW=1E-007
TAU=0.0003
TD=4096
BS=4096
NS=128
NSC=128
FR=56.130000
GAIN=4.974204
D0=0.05
D1=7E-006
D2=1.4E-005
D3=2.5E-005
D4=1E-005
D5=5E-005
D6=0.001
D7=0.001
D8=0.001
D9=0.05
C0=1
SEGTD=0
SEGOFF=0
SEGNUM=0
[ADDITIONAL]
PPFILE=UK_TWO_T2_SOLID.PC
DATEWR=12.09.2024
TIMEWR=14:40:27
DATESTA=12.09.2024
TIMESTA=14:40:18
DATEEND=12.09.2024
TIMEEND=14:40:27
CURR_Z0=0
CURR_Z1=1
TE=-1
[VARIABLES]
_USER=Measurements
_EMAIL_F=7NMR.NMR-270-ijs.si
_ITC_H=1
_ITC_R0= 80.00
_ITC_R1= 79.94
_ITC_R2= 80.43
_ITC_R3=  0.00
_ITC_R4= -0.06
_ITC_V= 21.98
_ITC_X=X0A1C1S00H1
_FW=100
_ORIENT=?
_THETA=0
_TITLE=?
_DESCR1=?
_DESCR2=?
_FR_LARM=56.13000000
_FR_SYNT=526.13000000
_TRIMLEV=1.572265625
_DATE=12.09.2024
_TIME=14:39:03
_ITC_DIR=I3I3
[PPFILE]
; pi/2 - pi/2


DELAY D9
PULSE [GT] 3u
PULSE [PHL1,GT] D1
DELAY TAU-3u
PULSE [GT] 3u
PULSE [PHL2,GT] D1
DELAY TAU-D3
PULSE [TR] 1u+DW
DELAY 1m
STOP

;PHL 1 [+X] [+X] [+Y] [+Y] [-X] [-X] [-Y] [-Y]
;PHL 2 [+Y] [-Y] [-X] [+X] [-Y] [+Y] [+X] [-X]
;!RLS +X+X+Y+Y-X-X-Y-Y

PHL 1 [+X] [+X] [-X] [-X] [+Y] [+Y] [-Y] [-Y] [+X] [+X] [-X] [-X] [+Y] [+Y] [-Y] [-Y]
PHL 2 [+Y] [-Y] [-Y] [+Y] [-X] [+X] [+X] [-X] [+X] [-X] [-X] [+X] [-Y] [+Y] [+Y] [-Y]
!RLS +X+X-X-X+Y+Y-Y-Y-X-X+X+X-Y-Y+Y+Y
[DATA]
 0.0003903  0.0034124
 0.0001642  0.0033344
 0.0003596  0.0032182
 0.0006499  0.0030086
 0.0015976  0.0028193
 0.0020021  0.0025136
 0.0025968  0.0025322
 0.0034233  0.0025899
 0.0042461  0.0025475
 0.0043249  0.0029093
 0.0051316  0.0028362
 0.0052511  0.0024184
 0.0056969  0.0022863
 0.0065209  0.0012976
 0.0070624  0.0007057
 0.0074955  0.0006121
 0.0082396  0.0005321
 0.0083442  0.0000690
 0.0085654  0.0007142
 0.0091516  0.0012124
 0.0091318  0.0013626
 0.0094531  0.0019379
 0.0095847  0.0026336
 0.0092420  0.0033490
 0.0092767  0.0041210
 0.0087776  0.0042628
 0.0077384  0.0049980
 0.0070096  0.0053279
 0.0064520  0.0051765
 0.0054879  0.0057135
 0.0048111  0.0058892
 0.0045390  0.0054519
 0.0036956  0.0052375
 0.0033161  0.0051229
 0.0028231  0.0041099
 0.0021768  0.0034921
 0.0012776  0.0029353
 0.0011678  0.0025155
 0.0002538  0.0023358
 0.0005841  0.0025404
 0.0010686  0.0029736
 0.0015672  0.0037165
 0.0023755  0.0039389
 0.0026820  0.0046450
 0.0029121  0.0050980
 0.0027567  0.0056701
 0.0023864  0.0057250
 0.0017101  0.0061957
 0.0017226  0.0067888
 0.0015086  0.0069988
 0.0009538  0.0073452
 0.0008993  0.0070997
 0.0007028  0.0062196
 0.0004247  0.0060621
 0.0005858  0.0047947
 0.0009346  0.0039125
 0.0005931  0.0031022
 0.0010715  0.0024118
 0.0004029  0.0017399
-0.0001744  0.0012978
-0.0002923  0.0002820
-0.0006795 -0.0005384
-0.0011273 -0.0014940
-0.0013285 -0.0026984
-0.0015816 -0.0039968
-0.0013229 -0.0046452
-0.0006692 -0.0055856
-0.0003236 -0.0058524
 0.0003684 -0.0058936
 0.0012410 -0.0063204
 0.0015119 -0.0067670
 0.0019177 -0.0069022
 0.0021672 -0.0074021
 0.0029941 -0.0076528
 0.0032779 -0.0074937
 0.0033930 -0.0070484
 0.0035097 -0.0062764
 0.0039151 -0.0055213
 0.0041529 -0.0055758
 0.0040443 -0.0055358
 0.0043375 -0.0059925
 0.0041909 -0.0065541
 0.0035397 -0.0068460
 0.0027140 -0.0067528
 0.0018670 -0.0068178
 0.0005180 -0.0061723
-0.0001958 -0.0055800
-0.0009085 -0.0055041
-0.0012602 -0.0049473
-0.0004535 -0.0050797
-0.0001495 -0.0049808
 0.0006936 -0.0049977
 0.0020457 -0.0051071
 0.0021106 -0.0047627
 0.0022918 -0.0041276
 0.0026846 -0.0037570
 0.0024916 -0.0033128
 0.0020491 -0.0028142
 0.0020221 -0.0027391
 0.0015106 -0.0030698
 0.0006543 -0.0031703
 0.0002925 -0.0040937
-0.0002791 -0.0045407
-0.0005921 -0.0048484
-0.0007685 -0.0053256
-0.0008691 -0.0049529
-0.0013116 -0.0046577
-0.0017925 -0.0038998
-0.0026920 -0.0027814
-0.0032092 -0.0016271
-0.0037276 -0.0008349
-0.0042085  0.0006646
-0.0044136  0.0016025
-0.0046158  0.0022719
-0.0047619  0.0035716
-0.0045410  0.0041655
-0.0036842  0.0044138
-0.0032933  0.0047949
-0.0017987  0.0048567
-0.0009746  0.0048079
-0.0003048  0.0046254
 0.0007877  0.0045589
 0.0009977  0.0043021
 0.0011705  0.0039808
 0.0013457  0.0040781
 0.0011002  0.0042521
 0.0008701  0.0047196
 0.0009299  0.0050018
 0.0007244  0.0053740
 0.0005391  0.0058043
 0.0009485  0.0060845
 0.0004588  0.0060917
 0.0007750  0.0065689
 0.0005348  0.0063674
 0.0002300  0.0067251
 0.0008457  0.0069156
 0.0009435  0.0068543
 0.0011893  0.0068680
 0.0018151  0.0063689
 0.0021950  0.0057367
 0.0019955  0.0054060
 0.0020496  0.0050059
 0.0015671  0.0042928
 0.0013325  0.0042286
 0.0013527  0.0039779
 0.0008714  0.0041652
 0.0008666  0.0046598
 0.0008645  0.0042536
 0.0002488  0.0045047
-0.0002180  0.0048148
-0.0005866  0.0042270
-0.0012964  0.0042775
-0.0015693  0.0040010
-0.0013206  0.0037645
-0.0017026  0.0043298
-0.0008926  0.0050271
-0.0003149  0.0057042
-0.0000439  0.0067769
 0.0004341  0.0068222
 0.0007030  0.0066159
 0.0007587  0.0065824
 0.0007712  0.0060321
 0.0007288  0.0053648
 0.0007061  0.0047127
 0.0012213  0.0043316
 0.0015698  0.0036618
 0.0017846  0.0034312
 0.0024419  0.0035100
 0.0030245  0.0031087
 0.0032051  0.0034861
 0.0035329  0.0030642
 0.0033803  0.0030541
 0.0031134  0.0032426
 0.0031708  0.0031239
 0.0024061  0.0036580
 0.0026193  0.0042132
 0.0022365  0.0049044
 0.0019131  0.0057317
 0.0013975  0.0069458
 0.0005529  0.0076068
 0.0001116  0.0078628
-0.0005574  0.0082338
-0.0004835  0.0078180
-0.0004843  0.0068187
 0.0000325  0.0055740
 0.0002743  0.0039630
 0.0004022  0.0020597
 0.0003800  0.0001634
-0.0002745 -0.0016983
-0.0011207 -0.0031752
-0.0014260 -0.0042682
-0.0019783 -0.0049545
-0.0021854 -0.0055270
-0.0015507 -0.0057765
-0.0010727 -0.0054116
-0.0001739 -0.0052787
 0.0003284 -0.0045483
 0.0007272 -0.0039920
 0.0013074 -0.0034938
 0.0017491 -0.0032810
 0.0025373 -0.0032107
 0.0039181 -0.0031353
 0.0052601 -0.0031373
 0.0067923 -0.0033162
 0.0084057 -0.0037187
 0.0097115 -0.0041080
 0.0104802 -0.0047487
 0.0110519 -0.0057121
 0.0117237 -0.0064865
 0.0120290 -0.0077018
 0.0115658 -0.0089527
 0.0113102 -0.0096273
 0.0109602 -0.0099370
 0.0106352 -0.0103759
 0.0108092 -0.0105136
 0.0106549 -0.0104760
 0.0100998 -0.0103881
 0.0098745 -0.0109679
 0.0092233 -0.0117423
 0.0088393 -0.0122325
 0.0091849 -0.0131942
 0.0092003 -0.0142307
 0.0093125 -0.0150753
 0.0095014 -0.0162446
 0.0093621 -0.0176072
 0.0090290 -0.0186783
 0.0085577 -0.0200979
 0.0078278 -0.0208848
 0.0072278 -0.0215926
 0.0065910 -0.0219039
 0.0061461 -0.0224288
 0.0061614 -0.0226658
 0.0069006 -0.0232279
 0.0075115 -0.0233886
 0.0082584 -0.0236393
 0.0083376 -0.0236236
 0.0079641 -0.0237980
 0.0076246 -0.0240100
 0.0068628 -0.0246019
 0.0060775 -0.0244432
 0.0063193 -0.0245877
 0.0061857 -0.0247940
 0.0071607 -0.0247148
 0.0082096 -0.0237018
 0.0093656 -0.0235327
 0.0106272 -0.0223675
 0.0120073 -0.0212576
 0.0121417 -0.0206241
 0.0122523 -0.0194706
 0.0122850 -0.0181398
 0.0114210 -0.0169612
 0.0105706 -0.0147252
 0.0093844 -0.0121832
 0.0081409 -0.0094769
 0.0076467 -0.0062311
 0.0071336 -0.0031053
 0.0069455  0.0000964
 0.0075378  0.0036453
 0.0079807  0.0064978
 0.0086323  0.0098529
 0.0096280  0.0124397
 0.0101027  0.0153919
 0.0103749  0.0187252
 0.0107193  0.0226650
 0.0107956  0.0268119
 0.0105142  0.0312742
 0.0102857  0.0355112
 0.0096797  0.0401306
 0.0094416  0.0446114
 0.0099491  0.0493910
 0.0106133  0.0545711
 0.0119704  0.0604944
 0.0139504  0.0668405
 0.0157196  0.0733566
 0.0171792  0.0798392
 0.0183823  0.0867238
 0.0196020  0.0936312
 0.0199993  0.1006540
 0.0203562  0.1075423
 0.0209856  0.1156572
 0.0215076  0.1234955
 0.0225114  0.1319714
 0.0230730  0.1404597
 0.0240933  0.1493861
 0.0253058  0.1580654
 0.0264165  0.1674953
 0.0279326  0.1767145
 0.0302299  0.1864924
 0.0332422  0.1965820
 0.0365780  0.2066854
 0.0403409  0.2168909
 0.0443768  0.2273039
 0.0485451  0.2381554
 0.0529630  0.2490077
 0.0568979  0.2599916
 0.0608288  0.2714956
 0.0647411  0.2829967
 0.0688799  0.2940622
 0.0730926  0.3052234
 0.0771328  0.3162077
 0.0808856  0.3272300
 0.0850567  0.3378307
 0.0895960  0.3484274
 0.0936548  0.3595991
 0.0983261  0.3704485
 0.1026361  0.3812237
 0.1068371  0.3924386
 0.1114745  0.4041537
 0.1155766  0.4152886
 0.1198643  0.4264037
 0.1244157  0.4378269
 0.1293102  0.4485621
 0.1340348  0.4588935
 0.1390477  0.4691099
 0.1448115  0.4785079
 0.1497978  0.4879600
 0.1556114  0.4968594
 0.1608113  0.5052986
 0.1661666  0.5141019
 0.1716333  0.5225030
 0.1772176  0.5303293
 0.1833602  0.5383255
 0.1894410  0.5464916
 0.1951565  0.5540470
 0.2007730  0.5612748
 0.2064489  0.5676007
 0.2119119  0.5734688
 0.2172430  0.5790671
 0.2225418  0.5846090
 0.2279585  0.5894155
 0.2332675  0.5945071
 0.2388441  0.5991578
 0.2428098  0.6034678
 0.2474420  0.6072432
 0.2517024  0.6106614
 0.2550769  0.6135325
 0.2583496  0.6156579
 0.2620859  0.6175907
 0.2658185  0.6193491
 0.2696460  0.6210210
 0.2739778  0.6221531
 0.2777334  0.6232077
 0.2814676  0.6234907
 0.2848732  0.6236393
 0.2877042  0.6230991
 0.2907997  0.6226780
 0.2933247  0.6217562
 0.2959272  0.6203346
 0.2988237  0.6182444
 0.3015692  0.6159765
 0.3045457  0.6133812
 0.3073776  0.6109211
 0.3102604  0.6075821
 0.3124503  0.6043768
 0.3149847  0.6001572
 0.3171734  0.5958820
 0.3190302  0.5907778
 0.3213651  0.5857717
 0.3233224  0.5799973
 0.3253735  0.5746109
 0.3269267  0.5686476
 0.3278880  0.5628636
 0.3284625  0.5566427
 0.3284819  0.5496967
 0.3282699  0.5425359
 0.3281755  0.5351058
 0.3280879  0.5273450
 0.3280350  0.5192741
 0.3279620  0.5114693
 0.3278360  0.5034549
 0.3270730  0.4956238
 0.3264956  0.4879389
 0.3247494  0.4793452
 0.3225732  0.4709670
 0.3199322  0.4625942
 0.3169739  0.4533359
 0.3144141  0.4439476
 0.3123574  0.4349549
 0.3096329  0.4253070
 0.3070025  0.4158137
 0.3043357  0.4064883
 0.3011304  0.3971032
 0.2973347  0.3880063
 0.2936885  0.3791432
 0.2897326  0.3703359
 0.2858743  0.3620312
 0.2819494  0.3537992
 0.2776826  0.3461680
 0.2735704  0.3386276
 0.2687945  0.3308793
 0.2638482  0.3231447
 0.2588845  0.3150297
 0.2536040  0.3066002
 0.2477658  0.2977484
 0.2422891  0.2894724
 0.2370065  0.2808927
 0.2320465  0.2727968
 0.2270082  0.2651878
 0.2220982  0.2574443
 0.2169089  0.2502646
 0.2121956  0.2430683
 0.2069626  0.2363314
 0.2017910  0.2290729
 0.1966873  0.2214341
 0.1918948  0.2137948
 0.1867163  0.2060155
 0.1822150  0.1982571
 0.1776567  0.1904551
 0.1730387  0.1829390
 0.1685365  0.1759223
 0.1640893  0.1693679
 0.1595314  0.1628102
 0.1551435  0.1562578
 0.1510826  0.1500874
 0.1469587  0.1439896
 0.1431631  0.1380287
 0.1391984  0.1330008
 0.1350959  0.1279588
 0.1311610  0.1235867
 0.1271344  0.1190643
 0.1226076  0.1152695
 0.1185410  0.1111501
 0.1140340  0.1072951
 0.1094337  0.1034393
 0.1045860  0.0989949
 0.0992210  0.0943208
 0.0938532  0.0893591
 0.0892545  0.0841084
 0.0844980  0.0792405
 0.0807993  0.0739639
 0.0769757  0.0693797
 0.0733852  0.0653834
 0.0703478  0.0624029
 0.0673148  0.0590025
 0.0648019  0.0564666
 0.0621453  0.0540473
 0.0598363  0.0515913
 0.0577038  0.0493985
 0.0556080  0.0470196
 0.0534884  0.0446747
 0.0514963  0.0429470
 0.0496661  0.0412210
 0.0471854  0.0397820
 0.0452397  0.0380217
 0.0435617  0.0369679
 0.0414040  0.0352068
 0.0400604  0.0336136
 0.0387143  0.0314487
 0.0369325  0.0294147
 0.0358569  0.0269183
 0.0346449  0.0245741
 0.0333944  0.0226333
 0.0319910  0.0208995
 0.0311064  0.0196257
 0.0300530  0.0180862
 0.0281001  0.0176315
 0.0271449  0.0171098
 0.0253107  0.0166285
 0.0243752  0.0163988
 0.0227546  0.0164428
 0.0211881  0.0164687
 0.0198852  0.0160767
 0.0183918  0.0157037
 0.0167578  0.0151898
 0.0155457  0.0139059
 0.0138512  0.0128093
 0.0119285  0.0113275
 0.0106736  0.0103625
 0.0097498  0.0091533
 0.0086314  0.0083199
 0.0080887  0.0076630
 0.0076252  0.0076965
 0.0072319  0.0079250
 0.0068047  0.0083218
 0.0067591  0.0087854
 0.0063900  0.0093611
 0.0059798  0.0094394
 0.0053649  0.0096349
 0.0042501  0.0100564
 0.0031774  0.0099974
 0.0021850  0.0100523
 0.0017255  0.0107023
 0.0013210  0.0114626
 0.0016670  0.0117892
 0.0021224  0.0124622
 0.0029593  0.0128745
 0.0034591  0.0127098
 0.0039129  0.0127587
 0.0038168  0.0121399
 0.0035508  0.0115585
 0.0030324  0.0107051
 0.0028071  0.0102690
 0.0024910  0.0098108
 0.0018277  0.0099012
 0.0011842  0.0099169
 0.0001926  0.0097611
-0.0009552  0.0092992
-0.0022375  0.0087259
-0.0040819  0.0086149
-0.0057930  0.0085406
-0.0068900  0.0080973
-0.0081041  0.0081687
-0.0082405  0.0079918
-0.0080831  0.0075630
-0.0076191  0.0076926
-0.0071742  0.0076538
-0.0066456  0.0073309
-0.0062491  0.0071778
-0.0057036  0.0072344
-0.0057040  0.0072683
-0.0055332  0.0072048
-0.0052187  0.0068709
-0.0049398  0.0065777
-0.0043710  0.0064635
-0.0036883  0.0057933
-0.0032873  0.0049156
-0.0027310  0.0044242
-0.0023664  0.0037165
-0.0017276  0.0031226
-0.0015698  0.0028359
-0.0010828  0.0022969
-0.0008445  0.0018128
 0.0001588  0.0017485
 0.0010454  0.0014320
 0.0022224  0.0015967
 0.0033501  0.0020698
 0.0041551  0.0025050
 0.0047664  0.0030206
 0.0053546  0.0031979
 0.0051955  0.0033311
 0.0057135  0.0035261
 0.0056546  0.0037862
 0.0052488  0.0037741
 0.0043468  0.0043027
 0.0034291  0.0043742
 0.0022466  0.0039289
 0.0008500  0.0034796
-0.0000867  0.0021029
-0.0005804  0.0015033
-0.0007710  0.0013417
-0.0003111  0.0010050
-0.0000438  0.0009088
-0.0001436  0.0016068
 0.0000413  0.0017703
-0.0002878  0.0021853
-0.0005801  0.0028373
-0.0005458  0.0038540
-0.0008486  0.0047741
-0.0008317  0.0057936
-0.0006358  0.0067759
-0.0006665  0.0073000
-0.0003919  0.0078814
-0.0004980  0.0085812
-0.0010459  0.0087160
-0.0011742  0.0081028
-0.0016313  0.0076009
-0.0023003  0.0067134
-0.0027832  0.0057723
-0.0026887  0.0049640
-0.0026209  0.0042150
-0.0022713  0.0035303
-0.0019758  0.0031932
-0.0021778  0.0034480
-0.0020014  0.0036660
-0.0027944  0.0040549
-0.0037247  0.0042297
-0.0046784  0.0038869
-0.0056285  0.0033132
-0.0063843  0.0026475
-0.0062229  0.0023859
-0.0061849  0.0021025
-0.0053576  0.0018619
-0.0049721  0.0020165
-0.0045461  0.0014416
-0.0045198  0.0008101
-0.0045008 -0.0000680
-0.0049183 -0.0011605
-0.0048944 -0.0021315
-0.0041600 -0.0025288
-0.0036710 -0.0029531
-0.0027597 -0.0028409
-0.0013873 -0.0028119
-0.0004958 -0.0023609
 0.0002423 -0.0017170
 0.0005948 -0.0011926
 0.0002537 -0.0005693
 0.0001624  0.0002515
-0.0000883  0.0006731
-0.0005449  0.0009557
-0.0009870  0.0013271
-0.0011400  0.0006343
-0.0011372 -0.0007853
-0.0007577 -0.0021314
-0.0005655 -0.0034408
 0.0001661 -0.0043323
 0.0009526 -0.0048209
 0.0015869 -0.0046239
 0.0021574 -0.0043276
 0.0026540 -0.0039094
 0.0029390 -0.0032824
 0.0035474 -0.0032424
 0.0038147 -0.0035274
 0.0037525 -0.0037527
 0.0036548 -0.0039537
 0.0038994 -0.0043828
 0.0044340 -0.0042221
 0.0045850 -0.0040585
 0.0051397 -0.0034973
 0.0052245 -0.0031464
 0.0054583 -0.0022448
 0.0048870 -0.0019190
 0.0043929 -0.0016170
 0.0044526 -0.0015270
 0.0039148 -0.0016272
 0.0038377 -0.0016910
 0.0037339 -0.0013123
 0.0038841 -0.0013148
 0.0035930 -0.0010156
 0.0034173 -0.0007326
 0.0035251 -0.0005110
 0.0035408  0.0000030
 0.0040160  0.0003280
 0.0043761  0.0006683
 0.0045441  0.0010539
 0.0050382  0.0019228
 0.0048844  0.0024505
 0.0043902  0.0030650
 0.0041617  0.0037244
 0.0034023  0.0042981
 0.0027523  0.0049332
 0.0028851  0.0055122
 0.0028827  0.0056677
 0.0031149  0.0061671
 0.0034136  0.0068014
 0.0035068  0.0072657
 0.0031443  0.0073412
 0.0026061  0.0073033
 0.0017453  0.0066916
 0.0011801  0.0062079
 0.0007219  0.0050976
 0.0005527  0.0037103
 0.0005305  0.0028669
 0.0007953  0.0020263
 0.0011014  0.0014372
 0.0010041  0.0011389
 0.0013472  0.0008810
 0.0004679  0.0006828
-0.0001854  0.0010587
-0.0016607  0.0006462
-0.0032890  0.0002671
-0.0045935  0.0002174
-0.0056909 -0.0001072
-0.0070870 -0.0006066
-0.0072962 -0.0006098
-0.0075412 -0.0006135
-0.0078605 -0.0008316
-0.0075674 -0.0008772
-0.0071967 -0.0010182
-0.0070772 -0.0013493
-0.0065382 -0.0016969
-0.0062495 -0.0015774
-0.0057137 -0.0013811
-0.0050815 -0.0015491
-0.0044520 -0.0014238
-0.0038622 -0.0014924
-0.0032901 -0.0019111
-0.0028892 -0.0022551
-0.0026990 -0.0024489
-0.0026397 -0.0026415
-0.0027172 -0.0031240
-0.0025060 -0.0035294
-0.0022598 -0.0042387
-0.0018621 -0.0044536
-0.0004025 -0.0050664
 0.0006327 -0.0054690
 0.0014943 -0.0052804
 0.0020688 -0.0055171
 0.0028008 -0.0054238
 0.0033584 -0.0052196
 0.0039535 -0.0057380
 0.0043774 -0.0056641
 0.0043585 -0.0052822
 0.0048329 -0.0046656
 0.0050832 -0.0042603
 0.0047549 -0.0034148
 0.0050440 -0.0026836
 0.0051046 -0.0019140
 0.0049940 -0.0009766
 0.0052241 -0.0003584
 0.0054402  0.0005448
 0.0053053  0.0013478
 0.0058043  0.0025026
 0.0056909  0.0036888
 0.0057515  0.0042035
 0.0065416  0.0054701
 0.0067164  0.0067330
 0.0062825  0.0074759
 0.0059809  0.0087590
 0.0048932  0.0089830
 0.0042650  0.0095749
 0.0034975  0.0094533
 0.0026855  0.0094723
 0.0019313  0.0100068
 0.0017132  0.0097965
 0.0010426  0.0101841
 0.0002141  0.0105891
-0.0004165  0.0103832
-0.0011243  0.0106388
-0.0015607  0.0108436
-0.0015167  0.0108303
-0.0015328  0.0109276
-0.0015498  0.0108562
-0.0013043  0.0103563
-0.0009470  0.0098693
-0.0007073  0.0092108
-0.0002571  0.0082442
-0.0003230  0.0077992
-0.0003864  0.0072259
-0.0005629  0.0070168
-0.0016187  0.0069599
-0.0024068  0.0067124
-0.0035575  0.0065085
-0.0045733  0.0061258
-0.0057062  0.0054911
-0.0063728  0.0049294
-0.0066380  0.0042762
-0.0068431  0.0038522
-0.0067862  0.0035236
-0.0068855  0.0030201
-0.0070450  0.0020834
-0.0071666  0.0011063
-0.0079451  0.0003457
-0.0078761 -0.0005070
-0.0083428 -0.0009195
-0.0083473 -0.0010434
-0.0083089 -0.0007430
-0.0084413 -0.0007143
-0.0087401 -0.0006476
-0.0085006 -0.0004332
-0.0086863 -0.0003189
-0.0080685 -0.0002261
-0.0071097 -0.0003085
-0.0064617  0.0000254
-0.0051212  0.0001670
-0.0040881  0.0004266
-0.0033940 -0.0003386
-0.0029523 -0.0006774
-0.0029490 -0.0018185
-0.0034440 -0.0023297
-0.0035195 -0.0030855
-0.0035244 -0.0041648
-0.0034287 -0.0047825
-0.0026608 -0.0057410
-0.0011830 -0.0062978
 0.0000105 -0.0067007
 0.0021834 -0.0067403
 0.0032041 -0.0070912
 0.0033402 -0.0072882
 0.0033349 -0.0072535
 0.0031007 -0.0071042
 0.0023138 -0.0069911
 0.0019258 -0.0061832
 0.0015826 -0.0053991
 0.0011075 -0.0044427
 0.0007090 -0.0036606
-0.0002414 -0.0029210
-0.0002018 -0.0025097
-0.0005838 -0.0026716
-0.0009302 -0.0020454
-0.0008422 -0.0013191
-0.0010425 -0.0003190
-0.0016421  0.0007760
-0.0020334  0.0023139
-0.0027072  0.0034904
-0.0033448  0.0043411
-0.0035580  0.0048087
-0.0035002  0.0043178
-0.0034925  0.0044971
-0.0023947  0.0039678
-0.0016429  0.0037454
-0.0007344  0.0037991
 0.0002923  0.0044289
 0.0011257  0.0048298
 0.0018465  0.0060548
 0.0024336  0.0069204
 0.0027126  0.0080937
 0.0028758  0.0094633
 0.0026295  0.0106225
 0.0022492  0.0109709
 0.0013319  0.0115887
 0.0010767  0.0119718
 0.0004569  0.0113371
 0.0001432  0.0105535
 0.0004782  0.0090423
 0.0003357  0.0074556
 0.0000401  0.0062892
-0.0003908  0.0050473
-0.0011393  0.0036883
-0.0018524  0.0024468
-0.0023187  0.0015476
-0.0031807  0.0014552
-0.0035849  0.0010947
-0.0033753  0.0005068
-0.0036055  0.0006389
-0.0038780  0.0003490
-0.0034024 -0.0005002
-0.0036592 -0.0014098
-0.0037582 -0.0023010
-0.0033181 -0.0031731
-0.0034913 -0.0037206
-0.0030447 -0.0039593
-0.0029842 -0.0043134
-0.0028234 -0.0044374
-0.0018637 -0.0048468
-0.0011874 -0.0051105
-0.0004603 -0.0055505
 0.0006908 -0.0054992
 0.0008253 -0.0054366
 0.0006589 -0.0053595
 0.0012504 -0.0054176
 0.0014349 -0.0056538
 0.0015047 -0.0058566
 0.0026036 -0.0062385
 0.0028450 -0.0062583
 0.0031289 -0.0059809
 0.0030158 -0.0062756
 0.0025980 -0.0060991
 0.0027183 -0.0059445
 0.0029166 -0.0055040
 0.0030365 -0.0054144
 0.0033503 -0.0049533
 0.0035626 -0.0046469
 0.0038929 -0.0046089
 0.0040100 -0.0044886
 0.0040851 -0.0043843
 0.0032962 -0.0045923
 0.0032138 -0.0045652
 0.0023808 -0.0048123
 0.0016096 -0.0057501
 0.0008126 -0.0061721
 0.0003644 -0.0066735
-0.0003321 -0.0070228
-0.0008368 -0.0072166
-0.0017235 -0.0072723
-0.0025689 -0.0070801
-0.0032024 -0.0074733
-0.0036469 -0.0080220
-0.0040652 -0.0077797
-0.0040866 -0.0078830
-0.0044322 -0.0076476
-0.0046252 -0.0070076
-0.0047807 -0.0065840
-0.0051263 -0.0061020
-0.0055708 -0.0051386
-0.0059374 -0.0046388
-0.0063214 -0.0038886
-0.0064607 -0.0029115
-0.0068822 -0.0024121
-0.0074047 -0.0013793
-0.0074802 -0.0002270
-0.0071725  0.0005607
-0.0069581  0.0018248
-0.0065087  0.0028576
-0.0059112  0.0036110
-0.0058098  0.0045679
-0.0060581  0.0049353
-0.0064194  0.0048945
-0.0068842  0.0044706
-0.0071886  0.0034091
-0.0068022  0.0025051
-0.0067033  0.0017129
-0.0062389  0.0007059
-0.0060205  0.0004883
-0.0060015  0.0003998
-0.0057693  0.0005071
-0.0059910  0.0000928
-0.0063221  0.0001582
-0.0059281 -0.0004390
-0.0060093 -0.0013042
-0.0056451 -0.0020140
-0.0044339 -0.0029523
-0.0032404 -0.0033306
-0.0020848 -0.0028671
-0.0014534 -0.0023615
-0.0009923 -0.0019343
-0.0011659 -0.0011038
-0.0015725 -0.0005761
-0.0023998  0.0000586
-0.0032004  0.0009861
-0.0033130  0.0014484
-0.0039004  0.0021767
-0.0039162  0.0028688
-0.0036836  0.0033860
-0.0034938  0.0032075
-0.0027659  0.0034388
-0.0024586  0.0032285
-0.0017060  0.0035378
-0.0010479  0.0039258
-0.0006130  0.0039876
-0.0009052  0.0038346
-0.0005693  0.0038976
-0.0003471  0.0032310
 0.0000288  0.0027126
 0.0006458  0.0024445
 0.0011856  0.0021300
 0.0018578  0.0022789
 0.0017787  0.0020815
 0.0022600  0.0020605
 0.0022955  0.0024408
 0.0029540  0.0023451
 0.0038160  0.0026491
 0.0047551  0.0027593
 0.0057079  0.0025820
 0.0061528  0.0027673
 0.0063667  0.0026841
 0.0064465  0.0020458
 0.0056850  0.0014098
 0.0053882  0.0011809
 0.0044022  0.0009298
 0.0035564  0.0010646
 0.0025975  0.0013723
 0.0018134  0.0013578
 0.0008751  0.0016315
 0.0004379  0.0021306
 0.0001169  0.0024460
-0.0006235  0.0031041
-0.0008076  0.0035107
-0.0005076  0.0039383
-0.0001708  0.0045128
 0.0000053  0.0050518
 0.0008387  0.0055484
 0.0008456  0.0062590
 0.0010079  0.0067589
 0.0009769  0.0068509
 0.0005251  0.0073487
 0.0007068  0.0078812
 0.0005381  0.0081263
 0.0010795  0.0083701
 0.0013921  0.0084630
 0.0016763  0.0084020
 0.0021563  0.0081161
 0.0027672  0.0075263
 0.0033034  0.0068383
 0.0032687  0.0063579
 0.0033026  0.0060902
 0.0033017  0.0058309
 0.0035303  0.0058285
 0.0035448  0.0058010
 0.0035270  0.0055288
 0.0038524  0.0056051
 0.0032016  0.0058123
 0.0023808  0.0057578
 0.0011752  0.0054109
-0.0000828  0.0048009
-0.0017652  0.0042066
-0.0024717  0.0033672
-0.0031626  0.0022735
-0.0036200  0.0016404
-0.0038299  0.0010271
-0.0037981  0.0003887
-0.0039176 -0.0000921
-0.0035426 -0.0003388
-0.0033548 -0.0012783
-0.0032612 -0.0015077
-0.0025837 -0.0017980
-0.0022477 -0.0018012
-0.0017526 -0.0017681
-0.0012996 -0.0018130
-0.0008659 -0.0015865
-0.0004532 -0.0015308
-0.0003951 -0.0017787
-0.0002796 -0.0023112
-0.0002275 -0.0024803
-0.0001565 -0.0029902
-0.0001614 -0.0033302
-0.0001852 -0.0032878
 0.0002545 -0.0038397
 0.0004006 -0.0038582
 0.0004825 -0.0037246
 0.0008951 -0.0038788
 0.0009152 -0.0039600
 0.0016132 -0.0034109
 0.0022526 -0.0029168
 0.0025134 -0.0025793
 0.0031622 -0.0018009
 0.0037186 -0.0013088
 0.0040061 -0.0008073
 0.0041421 -0.0002877
 0.0044345 -0.0004750
 0.0042035 -0.0004450
 0.0043763 -0.0002048
 0.0043202 -0.0003719
 0.0039746 -0.0003678
 0.0039779 -0.0005790
 0.0039040 -0.0006771
 0.0034720 -0.0006210
 0.0028220 -0.0002778
 0.0024146 -0.0003784
 0.0016410  0.0006576
 0.0006009  0.0008514
-0.0004659  0.0009706
-0.0011268  0.0011834
-0.0017829  0.0016105
-0.0020943  0.0017866
-0.0019202  0.0016909
-0.0013174  0.0015750
-0.0006048  0.0015165
 0.0002855  0.0017866
 0.0008270  0.0017684
 0.0012126  0.0017139
 0.0015445  0.0022344
 0.0018372  0.0023568
 0.0012627  0.0029152
 0.0008477  0.0037840
 0.0004318  0.0042306
-0.0004644  0.0048225
-0.0014972  0.0046360
-0.0026055  0.0036395
-0.0036172  0.0026806
-0.0037929  0.0013814
-0.0039035 -0.0002222
-0.0039584 -0.0012336
-0.0037472 -0.0015776
-0.0034000 -0.0020976
-0.0033620 -0.0019172
-0.0030754 -0.0015575
-0.0030742 -0.0016690
-0.0033492 -0.0014373
-0.0031606 -0.0020257
-0.0032410 -0.0032321
-0.0031502 -0.0036319
-0.0028329 -0.0042170
-0.0023052 -0.0045885
-0.0020283 -0.0042522
-0.0015176 -0.0042126
-0.0014264 -0.0042877
-0.0006237 -0.0035008
-0.0000864 -0.0034984
 0.0001252 -0.0032489
 0.0003154 -0.0031746
 0.0002366 -0.0029853
-0.0000161 -0.0028541
-0.0005762 -0.0025129
-0.0010429 -0.0020183
-0.0019292 -0.0009884
-0.0020338  0.0001388
-0.0023302  0.0011942
-0.0023076  0.0023255
-0.0023513  0.0032255
-0.0012507  0.0036910
-0.0004517  0.0036369
 0.0006553  0.0035194
 0.0019921  0.0031201
 0.0023373  0.0023942
 0.0032631  0.0015347
 0.0036426  0.0007720
 0.0040912  0.0005875
 0.0041332  0.0003098
 0.0038898  0.0005279
 0.0032991  0.0005372
 0.0032858  0.0003556
 0.0030779  0.0002882
 0.0026778  0.0001182
 0.0030824 -0.0000243
 0.0032709 -0.0006888
 0.0036529 -0.0005919
 0.0041074 -0.0006036
 0.0039629 -0.0003702
 0.0038223 -0.0004905
 0.0035408 -0.0003561
 0.0027652  0.0000247
 0.0021038  0.0000032
 0.0018866  0.0001179
 0.0010597  0.0001340
 0.0007016  0.0009767
 0.0003286  0.0016283
-0.0003638  0.0020664
-0.0008478  0.0032719
-0.0015705  0.0040798
-0.0030739  0.0050210
-0.0036824  0.0057150
-0.0045778  0.0058972
-0.0056268  0.0060090
-0.0057386  0.0061636
-0.0057353  0.0061459
-0.0060595  0.0063926
-0.0061952  0.0066384
-0.0065873  0.0069820
-0.0069918  0.0078218
-0.0071295  0.0083757
-0.0074005  0.0089329
-0.0075304  0.0094105
-0.0072006  0.0099536
-0.0067597  0.0098413
-0.0057781  0.0097106
-0.0047038  0.0091797
-0.0041644  0.0082365
-0.0038769  0.0072764
-0.0037408  0.0065427
-0.0041429  0.0055757
-0.0048180  0.0051853
-0.0049343  0.0049919
-0.0057576  0.0043778
-0.0056190  0.0038824
-0.0056376  0.0033111
-0.0052488  0.0025452
-0.0055161  0.0021992
-0.0053828  0.0020292
-0.0063587  0.0021649
-0.0070685  0.0020720
-0.0076830  0.0019978
-0.0088106  0.0015403
-0.0092317  0.0012581
-0.0097440  0.0007111
-0.0104671  0.0004483
-0.0109172  0.0001798
-0.0114461  0.0003163
-0.0124571  0.0004398
-0.0129113  0.0003735
-0.0130255 -0.0000775
-0.0133077 -0.0003808
-0.0130009 -0.0008492
-0.0125208 -0.0018513
-0.0120012 -0.0027364
-0.0108880 -0.0038232
-0.0094891 -0.0049860
-0.0081511 -0.0055152
-0.0065385 -0.0060033
-0.0052187 -0.0060578
-0.0039327 -0.0057861
-0.0028789 -0.0049418
-0.0020610 -0.0043689
-0.0015499 -0.0035849
-0.0013448 -0.0032954
-0.0012980 -0.0034407
-0.0009052 -0.0036356
-0.0002201 -0.0039468
-0.0000929 -0.0035527
 0.0001747 -0.0030799
 0.0005962 -0.0019756
 0.0000952 -0.0008245
-0.0004018  0.0002895
-0.0013224  0.0008608
-0.0021315  0.0013368
-0.0027109  0.0013674
-0.0027182  0.0012087
-0.0031264  0.0015805
-0.0028042  0.0013616
-0.0021748  0.0010866
-0.0018284  0.0007131
-0.0007306  0.0002843
-0.0000684 -0.0004110
 0.0004565 -0.0005741
 0.0009645 -0.0008818
 0.0014276 -0.0010013
 0.0015011 -0.0004074
 0.0015717  0.0006847
 0.0010839  0.0014769
 0.0007391  0.0023793
 0.0002183  0.0031335
-0.0004168  0.0031368
-0.0009292  0.0025857
-0.0010818  0.0021468
-0.0011318  0.0012440
-0.0010139  0.0006654
-0.0004757  0.0001285
 0.0001647 -0.0001481
 0.0004162 -0.0002253
 0.0014963  0.0000045
 0.0020361  0.0004627
 0.0029026  0.0012331
 0.0039241  0.0016050
 0.0048107  0.0015493
 0.0053489  0.0015525
 0.0058480  0.0009284
 0.0056009 -0.0001832
 0.0049262 -0.0008744
 0.0044243 -0.0019273
 0.0034650 -0.0026351
 0.0029850 -0.0034773
 0.0028711 -0.0038019
 0.0018945 -0.0039202
 0.0012598 -0.0039614
 0.0005871 -0.0042735
-0.0003124 -0.0047811
-0.0009661 -0.0051849
-0.0014870 -0.0055115
-0.0022771 -0.0061854
-0.0027580 -0.0067195
-0.0031056 -0.0074983
-0.0036365 -0.0078378
-0.0034164 -0.0087757
-0.0038484 -0.0093729
-0.0040131 -0.0094141
-0.0039670 -0.0091710
-0.0041531 -0.0089857
-0.0039775 -0.0083031
-0.0035903 -0.0075739
-0.0029535 -0.0070277
-0.0020915 -0.0059363
-0.0010943 -0.0059396
-0.0003873 -0.0053691
 0.0006059 -0.0051071
 0.0015183 -0.0049129
 0.0021065 -0.0039952
 0.0028304 -0.0033226
 0.0041474 -0.0023971
 0.0048164 -0.0014584
 0.0058112 -0.0000958
 0.0063305  0.0006693
 0.0066377  0.0015834
 0.0068460  0.0022483
 0.0067273  0.0026254
 0.0063995  0.0031946
 0.0060304  0.0040009
 0.0053957  0.0040207
 0.0047449  0.0044632
 0.0048034  0.0041616
 0.0048826  0.0035185
 0.0053053  0.0029625
 0.0054539  0.0019891
 0.0059682  0.0008385
 0.0056747  0.0002643
 0.0056665  0.0002219
 0.0051820  0.0001952
 0.0046793  0.0009143
 0.0040810  0.0015219
 0.0032359  0.0021270
 0.0024256  0.0031739
 0.0025596  0.0035143
 0.0022124  0.0040161
 0.0026335  0.0043234
 0.0032100  0.0047970
 0.0029250  0.0053966
 0.0033473  0.0059660
 0.0032945  0.0058409
 0.0024547  0.0058139
 0.0018656  0.0055672
 0.0013759  0.0053052
 0.0010566  0.0050161
 0.0007934  0.0052838
 0.0006242  0.0052866
 0.0001886  0.0056888
 0.0002488  0.0059911
 0.0005024  0.0057243
 0.0003211  0.0060452
 0.0005755  0.0057380
 0.0007750  0.0051102
 0.0007569  0.0048195
 0.0008324  0.0042490
 0.0010621  0.0039131
 0.0007847  0.0037101
 0.0010253  0.0034283
 0.0013801  0.0032446
 0.0011645  0.0031853
 0.0021189  0.0031069
 0.0027153  0.0026797
 0.0028356  0.0025767
 0.0031086  0.0019594
 0.0026721  0.0014870
 0.0017036  0.0009463
 0.0010798  0.0001772
-0.0003135 -0.0002831
-0.0013821 -0.0006279
-0.0019938 -0.0013134
-0.0028570 -0.0018670
-0.0029184 -0.0023817
-0.0028882 -0.0027245
-0.0028789 -0.0034161
-0.0023141 -0.0032470
-0.0020380 -0.0034400
-0.0019703 -0.0034836
-0.0017813 -0.0031622
-0.0015512 -0.0034966
-0.0011987 -0.0032907
-0.0009072 -0.0032136
-0.0007448 -0.0034841
-0.0003729 -0.0033904
-0.0001201 -0.0037191
 0.0002287 -0.0039666
 0.0004738 -0.0042787
 0.0010091 -0.0047959
 0.0016922 -0.0055989
 0.0016684 -0.0055271
 0.0023358 -0.0054516
 0.0025198 -0.0050123
 0.0029571 -0.0041589
 0.0026405 -0.0032630
 0.0025964 -0.0032126
 0.0024733 -0.0027741
 0.0024337 -0.0028726
 0.0027422 -0.0028973
 0.0038008 -0.0028747
 0.0048808 -0.0026429
 0.0054808 -0.0021955
 0.0063073 -0.0013080
 0.0066505 -0.0007468
 0.0063622 -0.0006281
 0.0059391 -0.0004739
 0.0055107 -0.0004343
 0.0049151 -0.0008417
 0.0045449 -0.0009439
 0.0041956 -0.0012911
 0.0037911 -0.0013731
 0.0038302 -0.0011046
 0.0038585 -0.0010383
 0.0040556 -0.0006124
 0.0038356  0.0000107
 0.0033863  0.0003462
 0.0024529  0.0005824
 0.0017871  0.0010694
 0.0008686  0.0007719
-0.0000289  0.0011220
-0.0003043  0.0008575
-0.0003257  0.0011705
-0.0004392  0.0017127
-0.0001105  0.0019481
-0.0009325  0.0020652
-0.0016209  0.0022631
-0.0020549  0.0024404
-0.0022979  0.0025434
-0.0030589  0.0026992
-0.0031243  0.0030489
-0.0036318  0.0033630
-0.0042943  0.0035734
-0.0046479  0.0034668
-0.0052951  0.0030102
-0.0057472  0.0026525
-0.0058409  0.0018943
-0.0056883  0.0008188
-0.0052902  0.0001606
-0.0043967 -0.0002525
-0.0040584 -0.0001867
-0.0037004 -0.0000875
-0.0036713  0.0003647
-0.0038106  0.0006828
-0.0044445  0.0012569
-0.0050050  0.0012594
-0.0049876  0.0012383
-0.0051273  0.0007434
-0.0050728 -0.0002349
-0.0056361 -0.0007525
-0.0052356 -0.0016553
-0.0057556 -0.0020796
-0.0061598 -0.0024636
-0.0062171 -0.0025424
-0.0061239 -0.0025250
-0.0064905 -0.0018968
-0.0066892 -0.0011701
-0.0068220 -0.0008636
-0.0070897 -0.0001962
-0.0073949  0.0003734
-0.0075386  0.0002506
-0.0071675  0.0005559
-0.0069349  0.0002990
-0.0064000 -0.0000902
-0.0058913  0.0000422
-0.0054291  0.0001032
-0.0053254  0.0003572
-0.0053041  0.0011869
-0.0047583  0.0016306
-0.0053232  0.0023820
-0.0054007  0.0028185
-0.0050559  0.0033748
-0.0052424  0.0033716
-0.0047001  0.0033639
-0.0041187  0.0024211
-0.0035183  0.0017250
-0.0031670  0.0006446
-0.0022844 -0.0001432
-0.0022589 -0.0011578
-0.0018940 -0.0011154
-0.0015702 -0.0013039
-0.0018266 -0.0012058
-0.0015654 -0.0005905
-0.0017677  0.0001795
-0.0024505  0.0010019
-0.0026940  0.0014626
-0.0032355  0.0015640
-0.0037567  0.0013100
-0.0037196  0.0012026
-0.0032742  0.0005167
-0.0028874 -0.0002819
-0.0015187 -0.0013461
-0.0002869 -0.0016444
 0.0012704 -0.0019634
 0.0024664 -0.0020142
 0.0031031 -0.0018559
 0.0036457 -0.0015135
 0.0041133 -0.0009370
 0.0035231 -0.0007146
 0.0031419 -0.0000302
 0.0027596  0.0000020
 0.0019464  0.0000347
 0.0013060  0.0004513
 0.0008013  0.0005297
 0.0002760  0.0014510
-0.0001767  0.0027233
-0.0008756  0.0036144
-0.0019762  0.0047954
-0.0029784  0.0056538
-0.0037245  0.0057678
-0.0051392  0.0051065
-0.0056729  0.0042922
-0.0052453  0.0028763
-0.0052041  0.0016893
-0.0043207  0.0007110
-0.0037615 -0.0003360
-0.0029544 -0.0013103
-0.0018388 -0.0022434
-0.0013943 -0.0030288
-0.0009889 -0.0035590
-0.0002412 -0.0040092
-0.0003320 -0.0044764
 0.0000391 -0.0040961
 0.0003278 -0.0036721
 0.0005636 -0.0039374
 0.0016065 -0.0036042
 0.0026668 -0.0037116
 0.0037492 -0.0040269
 0.0043315 -0.0039069
 0.0050243 -0.0040951
 0.0050865 -0.0044431
 0.0052593 -0.0045853
 0.0049117 -0.0045958
 0.0043739 -0.0045527
 0.0038930 -0.0040711
 0.0037214 -0.0035261
 0.0032846 -0.0033316
 0.0034611 -0.0029929
 0.0042112 -0.0031483
 0.0045427 -0.0028072
 0.0054653 -0.0028782
 0.0059317 -0.0024853
 0.0060467 -0.0013669
 0.0064513 -0.0003426
 0.0061024  0.0004521
 0.0057370  0.0012204
 0.0051169  0.0015680
 0.0044393  0.0011263
 0.0034909  0.0011445
 0.0030395  0.0008441
 0.0020914  0.0010359
 0.0008749  0.0009620
 0.0005050  0.0013368
-0.0001915  0.0013747
-0.0002965  0.0018754
 0.0000018  0.0020171
 0.0000127  0.0023079
 0.0000647  0.0029313
 0.0002586  0.0030210
 0.0004956  0.0029944
 0.0004472  0.0028450
 0.0014562  0.0026977
 0.0017704  0.0022883
 0.0022714  0.0021090
 0.0027902  0.0018332
 0.0026364  0.0013434
 0.0024055  0.0011653
 0.0023053  0.0009356
 0.0018789  0.0008811
 0.0021107  0.0009110
 0.0018398  0.0006890
 0.0014191  0.0009652
 0.0013189  0.0017408
 0.0009011  0.0015898
 0.0002288  0.0018393
-0.0000760  0.0021676
-0.0005532  0.0017622
-0.0000526  0.0014740
 0.0002914  0.0012616
 0.0006399  0.0005679
 0.0007715  0.0005828
 0.0011962  0.0001589
 0.0015435  0.0000398
 0.0015455  0.0005227
 0.0014494  0.0009636
 0.0012056  0.0013548
 0.0011075  0.0021886
 0.0008398  0.0022375
 0.0007828  0.0023228
 0.0002067  0.0017309
-0.0000073  0.0002152
-0.0005398 -0.0009952
-0.0007934 -0.0015193
-0.0010619 -0.0026657
-0.0015407 -0.0034974
-0.0019090 -0.0036045
-0.0019312 -0.0036860
-0.0022788 -0.0036897
-0.0020697 -0.0031370
-0.0018585 -0.0028866
-0.0021109 -0.0026081
-0.0021492 -0.0024446
-0.0020366 -0.0028549
-0.0020386 -0.0030960
-0.0020152 -0.0037029
-0.0016696 -0.0040760
-0.0015278 -0.0045101
-0.0007328 -0.0046749
-0.0000702 -0.0050265
 0.0005681 -0.0046697
 0.0015557 -0.0045675
 0.0024299 -0.0040410
 0.0032621 -0.0035524
 0.0042905 -0.0033068
 0.0049882 -0.0031392
 0.0057069 -0.0026304
 0.0063997 -0.0021971
 0.0069347 -0.0015192
 0.0070994 -0.0009217
 0.0078745  0.0000029
 0.0081482  0.0008888
 0.0083056  0.0016377
 0.0086749  0.0025652
 0.0091800  0.0032007
 0.0097448  0.0037369
 0.0101440  0.0037534
 0.0101186  0.0037857
 0.0104650  0.0038345
 0.0105631  0.0041974
 0.0106992  0.0046137
 0.0108175  0.0049350
 0.0103944  0.0049350
 0.0105135  0.0052766
 0.0107057  0.0055681
 0.0108079  0.0051450
 0.0106561  0.0049487
 0.0104425  0.0043528
 0.0094916  0.0040580
 0.0085589  0.0037027
 0.0076584  0.0042723
 0.0061475  0.0044996
 0.0053666  0.0053979
 0.0046450  0.0066306
 0.0041844  0.0074393
 0.0044880  0.0091359
 0.0049515  0.0098983
 0.0053157  0.0102528
 0.0059883  0.0103413
 0.0061191  0.0099089
 0.0062144  0.0087070
 0.0066125  0.0080974
 0.0066924  0.0068373
 0.0065830  0.0062260
 0.0065354  0.0059608
 0.0060882  0.0062680
 0.0050659  0.0064384
 0.0039840  0.0068179
 0.0030805  0.0068332
 0.0020348  0.0068704
 0.0014321  0.0061731
 0.0011963  0.0057326
 0.0009961  0.0055945
 0.0007329  0.0055912
 0.0002388  0.0053066
-0.0003564  0.0055016
-0.0003547  0.0052283
-0.0010698  0.0051685
-0.0013819  0.0048947
-0.0011591  0.0040687
-0.0010263  0.0031836
-0.0009302  0.0021295
-0.0001800  0.0013503
 0.0000760  0.0008173
 0.0006586  0.0004309
 0.0017036  0.0000890
 0.0024368 -0.0001089
 0.0031660  0.0000372
 0.0043744  0.0003759
 0.0049671  0.0008318
 0.0047196  0.0012863
 0.0050022  0.0014216
 0.0050377  0.0022267
 0.0046731  0.0028997
 0.0047288  0.0034803
 0.0046440  0.0040787
 0.0042717  0.0044453
 0.0037835  0.0045277
 0.0026825  0.0041660
 0.0018136  0.0038252
 0.0007537  0.0028849
 0.0000237  0.0023932
-0.0000303  0.0015897
 0.0005499  0.0007245
 0.0010756  0.0001261
 0.0024427 -0.0007993
 0.0033887 -0.0014425
 0.0044070 -0.0016267
 0.0055185 -0.0013247
 0.0058072 -0.0011806
 0.0055944 -0.0005528
 0.0055774 -0.0002896
 0.0050606 -0.0002335
 0.0042815  0.0000370
 0.0040974  0.0004804
 0.0033937  0.0001586
 0.0028442  0.0001647
 0.0023217  0.0000238
 0.0017258 -0.0006177
 0.0015800 -0.0009838
 0.0018747 -0.0022563
 0.0018702 -0.0035721
 0.0023736 -0.0044829
 0.0027474 -0.0055322
 0.0032961 -0.0066586
 0.0040470 -0.0067709
 0.0047317 -0.0068427
 0.0053344 -0.0063420
 0.0055556 -0.0053997
 0.0062210 -0.0044594
 0.0058544 -0.0034419
 0.0056267 -0.0021794
 0.0050776 -0.0018923
 0.0042387 -0.0022598
 0.0036153 -0.0021068
 0.0026621 -0.0024326
 0.0020759 -0.0026389
 0.0016589 -0.0030026
 0.0010452 -0.0034823
 0.0002966 -0.0034843
 0.0005227 -0.0033939
 0.0006708 -0.0037081
 0.0009914 -0.0033871
 0.0011989 -0.0034291
 0.0007770 -0.0040049
 0.0003934 -0.0039104
-0.0001003 -0.0043093
-0.0008622 -0.0048038
-0.0017783 -0.0044574
-0.0020674 -0.0045660
-0.0022063 -0.0041582
-0.0021942 -0.0037145
-0.0017590 -0.0036514
-0.0013048 -0.0033183
-0.0011562 -0.0030074
-0.0012879 -0.0027769
-0.0011514 -0.0025847
-0.0014699 -0.0024147
-0.0022099 -0.0028734
-0.0030004 -0.0033765
-0.0035850 -0.0041222
-0.0041077 -0.0053754
-0.0042433 -0.0065314
-0.0039429 -0.0072642
-0.0036444 -0.0081529
-0.0039234 -0.0085433
-0.0030755 -0.0084917
-0.0028437 -0.0088991
-0.0024840 -0.0091563
-0.0017815 -0.0088729
-0.0011009 -0.0095892
-0.0006495 -0.0096332
 0.0002217 -0.0090748
 0.0008273 -0.0088694
 0.0014115 -0.0084333
 0.0015697 -0.0075148
 0.0015058 -0.0066957
 0.0010895 -0.0055131
 0.0008884 -0.0044581
 0.0006784 -0.0032662
 0.0001947 -0.0021486
 0.0002008 -0.0014501
-0.0002917 -0.0012357
-0.0005501 -0.0010177
-0.0000801 -0.0012857
-0.0003178 -0.0014791
 0.0000282 -0.0015220
 0.0001421 -0.0016015
 0.0001582 -0.0014817
 0.0000919 -0.0014724
-0.0001826 -0.0011527
-0.0001492 -0.0012977
-0.0001310 -0.0008282
 0.0003309 -0.0007317
 0.0005453 -0.0003897
 0.0008921  0.0007020
 0.0011384  0.0014913
 0.0017711  0.0027793
 0.0022479  0.0047387
 0.0026674  0.0062556
 0.0026698  0.0076554
 0.0028236  0.0084039
 0.0030178  0.0085767
 0.0023081  0.0085165
 0.0018478  0.0078051
 0.0009809  0.0070348
 0.0003418  0.0069383
-0.0005077  0.0060391
-0.0014864  0.0059414
-0.0025220  0.0054448
-0.0037837  0.0055474
-0.0045084  0.0053993
-0.0052468  0.0055204
-0.0055250  0.0056250
-0.0055152  0.0061277
-0.0048732  0.0060688
-0.0039070  0.0060708
-0.0038186  0.0061620
-0.0030998  0.0058911
-0.0025713  0.0055491
-0.0031175  0.0048385
-0.0032806  0.0048426
-0.0033665  0.0040614
-0.0038179  0.0034142
-0.0035433  0.0027634
-0.0030329  0.0024012
-0.0029654  0.0022203
-0.0026537  0.0019655
-0.0022669  0.0017018
-0.0024256  0.0017312
-0.0019000  0.0017271
-0.0019711  0.0020501
-0.0020628  0.0022181
-0.0017371  0.0027942
-0.0015207  0.0031608
-0.0014348  0.0037688
-0.0002252  0.0040438
 0.0008496  0.0044633
 0.0020896  0.0050362
 0.0033485  0.0051295
 0.0037979  0.0052676
 0.0042853  0.0052672
 0.0040733  0.0054081
 0.0038428  0.0051973
 0.0038981  0.0052426
 0.0035286  0.0049604
 0.0031043  0.0049992
 0.0026844  0.0047751
 0.0022047  0.0040258
 0.0018814  0.0034851
 0.0018797  0.0027935
 0.0020711  0.0021435
 0.0019746  0.0019864
 0.0021858  0.0016247
 0.0021135  0.0009936
 0.0019621  0.0005907
 0.0021390 -0.0002326
 0.0022961 -0.0014761
 0.0025989 -0.0027778
 0.0032799 -0.0036995
 0.0037898 -0.0047368
 0.0042908 -0.0052229
 0.0047401 -0.0050190
 0.0049613 -0.0046452
 0.0045866 -0.0040611
 0.0048308 -0.0034918
 0.0043096 -0.0033287
 0.0038497 -0.0026222
 0.0038319 -0.0025451
 0.0034443 -0.0024106
 0.0033417 -0.0013148
 0.0033526 -0.0009850
 0.0034591 -0.0000769
 0.0031340  0.0012575
 0.0031037  0.0018216
 0.0028371  0.0025209
 0.0026513  0.0029691
 0.0024692  0.0026078
 0.0022758  0.0024180
 0.0019750  0.0021132
 0.0017781  0.0013655
 0.0011451  0.0009775
 0.0006333  0.0005878
-0.0003683 -0.0000877
-0.0012920 -0.0006509
-0.0023417 -0.0012683
-0.0027798 -0.0018424
-0.0031032 -0.0024145
-0.0027410 -0.0023135
-0.0023357 -0.0024415
-0.0014377 -0.0024738
-0.0006129 -0.0022375
 0.0001110 -0.0022327
-0.0001054 -0.0023651
 0.0002720 -0.0026328
 0.0004949 -0.0029384
 0.0002409 -0.0028807
 0.0008816 -0.0032214
 0.0008961 -0.0035238
 0.0011811 -0.0039271
 0.0013652 -0.0043305
 0.0016490 -0.0052135
 0.0020850 -0.0056992
 0.0029022 -0.0057990
 0.0036034 -0.0055474
 0.0047489 -0.0048546
 0.0052789 -0.0034438
 0.0050682 -0.0027845
 0.0052979 -0.0018328
 0.0047690 -0.0017068
 0.0037052 -0.0013526
 0.0029503 -0.0013816
 0.0024295 -0.0018524
 0.0017021 -0.0028278
 0.0013505 -0.0040116
 0.0011572 -0.0053153
 0.0007207 -0.0062964
 0.0010535 -0.0067421
 0.0010720 -0.0068964
 0.0009731 -0.0070704
 0.0009545 -0.0067095
 0.0014948 -0.0072242
 0.0013797 -0.0075747
 0.0021521 -0.0085377
 0.0026935 -0.0094890
 0.0032552 -0.0103462
 0.0036944 -0.0110875
 0.0037506 -0.0111264
 0.0036282 -0.0107752
 0.0038902 -0.0100348
 0.0032296 -0.0086031
 0.0027628 -0.0070539
 0.0020833 -0.0056905
 0.0011773 -0.0046561
 0.0006387 -0.0037492
 0.0000766 -0.0036022
-0.0005932 -0.0032897
-0.0009986 -0.0034338
-0.0014584 -0.0034846
-0.0021682 -0.0036970
-0.0023088 -0.0035868
-0.0026968 -0.0037899
-0.0025547 -0.0033616
-0.0024857 -0.0029507
-0.0024163 -0.0026584
-0.0018248 -0.0020327
-0.0011554 -0.0016321
-0.0010561 -0.0016721
-0.0010912 -0.0013984
-0.0009156 -0.0014871
-0.0015264 -0.0017718
-0.0019100 -0.0019220
-0.0024474 -0.0020887
-0.0029500 -0.0021779
-0.0039089 -0.0021581
-0.0043914 -0.0020014
-0.0052151 -0.0020079
-0.0059971 -0.0024290
-0.0062224 -0.0024529
-0.0066588 -0.0026362
-0.0065999 -0.0023726
-0.0057395 -0.0016083
-0.0054751 -0.0011109
-0.0048444 -0.0001754
-0.0041452  0.0005335
-0.0040956  0.0008412
-0.0039296  0.0008614
-0.0036289  0.0006692
-0.0039786  0.0005888
-0.0038135  0.0009583
-0.0037174  0.0009442
-0.0034876  0.0011425
-0.0037645  0.0011534
-0.0041214  0.0007453
-0.0048417  0.0004680
-0.0052498 -0.0002845
-0.0060778 -0.0012853
-0.0065857 -0.0018328
-0.0065029 -0.0025114
-0.0067293 -0.0030964
-0.0069397 -0.0033269
-0.0064843 -0.0031965
-0.0061452 -0.0030084
-0.0059752 -0.0024920
-0.0051919 -0.0019030
-0.0047288 -0.0015570
-0.0038462 -0.0007874
-0.0029257 -0.0007083
-0.0025397 -0.0007797
-0.0023290 -0.0005463
-0.0017552 -0.0007316
-0.0015598 -0.0007898
-0.0010971 -0.0007401
-0.0002149 -0.0009768
 0.0001182 -0.0005266
 0.0007525 -0.0001375
 0.0014082  0.0003138
 0.0015657  0.0009004
 0.0018621  0.0013130
 0.0017107  0.0018237
 0.0008108  0.0023950
 0.0007191  0.0032558
 0.0003876  0.0034472
-0.0004033  0.0039034
-0.0009638  0.0042114
-0.0014124  0.0043318
-0.0022845  0.0048466
-0.0032366  0.0053278
-0.0045682  0.0057102
-0.0054981  0.0061627
-0.0060626  0.0060662
-0.0063920  0.0055252
-0.0058308  0.0051158
-0.0046967  0.0049159
-0.0035997  0.0041834
-0.0025192  0.0038693
-0.0011949  0.0041527
-0.0006543  0.0042015
-0.0005420  0.0044264
-0.0004076  0.0048322
-0.0012882  0.0042766
-0.0016136  0.0043227
-0.0016386  0.0033549
-0.0014493  0.0026194
-0.0007250  0.0021701
 0.0007301  0.0014135
 0.0020362  0.0006315
 0.0037651  0.0009803
 0.0048221  0.0010122
 0.0052404  0.0015435
 0.0050688  0.0022508
 0.0040889  0.0028221
 0.0025720  0.0028185
 0.0016304  0.0028754
 0.0005000  0.0025165
-0.0003971  0.0024648
-0.0012402  0.0017066
-0.0016248  0.0009117
-0.0022869  0.0005968
-0.0028679 -0.0003131
-0.0032586 -0.0009571
-0.0030822 -0.0016798
-0.0022928 -0.0021945
-0.0011834 -0.0025195
 0.0002564 -0.0018634
 0.0017135 -0.0019042
 0.0024678 -0.0013272
 0.0031227 -0.0010176
 0.0033746 -0.0015117
 0.0033403 -0.0019708
 0.0037073 -0.0029499
 0.0041519 -0.0038861
 0.0038063 -0.0044050
 0.0038079 -0.0050227
 0.0037009 -0.0057765
 0.0035714 -0.0058432
 0.0031765 -0.0056818
 0.0035440 -0.0055171
 0.0036619 -0.0055062
 0.0038879 -0.0047105
 0.0043054 -0.0039833
 0.0045307 -0.0028965
 0.0047555 -0.0017478
 0.0044640 -0.0007914
 0.0033694 -0.0000856
 0.0025421  0.0004146
 0.0019438  0.0006096
 0.0012517  0.0004401
 0.0009202  0.0003077
 0.0007930  0.0001954
 0.0008596  0.0007607
 0.0006589  0.0015004
 0.0006932  0.0023928
 0.0003338  0.0032443
 0.0000900  0.0033041
-0.0004962  0.0030670
-0.0007170  0.0023463
-0.0007937  0.0014491
-0.0005268  0.0006584
 0.0002350  0.0002009
 0.0014175  0.0001447
 0.0028339  0.0001672
 0.0035271  0.0000767
 0.0043532  0.0003609
 0.0045866  0.0005891
 0.0039580  0.0005103
 0.0033624  0.0005329
 0.0024992  0.0004385
 0.0010986  0.0000586
 0.0000981 -0.0000343
-0.0006323 -0.0003920
-0.0010760 -0.0008106
-0.0009807 -0.0006240
-0.0010764 -0.0011368
-0.0008858 -0.0013047
-0.0006577 -0.0017411
-0.0005774 -0.0021227
-0.0005410 -0.0024295
-0.0003501 -0.0026605
-0.0004203 -0.0027982
-0.0005305 -0.0023609
-0.0002357 -0.0025374
-0.0002837 -0.0024127
-0.0002050 -0.0022439
 0.0001023 -0.0018067
 0.0000304 -0.0013282
 0.0002008 -0.0008437
-0.0001064 -0.0001650
-0.0004500 -0.0001189
-0.0003664 -0.0000167
-0.0007092  0.0003543
-0.0007055  0.0000936
-0.0006450  0.0000782
-0.0004903 -0.0001495
-0.0001463  0.0003072
 0.0005182  0.0002308
 0.0005101  0.0008558
 0.0009392  0.0011829
 0.0010570  0.0014885
 0.0010993  0.0019718
 0.0013371  0.0022859
 0.0016140  0.0017724
 0.0018348  0.0015653
 0.0030706  0.0013974
 0.0039047  0.0007102
 0.0041639  0.0002185
 0.0045817  0.0001144
 0.0043734 -0.0000846
 0.0036301 -0.0003026
 0.0030048 -0.0005626
 0.0025930 -0.0005908
 0.0023375 -0.0008842
 0.0019851 -0.0013360
 0.0018438 -0.0015257
 0.0017401 -0.0017720
 0.0019671 -0.0019121
 0.0020156 -0.0018795
 0.0017746 -0.0011972
 0.0021832 -0.0003667
 0.0016911  0.0002707
 0.0013491  0.0010612
 0.0008073  0.0016994
-0.0000341  0.0020543
-0.0011356  0.0024709
-0.0013944  0.0029675
-0.0021603  0.0032550
-0.0029884  0.0032933
-0.0032577  0.0039450
-0.0034685  0.0044662
-0.0040067  0.0044807
-0.0038920  0.0047476
-0.0036534  0.0040370
-0.0029593  0.0037479
-0.0017262  0.0034326
-0.0003954  0.0030413
 0.0010100  0.0035520
 0.0023331  0.0039068
 0.0029852  0.0047789
 0.0036315  0.0054236
 0.0036420  0.0059327
 0.0035902  0.0067967
 0.0034032  0.0073349
 0.0032029  0.0075724
 0.0028306  0.0074093
 0.0023304  0.0078765
 0.0019509  0.0072664
 0.0019166  0.0069810
 0.0021294  0.0062292
 0.0027463  0.0053066
 0.0038578  0.0048019
 0.0051434  0.0044749
 0.0062589  0.0041285
 0.0067979  0.0034199
 0.0075683  0.0031938
 0.0076564  0.0031583
 0.0074323  0.0029116
 0.0071134  0.0025874
 0.0073290  0.0022228
 0.0072753  0.0020121
 0.0070052  0.0022983
 0.0066366  0.0025075
 0.0061157  0.0023548
 0.0054075  0.0031777
 0.0049568  0.0031595
 0.0045797  0.0034498
 0.0040297  0.0036602
 0.0035209  0.0041039
 0.0028257  0.0036812
 0.0027828  0.0034531
 0.0026488  0.0025894
 0.0025164  0.0025503
 0.0024776  0.0024344
 0.0027837  0.0027400
 0.0030860  0.0030432
 0.0033141  0.0029867
 0.0029851  0.0027933
 0.0027068  0.0023609
 0.0026544  0.0011562
 0.0023459  0.0002607
 0.0023265 -0.0000978
 0.0020164 -0.0005173
 0.0016123 -0.0003974
 0.0009550  0.0003016
 0.0001313 -0.0000581
-0.0007278  0.0002827
-0.0019136 -0.0000754
-0.0024950 -0.0006208
-0.0031142 -0.0013031
-0.0028303 -0.0025733
-0.0026462 -0.0039214
-0.0017385 -0.0048473
-0.0008365 -0.0061260
 0.0000993 -0.0070369
 0.0006714 -0.0074851
 0.0010138 -0.0075675
 0.0009124 -0.0072429
 0.0011022 -0.0065710
 0.0012681 -0.0055665
 0.0008025 -0.0043354
 0.0006632 -0.0032917
 0.0008381 -0.0025742
 0.0005134 -0.0020493
 0.0003822 -0.0017388
 0.0007097 -0.0022560
 0.0004820 -0.0020279
 0.0005373 -0.0021717
 0.0003068 -0.0022331
 0.0002127 -0.0021249
-0.0003235 -0.0025133
-0.0005887 -0.0027855
-0.0014677 -0.0029785
-0.0023434 -0.0033620
-0.0032804 -0.0041053
-0.0040580 -0.0048728
-0.0044173 -0.0049996
-0.0044863 -0.0056904
-0.0040971 -0.0057485
-0.0032714 -0.0050961
-0.0027138 -0.0044654
-0.0021212 -0.0038929
-0.0018192 -0.0032021
-0.0019444 -0.0026308
-0.0025658 -0.0022513
-0.0032615 -0.0023160
-0.0034016 -0.0026095
-0.0039398 -0.0029600
-0.0045572 -0.0030630
-0.0042536 -0.0038338
-0.0045790 -0.0043909
-0.0043141 -0.0046760
-0.0046391 -0.0053623
-0.0044667 -0.0061811
-0.0042653 -0.0065783
-0.0040001 -0.0069950
-0.0036803 -0.0069526
-0.0027086 -0.0065509
-0.0021005 -0.0061814
-0.0011849 -0.0054328
-0.0003826 -0.0046855
-0.0002458 -0.0037985
-0.0000701 -0.0030677
-0.0001605 -0.0024729
-0.0003813 -0.0023005
-0.0002791 -0.0017232
-0.0009247 -0.0013804
-0.0016692 -0.0009391
-0.0021081 -0.0005564
-0.0026446 -0.0006351
-0.0027581 -0.0003137
-0.0026269  0.0000460
-0.0023225  0.0001327
-0.0019054  0.0000136
-0.0011968  0.0001081
-0.0012780 -0.0004875
-0.0014112 -0.0008653
-0.0011072 -0.0009174
-0.0013741 -0.0017402
-0.0014318 -0.0019469
-0.0011101 -0.0019849
-0.0010556 -0.0018682
-0.0007758 -0.0013518
-0.0005700 -0.0007769
-0.0005134  0.0001683
-0.0005203  0.0012609
-0.0005599  0.0019158
-0.0004210  0.0021710
-0.0005764  0.0027092
-0.0003184  0.0030011
-0.0004464  0.0026179
-0.0003026  0.0025755
-0.0002759  0.0025282
 0.0001727  0.0022327
 0.0005446  0.0025722
 0.0009322  0.0032593
 0.0009020  0.0040454
 0.0012912  0.0046979
 0.0014305  0.0053015
 0.0011088  0.0054380
 0.0013987  0.0055527
 0.0010212  0.0052063
 0.0005460  0.0048590
-0.0001399  0.0045465
-0.0010734  0.0042558
-0.0021029  0.0041157
-0.0026673  0.0040910
-0.0035813  0.0037430
-0.0039745  0.0038136
-0.0041069  0.0038281
-0.0039519  0.0036335
-0.0038252  0.0035915
-0.0031082  0.0039161
-0.0025083  0.0038991
-0.0021777  0.0045908
-0.0011744  0.0047862
-0.0012662  0.0050171
-0.0013934  0.0052408
-0.0016385  0.0056817
-0.0023932  0.0055799
-0.0033832  0.0054999
-0.0042949  0.0057854
-0.0052999  0.0052657
-0.0057469  0.0048632
-0.0055341  0.0047906
-0.0053964  0.0042677
-0.0048489  0.0042652
-0.0044531  0.0042592
-0.0038458  0.0043039
-0.0038914  0.0039288
-0.0042483  0.0038443
-0.0048175  0.0032274
-0.0055241  0.0026541
-0.0061208  0.0020275
-0.0063497  0.0019666
-0.0058495  0.0020224
-0.0053864  0.0018077
-0.0051348  0.0020460
-0.0046003  0.0026258
-0.0039143  0.0024534
-0.0034654  0.0023371
-0.0029329  0.0025672
-0.0027258  0.0020637
-0.0026923  0.0012385
-0.0024412 -0.0001981
-0.0022506 -0.0017307
-0.0019668 -0.0031446
-0.0012178 -0.0045742
-0.0007192 -0.0054152
 0.0002450 -0.0062113
 0.0004622 -0.0068981
 0.0010081 -0.0073761
 0.0014192 -0.0072833
 0.0019695 -0.0071904
 0.0025748 -0.0071977
 0.0028526 -0.0064314
 0.0029746 -0.0059546
 0.0027493 -0.0053970
 0.0025006 -0.0044002
 0.0020012 -0.0039024
 0.0017561 -0.0035341
 0.0017743 -0.0031808
 0.0025467 -0.0026971
 0.0025705 -0.0024472
 0.0029767 -0.0022320
 0.0031572 -0.0020765
 0.0028900 -0.0022473
 0.0026025 -0.0022299
 0.0021822 -0.0025937
 0.0023365 -0.0027326
 0.0024531 -0.0025461
 0.0021063 -0.0024775
 0.0020882 -0.0019446
 0.0019702 -0.0019692
 0.0013359 -0.0011258
 0.0004328 -0.0006252
-0.0003796 -0.0008104
-0.0015013 -0.0008019
-0.0021937 -0.0018250
-0.0026007 -0.0025403
-0.0028724 -0.0031859
-0.0027780 -0.0029868
-0.0020920 -0.0025467
-0.0014081 -0.0017069
-0.0004020 -0.0005083
 0.0007777  0.0005535
 0.0018213  0.0016589
 0.0026998  0.0026671
 0.0029061  0.0028132
 0.0030689  0.0028850
 0.0029409  0.0021966
 0.0026281  0.0016584
 0.0026835  0.0011970
 0.0027377  0.0011909
 0.0031540  0.0015429
 0.0031827  0.0021210
 0.0035275  0.0031246
 0.0035792  0.0039393
 0.0034374  0.0046769
 0.0036352  0.0050350
 0.0039278  0.0047467
 0.0035123  0.0042852
 0.0039822  0.0037564
 0.0034359  0.0029368
 0.0034121  0.0017732
 0.0037334  0.0009981
 0.0038057  0.0006012
 0.0034758  0.0005532
 0.0035226  0.0008250
 0.0026343  0.0012897
 0.0016091  0.0021194
 0.0007205  0.0025789
-0.0001052  0.0030222
-0.0011590  0.0030985
-0.0018082  0.0025281
-0.0023011  0.0023589
-0.0022200  0.0018672
-0.0021776  0.0012737
-0.0019256  0.0007815
-0.0018921  0.0004061
-0.0016305  0.0002192
-0.0015764 -0.0003291
-0.0015260 -0.0009391
-0.0017429 -0.0016630
-0.0019573 -0.0024285
-0.0022557 -0.0030402
-0.0018572 -0.0037071
-0.0019771 -0.0040721
-0.0013873 -0.0042804
-0.0009476 -0.0041646
-0.0006573 -0.0040664
-0.0000089 -0.0035113
 0.0001825 -0.0033942
 0.0003157 -0.0037002
 0.0010630 -0.0040991
 0.0017958 -0.0046377
 0.0027394 -0.0051888
 0.0038756 -0.0054367
 0.0051083 -0.0053188
 0.0060890 -0.0049489
 0.0068779 -0.0044418
 0.0072808 -0.0034348
 0.0076050 -0.0021004
 0.0076232 -0.0011830
 0.0069550 -0.0005212
 0.0061548  0.0001761
 0.0048411 -0.0000499
 0.0037995 -0.0004925
 0.0033320 -0.0011292
 0.0029255 -0.0020869
 0.0030172 -0.0028415
 0.0033144 -0.0036502
 0.0040889 -0.0038659
 0.0039803 -0.0035655
 0.0032330 -0.0033439
 0.0025228 -0.0031231
 0.0016236 -0.0025530
 0.0004156 -0.0020423
-0.0001520 -0.0020060
-0.0008969 -0.0018344
-0.0009316 -0.0018711
-0.0007664 -0.0018885
-0.0005920 -0.0017726
-0.0002568 -0.0013858
-0.0007877 -0.0013684
-0.0006686 -0.0009292
-0.0004118 -0.0010863
-0.0002910 -0.0011468
 0.0001111 -0.0014004
 0.0010510 -0.0013488
 0.0011023 -0.0014162
 0.0011107 -0.0011954
 0.0012487 -0.0006843
 0.0003939 -0.0002318
-0.0006559 -0.0001781
-0.0013952 -0.0003594
-0.0015362 -0.0007434
-0.0017336 -0.0007825
-0.0012370 -0.0012993
-0.0005062 -0.0014338
 0.0009331 -0.0015133
 0.0019979 -0.0015884
 0.0031728 -0.0013228
 0.0040045 -0.0012122
 0.0040877 -0.0007313
 0.0034644 -0.0002726
 0.0027785  0.0002227
 0.0013827  0.0009341
-0.0001672  0.0010706
-0.0014722  0.0015131
-0.0026781  0.0015329
-0.0036584  0.0013226
-0.0043768  0.0010165
-0.0052287  0.0006152
-0.0058315 -0.0004249
-0.0060763 -0.0015210
-0.0062164 -0.0022886
-0.0062819 -0.0033609
-0.0065411 -0.0042011
-0.0063187 -0.0045019
-0.0062291 -0.0051995
-0.0060450 -0.0054409
-0.0056057 -0.0059814
-0.0053991 -0.0064509
-0.0048390 -0.0069047
-0.0046194 -0.0072293
-0.0044538 -0.0070061
-0.0037581 -0.0068971
-0.0035751 -0.0065039
-0.0028803 -0.0054756
-0.0018224 -0.0045203
-0.0014748 -0.0040262
-0.0008595 -0.0029130
-0.0002894 -0.0022234
 0.0000885 -0.0012310
 0.0007510 -0.0007914
 0.0008943 -0.0005822
 0.0014425 -0.0002807
 0.0019754 -0.0004567
 0.0018987 -0.0009343
 0.0016892 -0.0012812
 0.0011393 -0.0017208
 0.0008802 -0.0021024
 0.0000791 -0.0023963
-0.0000323 -0.0026648
-0.0001102 -0.0024630
 0.0003307 -0.0024864
 0.0012678 -0.0022600
 0.0024180 -0.0023226
 0.0031646 -0.0019398
 0.0041065 -0.0014775
 0.0044529 -0.0008194
 0.0039563 -0.0002969
 0.0032094  0.0001344
 0.0021928  0.0002563
 0.0008156  0.0009330
 0.0003953  0.0014010
-0.0001606  0.0023199
 0.0000538  0.0031852
 0.0006642  0.0044744
 0.0005899  0.0051454
 0.0012804  0.0060494
 0.0018928  0.0059618
 0.0023204  0.0057745
 0.0024848  0.0057959
 0.0028014  0.0057220
 0.0022568  0.0055319
 0.0024046  0.0058161
 0.0019117  0.0058545
 0.0016473  0.0060628
 0.0013937  0.0058278
 0.0012317  0.0059812
 0.0008603  0.0053857
 0.0005049  0.0052686
 0.0000939  0.0050594
-0.0009321  0.0046771
-0.0020122  0.0046985
-0.0036813  0.0042815
-0.0048905  0.0038834
-0.0063690  0.0032883
-0.0071733  0.0028292
-0.0080930  0.0022381
-0.0079824  0.0018578
-0.0074216  0.0013782
-0.0070550  0.0008957
-0.0064735  0.0003946
-0.0062946 -0.0002094
-0.0060011 -0.0002785
-0.0056857 -0.0008673
-0.0060673 -0.0011710
-0.0061415 -0.0009118
-0.0062191 -0.0008456
-0.0067152 -0.0005057
-0.0070435 -0.0000099
-0.0067577  0.0003777
-0.0069503  0.0006325
-0.0063939  0.0003705
-0.0056123  0.0003188
-0.0049849 -0.0003142
-0.0038794 -0.0004519
-0.0027595 -0.0006619
-0.0021923 -0.0006994
-0.0011697 -0.0002073
-0.0006800  0.0005800
-0.0006311  0.0013455
-0.0004318  0.0028575
-0.0007237  0.0040841
-0.0011476  0.0049316
-0.0011513  0.0053180
-0.0016669  0.0052857
-0.0021574  0.0048093
-0.0023132  0.0040430
-0.0029855  0.0028382
-0.0028938  0.0022617
-0.0027320  0.0018943
-0.0027978  0.0017788
-0.0023473  0.0017800
-0.0016444  0.0025899
-0.0011854  0.0026901
-0.0007990  0.0032530
-0.0003936  0.0037964
 0.0001160  0.0041836
 0.0001080  0.0044299
 0.0003487  0.0045199
-0.0001778  0.0045885
-0.0004184  0.0051937
-0.0006642  0.0056701
-0.0015266  0.0059333
-0.0019292  0.0067973
-0.0023967  0.0069734
-0.0028013  0.0072588
-0.0024808  0.0073747
-0.0021566  0.0075645
-0.0021933  0.0077138
-0.0020811  0.0081123
-0.0021941  0.0080356
-0.0022243  0.0078858
-0.0026240  0.0071070
-0.0024080  0.0061365
-0.0023486  0.0049164
-0.0018435  0.0040952
-0.0011127  0.0028000
-0.0001316  0.0020596
 0.0006315  0.0013575
 0.0016869  0.0003494
 0.0027402 -0.0001424
 0.0035792 -0.0002869
 0.0038044 -0.0007596
 0.0039288 -0.0003373
 0.0038645 -0.0000672
 0.0029767  0.0003729
 0.0016273  0.0010039
 0.0006151  0.0015381
-0.0004960  0.0019955
-0.0014141  0.0024885
-0.0013709  0.0025801
-0.0015973  0.0022098
-0.0016159  0.0018392
-0.0010963  0.0013817
-0.0011350  0.0003647
-0.0012134  0.0001168
-0.0011536 -0.0005494
-0.0018610 -0.0011025
-0.0026463 -0.0012176
-0.0032834 -0.0011614
-0.0041301 -0.0009894
-0.0047874 -0.0007589
-0.0049243 -0.0007016
-0.0048108 -0.0005300
-0.0043497 -0.0007210
-0.0036896 -0.0010302
-0.0033185 -0.0016254
-0.0022219 -0.0015075
-0.0013748 -0.0019863
-0.0008935 -0.0022746
-0.0004284 -0.0023125
 0.0004954 -0.0025023
 0.0003695 -0.0024680
 0.0008572 -0.0020642
 0.0014068 -0.0024090
 0.0018796 -0.0017743
 0.0021833 -0.0016564
 0.0024632 -0.0018284
 0.0027237 -0.0011190
 0.0032812 -0.0011735
 0.0037807 -0.0012070
 0.0041396 -0.0009018
 0.0045893 -0.0007459
 0.0051553 -0.0007039
 0.0049574 -0.0001835
 0.0049554  0.0003208
 0.0052635  0.0007468
 0.0050750  0.0017231
 0.0049486  0.0021652
 0.0043818  0.0020646
 0.0033559  0.0015534
 0.0026692  0.0004350
 0.0015831 -0.0005716
 0.0008956 -0.0015935
 0.0003643 -0.0025924
-0.0003435 -0.0028076
-0.0004573 -0.0026788
-0.0006508 -0.0029631
-0.0013848 -0.0029845
-0.0017304 -0.0031012
-0.0018532 -0.0036761
-0.0022816 -0.0039454
-0.0025227 -0.0042555
-0.0028199 -0.0044040
-0.0030602 -0.0038646
-0.0036251 -0.0030228
-0.0036723 -0.0020058
-0.0041815 -0.0011066
-0.0042461 -0.0002503
-0.0042551 -0.0000436
-0.0037662  0.0002434
-0.0027710 -0.0001644
-0.0018763 -0.0004486
-0.0004321 -0.0004498
 0.0010271 -0.0007926
 0.0020094 -0.0010191
 0.0028577 -0.0000775
 0.0037246  0.0005007
 0.0037505  0.0012096
 0.0035224  0.0025101
 0.0032967  0.0033854
 0.0025740  0.0039365
 0.0019789  0.0049280
 0.0011197  0.0050431
-0.0002013  0.0048848
-0.0014251  0.0042517
-0.0024784  0.0032210
-0.0034983  0.0019520
-0.0039223  0.0010347
-0.0043474 -0.0003635
-0.0044665 -0.0013434
-0.0044553 -0.0018808
-0.0042102 -0.0024985
-0.0046709 -0.0028082
-0.0051942 -0.0027117
-0.0056577 -0.0028466
-0.0063917 -0.0028857
-0.0065294 -0.0025187
-0.0066502 -0.0023838
-0.0067730 -0.0018897
-0.0064173 -0.0010673
-0.0064085 -0.0002618
-0.0066887  0.0012514
-0.0062156  0.0017545
-0.0065043  0.0020110
-0.0068483  0.0020736
-0.0069750  0.0011381
-0.0068340 -0.0000848
-0.0064601 -0.0013901
-0.0056635 -0.0025198
-0.0049109 -0.0034973
-0.0040008 -0.0039628
-0.0027059 -0.0043690
-0.0015689 -0.0039165
-0.0001861 -0.0031752
 0.0013300 -0.0021957
 0.0020365 -0.0009728
 0.0028561 -0.0003018
 0.0036087  0.0002005
 0.0032566  0.0003309
 0.0029885  0.0003079
 0.0028751 -0.0003793
 0.0019125 -0.0013204
 0.0008765 -0.0022071
 0.0000298 -0.0029132
-0.0011290 -0.0031866
-0.0016938 -0.0035483
-0.0017411 -0.0031768
-0.0016152 -0.0026907
-0.0011969 -0.0019748
-0.0007758 -0.0013926
-0.0001165 -0.0008334
 0.0005207 -0.0004688
 0.0013120 -0.0007546
 0.0017541 -0.0003549
 0.0025370 -0.0002609
 0.0030328 -0.0001858
 0.0036028  0.0004061
 0.0038648  0.0010989
 0.0037065  0.0018487
 0.0038059  0.0030947
 0.0040348  0.0040766
 0.0038665  0.0047335
 0.0036642  0.0056169
 0.0039457  0.0058515
 0.0038646  0.0061883
 0.0034508  0.0063074
 0.0034238  0.0056998
 0.0033169  0.0052872
 0.0033258  0.0047737
 0.0031042  0.0033812
 0.0032592  0.0021744
 0.0036638  0.0011170
 0.0043179 -0.0000559
 0.0050620 -0.0009054
 0.0054394 -0.0010117
 0.0057608 -0.0012697
 0.0057539 -0.0006682
 0.0056336  0.0001114
 0.0053477  0.0006036
 0.0050413  0.0012342
 0.0051229  0.0018862
 0.0047672  0.0018051
 0.0043691  0.0021329
 0.0041047  0.0018971
 0.0036126  0.0012883
 0.0028660  0.0006548
 0.0022552 -0.0002653
 0.0018716 -0.0009900
 0.0017570 -0.0016227
 0.0016027 -0.0019865
 0.0017457 -0.0023095
 0.0017853 -0.0024076
 0.0023316 -0.0027330
 0.0024782 -0.0030411
 0.0027314 -0.0032179
 0.0031416 -0.0039463
 0.0029103 -0.0044877
 0.0031347 -0.0051794
 0.0034185 -0.0060042
 0.0031250 -0.0069813
 0.0033664 -0.0073834
 0.0037814 -0.0080116
 0.0034475 -0.0080096
 0.0038625 -0.0079446
 0.0046627 -0.0078638
 0.0046598 -0.0074612
 0.0052142 -0.0072477
 0.0050749 -0.0070139
 0.0048051 -0.0065915
 0.0042888 -0.0067417
 0.0036032 -0.0071798
 0.0024542 -0.0072129
 0.0021736 -0.0071704
 0.0024037 -0.0069677
 0.0025935 -0.0069983
 0.0035495 -0.0071578
 0.0040627 -0.0068630
 0.0047321 -0.0064943
 0.0049400 -0.0064217
 0.0048980 -0.0065828
 0.0044498 -0.0065724
 0.0039516 -0.0064271
 0.0031424 -0.0063427
 0.0022429 -0.0066379
 0.0019393 -0.0065681
 0.0020391 -0.0067227
 0.0022167 -0.0065383
 0.0029669 -0.0065783
 0.0036436 -0.0060421
 0.0045456 -0.0052115
 0.0053519 -0.0050371
 0.0057730 -0.0039938
 0.0062692 -0.0033558
 0.0061908 -0.0027010
 0.0055573 -0.0017949
 0.0051742 -0.0009862
 0.0042811 -0.0005820
 0.0033812 -0.0001795
 0.0021760  0.0001067
 0.0013483  0.0000510
 0.0007895  0.0001063
 0.0005517  0.0002408
 0.0007337  0.0001124
 0.0007293  0.0006926
 0.0015303  0.0009256
 0.0017802  0.0009652
 0.0021436  0.0012300
 0.0028978  0.0010487
 0.0029414  0.0010955
 0.0032935  0.0015831
 0.0034877  0.0023587
 0.0032447  0.0028318
 0.0028063  0.0037047
 0.0022999  0.0048941
 0.0015881  0.0060811
 0.0007612  0.0070231
 0.0000668  0.0074931
-0.0008921  0.0079195
-0.0016754  0.0083245
-0.0019600  0.0080282
-0.0022995  0.0078619
-0.0028317  0.0079075
-0.0028280  0.0080868
-0.0032438  0.0080142
-0.0036847  0.0078813
-0.0036229  0.0079237
-0.0044874  0.0078575
-0.0047918  0.0076431
-0.0042560  0.0076423
-0.0038587  0.0078340
-0.0030186  0.0078555
-0.0017173  0.0076488
-0.0011424  0.0078595
-0.0000510  0.0076330
 0.0003507  0.0074194
-0.0000535  0.0072450
-0.0003026  0.0072042
-0.0011270  0.0066268
-0.0025813  0.0059909
-0.0033888  0.0054972
-0.0036012  0.0043304
-0.0035212  0.0038164
-0.0026936  0.0028818
-0.0014294  0.0021922
 0.0004516  0.0016907
 0.0019285  0.0019822
 0.0032314  0.0021179
 0.0041730  0.0024792
 0.0045937  0.0030941
 0.0047257  0.0030598
 0.0046118  0.0032520
 0.0047661  0.0030231
 0.0047039  0.0024506
 0.0048924  0.0017965
 0.0049675  0.0010871
 0.0050054  0.0007981
 0.0045597  0.0011049
 0.0042702  0.0011965
 0.0029140  0.0021481
 0.0020339  0.0030824
 0.0012502  0.0038002
 0.0007149  0.0043415
 0.0003358  0.0048841
 0.0006248  0.0050052
 0.0009337  0.0050919
 0.0012563  0.0049514
 0.0017133  0.0048347
 0.0022051  0.0047180
 0.0027957  0.0047131
 0.0035931  0.0050765
 0.0032571  0.0055900
 0.0029785  0.0060668
 0.0024334  0.0066212
 0.0016973  0.0069272
 0.0010718  0.0070798
 0.0004096  0.0067710
 0.0003999  0.0064258
 0.0010600  0.0063341
 0.0017035  0.0059373
 0.0024653  0.0061194
 0.0032151  0.0059818
 0.0040210  0.0061486
 0.0043529  0.0064099
 0.0047252  0.0062848
 0.0043914  0.0061726
 0.0047120  0.0056756
 0.0049297  0.0050627
 0.0047327  0.0043868
 0.0057776  0.0039838
 0.0066070  0.0040242
 0.0073010  0.0047275
 0.0075962  0.0056811
 0.0080185  0.0066368
 0.0075405  0.0074866
 0.0072740  0.0080765
 0.0068921  0.0082073
 0.0063955  0.0078794
 0.0066620  0.0071939
 0.0066805  0.0061095
 0.0070221  0.0049677
 0.0071109  0.0036733
 0.0066053  0.0028433
 0.0060223  0.0018740
 0.0051732  0.0009842
 0.0042506  0.0001888
 0.0028945  0.0000411
 0.0014059  0.0000108
 0.0006105 -0.0000820
-0.0005510  0.0003177
-0.0009426  0.0007945
-0.0009369  0.0011365
-0.0005283  0.0013379
-0.0003183  0.0013895
-0.0001645  0.0010205
-0.0000510  0.0010407
-0.0004358  0.0009636
-0.0007104  0.0006196
-0.0009381  0.0001432
-0.0012062  0.0004113
-0.0009409  0.0006987
-0.0000951  0.0011388
 0.0006869  0.0016321
 0.0021469  0.0020496
 0.0032568  0.0026819
 0.0048686  0.0032188
 0.0057483  0.0035467
 0.0065691  0.0037813
 0.0066801  0.0034079
 0.0065969  0.0031645
 0.0063066  0.0023469
 0.0056134  0.0011591
 0.0047222  0.0002381
 0.0039115 -0.0004192
 0.0034294 -0.0013062
 0.0030777 -0.0017759
 0.0033764 -0.0019753
 0.0042356 -0.0014626
 0.0048049 -0.0010682
 0.0054973 -0.0005692
 0.0057080 -0.0001691
 0.0057080  0.0002492
 0.0055013  0.0000707
 0.0053936 -0.0003561
 0.0047436 -0.0006884
 0.0038881 -0.0009060
 0.0025860 -0.0010256
 0.0011676 -0.0013191
 0.0002673 -0.0015307
-0.0009072 -0.0017459
-0.0017923 -0.0024412
-0.0023911 -0.0023685
-0.0023959 -0.0022963
-0.0028962 -0.0027767
-0.0027972 -0.0034506
-0.0029507 -0.0040684
-0.0026963 -0.0044140
-0.0027560 -0.0048000
-0.0027766 -0.0046292
-0.0025453 -0.0040938
-0.0026595 -0.0036336
-0.0025820 -0.0030049
-0.0021346 -0.0023945
-0.0022614 -0.0019907
-0.0025638 -0.0014558
-0.0028847 -0.0005489
-0.0035117  0.0001439
-0.0040257  0.0010899
-0.0042328  0.0016907
-0.0042740  0.0014683
-0.0036239  0.0015305
-0.0031714  0.0005179
-0.0022589 -0.0000885
-0.0018609 -0.0012916
-0.0016950 -0.0023623
-0.0020991 -0.0033519
-0.0024229 -0.0041311
-0.0033039 -0.0046087
-0.0041065 -0.0050811
-0.0046802 -0.0049248
-0.0050469 -0.0049397
-0.0056924 -0.0049918
-0.0059585 -0.0047749
-0.0059516 -0.0047531
-0.0054642 -0.0045807
-0.0051678 -0.0045617
-0.0050458 -0.0045868
-0.0049477 -0.0049344
-0.0050212 -0.0054024
-0.0052877 -0.0060779
-0.0057887 -0.0064328
-0.0061921 -0.0067797
-0.0065562 -0.0072969
-0.0067702 -0.0072428
-0.0072523 -0.0075698
-0.0076181 -0.0079707
-0.0079513 -0.0084532
-0.0078423 -0.0091461
-0.0080385 -0.0098748
-0.0079804 -0.0106565
-0.0079029 -0.0107764
-0.0076473 -0.0109270
-0.0073153 -0.0104332
-0.0064836 -0.0102673
-0.0054043 -0.0096044
-0.0044026 -0.0091349
-0.0032467 -0.0089173
-0.0025138 -0.0083526
-0.0016829 -0.0080777
-0.0011419 -0.0080470
-0.0005310 -0.0078089
-0.0001087 -0.0075085
 0.0003285 -0.0072824
 0.0002821 -0.0071298
 0.0001391 -0.0070911
-0.0000604 -0.0075279
 0.0000813 -0.0076422
 0.0001366 -0.0081420
 0.0005330 -0.0079878
 0.0011830 -0.0077201
 0.0015077 -0.0067245
 0.0017019 -0.0055552
 0.0016029 -0.0041211
 0.0012932 -0.0031420
 0.0011406 -0.0021209
 0.0009819 -0.0007146
 0.0008438  0.0002063
 0.0008414  0.0008632
 0.0001712  0.0012472
-0.0002536  0.0011095
-0.0007147  0.0011656
-0.0013465  0.0010461
-0.0017256  0.0003185
-0.0018431 -0.0001163
-0.0021124 -0.0000314
-0.0019792 -0.0003802
-0.0021338 -0.0003422
-0.0024403 -0.0003098
-0.0030015 -0.0003323
-0.0031925 -0.0006649
-0.0032825 -0.0012507
-0.0039066 -0.0016855
-0.0038432 -0.0023368
-0.0040471 -0.0027954
-0.0043127 -0.0031830
-0.0045574 -0.0030406
-0.0045433 -0.0028153
-0.0049898 -0.0025335
-0.0049422 -0.0015226
-0.0049055 -0.0005463
-0.0049285 -0.0001434
-0.0052604  0.0000851
-0.0054175 -0.0000081
-0.0054212 -0.0007679
-0.0055262 -0.0013202
-0.0053934 -0.0021196
-0.0054721 -0.0029384
-0.0055682 -0.0038626
-0.0054544 -0.0040943
-0.0048596 -0.0046136
-0.0045903 -0.0050177
-0.0041668 -0.0054748
-0.0033153 -0.0052038
-0.0024546 -0.0048727
-0.0011154 -0.0042388
 0.0003732 -0.0033510
 0.0016365 -0.0029896
 0.0027073 -0.0027595
 0.0034893 -0.0024337
 0.0031643 -0.0026452
 0.0028595 -0.0028931
 0.0023798 -0.0031822
 0.0018085 -0.0034523
 0.0016600 -0.0030704
 0.0012397 -0.0023663
 0.0009785 -0.0018156
 0.0013887 -0.0013150
 0.0015272 -0.0006274
 0.0015172 -0.0004962
 0.0017328 -0.0001139
 0.0016679 -0.0000045
 0.0011414 -0.0002758
 0.0010155 -0.0005298
 0.0003687 -0.0006764
 0.0000284 -0.0011072
-0.0002656 -0.0015942
-0.0004041 -0.0014997
-0.0008704 -0.0015046
-0.0010921 -0.0012886
-0.0011127 -0.0009066
-0.0012561  0.0000502
-0.0012614  0.0013115
-0.0013648  0.0026301
-0.0009275  0.0037525
-0.0009554  0.0047906
-0.0004382  0.0054071
-0.0002267  0.0052799
 0.0005619  0.0052295
 0.0009527  0.0046990
 0.0019625  0.0038778
 0.0028908  0.0026339
 0.0032433  0.0021675
 0.0041865  0.0016095
 0.0047437  0.0017613
 0.0046706  0.0019135
 0.0043670  0.0026419
 0.0036588  0.0035241
 0.0029305  0.0046311
 0.0015158  0.0052957
 0.0005952  0.0061665
-0.0005042  0.0066138
-0.0019093  0.0072024
-0.0034759  0.0076611
-0.0042883  0.0076013
-0.0056611  0.0073397
-0.0064128  0.0073219
-0.0072587  0.0065605
-0.0080048  0.0060898
-0.0089593  0.0057244
-0.0092237  0.0049089
-0.0097368  0.0046101
-0.0100231  0.0040784
-0.0096787  0.0036246
-0.0091627  0.0035932
-0.0085300  0.0033853
-0.0072812  0.0031200
-0.0066445  0.0025814
-0.0058503  0.0021038
-0.0049459  0.0011877
-0.0046548  0.0003657
-0.0045579 -0.0002605
-0.0043120 -0.0008802
-0.0043177 -0.0010247
-0.0044744 -0.0012116
-0.0045572 -0.0013173
-0.0041421 -0.0009680
-0.0039100 -0.0009358
-0.0031630 -0.0002647
-0.0025288  0.0006187
-0.0016780  0.0017342
-0.0011386  0.0022159
-0.0009964  0.0029693
-0.0010707  0.0028204
-0.0006262  0.0022697
-0.0008563  0.0019426
-0.0007057  0.0009070
-0.0006863  0.0003276
-0.0006698 -0.0000022
-0.0009173 -0.0002805
-0.0004158 -0.0001892
-0.0005846  0.0003198
-0.0007578  0.0007954
-0.0007368  0.0016328
-0.0006362  0.0025868
-0.0002317  0.0033458
 0.0004236  0.0040346
 0.0009865  0.0048929
 0.0015635  0.0052385
 0.0020423  0.0053120
 0.0025740  0.0054319
 0.0029705  0.0047448
 0.0032135  0.0044448
 0.0038037  0.0042216
 0.0043201  0.0037476
 0.0043766  0.0030960
 0.0048559  0.0031012
 0.0053755  0.0029700
 0.0056408  0.0026862
 0.0057558  0.0029955
 0.0057918  0.0024040
 0.0052107  0.0016712
 0.0051695  0.0012315
 0.0047036  0.0003416
 0.0044867 -0.0003964
 0.0043700 -0.0009189
 0.0040930 -0.0009214
 0.0038580 -0.0014244
 0.0040449 -0.0013841
 0.0038540 -0.0015552
 0.0036775 -0.0011866
 0.0032313 -0.0012605
 0.0025163 -0.0009520
 0.0013018 -0.0006258
 0.0004369 -0.0006270
-0.0008139 -0.0006892
-0.0017942 -0.0004639
-0.0024281 -0.0006581
-0.0023308 -0.0012000
-0.0019048 -0.0017770
-0.0007929 -0.0023313
 0.0000134 -0.0027681
 0.0008911 -0.0028816
 0.0015795 -0.0028347
 0.0017846 -0.0026925
 0.0009750 -0.0021874
 0.0004789 -0.0024647
-0.0006657 -0.0023799
-0.0016335 -0.0023342
-0.0027365 -0.0029007
-0.0034898 -0.0029337
-0.0035778 -0.0031025
-0.0037065 -0.0027916
-0.0028235 -0.0019473
-0.0019615 -0.0010317
-0.0014290 -0.0002133
-0.0009320  0.0009749
-0.0003591  0.0012765
-0.0006655  0.0016774
-0.0007463  0.0015385
-0.0009926  0.0011133
-0.0017056  0.0008218
-0.0021889  0.0004701
-0.0027687 -0.0002025
-0.0034475 -0.0006014
-0.0044298 -0.0008707
-0.0057735 -0.0015555
-0.0065777 -0.0020298
-0.0071074 -0.0025624
-0.0074461 -0.0031518
-0.0073052 -0.0032624
-0.0068364 -0.0035907
-0.0066159 -0.0036537
-0.0064031 -0.0040243
-0.0061293 -0.0044915
-0.0061216 -0.0052692
-0.0062965 -0.0055644
-0.0065427 -0.0058187
-0.0066174 -0.0057255
-0.0074778 -0.0052099
-0.0072420 -0.0047884
-0.0071051 -0.0049039
-0.0061054 -0.0044658
-0.0046664 -0.0045660
-0.0029917 -0.0039935
-0.0021829 -0.0030366
-0.0016007 -0.0022166
-0.0020585 -0.0017002
-0.0027284 -0.0009364
-0.0034785 -0.0013789
-0.0044399 -0.0012303
-0.0050209 -0.0012731
-0.0048328 -0.0016224
-0.0047391 -0.0012837
-0.0041876 -0.0008481
-0.0029433 -0.0002029
-0.0025993 -0.0002090
-0.0017079  0.0003243
-0.0001062  0.0004434
 0.0010149  0.0003263
 0.0021114  0.0005969
 0.0031409  0.0003530
 0.0037106 -0.0000693
 0.0035935 -0.0002256
 0.0037679 -0.0007007
 0.0032511 -0.0006801
 0.0025203 -0.0002744
 0.0022386 -0.0002263
 0.0013810  0.0003329
 0.0007338  0.0012737
 0.0003899  0.0019471
-0.0004701  0.0024231
-0.0010669  0.0028232
-0.0010285  0.0026694
-0.0011840  0.0030328
-0.0010507  0.0031854
-0.0009571  0.0037623
-0.0010939  0.0043550
-0.0010980  0.0054335
-0.0013887  0.0064352
-0.0023335  0.0075653
-0.0033485  0.0076597
-0.0043817  0.0072750
-0.0047406  0.0064391
-0.0050942  0.0053240
-0.0048956  0.0040469
-0.0041958  0.0035010
-0.0033245  0.0028594
-0.0023785  0.0023349
-0.0016691  0.0023465
-0.0005766  0.0020219
 0.0001110  0.0016779
 0.0008180  0.0018940
 0.0013295  0.0014830
 0.0017130  0.0012206
 0.0016743  0.0008609
 0.0017130  0.0006034
 0.0008123  0.0002808
 0.0002390 -0.0000357
-0.0005023 -0.0003732
-0.0014208 -0.0009004
-0.0020429 -0.0012238
-0.0019008 -0.0018294
-0.0017667 -0.0024597
-0.0012192 -0.0026502
-0.0004670 -0.0033164
-0.0001375 -0.0033200
 0.0002732 -0.0034533
 0.0002570 -0.0035687
-0.0001168 -0.0035526
-0.0001866 -0.0033637
-0.0004300 -0.0033257
-0.0004862 -0.0028352
-0.0004470 -0.0018242
-0.0007603 -0.0013156
-0.0010192 -0.0004205
-0.0014371 -0.0001028
-0.0020897 -0.0000701
-0.0024116 -0.0002865
-0.0023313 -0.0007468
-0.0024965 -0.0011671
-0.0025615 -0.0013181
-0.0022014 -0.0018300
-0.0018723 -0.0019237
-0.0016963 -0.0020900
-0.0008996 -0.0026733
-0.0001834 -0.0030649
-0.0000020 -0.0034589
 0.0008519 -0.0039058
 0.0010680 -0.0044549
 0.0015715 -0.0042433
 0.0024702 -0.0041419
 0.0028340 -0.0032400
 0.0035974 -0.0019330
 0.0040565 -0.0011494
 0.0042515 -0.0001953
 0.0047150  0.0003578
 0.0045495  0.0003735
 0.0042137  0.0001785
 0.0039912  0.0000642
 0.0038819 -0.0002386
 0.0035403  0.0001079
 0.0035436  0.0003017
 0.0038330  0.0003796
 0.0038827  0.0004781
 0.0041693  0.0002557
 0.0044350 -0.0002162
 0.0042961 -0.0005598
 0.0047717 -0.0013959
 0.0049210 -0.0018591
 0.0047870 -0.0020941
 0.0049198 -0.0026351
 0.0051673 -0.0031349
 0.0049929 -0.0028956
 0.0054111 -0.0033022
 0.0053461 -0.0033837
 0.0048381 -0.0028157
 0.0040770 -0.0024883
 0.0027026 -0.0021568
 0.0012329 -0.0013892
 0.0002461 -0.0010145
-0.0013883 -0.0005255
-0.0018865 -0.0003240
-0.0023246 -0.0006615
-0.0025568 -0.0007676
-0.0025156 -0.0010902
-0.0023411 -0.0016219
-0.0023928 -0.0022566
-0.0027921 -0.0020540
-0.0029790 -0.0021670
-0.0035147 -0.0019632
-0.0038789 -0.0018542
-0.0042637 -0.0017024
-0.0045197 -0.0013192
-0.0038907 -0.0010289
-0.0032374 -0.0006470
-0.0030242  0.0001403
-0.0021965  0.0009070
-0.0021218  0.0013604
-0.0018566  0.0011238
-0.0017844  0.0008141
-0.0020606 -0.0000524
-0.0024070 -0.0009527
-0.0021187 -0.0022172
-0.0017291 -0.0034022
-0.0019527 -0.0041471
-0.0011565 -0.0044111
-0.0008827 -0.0045242
-0.0003404 -0.0040223
 0.0002571 -0.0041358
 0.0005293 -0.0039432
 0.0013921 -0.0035398
 0.0016997 -0.0032342
 0.0022674 -0.0028510
 0.0021301 -0.0021243
 0.0025177 -0.0021166
 0.0016512 -0.0019220
 0.0016363 -0.0017253
 0.0018346 -0.0019461
 0.0018803 -0.0018662
 0.0024237 -0.0015803
 0.0028473 -0.0007616
 0.0027173 -0.0001342
 0.0027011  0.0007532
 0.0025057  0.0011399
 0.0021771  0.0014503
 0.0015960  0.0016824
 0.0017252  0.0018587
 0.0017163  0.0017666
 0.0018640  0.0015651
 0.0020848  0.0019942
 0.0024429  0.0018302
 0.0027598  0.0021120
 0.0028086  0.0027059
 0.0026838  0.0038352
 0.0027153  0.0042220
 0.0024411  0.0049181
 0.0020184  0.0050384
 0.0017672  0.0054895
 0.0009884  0.0052913
 0.0003082  0.0051997
-0.0005247  0.0049042
-0.0015910  0.0042166
-0.0027133  0.0045437
-0.0033452  0.0044661
-0.0037090  0.0043911
-0.0037457  0.0043858
-0.0034037  0.0038867
-0.0025623  0.0033861
-0.0012170  0.0029807
-0.0004503  0.0024445
 0.0002986  0.0019096
 0.0009180  0.0016811
 0.0012261  0.0012059
 0.0006673  0.0010722
 0.0001686  0.0012483
-0.0003901  0.0010432
-0.0011807  0.0011595
-0.0015889  0.0012023
-0.0020714  0.0010756
-0.0023213  0.0010215
-0.0014347  0.0007752
-0.0001818  0.0006238
 0.0009390  0.0005059
 0.0022916  0.0004429
 0.0034455  0.0004154
 0.0048268  0.0007582
 0.0056096  0.0009076
 0.0061066  0.0013646
 0.0060820  0.0020291
 0.0060169  0.0021991
 0.0052829  0.0023497
 0.0045064  0.0026165
 0.0039250  0.0021583
 0.0026160  0.0018741
 0.0023067  0.0014950
 0.0030020  0.0009108
 0.0038136  0.0004340
 0.0050669 -0.0001942
 0.0061114 -0.0009428
 0.0071708 -0.0011923
 0.0076150 -0.0013724
 0.0078274 -0.0019118
 0.0075803 -0.0017633
 0.0071059 -0.0018420
 0.0062423 -0.0020552
 0.0055188 -0.0019648
 0.0048308 -0.0016834
 0.0048522 -0.0018045
 0.0040282 -0.0014218
 0.0041610 -0.0010237
 0.0037912 -0.0006410
 0.0039575 -0.0002183
 0.0041972  0.0008400
 0.0041871  0.0011456
 0.0038491  0.0018207
 0.0038180  0.0024772
 0.0035781  0.0030199
 0.0035869  0.0036760
 0.0036184  0.0035561
 0.0038214  0.0038392
 0.0038129  0.0040614
 0.0038827  0.0041337
 0.0043349  0.0037595
 0.0041943  0.0037054
 0.0038669  0.0038463
 0.0030630  0.0036772
 0.0014351  0.0040030
 0.0006176  0.0038916
-0.0009271  0.0033110
-0.0016457  0.0028664
-0.0020846  0.0022305
-0.0022113  0.0016293
-0.0019590  0.0011444
-0.0019505  0.0007822
-0.0026864  0.0002581
-0.0027909 -0.0004718
-0.0034684 -0.0013746
-0.0039730 -0.0016855
-0.0044611 -0.0023037
-0.0045652 -0.0022739
-0.0047876 -0.0021867
-0.0044602 -0.0014515
-0.0044412 -0.0010022
-0.0046330 -0.0003224
-0.0048817 -0.0001238
-0.0050763 -0.0000693
-0.0055951 -0.0002619
-0.0056141 -0.0007383
-0.0055979 -0.0013075
-0.0057934 -0.0012776
-0.0055616 -0.0009969
-0.0053319 -0.0004922
-0.0051244  0.0008806
-0.0047812  0.0019429
-0.0045563  0.0032325
-0.0045592  0.0041801
-0.0047526  0.0047272
-0.0051975  0.0054201
-0.0056392  0.0057560
-0.0052541  0.0054351
-0.0054071  0.0054310
-0.0049500  0.0050842
-0.0036778  0.0042948
-0.0030076  0.0039234
-0.0022558  0.0037437
-0.0016017  0.0037570
-0.0010368  0.0037286
-0.0008216  0.0036883
 0.0000279  0.0038946
 0.0011459  0.0044432
 0.0018375  0.0049188
 0.0024694  0.0056572
 0.0022170  0.0067182
 0.0014612  0.0074611
 0.0002430  0.0082261
-0.0012816  0.0082233
-0.0022284  0.0076133
-0.0030198  0.0068341
-0.0036008  0.0060310
-0.0035152  0.0052127
-0.0034285  0.0047742
-0.0031031  0.0048546
-0.0027228  0.0048574
-0.0025281  0.0053181
-0.0028164  0.0065604
-0.0025851  0.0074664
-0.0031172  0.0083733
-0.0036093  0.0091234
-0.0045060  0.0091675
-0.0052605  0.0088211
-0.0054462  0.0084355
-0.0057086  0.0074411
-0.0057623  0.0062908
-0.0052943  0.0053549
-0.0051126  0.0043819
-0.0051202  0.0036564
-0.0047043  0.0031776
-0.0048068  0.0029046
-0.0051011  0.0027818
-0.0048814  0.0032736
-0.0046694  0.0039781
-0.0042871  0.0047564
-0.0034146  0.0051525
-0.0023750  0.0052829
-0.0014134  0.0052292
-0.0004526  0.0050431
-0.0000089  0.0048950
 0.0000976  0.0047278
 0.0001691  0.0043120
-0.0001172  0.0042377
-0.0003457  0.0038235
-0.0007389  0.0030919
-0.0008322  0.0018294
-0.0007534  0.0008903
-0.0005221  0.0000517
-0.0004531 -0.0004081
-0.0004188 -0.0001295
-0.0000809  0.0005137
-0.0002743  0.0015211
-0.0009626  0.0020860
-0.0012085  0.0023639
-0.0015836  0.0028637
-0.0013296  0.0025807
-0.0010517  0.0023150
-0.0007892  0.0020106
-0.0002401  0.0018600
 0.0003070  0.0020530
 0.0002809  0.0022755
 0.0003475  0.0023049
 0.0004097  0.0021546
 0.0001845  0.0015804
 0.0001820  0.0005912
 0.0001759 -0.0005140
 0.0002304 -0.0004829
 0.0004747 -0.0009609
 0.0008368 -0.0008232
 0.0011239 -0.0008773
 0.0012947 -0.0010444
 0.0012159 -0.0015104
 0.0011150 -0.0021653
 0.0011089 -0.0026845
 0.0007967 -0.0030185
 0.0002751 -0.0031214
-0.0000952 -0.0034493
-0.0008409 -0.0034328
-0.0013621 -0.0031840
-0.0016896 -0.0032385
-0.0021341 -0.0029240
-0.0020474 -0.0029009
-0.0016307 -0.0031399
-0.0014656 -0.0029998
-0.0010284 -0.0031822
-0.0007046 -0.0032524
-0.0002839 -0.0027373
-0.0002811 -0.0020873
 0.0002002 -0.0020517
-0.0002887 -0.0019052
-0.0005329 -0.0022484
-0.0001994 -0.0035287
-0.0000762 -0.0049276
 0.0004091 -0.0065902
 0.0014443 -0.0074498
 0.0024832 -0.0082799
 0.0033448 -0.0080381
 0.0040691 -0.0075682
 0.0044041 -0.0066158
 0.0047081 -0.0061661
 0.0048377 -0.0058508
 0.0054259 -0.0053752
 0.0062496 -0.0057443
 0.0064603 -0.0062263
 0.0068088 -0.0063987
 0.0071556 -0.0062784
 0.0066586 -0.0063341
 0.0064313 -0.0061536
 0.0056283 -0.0065315
 0.0050126 -0.0065988
 0.0043217 -0.0069347
 0.0039237 -0.0073497
 0.0031574 -0.0072669
 0.0022619 -0.0068616
 0.0017516 -0.0059778
 0.0010297 -0.0051008
 0.0004621 -0.0042300
 0.0004625 -0.0036995
 0.0003688 -0.0035300
 0.0008885 -0.0039131
 0.0011763 -0.0043128
 0.0016754 -0.0036543
 0.0019100 -0.0041056
 0.0018947 -0.0037148
 0.0013217 -0.0030780
 0.0009810 -0.0026533
 0.0000427 -0.0023218
-0.0009162 -0.0019241
-0.0018335 -0.0024243
-0.0023539 -0.0025980
-0.0028485 -0.0034116
-0.0030415 -0.0044149
-0.0024525 -0.0048255
-0.0023007 -0.0048563
-0.0021396 -0.0052649
-0.0021490 -0.0049133
-0.0027167 -0.0042783
-0.0033793 -0.0041924
-0.0042547 -0.0037010
-0.0050630 -0.0030114
-0.0055657 -0.0024510
-0.0063711 -0.0017739
-0.0071556 -0.0013661
-0.0074951 -0.0011634
-0.0082768 -0.0011597
-0.0089058 -0.0010394
-0.0091504 -0.0013385
-0.0092053 -0.0015654
-0.0088589 -0.0015052
-0.0078221 -0.0018460
-0.0070529 -0.0025541
-0.0061090 -0.0031835
-0.0055106 -0.0039878
-0.0049493 -0.0047570
-0.0045238 -0.0053133
-0.0044850 -0.0056400
-0.0045181 -0.0056610
-0.0042084 -0.0051442
-0.0045891 -0.0044905
-0.0051786 -0.0035320
-0.0057293 -0.0032841
-0.0067572 -0.0027673
-0.0071153 -0.0025667
-0.0071685 -0.0032410
-0.0071100 -0.0039427
-0.0063647 -0.0039303
-0.0054906 -0.0049889
-0.0053296 -0.0052631
-0.0046687 -0.0055570
-0.0040825 -0.0059806
-0.0046898 -0.0057989
-0.0045812 -0.0050965
-0.0045412 -0.0045409
-0.0045820 -0.0031654
-0.0039457 -0.0017272
-0.0029650 -0.0007828
-0.0019665  0.0002754
-0.0007771  0.0008403
 0.0005428  0.0011032
 0.0012860  0.0013051
 0.0017992  0.0014271
 0.0017192  0.0019003
 0.0010227  0.0024612
 0.0004898  0.0032158
-0.0001598  0.0041239
-0.0006334  0.0051579
-0.0007928  0.0063647
-0.0007851  0.0071903
-0.0004883  0.0078912
 0.0001287  0.0078161
 0.0006548  0.0080248
 0.0007484  0.0078677
 0.0011764  0.0071010
 0.0016549  0.0063896
 0.0020792  0.0054271
 0.0026776  0.0051982
 0.0025089  0.0047157
 0.0020765  0.0046551
 0.0020208  0.0044104
 0.0011345  0.0042178
 0.0004001  0.0043919
-0.0002258  0.0043455
-0.0008468  0.0039103
-0.0013204  0.0036136
-0.0014432  0.0031626
-0.0013508  0.0027884
-0.0012769  0.0022600
-0.0005288  0.0014392
-0.0002990  0.0004851
 0.0006611 -0.0000672
 0.0013898 -0.0006042
 0.0015013 -0.0007031
 0.0020201 -0.0009357
 0.0024763 -0.0005550
 0.0024537 -0.0006022
 0.0029313 -0.0004735
 0.0029450 -0.0007674
 0.0030003 -0.0008337
 0.0029236 -0.0015265
 0.0025957 -0.0018794
 0.0021355 -0.0026712
 0.0016958 -0.0034416
 0.0011406 -0.0041381
 0.0010433 -0.0043743
 0.0010243 -0.0047038
 0.0010990 -0.0052811
 0.0012880 -0.0059158
 0.0019557 -0.0063769
 0.0020482 -0.0068751
 0.0025823 -0.0069305
 0.0032146 -0.0066397
 0.0032114 -0.0057584
 0.0031697 -0.0047813
 0.0032267 -0.0033383
 0.0024951 -0.0019373
 0.0019585 -0.0009598
 0.0012818 -0.0006126
 0.0003362 -0.0006303
-0.0004601 -0.0015476
-0.0007375 -0.0028828
-0.0010537 -0.0046209
-0.0008268 -0.0062806
-0.0008845 -0.0076146
-0.0009794 -0.0080877
-0.0006148 -0.0082924
-0.0010355 -0.0079460
-0.0014005 -0.0073319
-0.0018462 -0.0067339
-0.0021382 -0.0062522
-0.0021067 -0.0055178
-0.0025311 -0.0048790
-0.0021334 -0.0047563
-0.0023470 -0.0041801
-0.0023115 -0.0035066
-0.0022788 -0.0030064
-0.0024722 -0.0023939
-0.0025158 -0.0023148
-0.0026693 -0.0015666
-0.0025950 -0.0010284
-0.0027072 -0.0006630
-0.0027766 -0.0000150
-0.0029082  0.0007460
-0.0033418  0.0012571
-0.0029946  0.0021122
-0.0032825  0.0029269
-0.0027645  0.0035786
-0.0027104  0.0038228
-0.0027124  0.0043388
-0.0031767  0.0041684
-0.0038070  0.0043016
-0.0048083  0.0043025
-0.0059985  0.0035749
-0.0071306  0.0034264
-0.0076874  0.0033004
-0.0084133  0.0028503
-0.0087533  0.0021515
-0.0090367  0.0017587
-0.0092211  0.0016069
-0.0093438  0.0009569
-0.0096099  0.0008163
-0.0093955  0.0002591
-0.0100116 -0.0001519
-0.0101291 -0.0004648
-0.0102688 -0.0005901
-0.0104239 -0.0010803
-0.0101219 -0.0015446
-0.0094719 -0.0015350
-0.0087827 -0.0015015
-0.0074959 -0.0013759
-0.0065548 -0.0014410
-0.0059807 -0.0007018
-0.0055192 -0.0007527
-0.0053500 -0.0011250
-0.0050081 -0.0009183
-0.0046657 -0.0013786
-0.0044711 -0.0013216
-0.0041836 -0.0007604
-0.0038380 -0.0004277
-0.0036216  0.0004178
-0.0035436  0.0013973
-0.0033664  0.0019351
-0.0028879  0.0021470
-0.0027535  0.0018381
-0.0019642  0.0012487
-0.0012309  0.0005212
-0.0004234 -0.0007018
 0.0004083 -0.0016929
 0.0009369 -0.0028259
 0.0014614 -0.0036491
 0.0020020 -0.0040343
 0.0020008 -0.0041296
 0.0027808 -0.0046116
 0.0029128 -0.0045890
 0.0032221 -0.0045547
 0.0033626 -0.0046157
 0.0030829 -0.0045459
 0.0026295 -0.0041023
 0.0019283 -0.0035960
 0.0009532 -0.0035113
 0.0000525 -0.0033680
-0.0008746 -0.0035057
-0.0014750 -0.0037205
-0.0020807 -0.0036014
-0.0022232 -0.0041731
-0.0024041 -0.0044593
-0.0023763 -0.0038880
-0.0022084 -0.0029695
-0.0019415 -0.0019424
-0.0019843 -0.0006323
-0.0016363  0.0003964
-0.0012980  0.0014679
-0.0006318  0.0020994
 0.0000149  0.0023743
 0.0008147  0.0027232
 0.0010029  0.0032877
 0.0009047  0.0028153
 0.0007113  0.0033633
 0.0002494  0.0027201
-0.0003840  0.0028074
-0.0008996  0.0028773
-0.0015431  0.0033118
-0.0022989  0.0029796
-0.0025899  0.0028331
-0.0023282  0.0024217
-0.0021663  0.0017229
-0.0021990  0.0006607
-0.0020596 -0.0001412
-0.0022704 -0.0010915
-0.0018122 -0.0015910
-0.0015223 -0.0022108
-0.0012336 -0.0021393
-0.0006788 -0.0017586
-0.0005407 -0.0016855
-0.0006405 -0.0013238
-0.0005848 -0.0008001
-0.0008863 -0.0006043
-0.0019607 -0.0002784
-0.0028344  0.0001253
-0.0037852  0.0005670
-0.0050807  0.0009296
-0.0058834  0.0015541
-0.0067009  0.0012238
-0.0075791  0.0013142
-0.0080426  0.0014991
-0.0080995  0.0009779
-0.0091969  0.0008571
-0.0091210  0.0008571
-0.0094246  0.0008047
-0.0096095  0.0012662
-0.0093716  0.0012900
-0.0086376  0.0010046
-0.0079766  0.0006238
-0.0070169  0.0000069
-0.0058048 -0.0011240
-0.0050518 -0.0017385
-0.0041087 -0.0028141
-0.0034909 -0.0031052
-0.0035010 -0.0035287
-0.0034920 -0.0039733
-0.0042329 -0.0037876
-0.0048368 -0.0035619
-0.0055595 -0.0036992
-0.0061498 -0.0037396
-0.0066250 -0.0039903
-0.0064521 -0.0038696
-0.0058009 -0.0035297
-0.0055134 -0.0029378
-0.0044007 -0.0026742
-0.0036574 -0.0021437
-0.0027591 -0.0021946
-0.0017530 -0.0023339
-0.0013537 -0.0025685
-0.0004829 -0.0030534
 0.0000666 -0.0036066
 0.0005248 -0.0038585
 0.0009261 -0.0039364
 0.0011344 -0.0033313
 0.0014639 -0.0029510
 0.0021321 -0.0018798
 0.0025847 -0.0012274
 0.0028067 -0.0003629
 0.0039323  0.0001026
 0.0043651  0.0004749
 0.0052424  0.0005141
 0.0057588  0.0011883
 0.0059844  0.0013991
 0.0061165  0.0022074
 0.0059784  0.0028986
 0.0057070  0.0040122
 0.0056650  0.0050563
 0.0055790  0.0057132
 0.0053197  0.0064650
 0.0056556  0.0070061
 0.0058392  0.0071401
 0.0061969  0.0072007
 0.0069838  0.0071042
 0.0074647  0.0073569
 0.0079678  0.0067073
 0.0080671  0.0062119
 0.0086308  0.0052179
 0.0083664  0.0042376
 0.0085424  0.0036062
 0.0084310  0.0031689
 0.0078052  0.0031185
 0.0075081  0.0037383
 0.0065347  0.0041667
 0.0058944  0.0047279
 0.0049824  0.0053630
 0.0043175  0.0050178
 0.0040526  0.0048620
 0.0039178  0.0043242
 0.0039557  0.0032535
 0.0038423  0.0027536
 0.0039561  0.0025679
 0.0038039  0.0023443
 0.0031523  0.0026039
 0.0028491  0.0028475
 0.0024865  0.0033966
 0.0018018  0.0034778
 0.0013642  0.0035392
 0.0007670  0.0034047
 0.0002066  0.0029973
 0.0000479  0.0025952
-0.0001278  0.0019197
-0.0006276  0.0016431
-0.0005117  0.0012559
-0.0004548  0.0011545
-0.0001512  0.0015324
 0.0004423  0.0016595
 0.0007455  0.0020407
 0.0008012  0.0024375
 0.0011835  0.0024129
 0.0017354  0.0024871
 0.0015869  0.0026600
 0.0017799  0.0021977
 0.0011509  0.0017943
 0.0005178  0.0010013
 0.0000325 -0.0001498
-0.0003168 -0.0013061
-0.0006475 -0.0022662
-0.0008813 -0.0033653
-0.0009217 -0.0037339
-0.0005014 -0.0042754
-0.0005079 -0.0043990
-0.0006121 -0.0042318
-0.0010441 -0.0040998
-0.0010765 -0.0042710
-0.0011771 -0.0046897
-0.0012986 -0.0050534
-0.0011044 -0.0058330
-0.0009824 -0.0066381
-0.0007397 -0.0065436
-0.0006937 -0.0066474
 0.0002786 -0.0064428
 0.0009772 -0.0060649
 0.0024577 -0.0058825
 0.0039302 -0.0056790
 0.0051511 -0.0052583
 0.0066566 -0.0046317
 0.0073171 -0.0040964
 0.0075730 -0.0030632
 0.0077146 -0.0019351
 0.0074146 -0.0009383
 0.0067734 -0.0002870
 0.0063236  0.0001208
 0.0058948  0.0001595
 0.0055225  0.0003029
 0.0051171  0.0004971
 0.0047634  0.0006970
 0.0041884  0.0011242
 0.0035348  0.0016083
 0.0031496  0.0020585
 0.0026542  0.0023719
 0.0023155  0.0022241
 0.0024407  0.0026550
 0.0024492  0.0027422
 0.0024234  0.0034779
 0.0029677  0.0042156
 0.0026468  0.0047183
 0.0021122  0.0049896
 0.0018764  0.0047619
 0.0013737  0.0041931
 0.0005036  0.0039064
 0.0003308  0.0035330
-0.0004904  0.0039449
-0.0014654  0.0043527
-0.0019761  0.0049139
-0.0022406  0.0049337
-0.0027166  0.0047395
-0.0027731  0.0048360
-0.0024626  0.0039360
-0.0026197  0.0034160
-0.0028680  0.0028407
-0.0033831  0.0024765
-0.0041078  0.0025540
-0.0047118  0.0024745
-0.0054155  0.0019907
-0.0056222  0.0021171
-0.0051228  0.0014779
-0.0048208  0.0012041
-0.0045212  0.0009663
-0.0039181  0.0008682
-0.0034849  0.0007382
-0.0028579  0.0001604
-0.0023024 -0.0002546
-0.0022236 -0.0007677
-0.0021045 -0.0015893
-0.0024420 -0.0025470
-0.0026047 -0.0031748
-0.0028799 -0.0040776
-0.0026615 -0.0045581
-0.0021354 -0.0049792
-0.0011336 -0.0054972
-0.0002720 -0.0050220
 0.0008023 -0.0047749
 0.0015880 -0.0043946
 0.0022170 -0.0038661
 0.0021326 -0.0032383
 0.0024317 -0.0024753
 0.0022165 -0.0020239
 0.0027850 -0.0010679
 0.0033417 -0.0007057
 0.0040540 -0.0000779
 0.0048833  0.0007974
 0.0056161  0.0007892
 0.0060400  0.0009519
 0.0059577  0.0006382
 0.0058963  0.0004585
 0.0056935  0.0004766
 0.0057016  0.0004193
 0.0056369  0.0004395
 0.0052461  0.0006716
 0.0051100  0.0011723
 0.0048564  0.0013294
 0.0045265  0.0019737
 0.0045592  0.0020512
 0.0044037  0.0018574
 0.0042430  0.0018126
 0.0042720  0.0015029
 0.0043031  0.0011407
 0.0040891  0.0012191
 0.0037968  0.0014521
 0.0032008  0.0015724
 0.0029138  0.0020868
 0.0028742  0.0025503
 0.0032771  0.0028010
 0.0037535  0.0035096
 0.0043272  0.0038185
 0.0041387  0.0039610
 0.0038594  0.0041839
 0.0036043  0.0037783
 0.0029358  0.0033863
 0.0023056  0.0025704
 0.0018632  0.0019260
 0.0013009  0.0017754
 0.0010942  0.0012752
 0.0009283  0.0008549
 0.0009222  0.0007576
 0.0009218  0.0006756
 0.0014155  0.0003683
 0.0016198  0.0006489
 0.0017675  0.0008952
 0.0023380  0.0009913
 0.0024143  0.0011084
 0.0025916  0.0014168
 0.0027519  0.0014386
 0.0023740  0.0013244
 0.0024976  0.0007349
 0.0025190  0.0002214
 0.0024863 -0.0006745
 0.0027222 -0.0011897
 0.0024597 -0.0018578
 0.0021767 -0.0017254
 0.0012817 -0.0021126
 0.0005331 -0.0021954
-0.0008663 -0.0031410
-0.0016931 -0.0037547
-0.0025927 -0.0044670
-0.0034398 -0.0047981
-0.0041273 -0.0051408
-0.0047624 -0.0049317
-0.0048985 -0.0046677
-0.0048493 -0.0040762
-0.0048534 -0.0039280
-0.0047290 -0.0036458
-0.0042551 -0.0036338
-0.0039111 -0.0037355
-0.0037807 -0.0036290
-0.0033616 -0.0034005
-0.0033988 -0.0033864
-0.0031262 -0.0030961
-0.0029001 -0.0036266
-0.0024766 -0.0034315
-0.0021479 -0.0042293
-0.0015742 -0.0045886
-0.0013356 -0.0056202
-0.0012754 -0.0057211
-0.0009298 -0.0058766
-0.0008567 -0.0055593
-0.0010929 -0.0047970
-0.0012214 -0.0038022
-0.0019078 -0.0030028
-0.0020351 -0.0024069
-0.0024268 -0.0018126
-0.0031261 -0.0010879
-0.0036578 -0.0004168
-0.0038282  0.0002393
-0.0046070  0.0009107
-0.0047292  0.0014485
-0.0047360  0.0019895
-0.0047053  0.0018716
-0.0041247  0.0015817
-0.0035816  0.0004694
-0.0026054 -0.0005868
-0.0016077 -0.0009865
-0.0009968 -0.0019611
-0.0003315 -0.0018383
 0.0002608 -0.0021213
 0.0004848 -0.0018480
 0.0009859 -0.0018274
 0.0012391 -0.0015968
 0.0017413 -0.0012226
 0.0023930 -0.0008229
 0.0028529 -0.0008892
 0.0031948 -0.0002251
 0.0035763  0.0001355
 0.0039167  0.0003115
 0.0037851  0.0008542
 0.0038287  0.0011712
 0.0039349  0.0013025
 0.0041954  0.0016001
 0.0046646  0.0018759
 0.0052101  0.0021703
 0.0050963  0.0021909
 0.0054168  0.0026414
