[PARAMETERS]
DW=1E-007
TAU=0.00018
TD=4096
BS=4096
NS=256
NSC=256
FR=56.120000
GAIN=4.974204
D0=0.05
D1=5E-006
D2=1E-005
D3=2.5E-005
D4=1E-005
D5=5E-005
D6=0.001
D7=0.001
D8=0.001
D9=0.05
C0=1
SEGTD=0
SEGOFF=0
SEGNUM=0
[ADDITIONAL]
PPFILE=ZG_TWO_T2.PC
DATEWR=27.09.2024
TIMEWR=14:09:50
DATESTA=27.09.2024
TIMESTA=14:09:32
DATEEND=27.09.2024
TIMEEND=14:09:50
CURR_Z0=0
CURR_Z1=1
TE=-1
[VARIABLES]
_USER=Measurements
_EMAIL_F=7NMR.NMR-270-ijs.si
_ITC_H=1
_ITC_R0= 70.00
_ITC_R1= 70.01
_ITC_R2= 70.67
_ITC_R3=  0.00
_ITC_R4=  0.01
_ITC_V=  9.99
_ITC_X=X0A1C1S00H1
_FW=100
_ORIENT=?
_THETA=0
_TITLE=?
_DESCR1=?
_DESCR2=?
_FR_LARM=56.12000000
_FR_SYNT=526.12000000
_TRIMLEV=1.66015625
_DATE=27.09.2024
_TIME=14:04:44
[PPFILE]
; pi/2 - pi


DELAY D9
PULSE [GT] 3u
PULSE [PHL1,GT] D1
DELAY TAU-3u
PULSE [GT] 3u
PULSE [PHL2,GT] 2*D1
DELAY TAU-D3
PULSE [TR] 1u+DW
DELAY 1m
STOP

;PHL 1 [+X] [+X] [+Y] [+Y] [-X] [-X] [-Y] [-Y]
;PHL 2 [+Y] [-Y] [-X] [+X] [-Y] [+Y] [+X] [-X]
;!RLS +X+X+Y+Y-X-X-Y-Y

PHL 1 [+X] [+X] [-X] [-X] [+Y] [+Y] [-Y] [-Y] [+X] [+X] [-X] [-X] [+Y] [+Y] [-Y] [-Y]
PHL 2 [+Y] [-Y] [-Y] [+Y] [-X] [+X] [+X] [-X] [+X] [-X] [-X] [+X] [-Y] [+Y] [+Y] [-Y]
!RLS +X+X-X-X+Y+Y-Y-Y-X-X+X+X-Y-Y+Y+Y
[DATA]
-0.0020877  0.0006566
-0.0023740  0.0003011
-0.0026315  0.0003580
-0.0026600  0.0002456
-0.0025114  0.0001598
-0.0018903 -0.0001850
-0.0017942 -0.0002139
-0.0012097 -0.0001846
-0.0007703 -0.0005416
-0.0002016 -0.0005042
 0.0002455 -0.0004093
 0.0006048 -0.0004669
 0.0008959 -0.0004491
 0.0011704 -0.0002850
 0.0016569 -0.0001419
 0.0021650 -0.0002499
 0.0024354 -0.0000478
 0.0028377 -0.0000179
 0.0028892  0.0001272
 0.0030034  0.0002136
 0.0032469  0.0001173
 0.0031894  0.0002320
 0.0032754  0.0003287
 0.0031014  0.0003560
 0.0030222  0.0005076
 0.0026487  0.0004773
 0.0026205  0.0004728
 0.0021503  0.0005701
 0.0018925  0.0005755
 0.0016836  0.0005735
 0.0016202  0.0006575
 0.0015340  0.0009411
 0.0012552  0.0010440
 0.0013309  0.0010701
 0.0009540  0.0008084
 0.0010011  0.0008472
 0.0012209  0.0005304
 0.0012485  0.0005175
 0.0016717  0.0005629
 0.0019791  0.0004825
 0.0023326  0.0007296
 0.0023407  0.0006618
 0.0023114  0.0009018
 0.0021293  0.0013064
 0.0021578  0.0016775
 0.0018818  0.0019177
 0.0015824  0.0023776
 0.0014960  0.0025912
 0.0011948  0.0027246
 0.0007125  0.0031277
 0.0003276  0.0032176
-0.0002127  0.0031649
-0.0005789  0.0029286
-0.0010012  0.0024911
-0.0012509  0.0017287
-0.0010388  0.0012670
-0.0012598  0.0007603
-0.0011231  0.0003137
-0.0008353  0.0001203
-0.0008138  0.0000587
-0.0009416 -0.0000739
-0.0006552  0.0000018
-0.0007242 -0.0001216
-0.0008131 -0.0002061
-0.0008094 -0.0002095
-0.0007804 -0.0001790
-0.0009701 -0.0002434
-0.0010817 -0.0003973
-0.0014624 -0.0006193
-0.0016827 -0.0007938
-0.0017776 -0.0011059
-0.0017223 -0.0015214
-0.0015791 -0.0016415
-0.0016678 -0.0015850
-0.0013056 -0.0014515
-0.0012009 -0.0014330
-0.0012562 -0.0009337
-0.0012671 -0.0005683
-0.0015220 -0.0004557
-0.0016427 -0.0003215
-0.0016286 -0.0004507
-0.0012520 -0.0004376
-0.0006248 -0.0010735
 0.0000660 -0.0010390
 0.0006525 -0.0011482
 0.0010645 -0.0010439
 0.0013816 -0.0011076
 0.0011903 -0.0012263
 0.0012003 -0.0014837
 0.0011158 -0.0013450
 0.0010897 -0.0012923
 0.0010825 -0.0011284
 0.0010736 -0.0008958
 0.0012202 -0.0005774
 0.0012404 -0.0005475
 0.0012408 -0.0002031
 0.0013746 -0.0000968
 0.0014988  0.0000932
 0.0018333  0.0003799
 0.0022546  0.0004830
 0.0026389  0.0008246
 0.0032629  0.0011084
 0.0037248  0.0013900
 0.0040626  0.0016921
 0.0042939  0.0019178
 0.0041512  0.0019085
 0.0039027  0.0019652
 0.0035484  0.0020539
 0.0031748  0.0021361
 0.0027222  0.0021617
 0.0024363  0.0022716
 0.0024551  0.0022171
 0.0021753  0.0021892
 0.0023677  0.0019191
 0.0025090  0.0020017
 0.0028905  0.0020079
 0.0030334  0.0019063
 0.0033285  0.0019027
 0.0035821  0.0018036
 0.0033305  0.0018974
 0.0029536  0.0019838
 0.0025882  0.0018298
 0.0023092  0.0021599
 0.0018112  0.0024106
 0.0014939  0.0027193
 0.0013505  0.0030362
 0.0014236  0.0033138
 0.0015193  0.0040444
 0.0019486  0.0043817
 0.0020746  0.0049230
 0.0020437  0.0053764
 0.0019102  0.0056302
 0.0015393  0.0058020
 0.0010229  0.0061345
 0.0003686  0.0062095
-0.0003834  0.0060946
-0.0007962  0.0056299
-0.0012188  0.0055405
-0.0015926  0.0051240
-0.0018139  0.0044771
-0.0017289  0.0042254
-0.0015979  0.0038893
-0.0013108  0.0033535
-0.0011869  0.0031930
-0.0012353  0.0030899
-0.0010890  0.0031232
-0.0011927  0.0031416
-0.0014945  0.0034101
-0.0018924  0.0035429
-0.0022624  0.0036382
-0.0023623  0.0036006
-0.0024458  0.0038635
-0.0022976  0.0039374
-0.0020935  0.0041714
-0.0015733  0.0038828
-0.0014164  0.0039080
-0.0010113  0.0037690
-0.0005867  0.0036638
-0.0002197  0.0037611
-0.0001129  0.0036404
 0.0002810  0.0033987
 0.0005392  0.0034041
 0.0005485  0.0036514
 0.0008937  0.0037659
 0.0010166  0.0042960
 0.0009401  0.0046953
 0.0010273  0.0051789
 0.0008844  0.0055465
 0.0010378  0.0058291
 0.0009326  0.0057980
 0.0011335  0.0058339
 0.0013352  0.0053930
 0.0013471  0.0052648
 0.0018907  0.0052166
 0.0025127  0.0047389
 0.0030266  0.0046033
 0.0034344  0.0044775
 0.0038242  0.0046047
 0.0038323  0.0049485
 0.0040929  0.0055137
 0.0039901  0.0060083
 0.0036649  0.0065775
 0.0036393  0.0070519
 0.0036894  0.0071191
 0.0039024  0.0075106
 0.0043538  0.0074258
 0.0049037  0.0072193
 0.0053963  0.0074032
 0.0059363  0.0076628
 0.0065795  0.0080189
 0.0070357  0.0082487
 0.0072497  0.0085382
 0.0074851  0.0091302
 0.0077280  0.0095239
 0.0081031  0.0098998
 0.0084009  0.0101592
 0.0083246  0.0105010
 0.0086393  0.0109233
 0.0085704  0.0114275
 0.0085898  0.0122322
 0.0089507  0.0129262
 0.0085934  0.0134804
 0.0081295  0.0142281
 0.0076189  0.0148438
 0.0071964  0.0151739
 0.0069503  0.0158978
 0.0066665  0.0163880
 0.0065184  0.0170885
 0.0062362  0.0177406
 0.0060683  0.0184574
 0.0059992  0.0192425
 0.0057602  0.0200721
 0.0056887  0.0207878
 0.0057682  0.0219082
 0.0060276  0.0228089
 0.0062490  0.0237886
 0.0064306  0.0246062
 0.0065113  0.0256178
 0.0067927  0.0263616
 0.0070281  0.0270467
 0.0071982  0.0279241
 0.0079823  0.0291745
 0.0088544  0.0304714
 0.0096332  0.0319897
 0.0105671  0.0337581
 0.0112396  0.0356400
 0.0121743  0.0376382
 0.0130308  0.0397017
 0.0139110  0.0416970
 0.0149749  0.0434542
 0.0160078  0.0453718
 0.0174686  0.0473104
 0.0190652  0.0490588
 0.0205001  0.0507087
 0.0221144  0.0525613
 0.0238475  0.0544735
 0.0255366  0.0565435
 0.0274725  0.0587372
 0.0292169  0.0610864
 0.0314222  0.0635468
 0.0335073  0.0660753
 0.0358491  0.0686922
 0.0381616  0.0713363
 0.0404199  0.0738829
 0.0429383  0.0762874
 0.0449541  0.0788044
 0.0476033  0.0810144
 0.0500698  0.0834736
 0.0526118  0.0857338
 0.0550659  0.0884474
 0.0580191  0.0906074
 0.0604923  0.0933899
 0.0632198  0.0957684
 0.0658480  0.0981789
 0.0683381  0.1007320
 0.0713022  0.1028142
 0.0741288  0.1051920
 0.0767936  0.1078479
 0.0802648  0.1102066
 0.0829769  0.1125836
 0.0859887  0.1150667
 0.0892112  0.1178265
 0.0919936  0.1206801
 0.0950429  0.1236220
 0.0980650  0.1265825
 0.1011022  0.1298490
 0.1042284  0.1330864
 0.1072589  0.1362908
 0.1103466  0.1392335
 0.1134829  0.1423215
 0.1167187  0.1449578
 0.1195169  0.1479859
 0.1227285  0.1510661
 0.1258355  0.1539609
 0.1286991  0.1570777
 0.1320853  0.1600717
 0.1350274  0.1636691
 0.1383173  0.1671048
 0.1416186  0.1702885
 0.1448669  0.1738641
 0.1479661  0.1774780
 0.1513903  0.1805568
 0.1543724  0.1843114
 0.1578529  0.1879502
 0.1613834  0.1917922
 0.1646328  0.1957836
 0.1679590  0.2003050
 0.1715526  0.2047126
 0.1752636  0.2091003
 0.1789900  0.2137220
 0.1826293  0.2181265
 0.1862041  0.2226402
 0.1900853  0.2269577
 0.1941571  0.2309873
 0.1980020  0.2352145
 0.2021024  0.2390715
 0.2063765  0.2430226
 0.2102930  0.2466842
 0.2146448  0.2506988
 0.2189446  0.2544649
 0.2231513  0.2580278
 0.2278737  0.2616860
 0.2325797  0.2651669
 0.2371023  0.2683323
 0.2419709  0.2715019
 0.2467163  0.2745750
 0.2514349  0.2775969
 0.2563766  0.2807924
 0.2608307  0.2838194
 0.2653341  0.2866160
 0.2699036  0.2892391
 0.2744314  0.2919038
 0.2790576  0.2940497
 0.2835283  0.2960951
 0.2878072  0.2978783
 0.2921333  0.2998074
 0.2962122  0.3009789
 0.2999709  0.3024447
 0.3039018  0.3033145
 0.3080606  0.3037362
 0.3119244  0.3045195
 0.3164946  0.3047454
 0.3209693  0.3051085
 0.3253219  0.3054828
 0.3297496  0.3059245
 0.3335109  0.3060325
 0.3371273  0.3061129
 0.3403290  0.3060737
 0.3430632  0.3056324
 0.3457469  0.3050944
 0.3480183  0.3039479
 0.3500760  0.3029382
 0.3524054  0.3015822
 0.3544155  0.3001018
 0.3564641  0.2985005
 0.3582924  0.2966867
 0.3603142  0.2949409
 0.3615801  0.2928067
 0.3628323  0.2908235
 0.3635516  0.2887267
 0.3641164  0.2865632
 0.3642404  0.2843103
 0.3644528  0.2816744
 0.3647879  0.2792895
 0.3646145  0.2765549
 0.3643028  0.2734881
 0.3641788  0.2703714
 0.3634152  0.2672695
 0.3627958  0.2639503
 0.3622332  0.2607627
 0.3610854  0.2575380
 0.3598621  0.2542749
 0.3584548  0.2511021
 0.3566852  0.2478406
 0.3548224  0.2445054
 0.3528785  0.2413776
 0.3507444  0.2381765
 0.3484477  0.2350682
 0.3460300  0.2315661
 0.3440684  0.2282496
 0.3417687  0.2248969
 0.3391474  0.2216267
 0.3367439  0.2183128
 0.3342217  0.2151904
 0.3312949  0.2121781
 0.3284792  0.2092440
 0.3255615  0.2061941
 0.3222190  0.2034086
 0.3193082  0.2004712
 0.3159482  0.1975636
 0.3123350  0.1944355
 0.3091274  0.1913023
 0.3054624  0.1882076
 0.3019603  0.1847796
 0.2985918  0.1812670
 0.2949785  0.1780106
 0.2915287  0.1746607
 0.2880964  0.1712604
 0.2845820  0.1679584
 0.2810450  0.1648895
 0.2778718  0.1616684
 0.2742827  0.1584380
 0.2708391  0.1549369
 0.2676345  0.1514496
 0.2644362  0.1478546
 0.2611695  0.1444527
 0.2578221  0.1411959
 0.2544203  0.1377836
 0.2507666  0.1345452
 0.2472766  0.1311154
 0.2436996  0.1281087
 0.2399448  0.1247824
 0.2364001  0.1210871
 0.2329996  0.1177126
 0.2292417  0.1143773
 0.2257346  0.1109576
 0.2222056  0.1074133
 0.2187158  0.1041753
 0.2151665  0.1009346
 0.2112247  0.0975906
 0.2075906  0.0946577
 0.2035793  0.0916264
 0.1994633  0.0886132
 0.1953314  0.0855714
 0.1916108  0.0822897
 0.1876923  0.0790914
 0.1841270  0.0758166
 0.1807269  0.0726591
 0.1772405  0.0700755
 0.1740128  0.0671188
 0.1707259  0.0646432
 0.1674766  0.0617524
 0.1638239  0.0589205
 0.1600928  0.0561284
 0.1565132  0.0538335
 0.1530700  0.0510155
 0.1492522  0.0485512
 0.1458111  0.0462414
 0.1423800  0.0440973
 0.1388525  0.0418370
 0.1354907  0.0399119
 0.1320306  0.0380654
 0.1288204  0.0358624
 0.1253097  0.0339555
 0.1220496  0.0320993
 0.1185576  0.0301128
 0.1152975  0.0286929
 0.1120651  0.0271017
 0.1090074  0.0254231
 0.1062265  0.0240225
 0.1034169  0.0225377
 0.1006379  0.0211825
 0.0979637  0.0201278
 0.0951379  0.0193249
 0.0923102  0.0188517
 0.0895096  0.0180817
 0.0867748  0.0176289
 0.0836532  0.0170403
 0.0810999  0.0162919
 0.0786134  0.0153976
 0.0760704  0.0148909
 0.0736645  0.0142079
 0.0714019  0.0136661
 0.0688254  0.0131487
 0.0665049  0.0129354
 0.0641432  0.0127446
 0.0615649  0.0128845
 0.0592946  0.0127670
 0.0567940  0.0124393
 0.0546279  0.0121859
 0.0528276  0.0116900
 0.0509865  0.0114206
 0.0493005  0.0106892
 0.0480267  0.0103545
 0.0466237  0.0097142
 0.0449935  0.0091173
 0.0436821  0.0088096
 0.0420681  0.0084194
 0.0404148  0.0082173
 0.0389675  0.0074609
 0.0374121  0.0071141
 0.0359671  0.0065888
 0.0347591  0.0060898
 0.0334191  0.0055750
 0.0324519  0.0051386
 0.0311276  0.0047290
 0.0296892  0.0041864
 0.0284576  0.0040005
 0.0273830  0.0035447
 0.0255692  0.0031226
 0.0244516  0.0031728
 0.0234799  0.0028785
 0.0221750  0.0025694
 0.0214527  0.0023115
 0.0208594  0.0020720
 0.0204216  0.0017274
 0.0200366  0.0013461
 0.0196842  0.0014531
 0.0190091  0.0014214
 0.0183022  0.0012892
 0.0174781  0.0009916
 0.0163256  0.0005126
 0.0156251 -0.0000704
 0.0149008 -0.0008079
 0.0141104 -0.0013933
 0.0135543 -0.0022825
 0.0130655 -0.0028853
 0.0126537 -0.0030870
 0.0123998 -0.0034205
 0.0122801 -0.0038416
 0.0120161 -0.0035535
 0.0119503 -0.0034673
 0.0114821 -0.0032103
 0.0112544 -0.0029019
 0.0114012 -0.0028462
 0.0111432 -0.0026762
 0.0114709 -0.0027733
 0.0120583 -0.0029863
 0.0124336 -0.0030592
 0.0129129 -0.0030887
 0.0133164 -0.0033400
 0.0132094 -0.0031321
 0.0132575 -0.0031816
 0.0130917 -0.0036307
 0.0129827 -0.0034670
 0.0130685 -0.0037159
 0.0133285 -0.0037327
 0.0134099 -0.0038136
 0.0138623 -0.0037955
 0.0137149 -0.0036071
 0.0138692 -0.0034144
 0.0140614 -0.0029477
 0.0139178 -0.0027137
 0.0134347 -0.0017698
 0.0132003 -0.0011773
 0.0122976 -0.0007647
 0.0117327 -0.0001613
 0.0113374  0.0000792
 0.0107351  0.0001165
 0.0102570  0.0000961
 0.0102096  0.0000489
 0.0097025 -0.0001318
 0.0094278 -0.0001298
 0.0090438 -0.0003115
 0.0089164 -0.0002226
 0.0087461  0.0002900
 0.0084903  0.0005710
 0.0083133  0.0009873
 0.0082465  0.0016682
 0.0081966  0.0019589
 0.0078046  0.0023990
 0.0075153  0.0028419
 0.0069286  0.0032618
 0.0060077  0.0032682
 0.0054759  0.0033976
 0.0050049  0.0032908
 0.0042800  0.0030320
 0.0040753  0.0029961
 0.0038772  0.0026911
 0.0036923  0.0024531
 0.0035937  0.0027064
 0.0035590  0.0026061
 0.0034316  0.0027890
 0.0032868  0.0026193
 0.0033428  0.0022973
 0.0032442  0.0022010
 0.0030018  0.0020484
 0.0026667  0.0014916
 0.0021208  0.0015494
 0.0013535  0.0017040
 0.0007800  0.0015728
 0.0001663  0.0013206
-0.0004628  0.0010790
-0.0005380  0.0006773
-0.0005730 -0.0001601
-0.0000715 -0.0005144
 0.0004019 -0.0011766
 0.0008345 -0.0015476
 0.0012894 -0.0017167
 0.0016944 -0.0022014
 0.0018451 -0.0020532
 0.0020781 -0.0023183
 0.0020711 -0.0026188
 0.0018815 -0.0028199
 0.0019344 -0.0028659
 0.0018333 -0.0033227
 0.0018164 -0.0034935
 0.0020695 -0.0040934
 0.0020625 -0.0040541
 0.0024840 -0.0041948
 0.0028234 -0.0043732
 0.0031880 -0.0045157
 0.0034566 -0.0041622
 0.0040047 -0.0042787
 0.0038237 -0.0038144
 0.0041751 -0.0036100
 0.0043374 -0.0033651
 0.0042708 -0.0027468
 0.0045924 -0.0026519
 0.0046113 -0.0024902
 0.0043822 -0.0020387
 0.0045762 -0.0017502
 0.0043386 -0.0017584
 0.0040510 -0.0013745
 0.0039543 -0.0015854
 0.0040495 -0.0016516
 0.0040653 -0.0015473
 0.0043608 -0.0015925
 0.0044326 -0.0013840
 0.0046006 -0.0010571
 0.0046147 -0.0008886
 0.0044376 -0.0007176
 0.0042143 -0.0001330
 0.0040221  0.0000015
 0.0034444  0.0003043
 0.0032132  0.0008701
 0.0028688  0.0010712
 0.0028113  0.0011366
 0.0026987  0.0013100
 0.0025820  0.0013960
 0.0026581  0.0016146
 0.0028755  0.0016505
 0.0034577  0.0018530
 0.0034270  0.0020914
 0.0033777  0.0025432
 0.0030900  0.0024594
 0.0025688  0.0026922
 0.0023084  0.0027153
 0.0018689  0.0023337
 0.0016289  0.0025142
 0.0015253  0.0023872
 0.0013751  0.0023394
 0.0012425  0.0028471
 0.0012920  0.0030774
 0.0010459  0.0030086
 0.0009975  0.0036402
 0.0009050  0.0041090
 0.0006587  0.0044313
 0.0002088  0.0048758
-0.0003460  0.0053789
-0.0008353  0.0052492
-0.0011543  0.0051006
-0.0011559  0.0044498
-0.0012601  0.0037008
-0.0010027  0.0028597
-0.0007354  0.0022432
-0.0004199  0.0014977
-0.0000474  0.0014145
 0.0003343  0.0010360
 0.0003300  0.0011434
 0.0002991  0.0013473
 0.0004231  0.0013516
 0.0000551  0.0012688
-0.0000243  0.0015602
-0.0003081  0.0012931
-0.0003475  0.0011784
-0.0006036  0.0009862
-0.0006123  0.0008060
-0.0006456  0.0008897
-0.0004990  0.0006588
-0.0004096  0.0006481
-0.0001906  0.0005189
 0.0000371  0.0004791
 0.0001611  0.0005374
 0.0001681  0.0003436
 0.0003514  0.0002887
 0.0004560  0.0001567
 0.0002251 -0.0000092
 0.0003597 -0.0000686
 0.0004635 -0.0001717
 0.0006363 -0.0001756
 0.0008949 -0.0005666
 0.0014159 -0.0005468
 0.0013328 -0.0002263
 0.0017422 -0.0003823
 0.0021220 -0.0003472
 0.0022613 -0.0002954
 0.0026015 -0.0005185
 0.0024236 -0.0006055
 0.0025605 -0.0004052
 0.0024285 -0.0006642
 0.0021618 -0.0009446
 0.0020478 -0.0009043
 0.0018336 -0.0011334
 0.0017657 -0.0012581
 0.0016218 -0.0012682
 0.0016301 -0.0012115
 0.0017542 -0.0009797
 0.0016747 -0.0008112
 0.0020391 -0.0004761
 0.0020084 -0.0003806
 0.0022966  0.0001003
 0.0023059  0.0002367
 0.0022958  0.0006403
 0.0021915  0.0010640
 0.0020685  0.0016347
 0.0021743  0.0018067
 0.0019262  0.0019293
 0.0019044  0.0020990
 0.0021896  0.0020114
 0.0024743  0.0017611
 0.0026652  0.0011946
 0.0030750  0.0012814
 0.0036714  0.0010606
 0.0036623  0.0013016
 0.0038813  0.0019700
 0.0035827  0.0024317
 0.0031763  0.0027343
 0.0029179  0.0032057
 0.0027697  0.0027848
 0.0027836  0.0029483
 0.0028859  0.0027973
 0.0027618  0.0027632
 0.0026348  0.0029015
 0.0024919  0.0032199
 0.0021580  0.0035395
 0.0016012  0.0038935
 0.0010232  0.0043463
 0.0004087  0.0043966
-0.0003794  0.0043181
-0.0006723  0.0043397
-0.0009249  0.0040516
-0.0011771  0.0038588
-0.0012576  0.0034985
-0.0012487  0.0030786
-0.0011351  0.0027213
-0.0009405  0.0022610
-0.0009564  0.0022812
-0.0010614  0.0020664
-0.0009253  0.0019101
-0.0011583  0.0021485
-0.0010741  0.0024065
-0.0011254  0.0025856
-0.0013301  0.0027547
-0.0012558  0.0028393
-0.0012908  0.0028110
-0.0012324  0.0025238
-0.0007879  0.0020254
-0.0005304  0.0015974
-0.0004961  0.0011773
-0.0005108  0.0011598
-0.0003558  0.0009834
-0.0003688  0.0006135
-0.0003763  0.0002897
-0.0005362 -0.0002704
-0.0006613 -0.0007105
-0.0007280 -0.0011885
-0.0003832 -0.0017148
-0.0002780 -0.0021755
 0.0002782 -0.0024870
 0.0008507 -0.0026017
 0.0009239 -0.0024814
 0.0013717 -0.0022920
 0.0017910 -0.0022222
 0.0021422 -0.0016539
 0.0024398 -0.0012366
 0.0025767 -0.0010630
 0.0023841 -0.0006273
 0.0023015 -0.0006440
 0.0023229 -0.0008086
 0.0022551 -0.0005229
 0.0025454 -0.0005601
 0.0028551 -0.0004474
 0.0028468 -0.0005074
 0.0031476 -0.0006035
 0.0030622 -0.0006053
 0.0029924 -0.0005872
 0.0031886 -0.0007349
 0.0031297 -0.0010712
 0.0030790 -0.0008302
 0.0033719 -0.0009424
 0.0032861 -0.0007205
 0.0031902 -0.0004640
 0.0031757 -0.0002627
 0.0032056  0.0002518
 0.0030132  0.0006685
 0.0029718  0.0011243
 0.0027768  0.0014733
 0.0032601  0.0018175
 0.0031203  0.0016915
 0.0032770  0.0015312
 0.0032537  0.0015577
 0.0034851  0.0011322
 0.0032951  0.0009237
 0.0034813  0.0010123
 0.0034845  0.0012340
 0.0031840  0.0015570
 0.0030445  0.0018533
 0.0027124  0.0025330
 0.0024340  0.0029218
 0.0019009  0.0030443
 0.0016227  0.0028027
 0.0013433  0.0028408
 0.0011600  0.0023093
 0.0010245  0.0019822
 0.0010425  0.0018492
 0.0012046  0.0014925
 0.0012579  0.0013421
 0.0013507  0.0013922
 0.0016164  0.0013387
 0.0016141  0.0016455
 0.0017252  0.0017855
 0.0014538  0.0017096
 0.0010426  0.0015644
 0.0005830  0.0013440
 0.0002022  0.0010836
-0.0002669  0.0005340
-0.0006783  0.0001935
-0.0010223 -0.0000365
-0.0011501 -0.0003851
-0.0012781 -0.0004233
-0.0012602 -0.0006698
-0.0012242 -0.0005888
-0.0009394 -0.0007198
-0.0008740 -0.0005740
-0.0008274 -0.0003810
-0.0008474 -0.0002662
-0.0011035 -0.0007277
-0.0012093 -0.0006625
-0.0011908 -0.0010281
-0.0014950 -0.0014219
-0.0017729 -0.0016042
-0.0021268 -0.0018144
-0.0024012 -0.0023608
-0.0024948 -0.0028512
-0.0025493 -0.0032333
-0.0028870 -0.0036783
-0.0030126 -0.0040570
-0.0026567 -0.0045585
-0.0024078 -0.0048286
-0.0018876 -0.0047935
-0.0010140 -0.0050828
-0.0007074 -0.0048512
 0.0001822 -0.0045942
 0.0006706 -0.0045244
 0.0008799 -0.0042173
 0.0011254 -0.0041511
 0.0013375 -0.0043409
 0.0012899 -0.0041984
 0.0016232 -0.0042082
 0.0018642 -0.0042494
 0.0020267 -0.0042509
 0.0022579 -0.0039166
 0.0024804 -0.0038296
 0.0024806 -0.0032165
 0.0029342 -0.0026813
 0.0030045 -0.0022963
 0.0032302 -0.0018863
 0.0032157 -0.0014079
 0.0032185 -0.0010744
 0.0030683 -0.0006372
 0.0031465 -0.0005635
 0.0030037 -0.0003657
 0.0032238  0.0001210
 0.0034543  0.0004119
 0.0034898  0.0006249
 0.0037864  0.0008952
 0.0039677  0.0010921
 0.0038671  0.0010083
 0.0043019  0.0015082
 0.0043857  0.0017329
 0.0044482  0.0018108
 0.0041214  0.0020545
 0.0039325  0.0020484
 0.0035711  0.0019913
 0.0035748  0.0022996
 0.0033959  0.0021488
 0.0032373  0.0024043
 0.0032474  0.0026452
 0.0032936  0.0026058
 0.0028408  0.0028898
 0.0025400  0.0027435
 0.0023661  0.0025216
 0.0019119  0.0024214
 0.0018804  0.0021231
 0.0016993  0.0019488
 0.0014449  0.0020914
 0.0013943  0.0019184
 0.0010182  0.0022139
 0.0008306  0.0027674
 0.0005980  0.0029243
 0.0001712  0.0030387
-0.0000890  0.0033280
-0.0000529  0.0031944
-0.0002521  0.0028387
 0.0000148  0.0030499
 0.0003448  0.0028070
 0.0001036  0.0029311
 0.0003294  0.0028439
 0.0002404  0.0030085
 0.0000022  0.0029313
 0.0000094  0.0028954
 0.0003649  0.0025926
 0.0000987  0.0024864
 0.0000525  0.0022868
 0.0000371  0.0019051
-0.0003537  0.0017087
-0.0004183  0.0014828
-0.0007705  0.0011998
-0.0013614  0.0009800
-0.0014970  0.0009517
-0.0020134  0.0006378
-0.0022341  0.0002425
-0.0023889 -0.0001629
-0.0024939 -0.0007477
-0.0024477 -0.0008975
-0.0022724 -0.0012171
-0.0020817 -0.0012803
-0.0019747 -0.0016421
-0.0019918 -0.0017915
-0.0016757 -0.0021852
-0.0018071 -0.0021866
-0.0016690 -0.0024755
-0.0015291 -0.0026648
-0.0011864 -0.0028491
-0.0008547 -0.0028978
-0.0006397 -0.0031469
-0.0003422 -0.0030357
-0.0001904 -0.0031386
 0.0003077 -0.0029759
 0.0005943 -0.0025062
 0.0007576 -0.0019197
 0.0009779 -0.0016036
 0.0012264 -0.0009140
 0.0012769 -0.0007426
 0.0012102 -0.0004551
 0.0014014 -0.0005668
 0.0016122 -0.0009281
 0.0018920 -0.0012049
 0.0023308 -0.0012105
 0.0024736 -0.0016221
 0.0030767 -0.0014772
 0.0035659 -0.0015397
 0.0038084 -0.0015460
 0.0041158 -0.0014184
 0.0043098 -0.0013788
 0.0042390 -0.0013978
 0.0038938 -0.0015124
 0.0039443 -0.0014567
 0.0035912 -0.0016903
 0.0034816 -0.0014802
 0.0035667 -0.0014462
 0.0035381 -0.0013723
 0.0036410 -0.0012057
 0.0038932 -0.0009723
 0.0040234 -0.0007876
 0.0036956 -0.0007321
 0.0038520 -0.0006286
 0.0038221 -0.0006411
 0.0034919 -0.0002894
 0.0034119 -0.0001187
 0.0033719  0.0001878
 0.0031505  0.0004454
 0.0029387  0.0008105
 0.0027082  0.0007704
 0.0023908  0.0008558
 0.0019663  0.0007282
 0.0018364  0.0010326
 0.0018511  0.0010548
 0.0014361  0.0010433
 0.0013046  0.0011464
 0.0012556  0.0011563
 0.0012697  0.0012460
 0.0010274  0.0013707
 0.0008913  0.0015910
 0.0007460  0.0015005
 0.0004476  0.0015599
 0.0002171  0.0014289
 0.0001236  0.0015775
-0.0000831  0.0015953
-0.0004354  0.0019029
-0.0007495  0.0022413
-0.0013767  0.0021811
-0.0019283  0.0020364
-0.0022830  0.0015775
-0.0026276  0.0011935
-0.0027427  0.0007244
-0.0027974  0.0002546
-0.0030265  0.0000695
-0.0028917 -0.0003924
-0.0028063 -0.0005186
-0.0027986 -0.0003694
-0.0027415 -0.0003601
-0.0027841 -0.0003708
-0.0025017 -0.0000464
-0.0024743 -0.0001504
-0.0023527 -0.0002176
-0.0021218  0.0000525
-0.0019819  0.0002282
-0.0017949  0.0002710
-0.0015242  0.0005138
-0.0014581  0.0005750
-0.0016081  0.0005779
-0.0013467  0.0005292
-0.0011050  0.0004600
-0.0010114  0.0007107
-0.0008474  0.0005738
-0.0006821  0.0004577
-0.0005953  0.0003338
-0.0004188  0.0003076
-0.0006053 -0.0002296
-0.0006961 -0.0002397
-0.0006150 -0.0007995
-0.0006204 -0.0010709
-0.0004872 -0.0013079
-0.0002209 -0.0012229
 0.0000769 -0.0015306
 0.0000094 -0.0014981
 0.0001144 -0.0015752
 0.0003746 -0.0015571
 0.0005020 -0.0015504
 0.0009165 -0.0014271
 0.0011408 -0.0013716
 0.0014244 -0.0013478
 0.0017049 -0.0009275
 0.0015260 -0.0008254
 0.0017765 -0.0007432
 0.0018837 -0.0008131
 0.0020632 -0.0010168
 0.0020351 -0.0012522
 0.0021851 -0.0014949
 0.0020747 -0.0016725
 0.0021081 -0.0017906
 0.0023823 -0.0018976
 0.0024166 -0.0016813
 0.0021791 -0.0016831
 0.0022048 -0.0012606
 0.0019677 -0.0012991
 0.0021163 -0.0009404
 0.0018264 -0.0006975
 0.0016727 -0.0006349
 0.0011818 -0.0006387
 0.0012672 -0.0007392
 0.0010760 -0.0007856
 0.0013419 -0.0010049
 0.0015712 -0.0011171
 0.0016733 -0.0009942
 0.0016905 -0.0007707
 0.0018412 -0.0009330
 0.0016559 -0.0008256
 0.0010037 -0.0008229
 0.0008080 -0.0009957
 0.0004517 -0.0008990
 0.0002028 -0.0012135
 0.0001628 -0.0012210
-0.0000007 -0.0012262
 0.0003362 -0.0011945
 0.0003207 -0.0010938
 0.0003050 -0.0008624
 0.0002041 -0.0008113
 0.0001211 -0.0005899
 0.0000930 -0.0005041
 0.0000264 -0.0003113
-0.0003386  0.0000047
-0.0005994  0.0003478
-0.0008970  0.0002618
-0.0010918  0.0002935
-0.0016005  0.0002644
-0.0015182  0.0001469
-0.0019563 -0.0001420
-0.0019413 -0.0003125
-0.0018588 -0.0003367
-0.0015738 -0.0001128
-0.0015100 -0.0000201
-0.0014022  0.0001321
-0.0014108  0.0003812
-0.0015358  0.0005524
-0.0016113  0.0004668
-0.0020596  0.0006184
-0.0020566  0.0007324
-0.0022538  0.0004078
-0.0021371  0.0004187
-0.0018365  0.0000931
-0.0016718 -0.0000115
-0.0014877  0.0000067
-0.0012969  0.0001615
-0.0012907  0.0000285
-0.0013781  0.0001727
-0.0012188  0.0002332
-0.0016535  0.0000659
-0.0015660 -0.0001729
-0.0013147 -0.0002934
-0.0012911 -0.0005395
-0.0011528 -0.0008665
-0.0007932 -0.0010882
-0.0005503 -0.0010032
-0.0003575 -0.0007947
-0.0001452 -0.0007707
 0.0002570 -0.0004176
 0.0009062  0.0003487
 0.0014262  0.0003963
 0.0016285  0.0005851
 0.0019273  0.0006016
 0.0022709  0.0010637
 0.0022036  0.0008766
 0.0022335  0.0013160
 0.0021170  0.0015940
 0.0019152  0.0018906
 0.0014852  0.0020133
 0.0014075  0.0020797
 0.0010713  0.0022024
 0.0009825  0.0020688
 0.0009235  0.0018118
 0.0010079  0.0017644
 0.0013690  0.0013857
 0.0017498  0.0012741
 0.0020734  0.0011616
 0.0024975  0.0011354
 0.0025756  0.0014980
 0.0025589  0.0017644
 0.0023675  0.0017896
 0.0021879  0.0021320
 0.0019480  0.0021195
 0.0016022  0.0018368
 0.0010556  0.0016228
 0.0008650  0.0015195
 0.0004826  0.0006084
 0.0003102  0.0002741
 0.0003306  0.0001201
 0.0004938  0.0001187
 0.0002808  0.0001009
 0.0002127  0.0002657
-0.0000766  0.0001227
-0.0002116  0.0002556
-0.0006345  0.0001124
-0.0009291 -0.0000985
-0.0013052 -0.0001092
-0.0017186 -0.0001544
-0.0021321 -0.0002245
-0.0026038 -0.0001167
-0.0027690 -0.0000301
-0.0031243 -0.0000169
-0.0033779  0.0004526
-0.0036203  0.0003699
-0.0038709  0.0001894
-0.0037096  0.0002038
-0.0040622  0.0000348
-0.0039383 -0.0001735
-0.0039363 -0.0004327
-0.0040473 -0.0007969
-0.0040991 -0.0012564
-0.0042218 -0.0015558
-0.0042162 -0.0019664
-0.0040869 -0.0021327
-0.0037032 -0.0022383
-0.0033549 -0.0021993
-0.0030868 -0.0020471
-0.0029738 -0.0018755
-0.0031347 -0.0020191
-0.0031769 -0.0019914
-0.0032189 -0.0020378
-0.0030475 -0.0021997
-0.0031620 -0.0021253
-0.0030931 -0.0017732
-0.0028495 -0.0016206
-0.0031264 -0.0017209
-0.0026247 -0.0017640
-0.0026409 -0.0017506
-0.0024356 -0.0019638
-0.0019262 -0.0020502
-0.0015951 -0.0023581
-0.0012786 -0.0021618
-0.0007311 -0.0025070
-0.0000795 -0.0028266
 0.0005809 -0.0023344
 0.0013363 -0.0020447
 0.0017162 -0.0016902
 0.0022519 -0.0010307
 0.0027285 -0.0006593
 0.0028002 -0.0004530
 0.0027776  0.0000329
 0.0030420 -0.0000192
 0.0029420 -0.0000602
 0.0031415  0.0005275
 0.0031930  0.0003476
 0.0031851  0.0004449
 0.0033816  0.0008709
 0.0031650  0.0009452
 0.0028620  0.0006264
 0.0025749  0.0006050
 0.0023920  0.0003038
 0.0020827 -0.0000806
 0.0020068 -0.0002748
 0.0019689 -0.0007918
 0.0020361 -0.0008980
 0.0024245 -0.0009844
 0.0026987 -0.0012341
 0.0027381 -0.0008037
 0.0029113 -0.0005942
 0.0030714 -0.0002972
 0.0031545  0.0003561
 0.0032550  0.0009683
 0.0032328  0.0010265
 0.0031409  0.0017853
 0.0032150  0.0021384
 0.0031292  0.0025028
 0.0026580  0.0027670
 0.0026205  0.0029103
 0.0020474  0.0028417
 0.0016475  0.0029139
 0.0015603  0.0027476
 0.0012169  0.0025754
 0.0010225  0.0025521
 0.0009357  0.0026369
 0.0008115  0.0025965
 0.0002905  0.0027164
 0.0002016  0.0028699
-0.0003923  0.0025333
-0.0008286  0.0023898
-0.0009941  0.0022398
-0.0017921  0.0020590
-0.0020893  0.0018716
-0.0025275  0.0013212
-0.0032640  0.0010048
-0.0034236  0.0007985
-0.0038100  0.0003837
-0.0043998 -0.0001856
-0.0044963 -0.0004263
-0.0046877 -0.0007902
-0.0047489 -0.0011282
-0.0046173 -0.0016581
-0.0043714 -0.0019127
-0.0040295 -0.0022230
-0.0033699 -0.0021648
-0.0029179 -0.0023647
-0.0027653 -0.0022888
-0.0020729 -0.0023659
-0.0018581 -0.0021828
-0.0015111 -0.0021032
-0.0012111 -0.0023798
-0.0009981 -0.0027797
-0.0005356 -0.0027290
-0.0002475 -0.0030237
 0.0000515 -0.0033645
 0.0001680 -0.0030368
 0.0004532 -0.0030626
 0.0002130 -0.0029639
-0.0000686 -0.0027798
-0.0001205 -0.0030269
-0.0004119 -0.0032923
-0.0002324 -0.0034213
-0.0001396 -0.0035814
 0.0002046 -0.0039300
 0.0006191 -0.0038094
 0.0011214 -0.0037670
 0.0012982 -0.0039178
 0.0014345 -0.0039011
 0.0014289 -0.0040563
 0.0012542 -0.0040870
 0.0012233 -0.0038579
 0.0009914 -0.0042146
 0.0007810 -0.0041187
 0.0009508 -0.0041084
 0.0008854 -0.0038974
 0.0009631 -0.0037557
 0.0013021 -0.0036910
 0.0013461 -0.0034715
 0.0011957 -0.0032877
 0.0015436 -0.0029174
 0.0014691 -0.0027501
 0.0017289 -0.0024170
 0.0019467 -0.0022349
 0.0025410 -0.0021857
 0.0027996 -0.0019933
 0.0034339 -0.0017617
 0.0038841 -0.0014674
 0.0043890 -0.0011400
 0.0048080 -0.0007582
 0.0046613 -0.0001633
 0.0043376  0.0004980
 0.0039046  0.0010556
 0.0030850  0.0014686
 0.0026784  0.0020099
 0.0021311  0.0021193
 0.0015768  0.0022471
 0.0013945  0.0023963
 0.0012639  0.0021420
 0.0010162  0.0022702
 0.0011310  0.0025236
 0.0007400  0.0026153
 0.0004940  0.0027326
 0.0004267  0.0028951
 0.0001413  0.0028387
-0.0002439  0.0028908
-0.0007171  0.0030230
-0.0008713  0.0028114
-0.0013058  0.0024458
-0.0016219  0.0020459
-0.0018880  0.0018148
-0.0023462  0.0015178
-0.0024871  0.0009550
-0.0028284  0.0010889
-0.0029500  0.0010578
-0.0030717  0.0006056
-0.0031205  0.0008248
-0.0031387  0.0008506
-0.0032556  0.0007432
-0.0034962  0.0006639
-0.0035853  0.0008764
-0.0037684  0.0005817
-0.0040567  0.0004382
-0.0040445  0.0002745
-0.0040996  0.0001693
-0.0043098  0.0001124
-0.0039831  0.0002458
-0.0039545  0.0001108
-0.0040322  0.0000988
-0.0037577 -0.0000548
-0.0034904 -0.0003142
-0.0036370 -0.0003534
-0.0034765 -0.0006669
-0.0034755 -0.0010373
-0.0034085 -0.0012182
-0.0035633 -0.0016368
-0.0036079 -0.0021349
-0.0036957 -0.0022961
-0.0035607 -0.0028333
-0.0039160 -0.0033152
-0.0040743 -0.0035189
-0.0038530 -0.0038657
-0.0039862 -0.0040606
-0.0037555 -0.0040325
-0.0037749 -0.0042061
-0.0035667 -0.0044484
-0.0034690 -0.0044046
-0.0034849 -0.0046541
-0.0032214 -0.0049343
-0.0030260 -0.0050421
-0.0027838 -0.0052842
-0.0025243 -0.0055931
-0.0017391 -0.0058523
-0.0011740 -0.0060224
-0.0007539 -0.0058202
-0.0001887 -0.0055587
 0.0001763 -0.0055157
 0.0006267 -0.0048412
 0.0009735 -0.0042548
 0.0014416 -0.0037658
 0.0014031 -0.0028742
 0.0018411 -0.0022978
 0.0022616 -0.0017005
 0.0023254 -0.0008582
 0.0022751 -0.0003505
 0.0025434  0.0000736
 0.0024675  0.0004618
 0.0028004  0.0006118
 0.0025820  0.0006877
 0.0026972  0.0010003
 0.0028123  0.0010928
 0.0028355  0.0012272
 0.0025109  0.0014749
 0.0027429  0.0018323
 0.0025973  0.0022701
 0.0024522  0.0029298
 0.0027603  0.0029960
 0.0026789  0.0036945
 0.0025810  0.0038360
 0.0026762  0.0039715
 0.0024433  0.0042466
 0.0023882  0.0043340
 0.0022539  0.0040177
 0.0024057  0.0041693
 0.0025495  0.0038626
 0.0030120  0.0036026
 0.0032532  0.0034946
 0.0035015  0.0036155
 0.0037722  0.0033064
 0.0035526  0.0033981
 0.0034349  0.0031477
 0.0030868  0.0027363
 0.0032005  0.0024305
 0.0029393  0.0020302
 0.0028224  0.0018723
 0.0025815  0.0016507
 0.0025165  0.0015863
 0.0020245  0.0013885
 0.0016141  0.0012068
 0.0014226  0.0008907
 0.0008010  0.0006404
 0.0003621  0.0003350
 0.0000157 -0.0002575
-0.0002907 -0.0005075
-0.0006186 -0.0009475
-0.0010126 -0.0011746
-0.0012129 -0.0017407
-0.0014663 -0.0018929
-0.0017576 -0.0022629
-0.0019322 -0.0025891
-0.0020089 -0.0029206
-0.0020852 -0.0025990
-0.0022643 -0.0026494
-0.0023450 -0.0025148
-0.0022890 -0.0023288
-0.0022353 -0.0019840
-0.0019310 -0.0018803
-0.0017059 -0.0021296
-0.0015822 -0.0025141
-0.0009871 -0.0029851
-0.0001630 -0.0037335
 0.0002066 -0.0039947
 0.0009844 -0.0042269
 0.0015737 -0.0043642
 0.0024256 -0.0039457
 0.0029312 -0.0038712
 0.0035558 -0.0039865
 0.0038138 -0.0036411
 0.0042878 -0.0034289
 0.0043286 -0.0033048
 0.0044649 -0.0033674
 0.0044476 -0.0035965
 0.0042370 -0.0037047
 0.0039834 -0.0038913
 0.0038772 -0.0041519
 0.0038562 -0.0043649
 0.0033639 -0.0042726
 0.0033822 -0.0041481
 0.0033602 -0.0040794
 0.0032157 -0.0036703
 0.0035516 -0.0035221
 0.0033523 -0.0030416
 0.0032395 -0.0028801
 0.0029151 -0.0024360
 0.0024728 -0.0021021
 0.0019160 -0.0020567
 0.0017797 -0.0020565
 0.0013964 -0.0020682
 0.0014838 -0.0018481
 0.0016893 -0.0016303
 0.0020553 -0.0010380
 0.0020570 -0.0005540
 0.0025477 -0.0003446
 0.0025548  0.0002943
 0.0027730  0.0006259
 0.0028608  0.0009520
 0.0028441  0.0010305
 0.0023174  0.0012974
 0.0023816  0.0010656
 0.0021452  0.0012279
 0.0019787  0.0008145
 0.0022000  0.0011407
 0.0020092  0.0009856
 0.0022291  0.0011560
 0.0024572  0.0012327
 0.0025405  0.0013857
 0.0027868  0.0015773
 0.0026596  0.0018117
 0.0022536  0.0020893
 0.0021581  0.0022272
 0.0017053  0.0025930
 0.0011952  0.0029285
 0.0007333  0.0029469
 0.0000316  0.0029057
-0.0003086  0.0028574
-0.0006478  0.0024559
-0.0011014  0.0020942
-0.0014608  0.0017510
-0.0016645  0.0015065
-0.0021946  0.0012376
-0.0027155  0.0010586
-0.0032678  0.0010301
-0.0040844  0.0009938
-0.0045748  0.0003331
-0.0048051  0.0001136
-0.0049884 -0.0005348
-0.0047800 -0.0008965
-0.0042396 -0.0013422
-0.0037343 -0.0013224
-0.0033378 -0.0014181
-0.0029118 -0.0014084
-0.0028343 -0.0014282
-0.0027574 -0.0017189
-0.0027122 -0.0021604
-0.0029462 -0.0023151
-0.0025636 -0.0027588
-0.0024708 -0.0031793
-0.0020503 -0.0033133
-0.0016736 -0.0033022
-0.0013927 -0.0031962
-0.0012773 -0.0030947
-0.0012278 -0.0028947
-0.0014392 -0.0026183
-0.0012847 -0.0025301
-0.0008989 -0.0027891
-0.0008894 -0.0026441
-0.0004385 -0.0026615
 0.0000723 -0.0029053
 0.0006091 -0.0028001
 0.0011560 -0.0025597
 0.0016092 -0.0026269
 0.0017224 -0.0027051
 0.0021439 -0.0025107
 0.0024241 -0.0026243
 0.0026549 -0.0028291
 0.0029458 -0.0027362
 0.0030445 -0.0030891
 0.0034132 -0.0033852
 0.0034657 -0.0031541
 0.0038751 -0.0029574
 0.0038713 -0.0026869
 0.0035659 -0.0023639
 0.0035090 -0.0020548
 0.0034399 -0.0017731
 0.0030640 -0.0016059
 0.0029818 -0.0013821
 0.0031479 -0.0012073
 0.0031699 -0.0011252
 0.0035522 -0.0012534
 0.0039521 -0.0012102
 0.0042771 -0.0009058
 0.0048563 -0.0007832
 0.0050003 -0.0005537
 0.0054921 -0.0002873
 0.0054000 -0.0002487
 0.0052351  0.0002392
 0.0050996  0.0003739
 0.0046169  0.0003646
 0.0041348  0.0002497
 0.0040114  0.0001845
 0.0035956 -0.0000266
 0.0032841  0.0000123
 0.0033392 -0.0000028
 0.0029340  0.0001496
 0.0027232  0.0004371
 0.0027628  0.0004633
 0.0025141  0.0003860
 0.0022662  0.0007855
 0.0016628  0.0005715
 0.0010957  0.0003896
 0.0006944  0.0005263
 0.0001687  0.0008152
-0.0001266  0.0007195
-0.0003658  0.0006250
-0.0004290  0.0008350
-0.0006177  0.0009480
-0.0007913  0.0008919
-0.0009098  0.0007974
-0.0011486  0.0010286
-0.0013901  0.0010419
-0.0016225  0.0012478
-0.0018954  0.0013379
-0.0024788  0.0016981
-0.0027584  0.0017803
-0.0031523  0.0017716
-0.0033808  0.0013822
-0.0034698  0.0011997
-0.0034497  0.0008355
-0.0031527  0.0002659
-0.0031735 -0.0002689
-0.0030114 -0.0007306
-0.0030281 -0.0012231
-0.0029682 -0.0016347
-0.0029849 -0.0022660
-0.0026766 -0.0028211
-0.0023892 -0.0033666
-0.0018901 -0.0036805
-0.0013608 -0.0040895
-0.0009478 -0.0042897
-0.0011182 -0.0042615
-0.0012187 -0.0042887
-0.0012962 -0.0045568
-0.0015359 -0.0048332
-0.0015468 -0.0052535
-0.0011226 -0.0053966
-0.0010423 -0.0054428
-0.0005018 -0.0055276
-0.0002279 -0.0053865
 0.0003039 -0.0051943
 0.0004043 -0.0049379
 0.0005510 -0.0050710
 0.0005401 -0.0047940
 0.0003118 -0.0047670
 0.0004448 -0.0044219
 0.0006362 -0.0042334
 0.0007818 -0.0040818
 0.0008894 -0.0037804
 0.0013797 -0.0032269
 0.0018025 -0.0027695
 0.0019644 -0.0023413
 0.0022121 -0.0020724
 0.0023501 -0.0016616
 0.0025283 -0.0012100
 0.0025915 -0.0008186
 0.0022233 -0.0002699
 0.0020955  0.0004219
 0.0021144  0.0009973
 0.0021019  0.0013437
 0.0020916  0.0017779
 0.0019759  0.0019628
 0.0021386  0.0021014
 0.0020809  0.0020757
 0.0022354  0.0018775
 0.0020621  0.0018959
 0.0018237  0.0019550
 0.0016491  0.0017830
 0.0013324  0.0014463
 0.0012252  0.0013422
 0.0013990  0.0012560
 0.0013037  0.0011952
 0.0012575  0.0015569
 0.0012127  0.0018052
 0.0006690  0.0019059
 0.0004518  0.0019441
 0.0001192  0.0020503
-0.0001172  0.0022590
 0.0000469  0.0019033
-0.0000580  0.0019348
 0.0001303  0.0016750
-0.0001033  0.0017632
 0.0000911  0.0014004
-0.0002982  0.0013726
-0.0004769  0.0010944
-0.0005374  0.0011794
-0.0005296  0.0012169
-0.0005760  0.0012951
-0.0007185  0.0011691
-0.0007914  0.0012932
-0.0008757  0.0010990
-0.0008152  0.0008194
-0.0007112  0.0009411
-0.0007875  0.0009789
-0.0011993  0.0009554
-0.0010756  0.0012316
-0.0013073  0.0010485
-0.0013467  0.0009522
-0.0015865  0.0006542
-0.0015853  0.0004241
-0.0017212 -0.0000719
-0.0019982 -0.0005808
-0.0021811 -0.0010689
-0.0024869 -0.0012478
-0.0026393 -0.0016398
-0.0029363 -0.0019660
-0.0029367 -0.0020510
-0.0029348 -0.0021197
-0.0027818 -0.0023550
-0.0024752 -0.0023563
-0.0019735 -0.0022947
-0.0016047 -0.0024669
-0.0015457 -0.0023807
-0.0012078 -0.0022619
-0.0011779 -0.0020972
-0.0010251 -0.0021927
-0.0008409 -0.0025649
-0.0007529 -0.0026041
-0.0004341 -0.0026170
-0.0002195 -0.0025823
 0.0001170 -0.0024544
 0.0000899 -0.0020198
 0.0003003 -0.0015747
-0.0000211 -0.0009362
-0.0001556 -0.0006984
-0.0003578 -0.0006208
-0.0008686 -0.0007918
-0.0009310 -0.0010211
-0.0010858 -0.0014388
-0.0011591 -0.0019651
-0.0008991 -0.0020307
-0.0006645 -0.0025382
-0.0004493 -0.0025109
 0.0000241 -0.0023497
 0.0002464 -0.0019946
 0.0003056 -0.0017875
 0.0004485 -0.0015579
 0.0001281 -0.0012051
 0.0000613 -0.0012279
-0.0001899 -0.0012011
-0.0002036 -0.0013274
-0.0003114 -0.0014948
 0.0000885 -0.0014880
 0.0004422 -0.0014688
 0.0009032 -0.0012191
 0.0012495 -0.0011434
 0.0015303 -0.0010461
 0.0014752 -0.0007652
 0.0013894 -0.0010123
 0.0011421 -0.0010802
 0.0011391 -0.0012849
 0.0012444 -0.0014419
 0.0013464 -0.0016093
 0.0015335 -0.0013235
 0.0017886 -0.0011240
 0.0021702 -0.0004716
 0.0020735  0.0004141
 0.0018514  0.0012510
 0.0015621  0.0023167
 0.0013883  0.0030889
 0.0010697  0.0037071
 0.0006651  0.0042542
 0.0004802  0.0041425
 0.0005933  0.0039912
 0.0004485  0.0036981
 0.0002632  0.0029665
 0.0002446  0.0022803
 0.0000990  0.0017916
-0.0000057  0.0012080
-0.0001795  0.0010354
-0.0000663  0.0011242
-0.0005373  0.0011858
-0.0008348  0.0007031
-0.0011229  0.0008249
-0.0016207  0.0007920
-0.0021833  0.0005456
-0.0023073  0.0005209
-0.0026325  0.0006076
-0.0027445  0.0003380
-0.0029192  0.0007297
-0.0028505  0.0006982
-0.0031662  0.0008702
-0.0034386  0.0009442
-0.0035478  0.0006356
-0.0034620  0.0002021
-0.0033678 -0.0000381
-0.0032370 -0.0003262
-0.0029041 -0.0007099
-0.0024733 -0.0008246
-0.0021021 -0.0009292
-0.0019119 -0.0008694
-0.0018185 -0.0010113
-0.0016392 -0.0009039
-0.0015570 -0.0007763
-0.0016628 -0.0009873
-0.0015515 -0.0011221
-0.0017510 -0.0014023
-0.0015267 -0.0017984
-0.0015349 -0.0023572
-0.0015347 -0.0025583
-0.0012081 -0.0029241
-0.0015420 -0.0031031
-0.0013647 -0.0032868
-0.0010643 -0.0033763
-0.0011077 -0.0033014
-0.0010584 -0.0033168
-0.0010108 -0.0032518
-0.0009535 -0.0031773
-0.0007437 -0.0029003
-0.0007163 -0.0029308
-0.0007583 -0.0030281
-0.0005879 -0.0027901
-0.0002841 -0.0025963
-0.0002932 -0.0025780
-0.0000280 -0.0021352
 0.0000857 -0.0018367
 0.0002488 -0.0012500
 0.0003544 -0.0005978
 0.0006055 -0.0001022
 0.0007802  0.0001273
 0.0011532  0.0006134
 0.0013747  0.0005533
 0.0017209  0.0009536
 0.0018836  0.0011149
 0.0018721  0.0014512
 0.0020540  0.0018535
 0.0016288  0.0021523
 0.0012416  0.0022119
 0.0012305  0.0020496
 0.0007666  0.0016814
 0.0008322  0.0009274
 0.0008378  0.0010348
 0.0007116  0.0007696
 0.0006228  0.0006553
 0.0007082  0.0011083
 0.0001896  0.0009468
 0.0001215  0.0010934
-0.0000297  0.0012014
-0.0005249  0.0010991
-0.0007788  0.0009564
-0.0009288  0.0011481
-0.0010319  0.0008982
-0.0010517  0.0003804
-0.0005214  0.0003061
-0.0003385  0.0004317
 0.0000936  0.0004594
 0.0002371  0.0005928
 0.0002474  0.0008021
 0.0003471  0.0007254
 0.0001471  0.0008776
 0.0000147  0.0007908
-0.0006158  0.0008193
-0.0008511  0.0008776
-0.0012016  0.0004398
-0.0012958  0.0003410
-0.0013723 -0.0001089
-0.0010742 -0.0002452
-0.0012995 -0.0005504
-0.0011025 -0.0011476
-0.0006618 -0.0017092
-0.0005744 -0.0018428
-0.0003529 -0.0017391
-0.0004349 -0.0015093
-0.0005634 -0.0010049
-0.0007314 -0.0007689
-0.0008910 -0.0002925
-0.0014550 -0.0004401
-0.0016468 -0.0004395
-0.0018572 -0.0010350
-0.0017427 -0.0013132
-0.0015965 -0.0018754
-0.0013268 -0.0024515
-0.0011209 -0.0025095
-0.0005433 -0.0026744
-0.0003184 -0.0028660
-0.0000957 -0.0027713
-0.0000226 -0.0024128
-0.0001542 -0.0022703
-0.0003311 -0.0019511
-0.0004681 -0.0021138
-0.0003205 -0.0022476
-0.0004899 -0.0020399
-0.0004586 -0.0021861
-0.0002878 -0.0021062
-0.0000203 -0.0017614
 0.0002272 -0.0019164
 0.0001670 -0.0016025
 0.0004288 -0.0017452
 0.0001593 -0.0019841
 0.0001958 -0.0019532
 0.0006831 -0.0019792
 0.0008360 -0.0022174
 0.0011026 -0.0021671
 0.0013725 -0.0020135
 0.0012486 -0.0022432
 0.0011814 -0.0016227
 0.0012399 -0.0011444
 0.0008251 -0.0008794
 0.0004098 -0.0006057
 0.0001348 -0.0005195
-0.0001682 -0.0006761
-0.0003562 -0.0007042
-0.0002874 -0.0006729
-0.0002426 -0.0007688
-0.0000050 -0.0005802
 0.0003297 -0.0001765
 0.0005414  0.0002170
 0.0008600  0.0005335
 0.0010647  0.0009730
 0.0009828  0.0012980
 0.0007010  0.0017298
 0.0006677  0.0018263
 0.0004620  0.0018915
 0.0005125  0.0020528
 0.0006127  0.0022129
 0.0006518  0.0021745
 0.0008898  0.0025934
 0.0009857  0.0028106
 0.0009659  0.0033112
 0.0008662  0.0034176
 0.0005745  0.0039280
 0.0004467  0.0043814
 0.0002010  0.0044428
-0.0001865  0.0047692
-0.0007259  0.0047884
-0.0008446  0.0047577
-0.0012716  0.0048631
-0.0017819  0.0047813
-0.0021104  0.0047232
-0.0025737  0.0046515
-0.0030525  0.0046038
-0.0034571  0.0045826
-0.0040056  0.0043032
-0.0044267  0.0039851
-0.0046322  0.0033560
-0.0047382  0.0030304
-0.0046450  0.0026772
-0.0044998  0.0022928
-0.0046355  0.0024823
-0.0045025  0.0026345
-0.0049635  0.0025015
-0.0054620  0.0028086
-0.0056758  0.0026622
-0.0065099  0.0025234
-0.0073737  0.0024505
-0.0078433  0.0022053
-0.0085042  0.0016622
-0.0088115  0.0011533
-0.0087444  0.0007926
-0.0088090 -0.0000143
-0.0082912 -0.0003389
-0.0078120 -0.0008571
-0.0071070 -0.0011428
-0.0067210 -0.0013428
-0.0062700 -0.0015435
-0.0061125 -0.0016006
-0.0061580 -0.0018091
-0.0061664 -0.0018677
-0.0061919 -0.0022098
-0.0058547 -0.0023334
-0.0051804 -0.0026557
-0.0047359 -0.0027300
-0.0039964 -0.0025174
-0.0035991 -0.0025752
-0.0033942 -0.0023450
-0.0034501 -0.0020606
-0.0034669 -0.0020031
-0.0035603 -0.0018804
-0.0037131 -0.0017170
-0.0033659 -0.0017841
-0.0034632 -0.0020134
-0.0029577 -0.0019417
-0.0025007 -0.0022475
-0.0020152 -0.0021290
-0.0014229 -0.0021936
-0.0011241 -0.0018760
-0.0009138 -0.0011584
-0.0005280 -0.0010926
-0.0005318 -0.0009892
-0.0005036 -0.0010044
-0.0003083 -0.0014486
-0.0001698 -0.0021028
-0.0000232 -0.0024470
 0.0002182 -0.0028689
 0.0004520 -0.0030236
 0.0005503 -0.0033228
 0.0006747 -0.0031033
 0.0006260 -0.0032425
 0.0006110 -0.0031591
 0.0007009 -0.0032586
 0.0005902 -0.0033267
 0.0008387 -0.0033543
 0.0010418 -0.0034304
 0.0012035 -0.0031916
 0.0011260 -0.0027172
 0.0012584 -0.0025481
 0.0012469 -0.0017949
 0.0012628 -0.0012519
 0.0009818 -0.0009400
 0.0007971 -0.0002904
 0.0008526 -0.0000667
 0.0003652  0.0002775
 0.0000941  0.0006204
-0.0004029  0.0007664
-0.0009538  0.0007533
-0.0012786  0.0010484
-0.0012903  0.0009907
-0.0017084  0.0012842
-0.0018228  0.0015999
-0.0016218  0.0015741
-0.0019498  0.0012876
-0.0020689  0.0015200
-0.0021109  0.0014017
-0.0024257  0.0011952
-0.0026220  0.0015328
-0.0026254  0.0015279
-0.0029543  0.0015015
-0.0029167  0.0017894
-0.0027524  0.0015023
-0.0027330  0.0015762
-0.0026666  0.0013533
-0.0025319  0.0007877
-0.0026188  0.0004600
-0.0026232  0.0002226
-0.0027787 -0.0002275
-0.0028277  0.0000054
-0.0029158 -0.0004322
-0.0028390 -0.0008828
-0.0028275 -0.0009508
-0.0022386 -0.0009129
-0.0023981 -0.0009934
-0.0021938 -0.0007401
-0.0021744 -0.0008124
-0.0023280 -0.0008348
-0.0023591 -0.0007795
-0.0020261 -0.0008161
-0.0019225 -0.0008514
-0.0018188 -0.0006846
-0.0014443 -0.0008970
-0.0014703 -0.0011295
-0.0013262 -0.0012421
-0.0012442 -0.0016210
-0.0009553 -0.0017064
-0.0010685 -0.0020252
-0.0009242 -0.0024848
-0.0009807 -0.0029744
-0.0008574 -0.0031567
-0.0006381 -0.0033373
-0.0006180 -0.0036619
-0.0003396 -0.0035620
-0.0001443 -0.0034455
-0.0002180 -0.0033321
-0.0001962 -0.0030179
 0.0000471 -0.0030567
 0.0000108 -0.0029156
 0.0003955 -0.0029624
 0.0005710 -0.0028859
 0.0009089 -0.0027989
 0.0011039 -0.0027016
 0.0015200 -0.0026659
 0.0019341 -0.0026195
 0.0021774 -0.0025656
 0.0021041 -0.0023589
 0.0022565 -0.0022545
 0.0025957 -0.0019913
 0.0024901 -0.0016669
 0.0025004 -0.0014374
 0.0024788 -0.0010433
 0.0022509 -0.0006705
 0.0021071 -0.0002655
 0.0019349 -0.0000196
 0.0017506  0.0005105
 0.0013784  0.0007044
 0.0011282  0.0009054
 0.0008119  0.0010524
 0.0003321  0.0010766
 0.0000446  0.0005919
-0.0003214  0.0001643
-0.0003806 -0.0002427
-0.0002675 -0.0006893
 0.0000082 -0.0011035
 0.0004935 -0.0010159
 0.0004860 -0.0011582
 0.0005676 -0.0009469
 0.0007927 -0.0006866
 0.0006321 -0.0004777
 0.0002130 -0.0003633
 0.0003297 -0.0001226
 0.0000983  0.0000298
 0.0001286  0.0002613
 0.0003452  0.0004360
 0.0005081  0.0006589
 0.0008519  0.0005448
 0.0011305  0.0004324
 0.0013584  0.0004146
 0.0015209  0.0000793
 0.0017403 -0.0002290
 0.0017783 -0.0004500
 0.0014760 -0.0006816
 0.0013280 -0.0009119
 0.0009992 -0.0014345
 0.0008241 -0.0015940
 0.0005338 -0.0021956
 0.0001295 -0.0027176
-0.0001598 -0.0032340
-0.0004618 -0.0034241
-0.0009294 -0.0036638
-0.0012111 -0.0040005
-0.0015545 -0.0041458
-0.0018864 -0.0041254
-0.0018729 -0.0043855
-0.0018362 -0.0041323
-0.0018961 -0.0040067
-0.0018101 -0.0040247
-0.0019700 -0.0040196
-0.0020243 -0.0039617
-0.0020949 -0.0039897
-0.0022063 -0.0035777
-0.0026516 -0.0034067
-0.0033891 -0.0032894
-0.0039539 -0.0034905
-0.0043659 -0.0034618
-0.0043750 -0.0040234
-0.0042810 -0.0042309
-0.0038889 -0.0046506
-0.0032653 -0.0048173
-0.0027873 -0.0048333
-0.0021823 -0.0045894
-0.0019687 -0.0043984
-0.0014212 -0.0041881
-0.0012288 -0.0041162
-0.0009777 -0.0038726
-0.0004508 -0.0039241
-0.0002400 -0.0038153
 0.0004897 -0.0035672
 0.0007601 -0.0035719
 0.0009819 -0.0034712
 0.0012211 -0.0032639
 0.0014484 -0.0034090
 0.0014297 -0.0035735
 0.0015958 -0.0038418
 0.0018282 -0.0039924
 0.0021960 -0.0041834
 0.0022380 -0.0039549
 0.0022483 -0.0038315
 0.0021627 -0.0035663
 0.0015953 -0.0035584
 0.0015573 -0.0033144
 0.0012109 -0.0030746
 0.0009991 -0.0029417
 0.0007187 -0.0027871
 0.0006018 -0.0029266
 0.0006095 -0.0027509
 0.0009141 -0.0028514
 0.0009628 -0.0026086
 0.0012589 -0.0021852
 0.0012682 -0.0015711
 0.0011450 -0.0011882
 0.0011067 -0.0009239
 0.0008994 -0.0007181
 0.0008326 -0.0004736
 0.0005847 -0.0001514
 0.0006362 -0.0003784
 0.0005663 -0.0004014
 0.0006400 -0.0002995
 0.0008384 -0.0003574
 0.0009201 -0.0001352
 0.0008862  0.0001146
 0.0009962  0.0001358
 0.0010690  0.0002743
 0.0011046  0.0005525
 0.0009875  0.0003443
 0.0009679  0.0003492
 0.0008704  0.0005905
 0.0006225  0.0005933
 0.0001983  0.0006609
-0.0000025  0.0010637
-0.0005109  0.0011127
-0.0007820  0.0011028
-0.0012711  0.0010063
-0.0015820  0.0009117
-0.0018089  0.0008339
-0.0021745  0.0007492
-0.0025560  0.0002517
-0.0030522  0.0002812
-0.0032315  0.0001181
-0.0034404 -0.0002576
-0.0035803 -0.0002974
-0.0035205 -0.0005762
-0.0036356 -0.0005011
-0.0035005 -0.0007508
-0.0035605 -0.0007514
-0.0035215 -0.0009599
-0.0031293 -0.0012839
-0.0030518 -0.0013501
-0.0027605 -0.0012118
-0.0024415 -0.0012669
-0.0021588 -0.0011666
-0.0015982 -0.0011544
-0.0011262 -0.0011692
-0.0005547 -0.0010171
 0.0001214 -0.0007022
 0.0005730 -0.0008839
 0.0007697 -0.0010335
 0.0010167 -0.0012760
 0.0012267 -0.0015479
 0.0015055 -0.0020682
 0.0014395 -0.0026385
 0.0018212 -0.0030338
 0.0017818 -0.0032249
 0.0019068 -0.0034844
 0.0021357 -0.0035180
 0.0023648 -0.0035071
 0.0024793 -0.0031785
 0.0023164 -0.0028783
 0.0023961 -0.0026641
 0.0022233 -0.0023746
 0.0020534 -0.0023205
 0.0018135 -0.0023013
 0.0013070 -0.0021412
 0.0011241 -0.0021439
 0.0009336 -0.0023010
 0.0010722 -0.0023294
 0.0008439 -0.0023222
 0.0010894 -0.0024063
 0.0015398 -0.0019101
 0.0017687 -0.0017852
 0.0019330 -0.0012954
 0.0023253 -0.0011787
 0.0022576 -0.0009460
 0.0025816 -0.0006942
 0.0024567 -0.0006425
 0.0023543 -0.0002695
 0.0023904  0.0000396
 0.0022031  0.0002700
 0.0022338  0.0005003
 0.0021466  0.0007104
 0.0019381  0.0007389
 0.0019310  0.0008554
 0.0017883  0.0009682
 0.0016153  0.0008116
 0.0011147  0.0004714
 0.0009935  0.0006016
 0.0005463  0.0004893
 0.0000051  0.0005813
-0.0004833  0.0006269
-0.0010326  0.0012757
-0.0015559  0.0013999
-0.0020380  0.0018646
-0.0027403  0.0020607
-0.0028263  0.0021287
-0.0029111  0.0019688
-0.0030050  0.0020653
-0.0029291  0.0021055
-0.0031967  0.0022707
-0.0033580  0.0024709
-0.0039045  0.0028198
-0.0044201  0.0029449
-0.0047741  0.0030782
-0.0052056  0.0029910
-0.0056664  0.0032706
-0.0059180  0.0031575
-0.0063013  0.0029072
-0.0062034  0.0028228
-0.0062488  0.0022875
-0.0062839  0.0018458
-0.0056777  0.0013005
-0.0052253  0.0008505
-0.0045512  0.0004012
-0.0040124  0.0001928
-0.0038681 -0.0000468
-0.0036737 -0.0000815
-0.0036325 -0.0002533
-0.0034794 -0.0002535
-0.0036787 -0.0002539
-0.0036563 -0.0000647
-0.0035129 -0.0000750
-0.0036635 -0.0001829
-0.0034422 -0.0002975
-0.0036407 -0.0003864
-0.0034503 -0.0005630
-0.0032959 -0.0006508
-0.0029898 -0.0008339
-0.0025978 -0.0008549
-0.0021551 -0.0007566
-0.0016536 -0.0008101
-0.0011431 -0.0003115
-0.0009810  0.0000448
-0.0008441  0.0001781
-0.0007189  0.0000247
-0.0006350  0.0003682
-0.0001947  0.0004346
-0.0000707  0.0005687
 0.0000229  0.0004932
-0.0000625  0.0005511
 0.0000740  0.0001700
 0.0001727  0.0001201
 0.0003561  0.0000166
 0.0006712 -0.0001673
 0.0011411 -0.0003599
 0.0015249 -0.0004532
 0.0019924 -0.0006342
 0.0023673 -0.0006635
 0.0026160 -0.0006514
 0.0032295 -0.0004239
 0.0032784 -0.0005144
 0.0033345 -0.0001128
 0.0032883 -0.0002293
 0.0032860 -0.0000884
 0.0032580 -0.0000596
 0.0030579 -0.0000468
 0.0029634  0.0001603
 0.0028108  0.0001653
 0.0027812  0.0003833
 0.0022579  0.0008102
 0.0020901  0.0013256
 0.0019496  0.0014784
 0.0017915  0.0021198
 0.0017315  0.0024367
 0.0017779  0.0028007
 0.0017400  0.0028409
 0.0018183  0.0028473
 0.0016449  0.0028084
 0.0016637  0.0026699
 0.0013088  0.0023216
 0.0011509  0.0025390
 0.0004966  0.0025650
-0.0002098  0.0027465
-0.0009051  0.0027146
-0.0013880  0.0028287
-0.0015727  0.0027344
-0.0019278  0.0028167
-0.0022453  0.0025947
-0.0023309  0.0025804
-0.0026184  0.0021855
-0.0028758  0.0020714
-0.0029105  0.0015835
-0.0031802  0.0016138
-0.0032165  0.0014337
-0.0030558  0.0012939
-0.0032765  0.0013153
-0.0032214  0.0013165
-0.0035387  0.0014990
-0.0038658  0.0016021
-0.0043287  0.0015718
-0.0047922  0.0014053
-0.0048621  0.0013750
-0.0049822  0.0012504
-0.0048976  0.0010603
-0.0049124  0.0011128
-0.0046449  0.0012571
-0.0042254  0.0010145
-0.0039660  0.0012116
-0.0033705  0.0011702
-0.0029663  0.0012365
-0.0025467  0.0013564
-0.0023702  0.0014441
-0.0023395  0.0015343
-0.0023758  0.0014869
-0.0022781  0.0013564
-0.0023708  0.0013315
-0.0021703  0.0012163
-0.0018532  0.0010954
-0.0013351  0.0011450
-0.0009017  0.0011624
-0.0004661  0.0009034
-0.0002317  0.0005450
 0.0000225  0.0001595
 0.0007848 -0.0002059
 0.0010091 -0.0006573
 0.0014222 -0.0011172
 0.0017958 -0.0012698
 0.0021118 -0.0014600
 0.0025129 -0.0013383
 0.0029608 -0.0012904
 0.0029330 -0.0013419
 0.0029707 -0.0012297
 0.0031577 -0.0013478
 0.0031119 -0.0013678
 0.0030808 -0.0012467
 0.0029310 -0.0009943
 0.0028289 -0.0008742
 0.0028221 -0.0006170
 0.0029165 -0.0004925
 0.0023791 -0.0001798
 0.0021631  0.0000943
 0.0018310  0.0001387
 0.0017987  0.0001458
 0.0017583  0.0004223
 0.0014942  0.0005566
 0.0014829  0.0009680
 0.0016872  0.0013687
 0.0016880  0.0017436
 0.0015675  0.0022317
 0.0013213  0.0027489
 0.0011317  0.0030568
 0.0008636  0.0033644
 0.0004557  0.0037108
 0.0003208  0.0039921
 0.0000451  0.0039767
-0.0001253  0.0038724
-0.0002174  0.0037095
-0.0003655  0.0033251
-0.0004462  0.0032181
-0.0002918  0.0030348
-0.0003415  0.0028117
 0.0000241  0.0028022
 0.0001933  0.0030604
 0.0007127  0.0028761
 0.0007305  0.0027293
 0.0007860  0.0029162
 0.0008621  0.0026344
 0.0008897  0.0024305
 0.0007145  0.0020427
 0.0007040  0.0020093
 0.0005552  0.0020669
 0.0002721  0.0021137
-0.0002023  0.0018468
-0.0004569  0.0015767
-0.0006632  0.0013205
-0.0009535  0.0009364
-0.0008437  0.0005084
-0.0009116  0.0002694
-0.0007864  0.0000417
-0.0005672 -0.0000106
-0.0003061  0.0000573
-0.0000839 -0.0000370
-0.0002181  0.0000115
-0.0005530  0.0001962
-0.0008225  0.0003008
-0.0012969  0.0003896
-0.0016987  0.0003026
-0.0019597  0.0004958
-0.0020647  0.0004263
-0.0020911  0.0003100
-0.0021008  0.0003478
-0.0021305  0.0001233
-0.0021111  0.0000175
-0.0021987 -0.0002665
-0.0023800 -0.0005627
-0.0023905 -0.0007891
-0.0020933 -0.0012672
-0.0017937 -0.0013814
-0.0014558 -0.0018035
-0.0009465 -0.0021489
-0.0003974 -0.0022279
 0.0000567 -0.0023848
 0.0004705 -0.0020079
 0.0009431 -0.0017039
 0.0012454 -0.0013599
 0.0012920 -0.0008256
 0.0012742 -0.0004075
 0.0014646 -0.0004077
 0.0015029 -0.0000284
 0.0016547 -0.0000884
 0.0019579  0.0000729
 0.0024291  0.0001658
 0.0026714  0.0004631
 0.0028838  0.0008406
 0.0027449  0.0011398
 0.0027077  0.0014297
 0.0024788  0.0015196
 0.0022802  0.0018390
 0.0019170  0.0020641
 0.0019556  0.0021459
 0.0019976  0.0026822
 0.0020828  0.0030390
 0.0019691  0.0035253
 0.0018030  0.0038216
 0.0019804  0.0040786
 0.0016802  0.0040479
 0.0014565  0.0037511
 0.0015986  0.0035454
 0.0012722  0.0029408
 0.0010637  0.0028938
 0.0009306  0.0025694
 0.0006234  0.0024705
 0.0003365  0.0024579
 0.0005562  0.0024783
 0.0001851  0.0022835
 0.0002542  0.0022716
-0.0000306  0.0023842
-0.0002581  0.0025414
-0.0004213  0.0024873
-0.0006986  0.0025210
-0.0009092  0.0026040
-0.0008339  0.0028714
-0.0010596  0.0030059
-0.0009845  0.0030739
-0.0007766  0.0034716
-0.0008665  0.0036521
-0.0009648  0.0039890
-0.0009369  0.0042955
-0.0010456  0.0045856
-0.0014963  0.0044990
-0.0018207  0.0046950
-0.0020705  0.0045436
-0.0025667  0.0045061
-0.0027964  0.0045394
-0.0033243  0.0045027
-0.0035936  0.0043808
-0.0039982  0.0042768
-0.0039408  0.0039330
-0.0042794  0.0034770
-0.0040805  0.0032517
-0.0038813  0.0028504
-0.0039392  0.0027412
-0.0034618  0.0027538
-0.0031834  0.0026131
-0.0030726  0.0030754
-0.0027747  0.0032621
-0.0025029  0.0036485
-0.0026331  0.0041494
-0.0029684  0.0040826
-0.0028265  0.0037602
-0.0028593  0.0031166
-0.0028373  0.0022922
-0.0027660  0.0013910
-0.0028708  0.0004458
-0.0023241 -0.0005403
-0.0019317 -0.0010281
-0.0017143 -0.0015073
-0.0010748 -0.0016853
-0.0007928 -0.0017368
-0.0008481 -0.0016740
-0.0005687 -0.0017666
-0.0005269 -0.0015926
-0.0002362 -0.0016320
 0.0000951 -0.0019000
 0.0002902 -0.0017818
 0.0006095 -0.0015827
 0.0010522 -0.0016157
 0.0012848 -0.0011978
 0.0011867 -0.0009875
 0.0015955 -0.0005874
 0.0017477 -0.0002159
 0.0019336  0.0004361
 0.0022305  0.0006285
 0.0022562  0.0011778
 0.0020541  0.0013850
 0.0016049  0.0015574
 0.0010710  0.0017227
 0.0007936  0.0018277
 0.0001619  0.0019064
-0.0001322  0.0017211
-0.0003742  0.0018632
-0.0006708  0.0017315
-0.0006875  0.0014572
-0.0006671  0.0014043
-0.0003795  0.0012548
-0.0001489  0.0011440
 0.0000921  0.0010172
 0.0003318  0.0008962
 0.0001499  0.0012009
 0.0003524  0.0012477
 0.0002561  0.0016504
 0.0000362  0.0017267
 0.0002084  0.0017187
-0.0000389  0.0017473
 0.0001436  0.0018894
 0.0006237  0.0018127
 0.0007581  0.0020231
 0.0010184  0.0022153
 0.0012374  0.0022730
 0.0009881  0.0026168
 0.0008054  0.0027605
 0.0009313  0.0028172
 0.0006316  0.0034693
 0.0006687  0.0035854
 0.0004016  0.0041745
 0.0000526  0.0046763
-0.0003609  0.0050811
-0.0006580  0.0052174
-0.0009849  0.0052771
-0.0011660  0.0053361
-0.0013016  0.0052134
-0.0017134  0.0050402
-0.0017155  0.0047398
-0.0017954  0.0045575
-0.0019448  0.0043641
-0.0018353  0.0044595
-0.0016592  0.0044525
-0.0019407  0.0043982
-0.0018101  0.0047216
-0.0023089  0.0048951
-0.0025469  0.0049922
-0.0031798  0.0050039
-0.0035018  0.0046312
-0.0040070  0.0042953
-0.0041469  0.0038425
-0.0040228  0.0033608
-0.0040324  0.0032512
-0.0035564  0.0027154
-0.0032981  0.0026278
-0.0030304  0.0026082
-0.0028745  0.0021839
-0.0027176  0.0021857
-0.0026117  0.0018475
-0.0022564  0.0016077
-0.0018023  0.0011666
-0.0015429  0.0010132
-0.0013386  0.0006496
-0.0011188  0.0003335
-0.0008010  0.0000670
-0.0007055 -0.0001338
-0.0005905 -0.0004385
-0.0004189 -0.0004344
-0.0006313 -0.0009080
-0.0007469 -0.0011145
-0.0009571 -0.0013315
-0.0010802 -0.0017251
-0.0013499 -0.0019389
-0.0014097 -0.0021246
-0.0015088 -0.0019656
-0.0013946 -0.0021594
-0.0011287 -0.0020276
-0.0009258 -0.0018899
-0.0007114 -0.0018635
-0.0004974 -0.0019152
-0.0002247 -0.0021427
 0.0000980 -0.0021280
 0.0006045 -0.0024441
 0.0011736 -0.0023305
 0.0016198 -0.0022086
 0.0019934 -0.0018848
 0.0022976 -0.0014760
 0.0024577 -0.0010369
 0.0024125 -0.0004919
 0.0022187 -0.0000510
 0.0020331  0.0003429
 0.0017737  0.0006112
 0.0015072  0.0008799
 0.0013583  0.0008510
 0.0014271  0.0011088
 0.0012267  0.0013377
 0.0008916  0.0014885
 0.0007460  0.0016122
 0.0003517  0.0016576
 0.0000136  0.0019820
 0.0000128  0.0022497
-0.0001070  0.0018845
-0.0003212  0.0021284
-0.0003038  0.0016689
-0.0004306  0.0014099
-0.0007013  0.0012866
-0.0009694  0.0009537
-0.0009127  0.0008518
-0.0010294  0.0008241
-0.0011170  0.0007306
-0.0012066  0.0008094
-0.0012963  0.0007997
-0.0015010  0.0009426
-0.0018563  0.0010024
-0.0024034  0.0012478
-0.0028841  0.0010660
-0.0035468  0.0011996
-0.0040727  0.0012274
-0.0043820  0.0011996
-0.0045729  0.0012967
-0.0045548  0.0015930
-0.0043048  0.0015594
-0.0038967  0.0018466
-0.0037501  0.0016377
-0.0035474  0.0018028
-0.0035181  0.0015287
-0.0039094  0.0015053
-0.0041350  0.0012861
-0.0041433  0.0012873
-0.0044205  0.0011248
-0.0046240  0.0009833
-0.0045951  0.0006205
-0.0046843  0.0008152
-0.0048406  0.0005334
-0.0047907  0.0003005
-0.0052423  0.0001513
-0.0055550  0.0000494
-0.0056676 -0.0001686
-0.0061820 -0.0002274
-0.0062783 -0.0003804
-0.0064608 -0.0005107
-0.0065090 -0.0005920
-0.0065973 -0.0005935
-0.0066698 -0.0008224
-0.0067289 -0.0006001
-0.0068721 -0.0008748
-0.0066314 -0.0010347
-0.0063811 -0.0011076
-0.0058314 -0.0010859
-0.0052627 -0.0008334
-0.0046360 -0.0005166
-0.0040506 -0.0003313
-0.0032780 -0.0003579
-0.0025730 -0.0003313
-0.0019559 -0.0004587
-0.0010896 -0.0006539
-0.0001114 -0.0008792
 0.0004349 -0.0011534
 0.0013805 -0.0013016
 0.0019354 -0.0012782
 0.0023825 -0.0013654
 0.0025826 -0.0012425
 0.0029076 -0.0011180
 0.0028670 -0.0007635
 0.0028412 -0.0006561
 0.0026375 -0.0005091
 0.0026361 -0.0003627
 0.0025971 -0.0003879
 0.0028385  0.0000942
 0.0028961  0.0005686
 0.0032124  0.0010036
 0.0032800  0.0013925
 0.0032241  0.0019824
 0.0033330  0.0020320
 0.0032399  0.0022055
 0.0034071  0.0022917
 0.0032262  0.0023294
 0.0032274  0.0023195
 0.0032462  0.0024925
 0.0030950  0.0025036
 0.0026719  0.0028404
 0.0026747  0.0028396
 0.0026838  0.0028860
 0.0023219  0.0030846
 0.0024638  0.0031393
 0.0022144  0.0029529
 0.0022905  0.0027947
 0.0022407  0.0026390
 0.0022217  0.0025683
 0.0025263  0.0027962
 0.0027411  0.0026955
 0.0030342  0.0031085
 0.0031730  0.0032694
 0.0030040  0.0034795
 0.0031352  0.0037942
 0.0026336  0.0036517
 0.0021426  0.0034093
 0.0015491  0.0028644
 0.0012620  0.0027108
 0.0007101  0.0025101
-0.0000739  0.0025866
-0.0004672  0.0026325
-0.0009654  0.0028230
-0.0015327  0.0029058
-0.0016875  0.0031230
-0.0021605  0.0026966
-0.0021504  0.0026574
-0.0023723  0.0023118
-0.0023610  0.0019466
-0.0021591  0.0017310
-0.0020995  0.0013114
-0.0019707  0.0010086
-0.0017943  0.0006386
-0.0017329  0.0004401
-0.0017494  0.0000984
-0.0014946 -0.0000651
-0.0012647 -0.0002852
-0.0013761 -0.0004620
-0.0012885 -0.0007663
-0.0014179 -0.0012179
-0.0016738 -0.0012748
-0.0013926 -0.0017540
-0.0015077 -0.0017532
-0.0014503 -0.0019753
-0.0014929 -0.0019460
-0.0015701 -0.0022601
-0.0015632 -0.0025367
-0.0013945 -0.0027171
-0.0010303 -0.0031183
-0.0009627 -0.0031445
-0.0007808 -0.0031643
-0.0007513 -0.0032898
-0.0005991 -0.0030024
-0.0003110 -0.0028811
-0.0002333 -0.0027581
 0.0000540 -0.0027331
 0.0006037 -0.0025902
 0.0007755 -0.0024545
 0.0008924 -0.0021588
 0.0009604 -0.0021557
 0.0009830 -0.0020191
 0.0008207 -0.0018194
 0.0010141 -0.0018570
 0.0007194 -0.0019561
 0.0010158 -0.0012094
 0.0012742 -0.0009649
 0.0013394 -0.0006331
 0.0016527 -0.0000311
 0.0018878  0.0003496
 0.0018367  0.0008654
 0.0021026  0.0012387
 0.0018888  0.0015360
 0.0016681  0.0016049
 0.0019277  0.0014807
 0.0019033  0.0014999
 0.0020412  0.0015671
 0.0020144  0.0018921
 0.0023792  0.0021883
 0.0021047  0.0025312
 0.0022617  0.0030220
 0.0023188  0.0028304
 0.0023351  0.0031847
 0.0023713  0.0034653
 0.0023428  0.0035130
 0.0021880  0.0036696
 0.0021974  0.0039383
 0.0022247  0.0039858
 0.0018892  0.0042097
 0.0017909  0.0047477
 0.0013889  0.0048755
 0.0011612  0.0053089
 0.0011614  0.0052926
 0.0006436  0.0054460
 0.0002869  0.0053985
-0.0002915  0.0051953
-0.0003995  0.0048268
-0.0007661  0.0044941
-0.0006030  0.0042143
-0.0007938  0.0036881
-0.0007980  0.0034396
-0.0008339  0.0032213
-0.0012363  0.0032005
-0.0011905  0.0028814
-0.0015098  0.0028040
-0.0017589  0.0027990
-0.0019410  0.0026041
-0.0022971  0.0023801
-0.0024736  0.0021007
-0.0026560  0.0017762
-0.0027374  0.0012508
-0.0025409  0.0009441
-0.0025696  0.0006494
-0.0025284  0.0002564
-0.0026130 -0.0001456
-0.0025575 -0.0004524
-0.0024610 -0.0008307
-0.0022244 -0.0011313
-0.0022085 -0.0012460
-0.0025474 -0.0016134
-0.0021360 -0.0017652
-0.0021005 -0.0021264
-0.0020333 -0.0023838
-0.0014961 -0.0025173
-0.0013200 -0.0025518
-0.0012124 -0.0024527
-0.0011327 -0.0026206
-0.0010531 -0.0021491
-0.0010806 -0.0023885
-0.0010305 -0.0025718
-0.0010041 -0.0026491
-0.0010563 -0.0029212
-0.0009305 -0.0030840
-0.0014376 -0.0033254
-0.0015848 -0.0034855
-0.0017642 -0.0035672
-0.0018783 -0.0035850
-0.0014725 -0.0036393
-0.0010803 -0.0037030
-0.0004585 -0.0035674
 0.0000413 -0.0034131
 0.0005002 -0.0029268
 0.0010557 -0.0023166
 0.0011498 -0.0017084
 0.0011183 -0.0012269
 0.0010402 -0.0006296
 0.0007269 -0.0002417
 0.0006304  0.0001742
 0.0004491  0.0004126
 0.0000690  0.0005337
 0.0001279  0.0004118
-0.0000632  0.0002485
 0.0001286 -0.0001729
 0.0005872 -0.0007730
 0.0008833 -0.0007538
 0.0012931 -0.0009175
 0.0011464 -0.0009476
 0.0014609 -0.0007591
 0.0015374 -0.0004834
 0.0014871 -0.0001299
 0.0011774  0.0002956
 0.0013670  0.0006891
 0.0010960  0.0011512
 0.0009614  0.0019439
 0.0008152  0.0024353
 0.0004405  0.0031580
-0.0002224  0.0036088
-0.0002820  0.0038995
-0.0005398  0.0038719
-0.0007136  0.0035745
-0.0010992  0.0036508
-0.0006987  0.0035057
-0.0008541  0.0035406
-0.0006363  0.0035844
-0.0007643  0.0034299
-0.0010488  0.0033140
-0.0010807  0.0036219
-0.0013230  0.0035349
-0.0015933  0.0034763
-0.0020013  0.0036374
-0.0023681  0.0035090
-0.0028016  0.0033364
-0.0029923  0.0030978
-0.0031320  0.0030122
-0.0032148  0.0026965
-0.0030494  0.0023638
-0.0031920  0.0016635
-0.0029971  0.0013581
-0.0029765  0.0012087
-0.0028427  0.0008359
-0.0029202  0.0006166
-0.0030371  0.0007810
-0.0031728  0.0007739
-0.0034754  0.0009191
-0.0037544  0.0009284
-0.0040998  0.0010263
-0.0041580  0.0010875
-0.0043388  0.0010009
-0.0041759  0.0008967
-0.0041469  0.0005055
-0.0038592  0.0003945
-0.0038428  0.0002051
-0.0035168 -0.0003835
-0.0035370 -0.0003898
-0.0031801 -0.0005371
-0.0031197 -0.0009925
-0.0029247 -0.0009249
-0.0024248 -0.0009806
-0.0021632 -0.0010313
-0.0017029 -0.0009628
-0.0013299 -0.0010480
-0.0011720 -0.0013540
-0.0010319 -0.0013786
-0.0007329 -0.0015678
-0.0009686 -0.0021355
-0.0009545 -0.0018789
-0.0009508 -0.0020622
-0.0009367 -0.0016027
-0.0010122 -0.0015779
-0.0008852 -0.0012717
-0.0012481 -0.0007731
-0.0012788 -0.0002153
-0.0012461 -0.0002149
-0.0015633 -0.0000495
-0.0017813 -0.0001060
-0.0019236 -0.0001718
-0.0021589 -0.0003519
-0.0021383 -0.0007441
-0.0022704 -0.0007542
-0.0022082 -0.0008207
-0.0020224 -0.0004870
-0.0018680 -0.0002320
-0.0019994  0.0002052
-0.0016556  0.0004499
-0.0016191  0.0006739
-0.0018706  0.0005822
-0.0016819  0.0004557
-0.0016555  0.0003703
-0.0019151  0.0002170
-0.0016585  0.0001615
-0.0015632  0.0001533
-0.0016205 -0.0000868
-0.0013207  0.0000378
-0.0012069  0.0000438
-0.0012041  0.0001107
-0.0008696  0.0003763
-0.0007553  0.0005174
-0.0005340  0.0006672
-0.0005435  0.0010479
-0.0005363  0.0013979
-0.0007662  0.0016619
-0.0007196  0.0015636
-0.0006449  0.0016530
-0.0006261  0.0018252
-0.0005603  0.0020939
-0.0005767  0.0020281
-0.0006305  0.0023646
-0.0005211  0.0024522
-0.0009386  0.0026670
-0.0007833  0.0027782
-0.0007270  0.0026001
-0.0004727  0.0029104
-0.0006435  0.0032554
-0.0007812  0.0035049
-0.0008054  0.0037754
-0.0012290  0.0037599
-0.0013939  0.0037236
-0.0016529  0.0038163
-0.0022083  0.0037230
-0.0024590  0.0032892
-0.0026114  0.0032818
-0.0030727  0.0030355
-0.0034744  0.0028280
-0.0036406  0.0027568
-0.0040918  0.0024606
-0.0041872  0.0020688
-0.0040490  0.0020867
-0.0036992  0.0019230
-0.0034265  0.0020179
-0.0030962  0.0021618
-0.0025219  0.0020577
-0.0021955  0.0019236
-0.0016680  0.0015813
-0.0015511  0.0011907
-0.0012121  0.0009729
-0.0010639  0.0007359
-0.0010027  0.0005391
-0.0012304  0.0003198
-0.0011208  0.0003580
-0.0013963  0.0002050
-0.0015843  0.0001137
-0.0019196  0.0002618
-0.0021576  0.0002204
-0.0025133 -0.0000127
-0.0027253 -0.0000818
-0.0030061 -0.0003888
-0.0031256 -0.0008225
-0.0029766 -0.0011200
-0.0029361 -0.0014148
-0.0028134 -0.0018617
-0.0021188 -0.0021548
-0.0015832 -0.0025737
-0.0012307 -0.0027648
-0.0006746 -0.0028995
-0.0003944 -0.0030501
-0.0004531 -0.0030307
-0.0005018 -0.0030012
-0.0005458 -0.0030305
-0.0004648 -0.0030896
-0.0000021 -0.0028981
 0.0002315 -0.0028912
 0.0003781 -0.0027485
 0.0008864 -0.0022900
 0.0011006 -0.0020912
 0.0015149 -0.0020444
 0.0021195 -0.0016519
 0.0023325 -0.0014703
 0.0026821 -0.0013479
 0.0028650 -0.0012920
 0.0030780 -0.0010056
 0.0034438 -0.0009664
 0.0038750 -0.0008837
 0.0037898 -0.0006144
 0.0037028 -0.0004232
 0.0037725 -0.0003941
 0.0035256 -0.0003723
 0.0034519 -0.0004321
 0.0036173 -0.0006107
 0.0036488 -0.0005338
 0.0037366 -0.0002441
 0.0037695 -0.0001922
 0.0035208  0.0002691
 0.0032350  0.0007011
 0.0030805  0.0009371
 0.0027257  0.0013716
 0.0026481  0.0018827
 0.0023300  0.0020489
 0.0017046  0.0023442
 0.0017770  0.0023703
 0.0012549  0.0019679
 0.0007823  0.0019243
 0.0003616  0.0017692
-0.0002598  0.0013643
-0.0005976  0.0014287
-0.0011007  0.0011900
-0.0012745  0.0009127
-0.0011592  0.0009704
-0.0014646  0.0008582
-0.0015950  0.0008699
-0.0015716  0.0008869
-0.0017547  0.0007201
-0.0020593  0.0006030
-0.0020329  0.0005121
-0.0020920  0.0003763
-0.0020555  0.0002497
-0.0022214  0.0001443
-0.0022950 -0.0000582
-0.0024787 -0.0004686
-0.0027403 -0.0004076
-0.0030504 -0.0009605
-0.0030623 -0.0014386
-0.0033892 -0.0019069
-0.0033436 -0.0020494
-0.0032503 -0.0025577
-0.0029479 -0.0025936
-0.0027563 -0.0027727
-0.0025652 -0.0026376
-0.0023064 -0.0024640
-0.0019194 -0.0027575
-0.0019609 -0.0025756
-0.0017195 -0.0025851
-0.0015717 -0.0024983
-0.0015874 -0.0025886
-0.0015020 -0.0026548
-0.0012991 -0.0031060
-0.0013488 -0.0030390
-0.0008986 -0.0030953
-0.0006974 -0.0033345
-0.0005460 -0.0031563
-0.0002187 -0.0028817
-0.0001596 -0.0029716
 0.0000397 -0.0026127
 0.0003336 -0.0023783
 0.0004791 -0.0022647
 0.0008623 -0.0019784
 0.0010411 -0.0019120
 0.0009999 -0.0020473
 0.0013435 -0.0016569
 0.0016683 -0.0015989
 0.0018581 -0.0011980
 0.0024357 -0.0008227
 0.0026194 -0.0007050
 0.0025742 -0.0004932
 0.0025865 -0.0000132
 0.0025556 -0.0002258
 0.0022741 -0.0002752
 0.0021255 -0.0003643
 0.0017060 -0.0003968
 0.0013239 -0.0003944
 0.0010643 -0.0003872
 0.0008240 -0.0002648
 0.0006220  0.0001177
 0.0003609  0.0003721
 0.0001417  0.0009191
-0.0003089  0.0012423
-0.0005735  0.0016630
-0.0010723  0.0021887
-0.0014652  0.0025480
-0.0015552  0.0028645
-0.0014045  0.0027220
-0.0013788  0.0030384
-0.0012755  0.0032980
-0.0009026  0.0032231
-0.0003790  0.0035473
-0.0002928  0.0038840
-0.0001047  0.0039314
-0.0001715  0.0040275
-0.0003461  0.0041927
-0.0003847  0.0038212
-0.0005393  0.0038307
-0.0003168  0.0036797
-0.0001553  0.0036610
-0.0004354  0.0041675
-0.0005381  0.0042529
-0.0009905  0.0047686
-0.0012287  0.0047664
-0.0014677  0.0050151
-0.0017532  0.0049852
-0.0020416  0.0051294
-0.0020806  0.0052848
-0.0023695  0.0052830
-0.0025903  0.0050926
-0.0028580  0.0049513
-0.0032063  0.0046849
-0.0034723  0.0041984
-0.0033381  0.0038397
-0.0033661  0.0032975
-0.0029139  0.0030845
-0.0026319  0.0029152
-0.0022080  0.0029473
-0.0019479  0.0029887
-0.0016580  0.0030478
-0.0017137  0.0029047
-0.0017135  0.0029267
-0.0018962  0.0025062
-0.0019515  0.0017220
-0.0016784  0.0011616
-0.0018772  0.0006077
-0.0015960  0.0002927
-0.0012929 -0.0002047
-0.0013945 -0.0005979
-0.0012311 -0.0007320
-0.0008969 -0.0009724
-0.0008704 -0.0013172
-0.0010988 -0.0016053
-0.0007657 -0.0020544
-0.0009214 -0.0023811
-0.0008388 -0.0024812
-0.0005986 -0.0025266
-0.0003266 -0.0025901
-0.0003163 -0.0023860
-0.0001574 -0.0025487
 0.0001547 -0.0023273
 0.0000851 -0.0021381
 0.0000136 -0.0022080
 0.0000449 -0.0017151
 0.0002319 -0.0016983
 0.0003668 -0.0015199
 0.0003058 -0.0016291
 0.0010036 -0.0014563
 0.0009929 -0.0015827
 0.0012862 -0.0010179
 0.0017275 -0.0011313
 0.0018121 -0.0011377
 0.0015931 -0.0007445
 0.0016807 -0.0007891
 0.0015384 -0.0009100
 0.0015780 -0.0005232
 0.0014280 -0.0010854
 0.0010160 -0.0011027
 0.0008819 -0.0009616
 0.0007570 -0.0012596
 0.0003441 -0.0013214
 0.0002817 -0.0010027
 0.0002999 -0.0008339
-0.0000389 -0.0007908
-0.0000126 -0.0003459
-0.0002071 -0.0001165
-0.0002672  0.0001015
-0.0000496  0.0005884
 0.0001310  0.0006065
-0.0001782  0.0011219
 0.0000194  0.0018010
 0.0000555  0.0021482
-0.0002746  0.0027999
-0.0005950  0.0032339
-0.0008162  0.0033125
-0.0010678  0.0037742
-0.0012045  0.0035961
-0.0013498  0.0031884
-0.0017263  0.0028081
-0.0014399  0.0029754
-0.0014134  0.0025953
-0.0014926  0.0027873
-0.0015134  0.0026835
-0.0018808  0.0027562
-0.0019618  0.0029169
-0.0020143  0.0026706
-0.0023627  0.0022475
-0.0023353  0.0021800
-0.0022505  0.0018096
-0.0022994  0.0014648
-0.0022899  0.0011261
-0.0020238  0.0008148
-0.0021688  0.0005473
-0.0022283  0.0007016
-0.0022758  0.0006404
-0.0026117  0.0005633
-0.0031297  0.0008336
-0.0034505  0.0006277
-0.0036664  0.0006574
-0.0037028  0.0004842
-0.0038231 -0.0001097
-0.0037334 -0.0004462
-0.0036135 -0.0007999
-0.0034176 -0.0014917
-0.0031729 -0.0018654
-0.0028267 -0.0022869
-0.0025836 -0.0026119
-0.0020812 -0.0026999
-0.0014852 -0.0025334
-0.0011267 -0.0020667
-0.0009541 -0.0016730
-0.0002806 -0.0011061
-0.0000963 -0.0008675
 0.0000062 -0.0005621
 0.0002648 -0.0003007
 0.0003155 -0.0003953
 0.0003428 -0.0006329
 0.0004584 -0.0009270
 0.0002816 -0.0010027
 0.0004565 -0.0011580
 0.0002651 -0.0015422
 0.0003610 -0.0017055
 0.0005132 -0.0018327
 0.0006283 -0.0017812
 0.0006252 -0.0017835
 0.0007385 -0.0017035
 0.0008705 -0.0017619
 0.0009183 -0.0017064
 0.0012082 -0.0018330
 0.0012898 -0.0019365
 0.0014582 -0.0016226
 0.0014830 -0.0011896
 0.0018051 -0.0008624
 0.0018650 -0.0004237
 0.0019236 -0.0001661
 0.0018376 -0.0000763
 0.0015004 -0.0002497
 0.0012792 -0.0003924
 0.0010894 -0.0006788
 0.0013872 -0.0008430
 0.0016087 -0.0010240
 0.0016967 -0.0012172
 0.0022159 -0.0011698
 0.0026211 -0.0010461
 0.0026718 -0.0010697
 0.0029487 -0.0012082
 0.0032160 -0.0011551
 0.0035501 -0.0012192
 0.0036888 -0.0009275
 0.0038252 -0.0007064
 0.0039729 -0.0005659
 0.0041613 -0.0000956
 0.0042259  0.0002729
 0.0040331  0.0007055
 0.0038574  0.0012526
 0.0035209  0.0016000
 0.0033085  0.0020021
 0.0028163  0.0022617
 0.0027301  0.0023566
 0.0024317  0.0023178
 0.0023714  0.0024804
 0.0025285  0.0018568
 0.0023058  0.0017966
 0.0020383  0.0017475
 0.0018566  0.0013585
 0.0013570  0.0012309
 0.0009237  0.0011927
-0.0000168  0.0011314
-0.0006220  0.0010336
-0.0013456  0.0011679
-0.0017303  0.0010447
-0.0023483  0.0009299
-0.0025510  0.0005966
-0.0027252  0.0005879
-0.0028326  0.0006784
-0.0029539  0.0008328
-0.0032771  0.0010052
-0.0036409  0.0011042
-0.0040700  0.0010912
-0.0045584  0.0010353
-0.0046373  0.0009128
-0.0045134  0.0004995
-0.0043244  0.0002617
-0.0038173  0.0001972
-0.0036340 -0.0001293
-0.0031931 -0.0000957
-0.0027331  0.0000183
-0.0024688  0.0000173
-0.0023973 -0.0003101
-0.0025011 -0.0005485
-0.0026127 -0.0008195
-0.0026280 -0.0010823
-0.0025319 -0.0011607
-0.0020008 -0.0013333
-0.0018869 -0.0012412
-0.0013972 -0.0011080
-0.0006983 -0.0010624
-0.0004209 -0.0009522
 0.0001887 -0.0010217
 0.0007705 -0.0012702
 0.0012546 -0.0019028
 0.0015965 -0.0019967
 0.0020166 -0.0024814
 0.0021961 -0.0023740
 0.0024932 -0.0024412
 0.0022946 -0.0023251
 0.0022187 -0.0019320
 0.0019702 -0.0017229
 0.0018188 -0.0015200
 0.0018414 -0.0011159
 0.0020104 -0.0006740
 0.0019757 -0.0002030
 0.0021813  0.0002781
 0.0025317  0.0004220
 0.0023801  0.0005452
 0.0024690  0.0007244
 0.0026824  0.0006768
 0.0027226  0.0009041
 0.0028469  0.0009626
 0.0026376  0.0007743
 0.0024091  0.0007178
 0.0023735  0.0007301
 0.0021198  0.0003310
 0.0019323  0.0002262
 0.0020791  0.0001804
 0.0019794  0.0001784
 0.0018847  0.0005117
 0.0018845  0.0005470
 0.0021124  0.0004872
 0.0024750  0.0007906
 0.0031720  0.0010179
 0.0034863  0.0012757
 0.0041539  0.0016861
 0.0043457  0.0020287
 0.0042944  0.0022891
 0.0043208  0.0023827
 0.0041666  0.0024821
 0.0038034  0.0023396
 0.0036726  0.0026087
 0.0033191  0.0024387
 0.0028498  0.0024676
 0.0024650  0.0025849
 0.0020673  0.0027209
 0.0015295  0.0026564
 0.0010270  0.0026491
 0.0008176  0.0024488
 0.0005576  0.0022143
 0.0006354  0.0019565
 0.0008760  0.0018221
 0.0008931  0.0016585
 0.0014093  0.0019632
 0.0014394  0.0020796
 0.0013885  0.0026893
 0.0012248  0.0027343
 0.0008693  0.0031463
 0.0004334  0.0031257
-0.0002970  0.0033375
-0.0011517  0.0030318
-0.0019322  0.0030347
-0.0026514  0.0028092
-0.0037266  0.0023839
-0.0045115  0.0020712
-0.0048577  0.0014246
-0.0050614  0.0009678
-0.0052920  0.0001252
-0.0053035 -0.0006984
-0.0050168 -0.0015820
-0.0045111 -0.0021887
-0.0041104 -0.0027953
-0.0038732 -0.0033154
-0.0036150 -0.0031529
-0.0033752 -0.0032673
-0.0032331 -0.0032554
-0.0030090 -0.0032944
-0.0026923 -0.0036200
-0.0024141 -0.0038067
-0.0019332 -0.0038289
-0.0014909 -0.0040147
-0.0009822 -0.0039113
-0.0008863 -0.0036812
-0.0007777 -0.0033901
-0.0008810 -0.0029839
-0.0010124 -0.0029786
-0.0012300 -0.0027370
-0.0011515 -0.0030307
-0.0013313 -0.0033002
-0.0013303 -0.0036559
-0.0011101 -0.0040601
-0.0007661 -0.0042522
-0.0003902 -0.0040029
 0.0002074 -0.0039563
 0.0005905 -0.0034381
 0.0009456 -0.0033446
 0.0014660 -0.0030109
 0.0016506 -0.0028379
 0.0020721 -0.0026867
 0.0025346 -0.0024693
 0.0030437 -0.0022794
 0.0033714 -0.0020719
 0.0038347 -0.0018165
 0.0042578 -0.0014439
 0.0044345 -0.0010918
 0.0046677 -0.0005637
 0.0047464 -0.0004386
 0.0050868  0.0000126
 0.0050202 -0.0000552
 0.0049737  0.0001267
 0.0050912  0.0006140
 0.0050537  0.0007741
 0.0048496  0.0010234
 0.0044842  0.0013308
 0.0046059  0.0015208
 0.0045952  0.0014754
 0.0045445  0.0017063
 0.0046097  0.0020552
 0.0047442  0.0022605
 0.0044740  0.0028591
 0.0043281  0.0033711
 0.0040285  0.0035641
 0.0039118  0.0040744
 0.0034757  0.0040922
 0.0032892  0.0040740
 0.0028099  0.0038907
 0.0025584  0.0034185
 0.0025559  0.0032086
 0.0023928  0.0028936
 0.0025038  0.0028177
 0.0023310  0.0022810
 0.0019961  0.0022267
 0.0018140  0.0020177
 0.0012985  0.0019394
 0.0011562  0.0014305
 0.0008875  0.0012744
 0.0006842  0.0012306
 0.0002679  0.0013115
 0.0001494  0.0012219
-0.0003057  0.0015368
-0.0008944  0.0015289
-0.0011358  0.0014853
-0.0016365  0.0013808
-0.0019132  0.0009322
-0.0020677  0.0006552
-0.0020398  0.0003868
-0.0017822  0.0001401
-0.0020639 -0.0000874
-0.0019195 -0.0002465
-0.0015374 -0.0005464
-0.0015751 -0.0010487
-0.0014094 -0.0015428
-0.0011816 -0.0023030
-0.0011949 -0.0027895
-0.0008164 -0.0030463
-0.0004837 -0.0032668
-0.0002777 -0.0028988
-0.0000914 -0.0026141
 0.0002298 -0.0018059
 0.0001852 -0.0008918
 0.0000554 -0.0004098
-0.0000955 -0.0003981
-0.0004696 -0.0000693
-0.0006975 -0.0003788
-0.0010233 -0.0009063
-0.0009858 -0.0012797
-0.0006789 -0.0017947
-0.0006341 -0.0022041
-0.0002534 -0.0026791
 0.0003063 -0.0032623
 0.0005477 -0.0031945
 0.0011455 -0.0033937
 0.0015039 -0.0033244
 0.0015485 -0.0029994
 0.0016626 -0.0029524
 0.0014966 -0.0028581
 0.0014948 -0.0025553
 0.0015047 -0.0025644
 0.0017700 -0.0022903
 0.0018180 -0.0022849
 0.0018273 -0.0021428
 0.0021246 -0.0022017
 0.0020974 -0.0021571
 0.0018396 -0.0019736
 0.0019741 -0.0017723
 0.0018707 -0.0017715
 0.0016139 -0.0013163
 0.0012094 -0.0009131
 0.0012698 -0.0008142
 0.0010935 -0.0002655
 0.0012439  0.0000773
 0.0011561  0.0003336
 0.0011696  0.0004382
 0.0009806  0.0010295
 0.0008520  0.0015156
 0.0006149  0.0019280
 0.0005053  0.0021495
 0.0001494  0.0022540
-0.0001032  0.0023967
-0.0001199  0.0022367
-0.0002839  0.0016541
 0.0000628  0.0017417
 0.0001811  0.0014361
 0.0006838  0.0013598
 0.0009349  0.0016688
 0.0012846  0.0016840
 0.0012216  0.0018083
 0.0013583  0.0022072
 0.0008790  0.0024628
 0.0007171  0.0025300
 0.0005504  0.0025639
 0.0002930  0.0025633
 0.0000639  0.0024387
 0.0002151  0.0023218
 0.0002613  0.0019005
 0.0003170  0.0018611
 0.0005055  0.0016411
 0.0002175  0.0016023
 0.0002576  0.0015262
 0.0001638  0.0014782
-0.0002751  0.0015547
-0.0005347  0.0015928
-0.0010818  0.0019104
-0.0013018  0.0017471
-0.0013812  0.0018173
-0.0017187  0.0018408
-0.0018243  0.0018729
-0.0021134  0.0019129
-0.0021489  0.0018881
-0.0020875  0.0018164
-0.0020187  0.0016743
-0.0019181  0.0015809
-0.0016837  0.0013843
-0.0015959  0.0014349
-0.0013037  0.0012807
-0.0011194  0.0010245
-0.0009363  0.0009567
-0.0011168  0.0008976
-0.0009892  0.0004252
-0.0009476  0.0002229
-0.0005446 -0.0003351
-0.0006946 -0.0004922
-0.0002243 -0.0008210
-0.0001063 -0.0006981
 0.0001468 -0.0006773
-0.0000934 -0.0005578
 0.0001208 -0.0005019
-0.0000500 -0.0006122
-0.0002242 -0.0006158
-0.0005292 -0.0009867
-0.0006566 -0.0011339
-0.0007570 -0.0010701
-0.0007572 -0.0011916
-0.0007594 -0.0012768
-0.0007600 -0.0013769
-0.0003373 -0.0013922
 0.0002126 -0.0012529
 0.0006238 -0.0011459
 0.0010599 -0.0010478
 0.0015107 -0.0006533
 0.0016569 -0.0000491
 0.0018313  0.0004419
 0.0017719  0.0011916
 0.0014861  0.0015845
 0.0016014  0.0018348
 0.0008496  0.0020054
 0.0008706  0.0019936
 0.0006194  0.0017835
 0.0005213  0.0018128
 0.0004771  0.0018166
 0.0004495  0.0016836
 0.0003810  0.0016547
 0.0002468  0.0016366
 0.0006691  0.0018669
 0.0007611  0.0020276
 0.0012097  0.0021683
 0.0018213  0.0025975
 0.0019933  0.0029463
 0.0021621  0.0033443
 0.0023438  0.0037057
 0.0022137  0.0039041
 0.0020216  0.0040765
 0.0016763  0.0042289
 0.0013316  0.0042675
 0.0007659  0.0044572
 0.0001724  0.0044082
-0.0003955  0.0043668
-0.0005877  0.0039733
-0.0007500  0.0037252
-0.0008477  0.0033507
-0.0007809  0.0032500
-0.0010358  0.0032052
-0.0011392  0.0032270
-0.0016261  0.0030754
-0.0019800  0.0029234
-0.0024980  0.0028013
-0.0031127  0.0026695
-0.0033259  0.0024045
-0.0037108  0.0021295
-0.0035964  0.0018940
-0.0035760  0.0016850
-0.0033850  0.0016802
-0.0033671  0.0013257
-0.0035774  0.0011935
-0.0035447  0.0009710
-0.0036703  0.0004003
-0.0040185  0.0002218
-0.0041263  0.0000347
-0.0040500 -0.0002849
-0.0039563 -0.0004911
-0.0039277 -0.0003380
-0.0037181 -0.0006451
-0.0035260 -0.0008367
-0.0033041 -0.0011720
-0.0032159 -0.0017915
-0.0029970 -0.0021474
-0.0025370 -0.0027597
-0.0024231 -0.0033415
-0.0022124 -0.0035633
-0.0020511 -0.0037351
-0.0018811 -0.0037537
-0.0018143 -0.0035587
-0.0018706 -0.0032995
-0.0018619 -0.0028782
-0.0018236 -0.0023881
-0.0015512 -0.0019837
-0.0016467 -0.0014828
-0.0017569 -0.0014118
-0.0014769 -0.0012741
-0.0015522 -0.0011862
-0.0013303 -0.0010409
-0.0010134 -0.0013655
-0.0006981 -0.0015872
-0.0004998 -0.0017077
-0.0000674 -0.0019154
 0.0000741 -0.0020647
 0.0003521 -0.0021745
 0.0005949 -0.0023315
 0.0003779 -0.0023227
 0.0004205 -0.0022268
 0.0001386 -0.0019692
-0.0001065 -0.0018741
-0.0003124 -0.0015263
-0.0004232 -0.0013945
-0.0003606 -0.0009094
-0.0004458 -0.0010088
-0.0000394 -0.0009541
-0.0002209 -0.0004187
 0.0001373  0.0000708
 0.0000985  0.0002511
 0.0004635  0.0010125
 0.0007384  0.0016305
 0.0007582  0.0020494
 0.0008705  0.0024154
 0.0006001  0.0026075
 0.0004166  0.0026845
 0.0002055  0.0025335
 0.0000327  0.0026209
-0.0002154  0.0023740
-0.0003550  0.0022321
-0.0008641  0.0020914
-0.0010548  0.0021140
-0.0012886  0.0021986
-0.0014907  0.0021708
-0.0015111  0.0021021
-0.0018291  0.0024885
-0.0020606  0.0025708
-0.0023461  0.0027820
-0.0026562  0.0032204
-0.0027091  0.0032039
-0.0030010  0.0031556
-0.0034430  0.0031659
-0.0036438  0.0031125
-0.0039004  0.0030176
-0.0040142  0.0027404
-0.0041390  0.0026552
-0.0041561  0.0025868
-0.0041763  0.0025014
-0.0041856  0.0024037
-0.0042813  0.0025072
-0.0044634  0.0023895
-0.0045976  0.0021200
-0.0046778  0.0021562
-0.0049124  0.0021572
-0.0050382  0.0021114
-0.0049480  0.0023326
-0.0050257  0.0025351
-0.0052490  0.0025452
-0.0051745  0.0025817
-0.0053400  0.0022361
-0.0054676  0.0020484
-0.0054996  0.0018580
-0.0054560  0.0014973
-0.0056671  0.0012621
-0.0055347  0.0008653
-0.0055422  0.0008142
-0.0057544  0.0006164
-0.0054382  0.0002939
-0.0053888 -0.0001912
-0.0051330 -0.0005843
-0.0048175 -0.0010239
-0.0040675 -0.0017478
-0.0034138 -0.0019584
-0.0026362 -0.0021122
-0.0022022 -0.0024164
-0.0022482 -0.0023209
-0.0020552 -0.0028087
-0.0017158 -0.0032796
-0.0017443 -0.0034403
-0.0012071 -0.0036133
-0.0008316 -0.0038459
-0.0005520 -0.0038259
-0.0002023 -0.0034306
 0.0000331 -0.0034876
-0.0001932 -0.0031557
-0.0001231 -0.0030418
-0.0004835 -0.0030542
-0.0006950 -0.0030279
-0.0007598 -0.0031717
-0.0006728 -0.0032209
-0.0004800 -0.0030891
 0.0000667 -0.0027173
 0.0003626 -0.0022665
 0.0006210 -0.0017305
 0.0008406 -0.0010954
 0.0011553 -0.0007482
 0.0012304 -0.0004735
 0.0011356 -0.0002627
 0.0012676 -0.0001592
 0.0012001 -0.0003820
 0.0011979 -0.0003950
 0.0011212 -0.0001592
 0.0009464 -0.0001711
 0.0010229  0.0001044
 0.0009823  0.0002841
 0.0009250  0.0005158
 0.0010598  0.0005766
 0.0006286  0.0005847
 0.0008810  0.0004539
 0.0009115  0.0001777
 0.0009098  0.0003130
 0.0011131  0.0005031
 0.0007019  0.0005879
 0.0002897  0.0009038
 0.0000041  0.0012854
-0.0003989  0.0014820
-0.0006001  0.0017495
-0.0008501  0.0019479
-0.0010152  0.0020773
-0.0008245  0.0024408
-0.0010580  0.0028663
-0.0011069  0.0029794
-0.0010318  0.0032832
-0.0010124  0.0035906
-0.0013667  0.0034540
-0.0013282  0.0034162
-0.0012470  0.0031962
-0.0011236  0.0030623
-0.0011493  0.0029497
-0.0010513  0.0030006
-0.0010858  0.0032227
-0.0014579  0.0031278
-0.0016390  0.0030628
-0.0018887  0.0030125
-0.0018931  0.0030038
-0.0019630  0.0030628
-0.0020926  0.0030255
-0.0019905  0.0030277
-0.0019744  0.0027731
-0.0021565  0.0027263
-0.0022948  0.0026306
-0.0024371  0.0024879
-0.0028693  0.0022660
-0.0031396  0.0024443
-0.0033310  0.0023793
-0.0037599  0.0021510
-0.0039323  0.0019714
-0.0043347  0.0015987
-0.0043819  0.0008927
-0.0046246  0.0004111
-0.0045990 -0.0003208
-0.0045655 -0.0005844
-0.0044850 -0.0014468
-0.0041535 -0.0019638
-0.0042007 -0.0025105
-0.0039312 -0.0031189
-0.0036989 -0.0034342
-0.0033018 -0.0037756
-0.0029810 -0.0037806
-0.0026244 -0.0036330
-0.0024094 -0.0033633
-0.0022624 -0.0030476
-0.0017852 -0.0028921
-0.0018605 -0.0026329
-0.0016986 -0.0025792
-0.0016344 -0.0024031
-0.0015454 -0.0024933
-0.0012093 -0.0026219
-0.0010243 -0.0025603
-0.0007019 -0.0027208
-0.0004853 -0.0027206
-0.0001267 -0.0022569
 0.0000875 -0.0019236
 0.0006343 -0.0017169
 0.0010074 -0.0014150
 0.0014073 -0.0011772
 0.0016269 -0.0007841
 0.0014535 -0.0006907
 0.0013580 -0.0007014
 0.0010813 -0.0005137
 0.0010153 -0.0006037
 0.0010585 -0.0005700
 0.0011382 -0.0001915
 0.0011948  0.0003785
 0.0011766  0.0007560
 0.0014423  0.0015098
 0.0012505  0.0022716
 0.0012662  0.0025207
 0.0009068  0.0029334
 0.0005509  0.0032519
-0.0001128  0.0035911
-0.0006716  0.0034121
-0.0012274  0.0034056
-0.0015363  0.0032926
-0.0015847  0.0032819
-0.0014804  0.0031474
-0.0015492  0.0030025
-0.0013970  0.0031415
-0.0015238  0.0030632
-0.0015329  0.0030440
-0.0015424  0.0034415
-0.0016758  0.0036357
-0.0018466  0.0037314
-0.0018847  0.0040245
-0.0017773  0.0041000
-0.0018074  0.0039375
-0.0016863  0.0037921
-0.0016776  0.0032390
-0.0016496  0.0027719
-0.0017915  0.0023599
-0.0018183  0.0019010
-0.0018946  0.0012512
-0.0020999  0.0009625
-0.0022822  0.0006373
-0.0023804  0.0000838
-0.0027905 -0.0002297
-0.0025802 -0.0006569
-0.0024330 -0.0010112
-0.0023258 -0.0012439
-0.0019299 -0.0016495
-0.0015470 -0.0017287
-0.0012728 -0.0017038
-0.0010153 -0.0021256
-0.0008092 -0.0022751
-0.0007761 -0.0021088
-0.0010914 -0.0020843
-0.0014362 -0.0020330
-0.0017004 -0.0021170
-0.0018583 -0.0020304
-0.0021738 -0.0020237
-0.0021710 -0.0019896
-0.0021605 -0.0018358
-0.0022019 -0.0014636
-0.0022217 -0.0014710
-0.0023551 -0.0013335
-0.0023969 -0.0013497
-0.0022328 -0.0016075
-0.0020503 -0.0017352
-0.0017582 -0.0018969
-0.0013998 -0.0022512
-0.0011421 -0.0021862
-0.0005082 -0.0020905
-0.0003848 -0.0018529
 0.0000756 -0.0018479
 0.0001316 -0.0012360
 0.0002765 -0.0009151
-0.0000110 -0.0006761
 0.0002654 -0.0003020
 0.0002634 -0.0002551
 0.0000726 -0.0003270
 0.0001007 -0.0003165
 0.0001128 -0.0007594
 0.0001241 -0.0010955
 0.0002682 -0.0012788
 0.0002987 -0.0011579
 0.0002858 -0.0009680
 0.0004751 -0.0009436
 0.0004951 -0.0006680
 0.0004453 -0.0002758
 0.0007495 -0.0001052
 0.0006826  0.0001253
 0.0009620  0.0006361
 0.0010769  0.0008825
 0.0011439  0.0008969
 0.0012774  0.0014941
 0.0010262  0.0016190
 0.0008916  0.0016796
 0.0007757  0.0016705
 0.0004287  0.0017563
 0.0003305  0.0016889
 0.0001010  0.0017680
 0.0000538  0.0021613
 0.0000437  0.0023621
 0.0000570  0.0026310
-0.0000393  0.0028890
-0.0002492  0.0032417
-0.0001255  0.0033384
 0.0000467  0.0036727
 0.0002769  0.0038546
 0.0006051  0.0037615
 0.0007315  0.0038360
 0.0005811  0.0039705
 0.0007834  0.0037873
 0.0005335  0.0038608
 0.0005238  0.0035451
 0.0003029  0.0035007
 0.0003675  0.0032524
 0.0001289  0.0029686
-0.0001424  0.0030960
-0.0003602  0.0030112
-0.0008108  0.0030110
-0.0009644  0.0029428
-0.0013853  0.0028971
-0.0017156  0.0031767
-0.0022159  0.0030754
-0.0024089  0.0032690
-0.0028338  0.0030230
-0.0031627  0.0027569
-0.0033823  0.0022306
-0.0033141  0.0015963
-0.0035113  0.0011468
-0.0033556  0.0004069
-0.0032367  0.0000213
-0.0028489 -0.0002090
-0.0027885 -0.0006314
-0.0027895 -0.0006237
-0.0027449 -0.0006532
-0.0028111 -0.0009059
-0.0025339 -0.0008591
-0.0028573 -0.0012338
-0.0027326 -0.0015435
-0.0025808 -0.0016943
-0.0024944 -0.0020296
-0.0022444 -0.0023877
-0.0018681 -0.0027038
-0.0017484 -0.0031907
-0.0015802 -0.0035934
-0.0010674 -0.0040660
-0.0008712 -0.0043984
-0.0006017 -0.0044900
-0.0004361 -0.0046102
-0.0004549 -0.0044158
-0.0006326 -0.0042868
-0.0009318 -0.0043210
-0.0011550 -0.0041215
-0.0012725 -0.0036363
-0.0014653 -0.0035793
-0.0016953 -0.0035032
-0.0016377 -0.0033207
-0.0011552 -0.0033510
-0.0009150 -0.0033248
-0.0003784 -0.0029109
-0.0000734 -0.0026901
 0.0002306 -0.0024940
 0.0009016 -0.0021870
 0.0011507 -0.0021137
 0.0012072 -0.0018137
 0.0016689 -0.0013693
 0.0019883 -0.0011261
 0.0021421 -0.0007994
 0.0022209 -0.0004456
 0.0025869 -0.0008519
 0.0029519 -0.0003717
 0.0034565 -0.0003687
 0.0036364 -0.0003215
 0.0040468 -0.0002389
 0.0043991  0.0000736
 0.0043617  0.0001303
 0.0042093  0.0005904
 0.0040000  0.0010888
 0.0039636  0.0012257
 0.0040486  0.0016760
 0.0040959  0.0016306
 0.0041621  0.0019028
 0.0042923  0.0021281
 0.0044439  0.0021493
 0.0045214  0.0020074
 0.0046076  0.0022081
 0.0045904  0.0021315
 0.0046230  0.0022079
 0.0045353  0.0023181
 0.0044316  0.0021818
 0.0042782  0.0023614
 0.0044088  0.0026723
 0.0041269  0.0026527
 0.0040926  0.0029396
 0.0040193  0.0032464
 0.0037633  0.0034073
 0.0033058  0.0034400
 0.0029331  0.0036831
 0.0024712  0.0034754
 0.0023745  0.0033089
 0.0022213  0.0031823
 0.0018668  0.0031785
 0.0015775  0.0029629
 0.0013653  0.0032718
 0.0011079  0.0033334
 0.0009149  0.0033809
 0.0005949  0.0031973
 0.0002184  0.0028132
 0.0002267  0.0022750
-0.0003117  0.0017479
-0.0006309  0.0011447
-0.0010435  0.0006558
-0.0011008  0.0002272
-0.0013950  0.0000948
-0.0015924 -0.0000960
-0.0016095 -0.0003128
-0.0018130 -0.0005231
-0.0018549 -0.0004264
-0.0017913 -0.0006943
-0.0016877 -0.0005528
-0.0014501 -0.0004369
-0.0012149 -0.0004783
-0.0012191 -0.0004832
-0.0011276 -0.0005989
-0.0010032 -0.0009451
-0.0009427 -0.0011758
-0.0010965 -0.0013127
-0.0013666 -0.0015917
-0.0013741 -0.0019488
-0.0015572 -0.0020672
-0.0014797 -0.0021284
-0.0013811 -0.0024174
-0.0009844 -0.0026393
-0.0008923 -0.0025937
-0.0002657 -0.0025584
 0.0000135 -0.0024544
 0.0001490 -0.0021670
 0.0006001 -0.0021371
 0.0011854 -0.0018882
 0.0016557 -0.0017931
 0.0020676 -0.0017717
 0.0023924 -0.0019336
 0.0026708 -0.0018950
 0.0029560 -0.0019227
 0.0032321 -0.0019677
 0.0032824 -0.0024590
 0.0037574 -0.0028113
 0.0040719 -0.0033854
 0.0043994 -0.0038558
 0.0050886 -0.0041027
 0.0057303 -0.0037670
 0.0059324 -0.0033584
 0.0061547 -0.0023743
 0.0060937 -0.0013413
 0.0058141 -0.0005502
 0.0054658  0.0001675
 0.0055488  0.0008288
 0.0051077  0.0013510
 0.0049236  0.0015293
 0.0045285  0.0015073
 0.0039519  0.0017214
 0.0035278  0.0017468
 0.0030772  0.0020910
 0.0026076  0.0021088
 0.0023289  0.0021481
 0.0022784  0.0023494
 0.0019986  0.0023482
 0.0019879  0.0026024
 0.0018485  0.0027663
 0.0017038  0.0031630
 0.0016810  0.0032460
 0.0013228  0.0035149
 0.0011462  0.0032585
 0.0012406  0.0030098
 0.0009871  0.0029707
 0.0009525  0.0027046
 0.0006767  0.0024941
 0.0003666  0.0026039
-0.0000119  0.0027703
-0.0003404  0.0029574
-0.0006476  0.0031510
-0.0006660  0.0033368
-0.0009226  0.0033099
-0.0008234  0.0034165
-0.0007837  0.0036281
-0.0008670  0.0034266
-0.0009744  0.0035498
-0.0008392  0.0036893
-0.0011083  0.0037410
-0.0014256  0.0036562
-0.0016749  0.0036972
-0.0019329  0.0035038
-0.0019343  0.0030054
-0.0018651  0.0025031
-0.0015514  0.0023085
-0.0012916  0.0019037
-0.0012320  0.0017497
-0.0010951  0.0016905
-0.0011970  0.0017113
-0.0013278  0.0017616
-0.0016599  0.0016695
-0.0017901  0.0013643
-0.0019782  0.0009848
-0.0018904  0.0006588
-0.0019568  0.0001000
-0.0015214 -0.0001606
-0.0010126 -0.0003456
-0.0007726 -0.0003407
-0.0005631 -0.0000813
-0.0004777 -0.0000337
-0.0004201  0.0002841
-0.0001807  0.0004872
-0.0001793  0.0004803
-0.0001026  0.0005586
-0.0000642  0.0005807
 0.0004447  0.0007250
 0.0007249  0.0009097
 0.0008238  0.0010930
 0.0008011  0.0011788
 0.0010359  0.0010656
 0.0010533  0.0009398
 0.0011066  0.0007501
 0.0012576  0.0008001
 0.0012722  0.0006824
 0.0014486  0.0007067
 0.0016136  0.0010983
 0.0018328  0.0012408
 0.0018118  0.0016524
 0.0018273  0.0019417
 0.0015154  0.0021995
 0.0012225  0.0019704
 0.0011716  0.0016157
 0.0008712  0.0011365
 0.0007949  0.0006455
 0.0009978 -0.0000669
 0.0012489 -0.0000898
 0.0013593 -0.0004673
 0.0017752 -0.0005559
 0.0018538 -0.0003480
 0.0020383 -0.0000426
 0.0020199 -0.0001362
 0.0016376  0.0001131
 0.0013481  0.0003370
 0.0009916  0.0003543
 0.0004715  0.0003854
 0.0002291  0.0006907
-0.0002048  0.0007086
-0.0004745  0.0008471
-0.0007440  0.0009018
-0.0007947  0.0008989
-0.0009297  0.0009088
