[PARAMETERS]
DW=1E-007
TAU=4E-005
TD=4096
BS=4096
NS=256
NSC=256
FR=56.120000
GAIN=4.974204
D0=0.05
D1=5E-006
D2=1E-005
D3=2.5E-005
D4=1E-005
D5=5E-005
D6=0.001
D7=0.001
D8=0.001
D9=0.05
C0=1
SEGTD=0
SEGOFF=0
SEGNUM=0
[ADDITIONAL]
PPFILE=ZG_TWO_T2.PC
DATEWR=27.09.2024
TIMEWR=14:05:12
DATESTA=27.09.2024
TIMESTA=14:04:52
DATEEND=27.09.2024
TIMEEND=14:05:12
CURR_Z0=0
CURR_Z1=1
TE=-1
[VARIABLES]
_USER=Measurements
_EMAIL_F=7NMR.NMR-270-ijs.si
_ITC_H=1
_ITC_R0= 70.00
_ITC_R1= 70.01
_ITC_R2= 70.67
_ITC_R3=  0.00
_ITC_R4=  0.01
_ITC_V=  9.99
_ITC_X=X0A1C1S00H1
_FW=100
_ORIENT=?
_THETA=0
_TITLE=?
_DESCR1=?
_DESCR2=?
_FR_LARM=56.12000000
_FR_SYNT=526.12000000
_TRIMLEV=1.66015625
_DATE=27.09.2024
_TIME=14:04:44
[PPFILE]
; pi/2 - pi


DELAY D9
PULSE [GT] 3u
PULSE [PHL1,GT] D1
DELAY TAU-3u
PULSE [GT] 3u
PULSE [PHL2,GT] 2*D1
DELAY TAU-D3
PULSE [TR] 1u+DW
DELAY 1m
STOP

;PHL 1 [+X] [+X] [+Y] [+Y] [-X] [-X] [-Y] [-Y]
;PHL 2 [+Y] [-Y] [-X] [+X] [-Y] [+Y] [+X] [-X]
;!RLS +X+X+Y+Y-X-X-Y-Y

PHL 1 [+X] [+X] [-X] [-X] [+Y] [+Y] [-Y] [-Y] [+X] [+X] [-X] [-X] [+Y] [+Y] [-Y] [-Y]
PHL 2 [+Y] [-Y] [-Y] [+Y] [-X] [+X] [+X] [-X] [+X] [-X] [-X] [+X] [-Y] [+Y] [+Y] [-Y]
!RLS +X+X-X-X+Y+Y-Y-Y-X-X+X+X-Y-Y+Y+Y
[DATA]
 0.0008835 -0.0005884
 0.0006429 -0.0006201
 0.0005464 -0.0005066
 0.0003637 -0.0008446
 0.0002286 -0.0007003
 0.0003322 -0.0006744
 0.0002371 -0.0006270
 0.0000263 -0.0006829
 0.0001010 -0.0006956
 0.0002548 -0.0007433
 0.0001204 -0.0009248
 0.0001802 -0.0008666
 0.0002371 -0.0009617
 0.0002452 -0.0009122
 0.0004204 -0.0010108
 0.0003152 -0.0010271
 0.0003522 -0.0007035
 0.0003934 -0.0011184
 0.0004121 -0.0011244
 0.0004012 -0.0010507
 0.0003078 -0.0009167
 0.0004812 -0.0010497
 0.0003845 -0.0007616
 0.0004121 -0.0008943
 0.0003481 -0.0008961
 0.0006162 -0.0008759
 0.0004620 -0.0007709
 0.0003958 -0.0008192
 0.0004529 -0.0005917
 0.0006086 -0.0007905
 0.0003694 -0.0007721
 0.0004572 -0.0006874
 0.0004852 -0.0004288
 0.0005630 -0.0007168
 0.0002753 -0.0007263
 0.0003557 -0.0005267
 0.0003246 -0.0005448
 0.0003736 -0.0005372
 0.0004324 -0.0006034
 0.0004404 -0.0004902
 0.0001049 -0.0002596
 0.0002598 -0.0005862
 0.0001269 -0.0001466
 0.0001094 -0.0002225
-0.0000236 -0.0000325
-0.0001393  0.0000545
-0.0003002  0.0000349
-0.0003676 -0.0000343
-0.0001651 -0.0000628
-0.0001262 -0.0000993
-0.0002231 -0.0001645
-0.0002899 -0.0001193
 0.0001996 -0.0000798
 0.0000289 -0.0001843
 0.0000930 -0.0002435
 0.0001227 -0.0006442
-0.0000341 -0.0006815
 0.0001669 -0.0009729
 0.0003577 -0.0012599
-0.0000190 -0.0014440
 0.0005351 -0.0015104
 0.0006702 -0.0017414
 0.0006673 -0.0016855
 0.0005718 -0.0015886
 0.0005139 -0.0016053
 0.0007568 -0.0014705
 0.0011028 -0.0014781
 0.0010374 -0.0012960
 0.0012007 -0.0007799
 0.0010481 -0.0006093
 0.0008926 -0.0005526
 0.0009586 -0.0002098
 0.0011018 -0.0004411
 0.0008494 -0.0002691
 0.0010026 -0.0001834
 0.0006893 -0.0000774
 0.0005083  0.0001453
 0.0002047  0.0002610
-0.0000384  0.0003183
-0.0002259  0.0005303
-0.0003983  0.0005864
-0.0008577  0.0003377
-0.0008095  0.0003159
-0.0009666  0.0001437
-0.0012655 -0.0000968
-0.0009983 -0.0001708
-0.0010570 -0.0005334
-0.0008959 -0.0005112
-0.0005049 -0.0004118
-0.0003010 -0.0003702
-0.0002655 -0.0000872
 0.0000698  0.0002637
-0.0000337  0.0002680
-0.0001478  0.0004921
 0.0000159  0.0007713
 0.0000482  0.0009475
 0.0000577  0.0013713
 0.0004788  0.0018519
 0.0006119  0.0021033
 0.0006995  0.0023039
 0.0009670  0.0025934
 0.0011569  0.0027790
 0.0010788  0.0030158
 0.0011922  0.0030366
 0.0011472  0.0031042
 0.0009425  0.0031976
 0.0008842  0.0027390
 0.0009056  0.0025010
 0.0008487  0.0026118
 0.0009647  0.0024204
 0.0009662  0.0024182
 0.0010893  0.0028457
 0.0010057  0.0029465
 0.0007158  0.0030003
 0.0005125  0.0033746
 0.0005032  0.0032880
 0.0003506  0.0033443
 0.0003993  0.0034202
 0.0004195  0.0028164
 0.0005909  0.0028352
 0.0007128  0.0026313
 0.0006351  0.0020002
 0.0005836  0.0020471
 0.0008795  0.0018087
 0.0008238  0.0018085
 0.0009189  0.0021246
 0.0010553  0.0026024
 0.0008856  0.0028231
 0.0009235  0.0033409
 0.0008016  0.0037333
 0.0005757  0.0037525
 0.0006630  0.0042511
 0.0007732  0.0045349
 0.0007464  0.0047715
 0.0006973  0.0048611
 0.0006253  0.0050676
 0.0006624  0.0051806
 0.0003430  0.0051291
 0.0003127  0.0050551
-0.0000836  0.0051318
-0.0003466  0.0053177
-0.0006797  0.0052540
-0.0012183  0.0054365
-0.0014103  0.0056117
-0.0018702  0.0056767
-0.0021877  0.0057156
-0.0019671  0.0055513
-0.0019089  0.0052505
-0.0017349  0.0053419
-0.0012102  0.0055700
-0.0007728  0.0057462
-0.0002409  0.0062574
 0.0000330  0.0067699
 0.0001892  0.0075356
 0.0003170  0.0081874
 0.0001696  0.0087937
 0.0000977  0.0095642
-0.0001563  0.0103532
-0.0002503  0.0107935
-0.0001773  0.0114197
-0.0002176  0.0119835
-0.0001139  0.0124327
 0.0002268  0.0128933
 0.0004735  0.0131608
 0.0004901  0.0134658
 0.0006021  0.0139780
 0.0008048  0.0141541
 0.0009980  0.0143883
 0.0017288  0.0146418
 0.0020869  0.0146721
 0.0026952  0.0150200
 0.0030705  0.0151058
 0.0038418  0.0153747
 0.0043607  0.0155297
 0.0048123  0.0155612
 0.0050658  0.0157051
 0.0053642  0.0156385
 0.0056053  0.0157389
 0.0055386  0.0155102
 0.0058445  0.0153961
 0.0061299  0.0151111
 0.0066029  0.0149312
 0.0072638  0.0146369
 0.0079656  0.0142653
 0.0085427  0.0138951
 0.0091615  0.0135216
 0.0099096  0.0132648
 0.0103907  0.0131318
 0.0105924  0.0129142
 0.0104981  0.0124908
 0.0102220  0.0123469
 0.0101766  0.0121628
 0.0099769  0.0119131
 0.0096265  0.0115929
 0.0095009  0.0118024
 0.0093885  0.0118024
 0.0092845  0.0118488
 0.0091705  0.0119972
 0.0088933  0.0122946
 0.0086955  0.0125449
 0.0088867  0.0132349
 0.0084950  0.0138944
 0.0084866  0.0149581
 0.0084195  0.0162794
 0.0084565  0.0174708
 0.0083119  0.0191179
 0.0082443  0.0206301
 0.0080138  0.0222937
 0.0079550  0.0237298
 0.0077651  0.0252844
 0.0076881  0.0269608
 0.0075256  0.0287155
 0.0076415  0.0305875
 0.0078093  0.0321471
 0.0081753  0.0345141
 0.0083223  0.0366430
 0.0087089  0.0391138
 0.0091338  0.0417001
 0.0099121  0.0444216
 0.0105454  0.0472730
 0.0115804  0.0502325
 0.0123747  0.0533996
 0.0136071  0.0569552
 0.0147548  0.0605118
 0.0158830  0.0642004
 0.0169546  0.0679464
 0.0180818  0.0717511
 0.0192280  0.0755568
 0.0206413  0.0791398
 0.0223257  0.0831295
 0.0240691  0.0871162
 0.0262233  0.0916711
 0.0284085  0.0960996
 0.0310272  0.1007271
 0.0338924  0.1058374
 0.0367233  0.1107078
 0.0398277  0.1157376
 0.0428088  0.1207055
 0.0460843  0.1256423
 0.0492156  0.1305315
 0.0531696  0.1354913
 0.0568268  0.1405727
 0.0607913  0.1454954
 0.0651421  0.1507266
 0.0695801  0.1560924
 0.0740304  0.1616098
 0.0785358  0.1674617
 0.0831351  0.1727916
 0.0879480  0.1781328
 0.0927697  0.1835686
 0.0979284  0.1889009
 0.1032281  0.1943761
 0.1084716  0.1998507
 0.1137356  0.2052424
 0.1189028  0.2109905
 0.1241555  0.2165142
 0.1290532  0.2219519
 0.1339219  0.2276300
 0.1389391  0.2330483
 0.1438586  0.2382865
 0.1490217  0.2436246
 0.1541572  0.2487080
 0.1595204  0.2536202
 0.1651351  0.2587280
 0.1707575  0.2639079
 0.1762434  0.2691612
 0.1821327  0.2745607
 0.1877698  0.2800234
 0.1938000  0.2855087
 0.1996511  0.2910106
 0.2054360  0.2966285
 0.2114571  0.3025902
 0.2171358  0.3087722
 0.2227054  0.3148092
 0.2282890  0.3211835
 0.2337489  0.3274696
 0.2394708  0.3338485
 0.2452762  0.3399388
 0.2511699  0.3464787
 0.2573333  0.3527767
 0.2638231  0.3594593
 0.2703979  0.3661417
 0.2772156  0.3731599
 0.2841766  0.3802862
 0.2912702  0.3877382
 0.2981301  0.3950749
 0.3052964  0.4022781
 0.3124244  0.4098330
 0.3199563  0.4175420
 0.3269694  0.4249711
 0.3343162  0.4325613
 0.3419383  0.4403460
 0.3494823  0.4481657
 0.3572457  0.4558914
 0.3654381  0.4632832
 0.3737349  0.4707146
 0.3823131  0.4779812
 0.3913045  0.4848780
 0.4002685  0.4920698
 0.4093114  0.4992258
 0.4184022  0.5059645
 0.4272431  0.5129622
 0.4363350  0.5196789
 0.4453073  0.5261350
 0.4545686  0.5324775
 0.4638189  0.5384737
 0.4731930  0.5442967
 0.4825785  0.5498328
 0.4918029  0.5551586
 0.5012109  0.5600563
 0.5105780  0.5649234
 0.5198787  0.5693317
 0.5290825  0.5735018
 0.5382968  0.5772322
 0.5474873  0.5805962
 0.5564185  0.5836385
 0.5653714  0.5863048
 0.5741612  0.5882632
 0.5829826  0.5896663
 0.5915427  0.5908462
 0.5997908  0.5917100
 0.6075872  0.5924004
 0.6149818  0.5927073
 0.6222519  0.5929201
 0.6292460  0.5924210
 0.6359484  0.5919797
 0.6424304  0.5908379
 0.6484452  0.5894105
 0.6545535  0.5875890
 0.6601331  0.5852907
 0.6654514  0.5827973
 0.6701859  0.5801510
 0.6745208  0.5771827
 0.6782275  0.5737502
 0.6819151  0.5698422
 0.6850603  0.5654427
 0.6879934  0.5607940
 0.6904568  0.5558285
 0.6929701  0.5504157
 0.6947646  0.5451347
 0.6961551  0.5396450
 0.6975101  0.5339344
 0.6980887  0.5284354
 0.6980822  0.5227909
 0.6981356  0.5168960
 0.6976608  0.5110963
 0.6965973  0.5053425
 0.6956114  0.4993697
 0.6938311  0.4934316
 0.6920279  0.4871497
 0.6898152  0.4807247
 0.6877458  0.4742873
 0.6849886  0.4680567
 0.6822004  0.4615875
 0.6787058  0.4551043
 0.6750844  0.4485836
 0.6708953  0.4417086
 0.6662868  0.4348362
 0.6619069  0.4278566
 0.6573046  0.4210024
 0.6526668  0.4141652
 0.6482762  0.4075869
 0.6436541  0.4012178
 0.6387658  0.3948265
 0.6341435  0.3885518
 0.6293199  0.3821401
 0.6244473  0.3757374
 0.6194772  0.3692916
 0.6146227  0.3628926
 0.6094020  0.3566047
 0.6040756  0.3505549
 0.5985866  0.3443921
 0.5927256  0.3384855
 0.5869889  0.3321996
 0.5812156  0.3262839
 0.5750512  0.3201219
 0.5690194  0.3140454
 0.5633342  0.3079005
 0.5574498  0.3016227
 0.5518420  0.2952376
 0.5463070  0.2890726
 0.5407458  0.2826408
 0.5350772  0.2763899
 0.5292003  0.2700525
 0.5232549  0.2637931
 0.5169978  0.2575160
 0.5103257  0.2511909
 0.5036668  0.2451880
 0.4970457  0.2388825
 0.4903397  0.2321452
 0.4833067  0.2256336
 0.4767529  0.2186433
 0.4704086  0.2118927
 0.4638338  0.2051606
 0.4572239  0.1984069
 0.4505699  0.1920784
 0.4439044  0.1860365
 0.4374909  0.1801103
 0.4309226  0.1745309
 0.4240579  0.1689796
 0.4172243  0.1635520
 0.4099655  0.1580560
 0.4025139  0.1524686
 0.3951508  0.1467822
 0.3879405  0.1410904
 0.3806050  0.1352165
 0.3731077  0.1294106
 0.3658487  0.1240051
 0.3584369  0.1186692
 0.3507831  0.1133839
 0.3431008  0.1082263
 0.3355729  0.1030565
 0.3278520  0.0979925
 0.3200538  0.0928813
 0.3124406  0.0880333
 0.3044159  0.0831088
 0.2965065  0.0784635
 0.2887815  0.0738176
 0.2809518  0.0690625
 0.2734435  0.0645371
 0.2661083  0.0602418
 0.2586953  0.0559860
 0.2518207  0.0520030
 0.2446479  0.0480333
 0.2377335  0.0444921
 0.2309544  0.0413103
 0.2239958  0.0381343
 0.2170944  0.0352368
 0.2102010  0.0327127
 0.2033402  0.0300952
 0.1967204  0.0272940
 0.1901738  0.0250974
 0.1838597  0.0225781
 0.1773463  0.0200950
 0.1711550  0.0178797
 0.1651253  0.0156871
 0.1593953  0.0134550
 0.1539389  0.0116428
 0.1488585  0.0099755
 0.1437754  0.0084227
 0.1391155  0.0073772
 0.1343018  0.0062461
 0.1295550  0.0052394
 0.1247593  0.0045098
 0.1203776  0.0037011
 0.1157852  0.0027507
 0.1114584  0.0022092
 0.1072502  0.0017828
 0.1031857  0.0013704
 0.0994740  0.0009356
 0.0955058  0.0003671
 0.0918923 -0.0000363
 0.0879888 -0.0004598
 0.0844334 -0.0011119
 0.0811542 -0.0011789
 0.0778839 -0.0014661
 0.0749406 -0.0015778
 0.0721771 -0.0016329
 0.0693741 -0.0017935
 0.0671789 -0.0016171
 0.0648204 -0.0020019
 0.0628061 -0.0020879
 0.0609667 -0.0021565
 0.0592891 -0.0021957
 0.0578477 -0.0016896
 0.0563712 -0.0014124
 0.0547796 -0.0010476
 0.0530233 -0.0002805
 0.0513080 -0.0000881
 0.0499484  0.0001794
 0.0482593  0.0003243
 0.0464578  0.0004210
 0.0448876  0.0001140
 0.0434761 -0.0000001
 0.0419774 -0.0002117
 0.0404900 -0.0003853
 0.0394152 -0.0006620
 0.0381464 -0.0004793
 0.0370644 -0.0003023
 0.0360471 -0.0002712
 0.0349068 -0.0000689
 0.0341207 -0.0000404
 0.0335441  0.0001802
 0.0326036  0.0003405
 0.0319978  0.0004970
 0.0311236  0.0005289
 0.0300301  0.0006664
 0.0290683  0.0007294
 0.0279179  0.0006945
 0.0269127  0.0003781
 0.0257613  0.0002249
 0.0249102 -0.0001116
 0.0241459 -0.0001726
 0.0234363 -0.0003264
 0.0226920 -0.0003291
 0.0219077 -0.0004486
 0.0213138 -0.0002203
 0.0204157 -0.0005086
 0.0195989 -0.0005104
 0.0188692 -0.0007212
 0.0181388 -0.0008641
 0.0173513 -0.0010373
 0.0169067 -0.0011013
 0.0165805 -0.0013768
 0.0159198 -0.0012569
 0.0156141 -0.0012633
 0.0148012 -0.0009458
 0.0140276 -0.0007429
 0.0129654 -0.0005626
 0.0119829 -0.0003294
 0.0115467 -0.0003224
 0.0107255 -0.0002150
 0.0099816 -0.0003672
 0.0096108 -0.0002478
 0.0090082 -0.0002371
 0.0086426 -0.0001196
 0.0085289 -0.0001471
 0.0086450 -0.0004081
 0.0085590 -0.0006399
 0.0086638 -0.0007093
 0.0088632 -0.0012429
 0.0087175 -0.0016194
 0.0084746 -0.0018922
 0.0083486 -0.0024112
 0.0081243 -0.0025761
 0.0078162 -0.0026405
 0.0073993 -0.0026423
 0.0069556 -0.0025168
 0.0066950 -0.0023835
 0.0064243 -0.0023076
 0.0062193 -0.0018476
 0.0062266 -0.0018010
 0.0063295 -0.0017333
 0.0064428 -0.0015710
 0.0064789 -0.0016275
 0.0065617 -0.0016929
 0.0065693 -0.0019406
 0.0068925 -0.0020147
 0.0068828 -0.0020050
 0.0069597 -0.0018128
 0.0066725 -0.0016188
 0.0062039 -0.0011798
 0.0056989 -0.0009409
 0.0054140 -0.0008834
 0.0050481 -0.0007417
 0.0048076 -0.0003870
 0.0043875 -0.0002201
 0.0044840 -0.0000202
 0.0043569  0.0001101
 0.0043385  0.0002432
 0.0042097  0.0004245
 0.0038651  0.0006215
 0.0037363  0.0005746
 0.0036513  0.0003387
 0.0035271 -0.0000172
 0.0036218 -0.0000612
 0.0039872 -0.0002621
 0.0043413 -0.0003116
 0.0044677 -0.0002754
 0.0046300  0.0000300
 0.0049824  0.0002092
 0.0049346  0.0002771
 0.0048536  0.0003235
 0.0045153  0.0005450
 0.0043594  0.0004602
 0.0041155  0.0005460
 0.0037176  0.0006429
 0.0035117  0.0006120
 0.0033899  0.0004499
 0.0032031  0.0005559
 0.0027291  0.0005403
 0.0021816  0.0008010
 0.0017718  0.0008353
 0.0011894  0.0010788
 0.0007790  0.0009660
 0.0006987  0.0008251
 0.0010121  0.0004518
 0.0013290  0.0000117
 0.0019064 -0.0002364
 0.0022710 -0.0002961
 0.0025859 -0.0004797
 0.0027014 -0.0004252
 0.0026392 -0.0002144
 0.0028408 -0.0000892
 0.0027649 -0.0001664
 0.0029392  0.0002261
 0.0024733  0.0003496
 0.0025417  0.0006165
 0.0021347  0.0010176
 0.0018503  0.0010331
 0.0016293  0.0011187
 0.0011312  0.0013192
 0.0007679  0.0012649
 0.0003960  0.0007005
 0.0002257  0.0004929
 0.0004841  0.0004275
 0.0006115  0.0000590
 0.0009209  0.0000774
 0.0008974  0.0003681
 0.0009436  0.0001222
 0.0005647  0.0003913
 0.0002155  0.0005625
-0.0002308  0.0004561
-0.0006309  0.0002821
-0.0009289  0.0000376
-0.0012914 -0.0006540
-0.0010815 -0.0014129
-0.0008540 -0.0019923
-0.0004294 -0.0023970
-0.0001075 -0.0026874
-0.0000627 -0.0025404
-0.0000251 -0.0027516
-0.0001876 -0.0025804
-0.0003441 -0.0025911
-0.0005264 -0.0029771
-0.0004511 -0.0029942
-0.0005210 -0.0031285
-0.0004935 -0.0036174
-0.0001433 -0.0035989
-0.0001259 -0.0034559
 0.0001333 -0.0033017
 0.0001939 -0.0029200
 0.0002607 -0.0021188
 0.0003974 -0.0016304
 0.0005518 -0.0013060
 0.0003396 -0.0010264
 0.0000885 -0.0011498
 0.0000204 -0.0012406
-0.0000902 -0.0016800
-0.0001118 -0.0020317
-0.0000200 -0.0023411
 0.0003407 -0.0026577
 0.0004469 -0.0024075
 0.0007845 -0.0021441
 0.0004922 -0.0020601
 0.0006131 -0.0022816
 0.0006471 -0.0023048
 0.0004947 -0.0024520
 0.0005048 -0.0027603
 0.0008576 -0.0027982
 0.0010147 -0.0027086
 0.0015492 -0.0024839
 0.0019517 -0.0020096
 0.0023779 -0.0016410
 0.0025265 -0.0013137
 0.0027607 -0.0008518
 0.0029866 -0.0004231
 0.0032570 -0.0004065
 0.0034600 -0.0002828
 0.0035073  0.0000476
 0.0035345  0.0000058
 0.0036736  0.0003896
 0.0033538  0.0004465
 0.0029371  0.0004661
 0.0024817  0.0006565
 0.0019497  0.0007826
 0.0015952  0.0008297
 0.0014606  0.0012536
 0.0010944  0.0016743
 0.0009801  0.0017597
 0.0007786  0.0020165
 0.0004205  0.0021555
 0.0002455  0.0022613
 0.0000139  0.0021352
-0.0001409  0.0017306
-0.0001791  0.0014100
-0.0005532  0.0009460
-0.0006188  0.0007201
-0.0007385  0.0003989
-0.0011226  0.0002080
-0.0013425  0.0001240
-0.0011577 -0.0000763
-0.0013497 -0.0005359
-0.0011977 -0.0007875
-0.0008602 -0.0012251
-0.0007558 -0.0013850
-0.0005168 -0.0017571
-0.0002893 -0.0020284
-0.0001670 -0.0021457
 0.0000234 -0.0022797
 0.0004919 -0.0020769
 0.0005846 -0.0016772
 0.0008137 -0.0015494
 0.0010717 -0.0013287
 0.0012410 -0.0010188
 0.0014183 -0.0011819
 0.0014853 -0.0012855
 0.0011981 -0.0008846
 0.0012859 -0.0010776
 0.0010390 -0.0010596
 0.0007574 -0.0009078
 0.0006621 -0.0010340
 0.0007669 -0.0011117
 0.0005244 -0.0011414
 0.0005054 -0.0009866
 0.0003996 -0.0010185
 0.0001893 -0.0005225
 0.0001227 -0.0005332
 0.0000355 -0.0002494
-0.0000903 -0.0001856
-0.0002819 -0.0000140
-0.0006095  0.0002436
-0.0006311  0.0004309
-0.0007838  0.0008625
-0.0009364  0.0011859
-0.0009182  0.0014140
-0.0010405  0.0017154
-0.0011007  0.0019825
-0.0009196  0.0018666
-0.0008113  0.0016401
-0.0009001  0.0011902
-0.0007132  0.0006267
-0.0006203  0.0003534
-0.0005576  0.0000405
-0.0002980 -0.0003297
-0.0001328 -0.0004782
-0.0000072 -0.0005618
 0.0001290 -0.0006016
 0.0003610 -0.0005053
 0.0004304 -0.0002410
 0.0005328 -0.0000315
 0.0001571  0.0003462
 0.0000194  0.0005864
-0.0001645  0.0007772
-0.0006478  0.0009221
-0.0007278  0.0008864
-0.0009844  0.0011146
-0.0010590  0.0013621
-0.0011422  0.0016132
-0.0011848  0.0020501
-0.0012463  0.0022029
-0.0015089  0.0021032
-0.0015180  0.0025336
-0.0018410  0.0020911
-0.0015606  0.0018902
-0.0017992  0.0016312
-0.0019910  0.0016794
-0.0017846  0.0014721
-0.0021175  0.0012699
-0.0021062  0.0009323
-0.0022947  0.0008721
-0.0024368  0.0005061
-0.0024372  0.0005134
-0.0025900  0.0004863
-0.0028181  0.0000566
-0.0032110 -0.0001897
-0.0032675 -0.0004947
-0.0035057 -0.0007725
-0.0032477 -0.0007745
-0.0030154 -0.0005555
-0.0030055 -0.0004542
-0.0029500  0.0002057
-0.0026924  0.0007978
-0.0027994  0.0011882
-0.0025602  0.0014085
-0.0024277  0.0013253
-0.0021473  0.0012502
-0.0021158  0.0012246
-0.0016719  0.0011202
-0.0017577  0.0014137
-0.0017484  0.0012514
-0.0016913  0.0012975
-0.0019420  0.0015629
-0.0022222  0.0015639
-0.0022444  0.0014111
-0.0024294  0.0012962
-0.0024762  0.0011420
-0.0023040  0.0005943
-0.0021237  0.0004368
-0.0021786 -0.0001230
-0.0021514 -0.0004619
-0.0020662 -0.0007341
-0.0022592 -0.0010141
-0.0022006 -0.0011286
-0.0021468 -0.0011229
-0.0020335 -0.0010056
-0.0020071 -0.0009467
-0.0015198 -0.0009988
-0.0010886 -0.0008270
-0.0007440 -0.0006546
-0.0003425 -0.0003300
-0.0001303  0.0000257
-0.0003798  0.0002664
-0.0004283  0.0007448
-0.0007533  0.0006798
-0.0010123  0.0005660
-0.0006471  0.0005377
-0.0005407  0.0006251
-0.0004034  0.0007436
-0.0000057  0.0011084
 0.0002887  0.0013876
 0.0002265  0.0017498
 0.0003017  0.0019468
 0.0002359  0.0024714
 0.0000385  0.0026489
-0.0002882  0.0030005
-0.0001957  0.0031436
-0.0003237  0.0032034
-0.0002814  0.0031004
-0.0004469  0.0031641
-0.0003506  0.0030276
-0.0003203  0.0027531
-0.0005571  0.0024614
-0.0009423  0.0020193
-0.0009372  0.0014922
-0.0008062  0.0010412
-0.0007721  0.0007806
-0.0005899  0.0004362
-0.0002293  0.0005535
-0.0002584  0.0009004
 0.0000751  0.0013441
 0.0001524  0.0017379
 0.0001542  0.0024496
-0.0000363  0.0030911
-0.0003226  0.0034377
-0.0007540  0.0038152
-0.0011190  0.0039666
-0.0013794  0.0039922
-0.0017833  0.0039613
-0.0017068  0.0038079
-0.0018916  0.0037966
-0.0019103  0.0035372
-0.0018912  0.0034849
-0.0019499  0.0030939
-0.0019107  0.0028020
-0.0016509  0.0022006
-0.0016893  0.0019616
-0.0014791  0.0014154
-0.0010824  0.0008695
-0.0006442  0.0005911
-0.0006718  0.0004752
-0.0002025  0.0002814
-0.0000874  0.0002996
-0.0000111  0.0002213
 0.0000109 -0.0000398
 0.0003474  0.0000930
 0.0003313  0.0001189
 0.0005629 -0.0001145
 0.0005853 -0.0000980
 0.0006166 -0.0001769
 0.0008372 -0.0002161
 0.0008595 -0.0002205
 0.0007708 -0.0001350
 0.0005203  0.0000643
 0.0006511 -0.0000990
 0.0006008  0.0000348
 0.0001536  0.0001129
 0.0002152 -0.0000199
 0.0001278  0.0000104
-0.0001064  0.0000306
-0.0002510 -0.0003604
-0.0005647 -0.0005328
-0.0005740 -0.0004759
-0.0006127 -0.0004472
-0.0005057 -0.0005520
-0.0003400 -0.0004373
 0.0000733 -0.0002470
 0.0001887  0.0001667
 0.0004175  0.0003096
 0.0004168  0.0006831
 0.0003072  0.0008125
 0.0003239  0.0008724
 0.0002489  0.0006831
 0.0002592  0.0006678
 0.0002779  0.0002283
 0.0005977  0.0000914
 0.0008604 -0.0000907
 0.0010519 -0.0000093
 0.0013606 -0.0001264
 0.0016856 -0.0000705
 0.0018467  0.0002079
 0.0017952  0.0001017
 0.0018499  0.0001215
 0.0021806  0.0002862
 0.0020164  0.0001915
 0.0021111  0.0002416
 0.0023955  0.0003579
 0.0025397  0.0001213
 0.0026174  0.0002469
 0.0025685  0.0004324
 0.0026560  0.0004143
 0.0024155  0.0006081
 0.0024014  0.0005810
 0.0022387  0.0003531
 0.0019183  0.0004506
 0.0018222  0.0005067
 0.0018801  0.0004638
 0.0014963  0.0007985
 0.0012767  0.0012874
 0.0009269  0.0014334
 0.0007121  0.0019046
 0.0005545  0.0022423
 0.0003090  0.0020929
 0.0002543  0.0022007
 0.0001225  0.0020003
-0.0002019  0.0015976
-0.0002693  0.0016333
-0.0006621  0.0014800
-0.0007772  0.0015315
-0.0009977  0.0015876
-0.0010080  0.0016363
-0.0009655  0.0016708
-0.0008878  0.0019193
-0.0010091  0.0018985
-0.0010941  0.0018106
-0.0012253  0.0015758
-0.0011666  0.0011826
-0.0010989  0.0007591
-0.0009564 -0.0000202
-0.0004533 -0.0006731
-0.0001065 -0.0012046
 0.0004880 -0.0014751
 0.0007779 -0.0015460
 0.0008928 -0.0013754
 0.0008744 -0.0013791
 0.0007886 -0.0012263
 0.0006923 -0.0014380
 0.0004325 -0.0014566
 0.0002506 -0.0018250
 0.0000174 -0.0019026
-0.0000984 -0.0019726
-0.0003066 -0.0019341
-0.0004449 -0.0020487
-0.0005913 -0.0021715
-0.0004980 -0.0020406
-0.0005856 -0.0021222
-0.0005067 -0.0019826
-0.0006040 -0.0018449
-0.0006521 -0.0019309
-0.0006775 -0.0017125
-0.0006591 -0.0017347
-0.0008158 -0.0016262
-0.0007378 -0.0017933
-0.0004431 -0.0017393
-0.0004940 -0.0019137
-0.0002433 -0.0018582
 0.0002073 -0.0018856
 0.0002081 -0.0018574
 0.0004950 -0.0018557
 0.0005438 -0.0019712
 0.0006111 -0.0018109
 0.0006207 -0.0019898
 0.0000264 -0.0019555
-0.0002229 -0.0018307
-0.0005949 -0.0020718
-0.0010374 -0.0019888
-0.0011585 -0.0018843
-0.0008152 -0.0021519
-0.0005659 -0.0021984
-0.0003662 -0.0023701
-0.0000398 -0.0026943
 0.0002537 -0.0025708
 0.0006734 -0.0025783
 0.0008256 -0.0023847
 0.0008785 -0.0020675
 0.0009354 -0.0018174
 0.0010251 -0.0015868
 0.0007013 -0.0012499
 0.0004148 -0.0011958
-0.0000356 -0.0012142
-0.0003107 -0.0012336
-0.0004666 -0.0015406
-0.0007437 -0.0016539
-0.0004777 -0.0015596
-0.0001805 -0.0014306
-0.0000382 -0.0009969
 0.0000488 -0.0005449
 0.0002119 -0.0001997
 0.0002390  0.0003974
 0.0001820  0.0008528
 0.0005920  0.0010159
 0.0006576  0.0013527
 0.0006950  0.0015592
 0.0008595  0.0018652
 0.0008878  0.0020860
 0.0008599  0.0020572
 0.0010139  0.0020959
 0.0008830  0.0023436
 0.0007439  0.0025449
 0.0006401  0.0025063
-0.0000113  0.0025729
-0.0005842  0.0022550
-0.0007578  0.0017974
-0.0010826  0.0012882
-0.0013891  0.0006287
-0.0014549  0.0002498
-0.0011757  0.0003001
-0.0012368  0.0001297
-0.0011020  0.0002897
-0.0009958  0.0005414
-0.0010137  0.0001314
-0.0011750  0.0000751
-0.0014147  0.0001048
-0.0014324 -0.0003176
-0.0019880 -0.0008347
-0.0022195 -0.0009333
-0.0024313 -0.0012389
-0.0022514 -0.0013467
-0.0022724 -0.0010534
-0.0019495 -0.0011600
-0.0018146 -0.0011911
-0.0016380 -0.0009560
-0.0014297 -0.0013882
-0.0010376 -0.0013337
-0.0008610 -0.0012796
-0.0005074 -0.0014498
 0.0000504 -0.0010452
 0.0005016 -0.0007006
 0.0007140 -0.0002407
 0.0009106  0.0001864
 0.0010756  0.0004900
 0.0012189  0.0006061
 0.0015229  0.0011911
 0.0018306  0.0013932
 0.0021005  0.0015240
 0.0022927  0.0017956
 0.0022384  0.0017524
 0.0022614  0.0017627
 0.0020775  0.0017702
 0.0019142  0.0016064
 0.0017608  0.0012620
 0.0014694  0.0014423
 0.0012147  0.0010800
 0.0009710  0.0007659
 0.0011589  0.0004740
 0.0012627  0.0001021
 0.0014710 -0.0003731
 0.0015184 -0.0004885
 0.0016411 -0.0007160
 0.0012240 -0.0007437
 0.0011649 -0.0010023
 0.0010516 -0.0011497
 0.0008015 -0.0011507
 0.0007468 -0.0009058
 0.0006047 -0.0006608
 0.0005199 -0.0003790
 0.0002688 -0.0000750
-0.0000110  0.0001069
-0.0004939  0.0002014
-0.0008050 -0.0000168
-0.0007578 -0.0006644
-0.0010206 -0.0010058
-0.0011184 -0.0014176
-0.0011660 -0.0019029
-0.0009363 -0.0022935
-0.0007437 -0.0025228
-0.0002232 -0.0028829
 0.0000937 -0.0028155
 0.0004329 -0.0030561
 0.0003568 -0.0029734
 0.0001557 -0.0029082
 0.0003957 -0.0031222
 0.0003568 -0.0029038
 0.0003164 -0.0025225
 0.0004809 -0.0024835
 0.0004527 -0.0022633
 0.0005112 -0.0020345
 0.0007272 -0.0016393
 0.0006651 -0.0017075
 0.0008700 -0.0014204
 0.0012292 -0.0012016
 0.0012593 -0.0011193
 0.0016549 -0.0010460
 0.0020989 -0.0008750
 0.0022535 -0.0008781
 0.0024269 -0.0005739
 0.0025539 -0.0003811
 0.0024510 -0.0001326
 0.0022283  0.0001351
 0.0019107  0.0003287
 0.0018239  0.0004040
 0.0016982  0.0005764
 0.0013980  0.0006069
 0.0012524  0.0006386
 0.0009645  0.0006588
 0.0004275  0.0004802
-0.0000144  0.0002668
-0.0004823  0.0003061
-0.0005465 -0.0002337
-0.0006624 -0.0001681
-0.0004209 -0.0001889
-0.0002184 -0.0002563
-0.0002582 -0.0001441
-0.0004439  0.0000386
-0.0005509  0.0002914
-0.0007573  0.0003639
-0.0010520  0.0003490
-0.0012000  0.0003553
-0.0011276  0.0002576
-0.0012420  0.0001094
-0.0009946  0.0000263
-0.0011256 -0.0000201
-0.0011241 -0.0002325
-0.0013044 -0.0001582
-0.0015525 -0.0002854
-0.0016280 -0.0006902
-0.0016676 -0.0007124
-0.0018244 -0.0008834
-0.0019375 -0.0011247
-0.0017548 -0.0013645
-0.0017843 -0.0015078
-0.0013680 -0.0016039
-0.0011659 -0.0014527
-0.0006095 -0.0014624
-0.0001604 -0.0013114
 0.0001142 -0.0010627
 0.0004188 -0.0008721
 0.0004077 -0.0006937
 0.0001640 -0.0009009
 0.0002443 -0.0010371
 0.0000782 -0.0015660
 0.0000812 -0.0017770
 0.0000128 -0.0022859
-0.0001733 -0.0024004
-0.0002399 -0.0022292
-0.0003122 -0.0023350
-0.0005106 -0.0024678
-0.0002720 -0.0025990
-0.0001561 -0.0025098
-0.0000406 -0.0024573
 0.0002939 -0.0022903
 0.0005939 -0.0021906
 0.0005844 -0.0018518
 0.0005454 -0.0009357
 0.0004972 -0.0006177
 0.0002688  0.0002459
-0.0000388  0.0008408
-0.0003043  0.0016269
-0.0006208  0.0026030
-0.0008043  0.0029185
-0.0007270  0.0032045
-0.0005362  0.0034743
-0.0004123  0.0036860
 0.0001142  0.0034499
 0.0002075  0.0031261
 0.0008278  0.0028802
 0.0011431  0.0022292
 0.0012757  0.0018646
 0.0015628  0.0014637
 0.0014181  0.0011005
 0.0011998  0.0010502
 0.0009142  0.0007050
 0.0007366  0.0004937
 0.0001717  0.0006333
-0.0001724  0.0003909
-0.0001585  0.0002451
-0.0003983  0.0002200
-0.0005019 -0.0000955
-0.0004615 -0.0002554
-0.0005834 -0.0004203
-0.0008016 -0.0006527
-0.0009225 -0.0007271
-0.0014300 -0.0007486
-0.0017621 -0.0008047
-0.0021275 -0.0012647
-0.0023719 -0.0013903
-0.0025326 -0.0013410
-0.0023305 -0.0015132
-0.0023572 -0.0015821
-0.0019722 -0.0014747
-0.0015983 -0.0013146
-0.0010714 -0.0010740
-0.0010712 -0.0008041
-0.0008033 -0.0007651
-0.0007672 -0.0005515
-0.0009616 -0.0004251
-0.0012027 -0.0002410
-0.0013270 -0.0005745
-0.0012245 -0.0008062
-0.0013022 -0.0011906
-0.0008599 -0.0014603
-0.0004572 -0.0018338
-0.0003347 -0.0017383
-0.0001142 -0.0017389
-0.0000018 -0.0020990
 0.0001793 -0.0018881
 0.0001010 -0.0022413
-0.0000658 -0.0022474
 0.0002891 -0.0025338
 0.0003957 -0.0027079
 0.0001769 -0.0028435
 0.0003690 -0.0025218
 0.0002185 -0.0028882
 0.0003350 -0.0030900
 0.0003041 -0.0030145
 0.0004890 -0.0032322
 0.0003826 -0.0030246
 0.0004084 -0.0027069
 0.0001488 -0.0026877
-0.0001116 -0.0024495
-0.0001653 -0.0022973
-0.0004748 -0.0020593
-0.0005257 -0.0016386
-0.0004420 -0.0016858
-0.0002986 -0.0012143
-0.0005488 -0.0008874
-0.0003549 -0.0006983
-0.0004944 -0.0006882
-0.0003884 -0.0002461
-0.0006834 -0.0004219
-0.0007336 -0.0005616
-0.0008188 -0.0005128
-0.0009726 -0.0005655
-0.0009068 -0.0007040
-0.0009272 -0.0001301
-0.0010170 -0.0000824
-0.0011622 -0.0000437
-0.0009773  0.0001776
-0.0007694  0.0001346
-0.0007058 -0.0002843
-0.0002125 -0.0005487
-0.0001055 -0.0007451
 0.0000213 -0.0011446
 0.0002052 -0.0011999
 0.0000076 -0.0013249
 0.0001185 -0.0013321
 0.0000508 -0.0010537
 0.0000910 -0.0011991
 0.0001851 -0.0014468
 0.0002428 -0.0014603
 0.0004441 -0.0015249
 0.0006120 -0.0014975
 0.0007267 -0.0014298
 0.0008395 -0.0012203
 0.0008779 -0.0007889
 0.0008579 -0.0003694
 0.0007751 -0.0000634
 0.0006597  0.0002132
 0.0008884  0.0005778
 0.0009562  0.0005588
 0.0007794  0.0008077
 0.0004905  0.0011422
 0.0003857  0.0010003
 0.0000443  0.0009571
-0.0001295  0.0008224
-0.0003085  0.0008480
-0.0004872  0.0007148
-0.0004861  0.0006651
-0.0005297  0.0006954
-0.0003787  0.0007148
-0.0003402  0.0005622
 0.0001552  0.0005083
 0.0004417  0.0006143
 0.0006653  0.0006733
 0.0007740  0.0010776
 0.0008166  0.0015070
 0.0006186  0.0017547
 0.0001894  0.0020327
-0.0002985  0.0022571
-0.0004293  0.0024457
-0.0008044  0.0024511
-0.0008636  0.0024977
-0.0009322  0.0026759
-0.0008648  0.0024551
-0.0010982  0.0024638
-0.0008798  0.0021555
-0.0007469  0.0019086
-0.0004023  0.0012901
-0.0000575  0.0011453
 0.0002003  0.0012868
 0.0002471  0.0013530
 0.0001786  0.0015357
-0.0002334  0.0018892
-0.0007019  0.0019197
-0.0009655  0.0018533
-0.0012899  0.0016694
-0.0015637  0.0014739
-0.0016004  0.0011469
-0.0015229  0.0010366
-0.0013206  0.0009103
-0.0010448  0.0007917
-0.0008279  0.0004439
-0.0003882  0.0005002
-0.0004273  0.0001173
-0.0002293  0.0001923
-0.0000000  0.0001116
 0.0000973 -0.0000462
-0.0000198 -0.0000838
-0.0001241 -0.0002303
-0.0003388 -0.0000996
-0.0004653 -0.0001650
-0.0005499 -0.0003790
-0.0006085 -0.0003162
-0.0005225 -0.0002261
-0.0002035 -0.0001886
-0.0003279 -0.0000263
-0.0001237  0.0000210
-0.0002368 -0.0002385
-0.0003121 -0.0002215
-0.0002240 -0.0006616
-0.0002430 -0.0008035
-0.0001554 -0.0010415
 0.0000106 -0.0011079
-0.0000371 -0.0005970
 0.0000146 -0.0003658
-0.0000748  0.0001710
-0.0001860  0.0002580
-0.0002397  0.0003432
-0.0006866  0.0004215
-0.0007934  0.0004710
-0.0007920  0.0003933
-0.0010698  0.0000456
-0.0012384 -0.0000517
-0.0011269 -0.0000616
-0.0012743 -0.0005150
-0.0015477 -0.0008158
-0.0010909 -0.0010865
-0.0011605 -0.0013845
-0.0009706 -0.0015317
-0.0004645 -0.0015141
 0.0000711 -0.0015703
 0.0003557 -0.0012955
 0.0005919 -0.0010745
 0.0009932 -0.0008809
 0.0011077 -0.0007143
 0.0011549 -0.0004131
 0.0012960 -0.0004668
 0.0013558 -0.0002633
 0.0016933  0.0000303
 0.0018485  0.0005213
 0.0021485  0.0008519
 0.0018298  0.0012751
 0.0017483  0.0014431
 0.0015612  0.0016241
 0.0011132  0.0018052
 0.0011811  0.0018807
 0.0007684  0.0017055
 0.0006208  0.0015054
 0.0007401  0.0011879
 0.0003703  0.0011283
 0.0004924  0.0009472
 0.0003212  0.0007177
 0.0000888  0.0008699
-0.0000830  0.0008800
-0.0003185  0.0005140
-0.0003274  0.0002544
-0.0005085  0.0000202
-0.0004326 -0.0002576
-0.0003684 -0.0006345
-0.0002463 -0.0009046
-0.0002461 -0.0010177
-0.0001011 -0.0013610
-0.0001112 -0.0016463
-0.0003319 -0.0014890
-0.0004637 -0.0014490
-0.0006559 -0.0011686
-0.0011182 -0.0006595
-0.0015273 -0.0003740
-0.0018822 -0.0000962
-0.0020062  0.0000646
-0.0017181 -0.0004102
-0.0017106 -0.0006068
-0.0015338 -0.0003590
-0.0011412 -0.0005033
-0.0010786 -0.0006281
-0.0011687 -0.0007324
-0.0010829 -0.0005770
-0.0013153 -0.0007094
-0.0011594 -0.0007069
-0.0008536 -0.0007556
-0.0009804 -0.0006205
-0.0007793 -0.0006082
-0.0008213 -0.0004150
-0.0006891 -0.0002297
-0.0005205  0.0000778
-0.0005674 -0.0001015
-0.0007690 -0.0003050
-0.0010270 -0.0002303
-0.0013121 -0.0006401
-0.0012917 -0.0007106
-0.0015024 -0.0009555
-0.0012238 -0.0013514
-0.0012422 -0.0015571
-0.0010343 -0.0015808
-0.0008873 -0.0016308
-0.0008605 -0.0016722
-0.0007180 -0.0013761
-0.0010365 -0.0010779
-0.0008350 -0.0008960
-0.0010728 -0.0005078
-0.0008494 -0.0000923
-0.0008189  0.0001974
-0.0009561  0.0004780
-0.0010221  0.0007759
-0.0010948  0.0010327
-0.0009777  0.0014058
-0.0009395  0.0014718
-0.0009664  0.0017229
-0.0009449  0.0016937
-0.0011686  0.0016266
-0.0009315  0.0015701
-0.0008539  0.0015558
-0.0007290  0.0013471
-0.0006323  0.0012449
-0.0005644  0.0013144
-0.0006474  0.0012991
-0.0005493  0.0014630
-0.0003835  0.0014430
-0.0006395  0.0016465
-0.0005492  0.0015419
-0.0006412  0.0014931
-0.0006483  0.0014836
-0.0006186  0.0015599
-0.0005580  0.0013891
-0.0004807  0.0013798
-0.0001914  0.0011118
-0.0000867  0.0012886
-0.0000285  0.0013694
-0.0001347  0.0014857
-0.0003380  0.0014603
-0.0003806  0.0017489
-0.0004299  0.0017415
-0.0006897  0.0018463
-0.0007707  0.0021323
-0.0011371  0.0021785
-0.0019555  0.0025411
-0.0025890  0.0028756
-0.0028674  0.0028550
-0.0036706  0.0028043
-0.0038513  0.0027445
-0.0042564  0.0025725
-0.0039738  0.0021954
-0.0037042  0.0023079
-0.0033766  0.0020276
-0.0031697  0.0019998
-0.0031705  0.0020392
-0.0031736  0.0019259
-0.0031308  0.0021003
-0.0033652  0.0019966
-0.0034689  0.0015258
-0.0034619  0.0015531
-0.0031569  0.0011681
-0.0031962  0.0010035
-0.0029645  0.0011158
-0.0026750  0.0011045
-0.0025264  0.0007368
-0.0024319  0.0006072
-0.0022290  0.0005569
-0.0019123  0.0002375
-0.0018834  0.0001669
-0.0016914 -0.0000732
-0.0014544 -0.0001113
-0.0014554  0.0001023
-0.0013701 -0.0000425
-0.0012092  0.0002870
-0.0013830  0.0002099
-0.0013465  0.0002400
-0.0010023  0.0000387
-0.0009577  0.0003179
-0.0007784  0.0002709
-0.0005190  0.0007219
-0.0002336  0.0008765
-0.0003872  0.0009712
-0.0003977  0.0008495
-0.0001042  0.0011396
-0.0000856  0.0009702
 0.0000228  0.0008848
 0.0001059  0.0005980
 0.0000325  0.0005105
 0.0000434  0.0000410
 0.0002043  0.0001928
 0.0004717 -0.0001165
 0.0004445 -0.0001454
 0.0003829  0.0001143
 0.0004198  0.0001528
 0.0001618  0.0003670
 0.0002176  0.0003101
 0.0003060  0.0004962
 0.0003460  0.0007367
 0.0005543  0.0007092
 0.0006560  0.0009392
 0.0007101  0.0010627
 0.0009935  0.0009662
 0.0011303  0.0010211
 0.0010780  0.0013286
 0.0012641  0.0014368
 0.0011632  0.0015821
 0.0009134  0.0019108
 0.0008349  0.0018442
 0.0005497  0.0017051
 0.0004925  0.0019760
 0.0002741  0.0021095
 0.0000747  0.0022738
-0.0000563  0.0026636
-0.0004178  0.0029688
-0.0005872  0.0032244
-0.0007275  0.0031832
-0.0006925  0.0032195
-0.0007081  0.0028503
-0.0005033  0.0027746
-0.0003450  0.0027140
-0.0004569  0.0025218
-0.0005285  0.0027025
-0.0004017  0.0025848
-0.0005604  0.0027650
-0.0005466  0.0028601
-0.0005331  0.0030428
-0.0004253  0.0029471
-0.0001838  0.0028835
-0.0001890  0.0023661
-0.0001590  0.0017805
 0.0004196  0.0012328
 0.0006136  0.0006827
 0.0009964  0.0002363
 0.0013325  0.0000173
 0.0015188  0.0000487
 0.0020525  0.0005594
 0.0023446  0.0011232
 0.0026008  0.0014935
 0.0027334  0.0020971
 0.0030017  0.0025789
 0.0030697  0.0026577
 0.0030800  0.0030647
 0.0030978  0.0028273
 0.0028899  0.0028885
 0.0029803  0.0030256
 0.0030088  0.0027195
 0.0031049  0.0025877
 0.0029962  0.0023019
 0.0031771  0.0022821
 0.0032189  0.0021315
 0.0032001  0.0018915
 0.0028077  0.0017310
 0.0022744  0.0012826
 0.0020774  0.0009597
 0.0018872  0.0006068
 0.0016383  0.0003422
 0.0016193 -0.0001540
 0.0013502 -0.0003613
 0.0013482 -0.0006460
 0.0015945 -0.0006700
 0.0017683 -0.0006968
 0.0018042 -0.0009818
 0.0021692 -0.0009503
 0.0023531 -0.0008237
 0.0023327 -0.0007456
 0.0025439 -0.0006293
 0.0024490 -0.0006990
 0.0021795 -0.0004412
 0.0022931 -0.0005472
 0.0017269 -0.0005892
 0.0017709 -0.0003613
 0.0015561 -0.0002373
 0.0012861 -0.0001990
 0.0011220  0.0002223
 0.0007465  0.0004821
 0.0008297  0.0006263
 0.0007907  0.0011243
 0.0007517  0.0010754
 0.0006066  0.0012375
 0.0007305  0.0012163
 0.0004784  0.0010716
 0.0004027  0.0009242
 0.0002949  0.0008011
-0.0001440  0.0006289
-0.0003247  0.0004851
-0.0003636  0.0003836
-0.0007645  0.0001159
-0.0011386 -0.0001406
-0.0011564 -0.0001186
-0.0015292 -0.0001858
-0.0014701 -0.0006580
-0.0011170 -0.0006231
-0.0009306 -0.0005975
-0.0006058 -0.0005892
-0.0006180 -0.0001538
-0.0006664  0.0000470
-0.0009949  0.0002079
-0.0010355  0.0000541
-0.0014755 -0.0000499
-0.0017158 -0.0001050
-0.0016477 -0.0006958
-0.0015736 -0.0008630
-0.0015332 -0.0010339
-0.0012496 -0.0011334
-0.0010604 -0.0011488
-0.0012219 -0.0009432
-0.0012005 -0.0008681
-0.0015440 -0.0011255
-0.0017078 -0.0007426
-0.0019462 -0.0008407
-0.0022593 -0.0008433
-0.0021068 -0.0009204
-0.0019910 -0.0010279
-0.0019243 -0.0011722
-0.0015606 -0.0008264
-0.0020802 -0.0006736
-0.0025104 -0.0003893
-0.0029739  0.0000970
-0.0032731  0.0004189
-0.0039457  0.0004752
-0.0039783  0.0003993
-0.0040150  0.0003059
-0.0041971 -0.0001501
-0.0036377 -0.0002811
-0.0036041 -0.0004705
-0.0033823 -0.0004002
-0.0029973 -0.0004085
-0.0030734 -0.0003629
-0.0028546  0.0000819
-0.0026634 -0.0002173
-0.0023194 -0.0002193
-0.0020354 -0.0003843
-0.0016048 -0.0007567
-0.0013757 -0.0011623
-0.0011801 -0.0013248
-0.0009221 -0.0017851
-0.0006861 -0.0017938
-0.0004649 -0.0020065
-0.0003135 -0.0018428
-0.0000662 -0.0015873
 0.0002071 -0.0013777
 0.0002897 -0.0013224
 0.0001360 -0.0011482
 0.0003445 -0.0014746
 0.0003066 -0.0015483
 0.0002612 -0.0014136
-0.0001117 -0.0016135
-0.0002229 -0.0015463
-0.0004023 -0.0014435
-0.0004134 -0.0011872
-0.0001839 -0.0011605
-0.0001193 -0.0010023
 0.0002192 -0.0008036
 0.0008212 -0.0005043
 0.0009584 -0.0004372
 0.0014148  0.0000463
 0.0014804  0.0001993
 0.0017656  0.0005940
 0.0020142  0.0005782
 0.0018999  0.0006747
 0.0019296  0.0008772
 0.0020719  0.0007926
 0.0023247  0.0006271
 0.0023127  0.0008766
 0.0026606  0.0007236
 0.0024981  0.0007216
 0.0023907  0.0010746
 0.0025653  0.0009789
 0.0022506  0.0009674
 0.0019130  0.0011588
 0.0017114  0.0010726
 0.0016809  0.0009386
 0.0015745  0.0010449
 0.0018226  0.0009200
 0.0016166  0.0008243
 0.0017384  0.0010183
 0.0015758  0.0009146
 0.0015752  0.0009053
 0.0012195  0.0008655
 0.0011160  0.0006156
 0.0008980  0.0004325
 0.0008289  0.0005162
 0.0003895  0.0003983
 0.0005342  0.0002532
 0.0004710  0.0002439
 0.0004321  0.0003159
 0.0005786  0.0002784
 0.0004363  0.0004772
 0.0003051  0.0004257
 0.0002123  0.0006645
-0.0000263  0.0006058
-0.0002040  0.0002897
-0.0002187  0.0005000
-0.0001393  0.0002585
 0.0002152  0.0001522
 0.0004942  0.0002382
 0.0006936  0.0001608
 0.0008559  0.0003054
 0.0008850  0.0002608
 0.0010606  0.0002923
 0.0013828  0.0002545
 0.0016738  0.0001508
 0.0017731  0.0001770
 0.0019605 -0.0000366
 0.0021741  0.0000076
 0.0021591  0.0000112
 0.0018519  0.0002662
 0.0015077  0.0004757
 0.0008076  0.0011150
 0.0004701  0.0014305
-0.0002145  0.0014457
-0.0004198  0.0014582
-0.0007489  0.0013889
-0.0003904  0.0010076
-0.0000386  0.0006321
 0.0003500  0.0000511
 0.0007808 -0.0000593
 0.0011228 -0.0002488
 0.0015376 -0.0003875
 0.0017985 -0.0007207
 0.0017442 -0.0008251
 0.0015748 -0.0007880
 0.0011354 -0.0010960
 0.0010199 -0.0010106
 0.0007976 -0.0012349
 0.0007025 -0.0014283
 0.0007292 -0.0015737
 0.0005337 -0.0014399
 0.0003864 -0.0016663
 0.0004213 -0.0018171
 0.0003496 -0.0019483
-0.0000389 -0.0020898
 0.0001753 -0.0021429
 0.0002467 -0.0023880
 0.0004143 -0.0021344
 0.0006698 -0.0024011
 0.0008876 -0.0021881
 0.0010102 -0.0020508
 0.0011559 -0.0017720
 0.0010893 -0.0013870
 0.0008158 -0.0012725
 0.0007296 -0.0009170
 0.0000771 -0.0005018
-0.0002079 -0.0001616
-0.0004376 -0.0001658
-0.0005830 -0.0000279
-0.0006722  0.0000117
-0.0004208  0.0000523
-0.0002729  0.0002448
 0.0001327  0.0004564
 0.0003530  0.0005723
 0.0008171  0.0007723
 0.0011643  0.0010673
 0.0012013  0.0013148
 0.0009764  0.0012092
 0.0009952  0.0012197
 0.0007146  0.0015459
 0.0003540  0.0013085
 0.0002184  0.0016475
-0.0001642  0.0016850
-0.0004111  0.0015788
-0.0004179  0.0017714
-0.0006002  0.0016919
-0.0006842  0.0017092
-0.0008733  0.0018130
-0.0008939  0.0019547
-0.0014103  0.0020376
-0.0015724  0.0020378
-0.0019531  0.0017712
-0.0021709  0.0013967
-0.0025516  0.0010501
-0.0025113  0.0008387
-0.0027856  0.0004418
-0.0024699  0.0004297
-0.0024783  0.0001466
-0.0023929 -0.0001257
-0.0020453 -0.0004772
-0.0023412 -0.0006632
-0.0026461 -0.0011063
-0.0032270 -0.0015230
-0.0039637 -0.0018488
-0.0044302 -0.0021256
-0.0046232 -0.0023838
-0.0047195 -0.0024494
-0.0046662 -0.0024197
-0.0044470 -0.0023737
-0.0041145 -0.0020462
-0.0038387 -0.0019729
-0.0034948 -0.0018518
-0.0033524 -0.0016431
-0.0027802 -0.0016239
-0.0026389 -0.0014344
-0.0021705 -0.0015501
-0.0015294 -0.0013189
-0.0013017 -0.0006764
-0.0012494 -0.0001587
-0.0013168 -0.0004573
-0.0012958 -0.0001684
-0.0013226 -0.0001402
-0.0016010 -0.0006650
-0.0013493 -0.0009697
-0.0014138 -0.0011202
-0.0014118 -0.0013550
-0.0013056 -0.0015520
-0.0014593 -0.0017312
-0.0015289 -0.0017183
-0.0016579 -0.0016692
-0.0017216 -0.0018313
-0.0016770 -0.0018998
-0.0017216 -0.0020944
-0.0019189 -0.0021284
-0.0017324 -0.0022265
-0.0018527 -0.0024506
-0.0019741 -0.0028053
-0.0018558 -0.0026375
-0.0018778 -0.0026631
-0.0017581 -0.0022640
-0.0021346 -0.0020649
-0.0019534 -0.0018965
-0.0018179 -0.0017572
-0.0013653 -0.0016019
-0.0009859 -0.0011631
-0.0007814 -0.0011344
-0.0003098 -0.0008788
-0.0000748 -0.0003314
 0.0001569 -0.0002643
 0.0001571 -0.0000140
 0.0000251  0.0002763
-0.0000213  0.0007776
 0.0000308  0.0013139
-0.0002895  0.0017078
-0.0005643  0.0022165
-0.0007799  0.0023304
-0.0009020  0.0023962
-0.0011985  0.0026697
-0.0009662  0.0027083
-0.0014022  0.0026126
-0.0016536  0.0027559
-0.0020208  0.0026390
-0.0021843  0.0024591
-0.0024128  0.0021624
-0.0027397  0.0016706
-0.0027859  0.0012257
-0.0026494  0.0006251
-0.0025517  0.0004942
-0.0020452 -0.0000371
-0.0015365 -0.0001777
-0.0015486 -0.0000366
-0.0010040  0.0000694
-0.0008519  0.0000672
-0.0007042  0.0003756
-0.0005893  0.0005400
-0.0004379  0.0007635
-0.0004428  0.0009062
-0.0004407  0.0010651
-0.0006404  0.0012971
-0.0007518  0.0009930
-0.0009016  0.0007633
-0.0008727  0.0007163
-0.0009657  0.0004767
-0.0011597 -0.0000418
-0.0015485 -0.0002755
-0.0016165 -0.0005168
-0.0018117 -0.0008543
-0.0021784 -0.0008871
-0.0019949 -0.0009955
-0.0021546 -0.0013603
-0.0019240 -0.0012486
-0.0016005 -0.0010666
-0.0011741 -0.0010169
-0.0010805 -0.0007092
-0.0009127 -0.0005826
-0.0008356 -0.0004060
-0.0006931 -0.0002235
-0.0005762 -0.0002122
-0.0006838  0.0000014
-0.0002720  0.0003289
-0.0003616  0.0003466
-0.0003286  0.0004718
-0.0002454  0.0003579
-0.0001717  0.0004730
-0.0002874  0.0003006
-0.0002501  0.0001670
-0.0002111  0.0000442
-0.0001677  0.0000915
-0.0005350 -0.0001653
-0.0006119 -0.0006177
-0.0007088 -0.0006260
-0.0005551 -0.0008926
-0.0003898 -0.0010659
-0.0003310 -0.0010867
 0.0000255 -0.0007812
-0.0002872 -0.0008053
-0.0001986 -0.0003390
-0.0001160 -0.0001999
-0.0003157 -0.0001163
-0.0004023 -0.0001926
-0.0004437 -0.0002494
-0.0006680 -0.0003234
-0.0004883 -0.0008580
-0.0008077 -0.0008089
-0.0013457 -0.0013358
-0.0014830 -0.0014612
-0.0014259 -0.0016933
-0.0017319 -0.0018637
-0.0017053 -0.0020282
-0.0015115 -0.0018462
-0.0013449 -0.0015775
-0.0011220 -0.0013669
-0.0010548 -0.0009844
-0.0008892 -0.0008586
-0.0008913 -0.0004244
-0.0010843 -0.0004807
-0.0009773 -0.0005572
-0.0011024 -0.0007183
-0.0009409 -0.0008053
-0.0007966 -0.0006315
-0.0006248 -0.0005999
-0.0005406 -0.0003476
-0.0003767 -0.0000220
-0.0005089  0.0002366
-0.0006228  0.0003034
-0.0006280  0.0005612
-0.0006241  0.0005885
-0.0007200  0.0007506
-0.0006427  0.0010857
-0.0005959  0.0010382
-0.0004427  0.0010104
-0.0003379  0.0011079
-0.0001290  0.0012840
-0.0002295  0.0010371
 0.0000423  0.0012804
-0.0001364  0.0011461
-0.0005401  0.0012902
-0.0007849  0.0013851
-0.0010869  0.0014491
-0.0017313  0.0012660
-0.0017428  0.0012957
-0.0022989  0.0014479
-0.0025396  0.0012765
-0.0027425  0.0010880
-0.0029910  0.0011281
-0.0034351  0.0010520
-0.0031775  0.0010644
-0.0034165  0.0009194
-0.0033608  0.0009269
-0.0033748  0.0011197
-0.0032165  0.0011078
-0.0029624  0.0012781
-0.0027864  0.0012111
-0.0026923  0.0011519
-0.0020536  0.0009905
-0.0016705  0.0008393
-0.0012288  0.0005588
-0.0010592  0.0004339
-0.0010136  0.0002809
-0.0013812  0.0000217
-0.0014888 -0.0001190
-0.0017218 -0.0004247
-0.0020763 -0.0007509
-0.0019346 -0.0010953
-0.0018177 -0.0012604
-0.0015086 -0.0014920
-0.0006836 -0.0013761
-0.0003480 -0.0012946
 0.0000361 -0.0011440
 0.0005424 -0.0010194
 0.0009443 -0.0008610
 0.0011747 -0.0004762
 0.0012318 -0.0002961
 0.0013766 -0.0000959
 0.0015794  0.0002388
 0.0017494  0.0004447
 0.0016999  0.0005951
 0.0016323  0.0006696
 0.0014726  0.0006350
 0.0013083  0.0003166
 0.0012099  0.0001527
 0.0012190 -0.0002666
 0.0014054 -0.0006196
 0.0017841 -0.0008389
 0.0019444 -0.0007599
 0.0022345 -0.0008798
 0.0022741 -0.0006575
 0.0022840 -0.0004151
 0.0024013 -0.0001361
 0.0023890  0.0004298
 0.0024603  0.0005360
 0.0023171  0.0004873
 0.0021241  0.0009312
 0.0021169  0.0008624
 0.0021302  0.0007564
 0.0023327  0.0008888
 0.0021617  0.0008527
 0.0020866  0.0006385
 0.0023093  0.0005843
 0.0020751  0.0004579
 0.0020109  0.0005029
 0.0017976  0.0007523
 0.0011766  0.0009129
 0.0007297  0.0010478
 0.0004733  0.0009079
-0.0002557  0.0011378
-0.0006192  0.0012531
-0.0007836  0.0013066
-0.0012812  0.0012114
-0.0013900  0.0013509
-0.0014286  0.0013911
-0.0015721  0.0012508
-0.0016676  0.0012046
-0.0014776  0.0013499
-0.0012917  0.0009863
-0.0016771  0.0008214
-0.0014372  0.0005133
-0.0016452  0.0002826
-0.0017713  0.0005470
-0.0016944  0.0003990
-0.0018169  0.0004473
-0.0017485  0.0006195
-0.0016494  0.0007329
-0.0016082  0.0007630
-0.0016051  0.0005904
-0.0013524  0.0000807
-0.0011497 -0.0000039
-0.0008640 -0.0002609
-0.0006628 -0.0001167
-0.0004639 -0.0002570
-0.0001121 -0.0005239
 0.0000230 -0.0005140
 0.0000187 -0.0005588
 0.0001394 -0.0007938
 0.0003687 -0.0009559
 0.0003496 -0.0012027
 0.0005008 -0.0014203
 0.0006616 -0.0012144
 0.0010953 -0.0015392
 0.0013175 -0.0014728
 0.0015122 -0.0019807
 0.0019426 -0.0020100
 0.0019730 -0.0021864
 0.0017800 -0.0025000
 0.0020822 -0.0024257
 0.0022794 -0.0024104
 0.0022966 -0.0020951
 0.0025420 -0.0014238
 0.0028487 -0.0008208
 0.0028029 -0.0001163
 0.0028707  0.0004877
 0.0029240  0.0007517
 0.0028102  0.0009957
 0.0026559  0.0012222
 0.0022320  0.0011816
 0.0020632  0.0010692
 0.0017682  0.0010139
 0.0014349  0.0009316
 0.0013343  0.0006063
 0.0011760  0.0004863
 0.0009822  0.0002856
 0.0008014  0.0003060
 0.0008488  0.0002779
 0.0008193  0.0002761
 0.0010208  0.0002648
 0.0012130  0.0003887
 0.0012990  0.0003776
 0.0013448  0.0003942
 0.0017391  0.0006344
 0.0016999  0.0009326
 0.0018032  0.0010174
 0.0017160  0.0012600
 0.0015301  0.0014011
 0.0012511  0.0011427
 0.0009892  0.0010073
 0.0007801  0.0011859
 0.0004436  0.0011758
 0.0003762  0.0011463
 0.0002926  0.0012517
 0.0003221  0.0011790
 0.0002270  0.0013932
-0.0000689  0.0014256
 0.0000282  0.0010846
 0.0001830  0.0010085
 0.0004206  0.0008163
 0.0006764  0.0009159
 0.0010216  0.0007532
 0.0013292  0.0005602
 0.0015674  0.0009365
 0.0018866  0.0009833
 0.0020328  0.0009708
 0.0021402  0.0013123
 0.0021307  0.0017417
 0.0021162  0.0019799
 0.0018586  0.0019516
 0.0020021  0.0022890
 0.0015267  0.0023576
 0.0010921  0.0025440
 0.0009286  0.0026532
 0.0004309  0.0025517
-0.0000287  0.0024479
-0.0005076  0.0020922
-0.0004209  0.0017573
-0.0003733  0.0014523
-0.0002027  0.0009401
-0.0001834  0.0006716
-0.0000497  0.0007641
-0.0001773  0.0009660
-0.0000897  0.0011848
-0.0000774  0.0013689
-0.0003432  0.0014062
-0.0001512  0.0013858
-0.0001514  0.0014533
-0.0003719  0.0012223
-0.0003352  0.0011077
-0.0004357  0.0010388
-0.0007995  0.0009524
-0.0006685  0.0010002
-0.0011413  0.0013307
-0.0013218  0.0012528
-0.0015422  0.0015772
-0.0017317  0.0018034
-0.0018545  0.0018816
-0.0019679  0.0018892
-0.0020428  0.0018684
-0.0021153  0.0020299
-0.0017385  0.0020170
-0.0019969  0.0021270
-0.0018427  0.0021336
-0.0015367  0.0019794
-0.0013954  0.0020702
-0.0010627  0.0020163
-0.0006727  0.0019441
-0.0004922  0.0020077
-0.0002112  0.0023400
-0.0002403  0.0026225
-0.0001783  0.0028197
-0.0000323  0.0030042
 0.0000367  0.0031106
 0.0002312  0.0031218
 0.0003071  0.0033349
 0.0005850  0.0031438
 0.0008836  0.0030951
 0.0012914  0.0033725
 0.0017585  0.0033694
 0.0023910  0.0034165
 0.0028783  0.0033579
 0.0031203  0.0036183
 0.0033505  0.0035370
 0.0031934  0.0033737
 0.0027935  0.0035768
 0.0025761  0.0032354
 0.0020793  0.0030122
 0.0015956  0.0028505
 0.0012857  0.0027584
 0.0010469  0.0028351
 0.0005275  0.0029520
 0.0002318  0.0028697
-0.0000725  0.0028911
-0.0006157  0.0031897
-0.0009958  0.0029997
-0.0014548  0.0031045
-0.0016941  0.0030256
-0.0019888  0.0030066
-0.0023626  0.0028414
-0.0030044  0.0028941
-0.0033853  0.0025083
-0.0038347  0.0021681
-0.0040761  0.0018778
-0.0040854  0.0015130
-0.0038052  0.0012863
-0.0035236  0.0012498
-0.0031366  0.0009442
-0.0027790  0.0008984
-0.0024788  0.0009575
-0.0021662  0.0008643
-0.0019833  0.0007506
-0.0015930  0.0006578
-0.0014356  0.0005464
-0.0014578  0.0005401
-0.0012003  0.0005137
-0.0010662  0.0004180
-0.0008373  0.0002735
-0.0007123 -0.0002684
-0.0005771 -0.0003843
-0.0006374 -0.0006732
-0.0007034 -0.0010874
-0.0007951 -0.0014974
-0.0008536 -0.0014865
-0.0012041 -0.0017776
-0.0012606 -0.0021339
-0.0012337 -0.0019448
-0.0014463 -0.0020346
-0.0013006 -0.0024208
-0.0009537 -0.0026423
-0.0011719 -0.0024935
-0.0010672 -0.0024758
-0.0010143 -0.0022374
-0.0006588 -0.0020248
-0.0005627 -0.0017242
-0.0002582 -0.0013503
-0.0003162 -0.0010540
-0.0002137 -0.0008660
-0.0004468 -0.0006641
-0.0002773 -0.0004116
-0.0007703 -0.0002371
-0.0009090 -0.0000916
-0.0012479  0.0001167
-0.0013590  0.0003174
-0.0014690  0.0003547
-0.0014717  0.0003652
-0.0016098  0.0010958
-0.0013702  0.0013346
-0.0012028  0.0013260
-0.0011158  0.0015850
-0.0009767  0.0015048
-0.0007509  0.0011772
-0.0005495  0.0009256
-0.0002117  0.0007001
 0.0000693  0.0004189
-0.0001063  0.0004185
 0.0001250  0.0003329
-0.0002862 -0.0000699
-0.0002699  0.0000254
-0.0001439  0.0001237
-0.0003629  0.0002566
-0.0004810  0.0003266
-0.0003361  0.0004054
-0.0004326  0.0008202
-0.0003486  0.0009470
-0.0003282  0.0012107
-0.0003381  0.0015121
-0.0006740  0.0015238
-0.0007247  0.0015559
-0.0008278  0.0017048
-0.0012168  0.0012885
-0.0013662  0.0009322
-0.0016924  0.0004973
-0.0019118  0.0006755
-0.0022411  0.0005370
-0.0022064  0.0004530
-0.0022498  0.0004181
-0.0025468  0.0006668
-0.0024651  0.0008646
-0.0027966  0.0007671
-0.0026936  0.0005965
-0.0025418  0.0008159
-0.0024066  0.0007578
-0.0022156  0.0008565
-0.0020349  0.0012009
-0.0022156  0.0010677
-0.0018938  0.0010336
-0.0019805  0.0012377
-0.0016752  0.0009242
-0.0015995  0.0005828
-0.0014080  0.0008152
-0.0013773  0.0006039
-0.0013843  0.0004028
-0.0013920  0.0002851
-0.0014644  0.0000727
-0.0012789 -0.0003333
-0.0009813 -0.0006795
-0.0005057 -0.0007290
-0.0002170 -0.0009702
 0.0002445 -0.0009985
 0.0006868 -0.0008737
 0.0007512 -0.0004237
 0.0006254 -0.0001839
 0.0002883 -0.0001464
-0.0000527 -0.0001113
-0.0006909 -0.0002195
-0.0009450 -0.0006751
-0.0014209 -0.0006693
-0.0016184 -0.0007850
-0.0018412 -0.0010755
-0.0020966 -0.0012786
-0.0022680 -0.0013169
-0.0021641 -0.0014492
-0.0019711 -0.0015612
-0.0014393 -0.0015983
-0.0010135 -0.0015747
-0.0004065 -0.0013924
-0.0000110 -0.0012535
 0.0001368 -0.0010986
 0.0001305 -0.0008382
-0.0000245 -0.0008267
-0.0002728 -0.0007322
-0.0005573 -0.0006561
-0.0008672 -0.0005479
-0.0011958 -0.0005463
-0.0013719 -0.0003823
-0.0013360 -0.0001080
-0.0015845 -0.0000837
-0.0018523 -0.0000062
-0.0021113  0.0000181
-0.0022040 -0.0000572
-0.0022884 -0.0001707
-0.0021810 -0.0003705
-0.0018692 -0.0006978
-0.0016306 -0.0007289
-0.0011988 -0.0009045
-0.0008641 -0.0009346
-0.0005022 -0.0008888
 0.0002272 -0.0007067
 0.0004533 -0.0002747
 0.0006705  0.0001672
 0.0007274  0.0007902
 0.0007538  0.0012969
 0.0006400  0.0013522
 0.0007233  0.0016613
 0.0003777  0.0017848
 0.0004660  0.0018981
 0.0003348  0.0018809
 0.0004727  0.0020729
 0.0001967  0.0020818
 0.0003833  0.0020123
 0.0002807  0.0018966
 0.0002339  0.0019239
 0.0002729  0.0017890
 0.0001114  0.0018581
 0.0002270  0.0021359
-0.0000384  0.0023117
-0.0003644  0.0028406
-0.0006491  0.0029284
-0.0007724  0.0028134
-0.0008537  0.0027272
-0.0011194  0.0023200
-0.0010645  0.0016475
-0.0006510  0.0011830
-0.0002293  0.0008071
-0.0000349  0.0006993
 0.0002160  0.0008448
 0.0002976  0.0009201
-0.0001820  0.0011111
-0.0004824  0.0009369
-0.0006340  0.0007835
-0.0009877  0.0002354
-0.0007765 -0.0002217
-0.0004030 -0.0005895
 0.0002185 -0.0005388
 0.0005490 -0.0005485
 0.0006125 -0.0004134
 0.0006468 -0.0004698
 0.0003751 -0.0005745
 0.0001526 -0.0005182
 0.0000559 -0.0007195
-0.0000327 -0.0009288
 0.0000339 -0.0010830
-0.0000467 -0.0011529
 0.0001530 -0.0011977
 0.0000662 -0.0010069
 0.0000684 -0.0009599
 0.0000603 -0.0009795
 0.0000248 -0.0008105
 0.0001988 -0.0006024
 0.0001338 -0.0005090
 0.0001639 -0.0002031
 0.0002683 -0.0001737
 0.0003666 -0.0002199
 0.0004066 -0.0003240
 0.0007439 -0.0003457
 0.0010252 -0.0005102
 0.0012280 -0.0005801
 0.0013324 -0.0004236
 0.0016118 -0.0000132
 0.0017257 -0.0002161
 0.0017535 -0.0001493
 0.0021322  0.0000247
 0.0023603  0.0001016
 0.0025622 -0.0000415
 0.0027877 -0.0001339
 0.0031888 -0.0001606
 0.0037316 -0.0002977
 0.0043501 -0.0003215
 0.0050859 -0.0001695
 0.0050554 -0.0000425
 0.0051491  0.0002089
 0.0046208  0.0007017
 0.0042162  0.0009938
 0.0037549  0.0010393
 0.0033292  0.0010906
 0.0028371  0.0011626
 0.0024834  0.0012438
 0.0024824  0.0011514
 0.0022055  0.0009631
 0.0022834  0.0008323
 0.0019755  0.0006031
 0.0019384  0.0006138
 0.0019182  0.0005000
 0.0018256  0.0003183
 0.0016711  0.0001812
 0.0013316  0.0000988
 0.0010219  0.0002611
 0.0009161  0.0001081
 0.0006740 -0.0001432
 0.0006811 -0.0002498
 0.0005555 -0.0002872
 0.0006736 -0.0002674
 0.0010103  0.0001178
 0.0012902  0.0003786
 0.0014151  0.0008801
 0.0014737  0.0014544
 0.0016553  0.0019827
 0.0017793  0.0024785
 0.0018738  0.0027619
 0.0022862  0.0027898
 0.0023403  0.0027760
 0.0025623  0.0025830
 0.0028312  0.0021426
 0.0030428  0.0018232
 0.0032626  0.0013258
 0.0034938  0.0011423
 0.0035118  0.0008344
 0.0033505  0.0005352
 0.0030212  0.0001793
 0.0025722 -0.0002457
 0.0022175 -0.0007055
 0.0017008 -0.0010427
 0.0013612 -0.0015433
 0.0013526 -0.0016854
 0.0012587 -0.0020288
 0.0011477 -0.0021921
 0.0014196 -0.0021023
 0.0017598 -0.0021770
 0.0017360 -0.0025137
 0.0022375 -0.0023776
 0.0025074 -0.0022953
 0.0024799 -0.0023407
 0.0027190 -0.0021231
 0.0025449 -0.0017273
 0.0023497 -0.0015127
 0.0024393 -0.0013230
 0.0025891 -0.0012349
 0.0025493 -0.0012917
 0.0029306 -0.0011138
 0.0032074 -0.0010994
 0.0035102 -0.0009034
 0.0038558 -0.0008123
 0.0039482 -0.0005032
 0.0037922 -0.0005279
 0.0036484 -0.0003254
 0.0034288 -0.0002941
 0.0031793 -0.0002458
 0.0029912  0.0000806
 0.0027554 -0.0001031
 0.0023767 -0.0000872
 0.0025144 -0.0001812
 0.0021526 -0.0001715
 0.0022588 -0.0003607
 0.0020755 -0.0005226
 0.0020463 -0.0006544
 0.0017398 -0.0003173
 0.0017788 -0.0003342
 0.0015773  0.0000193
 0.0012711  0.0002294
 0.0009253  0.0003148
 0.0007555  0.0006126
 0.0004573  0.0006194
 0.0003641  0.0004256
 0.0001170  0.0005851
 0.0002343  0.0004688
 0.0002621  0.0005629
 0.0002333  0.0005707
 0.0000605  0.0007722
 0.0000042  0.0010217
 0.0000066  0.0012466
-0.0003659  0.0013412
-0.0006461  0.0013867
-0.0007250  0.0016917
-0.0009762  0.0016036
-0.0013147  0.0016775
-0.0015755  0.0015822
-0.0015079  0.0015152
-0.0014811  0.0014849
-0.0011235  0.0014246
-0.0006901  0.0015547
-0.0002379  0.0017629
 0.0002442  0.0018829
 0.0006938  0.0022459
 0.0008222  0.0020828
 0.0007487  0.0020034
 0.0009415  0.0019275
 0.0005390  0.0017741
 0.0003585  0.0013546
 0.0001467  0.0011072
-0.0003640  0.0007064
-0.0005082  0.0002494
-0.0006315 -0.0002664
-0.0007993 -0.0009180
-0.0006578 -0.0012799
-0.0007256 -0.0017570
-0.0007089 -0.0019925
-0.0006152 -0.0019219
-0.0005050 -0.0020020
-0.0004684 -0.0019123
-0.0002880 -0.0019167
-0.0003263 -0.0018978
-0.0005220 -0.0018961
-0.0003621 -0.0016963
-0.0004408 -0.0015919
-0.0006435 -0.0015201
-0.0005791 -0.0011297
-0.0006958 -0.0008457
-0.0009058 -0.0006359
-0.0010689 -0.0002189
-0.0011737  0.0000698
-0.0016717  0.0000684
-0.0018374  0.0001078
-0.0021162 -0.0000154
-0.0023082 -0.0003565
-0.0025299 -0.0009145
-0.0024909 -0.0015581
-0.0022658 -0.0022949
-0.0018893 -0.0029381
-0.0013414 -0.0030877
-0.0005914 -0.0031904
-0.0001095 -0.0031599
 0.0002268 -0.0032059
 0.0005833 -0.0029645
 0.0007961 -0.0028688
 0.0010012 -0.0029265
 0.0008306 -0.0030172
 0.0007432 -0.0026357
 0.0006302 -0.0025232
 0.0005856 -0.0025057
 0.0005383 -0.0021334
 0.0005097 -0.0019691
 0.0007334 -0.0018904
 0.0010083 -0.0015887
 0.0011547 -0.0014525
 0.0014966 -0.0011916
 0.0017802 -0.0007196
 0.0019661 -0.0006423
 0.0018533  0.0000497
 0.0016633  0.0000749
 0.0013495  0.0003723
 0.0009021  0.0002853
 0.0005827  0.0004226
 0.0000799  0.0004024
-0.0001339  0.0006347
-0.0005666  0.0008158
-0.0007757  0.0005950
-0.0008050  0.0007989
-0.0007365  0.0005704
-0.0002367  0.0004644
 0.0000316  0.0003287
 0.0002807  0.0000780
 0.0004642 -0.0001138
 0.0007317 -0.0000559
 0.0010004 -0.0000633
 0.0009122  0.0001600
 0.0006453  0.0003711
 0.0003891  0.0005348
-0.0001773  0.0007143
-0.0004934  0.0007674
-0.0008774  0.0007361
-0.0008972  0.0006983
-0.0008407  0.0007177
-0.0005538  0.0005764
-0.0006083  0.0004823
-0.0003879  0.0005262
-0.0003871  0.0005845
-0.0006440  0.0005603
-0.0008340  0.0007257
-0.0009478  0.0006756
-0.0012569  0.0006397
-0.0013796  0.0004751
-0.0013784  0.0002817
-0.0014444  0.0001184
-0.0013100 -0.0000616
-0.0012294 -0.0002452
-0.0011795 -0.0002218
-0.0010416 -0.0001966
-0.0008971  0.0002108
-0.0007909  0.0001686
-0.0006625  0.0005291
-0.0006344  0.0009884
-0.0005745  0.0012655
-0.0004877  0.0015250
-0.0006564  0.0017060
-0.0010111  0.0018883
-0.0011506  0.0018580
-0.0014496  0.0018867
-0.0016207  0.0021354
-0.0016310  0.0021225
-0.0018472  0.0020411
-0.0016458  0.0019006
-0.0015247  0.0019930
-0.0013508  0.0018266
-0.0010850  0.0018737
-0.0008252  0.0019413
-0.0006332  0.0019151
-0.0002216  0.0019074
 0.0000383  0.0019466
 0.0006863  0.0017768
 0.0008203  0.0015933
 0.0010517  0.0018719
 0.0011835  0.0020459
 0.0010747  0.0024495
 0.0008756  0.0027666
 0.0004276  0.0028657
 0.0003745  0.0027985
 0.0001564  0.0028453
 0.0002182  0.0026800
 0.0003976  0.0028621
 0.0004737  0.0027702
 0.0006752  0.0027589
 0.0008577  0.0028162
 0.0008488  0.0027274
 0.0010428  0.0024973
 0.0010515  0.0025055
 0.0008480  0.0027068
 0.0008752  0.0027044
 0.0009433  0.0026579
 0.0009901  0.0025822
 0.0010916  0.0024995
 0.0012164  0.0026481
 0.0010036  0.0025286
 0.0010508  0.0025411
 0.0008366  0.0026207
 0.0005784  0.0024683
 0.0003897  0.0023561
 0.0003608  0.0022004
 0.0003594  0.0022218
 0.0005439  0.0022692
 0.0005538  0.0021523
 0.0009485  0.0021225
 0.0008625  0.0020807
 0.0008155  0.0021989
 0.0008355  0.0017925
 0.0006738  0.0019431
 0.0004981  0.0021395
 0.0002886  0.0019492
 0.0001640  0.0022871
 0.0000090  0.0027092
 0.0002533  0.0027484
 0.0001972  0.0029416
 0.0001766  0.0028752
 0.0005533  0.0029079
 0.0005139  0.0028052
 0.0008096  0.0028631
 0.0007039  0.0026736
 0.0004348  0.0025230
 0.0003193  0.0024774
 0.0004166  0.0018857
 0.0001101  0.0016416
 0.0001211  0.0015571
 0.0000169  0.0012409
 0.0000553  0.0009943
 0.0000936  0.0008495
-0.0002312  0.0005913
-0.0001567  0.0007072
-0.0005346  0.0005459
-0.0008303  0.0006125
-0.0008917  0.0006408
-0.0010580  0.0007750
-0.0011413  0.0010899
-0.0010757  0.0011873
-0.0011405  0.0015892
-0.0012768  0.0015597
-0.0012405  0.0016451
-0.0009552  0.0019043
-0.0011674  0.0015975
-0.0008634  0.0016667
-0.0007298  0.0016944
-0.0004443  0.0012539
-0.0003959  0.0009002
-0.0000648  0.0006226
 0.0000602  0.0002792
 0.0000039 -0.0003280
 0.0001997 -0.0006472
 0.0000019 -0.0011676
 0.0000699 -0.0013897
 0.0004095 -0.0017175
 0.0006217 -0.0017842
 0.0009112 -0.0019475
 0.0012025 -0.0018298
 0.0012971 -0.0018774
 0.0013068 -0.0018338
 0.0014243 -0.0019517
 0.0010579 -0.0018119
 0.0010559 -0.0019683
 0.0010202 -0.0023733
 0.0009806 -0.0023753
 0.0012691 -0.0025098
 0.0012996 -0.0026826
 0.0014126 -0.0025409
 0.0013139 -0.0023576
 0.0011203 -0.0022875
 0.0009341 -0.0018660
 0.0007748 -0.0018242
 0.0006032 -0.0014673
 0.0007349 -0.0013029
 0.0007998 -0.0009460
 0.0007322 -0.0008204
 0.0008475 -0.0005701
 0.0009127 -0.0003305
 0.0010005 -0.0000628
 0.0010661  0.0001098
 0.0008279  0.0001395
 0.0006688  0.0002652
 0.0005808  0.0001050
 0.0002891  0.0002106
 0.0000532  0.0002713
-0.0003578  0.0001470
-0.0005656  0.0000503
-0.0005072 -0.0001714
-0.0006677 -0.0004409
-0.0005215 -0.0005188
-0.0002074 -0.0007312
-0.0001218 -0.0009240
-0.0002264 -0.0010314
 0.0001273 -0.0011404
 0.0003766 -0.0011927
 0.0001131 -0.0010341
 0.0002052 -0.0012083
-0.0000736 -0.0013361
-0.0005575 -0.0010016
-0.0006363 -0.0007426
-0.0011862 -0.0004749
-0.0012773 -0.0000526
-0.0014055 -0.0000025
-0.0017148  0.0001531
-0.0014986  0.0002323
-0.0014614  0.0004087
-0.0016044  0.0005914
-0.0015593  0.0006231
-0.0015963  0.0005662
-0.0016260  0.0007259
-0.0017400  0.0009201
-0.0018864  0.0009984
-0.0019334  0.0011632
-0.0018299  0.0015970
-0.0017521  0.0011886
-0.0017299  0.0013748
-0.0012319  0.0014953
-0.0006929  0.0014109
-0.0004962  0.0015093
 0.0002604  0.0013100
 0.0006104  0.0013397
 0.0007100  0.0012505
 0.0010958  0.0009503
 0.0012117  0.0007342
 0.0011079  0.0005091
 0.0010566  0.0001706
 0.0010631 -0.0004948
 0.0009639 -0.0007282
 0.0013343 -0.0009684
 0.0015221 -0.0011980
 0.0015875 -0.0009569
 0.0016508 -0.0003523
 0.0015919 -0.0003501
 0.0013642 -0.0001389
 0.0014399  0.0001308
 0.0012673  0.0001294
 0.0011163  0.0001667
 0.0013928  0.0000569
 0.0015224 -0.0001559
 0.0017305 -0.0002219
 0.0021054 -0.0002104
 0.0023926 -0.0000549
 0.0025061  0.0001320
 0.0026214  0.0003287
 0.0025656  0.0004320
 0.0024417  0.0005095
 0.0022612  0.0009024
 0.0020901  0.0010501
 0.0017941  0.0014135
 0.0017093  0.0017121
 0.0012995  0.0022101
 0.0008692  0.0023142
 0.0008423  0.0023651
 0.0004612  0.0022979
 0.0003096  0.0021937
 0.0003677  0.0021263
 0.0004453  0.0018950
 0.0006976  0.0020185
 0.0008611  0.0020270
 0.0006122  0.0022474
 0.0008127  0.0026035
 0.0007243  0.0029254
 0.0005236  0.0033483
 0.0005799  0.0034777
 0.0002133  0.0033665
-0.0001202  0.0032539
-0.0002443  0.0028144
-0.0002435  0.0022984
-0.0005116  0.0020848
-0.0002528  0.0017961
-0.0000933  0.0015682
-0.0003713  0.0012977
-0.0005510  0.0012517
-0.0006079  0.0011409
-0.0008235  0.0005857
-0.0007998  0.0004566
-0.0004023  0.0002484
-0.0004744  0.0002884
-0.0003445  0.0004416
-0.0004760  0.0007190
-0.0005690  0.0010442
-0.0006816  0.0011119
-0.0007741  0.0012564
-0.0006033  0.0013248
-0.0005373  0.0012651
-0.0005248  0.0012199
-0.0003804  0.0008256
-0.0000752  0.0003920
 0.0001335  0.0000122
 0.0006501 -0.0001997
 0.0010484 -0.0002115
 0.0016423  0.0000174
 0.0017838  0.0000845
 0.0018288  0.0003156
 0.0019693  0.0003927
 0.0019192  0.0005272
 0.0018974  0.0005187
 0.0019242  0.0007721
 0.0017696  0.0004743
 0.0017016  0.0001311
 0.0012088  0.0000532
 0.0009914 -0.0000818
 0.0006386 -0.0005908
 0.0005748 -0.0008990
 0.0006622 -0.0010787
 0.0007888 -0.0013956
 0.0011707 -0.0017097
 0.0013245 -0.0017463
 0.0015577 -0.0017755
 0.0015186 -0.0014390
 0.0016256 -0.0013544
 0.0014261 -0.0011558
 0.0012846 -0.0011675
 0.0010464 -0.0010553
 0.0012299 -0.0012047
 0.0011421 -0.0008248
 0.0014384 -0.0005846
 0.0015596 -0.0004633
 0.0014530 -0.0000670
 0.0012301  0.0002080
 0.0009230  0.0003913
 0.0006337  0.0003581
 0.0002950  0.0005077
 0.0001315  0.0007732
-0.0001928  0.0009900
-0.0004550  0.0015136
-0.0009085  0.0018469
-0.0011402  0.0023358
-0.0012289  0.0023455
-0.0014774  0.0022518
-0.0013308  0.0021257
-0.0013065  0.0020817
-0.0012762  0.0020250
-0.0010505  0.0016608
-0.0009776  0.0015094
-0.0011175  0.0012607
-0.0010379  0.0012506
-0.0013956  0.0010751
-0.0012896  0.0013775
-0.0014029  0.0012776
-0.0011917  0.0014102
-0.0009848  0.0014455
-0.0006007  0.0016552
 0.0000415  0.0017905
 0.0004172  0.0018781
 0.0006576  0.0020913
 0.0006407  0.0021424
 0.0005745  0.0024884
 0.0002561  0.0023937
 0.0000296  0.0025682
-0.0000970  0.0025319
-0.0003170  0.0025319
-0.0002791  0.0027263
-0.0002613  0.0024202
 0.0000932  0.0024683
 0.0002844  0.0024866
 0.0005888  0.0024349
 0.0007800  0.0024618
 0.0008920  0.0024121
 0.0008142  0.0023837
 0.0010615  0.0021818
 0.0008736  0.0022886
 0.0009043  0.0021295
 0.0007496  0.0021729
 0.0005839  0.0021189
 0.0003414  0.0020836
 0.0002732  0.0021990
-0.0000279  0.0021136
-0.0000993  0.0022356
-0.0003610  0.0022626
-0.0006624  0.0021764
-0.0007399  0.0022931
-0.0009826  0.0018883
-0.0009148  0.0016974
-0.0008168  0.0013824
-0.0006424  0.0010261
-0.0006034  0.0006038
-0.0002944  0.0002895
-0.0000830  0.0002398
 0.0003470  0.0001730
 0.0005313  0.0002574
 0.0006401  0.0002677
 0.0005261  0.0003048
 0.0006178  0.0002485
 0.0008108  0.0000115
 0.0006773 -0.0002438
 0.0007548 -0.0004221
 0.0008309 -0.0005995
 0.0007942 -0.0004852
 0.0010019 -0.0001087
 0.0007724  0.0000885
 0.0009034  0.0003640
 0.0009014  0.0004829
 0.0006948  0.0005844
 0.0006244  0.0003906
 0.0007028  0.0004086
 0.0005458  0.0003545
 0.0003291  0.0004902
 0.0002034  0.0007647
-0.0002953  0.0008935
-0.0008502  0.0008931
-0.0012614  0.0010282
-0.0013405  0.0009699
-0.0014806  0.0007742
-0.0014200  0.0011955
-0.0010897  0.0006357
-0.0010588  0.0008775
-0.0010364  0.0010590
-0.0006535  0.0009580
-0.0008075  0.0009372
-0.0003690  0.0008593
-0.0004752  0.0007703
-0.0001910  0.0007616
-0.0003683  0.0007053
 0.0000213  0.0003235
 0.0001047  0.0002658
 0.0004198  0.0000969
 0.0005956 -0.0000075
 0.0007505 -0.0001343
 0.0007043 -0.0003273
 0.0002565 -0.0003970
 0.0002927 -0.0007093
 0.0000539 -0.0005946
-0.0001357 -0.0007989
-0.0004118 -0.0010319
-0.0002778 -0.0011700
-0.0003551 -0.0014041
-0.0006775 -0.0014685
-0.0005638 -0.0017012
-0.0008234 -0.0018417
-0.0012819 -0.0020609
-0.0013303 -0.0021376
-0.0016099 -0.0019921
-0.0019073 -0.0019471
-0.0021964 -0.0018706
-0.0027249 -0.0019277
-0.0028876 -0.0020615
-0.0031724 -0.0021092
-0.0034272 -0.0024705
-0.0036155 -0.0030739
-0.0037667 -0.0031565
-0.0036698 -0.0035188
-0.0035238 -0.0034041
-0.0032390 -0.0032047
-0.0029287 -0.0031395
-0.0026334 -0.0028829
-0.0022008 -0.0025369
-0.0018352 -0.0023766
-0.0014130 -0.0026157
-0.0009709 -0.0026857
-0.0005746 -0.0028870
-0.0004311 -0.0027738
 0.0000657 -0.0029316
 0.0000744 -0.0031595
 0.0001864 -0.0032282
 0.0000099 -0.0036673
-0.0000783 -0.0039315
-0.0001475 -0.0040796
-0.0000230 -0.0046255
-0.0000611 -0.0050528
 0.0001898 -0.0054428
 0.0002463 -0.0055690
 0.0004207 -0.0053090
 0.0003725 -0.0051935
 0.0004605 -0.0050040
 0.0004100 -0.0043527
 0.0003886 -0.0040683
 0.0000232 -0.0036973
-0.0001058 -0.0032386
-0.0000014 -0.0028064
-0.0002019 -0.0029332
-0.0000089 -0.0024911
 0.0000709 -0.0026019
 0.0002364 -0.0025531
 0.0002871 -0.0024652
 0.0003182 -0.0025863
 0.0001561 -0.0024874
 0.0003477 -0.0024010
 0.0002318 -0.0020073
 0.0000689 -0.0016135
 0.0001371 -0.0014324
 0.0001349 -0.0011068
-0.0000969 -0.0008777
-0.0004509 -0.0010596
-0.0006623 -0.0012889
-0.0009572 -0.0016022
-0.0010513 -0.0018701
-0.0010402 -0.0020610
-0.0007862 -0.0025027
-0.0005181 -0.0026404
-0.0000855 -0.0024507
-0.0000189 -0.0026065
-0.0002989 -0.0024170
-0.0006059 -0.0023393
-0.0009305 -0.0024265
-0.0012570 -0.0023895
-0.0016185 -0.0025906
-0.0018733 -0.0025811
-0.0019407 -0.0024566
-0.0019007 -0.0023302
-0.0020422 -0.0021180
-0.0018977 -0.0018219
-0.0019104 -0.0015336
-0.0020539 -0.0012564
-0.0021799 -0.0009514
-0.0022300 -0.0007766
-0.0025461 -0.0005686
-0.0026810 -0.0002909
-0.0026973 -0.0001788
-0.0026020 -0.0001994
-0.0022746 -0.0001284
-0.0017782 -0.0000921
-0.0014378  0.0001431
-0.0011732  0.0004477
-0.0012183  0.0006074
-0.0012316  0.0008641
-0.0011880  0.0010052
-0.0013703  0.0010234
-0.0013982  0.0009931
-0.0017314  0.0009243
-0.0019618  0.0008952
-0.0020920  0.0007981
-0.0024535  0.0006146
-0.0029031  0.0007298
-0.0032293  0.0008148
-0.0034883  0.0005677
-0.0038751  0.0006733
-0.0037312  0.0005817
-0.0036642  0.0003976
-0.0033123  0.0003429
-0.0030362 -0.0000306
-0.0029122 -0.0000580
-0.0029029 -0.0003552
-0.0028533 -0.0003802
-0.0030826 -0.0006487
-0.0029855 -0.0010127
-0.0029069 -0.0011643
-0.0028470 -0.0013050
-0.0028171 -0.0012582
-0.0026071 -0.0013486
-0.0026629 -0.0013414
-0.0026078 -0.0013983
-0.0027701 -0.0013985
-0.0029586 -0.0011571
-0.0031037 -0.0012023
-0.0031996 -0.0012854
-0.0032162 -0.0011492
-0.0030943 -0.0012692
-0.0031897 -0.0012870
-0.0030947 -0.0014679
-0.0031161 -0.0014776
-0.0032239 -0.0015926
-0.0032257 -0.0015256
-0.0029792 -0.0012961
-0.0029130 -0.0015799
-0.0027489 -0.0011681
-0.0024433 -0.0010040
-0.0023157 -0.0009260
-0.0019202 -0.0010687
-0.0016587 -0.0013080
-0.0012921 -0.0014055
-0.0007733 -0.0014822
-0.0005712 -0.0016374
-0.0002260 -0.0016960
-0.0000546 -0.0017261
 0.0000893 -0.0018539
 0.0000790 -0.0018684
-0.0000232 -0.0020695
 0.0001857 -0.0020994
 0.0000171 -0.0022161
 0.0001574 -0.0022639
 0.0000115 -0.0021468
 0.0000684 -0.0019544
 0.0000195 -0.0016573
-0.0001246 -0.0013494
-0.0002758 -0.0011502
-0.0001840 -0.0006142
-0.0002033 -0.0005201
-0.0001961 -0.0005678
-0.0001737 -0.0004133
 0.0000282 -0.0002932
 0.0001337 -0.0004325
 0.0000580 -0.0006493
 0.0001689 -0.0007976
 0.0001515 -0.0006498
-0.0001617 -0.0009248
-0.0002136 -0.0011075
-0.0004563 -0.0013828
-0.0004494 -0.0016721
-0.0005197 -0.0021433
-0.0003677 -0.0022206
-0.0002439 -0.0024227
-0.0000162 -0.0026159
 0.0001994 -0.0026344
 0.0003330 -0.0025591
 0.0004215 -0.0025684
 0.0005588 -0.0024168
 0.0005327 -0.0025133
 0.0007092 -0.0024391
 0.0004788 -0.0027292
 0.0004322 -0.0029044
 0.0005681 -0.0032149
 0.0006032 -0.0035819
 0.0004407 -0.0038603
 0.0007263 -0.0040331
 0.0007612 -0.0040836
 0.0009132 -0.0041888
 0.0008557 -0.0041102
 0.0006736 -0.0040125
 0.0006720 -0.0041078
 0.0004312 -0.0040192
 0.0003435 -0.0040347
 0.0002464 -0.0041209
-0.0001487 -0.0043280
-0.0002080 -0.0042016
-0.0001587 -0.0045640
-0.0000853 -0.0044283
 0.0002012 -0.0043227
 0.0005070 -0.0043786
 0.0007832 -0.0040461
 0.0010579 -0.0038804
 0.0010847 -0.0036317
 0.0013056 -0.0035233
 0.0014768 -0.0033694
 0.0017953 -0.0032540
 0.0016619 -0.0031579
 0.0016027 -0.0030226
 0.0016334 -0.0027694
 0.0014065 -0.0029410
 0.0008726 -0.0027779
 0.0006431 -0.0025674
 0.0002153 -0.0022617
-0.0001571 -0.0019208
-0.0006259 -0.0017300
-0.0008284 -0.0013382
-0.0010710 -0.0009874
-0.0017253 -0.0005285
-0.0016048 -0.0004126
-0.0017213 -0.0000745
-0.0017899  0.0000513
-0.0014903  0.0000545
-0.0015568  0.0001729
-0.0016480  0.0003079
-0.0016039  0.0002930
-0.0015426 -0.0000027
-0.0018270 -0.0004148
-0.0020145 -0.0006237
-0.0018689 -0.0008851
-0.0018031 -0.0010755
-0.0017557 -0.0011809
-0.0017848 -0.0013571
-0.0016134 -0.0013630
-0.0013290 -0.0011621
-0.0015139 -0.0012709
-0.0014572 -0.0014223
-0.0011808 -0.0013184
-0.0009317 -0.0014821
-0.0007865 -0.0014528
-0.0006121 -0.0015015
-0.0003806 -0.0014569
-0.0001153 -0.0014583
 0.0001406 -0.0013142
 0.0005527 -0.0009591
 0.0005539 -0.0007560
 0.0006861 -0.0001820
 0.0007679  0.0002199
 0.0010477  0.0007936
 0.0010101  0.0011832
 0.0013879  0.0015827
 0.0014932  0.0018203
 0.0016570  0.0019321
 0.0017428  0.0020290
 0.0014036  0.0022947
 0.0012605  0.0023512
 0.0009532  0.0025264
 0.0004796  0.0026522
-0.0000469  0.0024027
-0.0002106  0.0021677
-0.0004236  0.0019295
-0.0004226  0.0014045
-0.0000955  0.0009495
 0.0000948  0.0009043
 0.0004144  0.0007838
 0.0008192  0.0004515
 0.0007459  0.0004781
 0.0009129  0.0003564
 0.0009763  0.0001616
 0.0010970  0.0000233
 0.0014556  0.0000610
 0.0015515 -0.0000369
 0.0021351  0.0000656
 0.0022883  0.0001159
 0.0021220  0.0003384
 0.0020620  0.0006457
 0.0020715  0.0003600
 0.0019261  0.0001398
 0.0018080  0.0001785
 0.0016806  0.0002171
 0.0015056  0.0001006
 0.0013677  0.0003390
 0.0012918  0.0002716
 0.0014250  0.0002621
 0.0013695  0.0004422
 0.0015157  0.0004882
 0.0012373  0.0006937
 0.0012554  0.0009589
 0.0010318  0.0009500
 0.0008266  0.0008824
 0.0006439  0.0008562
 0.0009788  0.0006430
 0.0012496  0.0005796
 0.0016842  0.0006883
 0.0020058  0.0007087
 0.0025362  0.0006907
 0.0025025  0.0007351
 0.0022368  0.0006267
 0.0021203  0.0003162
 0.0019968  0.0000545
 0.0019370 -0.0003028
 0.0018968 -0.0007736
 0.0018540 -0.0006399
 0.0019604 -0.0008608
 0.0019307 -0.0008016
 0.0020539 -0.0006552
 0.0019130 -0.0005581
 0.0017909 -0.0005406
 0.0014477 -0.0006666
 0.0010924 -0.0004168
 0.0005756 -0.0003973
 0.0002219 -0.0004748
-0.0003258 -0.0001898
-0.0005361 -0.0002398
-0.0005840  0.0000456
-0.0001614  0.0002945
-0.0000589  0.0003821
-0.0000488  0.0006401
-0.0001348  0.0007760
-0.0001072  0.0007964
-0.0003183  0.0007974
-0.0003617  0.0008869
-0.0003409  0.0005311
-0.0001599  0.0004054
-0.0000464  0.0003266
 0.0000517  0.0000487
 0.0001946 -0.0003916
 0.0006920 -0.0005551
 0.0008933 -0.0009577
 0.0014701 -0.0013883
 0.0016786 -0.0016491
 0.0021584 -0.0016112
 0.0024538 -0.0014682
 0.0026813 -0.0008836
 0.0025866 -0.0004435
 0.0023558 -0.0000779
 0.0022511  0.0003034
 0.0016596  0.0005634
 0.0013336  0.0006308
 0.0008091  0.0007490
 0.0004613  0.0002013
 0.0002865  0.0001920
 0.0001867 -0.0001833
 0.0003282 -0.0003712
 0.0004786 -0.0003989
 0.0007085 -0.0003399
 0.0010733 -0.0000962
 0.0014451  0.0004609
 0.0012641  0.0007888
 0.0009564  0.0010224
 0.0005529  0.0013226
 0.0003601  0.0014669
-0.0001390  0.0013630
-0.0004163  0.0010159
-0.0006731  0.0009945
-0.0007109  0.0012071
-0.0006170  0.0012049
-0.0007595  0.0013119
-0.0007411  0.0014485
-0.0006648  0.0013363
-0.0005865  0.0014885
-0.0002714  0.0013878
-0.0002221  0.0012416
 0.0000181  0.0008672
 0.0000748  0.0007694
 0.0004114  0.0007392
 0.0003884  0.0004367
 0.0003716 -0.0000433
 0.0004233 -0.0000583
 0.0004403 -0.0004936
 0.0005213 -0.0007338
 0.0004967 -0.0006908
 0.0004495 -0.0007794
 0.0004489 -0.0007724
 0.0000978 -0.0006022
 0.0001821 -0.0008675
-0.0000430 -0.0009359
-0.0000670 -0.0011053
 0.0000283 -0.0013445
 0.0003335 -0.0013641
 0.0006329 -0.0009708
 0.0008642 -0.0009143
 0.0009131 -0.0003224
 0.0011866 -0.0002486
 0.0010666 -0.0000594
 0.0008820  0.0001489
 0.0009511 -0.0000435
 0.0008282 -0.0002425
 0.0009030 -0.0000455
 0.0008378  0.0000436
 0.0009658  0.0002939
 0.0010617  0.0008620
 0.0006610  0.0011793
 0.0003669  0.0013986
 0.0002216  0.0014937
-0.0002123  0.0015132
-0.0000970  0.0013786
 0.0000994  0.0012940
 0.0003580  0.0014644
 0.0006232  0.0015330
 0.0008715  0.0018647
 0.0013998  0.0020554
 0.0013671  0.0024372
 0.0016649  0.0026094
 0.0016003  0.0023776
 0.0014562  0.0022347
 0.0015442  0.0017536
 0.0012596  0.0013392
 0.0012119  0.0012497
 0.0012787  0.0008046
 0.0012188  0.0005427
 0.0013568  0.0002883
 0.0015070 -0.0001374
 0.0016364 -0.0003282
 0.0019194 -0.0002878
 0.0020510 -0.0004681
 0.0020273 -0.0005696
 0.0022157 -0.0002987
 0.0020776 -0.0000570
 0.0019094  0.0001170
 0.0020977  0.0003312
 0.0019239  0.0004172
 0.0017410  0.0003118
 0.0015399  0.0002163
 0.0011386  0.0001396
 0.0009864  0.0000704
 0.0006525  0.0001019
 0.0003467  0.0001007
-0.0000072  0.0001524
-0.0001679  0.0000597
-0.0001473  0.0000355
-0.0002595 -0.0002406
-0.0003443 -0.0001431
-0.0003792  0.0000329
-0.0006549  0.0001579
-0.0008901  0.0003303
-0.0012809  0.0005283
-0.0013441  0.0008515
-0.0015897  0.0009464
-0.0013652  0.0012106
-0.0013873  0.0014817
-0.0015389  0.0016349
-0.0020655  0.0015440
-0.0022206  0.0015150
-0.0025103  0.0008058
-0.0026231  0.0003780
-0.0025365 -0.0000061
-0.0024461 -0.0007601
-0.0022419 -0.0011059
-0.0017875 -0.0014338
-0.0016403 -0.0016179
-0.0017786 -0.0017948
-0.0017194 -0.0018636
-0.0016797 -0.0017592
-0.0018771 -0.0019524
-0.0020699 -0.0020677
-0.0017913 -0.0023633
-0.0014200 -0.0025748
-0.0010609 -0.0024833
-0.0005738 -0.0027744
-0.0000982 -0.0024695
 0.0000558 -0.0022049
 0.0000352 -0.0018606
-0.0001663 -0.0017221
-0.0004329 -0.0013650
-0.0006721 -0.0015457
-0.0005936 -0.0012691
-0.0001511 -0.0012037
-0.0000084 -0.0012833
 0.0001412 -0.0006445
 0.0002383 -0.0000813
 0.0000124  0.0005289
-0.0004192  0.0008929
-0.0011308  0.0012550
-0.0014104  0.0012157
-0.0020451  0.0013564
-0.0022737  0.0012786
-0.0026124  0.0010085
-0.0025456  0.0008967
-0.0028242  0.0009258
-0.0026803  0.0007671
-0.0025955  0.0008356
-0.0023355  0.0005509
-0.0020106  0.0002437
-0.0017898  0.0002982
-0.0014823  0.0000933
-0.0012304  0.0002039
-0.0009014  0.0003330
-0.0009341  0.0002357
-0.0007328  0.0003294
-0.0006757  0.0005187
-0.0010467  0.0004808
-0.0013544  0.0003843
-0.0015930  0.0002397
-0.0021086  0.0001230
-0.0024944 -0.0000508
-0.0026127 -0.0001755
-0.0029688 -0.0005044
-0.0031626 -0.0009082
-0.0032423 -0.0010642
-0.0034745 -0.0012277
-0.0034559 -0.0012425
-0.0038502 -0.0015607
-0.0038698 -0.0013245
-0.0040537 -0.0008776
-0.0040543 -0.0007258
-0.0038157 -0.0007754
-0.0035151 -0.0001890
-0.0030676 -0.0000043
-0.0025898 -0.0002025
-0.0021624 -0.0000569
-0.0019927  0.0000822
-0.0017621 -0.0001261
-0.0017161  0.0002401
-0.0015314  0.0002605
-0.0017508  0.0005681
-0.0018269  0.0007026
-0.0017298  0.0005239
-0.0015003  0.0006831
-0.0013448  0.0008040
-0.0013482  0.0008171
-0.0011532  0.0009175
-0.0009174  0.0010847
-0.0007302  0.0011562
-0.0005164  0.0013378
-0.0004548  0.0015389
-0.0003662  0.0014816
-0.0008481  0.0017402
-0.0007225  0.0019695
-0.0007732  0.0015966
-0.0006343  0.0016138
-0.0005772  0.0011045
-0.0004256  0.0008733
-0.0002266  0.0006640
-0.0000259  0.0003569
 0.0003681  0.0002425
 0.0006368 -0.0000811
 0.0010525 -0.0000983
 0.0011308 -0.0001629
 0.0013368 -0.0000302
 0.0014934 -0.0000199
 0.0015223  0.0000850
 0.0015887  0.0002835
 0.0016677  0.0006466
 0.0015284  0.0012775
 0.0015933  0.0014018
 0.0011024  0.0018421
 0.0011956  0.0021776
 0.0009566  0.0024851
 0.0005664  0.0023993
 0.0004334  0.0026750
 0.0000426  0.0025878
 0.0000537  0.0024693
-0.0000985  0.0021152
 0.0000662  0.0020847
 0.0000371  0.0017589
 0.0004023  0.0018526
 0.0007397  0.0020445
 0.0008289  0.0021612
 0.0008786  0.0024212
 0.0010100  0.0024824
 0.0007831  0.0024092
 0.0003746  0.0025271
 0.0000217  0.0024316
-0.0002078  0.0021928
-0.0008134  0.0019154
-0.0008139  0.0014374
-0.0012606  0.0009501
-0.0013626  0.0006222
-0.0009138  0.0003495
-0.0005727  0.0003429
-0.0002582  0.0005363
-0.0002687  0.0010460
 0.0001437  0.0013264
 0.0001722  0.0013361
 0.0000743  0.0017286
 0.0001050  0.0016153
 0.0002648  0.0012871
 0.0002457  0.0009992
 0.0003789  0.0006832
 0.0006538  0.0006025
 0.0006655  0.0003616
 0.0004736  0.0000049
 0.0002311 -0.0000813
 0.0003268 -0.0001003
 0.0005561 -0.0003407
 0.0007471 -0.0004081
 0.0011847 -0.0002729
 0.0014611 -0.0000106
 0.0016910  0.0000574
 0.0019942  0.0003635
 0.0020408  0.0006412
 0.0020719  0.0006384
 0.0022472  0.0008487
 0.0022397  0.0011410
 0.0023498  0.0013675
 0.0027065  0.0014402
 0.0028900  0.0016733
 0.0031393  0.0015942
 0.0033519  0.0012477
 0.0034286  0.0010455
 0.0033416  0.0005307
 0.0033983  0.0002735
 0.0035041 -0.0002689
 0.0033711 -0.0004275
 0.0032738 -0.0006417
 0.0031617 -0.0008397
 0.0028573 -0.0010977
 0.0025026 -0.0009146
 0.0021395 -0.0007640
 0.0017272 -0.0009108
 0.0014973 -0.0007963
 0.0010372 -0.0008046
 0.0008075 -0.0012550
 0.0005751 -0.0011555
 0.0005877 -0.0014284
 0.0003652 -0.0012828
 0.0005366 -0.0010244
 0.0004700 -0.0009693
 0.0002499 -0.0006086
 0.0000969 -0.0006679
 0.0001946 -0.0006516
-0.0001370 -0.0009145
-0.0002911 -0.0008806
-0.0001752 -0.0011107
-0.0004124 -0.0012306
-0.0006441 -0.0013397
-0.0005666 -0.0015827
-0.0006837 -0.0020176
-0.0004304 -0.0022308
-0.0002495 -0.0023570
-0.0001548 -0.0022213
-0.0001203 -0.0019780
-0.0001878 -0.0020600
-0.0003024 -0.0017682
-0.0005128 -0.0016879
-0.0005957 -0.0018033
-0.0002663 -0.0017868
-0.0000615 -0.0017636
 0.0001125 -0.0019607
 0.0003529 -0.0022936
 0.0005453 -0.0023152
 0.0005538 -0.0024915
 0.0003907 -0.0025676
 0.0005905 -0.0028637
 0.0006169 -0.0029103
 0.0004603 -0.0031296
 0.0005360 -0.0032366
 0.0008313 -0.0030805
 0.0008384 -0.0030718
 0.0010204 -0.0031100
 0.0010505 -0.0027745
 0.0009334 -0.0026299
 0.0007338 -0.0024103
 0.0004952 -0.0024392
 0.0002543 -0.0021737
 0.0000042 -0.0018737
-0.0002554 -0.0015830
-0.0004353 -0.0014548
-0.0005479 -0.0014895
-0.0004982 -0.0015547
-0.0003232 -0.0014590
 0.0000204 -0.0013524
 0.0000773 -0.0011580
 0.0003323 -0.0007147
 0.0003676 -0.0005318
 0.0001917 -0.0001946
 0.0001657  0.0001431
 0.0001037  0.0001841
-0.0000530  0.0003105
-0.0000373  0.0005699
-0.0000837  0.0004258
 0.0001016  0.0004678
 0.0000637  0.0002370
-0.0000675  0.0000622
-0.0000253 -0.0001296
 0.0000730 -0.0000858
-0.0002019 -0.0002986
-0.0001894 -0.0003305
 0.0000365 -0.0002845
-0.0002198 -0.0002574
-0.0001235 -0.0000774
-0.0000561  0.0000183
-0.0003444  0.0000381
-0.0003377  0.0002794
-0.0001149  0.0001538
-0.0000210  0.0003441
 0.0003064  0.0001891
 0.0003720  0.0001895
 0.0003926  0.0004939
 0.0003436  0.0005149
 0.0002753  0.0006445
 0.0000285  0.0008307
-0.0001641  0.0006438
-0.0004578  0.0006184
-0.0008493  0.0005465
-0.0009845  0.0004407
-0.0013394  0.0002304
-0.0013584  0.0000656
-0.0010526  0.0001799
-0.0009052  0.0001960
-0.0005224  0.0003006
-0.0001001  0.0009129
 0.0002380  0.0012762
 0.0001246  0.0014371
 0.0001789  0.0017706
 0.0000952  0.0018824
 0.0001481  0.0019184
 0.0002289  0.0019072
 0.0005672  0.0019813
 0.0009712  0.0018848
 0.0011936  0.0015776
 0.0012952  0.0015382
 0.0011408  0.0016157
 0.0008071  0.0013628
 0.0007534  0.0012176
 0.0004443  0.0011100
 0.0000571  0.0009836
-0.0001999  0.0007991
 0.0000767  0.0006832
-0.0001361  0.0004571
 0.0000319  0.0001488
 0.0004517 -0.0001405
 0.0003266 -0.0004871
 0.0002087 -0.0009597
 0.0003275 -0.0012682
 0.0003455 -0.0019083
 0.0003796 -0.0022408
 0.0003677 -0.0020631
 0.0005009 -0.0022056
 0.0006981 -0.0023838
 0.0009072 -0.0020584
 0.0009262 -0.0022502
 0.0011929 -0.0019224
 0.0012498 -0.0017506
 0.0012575 -0.0014625
 0.0012498 -0.0011340
 0.0010683 -0.0009208
 0.0011251 -0.0004400
 0.0013078 -0.0001688
 0.0011898  0.0002440
 0.0013213  0.0005999
 0.0012908  0.0009189
 0.0014066  0.0010043
 0.0015508  0.0010684
 0.0018124  0.0010880
 0.0022836  0.0011310
 0.0024057  0.0013658
 0.0026538  0.0017545
 0.0026639  0.0020519
 0.0023855  0.0024155
 0.0021841  0.0026953
 0.0020236  0.0026913
 0.0019366  0.0027436
 0.0016969  0.0026420
 0.0015270  0.0025690
 0.0014234  0.0019842
 0.0011071  0.0018774
 0.0010593  0.0013249
 0.0010722  0.0010467
 0.0013706  0.0007679
 0.0016453  0.0005783
 0.0017259  0.0006115
 0.0017376  0.0007558
 0.0015416  0.0006922
 0.0016284  0.0011242
 0.0012671  0.0011642
 0.0012386  0.0010516
 0.0013042  0.0014545
 0.0016274  0.0015585
 0.0020584  0.0018458
 0.0021335  0.0022372
 0.0021230  0.0027096
 0.0018061  0.0028743
 0.0013109  0.0027914
 0.0012776  0.0027447
 0.0010051  0.0024419
 0.0012363  0.0023250
 0.0011987  0.0019019
 0.0012256  0.0017186
 0.0013677  0.0018236
 0.0010289  0.0013849
 0.0008250  0.0010966
 0.0005714  0.0008754
 0.0003609  0.0005982
 0.0005256  0.0003891
 0.0005458 -0.0001281
 0.0007980 -0.0004541
 0.0010459 -0.0005401
 0.0015435 -0.0007515
 0.0018293 -0.0010678
 0.0019310 -0.0007509
 0.0022466 -0.0011756
 0.0021826 -0.0011464
 0.0021989 -0.0011975
 0.0021137 -0.0015156
 0.0022117 -0.0017633
 0.0021941 -0.0016089
 0.0024263 -0.0020794
 0.0022825 -0.0023108
 0.0021388 -0.0024642
 0.0023001 -0.0025127
 0.0017594 -0.0025250
 0.0016983 -0.0023237
 0.0013040 -0.0025129
 0.0010438 -0.0023015
 0.0006342 -0.0022900
 0.0004816 -0.0022797
-0.0000530 -0.0022700
-0.0003596 -0.0018877
-0.0005873 -0.0018081
-0.0005988 -0.0015243
-0.0009150 -0.0017310
-0.0010704 -0.0017012
-0.0010787 -0.0017165
-0.0012562 -0.0020597
-0.0011743 -0.0022596
-0.0014087 -0.0023922
-0.0012494 -0.0025535
-0.0014699 -0.0025040
-0.0016501 -0.0023972
-0.0016112 -0.0023677
-0.0017918 -0.0023469
-0.0017365 -0.0020508
-0.0015954 -0.0021553
-0.0013378 -0.0019155
-0.0013110 -0.0018551
-0.0009668 -0.0018152
-0.0006006 -0.0017425
-0.0006470 -0.0015283
-0.0004920 -0.0017396
-0.0003008 -0.0018232
-0.0001488 -0.0016500
 0.0000958 -0.0011215
 0.0001202 -0.0004664
 0.0000017  0.0002469
-0.0000067  0.0005675
-0.0001041  0.0010003
-0.0004846  0.0012375
-0.0005104  0.0010172
-0.0006299  0.0010693
-0.0008429  0.0013099
-0.0011448  0.0010392
-0.0016919  0.0010586
-0.0016243  0.0010576
-0.0015750  0.0008486
-0.0016217  0.0008173
-0.0008989  0.0005936
-0.0006458  0.0003708
-0.0006082  0.0004049
-0.0006708  0.0003927
-0.0010719  0.0005355
-0.0015297  0.0005908
-0.0019024  0.0006281
-0.0023651  0.0003862
-0.0025399  0.0003049
-0.0023595  0.0001783
-0.0023159  0.0001924
-0.0017539  0.0002384
-0.0011032  0.0004273
-0.0009115  0.0005907
-0.0004143  0.0007069
-0.0002132  0.0008590
 0.0001522  0.0010517
 0.0006533  0.0009660
 0.0011749  0.0009258
 0.0017404  0.0009332
 0.0020406  0.0009801
 0.0026476  0.0010727
 0.0027354  0.0013123
 0.0029391  0.0015959
 0.0028637  0.0017494
 0.0028031  0.0020861
 0.0030136  0.0023294
 0.0028574  0.0024753
 0.0028360  0.0025648
 0.0028925  0.0026524
 0.0028626  0.0021241
 0.0027292  0.0021887
 0.0025793  0.0018978
 0.0023365  0.0016072
 0.0022623  0.0014821
 0.0019807  0.0013953
 0.0017746  0.0014330
 0.0018101  0.0013608
 0.0017723  0.0013459
 0.0018392  0.0012516
 0.0022245  0.0015912
 0.0023521  0.0015153
 0.0019718  0.0018213
 0.0018398  0.0017543
 0.0013356  0.0016937
 0.0008293  0.0014163
 0.0004387  0.0010905
 0.0000551  0.0010215
-0.0000491  0.0010120
 0.0000545  0.0009544
 0.0000448  0.0012128
-0.0000828  0.0013586
-0.0000554  0.0017593
-0.0000547  0.0017670
-0.0002475  0.0020916
 0.0000191  0.0022440
 0.0001348  0.0021671
 0.0002180  0.0022844
 0.0005050  0.0024237
 0.0004735  0.0026286
 0.0003209  0.0022501
 0.0002266  0.0022356
-0.0001559  0.0018377
-0.0006051  0.0015656
-0.0006121  0.0011744
-0.0008481  0.0008187
-0.0008007  0.0008064
-0.0008105  0.0008609
-0.0007512  0.0007910
-0.0006987  0.0009935
-0.0006632  0.0009057
-0.0005007  0.0009349
-0.0001967  0.0009594
 0.0000454  0.0009017
 0.0000218  0.0008758
 0.0003512  0.0012136
 0.0001817  0.0010220
 0.0000325  0.0011833
-0.0000014  0.0010878
-0.0002448  0.0012134
-0.0007408  0.0014972
-0.0011411  0.0017104
-0.0015220  0.0018240
-0.0016573  0.0022853
-0.0017183  0.0023231
-0.0017467  0.0021999
-0.0015013  0.0025276
-0.0012257  0.0026626
-0.0012146  0.0027349
-0.0007917  0.0029162
-0.0007251  0.0029997
-0.0003108  0.0026888
 0.0001967  0.0028192
 0.0004724  0.0030576
 0.0006259  0.0027039
 0.0007282  0.0028957
 0.0007657  0.0030279
 0.0003285  0.0029558
 0.0002310  0.0028200
 0.0001266  0.0025773
-0.0000357  0.0018948
 0.0002262  0.0011489
 0.0005429  0.0007104
 0.0010242 -0.0001494
 0.0015983 -0.0003070
 0.0017808 -0.0007065
 0.0020313 -0.0008585
 0.0020870 -0.0008012
 0.0019805 -0.0008111
 0.0015535 -0.0007764
 0.0016195 -0.0011317
 0.0012636 -0.0011450
 0.0012232 -0.0009088
 0.0013025 -0.0007481
 0.0012145 -0.0005316
 0.0009664 -0.0002754
 0.0007538 -0.0000463
 0.0004294  0.0001511
-0.0000214 -0.0000015
-0.0001078  0.0000195
-0.0000488  0.0000131
-0.0000183  0.0001193
 0.0002316  0.0001548
 0.0000955  0.0005190
 0.0002481  0.0010450
 0.0003499  0.0012940
 0.0004512  0.0014775
 0.0004090  0.0015174
 0.0004059  0.0013568
 0.0005856  0.0008230
 0.0008456  0.0002400
 0.0009966 -0.0000095
 0.0016404 -0.0006827
 0.0016967 -0.0008852
 0.0017229 -0.0012143
 0.0018479 -0.0011957
 0.0018432 -0.0013550
 0.0016579 -0.0015655
 0.0014427 -0.0016406
 0.0013559 -0.0017422
 0.0011423 -0.0019868
 0.0008421 -0.0019936
 0.0010316 -0.0021222
 0.0012442 -0.0019666
 0.0011978 -0.0019827
 0.0012848 -0.0018856
 0.0010789 -0.0017400
 0.0010365 -0.0015985
 0.0009558 -0.0012923
 0.0009584 -0.0013541
 0.0009683 -0.0012192
 0.0008888 -0.0012594
 0.0011490 -0.0014209
 0.0014397 -0.0011486
 0.0017925 -0.0010046
 0.0020610 -0.0010767
 0.0022229 -0.0008616
 0.0022865 -0.0005439
 0.0021787 -0.0002166
 0.0018789 -0.0000899
 0.0018369 -0.0000818
 0.0017002  0.0000048
 0.0016901  0.0001978
 0.0018819 -0.0000723
 0.0021726  0.0001758
 0.0024399  0.0006561
 0.0026161  0.0010281
 0.0024437  0.0014102
 0.0023575  0.0019179
 0.0020220  0.0023285
 0.0019164  0.0024902
 0.0018589  0.0026424
 0.0020686  0.0023630
 0.0023182  0.0023427
 0.0027784  0.0023210
 0.0029529  0.0023469
 0.0030712  0.0022683
 0.0029077  0.0021399
 0.0027236  0.0021173
 0.0022589  0.0019429
 0.0018866  0.0019021
 0.0015732  0.0019842
 0.0013523  0.0017153
 0.0013725  0.0014456
 0.0015923  0.0013521
 0.0018287  0.0011806
 0.0019054  0.0008549
 0.0021943  0.0006054
 0.0026088  0.0002515
 0.0026483  0.0002994
 0.0026607  0.0001734
 0.0025965 -0.0002691
 0.0023447 -0.0001278
 0.0018677 -0.0003697
 0.0014075 -0.0005142
 0.0010146 -0.0008130
 0.0007461 -0.0009396
 0.0003924 -0.0014937
-0.0000971 -0.0014667
-0.0000896 -0.0019146
-0.0003519 -0.0022287
-0.0004484 -0.0024473
-0.0005629 -0.0024826
-0.0005705 -0.0024449
-0.0002231 -0.0021178
-0.0006258 -0.0017737
-0.0003303 -0.0013814
-0.0005200 -0.0010550
-0.0006349 -0.0008182
-0.0006658 -0.0009048
-0.0007877 -0.0008206
-0.0007203 -0.0009676
-0.0005091 -0.0012680
-0.0003751 -0.0016054
-0.0003474 -0.0015989
-0.0000822 -0.0016793
 0.0000813 -0.0018202
-0.0000162 -0.0016872
-0.0000535 -0.0010882
-0.0006565 -0.0010090
-0.0012195 -0.0007900
-0.0016766 -0.0005419
-0.0020460 -0.0002557
-0.0022177 -0.0004208
-0.0023122 -0.0002789
-0.0022452 -0.0001766
-0.0018754 -0.0001293
-0.0018871 -0.0003877
-0.0014119 -0.0006156
-0.0006648 -0.0010720
-0.0000517 -0.0012327
 0.0003131 -0.0010938
 0.0009092 -0.0008311
 0.0011212 -0.0007441
 0.0011043 -0.0006930
 0.0012537 -0.0005842
 0.0010076 -0.0005249
 0.0007910 -0.0006823
 0.0010052 -0.0007384
 0.0009031 -0.0008397
 0.0007428 -0.0010129
 0.0007327 -0.0009929
 0.0005696 -0.0008615
 0.0004448 -0.0011195
 0.0004339 -0.0006564
 0.0002813 -0.0005244
 0.0000336 -0.0001299
-0.0002088  0.0000879
-0.0007446  0.0005324
-0.0010042  0.0005784
-0.0009491  0.0006856
-0.0012463  0.0007894
-0.0012963  0.0005760
-0.0011627  0.0004653
-0.0009423  0.0004126
-0.0006782  0.0007160
-0.0002491  0.0010324
-0.0001570  0.0012605
 0.0000707  0.0018976
 0.0001732  0.0021780
-0.0001330  0.0022202
-0.0000727  0.0024750
 0.0000533  0.0025461
 0.0000021  0.0023190
 0.0001487  0.0019601
 0.0001257  0.0016323
 0.0003336  0.0013345
 0.0002705  0.0014962
 0.0002053  0.0013863
 0.0001790  0.0014200
 0.0001029  0.0017709
 0.0000638  0.0019109
 0.0000743  0.0020230
 0.0003280  0.0020968
 0.0002036  0.0022769
 0.0000773  0.0024592
-0.0000435  0.0024206
-0.0004275  0.0023235
-0.0003824  0.0018750
-0.0006053  0.0011260
-0.0007769  0.0004150
-0.0006136 -0.0005453
-0.0005771 -0.0007288
-0.0003843 -0.0014045
 0.0000956 -0.0012991
 0.0002767 -0.0012442
 0.0003433 -0.0010347
 0.0005138 -0.0006818
 0.0003376 -0.0005401
 0.0002504 -0.0003851
 0.0005511 -0.0004398
 0.0003707 -0.0005651
 0.0004445 -0.0005881
 0.0005200 -0.0008909
 0.0002517 -0.0013865
 0.0002461 -0.0017349
 0.0002003 -0.0021750
 0.0004555 -0.0025381
 0.0003895 -0.0027695
 0.0005441 -0.0028020
 0.0005468 -0.0028961
 0.0004406 -0.0027468
 0.0005120 -0.0026216
 0.0000968 -0.0026760
 0.0002164 -0.0024980
-0.0000600 -0.0026542
 0.0000442 -0.0026183
 0.0001086 -0.0026895
 0.0000585 -0.0027271
 0.0001734 -0.0029049
 0.0000377 -0.0029004
 0.0001701 -0.0029192
 0.0002771 -0.0033663
 0.0003881 -0.0036227
 0.0003667 -0.0039960
 0.0003849 -0.0042148
 0.0005163 -0.0042109
 0.0008126 -0.0041681
 0.0007573 -0.0038774
 0.0009095 -0.0036129
 0.0010068 -0.0030836
 0.0014031 -0.0028022
 0.0014149 -0.0021208
 0.0013160 -0.0018267
 0.0012698 -0.0010996
 0.0010528 -0.0005784
 0.0010065 -0.0003030
 0.0007895 -0.0000745
 0.0006856  0.0001526
 0.0003440  0.0004869
 0.0002494  0.0006881
-0.0002303  0.0008420
-0.0005753  0.0014740
-0.0007753  0.0016281
-0.0010075  0.0020050
-0.0013319  0.0020796
-0.0015045  0.0023496
-0.0013220  0.0028985
-0.0015693  0.0029917
-0.0017796  0.0034464
-0.0015307  0.0034861
-0.0017203  0.0033008
-0.0017490  0.0031655
-0.0018539  0.0029013
