[PARAMETERS]
DW=1E-007
TAU=0.00019
TD=4096
BS=4096
NS=256
NSC=256
FR=56.120000
GAIN=4.974204
D0=0.05
D1=5E-006
D2=1E-005
D3=2.5E-005
D4=1E-005
D5=5E-005
D6=0.001
D7=0.001
D8=0.001
D9=0.05
C0=1
SEGTD=0
SEGOFF=0
SEGNUM=0
[ADDITIONAL]
PPFILE=ZG_TWO_T2.PC
DATEWR=27.09.2024
TIMEWR=14:10:10
DATESTA=27.09.2024
TIMESTA=14:09:52
DATEEND=27.09.2024
TIMEEND=14:10:10
CURR_Z0=0
CURR_Z1=1
TE=-1
[VARIABLES]
_USER=Measurements
_EMAIL_F=7NMR.NMR-270-ijs.si
_ITC_H=1
_ITC_R0= 70.00
_ITC_R1= 70.01
_ITC_R2= 70.67
_ITC_R3=  0.00
_ITC_R4=  0.01
_ITC_V=  9.99
_ITC_X=X0A1C1S00H1
_FW=100
_ORIENT=?
_THETA=0
_TITLE=?
_DESCR1=?
_DESCR2=?
_FR_LARM=56.12000000
_FR_SYNT=526.12000000
_TRIMLEV=1.6650390625
_DATE=27.09.2024
_TIME=14:04:44
[PPFILE]
; pi/2 - pi


DELAY D9
PULSE [GT] 3u
PULSE [PHL1,GT] D1
DELAY TAU-3u
PULSE [GT] 3u
PULSE [PHL2,GT] 2*D1
DELAY TAU-D3
PULSE [TR] 1u+DW
DELAY 1m
STOP

;PHL 1 [+X] [+X] [+Y] [+Y] [-X] [-X] [-Y] [-Y]
;PHL 2 [+Y] [-Y] [-X] [+X] [-Y] [+Y] [+X] [-X]
;!RLS +X+X+Y+Y-X-X-Y-Y

PHL 1 [+X] [+X] [-X] [-X] [+Y] [+Y] [-Y] [-Y] [+X] [+X] [-X] [-X] [+Y] [+Y] [-Y] [-Y]
PHL 2 [+Y] [-Y] [-Y] [+Y] [-X] [+X] [+X] [-X] [+X] [-X] [-X] [+X] [-Y] [+Y] [+Y] [-Y]
!RLS +X+X-X-X+Y+Y-Y-Y-X-X+X+X-Y-Y+Y+Y
[DATA]
 0.0007312  0.0002679
 0.0007956  0.0001248
 0.0009300 -0.0002041
 0.0008022 -0.0002418
 0.0009262 -0.0006809
 0.0009714 -0.0008731
 0.0009138 -0.0009706
 0.0007033 -0.0011133
 0.0008379 -0.0011083
 0.0004441 -0.0010931
 0.0006070 -0.0011658
 0.0007017 -0.0011101
 0.0005983 -0.0008820
 0.0009526 -0.0007591
 0.0008652 -0.0006236
 0.0007507 -0.0007260
 0.0006169 -0.0007068
 0.0005192 -0.0005792
 0.0003439 -0.0002314
 0.0001035  0.0000301
-0.0001450  0.0002806
-0.0004306  0.0004326
-0.0006381  0.0006438
-0.0005788  0.0007863
-0.0006224  0.0010449
-0.0003442  0.0013136
-0.0005154  0.0016110
-0.0003214  0.0019285
-0.0004960  0.0021207
-0.0004576  0.0020147
-0.0004778  0.0019107
-0.0007223  0.0017276
-0.0010207  0.0015639
-0.0012908  0.0011144
-0.0014467  0.0009048
-0.0017574  0.0009751
-0.0021754  0.0004468
-0.0024655  0.0002550
-0.0026765 -0.0001887
-0.0029066 -0.0006553
-0.0026989 -0.0012030
-0.0023737 -0.0014366
-0.0022918 -0.0019933
-0.0019544 -0.0022449
-0.0014925 -0.0026666
-0.0012783 -0.0028515
-0.0006469 -0.0029014
-0.0003122 -0.0030476
 0.0000589 -0.0027799
 0.0006148 -0.0027421
 0.0006994 -0.0025605
 0.0008776 -0.0018864
 0.0011175 -0.0016813
 0.0009669 -0.0013726
 0.0007188 -0.0014953
 0.0005664 -0.0014154
 0.0003762 -0.0015956
 0.0000031 -0.0014222
 0.0000902 -0.0014305
-0.0003501 -0.0013839
-0.0006961 -0.0010805
-0.0010464 -0.0011029
-0.0013095 -0.0008742
-0.0012269 -0.0008653
-0.0010271 -0.0010332
-0.0004610 -0.0012020
-0.0002099 -0.0014386
-0.0002514 -0.0012811
 0.0002232 -0.0013810
 0.0002281 -0.0012346
-0.0000079 -0.0009742
 0.0002737 -0.0011132
 0.0003428 -0.0009069
 0.0001334 -0.0009378
 0.0002118 -0.0012729
 0.0004942 -0.0007167
 0.0004546 -0.0007727
 0.0005418 -0.0006071
 0.0005967 -0.0003471
 0.0006272 -0.0001894
 0.0005957  0.0001754
 0.0007945  0.0006094
 0.0006330  0.0006771
 0.0005254  0.0011589
 0.0003419  0.0012552
-0.0000378  0.0013212
 0.0001627  0.0015512
-0.0002316  0.0020329
-0.0007546  0.0021586
-0.0008790  0.0024405
-0.0012127  0.0024706
-0.0015940  0.0022697
-0.0014486  0.0022265
-0.0013891  0.0017291
-0.0012629  0.0015577
-0.0010148  0.0013554
-0.0006605  0.0012680
-0.0006543  0.0010932
-0.0006951  0.0011229
-0.0012072  0.0011767
-0.0017838  0.0013372
-0.0021956  0.0014315
-0.0029415  0.0013400
-0.0032952  0.0017228
-0.0033305  0.0015279
-0.0034171  0.0013313
-0.0033124  0.0013375
-0.0031488  0.0009881
-0.0031462  0.0007331
-0.0027374  0.0006422
-0.0025246  0.0000133
-0.0024837 -0.0002965
-0.0021582 -0.0003741
-0.0019574 -0.0007925
-0.0017034 -0.0009728
-0.0012591 -0.0008565
-0.0011636 -0.0009306
-0.0009599 -0.0007378
-0.0008149 -0.0003011
-0.0010949 -0.0001223
-0.0008476  0.0003194
-0.0008133  0.0004238
-0.0007580  0.0005762
-0.0007627  0.0005974
-0.0007468  0.0007195
-0.0008322  0.0007456
-0.0007205  0.0006180
-0.0008637  0.0005202
-0.0009024  0.0004302
-0.0007115  0.0002477
-0.0005950  0.0001924
-0.0003043  0.0000686
-0.0000271  0.0002746
 0.0003298  0.0004111
 0.0007372  0.0007399
 0.0008665  0.0010379
 0.0010984  0.0013262
 0.0012512  0.0015563
 0.0013366  0.0017731
 0.0014636  0.0017428
 0.0013970  0.0020947
 0.0016875  0.0020456
 0.0016803  0.0019749
 0.0012303  0.0023740
 0.0011041  0.0028490
 0.0006430  0.0030165
 0.0002504  0.0032347
 0.0002209  0.0031871
 0.0001155  0.0032057
 0.0002807  0.0028916
 0.0006646  0.0026530
 0.0010012  0.0025399
 0.0016076  0.0024969
 0.0021089  0.0023524
 0.0026103  0.0027198
 0.0029973  0.0030864
 0.0033522  0.0037659
 0.0033347  0.0044002
 0.0034118  0.0050876
 0.0031298  0.0056745
 0.0028514  0.0062752
 0.0023374  0.0066955
 0.0023028  0.0070577
 0.0019635  0.0073435
 0.0016330  0.0074200
 0.0013661  0.0078823
 0.0009411  0.0079100
 0.0012035  0.0079774
 0.0012404  0.0082354
 0.0016801  0.0081486
 0.0020715  0.0084284
 0.0023667  0.0083999
 0.0026751  0.0086983
 0.0029253  0.0085873
 0.0027551  0.0085786
 0.0026631  0.0084862
 0.0030026  0.0082482
 0.0031573  0.0079514
 0.0033729  0.0075404
 0.0034764  0.0073363
 0.0036602  0.0074148
 0.0036521  0.0072148
 0.0035913  0.0074344
 0.0035321  0.0074728
 0.0038269  0.0072614
 0.0037019  0.0073094
 0.0040370  0.0072497
 0.0042247  0.0073448
 0.0041105  0.0075614
 0.0041707  0.0077628
 0.0043540  0.0077882
 0.0042700  0.0079215
 0.0040629  0.0080561
 0.0040833  0.0081367
 0.0040175  0.0081771
 0.0037817  0.0080360
 0.0038114  0.0078374
 0.0039545  0.0076375
 0.0041970  0.0074732
 0.0047325  0.0076585
 0.0050390  0.0078188
 0.0052701  0.0085177
 0.0052615  0.0089371
 0.0049762  0.0097967
 0.0047980  0.0100862
 0.0042620  0.0109010
 0.0037935  0.0113398
 0.0035528  0.0118031
 0.0033887  0.0120890
 0.0034333  0.0123972
 0.0037440  0.0126811
 0.0039618  0.0128743
 0.0044780  0.0131725
 0.0052067  0.0135442
 0.0058293  0.0144114
 0.0061491  0.0149985
 0.0071084  0.0158971
 0.0075888  0.0169529
 0.0081184  0.0180850
 0.0091265  0.0194379
 0.0094623  0.0210838
 0.0101531  0.0228873
 0.0104662  0.0244763
 0.0109827  0.0263583
 0.0117289  0.0281491
 0.0123657  0.0299506
 0.0130158  0.0314679
 0.0141650  0.0330108
 0.0150557  0.0346659
 0.0162144  0.0360724
 0.0172605  0.0380176
 0.0185461  0.0398649
 0.0196840  0.0418362
 0.0212738  0.0440423
 0.0229907  0.0462865
 0.0248512  0.0487217
 0.0269309  0.0509213
 0.0287041  0.0533037
 0.0304410  0.0558739
 0.0323883  0.0581404
 0.0342211  0.0602413
 0.0358389  0.0625154
 0.0376312  0.0647619
 0.0396154  0.0668353
 0.0416573  0.0691258
 0.0437970  0.0713187
 0.0458476  0.0736396
 0.0480254  0.0758848
 0.0501905  0.0782929
 0.0524036  0.0809166
 0.0547877  0.0836466
 0.0571083  0.0861881
 0.0594123  0.0886825
 0.0621063  0.0914563
 0.0646103  0.0940079
 0.0671610  0.0965279
 0.0698069  0.0988755
 0.0724305  0.1012731
 0.0750070  0.1036924
 0.0776996  0.1060234
 0.0806186  0.1082315
 0.0830996  0.1108498
 0.0857601  0.1136133
 0.0885752  0.1161561
 0.0912680  0.1186973
 0.0942260  0.1217187
 0.0972824  0.1245167
 0.1003660  0.1279372
 0.1035012  0.1312909
 0.1066622  0.1348568
 0.1099333  0.1383821
 0.1129505  0.1415642
 0.1158155  0.1446797
 0.1188438  0.1476051
 0.1222003  0.1504743
 0.1255468  0.1533601
 0.1288287  0.1562675
 0.1324749  0.1592710
 0.1356635  0.1625098
 0.1391108  0.1653758
 0.1422602  0.1687297
 0.1453410  0.1721385
 0.1486213  0.1755482
 0.1519762  0.1786536
 0.1551668  0.1826131
 0.1584349  0.1863363
 0.1620450  0.1900300
 0.1652172  0.1940109
 0.1688311  0.1977333
 0.1725715  0.2016470
 0.1762048  0.2054449
 0.1799132  0.2094627
 0.1840179  0.2132602
 0.1881498  0.2172302
 0.1923875  0.2214710
 0.1965502  0.2253054
 0.2008366  0.2290933
 0.2050501  0.2325938
 0.2095870  0.2360840
 0.2138669  0.2393810
 0.2183279  0.2424325
 0.2229504  0.2455886
 0.2273826  0.2489341
 0.2323321  0.2520234
 0.2370590  0.2551881
 0.2418052  0.2583981
 0.2466734  0.2613529
 0.2513698  0.2644507
 0.2562579  0.2672888
 0.2606666  0.2700791
 0.2649906  0.2726137
 0.2692709  0.2752416
 0.2736257  0.2774382
 0.2776275  0.2796431
 0.2820621  0.2819622
 0.2860898  0.2837326
 0.2901158  0.2858402
 0.2943315  0.2877390
 0.2983492  0.2890685
 0.3021894  0.2903512
 0.3058042  0.2912437
 0.3095622  0.2919769
 0.3129545  0.2929457
 0.3162937  0.2931706
 0.3195388  0.2932429
 0.3224733  0.2935423
 0.3251622  0.2932441
 0.3278421  0.2929845
 0.3301825  0.2928345
 0.3324382  0.2920339
 0.3342615  0.2910352
 0.3363616  0.2899844
 0.3381866  0.2887096
 0.3399909  0.2872486
 0.3417745  0.2858387
 0.3436333  0.2841617
 0.3453060  0.2827983
 0.3467718  0.2813696
 0.3479701  0.2795029
 0.3488002  0.2776243
 0.3492238  0.2755678
 0.3498001  0.2732907
 0.3496974  0.2710570
 0.3495823  0.2685776
 0.3488366  0.2658560
 0.3477424  0.2632480
 0.3466384  0.2602535
 0.3452747  0.2569644
 0.3440443  0.2535980
 0.3426443  0.2501831
 0.3412379  0.2468441
 0.3399669  0.2433410
 0.3385806  0.2401453
 0.3371286  0.2369222
 0.3354347  0.2339629
 0.3337905  0.2309404
 0.3319768  0.2282466
 0.3298410  0.2252038
 0.3279067  0.2220967
 0.3259814  0.2189328
 0.3239877  0.2157866
 0.3220413  0.2124696
 0.3199416  0.2093175
 0.3176117  0.2064507
 0.3147710  0.2037004
 0.3121977  0.2007987
 0.3091330  0.1981915
 0.3061386  0.1952965
 0.3031052  0.1925072
 0.2999483  0.1897445
 0.2969671  0.1868866
 0.2938328  0.1844435
 0.2907045  0.1813177
 0.2877911  0.1783577
 0.2848870  0.1755609
 0.2819822  0.1726213
 0.2792014  0.1696701
 0.2763626  0.1665005
 0.2733921  0.1637332
 0.2704956  0.1608445
 0.2674362  0.1578095
 0.2643235  0.1548026
 0.2616407  0.1517861
 0.2583263  0.1487174
 0.2551955  0.1457900
 0.2520897  0.1426539
 0.2488304  0.1397564
 0.2455042  0.1367760
 0.2423695  0.1336606
 0.2389552  0.1304309
 0.2355619  0.1273356
 0.2325344  0.1240267
 0.2287856  0.1208806
 0.2254791  0.1174992
 0.2221508  0.1141312
 0.2188706  0.1109438
 0.2154555  0.1079970
 0.2122233  0.1048373
 0.2090381  0.1018659
 0.2058641  0.0988234
 0.2025947  0.0959879
 0.1995555  0.0929681
 0.1960649  0.0899994
 0.1923729  0.0874328
 0.1888851  0.0848332
 0.1852466  0.0821011
 0.1812549  0.0794513
 0.1774603  0.0766761
 0.1735101  0.0736324
 0.1696539  0.0705508
 0.1658762  0.0673333
 0.1621444  0.0641997
 0.1584028  0.0612757
 0.1545967  0.0583217
 0.1509042  0.0556853
 0.1473212  0.0532517
 0.1438603  0.0507220
 0.1403828  0.0483864
 0.1368573  0.0462277
 0.1335222  0.0441979
 0.1302345  0.0421786
 0.1269546  0.0402045
 0.1237711  0.0382415
 0.1208045  0.0365070
 0.1176238  0.0345813
 0.1143783  0.0328680
 0.1111727  0.0312207
 0.1077990  0.0296659
 0.1044834  0.0281916
 0.1011553  0.0269556
 0.0975404  0.0257825
 0.0941764  0.0244582
 0.0910859  0.0231167
 0.0878601  0.0219436
 0.0851453  0.0206789
 0.0825173  0.0196494
 0.0800139  0.0184329
 0.0777053  0.0175249
 0.0752919  0.0163742
 0.0728884  0.0150602
 0.0706922  0.0142751
 0.0686517  0.0133525
 0.0662841  0.0122877
 0.0642327  0.0118050
 0.0619693  0.0113907
 0.0597000  0.0106680
 0.0574671  0.0102337
 0.0553468  0.0099339
 0.0531725  0.0092853
 0.0515224  0.0087543
 0.0497455  0.0082710
 0.0483566  0.0075796
 0.0468302  0.0067746
 0.0455253  0.0062584
 0.0440300  0.0054434
 0.0428533  0.0050986
 0.0413330  0.0046559
 0.0399928  0.0043492
 0.0392933  0.0042412
 0.0379676  0.0042610
 0.0367400  0.0043074
 0.0354411  0.0039433
 0.0340354  0.0041542
 0.0325932  0.0040008
 0.0313366  0.0035977
 0.0302806  0.0033609
 0.0291188  0.0031021
 0.0285729  0.0029886
 0.0281193  0.0028437
 0.0273526  0.0030080
 0.0266494  0.0028937
 0.0262844  0.0031901
 0.0254435  0.0031788
 0.0249269  0.0034374
 0.0242397  0.0031864
 0.0236694  0.0031303
 0.0230394  0.0030516
 0.0222951  0.0027582
 0.0218932  0.0024235
 0.0212987  0.0019798
 0.0210877  0.0020244
 0.0209589  0.0017121
 0.0208543  0.0018022
 0.0206698  0.0016708
 0.0202091  0.0018678
 0.0197303  0.0020344
 0.0192660  0.0016954
 0.0186412  0.0019161
 0.0181432  0.0019027
 0.0178283  0.0013447
 0.0176056  0.0016328
 0.0171259  0.0016883
 0.0167244  0.0015432
 0.0163966  0.0017055
 0.0160239  0.0020020
 0.0151976  0.0016441
 0.0150258  0.0013502
 0.0144180  0.0013772
 0.0139367  0.0009739
 0.0136436  0.0011697
 0.0133516  0.0012142
 0.0128138  0.0011784
 0.0128494  0.0014603
 0.0123112  0.0015122
 0.0119203  0.0016674
 0.0115539  0.0019113
 0.0111217  0.0021400
 0.0105758  0.0020169
 0.0100381  0.0020451
 0.0097475  0.0022545
 0.0095764  0.0023290
 0.0093018  0.0024909
 0.0090735  0.0023328
 0.0087722  0.0018497
 0.0089088  0.0013950
 0.0088539  0.0007098
 0.0089615  0.0000392
 0.0090956 -0.0001723
 0.0089622 -0.0005654
 0.0087805 -0.0010347
 0.0082528 -0.0009368
 0.0080806 -0.0012344
 0.0079104 -0.0013002
 0.0075444 -0.0008851
 0.0070858 -0.0007307
 0.0068570 -0.0004971
 0.0064632  0.0001029
 0.0058899  0.0001130
 0.0060447  0.0000098
 0.0062429 -0.0000083
 0.0061442 -0.0000005
 0.0064618  0.0002941
 0.0066111  0.0006778
 0.0065447  0.0009560
 0.0063925  0.0013028
 0.0061157  0.0014934
 0.0060043  0.0013791
 0.0058220  0.0011030
 0.0060984  0.0010757
 0.0060915  0.0008178
 0.0059066  0.0007255
 0.0057338  0.0009633
 0.0055031  0.0011004
 0.0049174  0.0011307
 0.0045056  0.0012571
 0.0039864  0.0012684
 0.0036781  0.0010298
 0.0033315  0.0005600
 0.0032901  0.0002713
 0.0032410 -0.0002931
 0.0029887 -0.0009932
 0.0026885 -0.0014430
 0.0023725 -0.0018259
 0.0021521 -0.0021210
 0.0017106 -0.0020982
 0.0012130 -0.0021085
 0.0013935 -0.0022111
 0.0012538 -0.0022422
 0.0012684 -0.0021792
 0.0016176 -0.0019923
 0.0017806 -0.0024265
 0.0017694 -0.0022582
 0.0017133 -0.0023573
 0.0019307 -0.0024352
 0.0016903 -0.0024449
 0.0016685 -0.0022695
 0.0013889 -0.0021912
 0.0010223 -0.0021621
 0.0006498 -0.0018803
 0.0001718 -0.0017385
-0.0000335 -0.0016971
-0.0004625 -0.0017006
-0.0006504 -0.0013558
-0.0008167 -0.0013407
-0.0009103 -0.0010177
-0.0008312 -0.0006366
-0.0006778 -0.0006671
-0.0006257 -0.0004484
-0.0004422 -0.0002375
-0.0002377 -0.0002657
 0.0001972 -0.0001085
 0.0005717 -0.0001161
 0.0006716  0.0000311
 0.0010084  0.0000210
 0.0012191  0.0000216
 0.0011719  0.0000555
 0.0013491 -0.0004339
 0.0012310 -0.0005332
 0.0012657 -0.0010518
 0.0012675 -0.0015404
 0.0014251 -0.0017582
 0.0012769 -0.0020743
 0.0013282 -0.0022273
 0.0013624 -0.0024728
 0.0012106 -0.0022431
 0.0011598 -0.0024233
 0.0007764 -0.0022998
 0.0006178 -0.0023373
 0.0003289 -0.0025570
 0.0002742 -0.0027588
 0.0000164 -0.0026218
 0.0001323 -0.0024980
 0.0002562 -0.0025935
 0.0002653 -0.0027542
 0.0005047 -0.0025523
 0.0006293 -0.0025907
 0.0008414 -0.0026710
 0.0009848 -0.0027568
 0.0010260 -0.0027459
 0.0010928 -0.0024432
 0.0014277 -0.0024337
 0.0015216 -0.0021564
 0.0017020 -0.0020673
 0.0019576 -0.0020562
 0.0024574 -0.0021535
 0.0026086 -0.0022106
 0.0026199 -0.0022312
 0.0029272 -0.0022510
 0.0030148 -0.0020116
 0.0030251 -0.0020762
 0.0030283 -0.0021465
 0.0031630 -0.0020235
 0.0031925 -0.0021418
 0.0032405 -0.0020203
 0.0031622 -0.0017038
 0.0031049 -0.0016374
 0.0029613 -0.0014829
 0.0028854 -0.0014030
 0.0027328 -0.0012754
 0.0025045 -0.0012742
 0.0022671 -0.0015128
 0.0023801 -0.0015699
 0.0023040 -0.0014443
 0.0024447 -0.0010991
 0.0023555 -0.0008310
 0.0023472 -0.0004618
 0.0021233  0.0000626
 0.0019513  0.0006040
 0.0020202  0.0006678
 0.0019180  0.0010450
 0.0019211  0.0013301
 0.0019994  0.0013400
 0.0015400  0.0013886
 0.0013593  0.0014109
 0.0008423  0.0012603
 0.0004836  0.0012225
 0.0001470  0.0011682
 0.0000120  0.0009853
-0.0001059  0.0013616
 0.0000283  0.0015252
 0.0001613  0.0019019
 0.0004484  0.0020773
 0.0006210  0.0022449
 0.0004870  0.0024153
 0.0001319  0.0025532
-0.0003583  0.0024968
-0.0009817  0.0022657
-0.0013943  0.0020642
-0.0017323  0.0017469
-0.0019711  0.0014959
-0.0020720  0.0014059
-0.0022520  0.0014598
-0.0020233  0.0016693
-0.0020021  0.0015716
-0.0018555  0.0015883
-0.0018093  0.0016063
-0.0019321  0.0020359
-0.0021434  0.0019129
-0.0024654  0.0021021
-0.0025613  0.0019404
-0.0028263  0.0019793
-0.0028923  0.0017694
-0.0025952  0.0014222
-0.0025197  0.0012599
-0.0023782  0.0009720
-0.0020261  0.0007778
-0.0020271  0.0006229
-0.0017603  0.0000530
-0.0015213 -0.0000833
-0.0014078 -0.0003946
-0.0013507 -0.0009481
-0.0016311 -0.0008741
-0.0018711 -0.0011448
-0.0017556 -0.0014654
-0.0016218 -0.0015631
-0.0016400 -0.0017270
-0.0016791 -0.0015468
-0.0015069 -0.0015486
-0.0016228 -0.0015003
-0.0015788 -0.0015670
-0.0013303 -0.0014301
-0.0011234 -0.0014858
-0.0008943 -0.0012264
-0.0006701 -0.0013800
-0.0006329 -0.0013279
-0.0005001 -0.0015477
-0.0002294 -0.0014395
 0.0001177 -0.0016060
 0.0004449 -0.0014592
 0.0006771 -0.0013720
 0.0011206 -0.0013861
 0.0011989 -0.0010010
 0.0013889 -0.0008631
 0.0012825 -0.0006085
 0.0010437 -0.0003180
 0.0006908  0.0000585
 0.0001833  0.0002534
-0.0001417  0.0003002
-0.0002356  0.0002421
-0.0005917  0.0004968
-0.0004185  0.0004889
-0.0001607  0.0004227
-0.0001246  0.0006418
 0.0001837  0.0005590
 0.0001928  0.0007867
 0.0004708  0.0008162
 0.0004625  0.0006737
 0.0002709  0.0005786
 0.0002515  0.0009821
 0.0001660  0.0005423
 0.0002096  0.0002354
 0.0003002  0.0000154
 0.0005811 -0.0004952
 0.0007836 -0.0009115
 0.0010153 -0.0010891
 0.0015309 -0.0013809
 0.0015377 -0.0011633
 0.0016223 -0.0010987
 0.0018565 -0.0007409
 0.0017131 -0.0004698
 0.0015125  0.0000216
 0.0013974  0.0006523
 0.0010831  0.0009817
 0.0008259  0.0014036
 0.0004595  0.0017095
 0.0003269  0.0016200
 0.0002976  0.0018098
-0.0000385  0.0017647
-0.0001332  0.0017153
-0.0000262  0.0017417
-0.0001106  0.0018665
-0.0001097  0.0015689
 0.0000063  0.0016388
 0.0000080  0.0016038
-0.0000425  0.0015086
-0.0002036  0.0015189
-0.0000708  0.0010311
-0.0001966  0.0008533
 0.0000705  0.0005379
 0.0002094  0.0003758
 0.0005142  0.0003159
 0.0006710  0.0003597
 0.0004599  0.0001118
 0.0006199  0.0000672
 0.0005047 -0.0002386
 0.0000904 -0.0007851
 0.0001560 -0.0011484
 0.0003585 -0.0014486
 0.0005059 -0.0020621
 0.0007564 -0.0021159
 0.0010562 -0.0024643
 0.0013065 -0.0023818
 0.0011755 -0.0021936
 0.0010524 -0.0021327
 0.0008967 -0.0019803
 0.0006087 -0.0018454
 0.0003967 -0.0018075
 0.0002899 -0.0011407
-0.0000188 -0.0006951
-0.0003605 -0.0001753
-0.0008575  0.0005480
-0.0013061  0.0006966
-0.0015879  0.0010227
-0.0017956  0.0012054
-0.0018398  0.0009752
-0.0017208  0.0009932
-0.0015406  0.0010957
-0.0012620  0.0010384
-0.0010827  0.0009742
-0.0010798  0.0009160
-0.0010352  0.0003895
-0.0005967 -0.0002536
-0.0002723 -0.0005796
 0.0002241 -0.0008881
 0.0007910 -0.0010795
 0.0014455 -0.0011071
 0.0019580 -0.0009919
 0.0020283 -0.0006826
 0.0018898 -0.0003380
 0.0015483 -0.0001559
 0.0012435 -0.0000637
 0.0007535  0.0002129
 0.0005777 -0.0000300
 0.0002763 -0.0002724
 0.0001077 -0.0003611
 0.0000059 -0.0001594
 0.0002414 -0.0004378
 0.0004863 -0.0003114
 0.0004376 -0.0002149
 0.0005230 -0.0003378
 0.0004748 -0.0004414
 0.0004550 -0.0008419
 0.0003942 -0.0012426
 0.0006708 -0.0017495
 0.0010047 -0.0016500
 0.0012645 -0.0017216
 0.0015687 -0.0015381
 0.0019436 -0.0014268
 0.0021208 -0.0013493
 0.0022761 -0.0012698
 0.0021923 -0.0011444
 0.0023399 -0.0008462
 0.0021254 -0.0005991
 0.0018593 -0.0001203
 0.0015054  0.0000995
 0.0013415  0.0001203
 0.0011190 -0.0000920
 0.0009212 -0.0002457
 0.0010905 -0.0007441
 0.0012403 -0.0009298
 0.0015419 -0.0012659
 0.0017360 -0.0017632
 0.0016569 -0.0022238
 0.0020761 -0.0026173
 0.0024088 -0.0028821
 0.0027552 -0.0029283
 0.0029670 -0.0031924
 0.0030371 -0.0030589
 0.0027141 -0.0026269
 0.0023933 -0.0027505
 0.0022317 -0.0026092
 0.0019488 -0.0023819
 0.0017052 -0.0021618
 0.0020133 -0.0016887
 0.0018916 -0.0013721
 0.0018730 -0.0012678
 0.0016798 -0.0006955
 0.0014000 -0.0006769
 0.0015879 -0.0008871
 0.0013376 -0.0008174
 0.0011615 -0.0008733
 0.0010553 -0.0010727
 0.0006330 -0.0012308
 0.0000765 -0.0009312
-0.0002110 -0.0009568
-0.0007567 -0.0010436
-0.0010243 -0.0009512
-0.0011027 -0.0011922
-0.0012062 -0.0013398
-0.0014937 -0.0016889
-0.0016562 -0.0020755
-0.0017345 -0.0022572
-0.0016312 -0.0024386
-0.0019740 -0.0026486
-0.0021033 -0.0026857
-0.0020456 -0.0026381
-0.0023226 -0.0024372
-0.0027374 -0.0026535
-0.0028238 -0.0028448
-0.0027326 -0.0035092
-0.0024492 -0.0034884
-0.0018856 -0.0036015
-0.0015139 -0.0034291
-0.0009380 -0.0032843
-0.0001783 -0.0029678
 0.0000429 -0.0022980
 0.0000639 -0.0018294
 0.0001136 -0.0016302
-0.0000867 -0.0013532
-0.0002691 -0.0010853
-0.0004129 -0.0009806
-0.0003527 -0.0007030
-0.0003717 -0.0007966
-0.0005556 -0.0006210
-0.0006313 -0.0005241
-0.0006751 -0.0006866
-0.0005530 -0.0007425
-0.0005895 -0.0008495
-0.0003585 -0.0009274
-0.0001387 -0.0010714
 0.0001696 -0.0012545
 0.0004310 -0.0013003
 0.0005007 -0.0014832
 0.0005233 -0.0018734
 0.0006202 -0.0023211
 0.0003069 -0.0027204
 0.0001729 -0.0031294
 0.0003549 -0.0035081
 0.0005479 -0.0038529
 0.0004418 -0.0036302
 0.0006636 -0.0034384
 0.0005112 -0.0033716
 0.0003425 -0.0028520
-0.0000960 -0.0026124
-0.0001604 -0.0023832
-0.0004943 -0.0019779
-0.0006337 -0.0016527
-0.0006428 -0.0017227
-0.0004896 -0.0014546
-0.0001347 -0.0014944
-0.0000196 -0.0015437
 0.0005817 -0.0013366
 0.0010802 -0.0013731
 0.0014996 -0.0012617
 0.0017653 -0.0007074
 0.0017717 -0.0004667
 0.0017709 -0.0000456
 0.0015200  0.0003590
 0.0009919  0.0007734
 0.0007151  0.0009945
 0.0002819  0.0011945
-0.0002472  0.0012997
-0.0005656  0.0013568
-0.0007782  0.0011442
-0.0009397  0.0008816
-0.0006912  0.0006797
-0.0004804  0.0003729
-0.0005214  0.0001708
-0.0004837  0.0001942
-0.0003585 -0.0001280
-0.0002418 -0.0004465
-0.0002224 -0.0003679
 0.0000705 -0.0009875
 0.0003124 -0.0011490
 0.0004697 -0.0015226
 0.0007705 -0.0016591
 0.0009039 -0.0016916
 0.0008550 -0.0017169
 0.0007194 -0.0018849
 0.0006879 -0.0019378
 0.0005048 -0.0021233
 0.0004145 -0.0023959
 0.0003725 -0.0023923
 0.0006194 -0.0025984
 0.0007118 -0.0025992
 0.0007100 -0.0024884
 0.0007956 -0.0022764
 0.0007839 -0.0022752
 0.0003484 -0.0017288
 0.0001867 -0.0017273
-0.0000426 -0.0014463
-0.0003505 -0.0013494
-0.0004431 -0.0012594
-0.0005372 -0.0014152
-0.0007179 -0.0011695
-0.0008874 -0.0010444
-0.0009456 -0.0010474
-0.0010725 -0.0010905
-0.0011297 -0.0010127
-0.0007847 -0.0008304
-0.0011426 -0.0010053
-0.0011115 -0.0010121
-0.0012086 -0.0011934
-0.0014012 -0.0008488
-0.0012868 -0.0009313
-0.0012987 -0.0008165
-0.0012733 -0.0007274
-0.0011497 -0.0005825
-0.0012844 -0.0006017
-0.0016693 -0.0006901
-0.0018589 -0.0010066
-0.0019905 -0.0014138
-0.0020569 -0.0016470
-0.0020339 -0.0017344
-0.0020329 -0.0018816
-0.0020203 -0.0015082
-0.0019614 -0.0014607
-0.0018828 -0.0009223
-0.0021334 -0.0005440
-0.0023740 -0.0003824
-0.0025072 -0.0001503
-0.0025797 -0.0000196
-0.0028783  0.0001776
-0.0030447  0.0004669
-0.0030235  0.0006613
-0.0032546  0.0008236
-0.0031398  0.0008695
-0.0032744  0.0008876
-0.0034759  0.0006841
-0.0033525  0.0007241
-0.0031135  0.0009090
-0.0030457  0.0009484
-0.0027193  0.0013705
-0.0024225  0.0018423
-0.0023060  0.0019555
-0.0024384  0.0023076
-0.0023141  0.0024025
-0.0023159  0.0022749
-0.0024231  0.0022068
-0.0020196  0.0017191
-0.0019269  0.0015496
-0.0017073  0.0010255
-0.0014679  0.0009141
-0.0015947  0.0009878
-0.0015173  0.0008972
-0.0016695  0.0010450
-0.0020251  0.0011819
-0.0021534  0.0011738
-0.0024310  0.0015269
-0.0025995  0.0015141
-0.0024915  0.0015206
-0.0025117  0.0014412
-0.0022995  0.0010872
-0.0019352  0.0008110
-0.0015039  0.0002462
-0.0013576  0.0000822
-0.0009657  0.0000185
-0.0008573  0.0000003
-0.0009740  0.0000948
-0.0009452  0.0005078
-0.0010023  0.0004119
-0.0013751  0.0006392
-0.0014702  0.0008003
-0.0016137  0.0006612
-0.0016513  0.0003123
-0.0013438  0.0000430
-0.0011038 -0.0000854
-0.0007011 -0.0004708
 0.0000770 -0.0004248
 0.0005017 -0.0004445
 0.0008069 -0.0002623
 0.0013258  0.0000200
 0.0015638  0.0002116
 0.0016609  0.0006834
 0.0018827  0.0007437
 0.0016849  0.0006557
 0.0015216  0.0008844
 0.0011994  0.0003478
 0.0009732  0.0000553
 0.0005137  0.0000638
 0.0002963 -0.0002065
 0.0002109 -0.0005059
 0.0002184 -0.0006028
 0.0001408 -0.0008736
 0.0002135 -0.0012107
 0.0001923 -0.0012606
 0.0004026 -0.0014923
 0.0002882 -0.0014659
 0.0001412 -0.0014279
 0.0000463 -0.0016110
 0.0001527 -0.0016490
 0.0001055 -0.0018394
 0.0002294 -0.0017507
-0.0000001 -0.0019157
 0.0003810 -0.0021529
 0.0005627 -0.0021268
 0.0005716 -0.0020949
 0.0006352 -0.0020767
 0.0006795 -0.0019905
 0.0009190 -0.0021036
 0.0010120 -0.0018355
 0.0008412 -0.0018504
 0.0009396 -0.0018797
 0.0011645 -0.0017440
 0.0008033 -0.0017156
 0.0010262 -0.0012829
 0.0008940 -0.0010767
 0.0004727 -0.0006380
 0.0007571 -0.0002464
 0.0004373  0.0000917
 0.0003085  0.0002722
 0.0000529  0.0005756
-0.0003446  0.0008229
-0.0008937  0.0008784
-0.0010296  0.0008540
-0.0012619  0.0006925
-0.0018631  0.0006852
-0.0016521  0.0004041
-0.0020514  0.0000696
-0.0020403  0.0002640
-0.0019224  0.0001511
-0.0020241  0.0002359
-0.0017738  0.0003720
-0.0019058  0.0005238
-0.0019787  0.0006477
-0.0019121  0.0007541
-0.0020350  0.0009284
-0.0022571  0.0006187
-0.0024602  0.0005535
-0.0025282  0.0000839
-0.0024549 -0.0004924
-0.0022660 -0.0008550
-0.0021162 -0.0015149
-0.0018613 -0.0016552
-0.0016445 -0.0017953
-0.0014667 -0.0020865
-0.0013798 -0.0021499
-0.0015145 -0.0020792
-0.0015426 -0.0022088
-0.0014810 -0.0018440
-0.0016693 -0.0017485
-0.0015704 -0.0012990
-0.0017284 -0.0009352
-0.0016058 -0.0007858
-0.0013125 -0.0004225
-0.0009919 -0.0004903
-0.0004753 -0.0000821
-0.0004169 -0.0002862
-0.0000580 -0.0003254
 0.0002563 -0.0006452
 0.0002871 -0.0006834
 0.0007361 -0.0008747
 0.0008766 -0.0007599
 0.0010009 -0.0007421
 0.0011818 -0.0007829
 0.0011616 -0.0009099
 0.0013225 -0.0013621
 0.0015976 -0.0015525
 0.0021705 -0.0018399
 0.0024392 -0.0018936
 0.0030513 -0.0018025
 0.0033971 -0.0014902
 0.0033406 -0.0010180
 0.0036484 -0.0006021
 0.0033640  0.0000047
 0.0031087  0.0005409
 0.0028446  0.0010419
 0.0024647  0.0015589
 0.0018817  0.0017105
 0.0015394  0.0020667
 0.0012983  0.0022011
 0.0009907  0.0019807
 0.0012182  0.0022518
 0.0011961  0.0019155
 0.0014610  0.0018327
 0.0022360  0.0015935
 0.0023203  0.0013545
 0.0026072  0.0013957
 0.0028595  0.0012709
 0.0027766  0.0013495
 0.0026438  0.0013123
 0.0022148  0.0016827
 0.0017295  0.0015390
 0.0012480  0.0014492
 0.0008998  0.0015073
 0.0005719  0.0013415
 0.0001100  0.0014588
-0.0002368  0.0011718
-0.0003494  0.0012765
-0.0004637  0.0013319
-0.0003175  0.0016764
-0.0006155  0.0017332
-0.0007913  0.0020598
-0.0009664  0.0017439
-0.0013909  0.0016034
-0.0015078  0.0014522
-0.0015472  0.0009655
-0.0017763  0.0008791
-0.0016610  0.0007081
-0.0013017  0.0003443
-0.0011848  0.0003601
-0.0008697  0.0003393
-0.0004251  0.0002630
-0.0000997  0.0003391
 0.0003676  0.0006984
 0.0004621  0.0004852
 0.0005850  0.0004965
 0.0004936  0.0005326
 0.0005020  0.0003804
 0.0003375  0.0004497
 0.0001919  0.0005151
-0.0001611  0.0005357
-0.0002845  0.0007361
-0.0005738  0.0007908
-0.0006527  0.0008865
-0.0008279  0.0010123
-0.0008845  0.0009265
-0.0010492  0.0008209
-0.0010700  0.0006594
-0.0013744  0.0004406
-0.0014418  0.0001539
-0.0017695 -0.0001830
-0.0015953 -0.0002880
-0.0013577 -0.0005371
-0.0011176 -0.0007862
-0.0008308 -0.0011809
-0.0005201 -0.0013068
-0.0005021 -0.0013379
-0.0002788 -0.0017155
-0.0001743 -0.0020383
 0.0002091 -0.0022265
 0.0005420 -0.0025120
 0.0008092 -0.0025877
 0.0013373 -0.0026021
 0.0017294 -0.0022331
 0.0017481 -0.0019680
 0.0014082 -0.0017377
 0.0013913 -0.0016123
 0.0009201 -0.0014112
 0.0007303 -0.0012558
 0.0007689 -0.0011544
 0.0007772 -0.0009998
 0.0008434 -0.0009009
 0.0013341 -0.0011853
 0.0014325 -0.0010981
 0.0016442 -0.0012105
 0.0019745 -0.0010952
 0.0018899 -0.0010682
 0.0014711 -0.0009931
 0.0012476 -0.0010119
 0.0007277 -0.0011275
 0.0005442 -0.0011517
 0.0002860 -0.0011974
 0.0000491 -0.0011955
 0.0001098 -0.0012704
 0.0001230 -0.0011436
 0.0001819 -0.0007962
 0.0004555 -0.0008317
 0.0004947 -0.0006563
 0.0005833 -0.0005436
 0.0007107 -0.0005135
 0.0007200 -0.0005523
 0.0007321 -0.0003424
 0.0006984 -0.0003834
 0.0007846 -0.0001268
 0.0006391  0.0001572
 0.0004386  0.0005676
 0.0000332  0.0008815
-0.0002105  0.0012435
-0.0001554  0.0014454
-0.0002743  0.0017052
-0.0003544  0.0020153
-0.0002503  0.0020090
-0.0006090  0.0022505
-0.0008812  0.0021923
-0.0012080  0.0019450
-0.0014668  0.0018007
-0.0014495  0.0014048
-0.0014224  0.0007336
-0.0016045  0.0004346
-0.0014018 -0.0001886
-0.0013703 -0.0002845
-0.0010221 -0.0005497
-0.0008382 -0.0003460
-0.0005480 -0.0001994
-0.0002390  0.0002437
 0.0000408  0.0006351
-0.0000825  0.0010288
-0.0002626  0.0014476
-0.0004150  0.0015332
-0.0005811  0.0015306
-0.0006086  0.0012599
-0.0006017  0.0008856
-0.0007279  0.0005468
-0.0007495  0.0003932
-0.0006266  0.0000488
-0.0008123  0.0002977
-0.0006222  0.0003542
-0.0004015  0.0004883
-0.0003771  0.0003621
-0.0000721  0.0004271
 0.0001760  0.0003413
 0.0006070  0.0001978
 0.0008480  0.0000767
 0.0010138 -0.0001920
 0.0009948 -0.0002689
 0.0009375 -0.0003285
 0.0010322 -0.0009160
 0.0006484 -0.0009219
 0.0002461 -0.0009592
 0.0000489 -0.0010934
-0.0004130 -0.0007392
-0.0009674 -0.0007202
-0.0009250 -0.0008260
-0.0008450 -0.0006800
-0.0005561 -0.0005111
-0.0002676 -0.0002523
-0.0000098  0.0002548
 0.0000007  0.0005395
 0.0000576  0.0009472
-0.0000121  0.0014071
-0.0000294  0.0014259
-0.0002997  0.0011671
-0.0005697  0.0007250
-0.0005008  0.0000346
-0.0003581 -0.0003981
-0.0001607 -0.0004736
 0.0000622 -0.0007602
 0.0000505 -0.0006042
-0.0000874 -0.0004118
-0.0003656 -0.0002973
-0.0010031 -0.0000080
-0.0016972  0.0002623
-0.0019738  0.0001711
-0.0021567  0.0003166
-0.0020488  0.0003199
-0.0020175 -0.0001212
-0.0020844  0.0001180
-0.0019495  0.0000914
-0.0019949  0.0002557
-0.0019642  0.0002483
-0.0022987  0.0006062
-0.0022680  0.0002846
-0.0024138  0.0002862
-0.0022282  0.0002893
-0.0021837  0.0001026
-0.0018673  0.0002243
-0.0014244  0.0001228
-0.0011157  0.0003193
-0.0007592  0.0003209
-0.0002767  0.0004009
-0.0003916  0.0003623
-0.0001994  0.0005240
-0.0001128  0.0003794
-0.0001921  0.0004622
-0.0001954  0.0005835
-0.0001811  0.0003792
-0.0004054  0.0003081
-0.0005247  0.0002376
-0.0006020  0.0001424
-0.0004006  0.0000152
-0.0001284  0.0001655
-0.0000226  0.0002499
 0.0001155  0.0004657
 0.0005495  0.0006478
 0.0006943  0.0006627
 0.0007891  0.0008710
 0.0007998  0.0011670
 0.0009236  0.0009853
 0.0006030  0.0010222
 0.0004102  0.0007937
 0.0003949  0.0005985
 0.0003091  0.0005723
 0.0000293  0.0006210
 0.0000707  0.0004477
 0.0000016  0.0007986
-0.0002204  0.0009534
-0.0001962  0.0008832
-0.0003911  0.0007303
-0.0003091  0.0004719
-0.0001880  0.0000308
 0.0004816 -0.0002158
 0.0004067 -0.0008174
 0.0008385 -0.0009333
 0.0011552 -0.0012944
 0.0012443 -0.0013215
 0.0012921 -0.0014646
 0.0011851 -0.0014353
 0.0012715 -0.0017306
 0.0013686 -0.0019816
 0.0017879 -0.0019725
 0.0018949 -0.0019684
 0.0021354 -0.0019388
 0.0019242 -0.0016896
 0.0020052 -0.0015453
 0.0021015 -0.0012102
 0.0018532 -0.0011476
 0.0013766 -0.0012161
 0.0011753 -0.0009232
 0.0011836 -0.0008881
 0.0010332 -0.0011029
 0.0013178 -0.0007694
 0.0013729 -0.0006273
 0.0011230 -0.0005469
 0.0012259  0.0001655
 0.0012911  0.0001532
 0.0011688  0.0006662
 0.0012927  0.0009192
 0.0012172  0.0013243
 0.0009423  0.0014891
 0.0009367  0.0015654
 0.0008830  0.0016197
 0.0007861  0.0013170
 0.0010065  0.0013023
 0.0010132  0.0012982
 0.0009474  0.0014706
 0.0008880  0.0018427
 0.0009078  0.0018263
 0.0006686  0.0020882
 0.0004399  0.0022238
 0.0004027  0.0022568
 0.0002717  0.0026083
 0.0002366  0.0024092
 0.0004139  0.0021186
 0.0004739  0.0019956
 0.0008968  0.0020443
 0.0011292  0.0018626
 0.0010914  0.0020069
 0.0014283  0.0018234
 0.0012864  0.0016058
 0.0011940  0.0017603
 0.0010339  0.0017504
 0.0009712  0.0016070
 0.0001861  0.0017948
 0.0001487  0.0017919
-0.0001191  0.0021448
-0.0003604  0.0021228
-0.0004752  0.0021213
-0.0007825  0.0021409
-0.0008881  0.0022098
-0.0009939  0.0021129
-0.0010221  0.0017081
-0.0011501  0.0016994
-0.0012105  0.0015367
-0.0011921  0.0014126
-0.0011273  0.0016726
-0.0012479  0.0017249
-0.0013169  0.0019544
-0.0013006  0.0021495
-0.0016379  0.0023915
-0.0020798  0.0022930
-0.0020288  0.0023206
-0.0025054  0.0020897
-0.0028702  0.0019153
-0.0031849  0.0018182
-0.0031937  0.0013847
-0.0033575  0.0010653
-0.0033104  0.0007445
-0.0029295  0.0003660
-0.0026814  0.0000733
-0.0023774 -0.0002645
-0.0024477 -0.0007294
-0.0024097 -0.0007954
-0.0028220 -0.0012874
-0.0031163 -0.0018102
-0.0031800 -0.0022782
-0.0033476 -0.0028638
-0.0034328 -0.0034949
-0.0032521 -0.0038798
-0.0029557 -0.0041891
-0.0024608 -0.0045228
-0.0018515 -0.0045236
-0.0015552 -0.0046270
-0.0011567 -0.0045274
-0.0008509 -0.0044017
-0.0006474 -0.0043532
-0.0007911 -0.0040086
-0.0007206 -0.0037989
-0.0005769 -0.0038873
-0.0004707 -0.0038798
-0.0004061 -0.0038994
-0.0000157 -0.0039021
-0.0000567 -0.0038623
 0.0002959 -0.0038916
 0.0005261 -0.0042753
 0.0006411 -0.0043607
 0.0010065 -0.0046296
 0.0009914 -0.0047158
 0.0010601 -0.0045981
 0.0012945 -0.0044733
 0.0009388 -0.0044059
 0.0008511 -0.0039632
 0.0007546 -0.0036252
 0.0006553 -0.0032294
 0.0005505 -0.0028648
 0.0007906 -0.0022579
 0.0007377 -0.0019959
 0.0005556 -0.0017377
 0.0005516 -0.0014106
 0.0003031 -0.0015725
-0.0001753 -0.0013652
-0.0002628 -0.0013935
-0.0005508 -0.0014623
-0.0004673 -0.0017991
-0.0003435 -0.0017306
-0.0001043 -0.0020353
-0.0000119 -0.0018221
 0.0002488 -0.0015033
 0.0003640 -0.0016341
 0.0000479 -0.0011254
 0.0002807 -0.0011726
 0.0003043 -0.0011910
 0.0003142 -0.0012431
 0.0004499 -0.0017552
 0.0005651 -0.0018265
 0.0007456 -0.0016877
 0.0009255 -0.0020450
 0.0011524 -0.0022089
 0.0011959 -0.0022275
 0.0014135 -0.0020809
 0.0012987 -0.0024138
 0.0013368 -0.0021511
 0.0012444 -0.0019654
 0.0012561 -0.0017435
 0.0012242 -0.0012071
 0.0010545 -0.0008321
 0.0009057 -0.0003242
 0.0009277  0.0000108
 0.0006801  0.0003178
 0.0003647  0.0004918
 0.0003563  0.0004807
 0.0001948  0.0003687
 0.0003472  0.0003402
 0.0005242  0.0001884
 0.0007962 -0.0000187
 0.0012213  0.0002304
 0.0018024  0.0000576
 0.0019500  0.0001616
 0.0023190  0.0000517
 0.0023222  0.0001985
 0.0021915  0.0004742
 0.0021263  0.0005848
 0.0019333  0.0006795
 0.0018438  0.0006308
 0.0016940  0.0008418
 0.0015499  0.0009203
 0.0013629  0.0009472
 0.0013883  0.0010039
 0.0013475  0.0011650
 0.0014662  0.0010652
 0.0013763  0.0014070
 0.0015273  0.0012921
 0.0015017  0.0011868
 0.0013522  0.0006203
 0.0014944  0.0004128
 0.0012674  0.0004231
 0.0011883  0.0002652
 0.0013776  0.0003048
 0.0012098  0.0001625
 0.0011684  0.0003561
 0.0012998  0.0005679
 0.0013230  0.0006516
 0.0014559  0.0010166
 0.0016438  0.0009502
 0.0016587  0.0013078
 0.0015715  0.0011768
 0.0015987  0.0009810
 0.0014816  0.0008187
 0.0015981  0.0003804
 0.0017206  0.0001989
 0.0016716  0.0002080
 0.0021230  0.0001558
 0.0024783  0.0001444
 0.0030270  0.0004135
 0.0034065  0.0004030
 0.0036823  0.0006721
 0.0038616  0.0007529
 0.0037153  0.0008550
 0.0035873  0.0009266
 0.0031370  0.0010045
 0.0025536  0.0005985
 0.0023406  0.0005596
 0.0020414  0.0005303
 0.0018090  0.0001193
 0.0019978  0.0001488
 0.0018423 -0.0000824
 0.0019471 -0.0000053
 0.0018952  0.0001492
 0.0017956  0.0000708
 0.0015935 -0.0001022
 0.0016083 -0.0002243
 0.0019514 -0.0006626
 0.0020455 -0.0006756
 0.0022740 -0.0006546
 0.0025681 -0.0004501
 0.0028576 -0.0004974
 0.0031166 -0.0003126
 0.0031273 -0.0003599
 0.0031098 -0.0004251
 0.0034302 -0.0007119
 0.0034885 -0.0007874
 0.0035160 -0.0004608
 0.0035836 -0.0001913
 0.0034140  0.0000304
 0.0032025  0.0002914
 0.0027721  0.0005310
 0.0027156  0.0004463
 0.0025514  0.0003621
 0.0024539  0.0004778
 0.0024806  0.0003159
 0.0022207  0.0004213
 0.0023992  0.0006704
 0.0017942  0.0006342
 0.0014756  0.0011442
 0.0010446  0.0014506
 0.0005294  0.0017484
 0.0002890  0.0021513
 0.0001865  0.0026667
 0.0003401  0.0029909
 0.0002644  0.0037622
 0.0006492  0.0042007
 0.0005787  0.0044082
 0.0005579  0.0048735
 0.0004725  0.0047667
 0.0004549  0.0046234
 0.0002696  0.0046193
 0.0004055  0.0044822
 0.0008292  0.0040320
 0.0012586  0.0037993
 0.0017459  0.0035441
 0.0022439  0.0033519
 0.0024815  0.0032824
 0.0024720  0.0030360
 0.0024795  0.0027703
 0.0021553  0.0028051
 0.0020715  0.0024379
 0.0018911  0.0019924
 0.0020586  0.0019981
 0.0020792  0.0017526
 0.0016787  0.0016184
 0.0017621  0.0020673
 0.0013713  0.0016510
 0.0010348  0.0015418
 0.0007156  0.0010276
 0.0003486  0.0007942
 0.0005653  0.0006953
 0.0004854  0.0007015
 0.0007807  0.0008275
 0.0008925  0.0012008
 0.0010557  0.0018239
 0.0009398  0.0019287
 0.0010942  0.0021796
 0.0014194  0.0021572
 0.0012226  0.0019271
 0.0014730  0.0018199
 0.0015981  0.0016463
 0.0019213  0.0014611
 0.0020578  0.0013842
 0.0022025  0.0017504
 0.0018741  0.0018956
 0.0019532  0.0024144
 0.0014346  0.0028670
 0.0011459  0.0031813
 0.0007733  0.0035065
 0.0007545  0.0031213
 0.0001563  0.0030745
 0.0001545  0.0025177
 0.0001529  0.0016333
 0.0003634  0.0011621
 0.0006489  0.0005971
 0.0007734  0.0003595
 0.0007359  0.0000624
 0.0006703  0.0001011
 0.0001531 -0.0001940
 0.0000386 -0.0003315
 0.0000877 -0.0004377
-0.0000746 -0.0005637
-0.0003231 -0.0006329
-0.0001553 -0.0007857
-0.0003061 -0.0007977
-0.0004745 -0.0009589
-0.0005863 -0.0011398
-0.0004771 -0.0014517
-0.0005891 -0.0015924
-0.0004784 -0.0020962
-0.0002358 -0.0019779
-0.0001403 -0.0020930
-0.0001558 -0.0022062
-0.0001342 -0.0024065
-0.0003058 -0.0023035
-0.0001310 -0.0026033
-0.0004009 -0.0027626
-0.0005369 -0.0029670
-0.0004417 -0.0031890
-0.0004449 -0.0034856
-0.0002103 -0.0032775
 0.0001516 -0.0031711
 0.0001556 -0.0028947
 0.0001742 -0.0027108
 0.0003559 -0.0030368
 0.0002791 -0.0029339
 0.0007784 -0.0029607
 0.0010963 -0.0033515
 0.0010974 -0.0031111
 0.0014490 -0.0031093
 0.0012873 -0.0031095
 0.0010842 -0.0029609
 0.0013539 -0.0033010
 0.0011613 -0.0034912
 0.0011783 -0.0034496
 0.0015695 -0.0032838
 0.0014090 -0.0031564
 0.0019634 -0.0029038
 0.0021539 -0.0026049
 0.0020098 -0.0027365
 0.0021981 -0.0024102
 0.0019546 -0.0025071
 0.0019926 -0.0028162
 0.0020404 -0.0028152
 0.0020043 -0.0029981
 0.0019692 -0.0030397
 0.0020378 -0.0030314
 0.0021017 -0.0030953
 0.0020859 -0.0030598
 0.0020769 -0.0032453
 0.0019937 -0.0033218
 0.0020514 -0.0031760
 0.0020714 -0.0031579
 0.0023302 -0.0031266
 0.0024937 -0.0027969
 0.0028787 -0.0026736
 0.0031509 -0.0024713
 0.0034591 -0.0024329
 0.0038354 -0.0020413
 0.0040008 -0.0021208
 0.0039907 -0.0021320
 0.0038635 -0.0020861
 0.0038825 -0.0020878
 0.0039481 -0.0021267
 0.0041562 -0.0018722
 0.0039218 -0.0017557
 0.0041509 -0.0015082
 0.0043774 -0.0012672
 0.0043497 -0.0010546
 0.0043621 -0.0005059
 0.0044186 -0.0001679
 0.0043375 -0.0002057
 0.0039448  0.0001993
 0.0038332  0.0004488
 0.0031628  0.0003232
 0.0031915  0.0006131
 0.0031624  0.0006032
 0.0029535  0.0005263
 0.0029979  0.0008610
 0.0029510  0.0010972
 0.0031228  0.0011721
 0.0029195  0.0014347
 0.0024910  0.0010410
 0.0021738  0.0009990
 0.0017717  0.0010953
 0.0015700  0.0005305
 0.0013762  0.0004340
 0.0010177  0.0004152
 0.0011012  0.0001038
 0.0008487  0.0000190
 0.0010858  0.0000868
 0.0011147 -0.0002562
 0.0009572 -0.0003805
 0.0008739 -0.0004205
 0.0008864 -0.0006908
 0.0006195 -0.0010770
 0.0008927 -0.0013574
 0.0009038 -0.0016758
 0.0009020 -0.0017059
 0.0011692 -0.0018869
 0.0011961 -0.0018672
 0.0014147 -0.0017026
 0.0014238 -0.0019043
 0.0011563 -0.0017511
 0.0011299 -0.0017022
 0.0006333 -0.0015012
 0.0002324 -0.0014606
-0.0002533 -0.0014360
-0.0003936 -0.0014648
-0.0007007 -0.0017158
-0.0007695 -0.0017860
-0.0009726 -0.0020042
-0.0009756 -0.0021970
-0.0009401 -0.0021676
-0.0005794 -0.0024346
-0.0004361 -0.0023236
-0.0001708 -0.0023668
 0.0002798 -0.0023375
 0.0003278 -0.0021344
 0.0004053 -0.0018818
 0.0005111 -0.0020256
 0.0004719 -0.0018734
 0.0003272 -0.0015382
 0.0006528 -0.0014741
 0.0005662 -0.0008764
 0.0011401 -0.0005061
 0.0013495 -0.0004232
 0.0016642 -0.0001381
 0.0021654 -0.0001598
 0.0024886 -0.0001798
 0.0023459 -0.0004957
 0.0023380 -0.0006107
 0.0022621 -0.0009642
 0.0020895 -0.0008110
 0.0018198 -0.0010886
 0.0019137 -0.0011045
 0.0016755 -0.0006810
 0.0016379 -0.0006890
 0.0016983 -0.0005231
 0.0014739  0.0000799
 0.0016346  0.0004053
 0.0012755  0.0006708
 0.0014172  0.0011371
 0.0015658  0.0007303
 0.0016541  0.0008817
 0.0019492  0.0010149
 0.0021763  0.0006889
 0.0023557  0.0007666
 0.0022191  0.0007119
 0.0020735  0.0008861
 0.0016679  0.0011831
 0.0014465  0.0010973
 0.0007173  0.0012130
 0.0001696  0.0012156
-0.0001954  0.0015174
-0.0008163  0.0013967
-0.0011611  0.0013610
-0.0014020  0.0012498
-0.0017518  0.0011658
-0.0017399  0.0009200
-0.0015576  0.0008517
-0.0013450  0.0006505
-0.0009982  0.0005647
-0.0004802  0.0006410
-0.0001824  0.0006505
-0.0001372  0.0011075
-0.0000130  0.0013073
-0.0005042  0.0015752
-0.0005141  0.0018817
-0.0008216  0.0017406
-0.0009164  0.0012745
-0.0007049  0.0010302
-0.0002492  0.0006384
 0.0001329  0.0007438
 0.0007662  0.0010413
 0.0008870  0.0013849
 0.0009643  0.0015460
 0.0011750  0.0022324
 0.0009663  0.0024086
 0.0007125  0.0025600
 0.0007670  0.0027217
 0.0005272  0.0025864
 0.0002956  0.0024709
 0.0001775  0.0022402
 0.0002044  0.0019099
 0.0002011  0.0016196
 0.0004874  0.0011738
 0.0004557  0.0011546
 0.0007568  0.0007719
 0.0010314  0.0009043
 0.0012784  0.0010390
 0.0013503  0.0010004
 0.0013555  0.0011449
 0.0014843  0.0009651
 0.0010775  0.0008979
 0.0010484  0.0007877
 0.0007189  0.0004899
 0.0003566 -0.0001296
 0.0001186 -0.0006388
-0.0000914 -0.0009621
-0.0001425 -0.0012405
-0.0002075 -0.0014505
-0.0002254 -0.0016905
-0.0001592 -0.0015179
 0.0000413 -0.0016909
 0.0000116 -0.0015651
 0.0004069 -0.0016820
 0.0004866 -0.0017381
 0.0006499 -0.0018151
 0.0007012 -0.0017761
 0.0007723 -0.0019204
 0.0007263 -0.0015722
 0.0006116 -0.0016574
 0.0004326 -0.0018845
 0.0006324 -0.0019802
 0.0004584 -0.0018358
 0.0003825 -0.0021227
 0.0006532 -0.0020928
 0.0004740 -0.0019313
 0.0008311 -0.0019020
 0.0010437 -0.0015453
 0.0011408 -0.0010780
 0.0013839 -0.0011000
 0.0013853 -0.0008523
 0.0014830 -0.0006510
 0.0013485 -0.0008063
 0.0011339 -0.0009512
 0.0012113 -0.0011152
 0.0010116 -0.0014594
 0.0010543 -0.0015637
 0.0009952 -0.0015803
 0.0009140 -0.0017074
 0.0008561 -0.0019052
 0.0006694 -0.0018723
 0.0007974 -0.0020538
 0.0007128 -0.0021412
 0.0009736 -0.0020475
 0.0010976 -0.0018289
 0.0011024 -0.0016103
 0.0010993 -0.0012168
 0.0011817 -0.0010247
 0.0013210 -0.0006201
 0.0012729 -0.0008500
 0.0013415 -0.0008678
 0.0012685 -0.0009669
 0.0011012 -0.0010846
 0.0010180 -0.0010233
 0.0009627 -0.0007677
 0.0007257 -0.0006176
 0.0005350 -0.0001290
 0.0003073 -0.0002627
-0.0002537 -0.0002598
-0.0002620 -0.0001155
-0.0003548 -0.0003274
-0.0002957 -0.0001365
 0.0000901  0.0003686
 0.0001583  0.0008555
 0.0003784  0.0011621
-0.0001303  0.0015552
-0.0001316  0.0019095
-0.0002404  0.0019525
-0.0004314  0.0020680
-0.0005957  0.0017533
-0.0004041  0.0014763
-0.0001855  0.0015736
 0.0000477  0.0012773
-0.0000173  0.0009680
 0.0000023  0.0010548
-0.0003007  0.0008995
-0.0005696  0.0008335
-0.0008026  0.0007645
-0.0009374  0.0005622
-0.0009027  0.0006472
-0.0007370  0.0007217
-0.0006825  0.0005113
-0.0003705  0.0004556
-0.0003271  0.0002539
-0.0002205 -0.0001958
-0.0001254 -0.0006361
-0.0000160 -0.0007227
-0.0003037 -0.0011929
-0.0003390 -0.0010504
-0.0006560 -0.0012238
-0.0009196 -0.0013029
-0.0010607 -0.0010666
-0.0010211 -0.0009723
-0.0009547 -0.0009253
-0.0008410 -0.0010902
-0.0005837 -0.0008288
-0.0004500 -0.0006814
-0.0003247 -0.0003610
-0.0000551 -0.0000182
-0.0000022  0.0002299
 0.0000491  0.0002206
 0.0001199  0.0000028
-0.0000100 -0.0004944
 0.0001434 -0.0008369
 0.0002025 -0.0010931
 0.0004985 -0.0017625
 0.0008029 -0.0018929
 0.0013197 -0.0018039
 0.0014598 -0.0018204
 0.0016727 -0.0014717
 0.0018920 -0.0013831
 0.0018371 -0.0012287
 0.0015623 -0.0012206
 0.0012957 -0.0010611
 0.0009840 -0.0010597
 0.0007846 -0.0011475
 0.0009007 -0.0013995
 0.0010365 -0.0016603
 0.0015658 -0.0017041
 0.0019325 -0.0018222
 0.0021281 -0.0016680
 0.0024919 -0.0016228
 0.0026267 -0.0016852
 0.0024927 -0.0013824
 0.0026115 -0.0010967
 0.0023971 -0.0010412
 0.0021922 -0.0007235
 0.0024855 -0.0007219
 0.0023394 -0.0005260
 0.0024249 -0.0002652
 0.0024885  0.0001414
 0.0025600  0.0001307
 0.0021185  0.0005885
 0.0019150  0.0010492
 0.0016294  0.0011729
 0.0011097  0.0014000
 0.0009070  0.0016782
 0.0008029  0.0017935
 0.0006775  0.0018104
 0.0006482  0.0013318
 0.0007954  0.0009105
 0.0008903  0.0007482
 0.0008542  0.0003350
 0.0007010  0.0003184
 0.0006448  0.0000487
 0.0003011 -0.0002741
 0.0000419 -0.0004873
 0.0000552 -0.0005624
 0.0002664 -0.0007467
 0.0001903 -0.0006054
 0.0003108 -0.0005200
 0.0001386 -0.0004467
-0.0000823 -0.0003557
-0.0001350 -0.0001022
-0.0003932 -0.0003642
-0.0006266 -0.0003759
-0.0003325 -0.0006576
-0.0006595 -0.0007745
-0.0006145 -0.0010815
-0.0004227 -0.0015773
-0.0005689 -0.0018081
-0.0006549 -0.0019601
-0.0003979 -0.0020337
-0.0004664 -0.0021316
-0.0003430 -0.0020838
 0.0000833 -0.0020341
 0.0000320 -0.0021496
 0.0002716 -0.0021744
 0.0007204 -0.0021458
 0.0007693 -0.0020872
 0.0007886 -0.0020190
 0.0008468 -0.0019241
 0.0001844 -0.0020680
-0.0001535 -0.0022328
-0.0003885 -0.0024928
-0.0007925 -0.0025501
-0.0012075 -0.0027500
-0.0016006 -0.0028337
-0.0019133 -0.0027431
-0.0019125 -0.0021931
-0.0018373 -0.0022688
-0.0021962 -0.0017696
-0.0020799 -0.0011953
-0.0022713 -0.0013600
-0.0023509 -0.0012631
-0.0023065 -0.0011664
-0.0023487 -0.0015415
-0.0023604 -0.0015413
-0.0020937 -0.0014930
-0.0018045 -0.0015405
-0.0016397 -0.0011216
-0.0012723 -0.0009214
-0.0013260 -0.0007128
-0.0016413 -0.0005059
-0.0015074 -0.0002477
-0.0016889 -0.0001971
-0.0019360  0.0000176
-0.0015609  0.0003438
-0.0016412  0.0006539
-0.0016568  0.0011826
-0.0018350  0.0015245
-0.0017573  0.0016122
-0.0018439  0.0019374
-0.0020256  0.0021110
-0.0021047  0.0019677
-0.0021154  0.0019717
-0.0019570  0.0019152
-0.0021677  0.0018363
-0.0020446  0.0017806
-0.0021998  0.0016639
-0.0028226  0.0015918
-0.0022765  0.0014953
-0.0025069  0.0014700
-0.0024366  0.0016474
-0.0022356  0.0018481
-0.0021294  0.0016072
-0.0024354  0.0016617
-0.0023401  0.0016319
-0.0024061  0.0012965
-0.0027517  0.0010767
-0.0025141  0.0008765
-0.0024673  0.0005886
-0.0022023  0.0004097
-0.0017828  0.0002571
-0.0015270  0.0002483
-0.0013377  0.0005660
-0.0012424  0.0009029
-0.0012154  0.0012962
-0.0012234  0.0016632
-0.0012432  0.0021277
-0.0011663  0.0022125
-0.0011744  0.0022444
-0.0009281  0.0019897
-0.0007458  0.0017030
-0.0003734  0.0012924
-0.0001438  0.0006901
 0.0002622  0.0002873
 0.0005896  0.0000636
 0.0013876 -0.0002818
 0.0015065 -0.0002477
 0.0018552 -0.0003485
 0.0015512 -0.0001230
 0.0013416 -0.0001097
 0.0008721 -0.0002379
 0.0002854 -0.0002131
 0.0000079 -0.0002060
 0.0000149 -0.0002539
 0.0000139 -0.0002291
 0.0000428  0.0000106
 0.0003658  0.0002223
 0.0005406  0.0003376
 0.0007065  0.0007028
 0.0011258  0.0012525
 0.0011262  0.0012339
 0.0009823  0.0012804
 0.0009385  0.0015453
 0.0007255  0.0011050
 0.0006558  0.0008571
 0.0004352  0.0005922
 0.0002943  0.0001346
 0.0003347 -0.0001327
 0.0004822 -0.0007385
 0.0005140 -0.0006723
 0.0006775 -0.0009596
 0.0009542 -0.0010274
 0.0007715 -0.0012278
 0.0009209 -0.0016601
 0.0011750 -0.0018773
 0.0013844 -0.0021718
 0.0017187 -0.0024094
 0.0020992 -0.0021576
 0.0023786 -0.0015518
 0.0026293 -0.0009239
 0.0026887 -0.0003658
 0.0024999  0.0004387
 0.0024448  0.0010712
 0.0020716  0.0013712
 0.0017084  0.0015989
 0.0016014  0.0015353
 0.0014579  0.0015143
 0.0012574  0.0014790
 0.0010156  0.0017301
 0.0009597  0.0018759
 0.0007410  0.0021369
 0.0004829  0.0023699
 0.0004255  0.0025613
 0.0001976  0.0025512
 0.0002362  0.0026648
 0.0001720  0.0026628
 0.0004421  0.0025277
 0.0007316  0.0023517
 0.0008768  0.0020925
 0.0011184  0.0016409
 0.0013897  0.0013270
 0.0016621  0.0011940
 0.0019641  0.0012016
 0.0023237  0.0010552
 0.0025191  0.0011755
 0.0028835  0.0012189
 0.0029497  0.0012145
 0.0027666  0.0008654
 0.0028031  0.0006883
 0.0024081 -0.0000124
 0.0021282 -0.0007628
 0.0019732 -0.0016292
 0.0020204 -0.0022346
 0.0021272 -0.0025627
 0.0024145 -0.0027070
 0.0025011 -0.0028431
 0.0024545 -0.0024618
 0.0024837 -0.0023948
 0.0020929 -0.0024824
 0.0020802 -0.0024018
 0.0018274 -0.0025512
 0.0014580 -0.0024224
 0.0009856 -0.0022134
 0.0005202 -0.0023084
-0.0001143 -0.0019971
-0.0004603 -0.0018477
-0.0009171 -0.0020717
-0.0013170 -0.0017170
-0.0014193 -0.0020820
-0.0015421 -0.0022214
-0.0016264 -0.0022918
-0.0014241 -0.0027555
-0.0015023 -0.0029609
-0.0013466 -0.0033317
-0.0011579 -0.0033891
-0.0007089 -0.0034777
-0.0006524 -0.0034135
-0.0005125 -0.0034458
-0.0001320 -0.0036564
 0.0001799 -0.0032452
 0.0007223 -0.0032940
 0.0010731 -0.0034864
 0.0016355 -0.0034763
 0.0022016 -0.0035530
 0.0024515 -0.0036397
 0.0026810 -0.0033235
 0.0026641 -0.0030550
 0.0026736 -0.0030348
 0.0023869 -0.0024902
 0.0025623 -0.0021327
 0.0022854 -0.0016914
 0.0022307 -0.0015299
 0.0020664 -0.0015157
 0.0018887 -0.0016855
 0.0015441 -0.0019311
 0.0012964 -0.0023022
 0.0009926 -0.0024635
 0.0008974 -0.0025381
 0.0006971 -0.0028135
 0.0007181 -0.0023284
 0.0009648 -0.0018895
 0.0013727 -0.0015092
 0.0010606 -0.0007332
 0.0011603 -0.0004107
 0.0012316  0.0002812
 0.0008363  0.0005874
 0.0006134  0.0006664
 0.0002674  0.0004088
-0.0001628  0.0003428
-0.0003132  0.0001528
-0.0001026 -0.0000234
 0.0002369 -0.0000593
 0.0005678 -0.0000181
 0.0012312 -0.0001665
 0.0014153 -0.0000128
 0.0018984  0.0000857
 0.0023131  0.0000558
 0.0024025  0.0001428
 0.0026912  0.0001337
 0.0027180  0.0000114
 0.0026151  0.0003461
 0.0026537  0.0003750
 0.0025582  0.0006596
 0.0025877  0.0009917
 0.0022317  0.0014396
 0.0022578  0.0021823
 0.0019206  0.0023882
 0.0019301  0.0026185
 0.0013637  0.0028274
 0.0008850  0.0027852
 0.0008085  0.0025733
 0.0003688  0.0026580
 0.0000453  0.0022930
-0.0000878  0.0019000
-0.0004584  0.0016016
-0.0002931  0.0011783
-0.0001019  0.0009288
 0.0000806  0.0006415
 0.0002700  0.0006431
 0.0003999  0.0006536
 0.0002623  0.0006274
 0.0000691  0.0007645
-0.0000184  0.0002957
-0.0004130 -0.0001575
 0.0000178 -0.0004435
 0.0004498 -0.0007881
 0.0007088 -0.0006759
 0.0013414 -0.0005889
 0.0014375 -0.0002447
 0.0011507  0.0000405
 0.0008339 -0.0000436
 0.0001916 -0.0000547
-0.0006232 -0.0000893
-0.0009968 -0.0004270
-0.0014398 -0.0005155
-0.0016144 -0.0004802
-0.0014158 -0.0006049
-0.0015319 -0.0005276
-0.0014691 -0.0003063
-0.0010664 -0.0002554
-0.0008944 -0.0002524
-0.0008772  0.0002674
-0.0006669  0.0002424
-0.0007529  0.0004239
-0.0005140  0.0007348
-0.0006473  0.0005451
-0.0007716  0.0006815
-0.0009598  0.0005103
-0.0010765  0.0002526
-0.0015367  0.0000886
-0.0016252  0.0000303
-0.0016490 -0.0005836
-0.0017731 -0.0009956
-0.0015622 -0.0014363
-0.0012446 -0.0017010
-0.0010014 -0.0020837
-0.0006228 -0.0022906
-0.0004647 -0.0023098
-0.0003056 -0.0020318
-0.0003906 -0.0016779
-0.0004344 -0.0014385
-0.0007039 -0.0013170
-0.0007986 -0.0014434
-0.0008806 -0.0016287
-0.0009585 -0.0022248
-0.0003680 -0.0026839
 0.0001183 -0.0030418
 0.0003113 -0.0031486
 0.0012314 -0.0031842
 0.0016263 -0.0030602
 0.0018776 -0.0026565
 0.0019743 -0.0020851
 0.0020605 -0.0017082
 0.0017553 -0.0011760
 0.0017836 -0.0007418
 0.0014967 -0.0006366
 0.0011828 -0.0001263
 0.0005677 -0.0000122
 0.0001843 -0.0001007
-0.0003375 -0.0000555
-0.0005480 -0.0001798
-0.0005650 -0.0002109
-0.0004768 -0.0005854
 0.0000701 -0.0005656
 0.0005136 -0.0007209
 0.0007290 -0.0007223
 0.0009196 -0.0003230
 0.0009369  0.0000361
 0.0006745  0.0002174
 0.0004132  0.0002943
-0.0002138  0.0003111
-0.0006951  0.0002762
-0.0012452 -0.0002846
-0.0018886 -0.0007103
-0.0018975 -0.0011346
-0.0022784 -0.0015898
-0.0026304 -0.0020194
-0.0025248 -0.0024706
-0.0025705 -0.0026085
-0.0025394 -0.0030854
-0.0021469 -0.0031762
-0.0018758 -0.0033737
-0.0015859 -0.0032847
-0.0011343 -0.0029652
-0.0008002 -0.0026715
-0.0009143 -0.0022914
-0.0006411 -0.0017098
-0.0009040 -0.0012901
-0.0008658 -0.0012471
-0.0008519 -0.0010043
-0.0008536 -0.0009078
-0.0008245 -0.0008319
-0.0008663 -0.0006732
-0.0013639 -0.0004898
-0.0015520 -0.0004509
-0.0017739 -0.0003078
-0.0022257 -0.0004049
-0.0023470 -0.0003752
-0.0023497 -0.0005286
-0.0024556 -0.0006142
-0.0023975 -0.0006976
-0.0017832 -0.0005516
-0.0018789 -0.0003768
-0.0014761 -0.0001535
-0.0014109  0.0000862
-0.0011441  0.0003458
-0.0009141  0.0003569
-0.0007706  0.0001348
-0.0008655  0.0002412
-0.0007870  0.0000424
-0.0008522 -0.0002282
-0.0009438 -0.0004092
-0.0006920 -0.0006083
-0.0005893 -0.0005233
-0.0006139 -0.0005051
-0.0002865 -0.0000156
-0.0001827  0.0001837
-0.0000541  0.0003443
 0.0000507  0.0004604
-0.0000454  0.0003171
-0.0000129  0.0000103
-0.0000044 -0.0004193
 0.0002498 -0.0011935
 0.0004735 -0.0013897
 0.0008722 -0.0015191
 0.0011350 -0.0014480
 0.0012909 -0.0009931
 0.0013814 -0.0005308
 0.0011920  0.0000661
 0.0007992  0.0007842
 0.0006653  0.0009562
 0.0000415  0.0012973
-0.0003085  0.0010651
-0.0007619  0.0008134
-0.0011481  0.0006103
-0.0015142  0.0002946
-0.0016845 -0.0000115
-0.0017695  0.0000085
-0.0017164 -0.0003813
-0.0017024 -0.0006873
-0.0016417 -0.0008220
-0.0011228 -0.0011239
-0.0007861 -0.0013842
-0.0005675 -0.0013672
-0.0000138 -0.0016248
-0.0000269 -0.0015618
-0.0000568 -0.0012465
-0.0003180 -0.0013440
-0.0006455 -0.0013156
-0.0007549 -0.0013941
-0.0006029 -0.0016793
-0.0006045 -0.0019476
-0.0004438 -0.0020039
-0.0000530 -0.0020007
-0.0000555 -0.0020843
-0.0000577 -0.0018727
-0.0000141 -0.0018317
-0.0003117 -0.0016533
-0.0005457 -0.0015011
-0.0006834 -0.0015701
-0.0011000 -0.0011319
-0.0010639 -0.0010105
-0.0012180 -0.0011149
-0.0014602 -0.0007988
-0.0014148 -0.0003088
-0.0013399 -0.0002396
-0.0013316  0.0001075
-0.0010282  0.0004371
-0.0011235  0.0006295
-0.0013155  0.0008908
-0.0010947  0.0010543
-0.0012390  0.0013801
-0.0013813  0.0016183
-0.0011720  0.0019361
-0.0011534  0.0021085
-0.0013450  0.0015690
-0.0009639  0.0012277
-0.0008391  0.0005464
-0.0005619 -0.0000106
-0.0000829 -0.0006614
 0.0000221 -0.0012840
 0.0001773 -0.0017451
 0.0002334 -0.0022435
 0.0002643 -0.0027159
 0.0004561 -0.0029176
 0.0001884 -0.0034203
 0.0000841 -0.0038164
 0.0004648 -0.0040962
 0.0006277 -0.0041368
 0.0008671 -0.0039759
 0.0011144 -0.0034861
 0.0016423 -0.0028365
 0.0015773 -0.0023558
 0.0013952 -0.0017094
 0.0012440 -0.0014678
 0.0010761 -0.0010931
 0.0006671 -0.0008298
 0.0004505 -0.0007925
 0.0003529 -0.0008008
 0.0003339 -0.0005325
 0.0003252 -0.0005710
 0.0002499 -0.0004735
 0.0003139 -0.0007123
 0.0003036 -0.0006150
 0.0002259 -0.0007579
 0.0003692 -0.0006635
 0.0002657 -0.0007785
 0.0000180 -0.0008411
-0.0000180 -0.0009962
-0.0004029 -0.0012865
-0.0005862 -0.0013081
-0.0005340 -0.0014288
-0.0004971 -0.0018303
-0.0000106 -0.0015864
 0.0002541 -0.0012576
 0.0005147 -0.0013533
 0.0005729 -0.0012446
 0.0009584 -0.0012275
 0.0005557 -0.0011990
 0.0004431 -0.0014193
 0.0003559 -0.0019294
 0.0000296 -0.0020911
 0.0002997 -0.0023911
 0.0002030 -0.0025835
 0.0000876 -0.0025468
 0.0002905 -0.0024787
 0.0005307 -0.0021616
 0.0005632 -0.0021551
 0.0003638 -0.0018400
 0.0005091 -0.0015732
-0.0002487 -0.0013356
-0.0007265 -0.0010526
-0.0013025 -0.0013723
-0.0022345 -0.0017036
-0.0028513 -0.0017137
-0.0030405 -0.0018288
-0.0034095 -0.0022214
-0.0032333 -0.0022479
-0.0034558 -0.0020506
-0.0033234 -0.0017010
-0.0034794 -0.0012940
-0.0033504 -0.0012122
-0.0034558 -0.0008353
-0.0033680 -0.0009578
-0.0033373 -0.0008421
-0.0034344 -0.0010918
-0.0035216 -0.0011522
-0.0033286 -0.0013823
-0.0033125 -0.0016422
-0.0032364 -0.0019038
-0.0027303 -0.0021172
-0.0023415 -0.0021122
-0.0021257 -0.0023060
-0.0019230 -0.0026431
-0.0018974 -0.0025583
-0.0019353 -0.0027418
-0.0022192 -0.0029802
-0.0023322 -0.0028646
-0.0024085 -0.0027400
-0.0022252 -0.0023746
-0.0020887 -0.0019719
-0.0019153 -0.0015481
-0.0017043 -0.0011272
-0.0014348 -0.0007338
-0.0017035 -0.0003521
-0.0019587 -0.0002576
-0.0018773 -0.0001450
-0.0022574  0.0000543
-0.0026509  0.0000420
-0.0029331  0.0001356
-0.0034309 -0.0000961
-0.0037652 -0.0001058
-0.0039105 -0.0002011
-0.0038970 -0.0001617
-0.0038613  0.0000020
-0.0037650  0.0001853
-0.0039557  0.0005715
-0.0042935  0.0008323
-0.0045141  0.0011507
-0.0049707  0.0014072
-0.0051879  0.0013719
-0.0053311  0.0012587
-0.0051752  0.0013439
-0.0049721  0.0011343
-0.0045272  0.0014325
-0.0041803  0.0014989
-0.0039276  0.0015373
-0.0034360  0.0014672
-0.0033510  0.0016757
-0.0030894  0.0013257
-0.0024210  0.0010856
-0.0023449  0.0010644
-0.0019514  0.0009399
-0.0019034  0.0005083
-0.0015285  0.0005981
-0.0014122  0.0003872
-0.0012238  0.0002331
-0.0010603  0.0003688
-0.0007688  0.0004189
-0.0003146  0.0004481
-0.0000331  0.0006973
 0.0005537  0.0007356
 0.0008420  0.0010316
 0.0011313  0.0012052
 0.0015138  0.0012934
 0.0014690  0.0013499
 0.0014595  0.0014563
 0.0015157  0.0015825
 0.0013156  0.0015518
 0.0012377  0.0013683
 0.0010633  0.0010792
 0.0008636  0.0009534
 0.0007271  0.0009492
 0.0004760  0.0008290
 0.0000048  0.0002694
 0.0002690  0.0002684
 0.0005030 -0.0000017
 0.0004525 -0.0001937
 0.0007054  0.0000663
 0.0009420 -0.0000857
 0.0007855  0.0001368
 0.0007429  0.0003613
 0.0007342  0.0003827
 0.0004452  0.0003361
 0.0002693  0.0002646
 0.0001754  0.0002667
 0.0000002 -0.0000539
-0.0000856  0.0000265
-0.0003171  0.0000213
-0.0006145 -0.0000898
-0.0009484 -0.0001003
-0.0013534 -0.0001751
-0.0014868 -0.0003193
-0.0016505 -0.0009146
-0.0015022 -0.0012425
-0.0015149 -0.0014542
-0.0012939 -0.0016585
-0.0012499 -0.0018433
-0.0010448 -0.0019070
-0.0008464 -0.0015138
-0.0007441 -0.0008500
-0.0006769 -0.0003405
-0.0005979  0.0003439
-0.0006916  0.0008827
-0.0008020  0.0011724
-0.0009635  0.0015574
-0.0012465  0.0015755
-0.0013403  0.0014421
-0.0015329  0.0012388
-0.0017420  0.0011193
-0.0016468  0.0008496
-0.0016278  0.0008548
-0.0013775  0.0007870
-0.0013121  0.0006995
-0.0011978  0.0008033
-0.0011302  0.0006898
-0.0012461  0.0003354
-0.0013133  0.0000751
-0.0014457 -0.0002398
-0.0015137 -0.0007192
-0.0016668 -0.0008244
-0.0014725 -0.0008232
-0.0011671 -0.0009962
-0.0011370 -0.0007556
-0.0008195 -0.0006976
-0.0005027 -0.0005038
-0.0001478 -0.0003413
-0.0001384 -0.0005343
-0.0001121 -0.0003708
-0.0002284 -0.0004202
-0.0003536 -0.0005262
-0.0004129 -0.0008236
-0.0006051 -0.0012047
-0.0007682 -0.0017819
-0.0004529 -0.0021531
-0.0005195 -0.0021935
-0.0004915 -0.0022777
-0.0003187 -0.0020477
-0.0002714 -0.0014353
-0.0005472 -0.0007901
-0.0007270 -0.0000621
-0.0010793  0.0002167
-0.0014275  0.0006669
-0.0014541  0.0006755
-0.0015270  0.0004450
-0.0014953  0.0001961
-0.0009744  0.0000101
-0.0008087 -0.0001934
-0.0006557 -0.0002688
-0.0003859 -0.0001378
-0.0003371  0.0000152
-0.0006788  0.0001868
-0.0008589  0.0002358
-0.0010462 -0.0000234
-0.0011764 -0.0001195
-0.0009648 -0.0005055
-0.0010102 -0.0009849
-0.0007395 -0.0011247
-0.0005793 -0.0013387
-0.0005324 -0.0010809
-0.0005126 -0.0013039
-0.0008096 -0.0011441
-0.0006679 -0.0011901
-0.0009368 -0.0011059
-0.0012519 -0.0009244
-0.0012457 -0.0009533
-0.0013537 -0.0005902
-0.0016789 -0.0007139
-0.0016315 -0.0008080
-0.0016621 -0.0010670
-0.0017007 -0.0012989
-0.0014312 -0.0016996
-0.0010864 -0.0020265
-0.0010757 -0.0022607
-0.0007989 -0.0022845
-0.0007448 -0.0022739
-0.0009756 -0.0021461
-0.0008153 -0.0025337
-0.0007794 -0.0022031
-0.0002535 -0.0022691
-0.0004094 -0.0022326
-0.0000163 -0.0020961
 0.0000022 -0.0020078
-0.0001891 -0.0018829
-0.0004191 -0.0021094
-0.0008791 -0.0023375
-0.0008783 -0.0025629
-0.0010029 -0.0027362
-0.0010495 -0.0027460
-0.0011297 -0.0027147
-0.0011489 -0.0027349
-0.0011135 -0.0026084
-0.0013782 -0.0025005
-0.0013807 -0.0024593
-0.0014974 -0.0023049
-0.0011546 -0.0023223
-0.0007684 -0.0023301
-0.0003933 -0.0024026
-0.0001238 -0.0026295
-0.0000430 -0.0026726
 0.0001401 -0.0023514
 0.0000727 -0.0024628
 0.0001320 -0.0022083
-0.0000781 -0.0019634
-0.0001587 -0.0016557
-0.0001494 -0.0012703
-0.0000095 -0.0008722
-0.0000534 -0.0003479
-0.0001018 -0.0002038
-0.0003566 -0.0000542
-0.0005801 -0.0001257
-0.0007626 -0.0006078
-0.0009948 -0.0007750
-0.0006580 -0.0009024
-0.0006742 -0.0009446
-0.0004055 -0.0010823
-0.0001709 -0.0010026
 0.0002599 -0.0013108
 0.0006524 -0.0011560
 0.0006897 -0.0014342
 0.0011209 -0.0015161
 0.0012614 -0.0014840
 0.0016317 -0.0012621
 0.0018090 -0.0010374
 0.0021052 -0.0005174
 0.0022481  0.0000386
 0.0027139  0.0008475
 0.0030646  0.0011628
 0.0030490  0.0017068
 0.0031762  0.0017900
 0.0030499  0.0020460
 0.0027628  0.0024580
 0.0023974  0.0028892
 0.0022601  0.0033218
 0.0020116  0.0037328
 0.0017708  0.0044254
 0.0015481  0.0047044
 0.0013678  0.0046733
 0.0013600  0.0046542
 0.0010463  0.0044492
 0.0009229  0.0042163
 0.0009803  0.0039661
 0.0008478  0.0038307
 0.0007837  0.0036209
 0.0007429  0.0035933
 0.0006752  0.0034802
 0.0005898  0.0030955
 0.0006512  0.0027993
 0.0003217  0.0027791
 0.0003475  0.0023899
 0.0005843  0.0020084
 0.0004745  0.0016525
 0.0004914  0.0011278
 0.0005958  0.0007312
 0.0005409  0.0004930
 0.0004749  0.0003592
 0.0004571  0.0000329
 0.0003925  0.0000400
 0.0002175 -0.0001734
 0.0001281 -0.0000787
 0.0003033 -0.0004359
 0.0002500 -0.0004627
 0.0001512 -0.0006254
 0.0004096 -0.0007364
 0.0006062 -0.0006676
 0.0005624 -0.0003861
 0.0010120 -0.0004620
 0.0012213 -0.0000565
 0.0014585  0.0002770
 0.0014203  0.0003069
 0.0015853  0.0005065
 0.0017113  0.0005808
 0.0014638  0.0009151
 0.0016077  0.0008503
 0.0014747  0.0007124
 0.0014369  0.0007025
 0.0011006  0.0006726
 0.0009121  0.0008247
 0.0009129  0.0008222
 0.0005753  0.0010136
 0.0004126  0.0011377
 0.0003077  0.0010996
 0.0002303  0.0009855
 0.0000010  0.0006119
-0.0001629  0.0000743
-0.0000087 -0.0004050
 0.0001829 -0.0009537
 0.0003856 -0.0012706
 0.0008146 -0.0013869
 0.0009563 -0.0011186
 0.0007280 -0.0012232
 0.0007356 -0.0005142
 0.0003981 -0.0002175
 0.0000787  0.0002140
-0.0001751  0.0003298
-0.0006778  0.0005592
-0.0008344  0.0005428
-0.0005409  0.0004595
-0.0006883  0.0005659
-0.0003292  0.0007040
-0.0003684  0.0007526
-0.0003591  0.0004004
-0.0001976  0.0003652
-0.0003302  0.0005048
-0.0004624  0.0002779
-0.0006483  0.0004150
-0.0004818  0.0004864
-0.0008510  0.0008232
-0.0008411  0.0010753
-0.0010230  0.0013053
-0.0010878  0.0014304
-0.0008891  0.0017005
-0.0011566  0.0015663
-0.0012913  0.0013614
-0.0009560  0.0013083
-0.0008768  0.0012294
-0.0007783  0.0013410
-0.0006489  0.0014932
-0.0009222  0.0016434
-0.0010461  0.0019064
-0.0009486  0.0020279
-0.0013215  0.0020240
-0.0016800  0.0021986
-0.0018633  0.0022139
-0.0021708  0.0020754
-0.0022437  0.0023324
-0.0023022  0.0022070
-0.0022538  0.0021099
-0.0020349  0.0023722
-0.0017965  0.0021237
-0.0015085  0.0020520
-0.0011837  0.0022095
-0.0008490  0.0022624
-0.0005199  0.0021595
 0.0000373  0.0024972
 0.0001142  0.0027678
 0.0002309  0.0032288
 0.0008157  0.0037293
 0.0004934  0.0041490
 0.0006014  0.0044550
 0.0005220  0.0046264
 0.0000036  0.0047314
-0.0000636  0.0042798
-0.0001529  0.0037595
-0.0001248  0.0030992
 0.0000476  0.0023214
 0.0006225  0.0017095
 0.0008886  0.0011550
 0.0013802  0.0009257
 0.0016571  0.0010280
 0.0014340  0.0010480
 0.0012431  0.0012701
 0.0008177  0.0011163
 0.0003076  0.0011231
-0.0000980  0.0007965
-0.0002258  0.0006136
-0.0004677  0.0005439
-0.0003025  0.0003618
-0.0003304  0.0003211
-0.0005290  0.0003279
-0.0004367  0.0006459
-0.0005411  0.0005671
-0.0010645  0.0006341
-0.0010918  0.0005473
-0.0009565  0.0004799
-0.0011784  0.0004428
-0.0010738  0.0000324
-0.0008445 -0.0003076
-0.0006820 -0.0005316
-0.0004456 -0.0010784
 0.0002244 -0.0011299
 0.0007144 -0.0011323
 0.0011641 -0.0009544
 0.0014625 -0.0005849
 0.0013400  0.0000958
 0.0016099  0.0005987
 0.0014075  0.0008962
 0.0011636  0.0012196
 0.0007581  0.0014683
 0.0006223  0.0012366
 0.0004067  0.0009824
 0.0004798  0.0006271
 0.0004215  0.0003646
 0.0007776  0.0000438
 0.0008784 -0.0002836
 0.0011862 -0.0006918
 0.0012761 -0.0006886
 0.0014483 -0.0006818
 0.0015444 -0.0008972
 0.0011969 -0.0007684
 0.0008949 -0.0008296
 0.0006813 -0.0008308
 0.0003522 -0.0007537
 0.0002793 -0.0007929
 0.0004622 -0.0006490
 0.0006239 -0.0006938
 0.0007557 -0.0005514
 0.0009958 -0.0005438
 0.0012515 -0.0005167
 0.0010949 -0.0006132
 0.0012820 -0.0005654
 0.0012488 -0.0005279
 0.0009299 -0.0007019
 0.0007201 -0.0007873
 0.0004129 -0.0009710
-0.0000793 -0.0008773
-0.0003332 -0.0008896
-0.0005058 -0.0010164
-0.0007560 -0.0009395
-0.0006815 -0.0009341
-0.0007770 -0.0010601
-0.0009716 -0.0009765
-0.0010786 -0.0010540
-0.0010402 -0.0009095
-0.0009660 -0.0008425
-0.0010136 -0.0008711
-0.0007948 -0.0007278
-0.0008414 -0.0005968
-0.0007078 -0.0003877
-0.0009773 -0.0004856
-0.0012195 -0.0004325
-0.0014707 -0.0006065
-0.0017575 -0.0009249
-0.0021677 -0.0010795
-0.0021746 -0.0013969
-0.0024219 -0.0018963
-0.0025854 -0.0020489
-0.0027200 -0.0022205
-0.0026728 -0.0024020
-0.0027697 -0.0023616
-0.0025224 -0.0024337
-0.0023504 -0.0024516
-0.0020936 -0.0020965
-0.0016122 -0.0021987
-0.0012975 -0.0022657
-0.0008471 -0.0022017
-0.0002431 -0.0022195
-0.0001078 -0.0021535
 0.0000573 -0.0020295
 0.0003159 -0.0018967
 0.0005095 -0.0017425
 0.0004559 -0.0017164
 0.0007456 -0.0015725
 0.0007595 -0.0016801
 0.0011342 -0.0015945
 0.0014122 -0.0015438
 0.0014324 -0.0016413
 0.0018943 -0.0013607
 0.0020646 -0.0015890
 0.0022086 -0.0015670
 0.0022479 -0.0014703
 0.0021807 -0.0015642
 0.0021409 -0.0015236
 0.0017662 -0.0013803
 0.0015753 -0.0016586
 0.0012161 -0.0014840
 0.0012813 -0.0015058
 0.0011858 -0.0010825
 0.0010108 -0.0008530
 0.0010082  0.0001187
 0.0006145  0.0005331
 0.0002879  0.0008402
-0.0000600  0.0011016
-0.0004825  0.0013715
-0.0005965  0.0012474
-0.0009704  0.0007601
-0.0006918  0.0003585
-0.0002590 -0.0001459
 0.0002291 -0.0005753
 0.0006601 -0.0008993
 0.0009795 -0.0009843
 0.0012548 -0.0010309
 0.0011862 -0.0008985
 0.0012147 -0.0009271
 0.0013297 -0.0009395
 0.0012609 -0.0008745
 0.0014896 -0.0005963
 0.0016775 -0.0005676
 0.0016773 -0.0004798
 0.0020304 -0.0004360
 0.0017740 -0.0005500
 0.0016410 -0.0003362
 0.0014401 -0.0002965
 0.0011842 -0.0000449
 0.0009294  0.0001174
 0.0006624  0.0003560
 0.0004918  0.0007091
 0.0003230  0.0008891
 0.0000636  0.0008899
 0.0002102  0.0009873
 0.0000392  0.0008239
-0.0001788  0.0005847
-0.0002375  0.0002478
-0.0004206 -0.0000126
-0.0005466 -0.0000720
-0.0006155 -0.0001782
-0.0008753 -0.0002644
-0.0008581 -0.0002537
-0.0008973 -0.0005224
-0.0008384 -0.0002640
-0.0008753 -0.0003790
-0.0009891 -0.0000367
-0.0013327  0.0002017
-0.0013133  0.0005076
-0.0017726  0.0009749
-0.0022036  0.0010498
-0.0021061  0.0009244
-0.0024493  0.0009922
-0.0023798  0.0006190
-0.0021002  0.0004268
-0.0018365 -0.0000147
-0.0017215 -0.0004972
-0.0015408 -0.0006155
-0.0013516 -0.0010298
-0.0014126 -0.0010314
-0.0015776 -0.0014234
-0.0016355 -0.0018623
-0.0016811 -0.0021643
-0.0016966 -0.0025708
-0.0020695 -0.0028522
-0.0018555 -0.0029255
-0.0018621 -0.0030674
-0.0018993 -0.0030472
-0.0020360 -0.0025762
-0.0021339 -0.0025176
-0.0020192 -0.0021910
-0.0019449 -0.0017384
-0.0020427 -0.0019401
-0.0017627 -0.0021319
-0.0013787 -0.0022092
-0.0012701 -0.0027573
-0.0006640 -0.0030672
-0.0003854 -0.0033092
 0.0002274 -0.0035311
 0.0008756 -0.0034336
 0.0015145 -0.0033480
 0.0018250 -0.0030678
 0.0023686 -0.0026632
 0.0027423 -0.0024678
 0.0028192 -0.0023903
 0.0028903 -0.0024508
 0.0029323 -0.0025992
 0.0030016 -0.0024971
 0.0032398 -0.0025426
 0.0034206 -0.0026258
 0.0038663 -0.0024148
 0.0041500 -0.0023855
 0.0043286 -0.0025149
 0.0045078 -0.0023296
 0.0045060 -0.0023845
 0.0046029 -0.0023031
 0.0044767 -0.0019662
 0.0044398 -0.0018434
 0.0043621 -0.0015236
 0.0039210 -0.0010180
 0.0037793 -0.0007789
 0.0036073 -0.0002622
 0.0034627  0.0002536
 0.0034555  0.0005998
 0.0034062  0.0011354
 0.0029835  0.0016655
 0.0026464  0.0019925
 0.0023954  0.0023478
 0.0018851  0.0023175
 0.0012225  0.0021948
 0.0011446  0.0016300
 0.0005713  0.0011204
 0.0005220  0.0007068
 0.0007635  0.0003440
 0.0006516  0.0001292
 0.0009880  0.0002738
 0.0011713  0.0004948
 0.0008234  0.0006854
 0.0007088  0.0007730
 0.0005729  0.0006198
 0.0003866  0.0007825
 0.0002468  0.0007357
 0.0000896  0.0004393
-0.0000275  0.0002296
-0.0000485  0.0000509
 0.0001816  0.0000029
 0.0003191  0.0000843
 0.0003219  0.0001333
 0.0002967  0.0004911
 0.0001142  0.0008447
-0.0002374  0.0009774
-0.0006105  0.0010432
-0.0006553  0.0010409
-0.0008535  0.0010496
-0.0010368  0.0011901
-0.0012466  0.0014027
-0.0014872  0.0015569
-0.0017196  0.0016932
-0.0019885  0.0015036
-0.0023415  0.0012860
-0.0024574  0.0013179
-0.0022525  0.0012241
-0.0019692  0.0009172
-0.0016983  0.0006740
-0.0012360  0.0009685
-0.0010251  0.0007999
-0.0007287  0.0006218
-0.0004871  0.0007809
-0.0002826  0.0006561
-0.0001867  0.0008103
-0.0001950  0.0007318
-0.0000414  0.0009353
-0.0000304  0.0009428
-0.0001065  0.0009238
-0.0001423  0.0005852
-0.0002743  0.0004324
-0.0003019 -0.0000103
-0.0001170 -0.0002114
-0.0000294 -0.0003832
 0.0000582 -0.0007540
 0.0002989 -0.0008006
 0.0002254 -0.0010759
 0.0002731 -0.0012885
 0.0004816 -0.0013206
 0.0007091 -0.0012635
 0.0008481 -0.0013233
 0.0007952 -0.0010667
 0.0007542 -0.0007994
 0.0011444 -0.0007132
 0.0009516 -0.0006953
 0.0010100 -0.0005380
 0.0013578 -0.0007572
 0.0013788 -0.0007843
 0.0016205 -0.0006857
 0.0019772 -0.0008355
 0.0021333 -0.0008553
 0.0021375 -0.0010652
 0.0021945 -0.0011214
 0.0021848 -0.0013180
 0.0023414 -0.0013553
 0.0027238 -0.0017054
 0.0027040 -0.0013536
 0.0028281 -0.0013241
 0.0030643 -0.0009498
 0.0031250 -0.0004807
 0.0031220 -0.0005158
 0.0031565 -0.0005168
 0.0032786 -0.0000373
 0.0035174 -0.0000382
 0.0036391  0.0004193
 0.0035431  0.0005995
 0.0035427  0.0007419
 0.0034831  0.0007842
 0.0034855  0.0008494
 0.0033004  0.0006378
 0.0028211  0.0008482
 0.0026996  0.0005706
 0.0021839  0.0003304
 0.0015435  0.0001221
 0.0012319 -0.0003093
 0.0009476 -0.0006715
 0.0000968 -0.0010833
-0.0003116 -0.0012062
-0.0006393 -0.0012916
-0.0010814 -0.0014725
-0.0012752 -0.0015500
-0.0013915 -0.0014943
-0.0013459 -0.0012838
-0.0012217 -0.0011118
-0.0010839 -0.0005778
-0.0009599 -0.0002740
-0.0010570  0.0001277
-0.0013603  0.0003952
-0.0014877  0.0006160
-0.0015551  0.0007422
-0.0017150  0.0008960
-0.0017429  0.0006643
-0.0014935  0.0002912
-0.0012640 -0.0000865
-0.0007753 -0.0007246
-0.0001854 -0.0012047
 0.0004010 -0.0014460
 0.0009140 -0.0016632
 0.0013415 -0.0017469
 0.0013891 -0.0013226
 0.0014192 -0.0012594
 0.0012842 -0.0009371
 0.0008750 -0.0007044
 0.0007125 -0.0006040
 0.0005508 -0.0008093
 0.0004513 -0.0007663
 0.0005508 -0.0008857
 0.0005718 -0.0010660
 0.0006052 -0.0010176
 0.0004443 -0.0009398
 0.0002087 -0.0008639
 0.0002124 -0.0009305
-0.0001490 -0.0007043
-0.0002905 -0.0006175
-0.0005242 -0.0006744
-0.0005692 -0.0008201
-0.0006509 -0.0009059
-0.0007311 -0.0012978
-0.0009876 -0.0012299
-0.0009075 -0.0013466
-0.0009793 -0.0012505
-0.0011394 -0.0012362
-0.0009383 -0.0008079
-0.0005844 -0.0005311
-0.0005035 -0.0003052
 0.0001820 -0.0000983
 0.0003296  0.0002259
 0.0006303  0.0007540
 0.0005786  0.0012855
 0.0003348  0.0015819
 0.0001537  0.0015670
-0.0000765  0.0013964
-0.0002210  0.0011838
-0.0001350  0.0010112
 0.0000263  0.0005511
 0.0000358  0.0002515
 0.0001868  0.0000711
-0.0000163 -0.0001689
-0.0002219 -0.0002263
-0.0003268 -0.0003171
-0.0004902 -0.0002935
-0.0002806 -0.0001299
-0.0002045 -0.0001663
-0.0001084 -0.0000574
 0.0000264  0.0002207
-0.0001349  0.0003328
-0.0002671  0.0006604
-0.0002636  0.0008403
-0.0005977  0.0008883
-0.0007842  0.0009929
-0.0008004  0.0011094
-0.0006257  0.0015509
-0.0006822  0.0016207
-0.0005084  0.0019884
-0.0002185  0.0022389
-0.0005902  0.0021803
-0.0005376  0.0019117
-0.0005507  0.0017283
-0.0009153  0.0011685
-0.0011890  0.0006196
-0.0010665  0.0000233
-0.0014125 -0.0005870
-0.0012046 -0.0010009
-0.0012174 -0.0012451
-0.0015087 -0.0011418
-0.0013191 -0.0012125
-0.0014946 -0.0013279
-0.0015089 -0.0009842
-0.0015019 -0.0014281
-0.0015047 -0.0014394
-0.0011702 -0.0015266
-0.0008052 -0.0017320
-0.0004217 -0.0017614
 0.0002147 -0.0019827
 0.0005132 -0.0019756
 0.0011477 -0.0018709
 0.0015226 -0.0017086
 0.0017709 -0.0013531
 0.0016365 -0.0011885
 0.0014334 -0.0007811
 0.0010207 -0.0004745
 0.0008590 -0.0004890
 0.0007430 -0.0008895
 0.0006669 -0.0007322
 0.0007260 -0.0007217
 0.0007365 -0.0007968
 0.0003917 -0.0006757
 0.0003071 -0.0005738
 0.0002197 -0.0006618
-0.0000029 -0.0007430
 0.0001892 -0.0009564
 0.0001507 -0.0006005
 0.0001981 -0.0005138
 0.0005276 -0.0001802
 0.0006723  0.0000514
 0.0007127  0.0004039
 0.0007596  0.0004394
 0.0011992  0.0005456
 0.0010030  0.0001963
 0.0014691  0.0000829
 0.0018177  0.0000092
 0.0021312 -0.0001426
 0.0023914  0.0000827
 0.0025549  0.0000738
 0.0023884  0.0007055
 0.0026201  0.0010947
 0.0021128  0.0010858
 0.0019507  0.0013543
 0.0020985  0.0012145
 0.0018323  0.0013120
 0.0016974  0.0012084
 0.0016867  0.0010657
 0.0016702  0.0009026
 0.0014372  0.0010974
 0.0012190  0.0010603
 0.0010102  0.0012422
 0.0004955  0.0012694
 0.0001473  0.0011836
-0.0004489  0.0009630
-0.0009648  0.0007681
-0.0014255  0.0004936
-0.0015858  0.0004934
-0.0019413  0.0007046
-0.0019811  0.0007456
-0.0018087  0.0011225
-0.0016010  0.0015345
-0.0015612  0.0017997
-0.0012760  0.0019631
-0.0008823  0.0022953
-0.0010166  0.0018803
-0.0008260  0.0019517
-0.0008232  0.0018643
-0.0006805  0.0016210
-0.0003706  0.0015354
-0.0004263  0.0015843
-0.0003528  0.0016525
-0.0005427  0.0019012
-0.0006739  0.0017748
-0.0010664  0.0016394
-0.0013736  0.0016478
-0.0017860  0.0014189
-0.0021615  0.0013616
-0.0025881  0.0009009
-0.0029517  0.0006138
-0.0030050  0.0002043
-0.0029120  0.0000593
-0.0030672 -0.0000564
-0.0031169 -0.0001028
-0.0029841 -0.0001884
-0.0030880 -0.0003398
-0.0028544 -0.0008170
-0.0026431 -0.0009771
-0.0026313 -0.0010340
-0.0026961 -0.0014514
-0.0026592 -0.0012972
-0.0025815 -0.0011403
-0.0026134 -0.0013777
-0.0025203 -0.0010697
-0.0021955 -0.0011134
-0.0019291 -0.0014078
-0.0014662 -0.0014520
-0.0010751 -0.0016405
-0.0008551 -0.0016766
-0.0004895 -0.0020008
-0.0001415 -0.0021241
 0.0002611 -0.0021035
 0.0006768 -0.0023676
 0.0009642 -0.0020741
 0.0011451 -0.0013799
 0.0012210 -0.0012776
 0.0012103 -0.0009292
 0.0011002 -0.0008747
 0.0010807 -0.0010101
 0.0010570 -0.0010598
 0.0009292 -0.0010015
 0.0013150 -0.0009229
 0.0014125 -0.0006821
 0.0014539 -0.0003165
 0.0013906 -0.0001509
 0.0014122  0.0002060
 0.0014305  0.0004533
 0.0012983  0.0003469
 0.0017957  0.0003755
 0.0020793  0.0006400
 0.0020070  0.0008673
 0.0025079  0.0010784
 0.0027036  0.0015754
 0.0029332  0.0017099
 0.0029530  0.0018914
 0.0030010  0.0023026
 0.0028890  0.0020710
 0.0027850  0.0021590
 0.0029774  0.0022729
 0.0030669  0.0023034
 0.0030116  0.0024067
 0.0030891  0.0023581
 0.0030273  0.0025045
 0.0026726  0.0023581
 0.0025685  0.0023472
 0.0023095  0.0021275
 0.0025770  0.0023092
 0.0028355  0.0021061
 0.0027292  0.0020748
 0.0029886  0.0021499
 0.0027118  0.0020023
 0.0027225  0.0016117
 0.0023872  0.0015079
 0.0020442  0.0012077
 0.0018260  0.0009943
 0.0012799  0.0009656
 0.0009846  0.0006285
 0.0009075  0.0004094
 0.0009636  0.0001902
 0.0008742 -0.0001255
 0.0009169 -0.0002886
 0.0009032 -0.0001988
 0.0006587 -0.0001897
 0.0005866 -0.0001110
 0.0003139 -0.0003875
-0.0000602 -0.0002968
-0.0002175 -0.0006689
-0.0003895 -0.0010419
-0.0005532 -0.0010950
-0.0007256 -0.0012563
-0.0007438 -0.0014364
-0.0009051 -0.0016269
-0.0007848 -0.0019431
-0.0007932 -0.0021080
-0.0006526 -0.0022037
-0.0005117 -0.0021847
-0.0004184 -0.0020717
-0.0001790 -0.0018143
-0.0002068 -0.0014600
-0.0003393 -0.0012141
-0.0003168 -0.0009564
-0.0002589 -0.0007404
-0.0000614 -0.0004533
 0.0000631 -0.0001838
 0.0000211 -0.0000116
-0.0000150  0.0003344
 0.0002817  0.0005666
-0.0000086  0.0009526
-0.0001749  0.0008137
-0.0001002  0.0007158
-0.0005361  0.0006823
-0.0006706  0.0005265
-0.0005757  0.0004882
-0.0009231  0.0005595
-0.0010463  0.0000635
-0.0007953  0.0001043
-0.0003060  0.0000680
-0.0000145  0.0000220
 0.0005282 -0.0000329
 0.0007775  0.0001980
 0.0012113  0.0000394
 0.0012230 -0.0001025
 0.0010521 -0.0002362
 0.0011407 -0.0004760
 0.0012093 -0.0009458
 0.0013230 -0.0010907
 0.0015652 -0.0012621
 0.0017875 -0.0010909
 0.0017891 -0.0006357
 0.0019472 -0.0004829
 0.0023074 -0.0000447
 0.0020720  0.0002957
 0.0026106  0.0005916
 0.0027084  0.0008218
 0.0026541  0.0008577
 0.0029444  0.0007032
 0.0030796  0.0006174
 0.0033298  0.0005179
 0.0032236  0.0001680
 0.0034034  0.0002815
 0.0036523  0.0003846
 0.0036091  0.0002389
 0.0040409  0.0003358
 0.0036255  0.0005443
 0.0036842  0.0004001
 0.0035384  0.0004769
 0.0032849  0.0002923
 0.0029228 -0.0001397
 0.0029135 -0.0004332
 0.0028604 -0.0007108
 0.0031394 -0.0008477
 0.0030924 -0.0010788
 0.0030453 -0.0010217
 0.0031566 -0.0012785
 0.0030013 -0.0015096
 0.0029345 -0.0015510
 0.0028644 -0.0016756
 0.0027110 -0.0018421
 0.0023880 -0.0018573
 0.0022738 -0.0017449
 0.0018450 -0.0017980
 0.0015119 -0.0018208
 0.0014162 -0.0017183
 0.0013977 -0.0014747
 0.0012531 -0.0013606
 0.0012517 -0.0009224
 0.0012103 -0.0010279
 0.0011881 -0.0008743
 0.0008994 -0.0008951
 0.0009250 -0.0011440
 0.0009405 -0.0012298
 0.0009143 -0.0015558
 0.0010836 -0.0017743
 0.0012935 -0.0020316
 0.0014417 -0.0019834
 0.0016481 -0.0020486
 0.0017993 -0.0019147
 0.0017311 -0.0014718
 0.0016742 -0.0011367
 0.0016383 -0.0011625
 0.0013811 -0.0005666
 0.0011730 -0.0005190
 0.0012507 -0.0001223
 0.0012422  0.0002044
 0.0013004  0.0004176
 0.0012711  0.0008502
 0.0011925  0.0010696
 0.0008764  0.0012154
 0.0008841  0.0013098
 0.0005952  0.0011841
 0.0003558  0.0008962
 0.0004611  0.0007533
 0.0006354  0.0004169
 0.0006261  0.0005300
 0.0007222  0.0006941
 0.0006473  0.0008960
 0.0009667  0.0009909
 0.0011409  0.0010100
 0.0012481  0.0007416
 0.0016882  0.0004117
 0.0020604  0.0003152
 0.0023951  0.0002675
 0.0026337 -0.0001235
 0.0026515 -0.0001683
 0.0024918 -0.0003516
 0.0028380 -0.0003673
 0.0028946 -0.0001424
 0.0028681 -0.0003410
 0.0028901 -0.0002443
 0.0032444 -0.0000515
 0.0029866  0.0001184
 0.0032156  0.0003966
 0.0032642  0.0007517
 0.0028526  0.0010281
 0.0026590  0.0014526
 0.0021236  0.0017702
 0.0018063  0.0019135
 0.0015297  0.0019341
 0.0013848  0.0019131
 0.0014837  0.0019111
 0.0016121  0.0017593
 0.0016152  0.0015957
 0.0019150  0.0013749
 0.0022123  0.0010915
 0.0021269  0.0009689
 0.0024628  0.0010231
 0.0025091  0.0009797
 0.0024794  0.0010023
 0.0022392  0.0011237
 0.0018944  0.0012589
 0.0015504  0.0010111
 0.0011592  0.0009642
 0.0009684  0.0007525
 0.0008289  0.0008397
 0.0007276  0.0009069
 0.0004381  0.0008538
 0.0000089  0.0008241
-0.0002135  0.0010967
-0.0003506  0.0011573
-0.0008979  0.0007192
-0.0010913  0.0008840
-0.0013412  0.0005949
-0.0019523  0.0002892
-0.0021713  0.0000878
-0.0025991 -0.0005570
-0.0030955 -0.0010385
-0.0032085 -0.0014324
-0.0033353 -0.0017013
-0.0037564 -0.0018182
-0.0038026 -0.0018363
-0.0035547 -0.0018551
-0.0038317 -0.0017011
-0.0035909 -0.0013876
-0.0033869 -0.0014150
-0.0034378 -0.0010438
-0.0035432 -0.0010571
-0.0035890 -0.0009429
-0.0036569 -0.0008331
-0.0036633 -0.0009801
-0.0035371 -0.0011260
-0.0034006 -0.0014287
-0.0030986 -0.0018355
-0.0030178 -0.0022501
-0.0026312 -0.0026280
-0.0021788 -0.0030223
-0.0014367 -0.0034046
-0.0008228 -0.0037434
 0.0000398 -0.0037704
 0.0007364 -0.0038001
 0.0013275 -0.0037410
 0.0018301 -0.0033830
 0.0017875 -0.0031872
 0.0017447 -0.0029157
 0.0015214 -0.0029215
 0.0011673 -0.0028129
 0.0009166 -0.0031869
 0.0009844 -0.0031552
 0.0007087 -0.0032921
 0.0008627 -0.0030600
 0.0007598 -0.0032142
 0.0008115 -0.0029237
 0.0010321 -0.0027303
 0.0007953 -0.0026633
 0.0006542 -0.0026519
 0.0006084 -0.0024486
 0.0004669 -0.0026134
 0.0004873 -0.0026705
 0.0006906 -0.0027575
 0.0009005 -0.0028169
 0.0011127 -0.0025201
 0.0015827 -0.0023960
 0.0017722 -0.0022833
 0.0020944 -0.0018511
 0.0024751 -0.0014805
 0.0026546 -0.0010547
 0.0029955 -0.0007386
 0.0029818 -0.0003934
 0.0035722  0.0000305
 0.0033471  0.0006537
 0.0036719  0.0011629
 0.0035730  0.0011830
 0.0034759  0.0014435
 0.0033899  0.0013348
 0.0033986  0.0015939
 0.0034099  0.0014406
 0.0034208  0.0013421
 0.0033437  0.0013805
 0.0034499  0.0014759
 0.0031626  0.0013964
 0.0030281  0.0018165
 0.0029393  0.0021195
 0.0027459  0.0022519
 0.0027319  0.0024328
 0.0026249  0.0025722
 0.0026178  0.0024463
 0.0022676  0.0025516
 0.0020301  0.0024477
 0.0015268  0.0024454
 0.0010988  0.0025627
 0.0007916  0.0024852
 0.0002940  0.0022963
 0.0001220  0.0020502
 0.0001993  0.0016671
 0.0000138  0.0015645
 0.0000183  0.0011081
-0.0000354  0.0007637
-0.0004531  0.0006793
-0.0006939  0.0002784
-0.0006846  0.0002877
-0.0014078  0.0001369
-0.0015656  0.0002801
-0.0017627  0.0004888
-0.0019311  0.0005065
-0.0020294  0.0006115
-0.0020785  0.0007797
-0.0021243  0.0008838
-0.0024132  0.0006914
-0.0022757  0.0004586
-0.0018340  0.0001268
-0.0017100 -0.0001122
-0.0012069 -0.0003133
-0.0009847 -0.0004631
-0.0007103 -0.0003989
-0.0007367 -0.0004141
-0.0010468 -0.0005053
-0.0011608 -0.0008566
-0.0017707 -0.0010722
-0.0020004 -0.0015705
-0.0022511 -0.0017348
-0.0029335 -0.0021347
-0.0031095 -0.0025352
-0.0034360 -0.0026315
-0.0036219 -0.0028580
-0.0034927 -0.0027522
-0.0032087 -0.0025868
-0.0029622 -0.0023415
-0.0025387 -0.0020789
-0.0025855 -0.0017242
-0.0023431 -0.0014547
-0.0023961 -0.0012431
-0.0023836 -0.0013047
-0.0026472 -0.0012486
-0.0028372 -0.0013360
-0.0031117 -0.0017339
-0.0034563 -0.0018694
-0.0034297 -0.0018791
-0.0034507 -0.0020981
-0.0032700 -0.0023995
-0.0030292 -0.0026748
-0.0025951 -0.0027973
-0.0018724 -0.0031020
-0.0013875 -0.0029391
-0.0005703 -0.0028161
-0.0001721 -0.0025773
-0.0000094 -0.0020182
 0.0000590 -0.0017513
-0.0001152 -0.0014242
-0.0004534 -0.0010883
-0.0006415 -0.0010970
-0.0009564 -0.0008525
-0.0008363 -0.0004007
-0.0008044 -0.0000920
-0.0007347  0.0002837
-0.0009622  0.0010891
-0.0008154  0.0017525
-0.0009878  0.0020317
-0.0012598  0.0025715
-0.0015567  0.0025628
-0.0020077  0.0025744
-0.0022613  0.0025140
-0.0026150  0.0022406
-0.0024420  0.0019301
-0.0023747  0.0019333
-0.0020869  0.0018243
-0.0017818  0.0017037
-0.0014578  0.0018836
-0.0013064  0.0017116
-0.0010991  0.0020946
-0.0009956  0.0022292
-0.0011409  0.0024808
-0.0012294  0.0029245
-0.0014450  0.0033000
-0.0018158  0.0034647
-0.0019816  0.0034106
-0.0023462  0.0034238
-0.0026431  0.0027346
-0.0025553  0.0023141
-0.0024021  0.0019305
-0.0021025  0.0011612
-0.0019012  0.0007572
-0.0015754  0.0002760
-0.0016253  0.0001296
-0.0013965 -0.0000234
-0.0013978 -0.0003208
-0.0014458 -0.0003022
-0.0013556 -0.0002447
-0.0011146 -0.0001484
-0.0010221  0.0000638
-0.0008624  0.0002729
-0.0004906  0.0004851
-0.0002805  0.0007810
-0.0004527  0.0005585
-0.0005465  0.0007475
-0.0008657  0.0004378
-0.0008154  0.0003407
-0.0010254  0.0000829
-0.0010934  0.0002928
-0.0008356  0.0002834
-0.0008546  0.0001891
-0.0011439  0.0006514
-0.0010797  0.0006910
-0.0014170  0.0005610
-0.0015244  0.0001615
-0.0018133 -0.0002766
-0.0016613 -0.0007730
-0.0015999 -0.0013461
-0.0012244 -0.0017290
-0.0010300 -0.0021885
-0.0006749 -0.0020565
-0.0002530 -0.0019802
-0.0000919 -0.0019818
-0.0000562 -0.0018290
 0.0003354 -0.0023010
 0.0006485 -0.0021284
 0.0007785 -0.0022234
 0.0006549 -0.0019834
 0.0007690 -0.0017607
 0.0004434 -0.0012849
 0.0001674 -0.0011596
-0.0002333 -0.0010170
-0.0002989 -0.0008497
-0.0004880 -0.0009763
-0.0004602 -0.0010756
-0.0002001 -0.0011076
-0.0002260 -0.0014045
-0.0000847 -0.0013633
-0.0000144 -0.0012355
-0.0002407 -0.0008598
-0.0004880 -0.0007147
-0.0007916 -0.0002084
-0.0007393 -0.0002556
-0.0010162  0.0000777
-0.0012458  0.0001994
-0.0015348  0.0002169
-0.0013913  0.0005624
-0.0018031  0.0003902
-0.0018292  0.0003817
-0.0019038  0.0003714
-0.0018984  0.0000268
-0.0016894 -0.0003289
-0.0014401 -0.0006354
-0.0011556 -0.0007722
-0.0008542 -0.0010508
-0.0004593 -0.0010111
-0.0001902 -0.0006251
 0.0002067 -0.0006993
 0.0000753 -0.0002340
 0.0001487  0.0002374
-0.0001185  0.0003149
-0.0000350  0.0003523
 0.0001649  0.0003979
 0.0003239  0.0003212
 0.0006740  0.0003496
 0.0010503  0.0004453
 0.0011796  0.0006468
 0.0011096  0.0008371
 0.0010702  0.0012601
 0.0010294  0.0015764
 0.0007109  0.0018622
 0.0005080  0.0017876
-0.0000313  0.0020389
 0.0000733  0.0020712
-0.0000508  0.0016550
-0.0000516  0.0018230
 0.0001240  0.0015701
-0.0000831  0.0014994
 0.0001600  0.0012816
 0.0000108  0.0011066
-0.0004567  0.0009144
-0.0006679  0.0008698
-0.0006604  0.0008158
-0.0007699  0.0009145
-0.0007719  0.0012369
-0.0008329  0.0014722
-0.0005293  0.0016354
-0.0004249  0.0019402
 0.0000129  0.0020684
-0.0001328  0.0018659
 0.0000373  0.0015897
 0.0001778  0.0012738
 0.0004072  0.0009740
 0.0002735  0.0009552
 0.0001877  0.0009895
 0.0002650  0.0010721
 0.0000062  0.0014447
-0.0002822  0.0016341
-0.0002725  0.0017479
-0.0004351  0.0020067
-0.0003289  0.0019571
-0.0003022  0.0022326
-0.0001514  0.0022726
-0.0000386  0.0024074
-0.0000992  0.0025423
-0.0002353  0.0023871
-0.0006174  0.0024943
-0.0005514  0.0026582
-0.0007131  0.0023965
-0.0007831  0.0023864
-0.0008197  0.0025770
-0.0011076  0.0022764
-0.0011853  0.0023349
-0.0013339  0.0024379
-0.0016102  0.0020232
-0.0016958  0.0017083
-0.0013145  0.0015924
-0.0012299  0.0014285
-0.0010278  0.0012095
-0.0005702  0.0015083
-0.0004656  0.0013912
-0.0002741  0.0014419
 0.0001285  0.0018079
 0.0001234  0.0018462
 0.0003857  0.0017810
 0.0005799  0.0020388
 0.0008226  0.0019819
 0.0007362  0.0021448
 0.0005543  0.0023479
 0.0003159  0.0022799
-0.0000223  0.0023107
-0.0000978  0.0025504
-0.0000759  0.0024664
 0.0001756  0.0026969
 0.0002554  0.0027042
 0.0004227  0.0027123
 0.0006147  0.0028168
 0.0007784  0.0029392
 0.0007300  0.0030064
 0.0006222  0.0031580
 0.0005041  0.0032137
 0.0000308  0.0032640
-0.0004611  0.0031396
-0.0006091  0.0028647
-0.0007934  0.0025813
-0.0008528  0.0023750
-0.0007295  0.0022716
-0.0009624  0.0024788
-0.0009170  0.0024705
-0.0009851  0.0025795
-0.0011979  0.0024080
-0.0016995  0.0022761
-0.0019682  0.0017862
-0.0021893  0.0010235
-0.0020371  0.0005730
-0.0018513 -0.0004396
-0.0015338 -0.0005920
-0.0011203 -0.0010418
-0.0010983 -0.0014278
-0.0012126 -0.0012938
-0.0012796 -0.0012346
-0.0014059 -0.0011615
-0.0016455 -0.0010951
-0.0016536 -0.0007517
-0.0019023 -0.0007681
-0.0019980 -0.0002255
-0.0017000  0.0001866
-0.0014184  0.0003299
-0.0014824  0.0007675
-0.0016412  0.0010126
-0.0017791  0.0008834
-0.0018150  0.0008964
-0.0018707  0.0008092
-0.0018528  0.0005282
-0.0016551  0.0003776
-0.0014737  0.0004079
-0.0014066  0.0003143
-0.0008791  0.0006048
-0.0010721  0.0008050
-0.0009973  0.0007368
-0.0007918  0.0007937
-0.0006999  0.0007378
-0.0006186  0.0005198
-0.0002781  0.0003769
-0.0000401  0.0002283
-0.0000193  0.0002374
 0.0003455  0.0002287
 0.0005298 -0.0000592
 0.0007432  0.0001191
 0.0009568 -0.0001165
 0.0011139 -0.0003844
 0.0014991 -0.0003757
 0.0018746 -0.0003582
 0.0022032 -0.0000986
 0.0024639  0.0002371
 0.0024150  0.0005902
 0.0024824  0.0007556
 0.0021560  0.0012950
 0.0020686  0.0014248
 0.0018308  0.0016862
 0.0015312  0.0020789
 0.0010530  0.0022439
 0.0007021  0.0022176
 0.0003081  0.0021290
-0.0000345  0.0018698
-0.0001851  0.0013179
-0.0000595  0.0010911
 0.0002483  0.0008268
 0.0009489  0.0005945
 0.0016940  0.0003421
 0.0024029  0.0004854
 0.0029112  0.0002668
 0.0031808  0.0002289
 0.0032516  0.0000754
 0.0032712 -0.0000671
 0.0034081 -0.0002415
 0.0032022 -0.0003485
 0.0031184 -0.0003982
 0.0028215 -0.0005276
 0.0026887 -0.0004436
 0.0022695 -0.0004103
 0.0019471 -0.0000775
 0.0016267  0.0000479
 0.0013140 -0.0000758
 0.0010530  0.0001107
 0.0009282 -0.0000389
 0.0008808 -0.0001640
 0.0010265 -0.0000352
 0.0007425  0.0001382
 0.0004670  0.0006076
 0.0000943  0.0009047
-0.0007386  0.0011449
-0.0012195  0.0014673
-0.0017371  0.0017183
-0.0023982  0.0017257
-0.0026279  0.0015436
-0.0029435  0.0013825
-0.0030472  0.0007991
-0.0030674  0.0008548
-0.0031266  0.0003189
-0.0031191  0.0003084
-0.0030184  0.0003374
-0.0029159  0.0001743
-0.0029934  0.0002698
-0.0028806  0.0006271
-0.0031965  0.0006667
-0.0031006  0.0009736
-0.0030954  0.0011397
-0.0032335  0.0012948
-0.0035087  0.0011288
-0.0034725  0.0009881
-0.0032584  0.0005394
-0.0031750  0.0000888
-0.0024487 -0.0003085
-0.0020175 -0.0004891
-0.0016840 -0.0005418
-0.0012247 -0.0004705
-0.0009365 -0.0001978
-0.0010521  0.0000738
-0.0012542 -0.0001166
-0.0015978 -0.0001709
-0.0018552 -0.0003516
-0.0021600 -0.0006180
-0.0024555 -0.0007416
-0.0027214 -0.0008663
-0.0026814 -0.0010720
-0.0027179 -0.0011483
-0.0025064 -0.0012434
-0.0022653 -0.0013970
-0.0018670 -0.0014166
-0.0014154 -0.0015422
-0.0006273 -0.0016296
-0.0001997 -0.0016086
 0.0000823 -0.0014372
 0.0001439 -0.0018321
 0.0002330 -0.0020166
 0.0001841 -0.0019912
 0.0001964 -0.0025419
 0.0001361 -0.0026330
 0.0002980 -0.0025104
 0.0003656 -0.0026358
 0.0001260 -0.0024533
 0.0000585 -0.0020217
 0.0000808 -0.0020574
 0.0001365 -0.0020485
 0.0002509 -0.0019510
 0.0005095 -0.0024131
 0.0005364 -0.0023641
 0.0007744 -0.0022462
 0.0010818 -0.0022468
 0.0008238 -0.0021620
 0.0009468 -0.0020078
 0.0009577 -0.0021249
 0.0010814 -0.0019836
 0.0014706 -0.0017409
 0.0013757 -0.0019058
 0.0017874 -0.0016442
 0.0018284 -0.0015568
 0.0017182 -0.0012311
 0.0016237 -0.0009824
 0.0016875 -0.0005861
 0.0014709 -0.0004142
 0.0013680  0.0000090
 0.0014108  0.0001545
 0.0014803  0.0001354
 0.0016632  0.0004612
 0.0017209  0.0005391
 0.0018844  0.0007694
 0.0019890  0.0010394
 0.0020733  0.0007313
 0.0018686  0.0011698
 0.0017796  0.0009665
 0.0016639  0.0007167
 0.0016411  0.0006551
 0.0014285  0.0005568
 0.0012141  0.0003228
 0.0008350  0.0002728
 0.0005667  0.0001474
 0.0004675 -0.0001326
 0.0001492 -0.0000180
-0.0001098  0.0000400
-0.0004868  0.0002404
-0.0009081  0.0003083
-0.0015700  0.0004213
-0.0020767  0.0005434
-0.0025097  0.0005614
-0.0028349  0.0003272
-0.0028753  0.0000845
-0.0029264 -0.0002427
-0.0027470 -0.0007813
-0.0019813 -0.0013659
-0.0014746 -0.0014394
-0.0012150 -0.0015547
-0.0010434 -0.0016768
-0.0011304 -0.0014267
-0.0015323 -0.0015111
-0.0016979 -0.0017040
-0.0021886 -0.0016447
-0.0024389 -0.0018171
-0.0025322 -0.0020559
-0.0026105 -0.0019871
-0.0025483 -0.0021292
-0.0026733 -0.0023014
-0.0023846 -0.0021946
-0.0020923 -0.0023857
-0.0016017 -0.0020250
-0.0011402 -0.0017307
-0.0007371 -0.0015094
-0.0004480 -0.0006800
-0.0001960 -0.0004312
 0.0000563  0.0002107
 0.0001254  0.0005030
-0.0000448  0.0009154
-0.0002711  0.0009495
-0.0003577  0.0007832
-0.0005598  0.0007224
-0.0004059  0.0004793
-0.0003325  0.0004111
-0.0002027  0.0003321
-0.0000420  0.0003150
-0.0000162  0.0005344
 0.0001372  0.0004284
-0.0000089  0.0006002
-0.0000778  0.0011007
-0.0006007  0.0012699
-0.0008976  0.0013878
-0.0012735  0.0015782
-0.0016631  0.0016410
-0.0018819  0.0016085
-0.0019078  0.0016608
-0.0021908  0.0014812
-0.0022733  0.0012696
-0.0023272  0.0011892
-0.0020151  0.0011010
-0.0018828  0.0007897
-0.0016949  0.0006700
-0.0010995  0.0007366
-0.0010289  0.0010317
-0.0007287  0.0014728
-0.0006858  0.0017972
-0.0010002  0.0022857
-0.0013441  0.0025213
-0.0014505  0.0028259
-0.0018460  0.0027563
-0.0023969  0.0024258
-0.0024589  0.0023305
-0.0024840  0.0019564
-0.0023417  0.0014316
-0.0020579  0.0012519
-0.0020088  0.0010502
-0.0015974  0.0007551
-0.0013206  0.0009370
-0.0011032  0.0009850
-0.0008816  0.0009196
-0.0007958  0.0007511
-0.0007774  0.0008086
-0.0006510  0.0002630
-0.0006512 -0.0003764
-0.0007653 -0.0008423
-0.0008032 -0.0016181
-0.0005656 -0.0019901
-0.0005675 -0.0025456
-0.0000614 -0.0027445
-0.0001104 -0.0028375
 0.0000298 -0.0025965
-0.0000061 -0.0024263
-0.0000953 -0.0022028
-0.0000116 -0.0019611
-0.0000889 -0.0023592
 0.0002062 -0.0023967
 0.0005129 -0.0023994
 0.0010517 -0.0024668
 0.0015332 -0.0025181
